1182 568 11.9372 0.666061 -4.28293
1189 324 12.0019 0.127598 -4.19879
1048 373 11.8501 0.206439 -3.59235
925 307 11.7023 -0.186404 -2.08561
314 517 9.5642 0.682896 -3.69294
292 523 9.66066 0.665072 -3.9769
285 389 9.75893 0.282526 -4.18073
295 409 9.68993 0.331461 -4.02006
689 305 9.87541 -0.932651 3.23819
700 284 10.2275 -0.879193 1.50974
281 260 9.83474 -0.033679 -4.34589
1052 343 11.8615 0.11437 -3.57546
449 195 7.85535 -1.76899 1.44508
1117 498 11.9111 0.541721 -3.96734
778 20 11.0478 -1.1998 -2.98897
629 317 9.03839 -0.921117 4.26673
270 526 9.6997 0.656521 -4.13607
252 528 9.71108 0.651704 -4.23208
1191 381 11.9585 0.265515 -4.30198
336 298 9.66049 -0.0225671 -3.75496
306 383 9.7082 0.263575 -3.9993
759 260 10.587 -1.64326 4.62288
978 625 11.7009 1.01647 -3.24516
595 288 8.78589 -1.16754 3.49983
110 693 9.91889 0.851296 -4.94864
26 406 10.0093 0.348106 -5.24938
25 482 10.0533 0.45664 -5.28994
149 482 9.98497 0.476302 -4.95884
511 538 8.96121 1.24416 0.0799904
1073 318 11.8858 0.0600601 -3.70958
1049 659 11.8061 1.01399 -3.69969
592.8 363.6 9.18104 -0.183263 1.69276
1010.4 606 11.7565 0.913836 -3.4749
174 361.2 9.91047 0.254797 -4.81493
151.2 370.8 9.92262 0.275081 -4.8905
458.4 214.8 7.99968 -1.52369 1.32124
1047.6 373.2 11.8484 0.20705 -3.59209
1220.4 320.4 12.0359 0.128265 -4.26945
255.6 174 9.85043 -0.221453 -4.48379
1052.4 343.2 11.8589 0.11399 -3.60009
1036.8 685.2 11.746 1.05037 -3.8016
1106.4 561.6 11.8145 0.666734 -4.20932
274.8 524.4 9.69924 0.656524 -4.11403
1129.2 526.8 11.9186 0.60304 -4.03525
1114.8 519.6 11.9043 0.595361 -3.96069
1117.2 496.8 11.9134 0.540701 -3.94891
172.8 175.2 9.98772 -0.0874399 -4.94073
975.6 567.6 11.6745 0.81576 -3.33505
1002 522 11.7317 0.653527 -3.50443
1106.4 363.6 11.9223 0.198629 -3.87163
368.4 582 9.3836 1.02166 -2.94898
888 445.2 11.5073 0.451654 -2.25085
1190.4 381.6 11.9698 0.259854 -4.27491
81.6 176.4 10.0516 -0.00355792 -5.2153
70.8 169.2 10.0348 -0.014223 -5.21994
939.6 376.8 11.665 0.1733 -2.68503
1009.2 630 11.7538 0.984338 -3.46409
348 417.6 9.62357 0.358806 -3.59462
244.8 244.8 9.8925 -0.0313052 -4.57642
357.6 392.4 9.59769 0.268197 -3.49798
392.4 277.2 9.52823 -0.210679 -3.10225
1063.2 486 11.8505 0.525812 -3.7218
306 382.8 9.7082 0.263575 -3.9993
1057.2 568.8 11.848 0.766829 -3.62686
1066.8 530.4 11.8324 0.639389 -3.81588
1101.6 361.2 11.9202 0.189429 -3.85128
402 216 7.69378 -1.40757 0.771191
596.4 430.8 10.8848 0.375419 -5.29086
942 556.8 11.5943 0.810072 -3.17781
691.2 262.8 10.1326 -1.09394 1.63264
790.8 285.6 11.0273 -0.904534 1.84612
937.2 336 11.657 0.0151037 -2.76992
1020 340.8 11.8158 0.0925305 -3.40304
283.2 354 9.72583 0.186835 -4.14246
486 271.2 7.15304 -1.53232 4.30727
550.8 201.6 9.14454 -1.4101 0.392901
628.8 316.8 9.00032 -0.953616 4.41767
397.2 103.2 8.74131 -1.52179 -1.53672
428.4 154.8 9.1085 -1.09859 -1.84847
206.4 546 9.79146 0.660658 -4.53043
204 644.4 9.84067 0.858562 -4.58932
316.8 696 9.63154 1.22604 -3.75826
103.2 660 9.87727 0.803827 -4.91874
210 381.6 9.87287 0.288474 -4.65453
295.2 409.2 9.71129 0.33201 -4.05027
255.6 444 9.86783 0.421406 -4.47661
36 504 10.0804 0.485235 -5.29425
148.8 481.2 10.0059 0.473821 -4.9895
888 272.4 11.995 -1.2199 3.06095
716.4 288 10.3437 -0.901807 1.83051
812.4 134.4 11.1721 -0.816609 -2.74015
792 62.4 11.0969 -1.0317 -2.96235
730.8 186 10.8033 -0.760447 -2.21741
1143.6 331.2 11.9668 0.1206 -4.02019
1222.8 319.2 12.0353 0.124678 -4.27686
1089.6 193.2 12.18 -0.491726 -2.91644
751.2 645.6 10.8787 1.38945 -2.13223
868.8 505.2 11.4031 0.693856 -2.56512
1149.6 573.6 11.8968 0.687749 -4.21079
1099.2 524.4 11.8964 0.613618 -3.88679
1002.24 378.72 11.743 0.210699 -3.44975
1242.72 315.36 12.0478 0.128956 -4.34974
191.52 227.52 9.96558 -0.00877306 -4.8563
292.32 203.04 9.78505 -0.210179 -4.23611
285.12 390.24 9.76047 0.281478 -4.18333
358.56 519.84 9.47765 0.73695 -3.22979
972 534.24 11.6528 0.695498 -3.46194
306.72 383.04 9.70819 0.256107 -3.99702
324 361.44 9.67187 0.184679 -3.83466
385.92 545.76 9.38066 0.901735 -2.77856
908.64 689.76 11.5077 1.33065 -2.94145
1105.92 561.6 11.8608 0.686769 -4.04645
626.4 550.08 9.69826 1.39265 0.852884
622.08 548.64 9.65234 1.40078 0.871307
846.72 328.32 11.3418 -0.0752887 -2.2168
986.4 593.28 11.7206 0.917048 -3.29345
889.92 300.96 11.5343 -0.207809 -2.17427
881.28 534.24 11.4701 0.836005 -2.31823
1044 498.24 11.8245 0.570034 -3.60774
1114.56 519.84 11.9043 0.595894 -3.96065
1121.76 496.8 11.9274 0.54073 -3.96691
1104.48 293.76 11.923 0.00401373 -3.85636
342.72 372.96 9.67432 0.210581 -3.73086
408.96 267.84 9.59885 -0.239161 -3.10462
576 462.24 9.23298 0.707154 0.940577
887.04 478.08 11.4965 0.594028 -2.40221
1009.44 630.72 11.7503 0.987778 -3.46293
1136.16 364.32 11.9588 0.206682 -3.99803
466.56 257.76 8.21742 -1.07269 0.975928
545.76 515.52 8.77232 1.23048 1.62081
898.56 653.76 11.4832 1.22362 -2.80872
599.04 421.92 9.30212 0.354001 1.50588
1056.96 568.8 11.8482 0.768393 -3.62596
391.68 339.84 9.68427 0.0806971 -3.40726
946.08 527.04 11.5988 0.690946 -3.30951
1081.44 396 11.8366 0.293423 -3.97336
1101.6 361.44 11.9219 0.190537 -3.85092
780.48 249.12 10.9414 -1.24201 1.85391
757.44 280.8 10.7248 -0.947367 1.81781
1036.8 468 11.8008 0.479219 -3.65665
387.36 203.04 7.65645 -1.47889 0.591437
407.52 443.52 9.46357 0.451618 -2.79264
537.12 479.52 8.98719 0.81773 0.641353
1206.72 262.08 12.0328 -0.0015431 -4.22235
684 262.08 10.0985 -1.05933 1.40129
1019.52 339.84 11.8112 0.0917239 -3.39422
905.76 515.52 11.5094 0.693487 -2.93071
1141.92 280.8 11.9971 -0.00619906 -3.91886
600.48 486.72 9.43062 0.890664 1.05117
279.36 259.2 9.83853 -0.0358396 -4.3533
299.52 358.56 9.72658 0.199115 -4.07241
99.36 228.96 10.1093 0.0880983 -5.23791
128.16 239.04 10.0996 0.0857282 -5.17136
36 338.4 10.0248 0.247986 -5.25767
99.36 313.92 9.64206 0.140749 -4.69928
318.24 93.6 8.18204 -1.64432 -1.44832
558.72 259.2 8.27775 -1.5527 3.74758
485.28 270.72 7.10672 -1.54708 4.45525
550.08 201.6 9.14454 -1.4101 0.392901
525.6 349.92 8.7793 -0.254097 0.956077
514.08 326.88 8.6361 -0.478951 1.03365
532.8 279.36 7.91992 -1.32749 3.82237
413.28 303.84 9.43887 -0.154073 -2.69468
577.44 108 10.262 -0.867933 -3.04338
397.44 103.68 8.55027 -1.66187 -1.11369
361.44 148.32 7.56327 -1.8317 0.280712
427.68 154.08 9.1085 -1.09859 -1.84847
200.16 587.52 9.76931 0.75232 -4.51418
205.92 545.76 9.79308 0.651862 -4.52973
223.2 689.76 9.72643 1.02876 -4.35367
272.16 676.8 9.60931 1.1092 -3.95411
321.12 617.76 9.53649 1.0203 -3.58259
276.48 613.44 9.77502 0.868357 -4.21553
57.6 604.8 9.91424 0.677324 -5.06881
34.56 669.6 9.93291 0.769099 -5.12938
187.2 416.16 9.86888 0.361748 -4.71159
208.8 362.88 9.873 0.252156 -4.65932
240.48 457.92 9.92123 0.44925 -4.60766
254.88 506.88 9.72127 0.589774 -4.24312
133.92 433.44 9.90178 0.388592 -4.8967
172.8 362.88 9.91063 0.256674 -4.81756
90.72 498.24 10.0449 0.49076 -5.15875
36 504 10.0793 0.485225 -5.29468
148.32 480.96 9.97495 0.477293 -4.94782
380.16 599.04 9.34331 1.13127 -2.76916
479.52 528.48 8.21519 1.31254 1.42623
374.4 643.68 9.48734 1.2318 -3.09153
473.76 642.24 9.65528 1.35579 -2.48047
421.92 616.32 9.12738 1.39509 -1.83361
600.48 364.32 9.36274 -0.14788 1.33349
889.92 270.72 12.0048 -1.23829 3.2421
840.96 299.52 11.3074 -0.238062 -2.02394
925.92 306.72 11.7042 -0.190104 -2.04707
715.68 288 10.272 -0.940087 2.20627
748.8 302.4 10.6411 -0.757598 1.87438
872.64 182.88 11.5338 -1.0568 -1.11997
731.52 185.76 10.7943 -0.772468 -2.16956
1090.08 192.96 12.1796 -0.487654 -2.93087
1072.8 318.24 11.8867 0.0584641 -3.70598
823.68 616.32 11.2138 1.22054 -2.19863
715.68 545.76 10.6991 0.964755 -1.89405
743.04 564.48 10.8188 1.07601 -1.77377
707.04 629.28 10.6859 1.32543 -2.11557
784.8 648 11.0433 1.41014 -2.0776
741.6 645.12 10.8254 1.45329 -1.88001
885.6 420.48 11.4799 0.356504 -2.49091
927.36 401.76 11.5847 0.28058 -2.95735
822.24 496.8 11.2272 0.681438 -2.34112
748.8 509.76 10.8669 0.780033 -1.94408
764.64 473.76 10.9656 0.586697 -2.27047
1143.36 583.2 11.8802 0.707509 -4.21815
1226.88 594.72 11.9419 0.688709 -4.47051
1046.88 372.96 11.845 0.206283 -3.59172
1069.92 509.76 11.4823 0.471036 -5.13479
618.624 558.144 9.62976 1.47518 0.996892
895.104 381.888 11.5356 0.18847 -2.35183
1104.19 561.6 11.8549 0.686705 -4.05711
1168.13 326.592 11.9888 0.12869 -4.11027
357.696 452.736 9.65748 0.471197 -3.58834
369.792 582.336 9.4105 1.00716 -2.99455
395.712 285.12 9.58523 -0.158782 -3.19195
874.368 615.168 11.4021 1.09059 -2.77297
974.592 494.208 11.7333 0.591883 -3.04008
953.856 492.48 11.6692 0.600579 -2.93801
392.256 340.416 9.61136 0.0650528 -3.26169
399.168 321.408 9.48515 -0.0413671 -2.95606
378.432 333.504 9.68853 0.0654284 -3.51895
400.896 409.536 9.36442 0.308275 -2.64934
343.872 371.52 9.68165 0.211135 -3.74585
680.832 267.84 9.92516 -1.15346 2.27483
888.192 480.384 11.4914 0.60108 -2.30371
907.2 447.552 11.5711 0.447618 -2.43696
891.648 601.344 11.4514 1.01175 -2.93242
883.008 551.232 11.3968 0.767918 -3.37407
881.28 533.952 11.4709 0.839267 -2.34348
1242.43 250.56 12.0931 -0.0297074 -4.25567
758.592 281.664 10.6847 -0.992529 2.19278
255.744 172.8 9.88348 -0.207442 -4.54087
387.072 202.176 7.47476 -1.58583 0.960487
454.464 364.608 9.46703 0.0883047 -2.32069
219.456 236.736 9.89196 -0.0306304 -4.66639
1085.18 540.864 11.8554 0.668108 -3.8796
1066.18 530.496 11.84 0.64032 -3.76434
698.112 361.152 8.58534 -1.13952 15.3203
876.096 494.208 11.4431 0.659035 -2.3994
222.912 219.456 9.89457 -0.0660744 -4.6674
292.032 203.904 9.8274 -0.19383 -4.30882
198.72 345.6 9.87606 0.210119 -4.69613
129.6 238.464 10.0931 0.0856444 -5.16103
155.52 205.632 9.97745 -0.0186501 -4.96705
317.952 93.312 8.10135 -1.69404 -1.30289
549.504 200.448 9.14454 -1.4101 0.392901
551.232 350.784 8.8875 -0.281686 1.35549
532.224 278.208 7.89273 -1.34594 3.86074
343.872 357.696 9.64897 0.162918 -3.68986
412.992 304.128 9.46665 -0.14829 -2.76479
361.152 148.608 7.51574 -1.85555 0.368765
447.552 193.536 8.42318 -1.38933 0.0487742
203.904 644.544 9.83398 0.857091 -4.57452
273.024 677.376 9.69919 1.06555 -4.11277
274.752 613.44 9.7896 0.8624 -4.24369
126.144 542.592 9.85953 0.602241 -4.85952
34.56 670.464 9.93251 0.768463 -5.12898
243.648 404.352 9.86613 0.330094 -4.51947
200.448 418.176 9.85751 0.36519 -4.6602
207.36 364.608 9.87028 0.248864 -4.66002
293.76 407.808 9.72747 0.327109 -4.08053
255.744 506.304 9.72286 0.588668 -4.24873
290.304 523.584 9.65566 0.665038 -3.96982
32.832 442.368 10.0081 0.400386 -5.23345
162.432 421.632 9.89852 0.369794 -4.81658
172.8 362.88 9.91148 0.252721 -4.81973
89.856 497.664 10.0375 0.492166 -5.14856
34.56 502.848 10.074 0.485778 -5.2952
146.88 480.384 9.97009 0.47589 -4.94819
514.944 544.32 8.57728 1.43156 1.39796
539.136 686.016 10.1503 1.35565 -3.08869
345.6 527.04 9.57088 0.729608 -3.48683
345.6 670.464 9.35497 1.34576 -3.04588
373.248 642.816 9.48734 1.2318 -3.09153
376.704 511.488 9.42568 0.733876 -2.99782
432 476.928 9.44424 0.619697 -2.47251
841.536 269.568 11.3151 -0.350283 -2.26627
869.184 205.632 11.4918 -0.808649 -1.49013
874.368 205.632 11.5789 -1.03923 -0.515079
841.536 298.944 11.308 -0.236413 -2.03917
870.912 58.752 11.4026 -1.07408 -2.83357
841.536 162.432 11.3783 -1.42987 -0.163143
883.008 186.624 11.6313 -1.16141 -0.574501
1114.56 196.992 12.1899 -0.423733 -3.15726
1219.97 319.68 12.0269 0.130925 -4.29523
962.496 300.672 11.9279 -0.276135 -1.6955
1081.73 359.424 11.8723 0.19522 -3.85192
1157.76 190.08 12.264 -0.400389 -3.31469
929.664 660.096 11.5554 1.15222 -3.19592
926.208 622.08 11.5451 1.02958 -3.16439
705.024 577.152 10.6186 1.14381 -1.79028
644.544 527.04 9.71716 1.28752 1.5461
743.04 565.056 10.8188 1.07601 -1.77377
710.208 630.72 11.1196 0.418001 -6.15414
940.032 376.704 11.6561 0.174148 -2.83193
825.984 495.936 11.2272 0.681438 -2.34112
943.488 451.008 11.6614 0.455879 -2.81052
1143.94 584.064 11.8839 0.707712 -4.21042
1207.87 552.96 11.9749 0.622565 -4.32929
1017.79 585.792 11.7597 0.836526 -3.52111
974.592 568.512 11.6876 0.830869 -3.23089
1054.08 613.44 11.7819 0.852906 -3.86999
1114.56 520.128 11.9013 0.603231 -3.95906
1211.33 483.84 11.992 0.483428 -4.28676
1066.18 451.008 11.8569 0.425254 -3.73043
620.352 231.552 9.58749 -1.2998 1.118
356.659 391.91 9.60428 0.265361 -3.50362
879.207 350.438 11.4698 0.0193137 -2.07824
964.224 385.69 11.6883 0.222979 -3.14568
1009.84 605.491 11.7568 0.911094 -3.4814
360.806 294.451 9.63732 -0.0667217 -3.54864
381.542 306.893 9.56021 -0.0657292 -3.22783
593.05 493.517 9.34309 0.95852 1.23542
723.687 464.486 10.7324 0.571459 -1.68115
823.219 51.84 11.2092 -0.850213 -3.50024
1018.14 348.365 11.8095 0.119433 -3.38622
257.126 182.477 9.9035 -0.177545 -4.56183
887.501 516.326 11.4643 0.72231 -2.66597
870.912 503.885 11.4131 0.715405 -2.31953
454.118 364.954 9.79224 0.134611 -3.10939
576.461 462.413 8.89812 0.753848 2.21169
348.365 416.794 9.58193 0.354118 -3.50936
226.022 236.39 9.89377 -0.0298263 -4.6495
277.862 257.126 9.87624 -0.0218398 -4.41687
238.464 350.438 9.89257 0.209438 -4.6
199.066 346.291 9.86101 0.207211 -4.67483
311.04 284.083 9.89766 0.0193777 -4.32594
78.7968 275.789 9.8499 0.111342 -4.99268
97.4592 228.096 10.1093 0.0862322 -5.23855
97.4592 354.586 9.85971 0.249069 -4.95419
163.814 315.187 9.88859 0.159649 -4.822
226.022 72.576 9.4052 -0.681354 -3.99279
221.875 157.594 9.94466 -0.176951 -4.75526
269.568 180.403 9.88465 -0.202819 -4.49027
528.768 277.862 7.89273 -1.34594 3.86074
617.933 230.17 9.17645 -1.66388 2.93442
389.837 340.07 9.61136 0.0650528 -3.26169
412.646 302.746 9.46665 -0.14829 -2.76479
396.058 192.845 7.65424 -1.59108 0.750992
199.066 584.755 9.78849 0.744706 -4.54437
252.979 559.872 9.70879 0.735547 -4.22313
205.286 545.357 9.79243 0.653867 -4.52972
313.114 603.418 9.58635 0.95391 -3.71093
205.286 642.816 9.83997 0.856885 -4.59033
165.888 599.271 9.81379 0.746523 -4.68528
58.0608 661.479 9.92097 0.76496 -5.07692
242.611 404.352 9.88168 0.32936 -4.55435
298.598 360.806 9.70657 0.194151 -4.03451
255.053 505.958 9.66375 0.597031 -4.14734
194.918 522.547 9.80824 0.59836 -4.59752
242.611 466.56 9.56274 0.499906 -4.05019
325.555 499.738 9.59821 0.62398 -3.67129
327.629 456.192 9.79701 0.472299 -4.02286
76.7232 364.954 9.85122 0.270428 -4.98797
163.814 418.867 9.92084 0.366686 -4.84941
126.49 418.867 9.9238 0.367493 -4.95176
172.109 362.88 9.91393 0.253178 -4.82665
89.1648 495.59 10.0582 0.488177 -5.17712
103.68 454.118 9.98561 0.427233 -5.0669
49.7664 468.634 10.027 0.441759 -5.22481
557.798 590.976 9.55548 1.44946 -0.715597
624.154 551.578 9.75673 1.36363 0.528417
350.438 568.167 9.62205 0.861989 -3.56652
385.69 543.283 9.48492 0.856969 -2.99929
437.53 586.829 9.06646 1.31496 -1.50244
383.616 628.301 9.13877 1.34479 -2.29823
373.248 640.742 9.44176 1.24737 -3.00375
472.781 640.742 9.60307 1.38606 -2.33046
636.595 371.174 9.61267 -0.10951 1.71767
377.395 389.837 9.55633 0.249274 -3.25676
389.837 449.971 9.55364 0.478157 -3.1331
356.659 452.045 9.65748 0.471197 -3.58834
425.088 472.781 9.38746 0.615485 -2.38986
839.808 269.568 11.3133 -0.348607 -2.28611
872.986 205.286 11.4652 -0.660552 -2.16211
881.28 186.624 11.6379 -1.13518 -0.645474
713.318 41.472 10.7775 -1.15625 -2.94455
642.816 47.6928 10.5381 -1.0642 -3.12192
790.042 47.6928 11.0933 -1.07757 -2.98016
1101.08 298.598 11.9189 0.0214677 -3.8539
962.151 298.598 11.921 -0.279532 -1.65216
1038.87 111.974 12.4035 -1.32141 -1.399
881.28 532.915 11.4693 0.826472 -2.41397
922.752 622.08 11.551 1.05344 -3.02783
702.951 659.405 10.6449 1.51245 -1.95808
709.171 630.375 10.6538 1.3789 -1.87193
775.526 640.742 10.9803 1.39131 -2.00944
926.899 402.278 11.5787 0.286249 -3.03165
887.501 420.941 11.4842 0.3491 -2.50325
895.795 381.542 11.542 0.185522 -2.36826
787.968 470.707 11.0512 0.597194 -1.69724
1103.16 561.946 11.8518 0.689577 -4.05821
1208.91 551.578 11.9705 0.619216 -4.34781
1128.04 673.92 11.8739 0.928983 -4.13446
960.077 576.461 11.6463 0.867288 -3.22152
947.635 526.694 11.6141 0.713323 -3.20584
1061.68 673.92 11.8071 1.02109 -3.78963
1107.3 362.88 11.9267 0.198066 -3.87117
1181.95 402.278 11.9387 0.312765 -4.3063
1113.52 520.474 11.8844 0.589719 -4.03055
1210.98 516.326 11.9772 0.545201 -4.3474
1082.42 396.058 11.8565 0.28584 -3.88978
1045.09 373.248 11.8474 0.20721 -3.59226
1065.83 508.032 11.864 0.591757 -3.68521
1026.43 518.4 11.763 0.622653 -3.65762
353.341 427.991 9.58631 0.396001 -3.47822
345.877 415.549 9.58193 0.354118 -3.50936
577.29 106.998 10.2128 -0.927323 -2.87111
868.424 204.042 11.4856 -0.797073 -1.55855
527.524 276.204 7.94895 -1.32731 3.63197
641.987 47.2781 10.5074 -1.10699 -2.98491
437.944 584.755 8.99398 1.33481 -1.31829
704.195 659.405 10.6674 1.46223 -2.15975
709.171 629.545 10.646 1.39508 -1.77091
395.643 194.089 7.65424 -1.59108 0.750992
410.573 121.928 8.71488 -1.48464 -1.23398
430.479 154.276 8.94935 -1.20767 -1.45071
753.961 72.1613 10.9476 -0.993277 -3.00397
823.634 492.687 11.2239 0.682782 -2.24397
57.2314 659.405 9.91236 0.767601 -5.06334
59.7197 602.174 9.91541 0.673194 -5.07118
711.66 537.477 11.1371 0.373402 -6.32332
821.146 612.127 11.2044 1.2277 -2.11254
1127.21 669.358 11.8777 0.931047 -4.09222
94.5562 221.461 10.1243 0.0871809 -5.26974
880.865 189.112 11.6307 -1.13996 -0.623721
768.891 559.872 10.9607 1.07848 -1.60579
753.961 554.895 10.8746 1.05846 -1.37636
716.636 544.942 10.7129 0.957114 -1.9171
87.0912 495.176 10.019 0.491953 -5.13337
104.509 452.874 9.98561 0.428493 -5.06681
253.809 559.872 9.72974 0.727617 -4.27037
199.066 584.755 9.75753 0.756907 -4.4996
196.577 522.547 9.79933 0.595619 -4.58326
1099.84 527.524 11.8441 0.608764 -4.07559
711.66 286.157 10.2784 -0.921258 2.11768
136.858 432.968 9.95167 0.393004 -4.95108
248.832 348.365 9.82039 0.199426 -4.43956
199.066 345.877 9.89177 0.213464 -4.72527
144.323 477.758 9.96789 0.473495 -4.94643
228.925 644.475 9.86142 0.877278 -4.53314
206.531 641.987 9.83651 0.854963 -4.57028
243.855 607.15 9.7561 0.829381 -4.33096
1082.42 395.643 11.8559 0.281022 -3.88922
1112.28 492.687 11.8949 0.525543 -3.97423
164.229 333.435 9.90416 0.200732 -4.83968
161.741 532.501 9.81712 0.600225 -4.70675
1007.77 666.87 11.6648 0.999845 -3.88305
1007.77 604.662 11.7352 0.890205 -3.59225
950.538 634.522 11.6081 1.05278 -3.21365
1214.3 370.76 11.9766 0.250903 -4.36826
1184.44 383.201 11.9568 0.265501 -4.3015
1214.3 517.571 11.9901 0.549578 -4.2985
1181.95 512.594 11.9564 0.553346 -4.2476
1174.49 447.898 12.003 0.410016 -4.09197
226.437 72.1613 9.43308 -0.668032 -4.03653
62.208 437.944 9.99908 0.398502 -5.16355
77.1379 365.783 9.85135 0.278931 -4.97954
154.276 204.042 9.97864 -0.0194216 -4.97135
126.904 236.39 10.0951 0.0828303 -5.16927
196.577 507.617 10.0892 0.523286 -4.98246
241.367 465.316 9.56054 0.496815 -4.05053
903.26 405.596 11.526 0.291164 -2.77308
995.328 378.225 11.7445 0.208309 -3.37157
846.029 350.853 11.3226 0.0310396 -2.08047
52.2547 181.647 10.0917 0.0320806 -5.31162
1057.54 669.358 11.7921 1.00871 -3.85279
1047.58 659.405 11.8037 1.01424 -3.6978
1055.05 614.615 11.8027 0.871714 -3.76134
1017.72 602.174 11.7529 0.877399 -3.59413
445.409 338.412 9.50192 -0.0288183 -2.49372
291.133 405.596 9.72747 0.327109 -4.08053
298.598 360.806 9.74529 0.198903 -4.10742
311.04 457.851 9.84721 0.4688 -4.20849
599.685 363.295 9.25574 -0.179221 1.6708
751.473 303.575 10.6138 -0.800385 2.23507
323.482 358.318 9.67021 0.180912 -3.83405
1109.79 323.482 11.9233 0.0908575 -3.89439
1221.77 345.877 12.0287 0.190914 -4.29136
1174.49 293.622 12.0315 0.0402714 -4.06737
243.855 403.108 9.84612 0.334483 -4.48803
385.69 236.39 7.43398 -1.29057 1.06943
385.69 542.454 9.39047 0.867325 -2.7957
345.877 522.547 9.48802 0.747665 -3.31559
462.828 231.414 8.01322 -1.39398 1.41835
890.819 614.615 11.4575 1.10888 -2.72844
390.666 338.412 9.61136 0.0650528 -3.26169
1065 507.617 11.8309 0.580714 -3.85205
1025.19 517.571 11.7522 0.617443 -3.68882
1069.98 470.293 11.8492 0.475227 -3.76479
1017.72 450.386 11.8126 0.445885 -3.29781
644.475 492.687 9.73906 0.981205 1.49382
888.33 515.082 11.4742 0.718688 -2.75932
388.178 420.526 9.61418 0.360865 -3.30942
345.877 370.76 9.60278 0.207816 -3.58581
940.585 298.598 11.8231 -0.27707 -1.67485
1032.65 194.089 12.4008 -0.905337 -1.25157
393.155 102.021 8.74131 -1.52179 -1.53672
827.118 492.687 11.233 0.649181 -2.50017
92.5655 382.206 9.84256 0.301183 -4.93697
704.692 576.295 10.623 1.13474 -1.82504
641.987 543.449 9.67389 1.44388 1.53738
880.865 188.117 11.6271 -1.16869 -0.485815
1218.28 519.561 11.9993 0.551598 -4.28888
152.285 600.183 9.78934 0.744737 -4.67228
740.524 641.987 10.8607 1.32213 -2.40174
1024.19 364.29 11.8031 0.184319 -3.47459
86.5936 495.673 10.0741 0.486032 -5.21093
104.509 453.87 9.98561 0.428493 -5.06681
143.327 477.758 9.96789 0.473495 -4.94643
710.664 346.374 9.30766 -1.12209 11.1417
95.5515 355.332 9.85728 0.252152 -4.95109
116.453 307.556 9.82976 0.153568 -4.8803
238.879 349.36 9.77655 0.197008 -4.40882
197.075 346.374 9.90692 0.210627 -4.7526
229.921 74.6496 9.41403 -0.663994 -4.00644
621.085 558.379 9.56979 1.46936 1.1802
633.029 531.505 9.94704 1.17391 -0.0921462
770.384 561.365 10.9607 1.05717 -1.70217
716.636 558.379 10.6329 1.09362 -1.45588
719.622 546.435 10.7129 0.957114 -1.9171
164.229 418.038 9.89581 0.364642 -4.81919
149.299 373.248 9.92008 0.278836 -4.89449
232.907 564.351 9.76329 0.711621 -4.38829
289.641 203.047 9.81578 -0.197124 -4.28308
447.898 340.402 9.40257 -0.0130526 -2.23144
444.912 310.542 9.38363 -0.197059 -2.21832
516.575 537.477 8.82565 1.32081 0.587653
158.257 558.379 9.85194 0.648728 -4.75808
194.089 522.547 9.7836 0.600075 -4.55451
1086.9 394.15 11.8424 0.288144 -3.95468
1209.32 370.262 11.9787 0.245848 -4.35357
319.5 618.099 9.50957 1.0406 -3.54346
373.248 639.001 9.49076 1.20035 -3.11201
776.356 483.729 11.0263 0.612925 -2.4881
785.314 468.8 11.0253 0.614102 -1.47765
1009.26 603.169 11.6443 0.807745 -4.02526
164.229 334.43 9.89714 0.200434 -4.82923
886.837 418.038 11.4811 0.34092 -2.43862
1063.01 567.337 11.7781 0.712013 -3.98652
250.823 370.262 9.8275 0.247706 -4.44589
328.458 409.08 9.64812 0.327254 -3.75243
289.641 406.094 10.1044 0.337771 -4.72863
1176.48 325.472 12.0082 0.122211 -4.11217
585.253 355.332 9.33251 -0.201488 1.01812
591.225 292.626 8.43506 -1.2796 4.93914
1054.05 615.113 11.8017 0.879496 -3.73255
1143.63 277.697 12.0024 -0.0107574 -3.89971
1137.66 220.963 12.2395 -0.318555 -3.26167
286.655 570.323 9.69672 0.78858 -4.05038
286.655 525.533 9.6646 0.665598 -4.00171
346.374 447.898 9.67832 0.449864 -3.70925
310.542 456.856 9.68718 0.4708 -3.92312
570.323 510.603 9.1757 1.09353 0.957103
579.281 462.828 9.43247 0.687141 0.319039
462.828 229.921 8.0479 -1.37208 1.31922
973.431 567.337 11.7446 0.898709 -2.83912
964.473 429.982 11.7172 0.37692 -2.93148
277.697 256.795 9.83643 -0.0387453 -4.35424
588.239 406.094 10.8844 0.342462 -5.3096
597.197 361.304 8.84503 -0.326431 3.55342
871.907 656.917 11.3974 1.36478 -2.33731
116.453 194.089 10.0228 -0.0152198 -5.11198
1110.79 322.486 11.9233 0.0908575 -3.89439
155.271 203.047 9.97973 -0.021231 -4.97053
161.243 164.229 9.98325 -0.0921443 -4.96547
134.369 71.6636 9.97698 -0.237139 -5.02892
961.487 298.598 11.9034 -0.2542 -1.77961
889.823 513.589 11.4742 0.718688 -2.75932
540.463 477.758 9.07251 0.803094 0.37978
552.407 441.926 9.18412 0.524074 0.379178
391.164 394.15 9.12954 0.220643 -2.23051
552.407 400.122 8.90273 0.151833 1.29744
1221.27 621.085 11.9368 0.737696 -4.45267
824.132 612.127 11.2027 1.20475 -2.1629
755.454 71.6636 10.9539 -0.993179 -2.99626
447.898 200.061 7.92011 -1.59076 1.13873
618.099 229.921 9.33842 -1.47308 1.79965
319.5 95.5515 8.06248 -1.7237 -1.19233
272.322 462.23 9.78612 0.469802 -4.23782
426.399 469.397 9.37513 0.595751 -2.37556
207.825 641.39 9.83912 0.853758 -4.58765
272.322 612.724 9.76494 0.867074 -4.23236
372.651 637.806 9.3686 1.24582 -2.86864
376.234 619.89 9.47382 1.15364 -3.10079
949.543 634.223 11.5998 1.03831 -3.28037
960.293 429.982 11.6964 0.380959 -3.02847
1074.95 390.567 11.8662 0.266115 -3.74509
1024.79 365.485 11.663 0.216817 -4.1825
1139.45 222.157 12.2338 -0.316719 -3.28112
1089.29 225.74 12.1366 -0.3336 -3.09019
1186.03 401.316 11.9466 0.302271 -4.30694
1153.78 429.982 11.9406 0.375768 -4.13816
197.075 343.985 9.86637 0.209227 -4.68322
161.243 311.737 9.92559 0.167037 -4.8727
189.909 415.649 9.85057 0.355887 -4.66534
200.658 365.485 9.94058 0.2535 -4.79064
150.494 372.651 9.92151 0.284785 -4.89154
247.24 372.651 9.86464 0.254671 -4.50887
404.9 440.731 9.32458 0.452579 -2.49602
447.898 340.402 9.13915 -0.0980904 -1.57282
343.985 347.569 9.55145 0.119933 -3.49081
311.737 286.655 9.59708 -0.0556127 -3.83338
132.578 229.324 10.076 0.0654956 -5.13715
598.391 361.901 9.12501 -0.225304 2.06266
874.296 609.141 11.4082 1.09342 -2.71413
885.046 551.81 11.3968 0.766427 -3.37418
1006.87 605.558 11.7522 0.903609 -3.46314
1046.29 329.653 11.8486 0.0798005 -3.56991
1024.79 322.486 11.8164 0.0540033 -3.52703
68.0805 157.66 10.048 -0.018496 -5.24721
895.795 379.817 11.5394 0.162592 -2.35147
1125.12 515.978 11.9133 0.576178 -4.00144
154.077 200.658 9.99947 -0.0132115 -5.01026
161.243 164.826 9.98467 -0.0903918 -4.96434
286.655 573.309 9.6472 0.802057 -3.95314
308.154 530.311 9.61473 0.706772 -3.81837
394.15 315.32 9.62909 -0.0164343 -3.30515
390.567 394.15 9.54483 0.255543 -3.12987
451.481 369.068 9.37142 0.083454 -2.07809
1071.37 472.98 11.8439 0.477755 -3.8405
218.574 229.324 9.88765 -0.0339462 -4.6596
343.985 412.066 9.60332 0.348398 -3.56482
293.821 383.4 9.8409 0.268576 -4.29125
616.307 551.81 9.545 1.46361 1.18641
394.15 533.894 9.3663 0.860707 -2.7061
949.543 526.728 11.6005 0.674453 -3.46853
275.905 254.406 9.83643 -0.0387453 -4.35424
308.154 214.991 9.85883 -0.16335 -4.28337
207.825 171.993 9.92445 -0.14646 -4.76093
942.377 347.569 11.6885 0.0545327 -2.56435
136.161 71.6636 9.98595 -0.240449 -5.04323
1175.28 447.898 12.0217 0.408149 -4.05077
1092.87 476.563 11.8983 0.483386 -3.79538
1114.37 609.141 11.9401 0.850785 -3.79635
824.132 490.896 11.235 0.621809 -2.62275
770.384 644.973 10.969 1.44057 -1.8079
705.887 616.307 10.6934 1.27957 -2.16398
824.132 544.644 11.2311 0.896451 -2.2783
752.468 136.161 10.948 -0.847901 -2.60671
877.88 189.909 11.6207 -1.26542 0.0907233
820.549 71.6636 11.1806 -1.04659 -2.78469
515.978 537.477 8.62053 1.35966 1.14225
128.995 415.649 9.94189 0.361096 -4.97496
157.66 598.391 9.86625 0.721966 -4.78467
68.0805 587.642 9.95003 0.639399 -5.10122
447.898 200.658 7.72103 -1.73984 1.7235
390.567 193.492 7.56906 -1.62089 0.882077
519.561 68.0805 9.517 -1.65782 -1.49839
616.307 229.324 9.36607 -1.45521 1.7071
526.728 275.905 7.6668 -1.46584 4.39782
318.903 93.1627 8.10135 -1.69404 -1.30289
125.411 232.907 10.0896 0.0771796 -5.16832
236.49 351.152 9.88606 0.207938 -4.59636
1109.35 490.179 11.8937 0.523075 -3.98417
124.695 232.19 10.0874 0.076126 -5.16852
266.589 558.976 9.65995 0.7379 -4.06083
283.788 524.578 9.66713 0.666981 -4.03081
335.386 567.576 9.60072 0.859551 -3.59422
288.088 571.876 9.65224 0.804307 -3.95344
348.285 520.278 9.89659 0.640169 -4.08593
404.183 438.581 9.49812 0.442008 -2.93094
365.485 438.581 9.17518 0.47205 -2.55047
898.662 378.384 11.5394 0.162592 -2.35147
1109.35 318.187 11.9178 0.0898744 -3.94366
1100.75 313.887 11.9286 0.0600105 -3.78692
1195.35 326.786 12.0105 0.149283 -4.21132
541.777 412.783 10.9352 0.363714 -5.69399
993.258 378.384 11.8008 0.194513 -2.9586
1006.16 601.975 11.7698 0.932018 -3.29008
993.258 464.38 11.7332 0.490985 -3.25811
1070.65 563.276 11.7667 0.692697 -4.08948
920.161 447.181 11.5917 0.453667 -2.62721
890.062 460.081 11.493 0.498111 -2.55457
150.494 197.792 10.0102 -0.0155502 -5.02665
206.391 171.993 9.93517 -0.13002 -4.78134
159.093 167.693 9.98436 -0.0875475 -4.9769
451.481 227.89 8.26954 -1.2948 0.62484
597.675 356.885 9.10674 -0.266829 2.09621
649.273 481.58 9.97697 0.884856 0.337786
726.669 477.28 10.7567 0.624174 -1.95813
782.567 468.68 11.04 0.612443 -1.74712
1019.06 494.479 11.7817 0.568944 -3.4204
343.985 408.483 9.58773 0.33169 -3.55078
322.486 382.684 9.62883 0.243227 -3.74233
356.885 300.987 9.66439 -0.0347301 -3.56936
911.561 563.276 11.5312 0.868571 -3.08184
885.763 550.377 11.4552 0.911223 -2.40451
890.062 511.678 11.4618 0.723428 -2.61683
958.859 300.987 11.912 -0.271835 -1.54974
546.077 477.28 9.22925 0.775858 0.0120851
743.869 288.088 10.496 -1.02513 2.83151
283.788 206.391 9.8542 -0.159094 -4.37469
275.188 253.689 9.84698 -0.0559031 -4.38336
249.389 236.49 9.88601 -0.0528134 -4.55286
318.187 245.09 9.83622 -0.0974444 -4.19359
1023.36 361.185 11.8163 0.159162 -3.40364
1186.75 399.883 11.9278 0.307004 -4.3815
1113.65 610.574 11.9078 0.832823 -3.90895
786.867 477.28 11.0364 0.617406 -1.67972
713.77 632.073 10.7146 1.3526 -2.08884
769.667 558.976 10.935 1.09393 -1.4393
885.763 597.675 11.445 1.04671 -2.67914
825.565 541.777 11.2302 0.90608 -2.16155
1092.15 189.192 12.1704 -0.48188 -2.99246
868.563 197.792 11.5734 -1.25556 0.200718
834.165 163.393 11.3506 -1.1469 -1.2352
679.371 305.287 9.71246 -0.97731 4.02644
705.17 283.788 10.3168 -0.860183 1.35194
374.084 619.174 9.47382 1.15364 -3.10079
515.978 537.477 8.92811 1.25153 0.263997
206.391 468.68 9.50629 0.506615 -4.12219
85.9964 490.179 10.0415 0.481665 -5.16946
167.693 361.185 9.93487 0.262654 -4.86843
270.889 460.081 9.87792 0.467889 -4.4209
193.492 520.278 9.7002 0.612033 -4.44255
124.695 537.477 9.85532 0.598885 -4.85825
447.181 197.792 7.72103 -1.73984 1.7235
391.283 193.492 7.56906 -1.62089 0.882077
395.583 103.196 8.29782 -1.8029 -0.66057
447.181 339.686 9.30201 -0.0854729 -1.96873
614.874 227.89 9.47179 -1.38553 1.31915
528.878 275.188 7.93325 -1.34937 3.61601
111.795 154.793 9.99649 -0.0761245 -5.10047
322.486 94.596 8.04821 -1.73581 -1.14502
326.786 305.287 9.62616 0.0015505 -3.76034
580.475 103.196 10.2323 -0.922058 -2.91986
206.391 175.433 9.92982 -0.130492 -4.7737
278.628 402.463 9.66123 0.313655 -4.04348
257.989 201.231 9.90533 -0.133484 -4.56534
309.587 526.298 9.6303 0.701647 -3.82113
897.802 376.664 11.5588 0.107628 -1.80753
1021.64 454.061 11.777 0.438992 -3.62624
1145.47 273.468 11.9767 -0.00712653 -4.02218
216.711 227.03 9.88765 -0.0339462 -4.6596
247.67 619.174 9.80877 0.853774 -4.41329
252.829 588.215 9.62566 0.824696 -4.07492
407.623 340.546 9.36609 0.00286037 -2.64278
397.303 294.108 9.46352 -0.163171 -2.90251
815.246 402.463 11.2136 0.29291 -2.03322
799.766 407.623 11.1533 0.27736 -2.18663
1016.48 521.138 11.7329 0.627322 -3.7054
273.468 252.829 9.84099 -0.044182 -4.37805
247.67 237.35 9.83982 -0.0637506 -4.47712
340.546 407.623 9.58773 0.33169 -3.55078
319.906 381.824 9.60956 0.241989 -3.70501
1026.8 325.066 11.8287 0.0530602 -3.40229
232.19 557.256 9.84038 0.682527 -4.50397
1068.07 505.659 11.8563 0.571564 -3.72143
675.931 397.303 10.5822 0.270093 -2.16138
1021.64 361.185 11.8102 0.156822 -3.40459
1088.71 397.303 11.8424 0.288144 -3.95468
1052.6 619.174 11.7891 0.865549 -3.84371
1109.35 572.736 11.8361 0.694157 -4.13549
892.642 469.54 11.3674 0.473191 -4.13264
712.05 572.736 10.6616 1.10962 -1.82751
768.807 562.416 10.935 1.09393 -1.4393
882.323 603.694 11.4461 1.07605 -2.46211
877.163 562.416 11.4431 0.95147 -2.35463
1031.96 190.912 12.3653 -0.90073 -1.30909
1093.87 314.747 11.9326 0.0579285 -3.78663
830.725 165.113 11.2899 -0.890748 -2.11891
402.463 438.581 9.4717 0.436763 -2.89471
448.901 608.854 9.17868 1.35334 -1.62427
376.664 583.055 9.32862 1.06897 -2.8235
386.984 531.458 9.37669 0.835852 -2.78323
614.014 552.097 9.75629 1.32466 0.129432
206.391 469.54 9.50097 0.506691 -4.12259
139.314 479.86 9.99262 0.465799 -4.99869
309.587 459.221 9.7332 0.472103 -4.01546
268.309 459.221 9.8709 0.466501 -4.39913
201.231 552.097 9.79037 0.657433 -4.55014
505.659 283.788 7.46014 -1.44096 4.45895
149.634 196.072 10.0102 -0.0155502 -5.02665
144.474 299.267 9.96571 0.146098 -4.98442
577.896 98.0359 10.3719 -0.775473 -3.43471
612.982 383.888 10.9975 0.330488 -5.6686
730.625 408.655 10.7577 0.299383 -1.8408
947.336 476.764 11.6505 0.505144 -3.12483
941.144 352.929 11.6854 0.0373031 -2.46764
222.903 185.752 9.9168 -0.130605 -4.70826
551.065 476.764 8.96811 0.846072 1.16443
594.407 352.929 10.9682 0.296658 -5.62616
885.419 414.846 11.4986 0.313478 -2.11942
897.802 371.504 11.5588 0.107628 -1.80753
965.911 377.696 11.7211 0.187892 -2.96413
309.587 520.106 9.96344 0.611766 -4.39629
544.873 365.313 10.9363 0.314267 -5.68607
712.05 278.628 10.2934 -0.89262 1.47936
705.858 253.861 10.5251 -0.657613 -1.11071
1077.36 532.49 11.8082 0.62774 -3.98278
1108.32 489.147 11.9547 0.533251 -3.75986
1071.17 501.531 11.6861 0.520006 -4.45003
433.422 278.628 9.49033 -0.263362 -2.6481
1021.64 352.929 11.8186 0.156791 -3.40393
1114.51 352.929 11.9381 0.173674 -3.86608
1120.7 321.97 11.9251 0.0843497 -3.87673
1071.17 476.764 11.8643 0.501679 -3.71729
1095.94 390.08 11.8289 0.290615 -4.06672
996.87 594.407 11.7082 0.870423 -3.60165
916.377 563.448 11.5606 0.926541 -2.67914
1126.9 526.298 11.9096 0.614012 -3.96123
891.61 464.38 11.5176 0.531064 -2.52275
885.419 557.256 11.4595 0.933116 -2.39726
1034.02 185.752 12.3325 -0.85873 -1.52011
1040.21 123.835 12.426 -1.32275 -1.04385
1052.6 328.162 11.8697 0.0777427 -3.64169
749.2 142.41 10.9396 -0.855242 -2.4016
396.271 433.422 9.39181 0.431841 -2.73265
625.366 458.189 11.0042 0.397632 -5.68388
451.997 594.407 9.17868 1.35334 -1.62427
612.982 551.065 10.0274 1.20712 -1.00163
204.327 470.572 9.50267 0.522973 -4.09981
198.136 371.504 9.89592 0.268116 -4.72123
253.861 371.504 9.82528 0.249378 -4.42106
191.944 582.023 9.77581 0.725706 -4.53715
154.793 588.215 9.85222 0.716802 -4.76554
198.136 551.065 9.7918 0.665234 -4.57038
235.286 551.065 9.758 0.705646 -4.36876
427.23 136.218 8.48576 -1.66536 -0.405751
489.147 278.628 7.00406 -1.55448 4.82075
260.053 204.327 9.84151 -0.152816 -4.44541
765.299 260.053 10.8368 -1.00546 1.0895
839.6 349.214 11.3034 -0.0686724 -1.02453
141.172 475.526 9.53851 0.500798 -4.44429
542.396 364.074 8.67514 -0.229875 1.81555
579.547 364.074 8.31613 -0.443921 4.94886
906.471 408.655 11.4818 0.311513 -2.71105
899.04 364.074 11.5453 0.10884 -2.47986
274.913 534.966 9.55641 0.694257 -3.88729
378.934 185.752 8.38171 -1.19046 -1.0101
1092.22 475.526 11.8536 0.481819 -3.96653
1107.08 490.386 11.9513 0.533302 -3.7602
728.148 416.085 11.0151 0.337065 -4.49892
861.89 401.225 11.4016 0.280245 -2.23977
713.288 572.117 10.6941 1.09701 -2.00242
713.288 534.966 10.5156 0.975652 -0.977504
884.18 557.256 11.4529 0.946184 -2.15922
824.74 482.956 11.2295 0.609524 -2.5658
869.32 193.182 11.5442 -1.21491 -0.00158152
668.708 304.634 9.28112 -1.15656 5.79825
386.365 393.795 9.62876 0.273101 -3.41773
378.934 527.536 9.35152 0.81936 -2.76051
609.267 490.386 9.72708 0.879887 0.0833019
156.032 364.074 9.93088 0.25981 -4.89015
364.074 438.375 9.6213 0.429521 -3.49212
237.763 549.826 9.67495 0.71857 -4.23141
334.354 572.117 9.36544 0.939119 -3.19713
349.214 497.816 9.50527 0.650679 -3.29349
445.805 222.903 7.74513 -1.48844 1.56045
430.945 141.172 8.561 -1.57963 -0.588033
453.235 341.784 7.96727 -0.41683 1.49465
208.042 222.903 9.91454 -0.0422587 -4.72155
148.602 185.752 10.0187 -0.0415849 -5.05114
208.042 178.322 9.94425 -0.119941 -4.79103
148.602 163.462 10.0105 -0.0690192 -5.03698
141.172 356.644 9.91675 0.259766 -4.90085
141.172 297.203 9.90766 0.138484 -4.88203
319.494 304.634 9.6695 0.0180302 -3.80008
364.074 282.343 9.61229 -0.0826229 -3.44571
285.315 303.148 9.46646 -0.012117 -3.74816
615.211 312.064 8.34899 -1.26091 6.58266
829.198 481.47 11.2267 0.616714 -2.29263
945.107 392.309 11.6034 0.245117 -3.14597
918.359 410.141 11.508 0.318456 -3.58974
927.275 374.476 11.5328 0.140295 -2.89957
980.771 481.47 11.7422 0.609266 -3.19194
847.03 365.56 11.4285 -0.0827483 1.71722
971.855 374.476 11.6392 0.214341 -3.73172
1007.52 526.05 11.7593 0.652205 -3.46775
945.107 472.554 11.6669 0.507874 -2.62615
659.792 427.973 10.4121 0.319645 -1.79715
659.792 543.882 10.2506 1.14195 -1.04071
668.708 481.47 9.84262 0.903816 1.15907
784.617 472.554 10.9325 0.652946 -1.14809
1034.27 187.238 12.3435 -0.87183 -1.4512
820.282 169.406 11.2514 -0.779976 -2.54703
392.309 436.889 9.3325 0.430162 -2.64864
463.637 508.218 9.20397 0.835167 -1.4541
615.211 543.882 9.96333 1.2003 -0.776584
517.134 534.966 8.70932 1.27721 0.943041
615.211 499.302 10.1282 0.797383 -1.61369
329.896 392.309 9.73436 0.273645 -3.91727
240.735 543.882 9.83241 0.670272 -4.47053
267.483 534.966 9.69668 0.704451 -4.14112
445.805 222.903 9.78885 -0.40187 -3.25448
436.889 178.322 7.66725 -1.79895 1.71975
392.309 329.896 9.57922 0.0319987 -3.19481
427.973 285.315 9.71071 -0.167918 -3.16601
276.399 240.735 9.03964 -0.318289 -3.16355
