1001 246 -13.8713 -1.2121 1.82826
1162 216 -13.4397 -1.24513 2.39154
1057 186 -13.0185 -1.25962 2.06121
1203.8 153.4 -12.5153 -1.22096 2.44754
1198.6 159.9 -12.5135 -1.20482 2.43407
1001 252.2 -13.9898 -1.20649 1.80916
1012.7 204.1 -12.9271 -1.18784 1.94335
1051.7 200.2 -13.0986 -1.23251 2.04563
1041.3 83.2 -11.8146 -1.19799 2.07716
1034.8 114.4 -11.95 -1.17712 2.06101
1171.17 202.8 -13.3615 -1.26906 2.41031
1000.48 251.81 -14.0234 -1.21754 1.81043
1012.31 202.8 -12.9271 -1.18784 1.94335
1029.21 243.36 -14.0417 -1.24106 1.91721
1090.05 106.47 -12.0096 -1.20404 2.16921
1054.56 185.9 -12.882 -1.22248 2.05708
1034.28 113.23 -11.9524 -1.17956 2.05944
1015.01 276.822 -14.7025 -1.20606 1.81918
1015.01 202.124 -13.0325 -1.2106 1.9298
1045.77 199.927 -12.9595 -1.20508 2.04833
1160.02 43.94 -11.644 -1.20457 2.29179
1201.76 160.381 -12.5734 -1.21775 2.43414
1188.58 147.199 -12.4238 -1.21859 2.40793
1015.01 191.139 -12.8194 -1.20205 1.95346
1054.56 186.745 -12.842 -1.21437 2.05138
1088.17 105.676 -12.039 -1.21602 2.16343
1099.6 77.1147 -11.8189 -1.20687 2.19097
1048.19 197.071 -12.9663 -1.2112 2.05116
1013.92 199.927 -12.9039 -1.20076 1.9501
1011.06 277.042 -14.4821 -1.18138 1.82596
1188.14 145.661 -12.6327 -1.26731 2.40717
1131.02 217.064 -13.548 -1.26535 2.29603
1039.62 111.388 -12.0594 -1.20873 2.04812
1043.33 85.3974 -11.8146 -1.19799 2.07716
1191.85 144.804 -12.6064 -1.2737 2.41926
1024.77 245.053 -13.9257 -1.22851 1.89874
1132.44 215.35 -13.6928 -1.29174 2.29594
1095.31 77.9715 -11.8189 -1.20687 2.19097
1042.59 188.246 -12.976 -1.23093 2.0205
1042.59 106.19 -12.0336 -1.21431 2.06366
1041.63 188.246 -12.7359 -1.19053 2.04455
1019.66 481.281 -10.3257 -0.445292 2.15906
1101.24 261.034 -10.6644 -0.631931 2.20985
689.292 254.508 -11.5585 -0.815509 1.41089
636.27 434.784 -11.2439 -0.429313 1.44773
498.411 477.202 -10.6133 -0.383437 1.60557
434.784 296.926 -10.5084 -0.578505 1.57289
402.971 318.135 -10.3585 -0.538563 1.66148
572.643 477.202 -10.9311 -0.36093 1.52536
455.993 371.157 -10.2201 -0.492205 1.80526
201.485 349.948 -10.1017 -0.49186 1.69918
752.919 477.202 -23.583 0.425563 -2.3869
710.501 509.016 -10.9097 -0.328937 1.72619
572.643 233.299 -13.179 -1.09048 0.144087
742.315 286.321 -13.9229 -1.03258 0.704419
424.18 212.09 -10.5459 -0.6855 1.50261
201.485 402.971 -10.1204 -0.456764 1.68688
243.903 466.598 -10.122 -0.424517 1.73067
413.575 487.807 -10.2687 -0.407236 1.75457
615.061 381.762 -10.666 -0.500278 1.70474
243.903 286.321 -10.1669 -0.525554 1.67147
233.299 307.53 -10.1373 -0.522912 1.68829
975.614 392.366 -10.3622 -0.501259 2.13933
827.151 424.18 -14.0845 -0.418995 1.06353
805.942 371.157 -12.0168 -0.571912 1.54447
375.236 285.506 -10.3852 -0.560219 1.59625
342.607 350.764 -10.1803 -0.498264 1.74938
309.978 154.989 -10.1227 -0.618743 1.76017
587.326 342.607 -10.7321 -0.533196 1.62665
505.753 285.506 -10.5736 -0.600263 1.61603
309.978 497.596 -10.1616 -0.406032 1.7518
350.764 473.124 -10.1067 -0.426656 1.82677
154.989 554.697 -10.0871 -0.363708 1.69365
187.618 407.865 -10.1399 -0.456053 1.6676
154.989 464.966 -10.0668 -0.423728 1.71157
546.539 473.124 -10.7458 -0.388332 1.58365
603.641 530.225 -10.64 -0.335429 1.71568
456.809 522.068 -10.6286 -0.337191 1.52779
432.337 554.697 -10.3084 -0.345067 1.74315
497.596 464.966 -10.4645 -0.42575 1.69238
774.944 220.247 -12.7467 -1.10342 1.20631
897.304 236.562 -12.9629 -1.11436 1.60736
799.416 554.697 -11.5501 -0.201908 1.67176
677.056 522.068 -10.5453 -0.361949 1.84266
709.685 554.697 -11.1132 -0.246518 1.66943
685.214 416.023 -10.6754 -0.456148 1.78994
693.371 383.393 -11.2742 -0.508859 1.54665
783.101 464.966 -11.9266 -0.344803 1.54153
644.427 342.607 -10.4824 -0.533022 1.83222
579.169 497.596 -10.7697 -0.348789 1.6134
579.169 383.393 -10.5711 -0.494317 1.70775
244.719 294.918 -10.1376 -0.530474 1.70056
357.666 238.444 -10.2601 -0.588152 1.67359
257.269 313.743 -10.1283 -0.520817 1.72428
131.772 313.743 -10.0877 -0.511509 1.66378
219.62 307.468 -10.1223 -0.521147 1.69809
250.994 119.222 -10.1034 -0.63718 1.73495
307.468 156.871 -10.1775 -0.628361 1.71025
175.696 219.62 -10.0905 -0.572982 1.68666
539.637 307.468 -10.7322 -0.589386 1.55867
156.871 558.462 -10.1013 -0.36247 1.68288
188.246 564.737 -10.1093 -0.360846 1.70151
326.292 420.415 -10.1563 -0.449653 1.76398
552.187 539.637 -10.7256 -0.303882 1.60249
552.187 577.286 -10.7483 -0.248845 1.60066
514.538 445.514 -10.6044 -0.423388 1.62009
621.21 458.064 -10.8246 -0.407188 1.64838
815.731 263.544 -12.373 -0.932378 1.47382
897.304 238.444 -13.4089 -1.1829 1.47412
778.081 225.895 -13.1066 -1.16279 1.10764
872.204 169.421 -11.91 -1.08032 1.72266
671.409 144.322 -11.9142 -1.13086 1.1941
752.982 564.737 -11.1344 -0.216817 1.73157
646.31 414.14 -10.7218 -0.461985 1.72053
677.684 426.69 -10.8458 -0.452905 1.71781
790.631 420.415 -11.8467 -0.450972 1.57654
759.257 458.064 -11.5248 -0.380633 1.60679
953.777 414.14 -10.5007 -0.492039 2.10323
389.041 263.544 -10.4189 -0.593515 1.59413
395.316 294.918 -10.2285 -0.540145 1.74511
426.69 294.918 -10.4581 -0.56995 1.6009
752.982 395.316 -11.6991 -0.503373 1.52007
727.883 401.59 -10.7931 -0.483576 1.80256
652.584 451.789 -10.7992 -0.421396 1.69504
658.859 476.889 -10.7931 -0.383599 1.71414
646.31 552.187 -10.7313 -0.304883 1.73612
596.111 407.865 -10.6229 -0.470637 1.70214
389.041 533.362 -10.3797 -0.348798 1.62876
796.906 514.538 -11.9582 -0.233802 1.5573
231.687 260.648 -10.1204 -0.551209 1.70541
347.53 265.474 -10.2402 -0.563432 1.69617
222.033 308.916 -10.1205 -0.52149 1.69859
337.877 125.497 -10.171 -0.64944 1.73797
284.782 188.246 -10.1109 -0.596734 1.75786
313.743 159.285 -10.1415 -0.618122 1.74746
173.765 217.206 -10.0905 -0.572982 1.68666
511.642 279.955 -10.6409 -0.60905 1.57896
395.798 289.608 -10.2289 -0.547559 1.74696
468.2 115.843 -11.3957 -1.06621 0.948932
313.743 617.831 -10.1795 -0.324739 1.7474
144.804 540.602 -10.109 -0.36917 1.66517
144.804 622.658 -10.0942 -0.320319 1.684
328.223 419.932 -10.144 -0.453166 1.77134
226.86 473.027 -10.1341 -0.41468 1.70637
550.256 608.178 -10.6974 -0.223812 1.62915
395.798 574.39 -10.236 -0.344319 1.77057
781.943 222.033 -12.9144 -1.12278 1.19187
868.825 168.938 -12.2667 -1.14578 1.6211
699.887 390.971 -11.1202 -0.496517 1.64002
791.596 390.971 -11.749 -0.543549 1.59715
743.328 530.949 -11.2239 -0.271908 1.68391
762.636 521.295 -11.7038 -0.236341 1.56374
690.234 506.815 -10.89 -0.332321 1.72773
651.619 550.256 -10.7273 -0.305729 1.74367
371.664 444.066 -10.2338 -0.430734 1.73829
395.798 458.547 -10.2627 -0.423183 1.73754
830.211 444.066 -12.2698 -0.402266 1.56236
849.518 501.988 -12.1261 -0.255464 1.66482
781.943 564.737 -11.3679 -0.200571 1.71486
593.697 405.452 -10.6289 -0.469153 1.70464
603.351 415.105 -10.6497 -0.455241 1.7071
608.178 526.122 -10.7059 -0.326178 1.69044
781.943 308.916 -15.6547 -1.10241 0.329806
685.407 357.184 -11.111 -0.552729 1.61323
695.06 448.893 -10.9115 -0.414479 1.71408
695.06 477.854 -10.9126 -0.374143 1.72108
323.396 304.089 -10.1274 -0.522743 1.78093
342.703 352.357 -10.1989 -0.496576 1.73681
690.234 617.831 -10.8363 -0.213002 1.74881
477.854 477.854 -10.5088 -0.387568 1.64011
588.871 579.217 -10.6707 -0.270128 1.69061
622.658 622.658 -10.6815 -0.223116 1.7344
584.044 337.877 -10.7701 -0.540499 1.60898
627.485 337.877 -10.7654 -0.553967 1.66996
622.658 497.161 -10.7605 -0.353169 1.68653
506.815 463.374 -10.6177 -0.396052 1.608
545.429 439.24 -10.6732 -0.424351 1.61543
511.642 468.2 -10.7889 -0.375757 1.50064
497.161 501.988 -10.5787 -0.356492 1.61807
545.429 535.776 -10.7774 -0.296409 1.56834
521.295 555.083 -10.682 -0.282843 1.5918
319.312 278.47 -10.1531 -0.545182 1.74873
174.508 219.063 -10.0921 -0.572913 1.68122
193.072 133.665 -10.0938 -0.626022 1.69273
412.135 133.665 -10.4394 -0.722749 1.58396
129.953 582.93 -10.0958 -0.345405 1.66934
226.489 478.968 -10.1376 -0.412121 1.70205
720.308 152.23 -11.8495 -1.09524 1.35618
738.873 612.633 -11.1309 -0.154528 1.70855
653.476 360.154 -11.1523 -0.547359 1.52816
664.614 426.987 -10.8103 -0.450134 1.70965
798.28 371.293 -11.6394 -0.556368 1.64214
794.567 423.274 -11.8271 -0.444227 1.57931
679.466 519.81 -10.9114 -0.314813 1.70089
694.318 452.977 -10.892 -0.414121 1.72031
646.05 508.671 -10.7712 -0.346459 1.71125
594.069 319.312 -10.821 -0.576314 1.58593
586.643 356.441 -10.6936 -0.52899 1.6539
608.92 545.801 -10.7103 -0.307388 1.69351
634.911 553.226 -10.644 -0.310524 1.7542
787.141 512.384 -12.0555 -0.215488 1.50646
827.983 523.523 -12.2617 -0.182034 1.56171
846.548 293.321 -14.8714 -1.13255 0.959309
738.873 289.608 -13.9559 -1.02866 0.645237
750.012 289.608 -14.0458 -1.04861 0.684693
772.289 356.441 -11.7951 -0.600742 1.52686
701.744 646.05 -10.9389 -0.14841 1.72682
627.485 211.637 -12.3844 -1.06692 0.826251
393.57 167.082 -10.2692 -0.645058 1.70641
367.58 185.646 -10.2102 -0.61913 1.73206
386.145 326.738 -10.1987 -0.518049 1.76902
631.198 590.356 -10.6829 -0.265681 1.73973
601.495 627.485 -10.6713 -0.21972 1.70859
627.485 627.485 -10.6776 -0.223179 1.73781
928.232 245.053 -13.5631 -1.15506 1.57778
909.668 274.757 -14.5081 -1.18209 1.34057
653.476 323.025 -11.1986 -0.613947 1.50377
315.599 620.059 -10.1529 -0.330865 1.77368
315.599 163.369 -10.1492 -0.619201 1.74223
282.183 189.359 -10.1072 -0.594748 1.75689
579.217 504.958 -10.806 -0.33837 1.59466
519.81 438.126 -10.6023 -0.42586 1.62576
545.801 441.839 -10.7509 -0.420249 1.57424
404.709 586.643 -10.2235 -0.345388 1.78073
538.375 389.858 -10.6784 -0.48162 1.60269
363.867 408.422 -10.4147 -0.454395 1.5727
311.886 115.101 -10.1383 -0.645494 1.74809
100.249 594.069 -10.0926 -0.337081 1.65152
519.81 594.069 -10.5591 -0.263968 1.66441
545.801 612.633 -10.6792 -0.227681 1.63409
530.949 285.896 -10.7193 -0.609469 1.55727
497.533 345.302 -10.5449 -0.528093 1.62267
267.331 70.5457 -10.1023 -0.667067 1.74232
902.242 163.369 -12.3403 -1.16601 1.69763
664.614 141.091 -11.6993 -1.08693 1.26989
423.274 85.3974 -11.2112 -1.07556 0.948675
430.7 126.24 -11.3918 -1.05545 0.857609
226.489 155.943 -10.0947 -0.611695 1.72325
256.192 159.656 -10.0949 -0.611724 1.74671
263.618 200.498 -10.1078 -0.586483 1.74202
219.063 308.173 -10.1277 -0.521605 1.69209
189.359 367.58 -10.1071 -0.482197 1.69162
178.221 408.422 -10.111 -0.45445 1.68421
137.378 315.599 -10.0747 -0.510164 1.67888
152.23 341.589 -10.0993 -0.499286 1.66854
200.498 159.656 -10.0907 -0.609236 1.6991
225.632 257.049 -10.1025 -0.551483 1.72063
57.122 274.186 -10.0772 -0.535286 1.593
74.2586 77.1147 -10.7686 -0.990206 0.509946
68.5464 142.805 -10.9693 -0.945751 0.197994
476.969 119.956 -11.3421 -1.05038 0.990916
879.679 57.122 -11.4634 -1.15332 1.81838
722.593 154.229 -11.8783 -1.10257 1.34042
991.067 137.093 -12.1739 -1.1909 1.94199
802.564 434.127 -11.7121 -0.423778 1.64034
859.686 494.105 -13.0493 -0.203275 1.47529
725.449 565.508 -11.288 -0.206563 1.63271
654.047 362.725 -10.7508 -0.526544 1.72003
676.896 422.703 -10.826 -0.452727 1.71921
719.737 502.674 -11.2357 -0.319038 1.63614
762.579 485.537 -11.4016 -0.329879 1.65478
594.069 405.566 -10.6464 -0.468651 1.69648
579.788 285.61 -10.6248 -0.605239 1.67565
699.744 651.191 -10.9068 -0.14914 1.73809
579.788 205.639 -12.1132 -1.03579 0.815935
696.888 305.603 -11.1095 -0.640035 1.6201
645.479 442.695 -10.7342 -0.429216 1.71814
694.032 451.264 -10.9403 -0.409048 1.70171
648.335 508.386 -10.7782 -0.347915 1.71086
831.125 294.178 -14.8469 -1.13126 0.882529
416.991 651.191 -10.2266 -0.297977 1.79427
145.661 548.371 -10.0995 -0.3666 1.67818
159.942 548.371 -10.1045 -0.36605 1.68345
179.934 562.652 -10.1088 -0.359637 1.69811
822.557 534.091 -12.0823 -0.173933 1.60392
791.14 562.652 -11.7133 -0.153171 1.63117
542.659 536.947 -10.67 -0.310242 1.6241
545.515 585.5 -10.7248 -0.2477 1.60869
514.098 465.544 -10.6398 -0.394005 1.5944
545.515 442.695 -10.6454 -0.421857 1.63396
491.249 502.674 -10.6729 -0.343464 1.54934
234.2 128.524 -10.0944 -0.628499 1.72432
145.661 634.054 -10.0919 -0.31863 1.69022
159.942 631.198 -10.1057 -0.31589 1.68902
582.644 442.695 -10.6911 -0.428128 1.6558
625.486 502.674 -10.7823 -0.348233 1.67387
556.939 651.191 -10.6846 -0.178786 1.64497
374.149 608.349 -10.2071 -0.328388 1.77571
408.422 619.774 -10.2305 -0.318192 1.78482
354.156 642.622 -10.1432 -0.322717 1.80933
374.149 217.064 -10.2102 -0.596699 1.73867
411.278 362.725 -10.2507 -0.495137 1.74745
268.473 519.81 -10.118 -0.393097 1.7575
334.164 531.234 -10.1319 -0.387969 1.79891
302.747 579.788 -10.1375 -0.354833 1.77492
317.027 431.271 -10.1431 -0.446425 1.76776
325.595 454.12 -10.1439 -0.43352 1.7744
522.666 436.983 -10.6836 -0.424617 1.58154
285.61 77.1147 -10.1209 -0.666455 1.7406
311.315 117.1 -10.1358 -0.647204 1.74779
317.027 619.774 -10.1561 -0.329419 1.77328
328.451 636.91 -10.1565 -0.321121 1.77822
174.222 368.437 -10.1076 -0.479579 1.68481
705.457 262.761 -13.2723 -1.06198 0.753382
496.961 345.588 -10.6416 -0.53186 1.56161
154.229 342.732 -10.1047 -0.496928 1.6655
788.284 225.632 -12.9897 -1.12539 1.19377
802.564 265.617 -13.6542 -1.09968 1.04307
328.451 308.459 -10.1478 -0.525363 1.76261
662.615 139.949 -11.7002 -1.08756 1.26028
705.457 134.237 -11.735 -1.10941 1.3552
219.92 305.603 -10.1296 -0.522977 1.68995
245.625 299.89 -10.1157 -0.526087 1.72571
262.761 342.732 -10.1184 -0.499946 1.7422
57.122 434.127 -10.0783 -0.435801 1.61147
902.527 162.798 -12.2943 -1.16668 1.71441
871.11 185.646 -12.3934 -1.13721 1.60215
905.384 179.934 -12.4723 -1.16404 1.68231
819.701 65.6903 -11.4735 -1.14474 1.69796
754.01 222.776 -12.6648 -1.08965 1.15902
739.73 611.205 -11.1732 -0.15236 1.70719
234.2 365.581 -10.1291 -0.485073 1.71127
254.193 431.271 -10.1297 -0.443706 1.73094
257.049 117.1 -10.0984 -0.636893 1.7398
996.779 279.898 -15.1375 -1.2452 1.68697
611.205 199.927 -12.1408 -1.05712 0.898666
237.056 602.637 -10.1158 -0.341593 1.74412
137.093 445.552 -10.1021 -0.429892 1.66263
82.8269 285.61 -10.1542 -0.54077 1.51122
722.593 374.149 -11.1723 -0.532055 1.64935
742.586 365.581 -11.328 -0.553336 1.62845
731.161 394.142 -11.1278 -0.501489 1.68266
668.327 542.659 -10.8225 -0.300899 1.72218
871.11 354.156 -14.4757 -0.758744 1.18725
799.708 365.581 -11.8988 -0.58716 1.56531
793.996 396.998 -11.9658 -0.507321 1.54189
754.01 556.939 -11.1831 -0.238195 1.71917
774.003 571.22 -11.3085 -0.20414 1.71608
679.752 374.149 -11.2176 -0.52963 1.55479
702.601 394.142 -11.1541 -0.495281 1.62741
642.622 556.939 -10.7368 -0.292488 1.72666
668.327 571.22 -10.8695 -0.256165 1.71236
645.479 576.932 -10.7233 -0.275937 1.73749
634.054 571.22 -10.7253 -0.278065 1.72023
634.054 588.357 -10.6991 -0.262911 1.73492
314.171 145.661 -10.1347 -0.628367 1.7518
426.218 85.683 -11.1564 -1.05759 1.00108
863.421 166.972 -12.3091 -1.15473 1.59518
725.01 155.987 -11.8996 -1.10015 1.34851
762.359 487.734 -11.3729 -0.335637 1.661
659.1 448.188 -10.8089 -0.420667 1.70293
788.723 377.884 -11.6816 -0.547446 1.60779
744.783 610.766 -11.1732 -0.15236 1.70719
698.646 652.509 -10.9174 -0.145813 1.73277
729.404 566.826 -11.1745 -0.21901 1.67977
775.541 582.205 -11.3306 -0.177987 1.7136
990.847 300.989 -16.0974 -1.24571 1.56097
661.297 140.608 -11.692 -1.08657 1.25731
705.237 134.017 -11.7138 -1.10486 1.36565
683.267 162.578 -11.8914 -1.08858 1.23044
883.194 59.319 -11.4634 -1.15332 1.81838
823.875 68.107 -11.4616 -1.13997 1.70341
755.768 290.004 -14.33 -1.07785 0.606623
654.706 320.762 -11.1352 -0.612146 1.53327
700.843 327.353 -11.1602 -0.607953 1.60292
751.374 221.897 -12.6648 -1.08965 1.15902
782.132 217.503 -12.7345 -1.11507 1.23832
674.479 257.049 -13.1318 -1.0487 0.677519
709.631 261.443 -13.3181 -1.06078 0.754818
790.92 314.171 -15.091 -1.03427 0.577037
894.179 243.867 -13.4708 -1.15237 1.4604
907.361 274.625 -14.3224 -1.15683 1.35836
790.92 228.488 -12.8627 -1.10703 1.22736
826.072 268.034 -13.9915 -1.13553 1.05975
463.567 476.749 -10.3015 -0.413322 1.76766
441.597 496.522 -10.32 -0.393707 1.73953
584.402 443.794 -10.6465 -0.426911 1.68407
617.357 450.385 -10.7547 -0.414891 1.67326
580.008 507.507 -10.8033 -0.334911 1.59774
516.295 465.764 -10.6587 -0.391374 1.58734
593.19 364.702 -10.6494 -0.517002 1.68778
533.871 391.066 -10.5921 -0.482067 1.64386
355.914 643.721 -10.19 -0.309108 1.77418
351.52 665.691 -10.1468 -0.309409 1.80624
384.475 571.22 -10.2245 -0.350218 1.76474
628.342 628.342 -10.6698 -0.224628 1.74288
580.008 663.494 -10.6542 -0.182409 1.69495
639.327 661.297 -10.6872 -0.186671 1.75304
525.083 632.736 -10.6315 -0.208045 1.6324
544.856 610.766 -10.6663 -0.229315 1.63789
593.19 553.644 -10.7095 -0.294134 1.66969
138.411 445.991 -10.0929 -0.430404 1.67142
61.516 441.597 -10.0891 -0.427598 1.60197
180.154 393.263 -10.1119 -0.465018 1.68186
175.76 406.445 -10.1066 -0.455726 1.68634
61.516 417.43 -10.0903 -0.443549 1.59229
327.353 452.582 -10.1541 -0.433565 1.76863
270.231 520.689 -10.1493 -0.388141 1.73137
224.094 474.552 -10.1513 -0.411901 1.6866
226.291 483.34 -10.1355 -0.40935 1.70409
320.762 432.809 -10.1477 -0.445729 1.76565
235.079 366.899 -10.1291 -0.485073 1.71127
243.867 417.43 -10.122 -0.452888 1.72806
162.578 656.903 -10.0996 -0.302597 1.69916
160.381 549.25 -10.1069 -0.36624 1.68188
290.004 659.1 -10.1264 -0.311913 1.77748
215.306 672.282 -10.1196 -0.295526 1.72599
248.261 676.676 -10.1079 -0.300297 1.7615
204.321 522.886 -10.1243 -0.382842 1.69399
430.612 177.957 -10.2969 -0.645001 1.71672
366.899 140.608 -10.2068 -0.649959 1.73149
342.732 175.76 -10.1801 -0.61825 1.73744
397.657 195.533 -10.2339 -0.618449 1.73758
417.43 336.141 -10.2507 -0.51568 1.75187
386.672 303.186 -10.225 -0.538313 1.74422
577.811 204.321 -12.2171 -1.05431 0.7525
632.736 215.306 -12.3545 -1.05638 0.861278
599.781 270.231 -10.6666 -0.628518 1.67689
522.886 248.261 -12.5555 -0.98845 0.327072
318.565 166.972 -10.1471 -0.616339 1.74609
261.443 162.578 -10.1044 -0.60926 1.74148
204.321 59.319 -10.1189 -0.685412 1.66704
136.214 318.565 -10.0855 -0.508877 1.66836
151.593 298.792 -10.1148 -0.524482 1.64719
68.107 285.61 -10.1112 -0.531713 1.56302
81.289 285.61 -10.1072 -0.531332 1.57851
169.169 217.503 -10.0988 -0.574837 1.67246
329.55 307.58 -10.179 -0.527438 1.74118
722.813 373.49 -11.1326 -0.535578 1.66317
742.586 364.702 -11.3857 -0.55639 1.60386
729.404 395.46 -11.1358 -0.496086 1.67766
740.389 391.066 -11.2471 -0.506296 1.64851
696.449 428.415 -11.1587 -0.440489 1.61253
887.588 358.111 -14.8595 -0.779094 1.19541
856.83 333.944 -15.682 -0.993109 0.810664
854.633 351.52 -13.9526 -0.764976 1.21744
722.813 474.552 -11.1783 -0.36868 1.65623
683.267 375.687 -11.1297 -0.526877 1.5929
683.267 397.657 -11.1394 -0.49081 1.59189
843.648 509.704 -12.7396 -0.179257 1.48968
667.888 421.824 -10.8069 -0.452221 1.7143
799.708 364.702 -11.8975 -0.588874 1.56785
775.541 562.432 -11.3871 -0.200018 1.68803
610.766 547.053 -10.6708 -0.309528 1.71372
639.327 560.235 -10.6865 -0.298517 1.74397
617.357 406.445 -10.6515 -0.4719 1.71871
637.13 415.233 -10.7172 -0.460695 1.71223
621.751 421.824 -10.6283 -0.456291 1.74017
768.95 419.627 -11.7825 -0.454367 1.53783
784.329 417.43 -11.7115 -0.461865 1.59407
740.389 402.051 -11.3046 -0.490093 1.62915
720.616 426.218 -11.1643 -0.444993 1.6503
727.207 542.659 -11.1726 -0.257987 1.67492
718.419 560.235 -11.168 -0.229336 1.66331
648.115 575.614 -10.7966 -0.264696 1.70658
652.509 632.736 -10.7044 -0.216444 1.75782
619.554 358.111 -10.767 -0.530937 1.65918
410.839 472.355 -10.2109 -0.420464 1.79002
336.141 127.426 -10.1635 -0.647638 1.74316
804.102 525.083 -11.7399 -0.231498 1.64483
826.072 533.871 -12.1205 -0.174735 1.6071
795.314 562.432 -11.8567 -0.137332 1.59254
654.706 652.509 -10.7253 -0.193416 1.75358
652.509 670.085 -10.6879 -0.18043 1.76347
353.717 329.55 -10.193 -0.514969 1.74681
338.338 358.111 -10.1568 -0.49355 1.76606
933.725 294.398 -15.3972 -1.1894 1.33435
935.922 314.171 -16.4945 -1.20082 1.17267
787.54 380.25 -11.6596 -0.546259 1.61376
745.29 610.09 -11.2142 -0.147612 1.69598
753.74 584.74 -11.2028 -0.191308 1.70907
964.99 310.96 -16.4327 -1.21766 1.38382
726.7 157.17 -14.8574 -1.9122 0.186747
657.41 140.27 -11.7248 -1.09467 1.23744
682.76 162.24 -11.9269 -1.09246 1.21616
708.11 32.11 -11.2062 -1.12503 1.56892
861.9 167.31 -12.3091 -1.15473 1.59518
790.92 228.15 -12.8627 -1.10703 1.22736
672.62 256.88 -13.1083 -1.04672 0.678074
850.07 294.06 -14.674 -1.10505 1.02654
888.94 233.22 -13.3101 -1.16055 1.47524
927.81 250.12 -13.512 -1.136 1.59213
828.1 268.71 -13.9039 -1.11902 1.09346
365.04 461.37 -10.1754 -0.42886 1.77932
451.23 436.02 -10.5866 -0.425378 1.54434
407.29 365.04 -10.2538 -0.49384 1.74409
537.42 466.44 -10.6645 -0.39239 1.61585
628.68 359.97 -10.7104 -0.526777 1.70289
550.94 420.81 -10.69 -0.447002 1.61211
459.68 640.51 -10.3038 -0.286152 1.77399
412.36 667.55 -10.2432 -0.283019 1.78094
408.98 621.92 -10.2309 -0.318 1.78525
363.35 681.07 -10.1922 -0.282648 1.77834
444.47 594.88 -10.2896 -0.322689 1.76994
593.19 647.27 -10.6702 -0.197804 1.70194
571.22 652.34 -10.6671 -0.188062 1.67503
525.59 633.75 -10.679 -0.197546 1.6056
557.7 654.03 -10.6827 -0.176973 1.6498
540.8 537.42 -10.6882 -0.307895 1.61351
140.27 444.47 -10.091 -0.432148 1.67424
158.86 457.99 -10.0986 -0.424827 1.68371
179.14 393.77 -10.1079 -0.464882 1.68615
175.76 405.6 -10.1066 -0.455726 1.68634
272.09 468.13 -10.1303 -0.422877 1.74698
270.4 520.52 -10.1372 -0.389446 1.74372
218.01 483.34 -10.1352 -0.407837 1.69772
319.41 432.64 -10.159 -0.445943 1.7584
190.97 370.11 -10.1165 -0.479798 1.6838
255.19 432.64 -10.1297 -0.443706 1.73094
131.82 581.36 -10.1073 -0.340984 1.65752
160.55 572.91 -10.1061 -0.351094 1.68284
70.98 584.74 -10.0686 -0.343577 1.64995
288.99 659.1 -10.1274 -0.311913 1.77662
317.72 674.31 -10.1363 -0.304293 1.79219
182.52 547.56 -10.1158 -0.367982 1.69312
481.65 119.99 -11.4257 -1.06969 0.949472
392.08 153.79 -10.2356 -0.649388 1.73164
415.74 336.31 -10.2795 -0.517337 1.73229
397.15 196.04 -10.2512 -0.619797 1.7247
569.53 283.92 -10.6401 -0.60733 1.65327
498.55 348.14 -10.6087 -0.528283 1.58386
574.6 204.49 -12.1054 -1.03672 0.796894
632.06 214.63 -12.3498 -1.05232 0.874595
167.31 126.75 -10.0921 -0.631489 1.67163
153.79 167.31 -11.2017 -0.945861 0.162581
67.6 141.96 -10.9912 -0.952353 0.170405
175.76 65.91 -10.0869 -0.668558 1.6801
123.37 69.29 -10.8533 -1.03212 0.526147
72.67 79.43 -10.7527 -0.982627 0.52716
190.97 133.51 -10.0938 -0.62469 1.69078
234.91 128.44 -10.1005 -0.629338 1.72297
292.37 106.47 -10.1212 -0.648572 1.74717
219.7 47.32 -10.0971 -0.681574 1.70533
155.48 299.13 -10.0882 -0.522926 1.67788
70.98 285.61 -10.1066 -0.53155 1.56829
263.64 343.07 -10.128 -0.497908 1.73399
218.01 302.51 -10.1301 -0.523915 1.68926
851.76 481.65 -12.9374 -0.242467 1.47374
858.52 383.63 -13.175 -0.592322 1.42559
723.32 474.89 -11.1856 -0.36643 1.65712
650.65 557.7 -10.7371 -0.294361 1.73527
721.63 370.11 -11.1858 -0.53688 1.6415
817.96 432.64 -12.2773 -0.423209 1.52223
681.07 375.18 -11.4333 -0.528651 1.46827
706.42 373.49 -11.2434 -0.533913 1.59112
681.07 398.84 -11.1309 -0.488091 1.59524
706.42 397.15 -11.2254 -0.493484 1.6034
694.59 425.88 -11.1404 -0.445099 1.6192
611.78 547.56 -10.7011 -0.304725 1.69933
638.82 559.39 -10.7257 -0.293762 1.72487
605.02 425.88 -10.6411 -0.448933 1.71222
564.46 549.25 -10.7041 -0.295546 1.63622
591.5 556.01 -10.7126 -0.291672 1.66897
801.06 395.46 -11.8039 -0.515448 1.60301
745.29 402.22 -11.2008 -0.488369 1.67969
718.25 424.19 -11.1306 -0.448166 1.66457
620.23 356.59 -10.6452 -0.525677 1.72136
843.31 508.69 -12.6034 -0.193868 1.52185
811.2 501.93 -11.7572 -0.281887 1.65452
804.44 525.59 -11.6968 -0.234963 1.65673
768.95 434.33 -11.7452 -0.422098 1.55348
726.7 532.35 -11.3672 -0.250589 1.59634
652.34 632.06 -10.7122 -0.216356 1.75408
611.78 586.43 -10.6804 -0.265742 1.71452
630.37 594.88 -10.6984 -0.257373 1.73242
370.11 179.14 -10.2211 -0.624904 1.72475
817.96 542.49 -11.8558 -0.183018 1.64928
790.92 314.34 -14.9263 -1.01963 0.625288
790.92 493.48 -11.8241 -0.291647 1.58073
606.71 250.12 -10.7002 -0.658622 1.66757
608.4 263.64 -10.7315 -0.645508 1.65476
312.65 141.96 -10.1549 -0.633926 1.7349
701.35 327.86 -11.1329 -0.607541 1.61829
579.67 349.83 -10.5855 -0.530617 1.70261
586.43 353.21 -10.6667 -0.529959 1.66914
145.34 549.25 -10.0937 -0.367372 1.68454
179.14 561.08 -10.1122 -0.359635 1.69481
603.33 630.37 -10.6837 -0.215687 1.70524
626.99 628.68 -10.6854 -0.222156 1.73549
457.99 493.48 -10.2751 -0.403243 1.78081
463.06 476.58 -10.3099 -0.411773 1.76318
665.86 326.17 -11.1549 -0.605376 1.54689
623.61 503.62 -10.7943 -0.346618 1.67227
626.99 520.52 -10.6894 -0.339617 1.71993
581.36 250.12 -10.6354 -0.647139 1.66736
598.26 270.4 -10.6775 -0.628906 1.67159
775.71 581.36 -11.4209 -0.158666 1.68186
567.84 572.91 -10.7161 -0.266161 1.63728
522.21 564.46 -10.6728 -0.276048 1.5966
390.39 290.68 -10.2398 -0.549357 1.73841
393.77 277.16 -10.2231 -0.553536 1.75029
346.45 327.86 -10.1877 -0.514796 1.74271
371.8 94.9 -11.1293 -1.03861 0.893388
704.6 676 -10.8305 -0.139865 1.77532
989.3 137.8 -12.0461 -1.15696 1.95559
728 157.3 -11.8996 -1.10015 1.34851
682.5 162.5 -11.9269 -1.09246 1.21616
725.4 33.8 -11.3006 -1.15816 1.55626
897 109.2 -11.7975 -1.15503 1.78694
910 182 -12.429 -1.14993 1.70382
803.4 24.7 -11.2503 -1.14168 1.72536
821.6 70.2 -11.5013 -1.14883 1.68833
750.1 222.3 -12.7245 -1.0999 1.12959
712.4 262.6 -13.3273 -1.05935 0.758012
924.3 218.4 -12.8415 -1.11888 1.66986
904.8 273 -14.1759 -1.14132 1.3835
829.4 269.1 -13.8847 -1.11461 1.10389
408.2 365.3 -10.2885 -0.495121 1.71893
574.6 458.9 -10.734 -0.399659 1.62303
518.7 464.1 -10.6166 -0.397771 1.61572
518.7 430.3 -10.6425 -0.432594 1.59757
330.2 534.3 -10.122 -0.390141 1.80548
378.3 611 -10.1909 -0.330881 1.78746
600.6 629.2 -10.6809 -0.216546 1.70339
572 660.4 -10.6371 -0.185247 1.69441
271.7 468 -10.1338 -0.422929 1.74438
326.3 371.8 -10.1451 -0.485136 1.77169
256.1 432.9 -10.1335 -0.443893 1.72794
321.1 432.9 -10.1569 -0.445367 1.76009
162.5 547.3 -10.1036 -0.36865 1.6884
244.4 678.6 -10.1137 -0.298492 1.75566
483.6 120.9 -11.4257 -1.06969 0.949472
427.7 85.8 -11.1813 -1.0656 0.988626
388.7 305.5 -10.2491 -0.537915 1.72807
542.1 286 -10.6437 -0.604972 1.61384
634.4 215.8 -12.3498 -1.05232 0.874595
520 247 -12.6799 -1.00585 0.24504
169 146.9 -10.0997 -0.62122 1.66636
68.9 141.7 -10.9916 -0.951912 0.171232
24.7 149.5 -10.9216 -0.919464 0.124464
126.1 68.9 -10.7847 -1.00131 0.625609
195 159.9 -10.0968 -0.611185 1.6928
217.1 89.7 -10.0971 -0.65409 1.70863
219.7 302.9 -10.1337 -0.524599 1.68554
848.9 427.7 -13.035 -0.431527 1.43025
730.6 397.8 -11.1802 -0.494847 1.66146
690.3 481 -10.8788 -0.374545 1.72185
638.3 559 -10.7508 -0.289368 1.71265
726.7 514.8 -11.0974 -0.311138 1.6981
747.5 521.3 -11.3054 -0.279841 1.66121
720.2 423.8 -11.2115 -0.448036 1.63396
730.6 568.1 -11.1745 -0.21901 1.67977
442 465.4 -10.2824 -0.421072 1.7607
832 393.9 -12.5234 -0.540425 1.49232
611 417.3 -10.6575 -0.459645 1.71082
635.7 419.9 -10.7177 -0.456067 1.71187
812.5 520 -11.8956 -0.229109 1.61876
679.9 375.7 -11.1195 -0.522184 1.59252
707.2 374.4 -11.1269 -0.531173 1.63614
708.5 397.8 -11.1742 -0.491744 1.62413
408.2 223.6 -10.2688 -0.603147 1.72173
653.9 631.8 -10.6883 -0.221602 1.76476
756.6 291.2 -14.1389 -1.04999 0.674494
769.6 300.3 -14.3991 -1.03665 0.659757
793 314.6 -15.0139 -1.02778 0.604021
269.1 319.8 -10.1335 -0.514273 1.7306
668.2 421.2 -10.795 -0.454582 1.72185
770.9 434.2 -11.8038 -0.420292 1.53792
318.5 322.4 -10.152 -0.516348 1.75402
587.6 352.3 -10.6529 -0.529815 1.67552
578.5 444.6 -10.7055 -0.422857 1.64449
776.1 499.2 -11.8668 -0.270882 1.53475
774.8 526.5 -11.8393 -0.209298 1.54573
781.3 510.9 -11.8099 -0.253131 1.56808
769.6 464.1 -11.6658 -0.36282 1.5851
778.7 356.2 -11.9514 -0.606084 1.49723
599.3 247 -10.6756 -0.657614 1.66973
42.9 36.4 -10.5965 -0.988193 0.68744
820.3 542.1 -11.8674 -0.178934 1.648
700.7 304.2 -11.1466 -0.643288 1.61084
621.4 651.3 -10.6523 -0.202224 1.74466
444.6 497.9 -10.2951 -0.396421 1.75821
175.5 405.6 -10.1047 -0.456859 1.68699
165.1 656.5 -10.1082 -0.300805 1.69293
993.2 282.1 -14.8712 -1.21249 1.71067
521.3 496.6 -10.6462 -0.359232 1.60641
574.6 204.1 -12.3618 -1.08524 0.651453
548.6 445.9 -10.6942 -0.418217 1.6094
384.8 328.9 -10.2196 -0.517758 1.75055
391.3 325 -10.2083 -0.521185 1.76711
404.3 503.1 -10.2247 -0.399251 1.77438
543.4 271.7 -10.6295 -0.620438 1.62452
746.2 611 -11.2109 -0.148708 1.70233
686.4 642.2 -10.831 -0.181827 1.74883
695.5 357.5 -11.4865 -0.573283 1.46853
579.8 366.6 -10.6544 -0.513516 1.66703
598 399.1 -10.6374 -0.480106 1.70035
544.7 609.7 -10.6833 -0.226678 1.62724
395.2 159.9 -10.2321 -0.64279 1.73458
289.9 375.7 -10.1342 -0.480476 1.75216
926.9 250.9 -13.3336 -1.10601 1.61751
861.9 167.7 -12.3091 -1.15473 1.59518
869.7 187.2 -12.488 -1.14987 1.57233
179.4 393.9 -10.1027 -0.465034 1.69163
176.8 66.3 -10.0923 -0.67038 1.67639
533 390 -10.5753 -0.483329 1.65283
526.5 634.4 -10.6562 -0.201379 1.62152
536.9 661.7 -10.6735 -0.168413 1.62795
540.8 538.2 -10.6782 -0.310342 1.61831
261.3 114.4 -10.1099 -0.63904 1.73337
260 141.7 -10.1039 -0.620382 1.74185
210.6 127.4 -10.0926 -0.628596 1.71003
821 70 -11.5013 -1.14883 1.68833
749 222 -12.7274 -1.10035 1.12204
541 530 -10.7091 -0.314483 1.60032
23 149 -10.9216 -0.919464 0.124464
138 320 -10.0886 -0.508676 1.66515
681 399 -11.1219 -0.48684 1.59765
731 569 -11.1664 -0.219509 1.68576
274 663 -10.1218 -0.30964 1.77046
353 666 -10.1606 -0.303106 1.79674
674 605 -10.7666 -0.237372 1.75607
816 326 -16.1461 -1.06968 0.432093
393 323 -10.2008 -0.520913 1.77307
788 380 -11.7369 -0.544344 1.58973
731 290 -14.0723 -1.04356 0.579762
511 275 -10.6231 -0.614236 1.58328
425 154 -10.285 -0.659579 1.72212
804 543 -11.7097 -0.199933 1.65482
518 463 -10.6899 -0.393001 1.5721
685 642 -10.8039 -0.186866 1.76015
330 534 -10.1372 -0.387506 1.79296
575 458 -10.7979 -0.396818 1.58978
540 287 -10.6374 -0.603945 1.61564
390 290 -10.2294 -0.545968 1.74368
389 305 -10.2568 -0.538394 1.7221
156 168 -11.2521 -0.959649 0.120211
110 415 -10.1364 -0.443914 1.58074
798 265 -18.1797 -1.79469 -0.322539
525 435 -10.6896 -0.426061 1.58004
428 86 -11.1661 -1.05957 0.999716
338 134 -10.1694 -0.64347 1.74201
137 450 -10.095 -0.427213 1.66827
888 234 -19.1601 -2.26017 0.259947
208 49 -10.0967 -0.680348 1.6972
74 285 -10.1093 -0.532049 1.56621
887 60 -11.463 -1.14851 1.8224
907 162 -12.2943 -1.16668 1.71441
910 182 -12.429 -1.14993 1.70382
829 293 -14.5609 -1.09576 0.932266
794 229 -13.0244 -1.12976 1.18425
