1037 681 -10.7327 -1.21519 24.4968
241 799 -8.81158 -0.677786 20.9969
1544 652 -5.20843 -1.80242 24.6251
1618 484 -5.78717 -2.14235 25.0583
1596 509 -5.55984 -2.0668 24.8898
1383 567 -5.94379 -1.9342 24.628
1709 417 -5.79346 -2.30129 25.2525
1853 641 -4.63868 -1.86243 24.7186
305 445 -9.38812 -2.16979 20.8893
1309 991 -6.3598 -0.883582 24.6807
1138 770 -9.07204 -1.00095 24.772
1862.4 457.2 -5.38236 -2.18453 25.2835
1605.6 482.4 -5.90621 -2.15407 25.0998
534 291.6 -13.2761 -3.62752 20.8465
1443.6 510 -6.01475 -2.07375 24.7833
1740 648 -4.81888 -1.84321 24.6952
171.6 382.8 -19.1746 -3.21533 15.2948
1543.2 651.6 -5.2088 -1.80564 24.6229
1539.6 624 -5.21935 -1.84973 24.6211
1308 582 -6.37287 -1.89119 24.6014
1729.2 733.2 -4.77101 -1.72964 24.6589
757.2 588 -5.60493 -1.79823 23.3158
370.8 464.4 -9.44323 -2.10341 21.1745
270 522 -8.15537 -1.82298 21.3105
536.4 478.8 -13.0644 -2.22824 21.0121
87.6 250.8 -18.7154 -4.60056 14.4771
613.2 902.4 -7.02755 -0.81092 22.8463
1387.2 406.8 -8.18116 -2.59822 25.4736
1732.8 920.4 -4.87431 -1.46116 24.7485
1819.2 642 -4.64719 -1.861 24.685
1632 609.6 -5.0734 -1.88594 24.6887
211.68 871.2 -7.54741 -0.701836 21.4887
362.88 946.08 -6.81767 -0.723425 22.2334
1507.68 516.96 -5.99111 -2.07445 24.9284
241.92 1042.56 -6.21627 -0.674737 22.1924
419.04 352.8 -18.6416 -3.71983 18.1933
732.96 817.92 -8.0954 -0.872234 23.0702
792 604.8 -5.64945 -1.76932 23.3801
1278.72 472.32 -8.24347 -2.31128 25.0644
1861.92 720 -4.50921 -1.78253 24.6352
947.52 468 -25.5012 -3.40001 24.5442
694.08 584.64 -5.68785 -1.7898 23.186
865.44 565.92 -5.59093 -1.8556 23.5162
377.28 505.44 -8.80295 -1.91237 21.4627
1068.48 496.8 -10.6542 -2.27729 24.5885
177.12 447.84 -7.97009 -2.061 21.0535
177.12 411.84 -14.9454 -2.63519 17.4996
960.48 456.48 -18.0329 -3.04849 24.3965
1339.2 475.2 -7.06931 -2.22268 24.9126
1242.72 485.28 -8.34531 -2.25858 24.9574
332.64 511.2 -9.14028 -1.88254 21.1536
491.04 581.76 -12.0548 -1.49717 21.0267
1136.16 466.56 -12.0707 -2.58475 25.213
305.28 444.96 -9.66239 -2.17048 20.7835
537.12 478.08 -13.2206 -2.22784 20.9645
263.52 407.52 -15.3461 -2.76267 18.0446
171.36 383.04 -18.6359 -3.16832 15.5558
372.96 112.32 -10.5222 -4.05639 20.6477
87.84 250.56 -18.8315 -4.60593 14.3942
241.92 198.72 -14.4458 -4.39476 18.1073
423.36 1035.36 -6.07774 -0.760345 22.635
102.24 550.08 -7.20631 -1.71936 21.2497
506.88 804.96 -7.85944 -0.909003 22.305
538.56 768.96 -8.53596 -0.912925 22.2614
1308.96 398.88 -26.1338 -5.1514 30.8842
1337.76 44.64 -9.64276 -4.5985 25.6483
1699.2 417.6 -5.72585 -2.2866 25.1926
1867.68 411.84 -5.39619 -2.27301 25.3017
1778.4 213.12 -16.3775 -6.1055 32.621
1631.52 151.2 -14.5092 -5.94311 29.9164
1395.36 992.16 -5.84589 -1.0446 24.6843
1127.52 1042.56 -6.12567 -0.81006 24.1823
1380.96 567.36 -5.94383 -1.93461 24.6275
1062.72 761.76 -9.39941 -0.968348 24.4736
966.24 790.56 -8.72164 -0.919991 23.9672
1732.32 920.16 -4.87439 -1.46081 24.7476
1631.52 609.12 -5.07457 -1.88786 24.6893
755.136 701.568 -10.3452 -1.03325 22.9226
150.336 893.376 -7.27636 -0.699614 21.438
1299.46 933.12 -6.51642 -0.971136 24.6988
345.6 689.472 -9.38815 -1.08488 21.1642
1627.78 445.824 -5.83684 -2.22851 25.1056
1088.64 936.576 -6.86072 -0.845253 24.1974
1558.66 644.544 -5.16689 -1.81798 24.6226
770.688 584.064 -5.76084 -1.80094 23.3263
755.136 587.52 -5.60443 -1.79725 23.3132
1304.64 580.608 -6.51165 -1.893 24.6405
1501.63 516.672 -5.98544 -2.06564 24.9098
425.088 411.264 -10.1434 -2.43043 21.1747
694.656 547.776 -5.67701 -1.86428 23.1886
1442.88 509.76 -6.01466 -2.07464 24.784
252.288 520.128 -8.03134 -1.82685 21.3047
231.552 511.488 -7.81976 -1.85292 21.3335
784.512 482.112 -7.4624 -2.07733 23.2054
1353.02 520.128 -6.42298 -2.0578 24.7305
1328.83 527.04 -6.73713 -2.04616 24.7671
796.608 584.064 -5.61359 -1.80881 23.3899
1365.12 442.368 -7.92479 -2.42478 25.2893
160.704 480.384 -7.79741 -1.94035 21.1078
537.408 570.24 -14.8546 -1.49028 20.6264
1472.26 461.376 -6.85851 -2.2764 25.2203
1168.13 533.952 -8.16392 -2.03234 24.6347
1771.2 561.6 -4.97816 -1.96343 24.8416
425.088 521.856 -9.96641 -1.85 21.2717
419.904 478.656 -9.77755 -2.06042 21.2773
1192.32 535.68 -8.14708 -2.03881 24.7092
1233.79 482.112 -8.50518 -2.27722 24.9656
259.2 452.736 -9.50931 -2.13747 20.6544
307.584 449.28 -9.61545 -2.16689 20.8031
535.68 478.656 -13.3843 -2.24013 20.9267
77.76 537.408 -7.24006 -1.74279 21.1739
177.984 235.008 -16.1733 -4.36046 16.7425
150.336 162.432 -14.3814 -4.59228 17.4424
82.944 889.92 -7.33146 -0.682778 21.216
210.816 876.096 -7.15513 -0.801679 21.6708
205.632 825.984 -7.5559 -0.836498 21.461
483.84 660.096 -10.9553 -1.08843 21.3332
260.928 786.24 -8.51346 -0.787422 21.2056
426.816 787.968 -8.30894 -0.86281 21.9006
84.672 551.232 -7.16855 -1.70759 21.2318
922.752 803.52 -8.58912 -0.877343 23.785
504.576 1005.7 -6.73737 -0.610391 22.6346
813.888 794.88 -8.34828 -0.921045 23.3525
1658.88 437.184 -5.75176 -2.24163 25.1245
1785.02 451.008 -5.48929 -2.19531 25.2118
1795.39 96.768 -13.002 -5.93032 30.3623
1779.84 212.544 -16.7565 -6.22988 32.8641
1627.78 152.064 -13.9304 -5.71538 29.5872
1626.05 32.832 -11.3061 -5.54185 28.0388
1615.68 217.728 -15.8269 -5.70299 30.5519
1368.58 1036.8 -6.04866 -0.881308 24.713
1195.78 793.152 -8.38167 -1.03068 24.8602
1188.86 549.504 -7.982 -1.98169 24.6717
1062.72 711.936 -11.089 -1.02832 24.6956
1121.47 768.96 -8.56313 -1.06821 24.595
1475.71 590.976 -5.49586 -1.89795 24.6315
1598.4 580.608 -5.27307 -1.92742 24.7485
1600.13 691.2 -5.06666 -1.75914 24.6466
719.539 555.725 -5.70199 -1.85308 23.2317
230.17 512.179 -8.04923 -1.85547 21.2228
1304.29 580.608 -6.53361 -1.89787 24.6442
798.336 584.755 -5.61359 -1.80881 23.3899
1441.15 481.075 -6.36011 -2.16594 24.9186
1503.36 516.326 -5.76126 -2.05206 24.8154
418.867 479.002 -9.82239 -2.06135 21.2682
381.542 505.958 -9.59805 -1.92345 21.182
1434.93 441.677 -7.23975 -2.36517 25.2773
1215.13 493.517 -8.35475 -2.21475 24.8422
1277.34 472.781 -8.33484 -2.31574 25.0845
333.85 512.179 -8.79328 -1.87735 21.2881
1080.35 456.192 -11.2631 -2.56654 24.7441
406.426 447.898 -9.54932 -2.20526 21.2854
271.642 389.837 -13.9262 -2.77871 18.7285
375.322 302.746 -17.2899 -4.02702 18.1805
80.8704 539.136 -7.27759 -1.74707 21.1541
300.672 153.446 -11.9149 -4.16628 19.6628
321.408 165.888 -13.3728 -4.44886 19.1979
947.635 53.9136 -11.7532 -5.12488 23.7469
586.829 234.317 -12.9393 -4.0464 21.2433
682.214 176.256 -13.5688 -4.66406 21.8358
265.421 854.323 -7.85592 -0.693366 21.5221
209.434 870.912 -7.60832 -0.687732 21.4621
203.213 922.752 -6.85068 -0.741925 21.8061
481.075 646.963 -10.6113 -1.18392 21.4038
344.218 688.435 -9.22197 -1.0997 21.226
814.925 794.189 -8.36703 -0.923402 23.3658
910.311 812.851 -8.17147 -0.898849 23.7365
812.851 970.445 -6.40779 -0.850843 23.4524
611.712 902.016 -7.09484 -0.805921 22.83
709.171 933.12 -6.68357 -0.84463 23.1667
607.565 750.643 -8.80024 -0.954867 22.467
1198.54 396.058 -14.0164 -3.3522 26.0792
1264.9 319.334 -13.9731 -4.06809 26.5941
1405.9 408.499 -7.8792 -2.55594 25.4167
1385.17 321.408 -8.98574 -3.08269 25.745
1204.76 178.33 -17.1638 -6.11217 26.721
1714.87 483.149 -5.54659 -2.13646 25.1132
1783.3 522.547 -5.10601 -2.04163 24.9489
1795.74 97.4592 -12.5999 -5.7752 30.1032
1772.93 213.581 -14.2992 -5.44256 31.1264
1032.65 877.133 -7.18745 -0.923523 24.0726
1084.49 856.397 -7.69615 -0.895727 24.3244
1316.74 557.798 -6.61285 -1.95986 24.702
1188.17 549.504 -7.65003 -1.97518 24.5963
966.298 790.042 -8.86431 -0.902227 23.9767
1665.1 590.976 -4.94404 -1.90864 24.6705
1822.69 694.656 -4.60911 -1.80279 24.6643
1507.51 574.387 -5.42723 -1.93084 24.6611
1194.39 792.115 -8.00749 -1.07762 24.7791
1316.74 914.458 -6.31065 -1.07526 24.6731
813.681 517.571 -5.71878 -1.93974 23.4069
806.216 500.152 -7.09999 -2.01924 23.3122
945.562 500.152 -19.8599 -2.66248 24.2978
1169.51 534.989 -8.07923 -2.03366 24.6148
1176.98 425.503 -13.8343 -3.06383 25.901
1249.14 530.012 -7.04454 -2.03369 24.6417
1525.34 465.316 -6.51265 -2.23717 25.2206
1363.6 440.433 -7.88564 -2.41716 25.281
393.155 510.106 -10.5508 -1.93106 20.9205
398.131 505.129 -9.54544 -1.93796 21.2787
945.562 467.804 -17.4254 -2.82791 24.2225
1433.27 442.921 -6.95017 -2.33826 25.1464
1087.4 485.222 -11.5585 -2.40327 24.8286
1079.93 455.363 -11.7212 -2.60137 24.8015
1276.51 472.781 -8.27376 -2.31186 25.0693
507.617 507.617 -15.0882 -2.01978 20.3108
1239.18 534.989 -7.53964 -2.03866 24.7253
1234.21 480.246 -8.24011 -2.2617 24.902
405.596 447.898 -10.0436 -2.22767 21.1201
104.509 502.641 -7.25537 -1.85423 21.2283
79.6263 537.477 -7.26878 -1.7457 21.1644
373.248 111.974 -10.4564 -4.04975 20.6697
301.087 154.276 -11.8002 -4.14248 19.6989
460.339 161.741 -12.7167 -4.39651 20.4117
427.991 251.32 -13.5653 -3.92456 19.9076
82.1146 248.832 -17.6461 -4.4075 15.0714
863.447 517.571 -5.79926 -1.94565 23.4986
587.244 233.902 -14.4397 -4.33764 20.9417
333.435 811.192 -8.00191 -0.820776 21.6743
360.806 945.562 -6.6973 -0.754565 22.265
211.507 870.912 -7.5274 -0.70794 21.4963
360.806 731.566 -9.03367 -0.946259 21.3628
423.014 788.798 -8.23837 -0.868852 21.9158
423.014 674.335 -10.0299 -1.07859 21.286
816.169 893.307 -7.19204 -0.843335 23.4387
813.681 793.774 -8.44708 -0.911608 23.3481
813.681 970.445 -6.36245 -0.862045 23.4606
938.097 1012.75 -6.3519 -0.790784 23.7679
624.568 843.541 -7.37914 -0.895455 22.7977
577.29 975.422 -6.52794 -0.769065 22.8528
938.097 731.566 -9.34141 -1.06045 23.8584
1199.37 395.643 -13.3621 -3.29218 25.9155
1385.99 320.993 -8.54592 -3.00819 25.5689
995.328 527.524 -12.4053 -2.10665 24.3259
1341.2 49.7664 -9.99589 -4.72554 25.7379
1694.55 527.524 -5.41461 -2.03968 25.0012
1709.48 425.503 -5.69939 -2.26731 25.1982
1662.2 437.944 -5.7504 -2.24245 25.1254
1784.13 450.386 -5.49499 -2.20033 25.2101
1614.92 482.734 -5.80127 -2.14242 25.0579
1796.57 97.0445 -12.1288 -5.59008 29.8014
1769.2 213.996 -12.1097 -4.74963 29.6142
1627.36 151.788 -12.8828 -5.36731 29.0042
1545.25 149.299 -12.0477 -5.01144 27.9515
1219.28 848.517 -7.46893 -0.986238 24.7216
1032.65 875.889 -7.15847 -0.928789 24.07
1308.86 639.498 -6.20817 -1.7574 24.5577
1388.48 549.919 -6.0015 -1.97571 24.6577
1025.19 654.428 -11.918 -1.2566 24.5524
1164.53 617.103 -8.23972 -1.69248 24.6556
1186.93 547.43 -7.65052 -1.9796 24.5899
965.468 788.798 -9.05353 -0.882121 23.9953
1137.16 768.891 -8.81723 -1.04077 24.7074
1475.57 589.732 -5.46114 -1.89568 24.6158
1607.45 582.267 -5.16131 -1.92658 24.7022
507.617 159.253 -11.388 -4.12992 21.1193
1119.74 519.561 -9.40262 -2.11705 24.6789
1275.02 471.786 -8.35259 -2.3196 25.0875
1325.78 453.87 -8.16207 -2.38958 25.2183
1239.18 534.491 -7.32357 -2.02935 24.6804
1200.37 483.729 -8.04866 -2.23545 24.7273
1185.44 546.435 -7.89765 -1.9944 24.651
1776.66 212.005 -16.1205 -6.04295 32.4219
179.159 235.893 -15.2809 -4.19829 17.221
259.781 194.089 -15.4114 -4.61546 17.8196
235.893 770.384 -8.47285 -0.863202 21.1368
1337.72 217.977 -10.6001 -4.02011 25.9863
167.215 842.048 -8.10947 -0.667079 21.0795
937.599 1012.25 -6.38339 -0.782305 23.7725
609.141 901.767 -6.90217 -0.848426 22.8551
534.491 877.879 -7.16917 -0.837775 22.5764
1000.3 630.043 -13.2395 -1.34708 24.4995
1086.9 913.711 -7.03616 -0.871243 24.2376
1197.38 397.136 -13.751 -3.33974 26.0111
1263.07 319.5 -15.3294 -4.3305 26.9402
1134.67 767.398 -8.731 -1.04793 24.6943
343.388 809.202 -8.29713 -0.775399 21.5797
633.029 722.608 -9.29513 -1.013 22.4762
904.753 856.978 -7.52678 -0.877616 23.7017
922.669 803.23 -8.51858 -0.89348 23.7854
579.281 976.417 -6.36901 -0.809144 22.8946
1170.51 229.921 -17.5197 -5.62297 26.4948
1083.91 856.978 -7.64516 -0.90587 24.3088
1209.32 543.449 -7.86871 -2.00984 24.7087
1782.63 450.884 -5.46586 -2.19582 25.1911
937.599 731.566 -10.1537 -0.97432 23.9391
722.608 865.936 -7.53772 -0.828653 23.101
1415.36 630.043 -5.67495 -1.81019 24.6061
1475.08 591.225 -5.52387 -1.90041 24.6457
704.692 1015.23 -6.05893 -0.845918 23.238
1304.88 639.001 -6.31655 -1.75313 24.5911
1301.89 579.281 -6.3045 -1.89796 24.5755
1385.5 319.5 -8.93924 -3.08419 25.7319
367.276 731.566 -9.30933 -0.902191 21.2854
1669.17 633.029 -4.96022 -1.85771 24.6835
522.547 173.187 -11.9228 -4.18441 21.048
818.16 892.809 -6.93793 -0.899998 23.4371
1693.05 528.519 -5.45331 -2.04089 25.0116
1707.98 418.038 -5.76673 -2.29669 25.2297
1660.21 435.954 -5.7475 -2.2418 25.1271
80.6216 537.477 -7.22001 -1.74721 21.1908
1752.77 331.444 -16.5586 -4.90278 32.5726
1615.42 483.729 -5.71785 -2.13648 25.0075
295.612 516.575 -8.87189 -1.85674 21.1074
298.598 418.038 -10.4207 -2.35346 20.4249
1068.98 495.673 -11.0262 -2.30619 24.6437
994.333 528.519 -12.5358 -2.10352 24.3408
1501.95 516.575 -5.98545 -2.06578 24.9096
1370.57 525.533 -6.24182 -2.028 24.7166
1355.64 519.561 -6.34038 -2.05301 24.7101
1245.16 483.729 -8.15656 -2.24256 24.9212
1555.7 737.538 -5.257 -1.66131 24.6762
1203.35 179.159 -15.7343 -5.68165 26.4237
96.7459 541.06 -7.20616 -1.72303 21.2462
680.805 175.576 -13.6168 -4.69934 21.7864
1193.2 988.958 -6.50084 -0.804954 24.4308
150.494 981.792 -6.4972 -0.703925 21.8434
816.965 791.883 -8.19519 -0.94613 23.3547
1171.7 834.881 -7.96594 -0.935141 24.6687
1522.85 265.155 -9.42344 -3.54205 26.5534
705.887 240.073 -11.7028 -3.78597 22.3027
709.47 211.408 -12.1967 -4.11828 22.2546
1039.12 960.293 -6.58493 -0.849442 24.0399
1060.62 136.161 -15.0416 -5.72208 24.9234
1064.2 709.47 -9.35369 -1.18986 24.46
1200.37 799.049 -8.1426 -1.04944 24.8158
1623.18 214.991 -15.5887 -5.67307 30.5086
999.708 630.64 -12.438 -1.40859 24.4067
1074.95 684.388 -11.7165 -1.15592 24.8315
1848.92 515.978 -5.22556 -2.06799 25.1422
1788.01 523.145 -5.06872 -2.03623 24.9326
1805.92 659.305 -4.70107 -1.83712 24.7028
1813.09 551.81 -5.06839 -1.9925 24.9842
283.071 788.3 -8.55988 -0.771653 21.267
1196.78 394.15 -14.0655 -3.37935 26.0811
1544.35 146.91 -12.313 -5.13966 28.0531
300.987 154.077 -10.7647 -3.84565 20.1965
358.318 68.0805 -10.2486 -4.20331 20.6592
1103.62 913.711 -6.98916 -0.852495 24.2764
587.642 272.322 -12.0689 -3.58551 21.4662
587.642 232.907 -15.0499 -4.46699 20.8125
580.475 978.209 -6.61657 -0.73941 22.8427
827.715 723.803 -10.4493 -0.92982 23.3457
741.719 777.55 -8.51312 -0.931897 23.0696
770.384 680.805 -11.5576 -1.01568 22.93
265.155 852.797 -7.72963 -0.724999 21.5659
211.408 824.132 -7.44467 -0.873436 21.5218
483.73 655.722 -11.3848 -1.08256 21.202
490.896 573.309 -10.0683 -1.59025 21.5733
1436.86 576.892 -5.69909 -1.90963 24.6411
1307.86 637.806 -6.18697 -1.75836 24.554
1300.69 576.892 -6.52411 -1.90413 24.6339
795.466 584.059 -5.63908 -1.81444 23.3871
902.962 852.797 -7.66216 -0.854849 23.7047
1583.77 619.89 -5.17043 -1.85765 24.6633
1573.02 652.139 -5.12884 -1.80599 24.6368
1605.27 580.475 -5.18218 -1.92325 24.7072
1031.96 874.296 -7.53777 -0.856067 24.1187
1662.6 437.148 -5.74486 -2.24441 25.1307
859.964 515.978 -5.7232 -1.94959 23.5004
225.74 508.812 -8.29775 -1.85243 21.081
340.402 512.395 -9.17738 -1.87246 21.1759
297.404 515.978 -8.57611 -1.85508 21.2292
1325.78 455.064 -7.73361 -2.35011 25.0816
1512.1 437.148 -6.81436 -2.34901 25.3196
1440.44 480.146 -6.16676 -2.14775 24.8551
1214.7 490.896 -8.26695 -2.21394 24.8185
1254.11 462.23 -8.63675 -2.37074 25.0643
1221.86 455.064 -8.75792 -2.40156 24.9756
1823.84 691.554 -4.61619 -1.80289 24.6664
1160.95 551.81 -8.02549 -1.95734 24.6008
1307.86 985.375 -6.36495 -0.897252 24.6795
1802.34 93.1627 -11.4079 -5.31591 29.3346
193.492 915.861 -6.9511 -0.732667 21.7101
313.887 163.393 -12.5828 -4.26592 19.4949
859.964 262.289 -19.8198 -5.37928 23.1086
855.664 236.49 -9.2658 -3.33992 23.3607
997.558 632.073 -13.406 -1.34311 24.5123
1006.16 550.377 -12.3786 -1.96517 24.4129
365.485 980.359 -6.38452 -0.762784 22.3979
331.086 988.958 -6.34834 -0.748778 22.3256
339.686 730.969 -10.2627 -0.764828 20.8407
339.686 683.671 -9.23139 -1.10459 21.2004
713.77 210.691 -12.3184 -4.17135 22.259
1135.15 765.368 -8.13898 -1.11954 24.5814
1087.85 713.77 -10.8162 -1.04384 24.8177
1423.24 417.082 -8.10607 -2.55369 25.572
1625.33 214.991 -15.7204 -5.70687 30.5622
1831.72 640.673 -4.67009 -1.8604 24.7124
1823.12 550.377 -5.06737 -1.99326 24.9814
928.761 128.995 -13.0935 -5.03435 23.7252
1066.35 709.47 -11.1135 -1.04981 24.7002
1638.23 614.874 -5.07123 -1.87912 24.6949
1664.03 550.377 -5.15539 -1.97998 24.785
1788.72 524.578 -5.10513 -2.04144 24.9575
1805.92 438.581 -5.44357 -2.22075 25.22
1784.42 451.481 -5.44793 -2.19407 25.1767
490.179 576.176 -10.1224 -1.59045 21.5697
1311.44 640.673 -6.31674 -1.74746 24.5931
1470.54 589.075 -5.47642 -1.89889 24.6154
1440.44 580.475 -5.67752 -1.91322 24.6344
795.466 580.475 -5.65668 -1.81935 23.3829
1044.86 270.889 -10.9553 -3.62888 24.3896
1156.65 963.159 -6.32894 -0.935488 24.2859
1625.33 150.494 -13.4483 -5.54296 29.2778
1547.93 146.194 -11.7349 -4.94108 27.801
1031.96 877.163 -7.48254 -0.869261 24.1123
1582.33 623.474 -5.13314 -1.86179 24.6393
1603.83 580.475 -5.18585 -1.92604 24.7048
1526.44 580.475 -5.36798 -1.927 24.6671
154.793 498.779 -7.91177 -1.87675 21.0353
859.964 515.978 -5.79872 -1.94706 23.4978
1698.43 537.477 -5.43379 -2.02808 25.0101
1633.93 515.978 -5.58001 -2.06671 24.9704
1711.33 425.682 -5.66782 -2.26176 25.1796
1664.03 434.282 -5.73958 -2.24889 25.1353
1487.74 494.479 -6.00107 -2.11268 24.8731
1001.86 528.878 -25.7533 -2.28396 25.6763
262.289 451.481 -9.56959 -2.1349 20.6495
1612.43 481.58 -5.78385 -2.14196 25.0384
1087.85 485.879 -12.1936 -2.44181 24.9106
1135.15 434.282 -9.64581 -2.5897 24.7979
1375.94 528.878 -6.34891 -2.04742 24.7493
515.978 507.379 -9.37392 -1.92727 21.8459
1238.35 498.779 -8.19762 -2.18647 24.8985
1212.55 490.179 -8.12539 -2.2081 24.7876
1818.82 687.971 -4.6183 -1.80632 24.6645
1281.35 954.56 -6.53265 -0.912842 24.6506
1216.85 847.064 -7.90277 -0.924131 24.8146
1801.62 94.596 -11.034 -5.17034 29.0944
1199.65 180.592 -15.1701 -5.50715 26.2852
726.669 816.965 -7.80418 -0.913614 23.0529
382.684 300.987 -17.3373 -4.00392 18.2158
511.678 159.093 -11.5337 -4.16452 21.1016
1129.99 763.648 -8.90991 -1.06172 24.6748
1083.55 712.05 -11.0262 -1.04096 24.809
1418.94 412.783 -8.45817 -2.6056 25.6896
252.829 402.463 -13.8908 -2.63203 18.5613
882.323 139.314 -12.5493 -4.80081 23.3899
459.221 268.309 -16.2563 -4.21932 19.3727
634.653 624.334 -10.6277 -1.35995 22.2156
1310.58 639.813 -6.23235 -1.75102 24.5743
1300.27 572.736 -6.59503 -1.91372 24.6515
1382.82 314.747 -9.06154 -3.12223 25.7703
588.215 273.468 -10.839 -3.38773 21.7341
588.215 232.19 -11.7983 -3.83887 21.5318
531.458 232.19 -11.569 -3.74519 21.2383
624.334 423.102 -9.45644 -2.4237 22.3244
1780.12 448.901 -5.54614 -2.21274 25.2371
495.339 608.854 -11.5904 -1.32871 21.2036
490.179 572.736 -9.12825 -1.62503 21.8318
846.204 902.962 -6.83144 -0.901026 23.5102
1486.02 603.694 -5.44569 -1.87345 24.6335
1470.54 588.215 -5.56318 -1.90293 24.655
1434.42 577.896 -5.61066 -1.91772 24.6092
1666.61 433.422 -5.74555 -2.24925 25.1331
257.989 521.138 -8.61594 -1.82799 21.0914
1568.57 650.133 -5.16342 -1.81416 24.6422
1599.53 577.896 -5.18596 -1.92595 24.7036
1522.14 577.896 -5.36555 -1.9202 24.6623
335.386 510.818 -9.04198 -1.87488 21.2155
856.524 515.978 -6.27446 -1.94789 23.471
1372.5 526.298 -6.18508 -2.04279 24.6994
1387.98 459.221 -6.78235 -2.25542 24.9394
1068.07 495.339 -9.67919 -2.23691 24.4997
1609.85 479.86 -5.826 -2.1481 25.0746
1186.75 536.617 -7.39926 -1.99169 24.5365
1222.87 454.061 -9.04042 -2.42958 25.0251
1486.02 495.339 -6.00348 -2.12048 24.8695
562.416 495.339 -13.0633 -2.0837 21.1924
1816.24 552.097 -5.06831 -1.99579 24.9844
1171.27 835.885 -7.85431 -0.957057 24.6491
1269.31 933.921 -6.44417 -0.992042 24.6005
1052.6 139.314 -8.79015 -3.72826 24.1701
1331.22 216.711 -10.3638 -3.9649 25.9157
1197.07 180.592 -15.8431 -5.69694 26.4019
902.962 851.364 -6.97446 -1.02197 23.6578
768.807 872.003 -7.54749 -0.834715 23.239
283.788 954.56 -6.54617 -0.763947 22.1477
175.433 835.885 -7.62821 -0.785893 21.3254
433.422 923.601 -7.13731 -0.711835 22.296
376.664 887.482 -7.42073 -0.678749 22.0537
675.931 170.273 -11.2398 -4.13576 22.1632
949.4 423.102 -18.591 -3.51411 24.3128
515.978 159.953 -11.6993 -4.20941 21.0789
1789.41 520.106 -5.14739 -2.04512 24.9786
253.861 396.271 -14.4445 -2.76349 18.3974
495.339 606.79 -10.9584 -1.39948 21.3745
1294.07 557.256 -6.37637 -1.92171 24.5909
464.38 315.779 -12.1427 -3.27291 20.6086
625.366 625.366 -9.60064 -1.39968 22.3587
1572.7 619.174 -5.15527 -1.86736 24.6362
297.203 513.914 -8.82043 -1.85286 21.1477
253.861 520.106 -8.54311 -1.82901 21.12
643.941 421.038 -10.8147 -2.53259 22.0902
755.392 451.997 -6.92421 -2.15249 23.1246
996.87 532.49 -12.3218 -2.0844 24.3731
854.46 513.914 -5.79922 -1.94578 23.4901
934.953 433.422 -29.6539 -4.52605 24.3682
1479.83 495.339 -5.9841 -2.11819 24.8511
1411.72 489.147 -6.12132 -2.12668 24.7729
1114.51 513.914 -10.1236 -2.18049 24.7451
1083.55 482.956 -9.59541 -2.2912 24.5386
1690.34 532.49 -5.40555 -2.03107 24.9811
619.174 464.38 -9.67685 -2.19731 22.212
1795.6 656.324 -4.70399 -1.84112 24.6973
1733.69 538.681 -5.22042 -2.02504 24.9473
1182.62 538.681 -7.56354 -2.00958 24.5716
1170.24 829.693 -7.85431 -0.957057 24.6491
1275.5 947.336 -6.48559 -0.935336 24.6373
1616.04 148.602 -13.4699 -5.54272 29.1984
1052.6 136.218 -13.7969 -5.30314 24.7795
1331.22 216.711 -11.0536 -4.15634 26.1038
1195.01 179.56 -15.8431 -5.69694 26.4019
551.065 767.776 -8.55747 -0.925391 22.2955
916.377 922.569 -6.51949 -0.92647 23.6866
476.764 650.133 -10.3168 -1.1642 21.4695
414.846 681.091 -10.8019 -0.992974 21.0528
216.711 817.31 -7.84207 -0.791081 21.3442
377.696 885.419 -7.31734 -0.72408 22.056
1746.07 468.095 -5.48377 -2.18131 25.1458
1084.79 482.956 -10.2499 -2.32529 24.6155
1604.9 482.956 -5.92257 -2.16272 25.1113
282.343 378.934 -14.4714 -2.90288 18.477
616.697 416.085 -7.62636 -2.26047 22.6303
497.816 274.913 -12.0629 -3.53544 20.8167
512.676 520.106 -10.2162 -1.91107 21.5514
438.375 490.386 -12.1027 -2.12047 20.5528
520.106 475.526 -12.3116 -2.21899 21.0545
475.526 475.526 -15.5493 -2.29282 19.8585
995.632 534.966 -12.3532 -2.05118 24.3432
1032.78 423.515 -8.96949 -2.50703 24.248
1367.14 520.106 -6.44155 -2.04933 24.7676
1664.34 430.945 -5.72898 -2.25901 25.1364
549.826 445.805 -10.6239 -2.32875 21.6048
1181.38 534.966 -8.1814 -2.03445 24.6937
1560.32 646.418 -5.12682 -1.81634 24.625
1456.3 586.977 -5.54167 -1.90004 24.6294
1181.38 557.256 -8.2123 -1.95742 24.6742
1166.52 832.17 -7.81518 -0.973657 24.6387
1263.11 913.901 -6.41208 -1.0279 24.5403
1389.43 304.634 -9.185 -3.19299 25.791
1188.81 178.322 -16.1098 -5.79287 26.3583
549.826 765.299 -9.2002 -0.851438 22.2156
475.526 653.848 -10.3168 -1.1642 21.4695
497.816 609.267 -11.0228 -1.32028 21.3624
416.085 638.987 -9.17844 -1.29352 21.4759
668.708 304.634 -11.3475 -3.353 22.1229
668.708 170.892 -11.2398 -4.13576 22.1632
884.18 141.172 -13.5976 -5.11818 23.3998
297.203 156.032 -12.191 -4.21468 19.4967
408.655 274.913 -12.7328 -3.64024 20.02
520.106 163.462 -12.7664 -4.45128 20.8211
252.623 520.106 -8.7666 -1.83404 21.0276
891.61 526.05 -6.28845 -1.92553 23.5793
1194.76 490.386 -9.04679 -2.26653 24.8493
419.057 410.141 -9.54796 -2.39064 21.2991
517.134 517.134 -12.6327 -1.9195 20.9824
624.127 463.637 -9.2403 -2.14983 22.2835
1506.82 517.134 -5.90893 -2.06728 24.8586
1631.65 534.966 -5.28396 -1.98304 24.7897
1658.4 454.721 -5.80307 -2.20016 25.1387
1604.9 481.47 -5.9589 -2.16603 25.1281
490.386 606.295 -11.4213 -1.2899 21.282
517.134 552.798 -10.2713 -1.67372 21.5743
1560.32 641.96 -5.12682 -1.81634 24.625
1453.32 588.463 -5.69701 -1.90741 24.6813
1711.89 597.379 -4.94486 -1.9254 24.7311
1658.4 543.882 -5.24716 -1.98833 24.8147
1310.67 650.876 -6.46605 -1.73129 24.6534
1292.84 561.715 -6.40848 -1.95535 24.5897
1168.01 829.198 -7.82661 -0.975263 24.6372
1364.16 517.134 -6.29641 -2.05586 24.7198
1685.14 534.966 -5.35272 -2.03224 24.9272
1346.33 312.064 -9.15439 -3.1494 25.6169
1319.58 213.987 -11.8512 -4.36694 26.3105
909.443 695.456 -10.9597 -1.08061 23.8621
561.715 766.785 -8.64823 -0.927719 22.3437
472.554 650.876 -10.3583 -1.1829 21.4464
436.889 668.708 -11.5143 -0.919872 20.848
213.987 820.282 -7.75398 -0.827313 21.399
659.792 169.406 -11.4206 -4.20298 22.077
597.379 231.819 -12.0734 -3.90807 21.4904
668.708 517.134 -8.51239 -1.93415 22.6402
258.567 517.134 -9.10786 -1.85425 20.8975
249.651 392.309 -12.8536 -2.65052 18.9467
