1104 157 7.3654 0.0815209 23.937
23 618 9.45424 1.5516 24.3174
148 146 10.061 0.374688 23.4291
938 249 7.53706 0.181932 23.1316
1018 376 7.40206 0.605715 23.7258
1152 658 7.17956 1.17803 24.1558
1233 485 7.06005 0.791725 24.1175
158 656 9.383 1.72266 23.9081
1007 435 7.40166 0.758408 23.7252
191 698 9.28628 1.80943 23.8915
209 663 9.27856 1.72826 23.8566
232 692 9.22234 1.80211 23.8133
231 674 9.23245 1.75825 23.8261
1201 130 7.3247 0.131474 24.3021
163 414 9.56582 1.1428 23.8249
148 418 9.60957 1.16389 23.8158
185 200 9.91819 0.518418 23.3967
942 314 7.51538 0.410895 23.2704
933 334 7.51985 0.470826 23.2232
38 254 10.2819 0.782978 23.4932
38 242 10.3122 0.744104 23.4596
61 396 9.93646 1.16745 23.7067
83 362 10.0714 1.08174 23.4749
67 90 10.3035 0.262143 23.5029
71 67 10.371 0.16743 23.4295
111 210 10.1006 0.604624 23.4627
355 524 9.32557 1.49115 22.9324
945 375 7.4745 0.592201 23.2859
914 360 7.56268 0.562756 23.2273
1060 232 7.40698 0.253236 23.8569
1165 572 7.20447 0.992738 24.1934
209 448 9.44732 1.21309 23.7737
943 467 7.43541 0.876747 23.2965
63 122 10.3005 0.362461 23.497
287 279 9.57428 0.697849 23.3183
258 295 9.55094 0.775661 23.5089
1255 33 7.3245 -0.0102618 24.4321
180 270 9.70408 0.755861 23.6785
194 250 9.72042 0.688089 23.6028
24 665 9.50073 1.68439 24.2113
166 214 9.95085 0.575626 23.4285
150 204 10.0316 0.553679 23.3981
159 559 9.43996 1.48944 23.9006
145 573 9.42316 1.51229 23.9688
312 340 9.48666 0.875265 23.2356
237 297 9.58919 0.79586 23.5568
278 331 9.46173 0.877046 23.5228
924 521 7.41192 1.05878 23.1023
189 277 9.70134 0.766258 23.6304
227 173 9.79953 0.409707 23.3995
221 147 9.84008 0.333451 23.4023
266 395 9.34925 1.04537 23.7311
136 472 9.62035 1.31208 23.7945
162 447 9.53368 1.22561 23.8476
140 448 9.62289 1.24535 23.7926
258 462 9.32475 1.22893 23.7426
916 554 7.39458 1.17843 22.9994
927 551 7.40458 1.14717 23.1838
83 339 10.0851 1.00996 23.4756
152 344 9.6629 0.96997 23.787
146 241 9.86525 0.686604 23.6081
181 85 10.0338 0.152833 23.3796
194 562 9.36722 1.48805 23.8784
197 552 9.38907 1.46743 23.8307
243 537 9.33273 1.43774 23.7148
228 546 9.34079 1.45487 23.7685
204 359 9.4994 0.982023 23.8079
343 320 9.53255 0.781526 22.9219
167 52 10.3209 -0.0370366 23.0779
246 381 9.39155 1.01801 23.7702
346 370 9.47748 0.958553 22.93
22 84 10.4298 0.279553 23.5258
29 430 9.67891 1.20534 24.1308
19 403 9.75208 1.15824 24.0932
268 650 9.17717 1.69765 23.7626
19 114 10.4157 0.376196 23.526
112 136 10.1826 0.365886 23.4283
119 108 10.2146 0.263898 23.3821
161 137 10.0251 0.339137 23.4223
137 143 10.0906 0.374159 23.432
162 105 10.0321 0.242487 23.4422
208 121 9.94029 0.241916 23.3388
373 232 10.0587 0.260417 21.6033
48 342 10.1927 1.04434 23.4803
33 275 10.2832 0.845368 23.4936
91 146 10.2396 0.410932 23.4315
35 187 10.4277 0.565271 23.3829
619 239 9.51233 -0.878961 16.2981
453 83 9.99476 -0.752651 21.0938
253 542 9.29836 1.44016 23.728
309 687 9.28378 2.00459 23.1403
321 444 9.39334 1.20923 23.2034
198 530 9.41336 1.42424 23.8019
169 361 9.55178 1.00235 23.876
157 530 9.50965 1.44193 23.8224
333 641 9.23721 1.84176 23.1357
1219 266 7.21849 0.372813 24.2345
1151 351 7.29774 0.557535 24.1888
1135 351 7.30033 0.55318 24.125
1233 294 7.22968 0.441454 24.3232
1038 330 7.40399 0.4951 23.823
860 618 7.44168 1.51374 22.5179
1192 588 7.18617 1.00917 24.2717
1145 632 7.19882 1.12592 24.1462
1215 653 7.15107 1.11913 24.3135
952 557 7.48304 1.09935 23.7094
1105 536 7.28918 0.95036 24.1063
1203 515 7.18656 0.865449 24.2693
1193 451 7.20812 0.746302 24.2369
1021 510 7.35048 0.941715 23.7645
850.8 253.2 7.7258 0.102583 22.4589
1150.8 657.6 7.18589 1.17427 24.159
110.4 346.8 10.0101 1.01663 23.4589
267.6 302.4 9.52342 0.795777 23.5087
277.2 279.6 9.54478 0.715605 23.4372
258 295.2 9.55024 0.777997 23.513
297.6 56.4 9.9324 -0.151974 22.9244
298.8 25.2 9.96286 -0.281198 22.8883
312 340.8 9.48614 0.877925 23.2354
109.2 272.4 10.089 0.797693 23.427
111.6 253.2 10.1261 0.727859 23.3779
228 178.8 9.75798 0.43738 23.4657
222 154.8 9.82634 0.358497 23.404
81.6 358.8 10.0788 1.07237 23.4679
220.8 146.4 9.84056 0.329665 23.3976
225.6 118.8 9.84124 0.240117 23.4082
879.6 357.6 7.66335 0.572563 23.1798
892.8 322.8 7.64381 0.455434 23.2046
933.6 423.6 7.45868 0.747259 23.1894
79.2 417.6 9.78603 1.20048 23.8293
63.6 404.4 9.92617 1.18895 23.7051
117.6 434.4 9.68709 1.21884 23.8059
123.6 412.8 9.8512 1.19444 23.5548
100.8 414 9.84583 1.19906 23.6616
237.6 297.6 9.59024 0.795212 23.5552
226.8 64.8 10.1913 -0.0758638 22.9151
835.2 310.8 7.71165 0.300354 22.1601
151.2 487.2 9.52306 1.32696 23.8685
172.8 460.8 9.46653 1.24827 23.8917
140.4 447.6 9.62358 1.24549 23.7924
202.8 274.8 9.67451 0.752265 23.6038
840 459.6 7.63755 0.921709 22.575
883.2 256.8 7.62741 0.138704 22.6619
1128 498 7.24574 0.861486 24.0836
285.6 195.6 9.83984 0.371636 22.941
912 630 7.36079 1.43474 22.9761
207.6 393.6 9.43192 1.06456 23.8662
201.6 362.4 9.54944 0.992358 23.7331
253.2 468 9.32689 1.24401 23.7556
279.6 397.2 9.32727 1.04891 23.7028
285.6 373.2 9.33842 0.977667 23.6743
256.8 363.6 9.37393 0.966782 23.7628
656.4 438 8.49973 1.08849 19.622
676.8 409.2 8.41351 0.853308 19.1081
656.4 423.6 8.53322 0.983618 19.3406
22.8 84 10.433 0.278076 23.5256
172.8 270 9.72805 0.762645 23.6706
162 244.8 9.77221 0.697344 23.6703
223.2 396 9.41485 1.06373 23.8204
280.8 351.6 9.33504 0.923445 23.7303
253.2 352.8 9.42018 0.941389 23.7043
940.8 493.2 7.41064 0.957664 23.2339
927.6 552 7.40457 1.14585 23.1884
1255.2 34.8 7.31625 -0.0135863 24.423
174 42 10.3039 -0.0782873 23.0731
714 252 8.37678 -0.441155 19.016
925.2 399.6 7.50666 0.680682 23.2179
914.4 360 7.56212 0.561964 23.2271
38.4 118.8 10.3643 0.372831 23.5138
374.4 172.8 10.3207 -0.139825 21.1152
871.2 589.2 7.46153 1.36636 22.7396
97.2 50.4 10.6342 -0.0167898 23.0091
216 568.8 9.30179 1.48608 23.8805
214.8 534 9.3959 1.43864 23.7453
336 342 9.55726 0.869366 22.8738
343.2 320.4 9.52106 0.783887 22.9438
822 596.4 7.56445 1.49508 22.3237
162 355.2 9.55624 0.985609 23.8967
151.2 344.4 9.66447 0.971402 23.7868
154.8 318 9.60815 0.896778 23.8789
294 398.4 9.31859 1.05135 23.6305
318 361.2 9.451 0.941914 23.2313
802.8 168 7.94066 -0.439079 21.6917
39.6 418.8 9.68237 1.17716 24.1021
96 55.2 10.5831 0.0210924 23.0724
174 296.4 9.68519 0.825901 23.6994
757.2 220.8 8.10158 -0.459891 20.25
880.8 462 7.56504 0.900782 23.0575
267.6 650.4 9.17759 1.70241 23.756
286.8 636 9.10087 1.62546 23.8524
835.2 342 7.67942 0.419133 22.0306
729.6 241.2 8.2565 -0.410175 19.7171
112.8 106.8 10.2298 0.266335 23.3912
357.6 116.4 10.1997 -0.281858 21.751
330 154.8 9.95849 0.0979194 22.4346
670.8 463.2 8.39281 1.28711 18.8112
348 420 9.47804 1.14313 22.8207
385.2 277.2 10.3413 0.398272 20.5679
361.2 290.4 10.18 0.555097 21.3052
828 241.2 7.79307 -0.0142306 22.0663
194.4 145.2 9.87613 0.355888 23.4827
208.8 121.2 9.92051 0.247546 23.368
182.4 118.8 9.96919 0.269254 23.427
228 348 9.46827 0.947316 23.7582
246 337.2 9.46345 0.901845 23.6859
350.4 228 10.1762 0.265293 21.6085
145.2 112.8 10.0836 0.27803 23.4406
400.8 271.2 10.4216 0.293052 20.1461
787.2 326.4 7.87543 0.341264 21.6141
775.2 320.4 7.93576 0.331099 21.6704
428.4 330 10.4033 0.623784 19.376
213.6 213.6 9.82523 0.5464 23.3833
33.6 240 10.2881 0.743478 23.5168
166.8 202.8 10.0005 0.534088 23.3549
48 342 10.1876 1.04017 23.4811
32.4 274.8 10.2667 0.848027 23.5107
124.8 274.8 10.0336 0.791635 23.43
255.6 82.8 9.87248 0.0660978 23.2351
67.2 90 10.3059 0.262989 23.5023
57.6 22.8 10.7501 -0.0647554 23.0813
619.2 238.8 9.55529 -0.924108 16.0483
565.2 222 10.3459 -1.15372 15.3599
500.4 87.6 9.69819 -0.758311 21.1353
547.2 187.2 10.1501 -1.07256 17.5068
486 154.8 10.0924 -0.681179 19.8544
237.6 584.4 9.28772 1.54446 23.7704
328.8 573.6 9.29017 1.62248 23.1689
328.8 561.6 9.29782 1.58562 23.1638
256.8 562.8 9.25201 1.47848 23.7707
208.8 662.4 9.27917 1.72729 23.8524
308.4 687.6 9.28378 2.00459 23.1403
40.8 562.8 9.51738 1.46549 24.2157
160.8 558 9.4409 1.48933 23.8992
24 664.8 9.50654 1.68635 24.2034
157.2 664.8 9.3762 1.73423 23.915
133.2 649.2 9.47238 1.73043 23.8707
321.6 444 9.39581 1.20835 23.2031
180 463.2 9.44738 1.24957 23.8948
264 525.6 9.31714 1.40908 23.6321
168 361.2 9.54361 1.00358 23.8886
414 601.2 9.17944 1.82599 22.5276
530.4 526.8 9.07577 1.71913 20.7444
685.2 194.4 8.69512 -0.877372 18.9267
651.6 190.8 9.00589 -0.905874 18.6746
721.2 229.2 8.33521 -0.521352 19.5523
909.6 98.4 7.67698 -0.40233 22.8861
679.2 81.6 8.84665 -1.46751 19.754
667.2 138 8.72782 -0.739466 20.8069
1123.2 316.8 7.26578 0.452987 23.9521
1225.2 355.2 7.2502 0.567881 24.3681
1233.6 294 7.22914 0.442163 24.3232
1011.6 256.8 7.44829 0.28401 23.6512
1038 190.8 7.41026 0.0919254 23.6391
950.4 292.8 7.48139 0.322874 23.1642
1069.2 278.4 7.36835 0.361956 23.8582
1166.4 74.4 7.36262 -0.0252909 24.1863
1118.4 76.8 7.40334 -0.069381 24.0421
1172.4 44.4 7.37385 -0.0742888 24.2143
1224 67.2 7.33383 0.0262676 24.3598
1174.8 183.6 7.25137 0.15811 24.0692
1219.2 174 7.30513 0.227764 24.3491
969.6 33.6 7.56891 -0.523819 23.1988
952.8 105.6 7.57976 -0.290057 23.1472
909.6 621.6 7.40548 1.38351 23.1116
775.2 601.2 7.70073 1.63679 21.9213
832.8 382.8 7.64293 0.609876 22.0338
829.2 528 7.61235 1.19677 22.5469
942 476.4 7.46415 0.903587 23.4133
757.2 379.2 7.98107 0.64895 21.9125
1107.6 603.6 7.21112 1.10259 23.9887
1134 657.6 7.20004 1.18564 24.1279
1256.4 643.2 7.13765 1.07165 24.4112
957.6 598.8 7.45426 1.2001 23.7203
1059.6 682.8 7.29807 1.28765 24.0265
1254 442.8 7.03887 0.698308 24.1339
1196.4 441.6 7.21189 0.725571 24.2501
1256.4 526.8 7.18179 0.867244 24.431
950.4 430.8 7.42444 0.762888 23.259
954 363.6 7.45642 0.561614 23.2999
978 486 7.45801 0.904639 23.7377
1082.4 450 7.27904 0.769185 23.891
207.36 393.12 9.43192 1.06456 23.8662
177.12 396 9.58835 1.10176 23.736
244.8 148.32 9.76081 0.322376 23.4062
246.24 385.92 9.35396 1.02681 23.8362
216 380.16 9.39333 1.02583 23.9187
658.08 512.64 8.40779 1.66712 19.0578
902.88 154.08 7.66726 -0.177504 22.9497
231.84 465.12 9.33872 1.23268 23.8488
303.84 119.52 10.1773 -0.0791912 22.2946
82.08 338.4 10.061 1.00665 23.5251
109.44 272.16 10.0932 0.793977 23.4134
109.44 252 10.2378 0.732134 23.243
927.36 551.52 7.40487 1.14433 23.1885
122.4 86.4 10.2424 0.186957 23.3611
306.72 259.2 9.73146 0.583338 22.8856
312.48 252 9.73144 0.552903 22.8671
757.44 220.32 8.0975 -0.411021 20.5811
901.44 468 7.52035 0.905159 23.1573
197.28 550.08 9.3912 1.46657 23.8284
192.96 563.04 9.36697 1.48693 23.8749
444.96 233.28 11.0007 -0.383177 17.6947
889.92 371.52 7.62438 0.613362 23.2133
908.64 243.36 7.60075 0.140005 22.9688
941.76 493.92 7.41097 0.957364 23.2286
355.68 141.12 10.1234 -0.125912 21.877
348.48 139.68 10.0376 -0.0656287 22.1502
675.36 432 8.39698 1.02573 19.0919
656.64 437.76 8.52144 1.09651 19.1506
656.64 423.36 8.53358 0.992174 19.3812
643.68 479.52 8.55762 1.44865 19.071
671.04 462.24 8.38589 1.27992 18.9488
809.28 198.72 7.9092 -0.195514 22.0463
203.04 358.56 9.49584 0.980684 23.8167
191.52 334.08 9.54228 0.920175 23.8126
241.92 349.92 9.45299 0.9395 23.7078
347.04 381.6 9.51202 1.0022 22.8351
344.16 319.68 9.5642 0.781282 22.8427
826.56 241.92 7.80447 0.016336 22.2022
217.44 648 9.28591 1.69523 23.83
360 289.44 10.5658 0.491842 20.3712
424.8 250.56 10.8467 -0.0773276 18.5755
126.72 41.76 10.5257 -0.0681231 23.014
243.36 538.56 9.33998 1.43556 23.7102
286.56 636.48 9.16437 1.67479 23.7002
269.28 650.88 9.16775 1.69733 23.7596
802.08 168.48 7.93347 -0.545449 21.2923
372.96 231.84 10.2529 0.205011 21.1235
833.76 381.6 7.66822 0.608575 22.1825
145.44 112.32 10.1056 0.271868 23.4087
720 266.4 8.30111 -0.27737 19.3977
751.68 250.56 8.09045 -0.233907 20.4476
792 302.4 7.85782 0.198902 21.5285
781.92 344.16 7.87548 0.440551 21.6172
760.32 341.28 7.97512 0.446001 21.6097
329.76 155.52 10.1155 0.0184626 22.1168
807.84 590.4 7.63064 1.459 22.4532
195.84 145.44 9.91316 0.345409 23.4182
208.8 120.96 9.93779 0.245543 23.3389
181.44 118.08 9.97027 0.271145 23.4273
136.8 142.56 10.0938 0.37624 23.4373
135.36 113.76 10.1172 0.281371 23.433
789.12 269.28 7.91796 0.0741079 21.6875
761.76 264.96 8.03339 -0.00822872 21.242
364.32 247.68 10.2758 0.299071 21.1363
341.28 205.92 10.0745 0.222599 21.9698
403.2 300.96 10.3566 0.502997 20.1571
394.56 334.08 10.3297 0.734036 20.2396
653.76 325.44 8.93055 -0.0289783 16.3361
400.32 270.72 10.4799 0.277405 19.9732
401.76 253.44 10.5254 0.148394 19.881
414.72 433.44 10.4538 1.45635 19.0175
420.48 280.8 10.5929 0.249781 19.2209
699.84 309.6 8.40614 0.0128791 18.7599
682.56 313.92 8.56365 -0.00898913 18.1715
709.92 280.8 8.35629 -0.194168 19.1739
692.64 279.36 8.53787 -0.312167 18.2273
217.44 204.48 9.84073 0.498414 23.3455
190.08 210.24 9.88113 0.555492 23.4151
253.44 296.64 9.55906 0.783685 23.5142
312.48 341.28 9.50874 0.876023 23.1753
280.8 351.36 9.38087 0.923933 23.6309
267.84 300.96 9.52712 0.786148 23.4929
64.8 250.56 10.2143 0.754889 23.4705
31.68 273.6 10.2911 0.844069 23.4865
44.64 191.52 10.3478 0.582987 23.4451
110.88 211.68 10.1017 0.604295 23.4633
162.72 355.68 9.55624 0.985609 23.8967
105.12 276.48 10.0847 0.809522 23.4364
236.16 46.08 10.1005 -0.114886 23.0321
290.88 57.6 9.88864 -0.113634 23.0245
221.76 155.52 9.82899 0.355172 23.4044
204.48 158.4 9.85418 0.387696 23.4567
89.28 139.68 10.2717 0.39029 23.4024
175.68 154.08 9.94349 0.392138 23.4484
486.72 223.2 10.9395 -0.754105 16.5926
619.2 239.04 9.52373 -0.895237 16.2199
636.48 194.4 9.07778 -0.780023 19.0568
498.24 86.4 9.64753 -0.703468 21.3359
604.8 31.68 9.03583 -0.947747 21.7182
547.2 113.76 10.0028 -1.38959 18.7251
452.16 82.08 9.95034 -0.71861 21.2146
421.92 74.88 10.1215 -0.724314 21.2279
459.36 158.4 10.392 -0.701361 19.53
444.96 148.32 10.43 -0.693454 19.8098
237.6 583.2 9.24815 1.51794 23.8607
198.72 586.08 9.30647 1.52661 23.9348
328.32 574.56 9.23943 1.59396 23.2942
280.8 590.4 9.18359 1.54428 23.7474
328.32 561.6 9.30007 1.58691 23.164
230.4 675.36 9.19591 1.73164 23.9028
208.8 662.4 9.24798 1.70275 23.9218
207.36 648 9.30513 1.69617 23.8325
306.72 686.88 9.28378 2.00459 23.1403
34.56 612 9.5077 1.56796 24.2215
40.32 563.04 9.51847 1.46652 24.2165
159.84 558.72 9.44222 1.49113 23.9017
77.76 676.8 9.55277 1.80046 23.9383
156.96 658.08 9.36192 1.70888 23.9506
191.52 524.16 9.39455 1.39391 23.8725
325.44 512.64 9.25688 1.38575 23.3781
288 491.04 9.27767 1.30436 23.6386
79.2 417.6 9.78568 1.19974 23.8291
60.48 396 9.94111 1.1671 23.7076
158.4 434.88 9.5253 1.19528 23.8819
102.24 414.72 9.81971 1.19746 23.695
151.2 488.16 9.52128 1.32817 23.869
544.32 633.6 8.66149 1.87629 22.3713
565.92 635.04 8.59621 1.93032 22.1472
432 571.68 9.38198 1.90996 21.5732
450.72 532.8 9.6174 1.89516 20.4663
332.64 640.8 9.22318 1.8302 23.164
636.48 509.76 8.6013 1.69024 18.8072
937.44 249.12 7.57208 0.226169 23.3143
812.16 342.72 7.74445 0.417695 21.7648
851.04 292.32 7.72917 0.307312 22.7759
879.84 357.12 7.66182 0.57025 23.18
936 276.48 7.55852 0.293321 23.2549
904.32 282.24 7.64722 0.337828 23.3086
720 230.4 8.35718 -0.56819 19.2497
840.96 148.32 7.82879 -0.401756 22.171
931.68 190.08 7.60295 0.00962723 23.2116
678.24 77.76 8.87734 -1.57144 19.5992
684 132.48 8.62841 -0.779035 20.8566
786.24 132.48 8.01993 -0.973501 20.5577
722.88 135.36 8.4195 -0.880127 20.5704
1153.44 289.44 7.28123 0.41027 24.1151
987.84 203.04 7.49719 0.104865 23.4909
963.36 214.56 7.54239 0.14112 23.4475
1077.12 227.52 7.37956 0.2419 23.882
1010.88 357.12 7.4018 0.55028 23.6217
956.16 358.56 7.45532 0.541781 23.2966
1068.48 277.92 7.37438 0.364219 23.8779
1032.48 283.68 7.40563 0.361607 23.7172
1118.88 76.32 7.4068 -0.0636309 24.0582
1170.72 44.64 7.37396 -0.0751173 24.2133
1229.76 59.04 7.32442 0.00923748 24.3526
1186.56 43.2 7.37893 -0.0426104 24.2884
1173.6 182.88 7.25339 0.155335 24.0594
1103.04 156.96 7.36026 0.0725248 23.9138
1202.4 174.24 7.31068 0.218229 24.2943
1238.4 135.36 7.30697 0.172054 24.3966
953.28 105.12 7.57976 -0.290057 23.1472
987.84 188.64 7.50984 0.0741433 23.5245
1038.24 190.08 7.41651 0.0977746 23.6718
843.84 603.36 7.5202 1.46024 22.5496
900 528.48 7.47937 1.09835 23.0895
908.64 620.64 7.407 1.38214 23.1235
686.88 587.52 8.09814 1.69416 21.7512
774.72 601.92 7.69619 1.64586 21.8672
833.76 408.96 7.64917 0.726713 22.1988
933.12 423.36 7.46117 0.748427 23.1898
947.52 368.64 7.46902 0.573342 23.2586
810.72 518.4 7.65359 1.20288 22.2639
1107.36 603.36 7.2089 1.10123 23.9883
1249.92 609.12 7.14651 1.01386 24.3914
1186.56 676.8 7.16392 1.17891 24.252
1213.92 653.76 7.16904 1.11267 24.3441
1020.96 584.64 7.29362 1.13378 23.699
956.16 599.04 7.45766 1.19646 23.7274
1036.8 593.28 7.2828 1.13791 23.7801
966.24 672.48 7.39072 1.37439 23.7094
967.68 649.44 7.38323 1.33314 23.6429
1144.8 509.76 7.24874 0.883034 24.1781
1126.08 456.48 7.26571 0.774309 24.0767
948.96 440.64 7.42449 0.789641 23.2727
1003.68 455.04 7.39865 0.814055 23.7064
977.76 485.28 7.45801 0.904639 23.7377
1081.44 450.72 7.27797 0.769476 23.8909
171.072 138.24 9.99453 0.340558 23.4181
143.424 138.24 10.081 0.356018 23.4304
850.176 254.016 7.71781 0.0878707 22.3732
65.664 89.856 10.3369 0.26494 23.4735
108.864 252.288 10.2306 0.732258 23.2557
202.176 276.48 9.67879 0.751744 23.6039
231.552 352.512 9.45344 0.951352 23.7556
243.648 331.776 9.51292 0.88729 23.6114
400.896 271.296 10.4532 0.285681 20.0399
407.808 236.736 10.9513 -0.127133 18.6818
428.544 252.288 10.7952 -0.0645615 18.5862
768.96 283.392 7.99472 0.16248 21.7682
136.512 141.696 10.0868 0.377764 23.4501
134.784 114.048 10.1 0.290116 23.4647
145.152 107.136 10.0833 0.257909 23.4434
247.104 385.344 9.38671 1.02581 23.7692
222.912 395.712 9.39014 1.06006 23.8712
248.832 380.16 9.35571 1.01469 23.8218
400.896 231.552 10.5055 0.0154595 20.065
762.048 264.384 8.03486 -0.0157241 21.2057
895.104 464.832 7.62936 0.891756 23.5728
881.28 463.104 7.54644 0.903077 22.9328
915.84 527.04 7.42083 1.09123 23.0225
181.44 119.232 9.96928 0.273562 23.4263
279.936 350.784 9.32965 0.922318 23.7455
259.2 345.6 9.41001 0.914984 23.6955
682.56 343.872 8.50557 0.287394 18.531
749.952 285.12 8.07552 0.0996863 21.0467
877.824 385.344 7.55816 0.619411 22.6348
202.176 357.696 9.49574 0.983127 23.8174
190.08 333.504 9.50929 0.918116 23.8839
350.784 228.096 10.2282 0.250096 21.4893
404.352 449.28 10.4202 1.57167 19.26
667.008 397.44 8.51416 0.777177 19.0862
699.84 311.04 8.40461 0.0289209 18.8836
774.144 319.68 7.93931 0.333337 21.742
658.368 482.112 8.45512 1.42916 18.9417
796.608 193.536 7.93528 -0.360984 21.4996
801.792 169.344 7.93783 -0.524885 21.3535
409.536 354.24 10.5279 0.841665 19.3137
404.352 381.888 10.5188 1.05487 19.3291
646.272 312.768 9.16998 -0.280703 15.0681
667.008 295.488 8.83449 -0.298121 16.9241
371.52 247.104 10.3441 0.261874 20.8844
404.352 302.4 10.5288 0.477205 19.6409
385.344 300.672 10.3514 0.525877 20.4809
414.72 432 10.3414 1.42527 19.3715
419.904 279.936 10.5578 0.258495 19.3594
426.816 328.32 10.3267 0.632187 19.6283
658.368 321.408 8.85061 0.0346146 17.1901
190.08 214.272 9.85916 0.567664 23.4488
312.768 342.144 9.47268 0.879601 23.2565
305.856 281.664 9.54438 0.690776 23.2331
266.112 302.4 9.52715 0.793711 23.5086
36.288 241.92 10.3182 0.744793 23.4542
44.928 233.28 10.2894 0.711878 23.4643
48.384 349.056 10.1773 1.06421 23.494
100.224 283.392 10.0557 0.835241 23.4849
138.24 293.76 9.7543 0.838837 23.7459
188.352 46.656 10.2072 -0.0531557 23.1344
209.088 158.976 9.85698 0.377259 23.4127
304.128 119.232 10.1078 -0.048591 22.432
101.952 81.216 10.2712 0.195917 23.4169
89.856 191.808 10.1754 0.563037 23.4768
32.832 188.352 10.359 0.587757 23.4786
60.48 120.96 10.324 0.36028 23.4723
544.32 221.184 10.4871 -1.05815 15.787
620.352 240.192 9.59626 -0.993876 15.7117
566.784 222.912 10.385 -1.1959 15.0218
497.664 86.4 9.68862 -0.749477 21.169
549.504 62.208 9.68885 -1.28641 20.2272
547.776 186.624 10.5272 -1.39727 15.895
497.664 165.888 10.0238 -0.645521 19.7218
388.8 155.52 10.4614 -0.361791 20.6481
236.736 568.512 9.28572 1.49828 23.8167
196.992 549.504 9.36059 1.45576 23.8798
279.936 590.976 9.18359 1.54428 23.7474
328.32 561.6 9.30199 1.58298 23.1663
283.392 566.784 9.20889 1.48871 23.6944
209.088 661.824 9.26324 1.71156 23.886
305.856 686.016 9.28523 2.00191 23.1581
267.84 651.456 9.1272 1.66331 23.8686
259.2 641.088 9.17235 1.65327 23.8365
86.4 587.52 9.58499 1.58579 23.9472
160.704 558.144 9.44236 1.49039 23.9017
77.76 677.376 9.58525 1.81938 23.8986
136.512 648 9.45581 1.72275 23.8919
200.448 442.368 9.4381 1.19267 23.8423
207.36 393.984 9.40728 1.06058 23.9104
259.2 404.352 9.32834 1.071 23.7908
317.952 361.152 9.45794 0.940746 23.2147
293.76 399.168 9.31304 1.05013 23.6416
231.552 464.832 9.36213 1.23623 23.8053
286.848 490.752 9.29042 1.31113 23.6041
278.208 449.28 9.27881 1.18238 23.7451
89.856 361.152 10.0262 1.07155 23.5047
58.752 397.44 9.94076 1.17045 23.7082
177.984 395.712 9.47749 1.08296 23.9099
105.408 362.88 9.99992 1.06697 23.4706
58.752 461.376 9.59562 1.26087 24.1251
174.528 461.376 9.45392 1.24126 23.9107
537.408 658.368 8.62004 1.88941 22.6628
333.504 578.88 9.27344 1.63812 23.151
333.504 641.088 9.22318 1.8302 23.164
473.472 686.016 8.75731 1.90029 23.057
516.672 476.928 9.91802 1.78948 17.2196
855.36 222.912 7.73455 -0.0268282 22.4453
810.432 198.72 7.89962 -0.198918 22.0554
812.16 343.872 7.7458 0.418221 21.7406
933.12 345.6 7.52827 0.511271 23.2682
881.28 355.968 7.66214 0.568842 23.1937
941.76 314.496 7.51775 0.415596 23.2953
646.272 241.92 9.17184 -0.899111 16.4743
720.576 266.112 8.30607 -0.277575 19.3818
931.392 190.08 7.60877 0.0238249 23.2388
907.2 184.896 7.62824 -0.0937812 22.8851
679.104 77.76 8.77582 -1.26018 20.3946
668.736 138.24 8.7184 -0.728716 20.8518
1216.51 274.752 7.2201 0.387977 24.2336
1213.06 274.752 7.22117 0.388812 24.2336
1152.58 288.576 7.28123 0.41027 24.1151
1214.78 314.496 7.20753 0.466574 24.2269
988.416 202.176 7.49535 0.105588 23.4907
964.224 216 7.53749 0.132751 23.4105
1076.54 228.096 7.3797 0.241805 23.882
1059.26 235.008 7.4038 0.252771 23.8352
1036.8 330.048 7.40601 0.495532 23.8221
1169.86 44.928 7.37346 -0.0824486 24.2024
1131.84 67.392 7.39383 -0.0701287 24.0996
1223.42 65.664 7.3322 0.0257136 24.3656
1173.31 183.168 7.27458 0.175703 24.0977
1204.42 133.056 7.32548 0.142142 24.322
969.408 32.832 7.55944 -0.56275 23.1179
1074.82 96.768 7.39255 -0.126633 23.7614
1080 39.744 7.40903 -0.282402 23.7589
1095.55 162.432 7.38819 0.101309 23.9669
1038.53 190.08 7.41484 0.0983295 23.6679
812.16 559.872 7.60504 1.37531 22.1836
812.16 637.632 7.58758 1.64771 22.4546
879.552 677.376 7.44231 1.60275 23.0202
775.872 603.072 7.68806 1.65344 21.7774
699.84 620.352 8.02015 1.78376 21.8322
741.312 630.72 7.83215 1.78508 21.8653
851.904 502.848 7.55777 1.07941 22.5804
755.136 378.432 7.98582 0.655575 22.0401
658.368 511.488 8.37782 1.60012 19.6079
782.784 478.656 7.75978 1.0736 21.834
1133.57 604.8 7.20943 1.08469 24.1066
1161.22 544.32 7.25588 0.938376 24.2545
1214.78 596.16 7.1867 1.00642 24.3447
1140.48 637.632 7.19827 1.13873 24.1416
1176.77 653.184 7.17391 1.1483 24.227
1176.77 630.72 7.19727 1.08874 24.2687
957.312 599.616 7.45426 1.2001 23.7203
962.496 672.192 7.39928 1.37738 23.6982
1009.15 632.448 7.31652 1.25085 23.7141
967.68 649.728 7.38323 1.33314 23.6429
1059.26 682.56 7.32985 1.27311 24.1174
1119.74 364.608 7.34622 0.593326 24.1636
1197.5 442.368 7.21251 0.728217 24.249
1074.82 440.64 7.30749 0.752965 23.8964
978.048 485.568 7.43894 0.906124 23.6543
1003.97 454.464 7.39837 0.811794 23.7065
1081.73 451.008 7.27021 0.771834 23.8626
1031.62 451.008 7.36609 0.795707 23.8194
846.72 65.664 7.7952 -1.16782 21.2486
790.042 267.494 7.90517 0.0593132 21.6577
862.618 371.174 7.64459 0.597237 22.7997
114.048 107.827 10.2248 0.26603 23.3783
122.342 87.0912 10.1257 0.237788 23.5169
352.512 275.789 9.4833 0.620854 23.0632
682.214 311.04 8.57954 -0.0294766 18.0183
748.57 286.157 8.09032 0.176435 21.5833
723.687 296.525 8.18848 0.17582 21.1065
731.981 340.07 8.09994 0.42217 21.2596
796.263 257.126 7.87783 -0.0794399 21.2692
344.218 321.408 9.51597 0.788478 22.95
796.263 192.845 7.93414 -0.41609 21.2901
800.41 170.035 7.93846 -0.531932 21.3158
404.352 255.053 10.4924 0.154441 19.9509
423.014 317.261 10.5029 0.537017 19.2892
427.162 327.629 10.4565 0.610357 19.2518
215.654 250.906 9.01006 0.761501 24.6774
308.966 209.434 9.57201 0.454077 23.2822
238.464 350.438 9.42275 0.941722 23.7777
311.04 342.144 9.44428 0.881903 23.3267
66.3552 250.906 10.2256 0.754171 23.4449
45.6192 232.243 10.2732 0.713957 23.4993
151.373 269.568 9.75219 0.770024 23.7267
145.152 240.538 9.80477 0.694731 23.6974
62.208 323.482 10.1596 0.976817 23.4793
138.931 323.482 9.73376 0.921087 23.7364
255.053 82.944 9.88835 0.058255 23.2054
188.698 45.6192 10.2469 -0.0725058 23.0771
286.157 111.974 9.8676 0.0874602 23.012
290.304 60.1344 9.89208 -0.110543 23.0198
205.286 157.594 9.85418 0.387696 23.4567
228.096 120.269 9.84431 0.236156 23.3765
221.875 153.446 9.79036 0.362943 23.4708
292.378 186.624 9.79888 0.342133 22.9729
302.746 118.195 9.82785 0.0753534 22.9731
174.182 41.472 10.2992 -0.0753849 23.0654
43.5456 190.771 10.345 0.586442 23.4496
89.1648 141.005 10.2611 0.396538 23.4125
545.357 221.875 10.5557 -1.0922 15.5118
495.59 223.949 10.7443 -0.695318 17.0377
622.08 240.538 9.47642 -0.860764 16.4505
566.093 223.949 10.3815 -1.17042 15.0231
408.499 205.286 10.6269 -0.240992 19.6931
429.235 252.979 10.7437 -0.0346472 18.7394
468.634 223.949 11.2756 -0.77582 16.1064
404.352 302.746 10.2809 0.515226 20.3483
547.43 186.624 8.73814 0.318471 23.6178
636.595 192.845 9.19935 -0.97044 18.1737
479.002 89.1648 9.80181 -0.722768 21.158
348.365 174.182 10.0812 0.0490256 21.9165
387.763 155.52 10.4572 -0.351947 20.6443
460.339 157.594 10.4368 -0.733504 19.3693
483.149 153.446 10.3573 -0.886557 19.0011
215.654 568.167 9.30845 1.49414 23.8691
196.992 549.504 9.38815 1.46668 23.8196
327.629 574.387 9.28944 1.62617 23.1699
279.936 588.902 9.19139 1.54632 23.7376
327.629 559.872 9.30209 1.57963 23.165
263.347 524.621 9.29444 1.40034 23.6951
230.17 673.92 9.21624 1.74534 23.8534
207.36 659.405 9.27816 1.71962 23.8766
311.04 657.331 9.24668 1.86617 23.2602
267.494 649.037 9.14664 1.67077 23.8331
333.85 638.669 9.22788 1.83495 23.1494
284.083 634.522 9.16037 1.66521 23.7206
89.1648 584.755 9.59494 1.58547 23.9199
39.3984 561.946 9.52117 1.46533 24.2168
143.078 595.123 9.40519 1.55553 23.9942
155.52 657.331 9.35961 1.71781 23.9512
136.858 646.963 9.41939 1.69639 23.9433
149.299 640.742 9.41455 1.69188 23.8966
257.126 404.352 9.32834 1.071 23.7908
199.066 441.677 9.4381 1.19267 23.8423
319.334 435.456 9.40556 1.18301 23.2065
296.525 402.278 9.32603 1.06502 23.5969
294.451 398.131 9.29884 1.04017 23.675
205.286 464.486 9.38212 1.2432 23.8933
323.482 499.738 9.34803 1.39328 23.1872
331.776 443.75 9.36771 1.2045 23.1841
275.789 447.898 9.31461 1.18819 23.6716
43.5456 429.235 9.64843 1.19879 24.1257
105.754 360.806 9.98606 1.06249 23.4983
58.0608 396.058 9.94309 1.17198 23.7103
103.68 445.824 9.65766 1.2495 23.8958
161.741 445.824 9.53315 1.22551 23.8476
138.931 447.898 9.54998 1.22923 23.9133
503.885 539.136 9.15559 1.77957 21.0439
514.253 622.08 8.75934 1.83803 22.4731
344.218 561.946 9.26555 1.58526 23.1249
449.971 530.842 9.5758 1.86728 20.6343
630.375 518.4 8.60663 1.74876 18.893
474.854 491.443 9.70498 1.71802 19.7093
856.397 342.144 7.62713 0.443079 22.3573
810.778 344.218 7.7454 0.425231 21.6725
881.28 354.586 7.65921 0.569237 23.1937
875.059 308.966 7.6176 0.325038 22.5671
790.042 226.022 7.91743 -0.267763 21.0422
719.539 230.17 8.36401 -0.568467 19.2222
665.626 296.525 9.00141 -0.564292 14.7067
781.747 342.144 7.87433 0.433061 21.5433
790.042 279.936 7.89935 0.104599 21.5675
835.661 159.667 7.83665 -0.308916 22.3178
839.808 149.299 7.84105 -0.364027 22.2867
899.943 155.52 7.66984 -0.179227 22.9113
682.214 192.845 8.74002 -0.949864 18.6061
667.699 136.858 8.74352 -0.778074 20.6724
779.674 132.71 8.07159 -0.941855 20.6327
1150.85 288.23 7.27382 0.403434 24.0941
1208.91 356.659 7.26084 0.570096 24.3347
1181.95 284.083 7.23951 0.39668 24.1424
1011.92 255.053 7.4618 0.296122 23.7069
962.151 213.581 7.54507 0.140763 23.4564
989.107 292.378 7.34735 0.290729 23.1174
1113.52 76.7232 7.40162 -0.0775935 24.0181
1132.19 66.3552 7.39447 -0.0733764 24.0999
1227.57 97.4592 7.3194 0.0860088 24.3555
1134.26 151.373 7.32011 0.0693481 23.9876
1173.66 182.477 7.25898 0.162083 24.0769
953.856 103.68 7.59332 -0.253579 23.2644
972.519 70.5024 7.56241 -0.350925 23.3283
1043.02 114.048 7.43874 -0.109235 23.6407
1078.27 39.3984 7.40919 -0.283255 23.7549
881.28 595.123 7.43798 1.37319 22.7939
906.163 537.062 7.43077 1.13389 23.003
897.869 528.768 7.46098 1.11159 22.9931
785.895 537.062 7.69463 1.35278 21.6865
700.877 620.006 8.01624 1.77543 21.9692
740.275 628.301 7.83584 1.77738 21.9347
852.25 501.811 7.56365 1.08332 22.6261
941.415 493.517 7.41175 0.959643 23.2374
773.453 369.101 7.90869 0.585581 22.018
719.539 389.837 8.14084 0.727181 21.6676
1210.98 593.05 7.1852 1.00576 24.3402
1111.45 624.154 7.2079 1.14536 24.0334
1213.06 653.184 7.15625 1.11646 24.3123
1171.58 644.89 7.15325 1.14281 24.178
1011.92 526.694 7.39707 0.984553 23.8695
1020.21 568.167 7.10332 1.14346 23.1133
966.298 649.037 7.41569 1.31544 23.7398
1043.02 675.994 7.30716 1.29872 23.9652
1092.79 626.227 7.24722 1.14997 24.0388
1196.47 441.677 7.21237 0.728919 24.2489
1196.47 360.806 7.27368 0.583096 24.3159
1142.55 510.106 7.25638 0.880086 24.1761
1125.96 456.192 7.26474 0.776007 24.0766
1206.84 514.253 7.16558 0.863779 24.2414
999.475 377.395 7.42078 0.610246 23.6336
1074.12 439.603 7.3213 0.754017 23.9461
1020.21 373.248 7.40406 0.603684 23.7326
1007.77 520.474 7.37669 0.977489 23.7555
976.666 485.222 7.43894 0.906124 23.6543
1009.84 464.486 7.40171 0.838165 23.7799
1074.12 508.032 7.29701 0.910273 23.9463
1020.21 510.106 7.37941 0.944009 23.8503
1080.35 449.971 7.27433 0.770761 23.8765
678.067 76.7232 8.75951 -1.22794 20.5353
843.955 66.3552 7.79447 -1.16587 21.2518
811.192 559.872 7.60057 1.3989 21.9658
253.809 343.388 9.39423 0.917238 23.7671
238.879 348.365 9.41497 0.940871 23.8005
699.218 400.62 8.19629 0.822921 22.4965
634.522 338.412 9.11489 0.141497 16.2272
893.307 358.318 7.64088 0.573339 23.2545
880.865 353.341 7.65475 0.550257 23.0626
345.877 320.993 9.51396 0.789976 22.9576
480.246 651.94 8.81922 1.89878 22.7505
1211.81 273.715 7.22179 0.388112 24.2332
345.877 119.439 10.083 -0.176559 22.1242
1114.77 74.6496 7.40611 -0.0733221 24.0486
1134.67 151.788 7.31658 0.0720271 23.9864
1194.39 360.806 7.27266 0.583203 24.3159
544.942 111.974 9.98299 -1.36315 18.8257
495.176 84.6029 9.70771 -0.761017 21.138
1050.07 111.974 7.45688 -0.0750147 23.7808
1226.74 97.0445 7.31533 0.0788867 24.354
1224.25 64.6963 7.32863 0.017057 24.3569
497.664 164.229 10.2503 -0.829399 19.0356
776.356 602.174 7.69012 1.66654 21.6525
1114.77 363.295 7.34606 0.593992 24.1607
492.687 223.949 10.7443 -0.695318 17.0377
701.706 539.966 8.07577 1.41264 22.0921
1069.98 199.066 7.3884 0.152204 23.8132
1037.63 189.112 7.4182 0.10296 23.6804
1209.32 355.83 7.2657 0.57043 24.3451
1179.46 283.669 7.27853 0.416557 24.2367
1172 181.647 7.25767 0.160322 24.0732
102.021 445.409 9.65255 1.24489 23.8933
62.208 442.921 9.65308 1.23442 24.0623
773.868 368.271 7.91134 0.591171 21.9921
953.027 102.021 7.58843 -0.266591 23.2484
962.98 213.996 7.5361 0.11556 23.3471
420.526 440.433 10.6244 1.56891 18.2006
278.692 589.732 9.19447 1.5457 23.7444
328.458 557.384 9.30439 1.5758 23.1651
654.428 191.601 8.99301 -0.89744 18.7261
684.288 131.881 8.64859 -0.831848 20.6762
1147.12 559.872 7.21768 0.97681 24.145
719.125 134.369 8.43443 -0.877817 20.5924
1032.65 525.036 7.32938 0.972003 23.7834
1104.81 517.571 7.29129 0.913772 24.0878
1124.72 462.828 7.27416 0.794527 24.1138
308.552 659.405 9.29477 1.90865 23.1581
333.435 619.592 9.22007 1.76903 23.2026
564.849 223.949 10.3815 -1.17042 15.0231
1055.05 233.902 7.40729 0.250955 23.8407
1206.84 457.851 7.18848 0.756216 24.2537
109.486 325.97 9.97506 0.954931 23.544
62.208 323.482 10.1596 0.976817 23.4793
144.323 592.22 9.40519 1.55553 23.9942
1211.81 651.94 7.15136 1.11556 24.315
1174.49 651.94 7.1745 1.14211 24.2238
1174.49 627.057 7.18827 1.09216 24.232
557.384 594.709 8.58208 1.62129 22.7197
136.858 646.963 9.41939 1.69639 23.9433
89.5795 191.601 10.1654 0.564765 23.4925
92.0679 139.346 10.2405 0.394156 23.4335
669.358 261.274 8.88297 -0.668996 16.8072
898.284 156.764 7.78789 0.0663209 23.6546
176.671 395.643 9.44596 1.07359 23.9768
1226.74 587.244 7.15652 0.994069 24.3292
1229.23 539.966 7.21414 0.902443 24.415
948.05 437.944 7.46547 0.787839 23.4613
1000.3 375.736 7.42299 0.615248 23.6473
1147.12 654.428 7.18268 1.16835 24.14
1109.79 602.174 7.21837 1.09803 24.0008
151.788 482.734 9.46874 1.30368 23.9621
139.346 450.386 9.54487 1.23216 23.9198
228.925 462.828 9.34739 1.23309 23.8444
323.482 500.152 9.35035 1.38651 23.1882
333.435 442.921 9.37147 1.20329 23.1786
1010.26 666.87 7.30416 1.33627 23.7315
995.328 599.685 7.3656 1.18501 23.7209
953.027 599.685 7.46123 1.20571 23.7267
1015.23 365.783 7.39671 0.579829 23.6755
828.611 430.479 7.65341 0.833049 22.2064
793.774 370.76 7.79657 0.563424 21.7082
1079.93 450.386 7.27262 0.770974 23.8588
851.006 500.152 7.56577 1.08356 22.5748
841.052 457.851 7.58621 0.918516 22.2902
1067.49 607.15 7.24544 1.14245 23.8881
1077.44 348.365 7.32664 0.533309 23.8537
1032.65 283.669 7.94238 0.726336 25.4043
296.11 400.62 9.32573 1.06021 23.6107
256.297 403.108 9.33655 1.06906 23.7793
246.344 383.201 9.39036 1.01979 23.77
209.019 378.225 9.44348 1.02537 23.8457
935.608 268.739 7.56089 0.277595 23.256
900.772 276.204 7.64288 0.300563 23.157
258.785 639.498 9.19748 1.67493 23.7726
206.531 656.917 9.24621 1.69435 23.9362
233.902 627.057 9.25691 1.64616 23.8025
226.437 634.522 9.28984 1.68176 23.7768
425.503 226.437 10.6298 -0.171702 19.2908
953.027 597.197 7.4601 1.2046 23.6758
1010.26 527.524 7.18554 1.01605 23.2137
151.788 268.739 9.73172 0.770962 23.7513
388.178 156.764 9.24641 0.291067 23.5434
898.284 527.524 7.46342 1.11064 22.9978
325.97 67.1846 9.98252 -0.24048 22.5955
233.902 567.337 9.29701 1.49625 23.8008
243.855 539.966 9.27566 1.41783 23.8118
196.577 549.919 9.35298 1.45117 23.9
706.683 457.851 8.13883 1.03246 21.6999
880.865 462.828 7.53807 0.904115 22.9503
216.484 251.32 9.7139 0.671115 23.5063
828.611 525.036 7.59815 1.20366 22.4026
161.741 355.83 9.56757 0.986575 23.8747
154.276 316.017 9.68809 0.89844 23.7529
146.811 316.017 9.69693 0.897579 23.7673
174.182 151.788 9.92548 0.394742 23.4941
141.834 139.346 10.061 0.360275 23.462
186.624 84.6029 9.71931 0.261225 23.8158
189.112 47.2781 10.274 -0.0917437 23.0406
256.297 84.6029 9.81138 0.0946519 23.3198
808.704 358.318 7.73894 0.498496 21.7552
938.097 286.157 7.54633 0.32852 23.2632
263.762 298.598 9.53174 0.78513 23.5026
293.622 186.624 9.79423 0.34422 22.961
286.157 154.276 9.82995 0.244872 23.0274
311.04 253.809 9.70718 0.557524 22.9126
308.552 209.019 9.57269 0.451704 23.2791
614.615 316.017 10.0538 -0.519867 11.064
403.108 273.715 10.6617 0.235617 19.5409
408.085 204.042 10.5233 -0.203903 20.0178
373.248 231.414 10.2009 0.21506 21.2455
781.333 340.9 7.88322 0.425351 21.5803
788.798 281.18 7.89959 0.102592 21.5586
584.755 432.968 10.3052 1.55619 10.0046
681.8 311.04 8.57238 -0.0284899 18.1326
843.541 67.1846 7.78406 -1.27114 20.9906
89.5795 355.332 10.0624 1.05492 23.4603
62.7057 322.486 10.1252 0.975985 23.5291
56.7337 286.655 10.2117 0.870549 23.4774
1128.7 462.828 7.27151 0.787708 24.113
1092.87 441.926 7.2864 0.750541 23.9503
1086.9 358.318 7.3915 0.580245 24.1284
1149.6 286.655 7.29044 0.405784 24.1358
283.669 636.015 9.16689 1.66759 23.7053
334.43 618.099 9.23145 1.77374 23.1633
680.805 194.089 8.73418 -0.930768 18.7176
328.458 576.295 9.25703 1.60625 23.2384
274.711 591.225 9.19139 1.54632 23.7376
1176.48 627.057 7.18664 1.09166 24.2326
949.543 352.346 7.48547 0.533292 23.2917
940.585 286.655 7.54661 0.326567 23.2813
1071.97 274.711 7.39196 0.368448 23.9266
1015.23 253.809 7.45904 0.295794 23.7112
1057.04 232.907 7.41671 0.26706 23.8433
1197.38 441.926 7.21427 0.728065 24.2605
546.435 220.963 10.5737 -1.0893 15.4448
492.687 223.949 10.8614 -0.737661 16.7024
653.931 241.865 9.10327 -0.859851 16.6919
752.468 140.341 8.24533 -0.888526 20.5885
734.552 134.369 8.33324 -0.903583 20.5554
964.473 212.005 7.53677 0.120136 23.3729
86.5936 92.5655 10.2588 0.246633 23.4819
59.7197 119.439 10.3175 0.373289 23.4832
107.495 80.6216 10.3871 0.140446 23.2209
65.6917 68.6776 10.4236 0.166966 23.3683
1095.86 653.931 7.24758 1.20613 24.0498
1131.69 600.183 7.22924 1.06851 24.1458
1113.77 612.127 7.20061 1.11165 24.0014
89.5795 191.103 10.1489 0.564533 23.5116
910.725 65.6917 7.67935 -0.542599 22.8152
889.823 83.6076 7.7194 -0.544214 22.6323
1003.29 158.257 7.64697 0.202869 24.1651
1107.8 534.491 7.28906 0.945879 24.1065
1161.55 588.239 7.20253 1.03147 24.1917
164.229 203.047 9.95455 0.547287 23.4264
176.173 152.285 9.94003 0.392166 23.4846
1003.29 573.309 7.35106 1.11082 23.7238
194.089 561.365 9.37016 1.48591 23.8729
146.313 573.309 9.4143 1.50511 23.9889
161.243 528.519 9.43056 1.41041 23.9492
149.299 483.729 9.53185 1.32476 23.8617
137.355 450.884 9.54998 1.22923 23.9133
241.865 477.758 9.32777 1.27688 23.7834
325.472 501.645 9.34227 1.4095 23.1846
283.669 465.814 9.27385 1.22498 23.6876
716.636 391.164 8.15092 0.73936 21.9285
812.188 197.075 7.89808 -0.205304 22.0094
113.467 268.739 10.0875 0.789532 23.4253
68.6776 250.823 10.1478 0.756861 23.561
928.641 555.393 7.39886 1.15798 23.1562
874.893 591.225 7.47696 1.36076 22.8496
907.739 241.865 7.65238 0.225112 23.3233
158.257 435.954 9.54813 1.19823 23.8502
179.159 394.15 9.44596 1.07359 23.9768
146.313 367.276 9.6146 1.03839 23.8534
232.907 567.337 9.29558 1.49861 23.7999
259.781 525.533 9.24402 1.37685 23.7959
821.146 615.113 7.58572 1.53653 22.568
1074.95 432.968 7.27084 0.723256 23.7833
1063.01 394.15 7.36488 0.646709 23.9144
1018.22 367.276 7.39912 0.583301 23.6809
256.795 403.108 9.35219 1.07433 23.7502
209.019 435.954 9.47982 1.17786 23.7318
244.851 367.276 9.44205 0.980456 23.6844
304.57 89.5795 9.79853 0.0158177 23.0511
830.104 429.982 7.64745 0.809866 22.187
836.076 385.192 7.66174 0.607696 22.1107
818.16 364.29 7.7205 0.530762 21.9173
868.922 633.029 7.44872 1.51727 22.7776
877.879 600.183 7.61408 1.24481 23.6289
967.459 647.959 7.38474 1.33214 23.6456
1027.18 639.001 7.32286 1.22934 23.8776
1071.97 609.141 7.24544 1.14245 23.8881
77.6356 400.122 9.93246 1.17168 23.6441
56.7337 397.136 9.94401 1.17092 23.7094
471.786 220.963 11.1214 -0.716343 16.6523
1077.94 346.374 7.32884 0.527755 23.8544
949.543 435.954 7.43647 0.779296 23.3007
955.515 361.304 7.46884 0.545922 23.3464
194.089 212.005 9.86444 0.562621 23.4334
217.977 343.388 9.47184 0.929383 23.7928
409.08 203.047 10.5788 -0.239746 19.8817
349.36 194.089 10.0971 0.134207 21.8631
809.202 558.379 7.60535 1.39576 22.0218
214.991 203.047 9.79445 0.515432 23.4393
244.851 155.271 9.76037 0.347994 23.4003
197.075 143.327 9.86776 0.351645 23.4839
758.44 214.991 8.09326 -0.402863 20.6986
851.006 501.645 7.69359 1.03447 23.4006
842.048 456.856 7.62308 0.928852 22.4781
815.174 450.884 7.68354 0.916004 22.1203
295.612 403.108 9.32458 1.05849 23.6107
883.851 352.346 7.6623 0.555761 23.2125
901.767 307.556 7.61695 0.397288 23.2145
310.542 289.641 9.47326 0.716297 23.3633
313.528 253.809 9.68748 0.563465 22.9557
364.29 247.837 9.53681 0.495741 22.8901
788.3 286.655 7.89392 0.133756 21.5246
346.374 325.472 9.54296 0.791576 22.8722
349.36 373.248 9.46657 0.964606 22.953
1194.39 361.304 7.28105 0.586437 24.3109
779.342 498.659 7.7492 1.18487 21.6641
1039.12 188.117 7.4182 0.10296 23.6804
1173.49 182.145 7.25169 0.151749 24.0493
1113.77 74.6496 7.41095 -0.063329 24.0594
1167.52 259.781 7.28337 0.356478 24.1584
677.818 74.6496 8.83554 -1.43326 19.9769
480.743 653.931 8.85041 1.93331 22.6092
98.5375 444.912 9.65766 1.2495 23.8958
447.898 146.313 10.5617 -0.784755 19.4263
474.772 86.5936 9.81319 -0.716674 21.1984
582.267 274.711 10.6182 -1.07977 11.5344
956.709 358.318 7.45635 0.545497 23.2339
985.375 293.821 7.34652 0.279445 23.0837
1139.45 508.812 7.2588 0.882289 24.1611
1103.62 508.812 7.28271 0.894692 24.0755
1128.7 458.647 7.27079 0.789379 24.1129
128.995 200.658 10.0496 0.564882 23.481
93.1627 193.492 10.1558 0.566775 23.4897
93.1627 139.744 10.2229 0.393539 23.4553
114.662 268.739 10.0716 0.786693 23.4265
68.0805 250.823 10.2068 0.754816 23.4636
265.155 648.556 9.19338 1.68854 23.7386
211.408 648.556 9.3104 1.70421 23.8017
612.724 240.073 9.56459 -0.84833 16.5034
838.464 584.059 7.59693 1.35467 22.9037
806.216 558.976 7.60909 1.40413 21.9506
827.715 523.145 7.59857 1.19773 22.3658
784.717 537.477 7.69571 1.36726 21.7289
924.461 193.492 7.61381 0.0195046 23.1731
920.878 164.826 7.60623 -0.12505 22.9587
963.876 648.556 7.39064 1.32681 23.6616
1003.29 587.642 7.36276 1.14827 23.7452
999.708 376.234 7.42747 0.611146 23.6697
942.377 376.234 7.45333 0.578705 23.1057
1071.37 290.238 7.37528 0.387752 23.9086
197.075 433.565 9.27907 1.13433 24.1387
179.159 394.15 9.47749 1.08296 23.9099
315.32 254.406 9.33218 0.632215 23.6878
809.799 634.223 7.58987 1.63145 22.457
899.379 530.311 7.50447 1.09008 23.2604
1017.62 569.726 7.37078 1.07694 23.8774
1024.79 512.395 7.38317 0.94187 23.8702
1071.37 275.905 7.39211 0.365993 23.9196
1014.04 254.406 7.45551 0.28498 23.6787
254.406 401.316 9.36689 1.06987 23.7563
207.825 376.234 9.44626 1.02051 23.8424
250.823 494.479 9.391 1.34972 23.6048
247.24 465.814 9.33906 1.23456 23.7479
326.07 100.329 10.0952 -0.19143 22.3011
326.07 68.0805 9.98369 -0.247099 22.5996
304.57 93.1627 9.75567 0.0315756 23.1536
874.296 591.225 7.41513 1.41125 22.4854
218.574 143.327 9.82999 0.343956 23.401
268.739 268.739 9.66238 0.676956 23.297
204.241 279.488 9.67253 0.763461 23.6049
211.408 247.24 9.59342 0.681351 23.7326
300.987 340.402 9.5199 0.883182 23.236
308.154 290.238 9.40339 0.731529 23.5243
834.881 383.4 7.67152 0.628647 22.4714
816.965 361.901 7.70496 0.504746 21.7636
895.795 279.488 7.64924 0.302384 23.12
942.377 494.479 7.40666 0.95989 23.2485
978.209 465.814 7.60802 0.861852 24.2737
1024.79 641.39 7.32286 1.22934 23.8776
1006.87 598.391 7.36593 1.15461 23.8107
293.821 401.316 9.28885 1.03996 23.7162
408.483 200.658 10.624 -0.263734 19.7623
849.214 501.645 7.69394 1.03269 23.4007
838.464 458.647 7.62535 0.934715 22.5304
813.382 451.481 7.68476 0.918071 21.9215
1074.95 472.98 7.29441 0.831126 23.8904
1017.62 437.148 7.40718 0.763953 23.8242
193.492 562.56 9.36871 1.48932 23.8789
197.075 548.227 9.38952 1.46102 23.8295
164.826 530.311 9.44477 1.41064 23.9118
426.399 254.406 10.8785 -0.0691664 18.3612
469.397 222.157 11.1296 -0.747472 16.5351
809.799 197.075 7.90058 -0.310484 21.6224
1071.37 429.982 7.26639 0.720787 23.7825
200.658 96.7459 9.91292 0.193041 23.4388
150.494 68.0805 10.3751 0.0262731 23.071
207.825 121.828 9.90218 0.249975 23.3896
254.406 82.4132 9.74178 0.127213 23.4768
881.463 465.814 7.52664 0.914807 22.7946
164.826 354.735 9.57633 0.976004 23.8678
254.406 343.985 9.40335 0.917345 23.7409
204.241 286.655 9.66416 0.763048 23.6063
440.731 293.821 10.8257 0.221064 17.9672
730.969 261.572 8.19713 0.00375961 21.2235
716.636 232.907 8.3693 -0.521723 19.3651
154.077 275.905 9.74402 0.79088 23.7028
885.046 372.651 7.63379 0.625986 23.2363
813.382 254.406 7.82853 0.0417832 21.9963
834.881 232.907 7.77826 -0.00947651 22.2452
623.474 426.399 8.9906 1.13461 16.5278
584.059 433.565 9.88284 1.45338 13.255
634.223 336.819 9.02704 0.186467 17.1365
637.806 300.987 9.36157 -0.511909 14.3527
351.152 372.651 9.50819 0.963623 22.8397
1117.95 369.068 7.3257 0.592284 24.1002
945.96 569.726 7.48634 1.13775 23.7287
1110.79 623.474 7.22871 1.13116 24.0816
698.72 612.724 8.0149 1.74766 22.0312
971.042 71.6636 7.56329 -0.360794 23.2528
1096.45 161.243 7.37175 0.0999961 23.9384
1207.53 354.735 7.26151 0.556391 24.3198
670.055 132.578 8.72266 -0.76185 20.8038
354.735 612.724 9.25977 1.79966 22.9699
512.395 619.89 8.79153 1.87618 22.3185
494.479 576.892 9.11278 1.92667 21.3327
279.488 490.896 9.09301 1.23383 24.0754
139.744 644.973 9.41503 1.68909 23.9493
333.236 619.89 9.23145 1.77374 23.1633
329.653 573.309 9.25703 1.60625 23.2384
637.806 189.909 9.01509 -0.748622 19.3689
541.06 189.909 10.1313 -1.01056 17.7758
68.0805 68.0805 10.4311 0.166478 23.3718
85.9964 356.885 10.0641 1.06764 23.4638
133.294 318.187 9.57703 0.889283 23.9819
546.077 223.591 10.1683 -0.754138 17.2115
834.165 524.578 7.5749 1.21041 22.2107
786.867 537.477 7.71769 1.32749 21.9724
795.466 584.775 7.6278 1.55666 21.8247
1019.06 567.576 7.36021 1.07787 23.8349
1079.25 472.98 7.29442 0.831139 23.9141
1130.85 460.081 7.28171 0.786743 24.1571
1079.25 451.481 7.30273 0.775421 23.9234
313.887 253.689 9.74154 0.558785 22.7974
644.973 417.082 8.62514 0.981972 19.1029
666.472 275.188 8.86265 -0.44387 17.1415
653.572 240.79 9.12104 -0.92334 16.399
1001.86 374.084 7.43067 0.604798 23.6765
176.293 120.395 9.98347 0.279622 23.4014
249.389 296.687 9.56942 0.778437 23.5238
180.592 275.188 9.69975 0.795849 23.6737
154.793 270.889 9.68677 0.778256 23.8393
193.492 214.991 9.85629 0.564343 23.4453
253.689 81.6965 9.81051 0.0979516 23.3256
279.488 490.179 9.26748 1.30076 23.6707
249.389 494.479 9.38697 1.34355 23.6046
283.788 460.081 9.24245 1.21679 23.7594
227.89 460.081 9.39218 1.23181 23.7829
352.585 417.082 9.65744 1.1844 22.2629
288.088 399.883 9.28885 1.03996 23.7162
348.285 374.084 9.44035 0.965479 23.0128
318.187 374.084 9.45499 0.9866 23.1989
374.084 193.492 9.06004 0.48285 24.0107
391.283 163.393 10.4539 -0.323993 20.6032
842.764 146.194 7.83457 -0.350013 22.3886
210.691 318.187 9.60067 0.868015 23.6589
214.991 141.894 9.8311 0.332775 23.4428
253.689 399.883 9.36056 1.07066 23.7542
971.759 485.879 7.4614 0.904787 23.6961
945.96 494.479 7.40779 0.964001 23.2484
980.359 464.38 7.46928 0.857278 23.7666
266.589 266.589 9.66238 0.676956 23.297
270.889 236.49 9.81473 0.549701 23.0168
214.991 249.389 9.73077 0.666724 23.4795
408.483 305.287 10.5173 0.480044 19.556
636.373 335.386 9.10744 0.154447 16.5924
730.969 262.289 8.20818 -0.218509 20.0471
851.364 288.088 7.719 0.281095 22.6697
838.465 232.19 7.77738 -0.00609076 22.257
808.366 249.389 7.8438 0.0155652 21.893
412.783 275.188 10.7603 0.201687 18.9026
356.885 227.89 10.0801 0.279131 21.7662
1079.25 365.485 7.39153 0.608743 24.0901
1023.36 580.475 7.29458 1.13245 23.6989
954.56 597.675 7.44063 1.2171 23.7175
1165.25 584.775 7.1656 1.0376 24.1003
1109.35 614.874 7.21452 1.13607 24.0299
1160.95 528.878 7.26277 0.917103 24.2669
782.567 498.779 7.72741 1.22013 21.2319
713.77 391.283 8.16822 0.734823 21.6626
735.269 623.474 7.88161 1.7631 21.8826
662.172 520.278 8.32499 1.67344 19.7445
872.863 589.075 7.45943 1.38063 22.7783
1040.56 184.892 7.41719 0.0949314 23.6637
963.159 210.691 7.56648 0.161133 23.5802
1040.56 111.795 7.45027 -0.102421 23.6619
1173.85 180.592 7.24818 0.151365 24.0495
1070.65 288.088 7.37073 0.389868 23.8688
1165.25 262.289 7.28361 0.358676 24.1563
748.168 137.594 8.29383 -0.991999 20.1782
176.293 460.081 9.51262 1.25357 23.8016
94.596 447.181 9.62618 1.2355 23.9649
335.386 614.874 9.24561 1.76657 23.1497
331.086 571.876 9.24743 1.59582 23.2647
580.475 193.492 10.1235 -1.3956 15.9569
94.596 137.594 10.2184 0.384318 23.4443
913.281 541.777 7.42271 1.13304 23.0222
851.364 536.617 7.4659 1.23544 22.3195
897.802 531.458 7.45951 1.10166 22.8795
882.323 350.865 7.65631 0.544817 23.2196
944.24 567.576 7.50456 1.12704 23.7962
283.788 165.113 9.39311 0.435743 23.8413
247.67 180.592 9.74269 0.412508 23.362
252.829 526.298 9.33515 1.4064 23.6367
232.19 108.355 10.0031 0.134009 23.115
345.705 196.072 10.6919 -0.0621585 20.5591
335.386 165.113 10.0817 0.0399313 22.1259
655.292 242.51 9.12616 -0.937617 16.3928
670.772 495.339 8.29667 1.4225 19.6282
954.56 417.942 7.4152 0.711595 23.2697
959.719 361.185 7.45635 0.545497 23.2339
944.24 376.664 7.4454 0.573062 23.1102
288.948 402.463 9.3111 1.04608 23.6699
237.35 361.185 9.38181 0.966404 23.85
835.885 386.984 7.73047 0.672048 22.9331
877.163 469.54 7.51859 0.921738 22.7364
851.364 459.221 7.62535 0.934715 22.5304
1042.28 495.339 7.3625 0.8872 23.9157
1026.8 459.221 7.36291 0.805444 23.76
1016.48 438.581 7.40707 0.774039 23.8113
1047.44 242.51 7.41127 0.258445 23.7901
1016.48 252.829 7.43857 0.266894 23.6508
278.628 335.386 9.37971 0.844465 23.6973
227.03 345.705 9.43651 0.928275 23.8607
268.309 304.427 9.54341 0.800667 23.437
562.416 423.102 9.79347 1.30632 15.7507
531.458 268.309 10.298 -0.363104 16.7677
892.642 288.948 7.66402 0.324094 23.1669
227.03 464.38 9.33258 1.22447 23.8982
681.091 309.587 8.57454 -0.0317114 18.2336
804.926 562.416 7.64114 1.37006 22.2601
835.885 330.226 7.67213 0.349024 21.8809
1176.43 454.061 7.13336 0.748174 24.0642
1021.64 583.055 7.37874 1.08562 23.8957
1016.48 521.138 7.37737 0.947619 23.8547
1166.11 593.375 7.15742 1.03333 24.1038
1166.11 541.777 7.23871 0.920129 24.2684
712.05 392.143 8.1546 0.794615 22.1217
877.163 371.504 7.64474 0.617972 23.1053
768.807 614.014 7.70341 1.66815 21.839
701.73 614.014 8.01732 1.75939 21.8527
794.606 588.215 7.62935 1.54623 21.9468
1037.12 113.515 7.45027 -0.102421 23.6619
954.56 98.0359 7.58855 -0.275332 23.2428
1099.03 159.953 7.38681 0.105419 23.9917
1047.44 294.108 7.39981 0.401197 23.836
923.601 257.989 7.59163 0.24849 23.3409
1088.71 356.025 7.33625 0.560754 23.9821
1166.11 263.149 7.28897 0.366629 24.1924
1068.07 288.948 7.37073 0.389868 23.8688
639.813 190.912 9.14737 -0.946171 18.4324
892.642 159.953 7.66768 -0.234381 22.6729
913.281 98.0359 7.67352 -0.340946 23.093
634.653 505.659 8.62073 1.65721 18.8561
515.978 557.256 9.13504 1.88363 20.7384
159.953 454.061 9.5067 1.21117 23.8945
108.355 423.102 9.79743 1.20678 23.6755
319.906 376.664 9.49387 0.995887 23.1031
144.474 593.375 9.42348 1.54456 23.9402
330.226 572.736 9.32666 1.63963 23.0378
268.309 593.375 9.22423 1.56382 23.7056
356.025 521.138 9.4273 1.51271 22.618
490.179 159.953 10.5084 -1.00656 18.4237
448.901 149.634 10.5318 -0.797662 19.3866
536.617 180.592 10.3854 -1.19997 16.9566
407.623 304.427 8.68673 0.804558 24.6495
159.953 206.391 9.97074 0.562565 23.4435
134.154 201.231 10.0178 0.569631 23.516
108.355 330.226 9.9416 0.956852 23.5997
211.551 247.67 9.72 0.665514 23.501
350.865 325.066 9.55606 0.789994 22.8508
314.747 257.989 9.71019 0.560439 22.8919
315.779 371.504 9.45668 0.977654 23.2192
557.256 297.203 10.2603 -0.313986 15.1922
835.885 421.038 7.6814 0.810121 22.6949
798.734 371.504 7.77814 0.532857 21.2527
891.61 439.613 7.5414 0.815472 22.9846
736.817 291.012 8.14239 0.20697 21.4123
811.118 513.914 7.67271 1.17093 22.5658
891.61 284.82 7.67291 0.337106 23.177
959.719 414.846 7.4509 0.718267 23.4601
1064.98 284.82 7.40414 0.397691 23.9127
247.67 396.271 9.37083 1.0771 23.7435
291.012 359.121 9.40861 0.95461 23.526
873.035 421.038 7.62163 0.785759 23.2234
879.227 371.504 7.63904 0.626211 23.1948
848.268 383.888 7.64029 0.629867 22.1514
433.422 235.286 10.7765 -0.241788 18.6407
1021.64 359.121 7.42615 0.56244 23.7801
910.186 470.572 7.55387 0.912649 23.4389
1077.36 371.504 7.39058 0.608416 24.0603
947.336 594.407 7.45276 1.20593 23.6265
1145.47 563.448 7.21985 0.984714 24.138
1102.13 520.106 7.28088 0.888037 24.0722
693.475 433.422 8.20452 0.96993 20.9486
693.475 532.49 8.13749 1.48742 21.4596
873.035 588.215 7.46875 1.37439 22.8026
1040.21 185.752 7.4559 0.136297 23.8243
1003.06 154.793 7.49963 -0.0180411 23.5195
1064.98 222.903 7.39535 0.238468 23.8826
1139.28 148.602 7.30726 0.0636955 23.9989
947.336 340.546 7.62225 0.54768 23.7794
941.144 272.436 7.54518 0.277848 23.2199
1151.66 278.628 7.27577 0.406049 24.1096
674.9 130.027 8.72769 -0.852779 20.6565
873.035 130.027 7.75489 -0.417251 22.3936
829.693 315.779 7.76488 0.385457 22.4216
278.628 451.997 9.31976 1.19292 23.6635
266.245 594.407 9.19447 1.5457 23.7444
359.121 513.914 9.36945 1.47435 22.7734
278.628 495.339 9.27481 1.30687 23.6994
476.764 216.711 11.0573 -0.748426 16.6976
451.997 148.602 10.6948 -0.91621 18.754
594.407 210.519 9.99912 -1.27483 15.638
538.681 179.56 10.2517 -1.11011 17.6056
575.832 272.436 10.0565 -0.637595 15.6293
154.793 272.436 9.78264 0.774158 23.6525
346.737 321.97 9.49196 0.789698 22.9761
260.053 266.245 9.59524 0.680118 23.4526
884.18 408.655 7.47242 0.736588 22.6129
876.75 371.504 7.63795 0.606365 22.97
913.901 200.612 7.63801 0.0104066 23.0255
371.504 289.773 10.4498 0.469492 20.4632
319.494 297.203 9.40431 0.737538 23.5031
735.579 289.773 8.18202 0.142287 20.9194
705.858 260.053 8.43197 -0.610647 18.4674
817.31 497.816 7.7083 1.07901 22.6899
780.159 497.816 8.0548 0.947435 25.0641
839.6 482.956 7.60897 1.02068 22.5817
1040.21 527.536 7.11974 1.02674 23.1708
616.697 341.784 9.01395 0.464853 18.4134
951.051 416.085 7.60044 0.753722 24.0636
899.04 378.934 7.55915 0.626501 23.2296
423.515 356.644 10.0287 0.852132 20.4822
430.945 319.494 10.7869 0.490904 18.2215
1010.49 445.805 7.37878 0.771938 23.6273
1084.79 468.095 7.2748 0.816285 23.9059
1017.92 520.106 7.37931 0.995466 23.7668
683.568 438.375 8.20402 1.00156 21.1874
891.61 557.256 7.43645 1.21362 23.0599
1003.06 156.032 7.49672 -0.02021 23.5219
1062.5 222.903 7.40116 0.236947 23.8555
1099.65 156.032 7.36611 0.0758004 23.8981
1017.92 245.193 7.43986 0.267315 23.6491
921.331 260.053 7.59502 0.241286 23.2632
757.869 208.042 8.08692 -0.507431 20.5439
668.708 267.483 8.97006 -0.673624 16.2369
475.526 423.515 8.44313 0.926904 24.9389
222.903 460.665 9.25075 1.1698 24.0898
156.032 401.225 9.54007 1.09616 23.879
334.354 453.235 9.30248 1.26857 23.2828
356.644 371.504 9.61382 0.97143 22.4709
274.913 557.256 9.2238 1.4632 23.7344
356.644 512.676 9.1889 1.39826 23.3158
475.526 215.473 10.7621 -0.595195 17.7686
453.235 148.602 10.4096 -0.781356 19.437
386.365 170.892 10.4452 -0.261006 20.5442
586.977 208.042 10.1235 -1.3956 15.9569
215.473 178.322 9.81473 0.448833 23.4281
319.494 215.473 9.67913 0.416788 22.9965
215.473 349.214 10.6569 1.01006 21.8624
156.032 312.064 9.675 0.879239 23.728
349.214 326.924 9.77798 0.817236 22.3587
260.053 267.483 10.0937 0.65735 22.5959
775.701 249.651 8.00339 0.153082 22.2964
838.114 481.47 7.59826 1.00307 22.0694
954.023 419.057 7.42369 0.709779 23.265
945.107 445.805 7.43329 0.794444 23.2176
945.107 383.392 7.4459 0.625906 23.3264
1087.76 463.637 7.26779 0.804947 23.8838
1016.44 445.805 7.39628 0.799619 23.7455
909.443 526.05 7.43901 1.01771 23.0301
1025.35 534.966 7.40905 0.963545 23.9911
829.198 436.889 7.6484 0.834122 22.3855
793.533 454.721 7.75619 0.958766 22.1267
686.54 526.05 8.22509 1.53505 20.7647
784.617 526.05 7.7351 1.27807 21.651
775.701 472.554 7.80532 1.05882 22.1448
954.023 249.651 7.5249 0.209586 23.2783
909.443 205.07 7.65456 0.0290844 23.0281
954.023 178.322 7.56143 -0.0133838 23.2487
1096.68 169.406 7.38899 0.107549 24.013
1034.27 187.238 7.41002 0.0635348 23.6407
927.275 258.567 7.59742 0.2322 23.1696
641.96 187.238 8.86224 -0.731037 19.955
847.03 231.819 7.76038 0.030135 22.5544
882.694 347.728 7.64499 0.506097 22.9094
401.225 401.225 9.91676 1.13142 21.0452
222.903 463.637 9.36209 1.23082 23.8403
276.399 454.721 9.32158 1.19293 23.6749
356.644 392.309 9.51306 0.973098 22.7659
276.399 410.141 9.42484 1.10848 23.5083
240.735 526.05 9.34344 1.42539 23.7187
169.406 472.554 9.4753 1.28173 23.9258
267.483 543.882 9.28475 1.44244 23.6654
552.798 240.735 10.1211 -0.744361 16.7911
534.966 196.154 8.79914 0.332478 23.5771
392.309 338.812 10.1662 0.762564 20.803
597.379 285.315 9.2722 -0.112747 18.7453
534.966 267.483 10.5088 -0.688341 14.8342
205.07 240.735 9.81442 0.629074 23.3819
213.987 178.322 9.81416 0.441135 23.4495
312.064 187.238 8.27326 0.839028 25.8587
231.819 356.644 9.61081 0.93636 23.4855
249.651 267.483 9.60502 0.689774 23.4967
347.728 320.98 9.43385 0.79609 23.0639
365.56 285.315 10.0034 0.546755 21.6989
