510 611 -5.75495 -1.52246 16.053
160 1056 -5.26668 -1.00974 13.964
1018 496 -4.42899 -1.66831 18.4405
1825 1015 -3.02653 -1.36622 13.2374
343.2 828 -5.48435 -1.17074 14.767
632.4 338.4 -6.92703 -2.78659 19.885
616.8 343.2 -6.94435 -2.74935 19.6969
993.6 44.4 -4.18406 -3.43912 17.2701
620.4 642 -5.55525 -1.35218 16.4101
1064.4 519.6 -4.09943 -1.58712 17.3911
603.6 721.2 -5.24397 -1.21589 15.6048
1113.6 26.4 -3.70163 -3.25834 16.6667
1074 262.8 -3.90339 -2.50303 16.7573
1029.6 204 -3.63669 -2.1257 13.4796
260.4 925.2 -5.34348 -1.10063 14.3148
1032 123.6 -4.24332 -3.45554 18.6723
1075.2 97.2 -3.78315 -2.8719 16.0085
435.6 710.4 -5.58853 -1.32964 15.3426
220.8 975.6 -5.26954 -1.08686 14.1211
250.8 942 -5.3197 -1.09028 14.2566
192 1014 -5.22788 -1.06111 14.0016
545.76 246.24 -5.89222 -2.80084 16.8427
1084.32 338.4 -4.00702 -2.34481 17.9558
655.2 329.76 -6.72573 -2.81988 19.7512
1061.28 66.24 -3.92524 -3.29243 17.2012
1068.48 568.8 -4.03986 -1.43123 16.8981
1065.6 568.8 -4.13714 -1.37621 17.5924
1071.36 100.8 -3.8529 -2.99494 16.534
984.96 142.56 -4.56287 -3.55885 19.3214
443.52 732.96 -5.55147 -1.27481 15.3145
504 37.44 -5.65227 -3.37073 16.2265
624.96 164.16 -6.54633 -3.64334 19.1423
898.56 152.64 -5.41852 -3.9729 21.0478
943.2 423.36 -5.27567 -2.11852 21.032
560.16 555.84 -5.90073 -1.64255 16.7012
1113.12 27.36 -3.67896 -3.15406 16.3298
180 1029.6 -5.26582 -1.03135 14.009
277.92 900 -5.42634 -1.09676 14.4712
630.72 311.04 -6.92455 -2.9464 19.8871
607.68 146.88 -6.60152 -3.73143 19.0966
214.56 993.6 -5.28286 -1.05675 14.1114
1109.38 32.832 -3.70212 -3.18756 16.5084
1105.92 32.832 -3.70013 -3.12633 16.2812
784.512 153.792 -5.51888 -3.50928 18.7596
779.328 167.616 -6.45385 -4.13035 21.7086
900.288 432 -5.41085 -2.05544 20.2943
632.448 336.96 -6.68864 -2.71964 19.3167
497.664 279.936 -5.7118 -2.57214 16.1474
667.008 188.352 -7.10129 -3.94435 21.0732
1081.73 338.688 -3.90662 -2.24874 16.798
1017.79 494.208 -4.46799 -1.67965 18.6295
979.776 468.288 -4.77974 -1.79643 19.4213
981.504 456.192 -4.66703 -1.85499 18.9061
976.32 131.328 -4.61045 -3.59582 19.312
1069.63 549.504 -4.08447 -1.47368 17.4365
1002.24 214.272 -4.42987 -3.05563 18.7618
577.152 533.952 -6.00227 -1.70379 17.041
630.72 311.04 -6.90086 -2.94599 19.8325
533.952 577.152 -5.4862 -1.64187 15.7622
993.6 43.2 -4.29867 -3.64603 17.9776
1029.89 165.888 -3.75961 -2.39672 14.576
1011.92 213.581 -4.38305 -3.0554 18.7495
1001.55 269.568 -4.44158 -2.77004 18.6444
1084.49 85.0176 -3.84669 -3.17783 17.0118
1078.27 85.0176 -3.79539 -2.96603 16.2419
955.93 132.71 -4.66713 -3.5695 19.0845
427.162 323.482 -5.61908 -2.399 15.563
902.016 418.867 -5.4943 -2.13764 20.665
675.994 279.936 -7.17221 -3.32183 21.248
1061.68 68.4288 -3.9296 -3.29206 17.21
964.224 163.814 -4.95048 -3.79512 20.8441
1032.65 124.416 -3.59137 -2.13939 13.1963
1022.28 516.326 -4.36052 -1.5671 18.0794
628.301 250.906 -6.55693 -3.16521 19.072
686.362 379.469 -7.3503 -2.61476 21.6658
534.989 576.461 -5.43196 -1.64601 15.6509
1003.62 331.776 -4.45672 -2.45845 18.658
943.073 423.014 -5.45129 -2.15657 21.8177
1050.07 236.39 -4.10593 -2.75911 17.8836
975.422 136.858 -4.60911 -3.59676 19.3184
955.515 139.346 -4.49297 -3.28965 18.0372
783.821 121.928 -6.21615 -4.29336 21.126
776.356 121.928 -6.09503 -4.14759 20.5457
793.774 154.276 -4.40348 -2.62867 15.2184
430.479 308.552 -5.63394 -2.42704 15.5915
617.103 340.9 -6.58702 -2.67063 18.899
783.821 77.1379 -5.55106 -3.92099 18.9597
607.15 146.811 -6.47546 -3.65086 18.8077
1082.42 338.412 -3.91785 -2.26793 16.9328
975.422 445.409 -4.75166 -1.92 19.188
980.398 467.804 -4.77503 -1.80124 19.4039
982.887 455.363 -4.85152 -1.87684 19.9545
977.91 156.764 -4.75754 -3.68935 20.215
1069.98 102.021 -3.88097 -3.03997 16.73
651.94 176.671 -6.74401 -3.76379 19.9518
627.057 164.229 -6.54957 -3.63856 19.1467
637.01 104.509 -6.56515 -4.04529 19.3997
656.917 325.97 -6.83211 -2.86073 20.0014
632.033 308.552 -6.67029 -2.88044 19.3031
547.43 291.133 -6.01706 -2.6674 17.0785
676.823 320.993 -5.0531 -2.38054 16.0104
1060.02 520.059 -4.22201 -1.54369 18.1548
609.141 164.229 -6.72931 -3.7289 19.388
770.384 71.6636 -5.58431 -3.90059 18.7848
791.286 152.285 -6.15284 -4.07194 21.0726
633.029 337.416 -6.61247 -2.70657 19.1437
618.099 340.402 -6.56134 -2.65409 18.8993
895.795 152.285 -5.32734 -3.86798 20.5817
973.431 444.912 -4.75166 -1.92 19.188
961.487 444.912 -5.01972 -1.94839 20.1918
1066 567.337 -4.14894 -1.37876 17.6997
516.575 636.015 -5.93191 -1.41242 16.4134
510.603 606.155 -5.71054 -1.5324 15.972
549.421 289.641 -5.94109 -2.65124 16.9261
668.861 149.299 -6.58209 -3.8897 19.8206
680.805 394.15 -7.13575 -2.47493 20.9958
686.776 379.22 -7.68127 -2.69834 22.5466
534.491 573.309 -5.95057 -1.61836 16.6086
1066 83.6076 -3.97672 -3.36941 17.7563
1014.04 487.313 -4.3893 -1.70153 18.111
974.625 136.161 -4.80931 -3.85183 20.4176
1031.96 121.828 -4.08876 -3.21157 17.6
1021.21 515.978 -4.32368 -1.57998 17.8512
942.377 118.245 -5.04967 -4.09196 20.8549
429.982 304.57 -5.59312 -2.44822 15.5747
953.126 422.815 -5.24784 -2.12191 21.1908
895.795 154.077 -5.37844 -3.90115 20.7669
967.459 125.411 -4.7688 -3.8541 20.0479
963.876 164.826 -4.58731 -3.36501 18.8175
978.209 154.077 -4.83843 -3.76777 20.6198
1067.79 103.912 -3.88646 -3.02845 16.7038
1067.79 78.83 -3.8347 -3.03814 16.4386
437.148 580.475 -5.49336 -1.68629 15.2672
634.223 333.236 -6.69433 -2.75412 19.3893
655.722 322.486 -6.77858 -2.84529 19.8384
490.896 186.325 -5.56305 -2.81429 15.8764
619.89 641.39 -5.52927 -1.37068 16.3094
1074.95 89.5795 -3.77226 -2.86285 15.9115
433.565 702.304 -5.79155 -1.30767 15.6723
894.362 412.783 -4.26072 -1.98803 15.4836
1165.25 877.163 -3.66268 -0.964171 14.8609
498.779 326.786 -5.89954 -2.48911 16.4776
941.66 421.382 -5.16191 -2.10656 20.3694
963.159 163.393 -4.9075 -3.74148 20.6257
967.459 146.194 -5.1712 -4.19412 22.2523
984.658 455.781 -4.70177 -1.87309 19.1665
429.982 718.07 -5.71198 -1.28608 15.4952
546.077 249.389 -5.82281 -2.7627 16.6878
606.274 150.494 -6.61804 -3.72222 19.1616
782.567 163.393 -6.18373 -3.96749 20.8466
425.682 365.485 -5.57885 -2.25902 15.4989
451.481 730.969 -5.63299 -1.24575 15.4362
1014.76 481.58 -4.52972 -1.72546 18.9247
619.174 335.386 -6.6503 -2.70266 19.0546
681.091 159.953 -6.9846 -4.13199 21.0379
779.127 159.953 -6.13532 -3.95193 20.6747
794.606 154.793 -6.06857 -4.02572 20.9174
970.039 438.581 -4.90774 -1.96029 19.8366
964.879 165.113 -3.95355 -2.49414 14.9224
1031.96 123.835 -4.06911 -3.14472 17.3841
1062.92 103.196 -3.81622 -2.87244 16.057
1057.76 510.818 -4.04947 -1.60972 16.9083
510.818 598.535 -5.93097 -1.52573 16.3957
902.962 412.783 -5.48004 -2.16006 20.6949
500.499 309.587 -5.68215 -2.47043 16.0789
428.262 299.267 -5.58556 -2.45265 15.5784
675.931 392.143 -8.31559 -2.74806 23.943
521.138 629.493 -5.75962 -1.43413 16.0767
1104.19 180.592 -3.76951 -2.75224 16.6441
1073.23 541.777 -4.07356 -1.47982 17.3698
1068.07 557.256 -4.22939 -1.36767 18.2508
902.962 428.262 -5.6219 -2.12933 21.5204
489.147 216.711 -5.76637 -2.78404 16.2585
897.802 408.655 -5.79387 -2.25862 21.8898
612.982 328.162 -6.54923 -2.68368 18.7858
947.336 148.602 -5.56541 -4.53035 23.569
513.914 631.557 -5.80789 -1.43224 16.2073
1083.55 328.162 -4.03679 -2.38393 17.9184
984.486 451.997 -4.62266 -1.87873 18.758
1126.9 600.599 -3.89819 -1.2811 17.3705
1009.25 476.764 -4.56935 -1.75042 19.1059
1021.64 501.531 -4.29026 -1.64384 17.6858
1114.51 321.97 -3.72759 -2.21745 15.9902
650.133 154.793 -6.54196 -3.74482 19.3073
761.584 154.793 -6.46058 -4.15003 21.2623
427.23 365.313 -5.57885 -2.25902 15.4989
693.475 377.696 -7.77523 -2.69133 22.8672
891.61 154.793 -5.48164 -3.92574 20.9428
972.103 160.985 -4.81909 -3.65351 20.2171
965.911 130.027 -4.65007 -3.56112 19.2521
427.23 699.666 -5.61109 -1.3471 15.361
980.771 445.805 -4.66352 -1.88545 18.9696
958.481 438.375 -5.05017 -2.01276 20.3669
973.341 156.032 -5.11862 -4.14871 22.2902
1003.06 468.095 -4.36186 -1.7886 17.8106
1055.07 505.246 -4.39263 -1.58844 19.1203
1025.35 505.246 -4.29026 -1.64384 17.6858
512.676 586.977 -6.01016 -1.58392 16.5854
534.966 557.256 -5.64018 -1.65103 16.0082
609.267 163.462 -5.81326 -3.21012 17.2792
780.159 156.032 -6.10086 -3.93083 20.5394
802.449 156.032 -4.43585 -2.70294 15.4075
884.18 156.032 -5.45703 -3.88383 20.7489
542.396 252.623 -6.10881 -2.88231 17.3211
527.536 624.127 -5.84441 -1.46296 16.407
594.407 713.288 -5.45336 -1.22391 15.9894
497.816 237.763 -5.71587 -2.72385 16.1882
430.945 312.064 -5.62942 -2.40098 15.5757
