651 612 -0.271208 0.125067 2.35925
889 517 0.0606967 -0.0212712 1.66176
569 471 -0.450211 -0.0843238 2.6516
1246 1034 0.434685 0.504768 1.68081
1468 190 0.600639 -0.343095 1.57441
487.2 588 -0.592366 0.117111 2.68228
582 582 -0.364517 0.0854594 2.32381
872.4 121.2 0.037861 -0.408268 1.66027
540 404.4 -0.467896 -0.188058 2.5307
880.8 30 0.0433281 -0.500611 1.675
769.2 150 -0.0752838 -0.429152 1.86161
572.4 811.2 -0.311966 0.344812 2.00866
957.6 627.6 0.138756 0.0971653 1.77195
514.8 732 -0.370852 0.241072 1.97265
1232.4 352.8 0.373325 -0.177867 1.55729
1138.8 326.4 0.299065 -0.212256 1.62658
1134 326.4 0.294801 -0.212064 1.62568
1094.4 493.2 0.276844 -0.0514511 1.74233
1110 738 0.284506 0.195925 1.66392
1165.2 716.4 0.343185 0.174621 1.67795
1809.6 674.4 1.11991 0.143948 1.78149
676.8 414.72 -0.270694 -0.177678 2.60944
730.08 529.92 -0.154187 0.0031223 2.29544
732.96 637.92 -0.147169 0.157606 2.31869
1337.76 203.04 0.46133 -0.319091 1.5382
1332 67.68 0.457809 -0.441239 1.54174
450.72 734.4 -0.442751 0.245339 1.966
591.84 737.28 -0.292516 0.261248 2.02583
888.48 521.28 0.0609004 -0.0210682 1.66174
210.24 784.8 -0.696465 0.297426 1.93205
345.6 731.52 -0.5625 0.238097 1.95675
650.88 610.56 -0.274565 0.127597 2.38737
686.88 580.32 -0.21102 0.074687 2.29977
1056.96 691.2 0.24874 0.162412 1.76571
607.68 426.24 -0.369128 -0.157688 2.57053
105.12 465.12 -1.78276 -0.10288 3.7602
947.52 423.36 0.117406 -0.114334 1.63994
959.04 262.08 0.119323 -0.263418 1.61149
496.8 115.2 -0.585375 -0.682524 2.67672
586.08 892.8 -0.286063 0.431106 1.96086
1196.64 436.32 0.363781 -0.10645 1.65957
1229.76 974.88 0.426678 0.448396 1.70571
1196.64 730.08 0.367088 0.181907 1.63958
1808.64 673.92 1.14481 0.144884 1.81771
699.84 889.92 -0.15475 0.446517 2.00574
768.96 100.224 -0.0954608 -0.587937 2.21369
729.216 627.264 -0.153687 0.147619 2.34734
1135.3 349.056 0.291959 -0.188341 1.61635
1124.93 701.568 0.307497 0.163565 1.68866
1121.47 692.928 0.307659 0.157319 1.72901
340.416 886.464 -0.579781 0.433506 1.99201
1021.25 687.744 0.209103 0.159669 1.77192
1164.67 715.392 0.341085 0.172594 1.66541
449.28 411.264 -0.626937 -0.178548 2.56162
929.664 692.928 0.101942 0.153645 1.67968
1024.7 369.792 0.186943 -0.17056 1.64762
1114.56 317.952 0.270398 -0.215548 1.61565
1235.52 293.76 0.37716 -0.231651 1.56623
680.832 468.288 -0.274406 -0.0961022 2.71757
686.016 580.608 -0.212667 0.0766149 2.31193
706.752 561.6 -0.183043 0.0480244 2.29941
651.456 609.984 -0.273007 0.126153 2.36962
1028.16 319.68 0.18897 -0.215974 1.62869
1069.63 309.312 0.228407 -0.226974 1.62109
343.872 706.752 -0.55964 0.208549 1.95321
609.984 627.264 -0.327507 0.148689 2.33835
561.6 599.616 -0.405685 0.109723 2.39725
566.784 473.472 -0.431819 -0.0806407 2.55332
508.032 485.568 -0.535433 -0.0565251 2.59021
464.832 485.568 -0.589427 -0.0545988 2.52326
105.408 464.832 -1.79911 -0.106111 3.79422
711.936 710.208 -0.138317 0.220776 1.98101
1334.02 100.224 0.458993 -0.40706 1.53504
1173.31 990.144 0.359496 0.462389 1.69405
1157.76 267.84 0.311504 -0.264222 1.60311
628.301 582.682 -0.304723 0.0770714 2.37052
620.006 588.902 -0.324881 0.091685 2.40501
561.946 516.326 -0.414631 -0.00938501 2.41694
267.494 389.837 -0.963027 -0.214025 2.70021
501.811 72.576 -0.454058 -0.607156 2.19611
690.509 746.496 -0.168558 0.259269 1.98601
1128.04 393.984 0.290241 -0.146024 1.62248
1101.08 391.91 0.263556 -0.145842 1.62083
1090.71 588.902 0.279254 0.0535534 1.75706
1090.71 545.357 0.281309 0.00514826 1.76055
1163.29 715.392 0.343189 0.174863 1.68058
1148.77 694.656 0.345638 0.164527 1.75722
1244.16 277.862 0.3829 -0.253168 1.55423
1331.25 244.685 0.460228 -0.279745 1.541
1096.93 690.509 0.292558 0.163969 1.77342
1113.52 319.334 0.274031 -0.218439 1.63071
1136.33 325.555 0.292621 -0.20974 1.60581
951.783 702.951 0.126145 0.166347 1.69508
1072.05 690.509 0.263726 0.161426 1.76201
1022.28 688.435 0.210061 0.164039 1.81166
1024.36 371.174 0.187196 -0.170404 1.65142
524.621 398.131 -0.523617 -0.213121 2.65885
105.754 464.486 -1.83486 -0.107755 3.85359
1026.43 342.144 0.188737 -0.192779 1.62128
1179.88 391.91 0.335109 -0.149763 1.61474
1134.26 393.984 0.297363 -0.141797 1.62579
495.59 114.048 -0.592204 -0.687377 2.69535
725.76 622.08 -0.154198 0.137481 2.31367
675.994 622.08 -0.231358 0.146465 2.34932
493.517 427.162 -0.584046 -0.16644 2.69196
690.509 445.824 -0.256812 -0.130842 2.67199
325.555 476.928 -1.27721 -0.0950749 3.77562
377.395 425.088 -0.733504 -0.144297 2.56899
433.382 429.235 -0.634341 -0.139794 2.52247
449.971 412.646 -0.617943 -0.173679 2.53234
553.651 439.603 -0.468044 -0.13653 2.59371
758.938 510.106 -0.0763883 -0.0269782 1.79702
756.864 520.474 -0.112695 -0.0160096 2.29391
715.392 576.461 -0.169412 0.0720312 2.30208
528.768 586.829 -0.445395 0.0941888 2.36528
516.326 593.05 -0.557773 0.129903 2.73306
582.682 464.486 -0.431657 -0.100616 2.63354
678.067 522.547 -0.235666 -0.00109687 2.39959
700.877 493.517 -0.239828 -0.0566525 2.70959
508.032 489.37 -0.515188 -0.0547091 2.50032
862.618 352.512 0.0340474 -0.183878 1.71064
895.795 174.182 0.0573635 -0.347833 1.61016
431.309 734.055 -0.462259 0.240322 1.96556
1196.47 437.53 0.35798 -0.104983 1.62776
742.349 893.722 -0.0851569 0.398156 1.82782
1235.87 955.93 0.43931 0.439525 1.73325
1192.32 785.895 0.362434 0.239812 1.62949
338.412 731.566 -0.56362 0.231299 1.95118
492.687 744.008 -0.406058 0.259341 2.00094
1025.19 370.76 0.18536 -0.168722 1.63885
1094.86 495.176 0.278745 -0.0494057 1.74388
1089.88 542.454 0.277187 0.00173238 1.74667
1162.05 972.933 0.359925 0.455374 1.72564
308.552 768.891 -0.589226 0.278144 1.9303
500.152 741.519 -0.37929 0.248349 1.95704
622.08 413.061 -0.368504 -0.188808 2.68127
646.963 82.1146 -0.24784 -0.585065 2.14352
756.449 520.059 -0.114548 -0.0134447 2.26861
880.865 534.989 0.0511366 -0.00107644 1.65785
880.865 480.246 0.0505779 -0.0541183 1.65013
1134.67 348.365 0.293586 -0.18853 1.61944
1229.23 972.933 0.427313 0.454727 1.71696
393.155 82.1146 -0.564651 -0.558647 2.10589
997.816 686.776 0.186904 0.158053 1.77831
1112.28 340.9 0.272727 -0.198064 1.62578
1104.81 345.877 0.263363 -0.187006 1.62472
1097.35 311.04 0.254984 -0.226178 1.6157
1179.46 726.59 0.363708 0.185437 1.7019
420.526 427.991 -0.707436 -0.155949 2.6895
450.386 410.573 -0.636072 -0.175856 2.59569
495.176 114.463 -0.554972 -0.644858 2.57195
375.736 425.503 -0.715589 -0.140939 2.503
343.388 704.195 -0.571686 0.211887 1.99141
527.524 380.713 -0.508054 -0.229274 2.61163
554.895 614.615 -0.410903 0.137388 2.36574
512.594 604.662 -0.569894 0.151092 2.78927
930.632 691.753 0.1042 0.153978 1.69965
1050.07 335.923 0.210638 -0.199351 1.61435
1027.68 318.505 0.189636 -0.213776 1.61357
447.898 457.851 -0.629986 -0.100837 2.57124
492.687 425.503 -0.583323 -0.165721 2.69188
452.874 415.549 -0.600262 -0.165272 2.53384
686.776 579.779 -0.213871 0.0780077 2.33039
1072.47 689.265 0.26471 0.163233 1.77999
1022.7 689.265 0.211026 0.1636 1.80352
1122.23 694.241 0.311033 0.159757 1.74061
534.989 455.363 -0.448693 -0.100281 2.40792
607.15 617.103 -0.355425 0.141861 2.45981
602.174 457.851 -0.383562 -0.103233 2.59931
604.662 425.503 -0.380051 -0.15725 2.61819
502.641 552.407 -0.587185 0.0564792 2.77903
574.802 542.454 -0.40607 0.0278072 2.46477
564.849 507.617 -0.40019 -0.0203821 2.38109
465.316 482.734 -0.590708 -0.0525607 2.55797
102.021 462.828 -1.85008 -0.112533 3.86916
950.538 423.014 0.121197 -0.114068 1.65181
768.891 99.5328 -0.0974922 -0.591095 2.21394
980.398 313.528 0.14232 -0.215394 1.60927
1134.67 393.155 0.296414 -0.147584 1.64394
1139.65 537.477 0.330513 0.000292808 1.75786
1094.86 475.269 0.278955 -0.0699033 1.7341
1306.37 189.112 0.458336 -0.346264 1.62121
1172 990.352 0.355444 0.457902 1.67707
1331.25 67.1846 0.459122 -0.443929 1.548
748.984 739.031 -0.0949615 0.242735 1.92001
497.664 811.192 -0.40709 0.347477 2.04379
905.749 67.1846 0.0656972 -0.443486 1.5936
741.519 893.307 -0.0991192 0.424213 1.92952
1191.91 786.309 0.361611 0.23893 1.62506
1161.55 713.65 0.344382 0.174004 1.68351
1140.65 698.72 0.335246 0.166938 1.75037
1331.75 104.509 0.468454 -0.417273 1.57118
1331.75 74.6496 0.462116 -0.433165 1.54448
1328.76 68.6776 0.459103 -0.444431 1.54763
725.594 633.029 -0.147124 0.156204 2.29243
955.515 262.767 0.12024 -0.26692 1.61406
1024.19 388.178 0.18936 -0.149588 1.64447
1122.73 695.734 0.315296 0.162601 1.75667
429.982 429.982 -0.631415 -0.139154 2.50465
656.917 474.772 -0.283693 -0.0769478 2.49117
639.001 424.01 -0.300466 -0.150448 2.4627
997.319 686.776 0.185191 0.160258 1.79361
973.431 683.79 0.151358 0.150919 1.76396
1027.18 343.388 0.1908 -0.194056 1.63418
1027.18 319.5 0.189164 -0.213161 1.60823
450.884 412.066 -0.626793 -0.178319 2.56752
552.407 615.113 -0.420306 0.137575 2.39134
519.561 603.169 -0.492661 0.130455 2.52442
674.833 418.038 -0.278961 -0.180023 2.66668
1021.21 689.762 0.212962 0.163182 1.80254
498.659 424.01 -0.580863 -0.170959 2.72716
522.547 400.122 -0.523612 -0.204035 2.66352
534.491 456.856 -0.491346 -0.107459 2.56966
504.631 456.856 -0.548742 -0.108605 2.61866
600.183 456.856 -0.384924 -0.103362 2.60319
606.155 424.01 -0.38003 -0.155495 2.61818
668.861 609.141 -0.235876 0.131314 2.34011
644.973 633.029 -0.275297 0.155757 2.38082
716.636 576.295 -0.175259 0.0710247 2.33173
689.762 579.281 -0.212505 0.0777289 2.29927
588.239 540.463 -0.346572 0.0214886 2.29004
558.379 591.225 -0.396228 0.0980889 2.331
513.589 594.211 -0.56719 0.131505 2.76521
606.155 618.099 -0.332456 0.135181 2.36378
564.351 615.113 -0.374529 0.128771 2.27964
656.917 492.687 -0.306088 -0.0562209 2.63959
677.818 525.533 -0.235666 -0.00109687 2.39959
698.72 492.687 -0.239386 -0.0602961 2.70951
555.393 525.533 -0.43659 0.0030823 2.4641
603.169 510.603 -0.322932 -0.0294868 2.26699
564.351 528.519 -0.375342 0.00120402 2.29822
1089.88 588.239 0.280856 0.0519402 1.76509
1307.86 176.173 0.455987 -0.354344 1.6016
1242.17 280.683 0.378866 -0.248182 1.54216
1245.16 223.949 0.380491 -0.298811 1.5464
582.267 892.809 -0.301671 0.442454 2.00996
880.865 534.491 0.051201 0.00121304 1.66639
949.543 424.01 0.121197 -0.114068 1.65181
952.529 704.692 0.127875 0.166394 1.70093
1092.87 474.772 0.27467 -0.0710373 1.73262
1173.49 964.473 0.36412 0.439963 1.71113
116.453 779.342 -0.817429 0.301026 1.96953
1134.67 325.472 0.291525 -0.208993 1.60187
1248.14 964.473 0.43742 0.429636 1.68693
1236.2 955.515 0.441517 0.441317 1.74867
107.495 543.449 -1.14467 0.0519591 2.55753
492.687 134.369 -0.567103 -0.621414 2.58187
394.15 409.08 -0.742173 -0.186789 2.64298
609.141 415.052 -0.389779 -0.188557 2.6808
340.402 740.524 -0.533101 0.232137 1.85412
310.542 767.398 -0.586489 0.276729 1.93839
343.388 704.692 -0.557209 0.204817 1.95202
979.403 313.528 0.140464 -0.214666 1.61828
465.814 483.729 -0.597612 -0.0551877 2.58425
710.664 710.664 -0.140292 0.222665 2.01146
746.496 740.524 -0.0965989 0.243394 1.9224
492.687 970.445 -0.382109 0.51017 1.93007
740.524 892.809 -0.101423 0.425003 1.93718
1194.39 438.94 0.363816 -0.106886 1.66292
1125.12 695.137 0.316081 0.160948 1.73445
555.393 472.98 -0.461652 -0.0775564 2.60182
533.894 455.064 -0.461702 -0.103162 2.48494
680.805 634.223 -0.227161 0.164934 2.39054
985.375 684.388 0.173819 0.159189 1.78669
1071.37 687.971 0.268204 0.164084 1.77941
1049.87 315.32 0.217694 -0.222658 1.63842
1028.37 318.903 0.190184 -0.2165 1.62675
555.393 609.141 -0.421992 0.13098 2.38223
637.806 591.225 -0.295815 0.0948841 2.406
623.474 569.726 -0.30593 0.0653462 2.36586
713.053 573.309 -0.175259 0.0710247 2.33173
687.971 580.475 -0.204714 0.0738207 2.23127
698.72 569.726 -0.21376 0.0771005 2.41009
365.485 415.649 -0.739304 -0.164159 2.5271
343.985 365.485 -1.12796 -0.335542 3.45244
727.386 530.311 -0.157411 0.00343339 2.29892
687.971 519.561 -0.216677 -0.00809788 2.35096
698.72 490.896 -0.239386 -0.0602961 2.70951
569.726 594.808 -0.390985 0.102418 2.33846
605.558 566.143 -0.3381 0.0651089 2.33951
580.475 566.143 -0.374704 0.061835 2.3611
677.221 526.728 -0.23058 0.00163871 2.37266
630.64 530.311 -0.299242 0.00682915 2.35122
634.223 505.229 -0.2941 -0.0282184 2.35732
512.395 591.225 -0.525104 0.123029 2.60542
541.06 548.227 -0.431155 0.0427681 2.41287
612.724 519.561 -0.353633 -0.00643367 2.4968
566.143 523.145 -0.417703 -0.00253686 2.46868
186.325 397.733 -0.924974 -0.161245 2.34734
713.053 888.629 -0.138403 0.451097 2.00701
945.96 716.636 0.119837 0.182249 1.7053
1171.7 960.293 0.36412 0.439963 1.71113
1246.95 96.7459 0.380453 -0.4157 1.54823
1329.36 257.989 0.457776 -0.25917 1.54062
490.896 136.161 -0.551853 -0.609426 2.53047
580.475 892.212 -0.303853 0.439482 2.00204
512.395 888.629 -0.385626 0.440171 2.0131
673.638 415.649 -0.277568 -0.179326 2.64844
648.556 82.4132 -0.254092 -0.595187 2.16895
881.463 533.894 0.0511164 0.0021786 1.66926
949.543 422.815 0.120665 -0.114171 1.65145
1132.29 347.569 0.294515 -0.189866 1.6242
1114.37 318.903 0.27598 -0.21837 1.64067
89.5795 777.55 -0.991387 0.346702 2.24772
483.73 372.651 -0.611936 -0.250325 2.71493
1092.87 494.479 0.28134 -0.0488383 1.75834
1229.03 974.625 0.452191 0.488657 1.81924
1246.95 960.293 0.43755 0.427165 1.69259
372.651 422.815 -0.776513 -0.155863 2.65693
322.486 472.98 -1.26997 -0.10144 3.74668
1024.79 369.068 0.194656 -0.169671 1.67855
978.209 318.903 0.142277 -0.212927 1.60988
343.985 738.135 -0.532339 0.23828 1.88659
308.154 766.801 -0.592069 0.279943 1.92875
340.402 705.887 -0.584997 0.210208 2.00882
1178.87 723.803 0.361873 0.187688 1.71138
157.66 397.733 -1.05513 -0.190295 2.5179
505.229 487.313 -0.538392 -0.0526752 2.60191
680.805 472.98 -0.276706 -0.0979206 2.69904
1193.2 784.717 0.360129 0.237007 1.62136
1365.19 490.896 0.5571 -0.0581549 1.6994
1193.2 437.148 0.364122 -0.106437 1.6669
745.302 738.135 -0.0965989 0.243394 1.9224
877.88 548.227 0.0500676 0.00463409 1.67974
942.377 275.905 0.110608 -0.249908 1.61194
766.801 100.329 -0.0892677 -0.556125 2.1043
464.38 481.58 -0.571758 -0.0553514 2.48594
528.878 382.684 -0.504039 -0.218964 2.59848
601.975 614.874 -0.340278 0.128798 2.34154
584.775 614.874 -0.382046 0.135763 2.40477
726.669 632.073 -0.152843 0.15922 2.33614
700.87 627.773 -0.197389 0.146732 2.34723
1023.36 687.971 0.209246 0.158976 1.77445
1074.95 687.971 0.268204 0.164084 1.77941
417.082 554.677 -1.3216 0.112834 4.60363
511.678 593.375 -0.509868 0.123218 2.54749
485.879 589.075 -0.584466 0.110385 2.63214
554.677 472.98 -0.486881 -0.0803535 2.67822
554.677 451.481 -0.460196 -0.116982 2.58574
601.975 567.576 -0.324698 0.0579245 2.24159
580.475 567.576 -0.367954 0.0627198 2.33959
726.669 528.878 -0.157411 0.00343339 2.29892
580.475 460.081 -0.417552 -0.102296 2.55446
589.075 447.181 -0.423427 -0.129343 2.69281
679.371 528.878 -0.231736 0.00325838 2.36124
632.073 528.878 -0.325874 0.0049568 2.53687
657.872 494.479 -0.29048 -0.0477405 2.57054
726.669 584.775 -0.156264 0.0853555 2.30983
687.971 580.475 -0.220687 0.0694208 2.39395
713.77 550.377 -0.178514 0.0337024 2.31046
567.576 593.375 -0.409654 0.102778 2.40701
524.578 576.176 -0.46572 0.0787836 2.39416
610.574 520.278 -0.358129 -0.0063885 2.52347
589.075 537.477 -0.3529 0.0213944 2.34473
528.878 524.578 -0.454633 0.0177835 2.42112
292.388 786.867 -0.590996 0.289025 1.88504
511.678 739.569 -0.359166 0.238336 1.92098
1092.15 537.477 0.275066 -0.00581577 1.73283
1092.15 477.28 0.274721 -0.067936 1.7328
1216.85 283.788 0.370688 -0.248481 1.59859
98.8958 460.081 -1.97142 -0.125715 4.09762
640.673 421.382 -0.30118 -0.155623 2.45882
894.362 171.993 0.0600165 -0.356767 1.61239
902.962 81.6965 0.0669032 -0.430225 1.58008
954.56 700.87 0.127875 0.166394 1.70093
1169.55 976.059 0.342013 0.432258 1.61894
881.463 533.177 0.0506889 -0.00363945 1.67339
950.26 425.682 0.120665 -0.114171 1.65145
395.583 408.483 -0.674296 -0.167088 2.47459
305.287 769.667 -0.591655 0.278361 1.92851
339.686 705.17 -0.557209 0.204817 1.95202
1023.36 369.784 0.191885 -0.16537 1.64059
159.093 395.583 -1.05363 -0.188354 2.52131
326.786 472.98 -1.29667 -0.10342 3.83169
498.779 417.082 -0.580863 -0.170959 2.72716
451.481 412.783 -0.626793 -0.178319 2.56752
511.678 490.179 -0.530457 -0.0539922 2.56898
429.982 429.982 -0.631415 -0.139154 2.50465
675.071 619.174 -0.240394 0.13575 2.3684
1087.85 584.775 0.275897 0.0474818 1.73539
1246.95 94.596 0.380421 -0.414348 1.55046
1363.04 490.179 0.53069 -0.0539171 1.64444
1191.05 438.581 0.364122 -0.106437 1.6669
709.47 705.17 -0.151311 0.223865 2.06295
748.168 739.569 -0.101592 0.245688 1.96333
580.475 894.362 -0.303853 0.439482 2.00204
240.79 786.867 -0.655582 0.285809 1.89797
507.379 894.362 -0.367982 0.426866 1.95577
765.368 98.8958 -0.0817213 -0.528417 2.00471
670.772 614.014 -0.2367 0.135279 2.33285
655.292 598.535 -0.284054 0.120327 2.46768
681.091 531.458 -0.213874 0.0012048 2.2486
660.452 515.978 -0.263179 -0.00993784 2.39377
655.292 490.179 -0.29048 -0.0477405 2.57054
722.369 531.458 -0.159373 0.0026884 2.30249
510.818 593.375 -0.509868 0.123218 2.54749
485.02 588.215 -0.584251 0.11268 2.63877
577.896 459.221 -0.457102 -0.0870955 2.70359
598.535 438.581 -0.381796 -0.127261 2.57279
675.931 469.54 -0.281848 -0.100126 2.69022
681.091 433.422 -0.273778 -0.152859 2.68545
608.854 521.138 -0.359915 -0.00140533 2.498
624.334 485.02 -0.30856 -0.0560777 2.35035
598.535 505.659 -0.355976 -0.0302167 2.38519
562.416 515.978 -0.408315 -0.0183563 2.39441
98.0359 459.221 -1.87226 -0.128332 3.89728
583.055 737.849 -0.292924 0.246115 1.96706
732.689 887.482 -0.109441 0.428487 1.96511
670.772 417.942 -0.277568 -0.179326 2.64844
954.56 696.571 0.129932 0.166628 1.70324
1093.87 474.7 0.27004 -0.0581305 1.71471
1341.54 211.551 0.454511 -0.304349 1.51823
98.0359 939.08 -1.32155 0.764456 2.86977
345.705 743.009 -0.567479 0.249854 1.95823
340.546 701.73 -0.586959 0.214636 2.03322
510.818 737.849 -0.359166 0.238336 1.92098
1171.27 397.303 0.333072 -0.143459 1.62671
1248.67 954.56 0.436229 0.424364 1.68355
1228.03 975.199 0.424727 0.460163 1.71557
557.256 402.463 -0.483868 -0.201562 2.74019
98.0359 356.025 -1.84503 -0.372645 3.85659
1021.64 371.504 0.189064 -0.166262 1.64263
1052.6 314.747 0.21306 -0.207651 1.61455
361.185 474.7 -1.20198 -0.0936456 3.78045
325.066 469.54 -1.33847 -0.107503 3.94713
1021.64 686.251 0.209246 0.158976 1.77445
500.499 412.783 -0.551328 -0.169098 2.60525
459.221 423.102 -0.612668 -0.143508 2.59974
428.262 428.262 -0.648974 -0.145473 2.54784
350.865 366.345 -1.21148 -0.356049 3.70291
722.369 629.493 -0.156693 0.158679 2.35458
722.369 588.215 -0.171083 0.0854304 2.33896
686.251 583.055 -0.210012 0.0788372 2.29378
583.055 608.854 -0.383756 0.131046 2.41794
552.097 608.854 -0.412813 0.125075 2.34532
577.896 567.576 -0.408167 0.0659909 2.53619
541.777 546.937 -0.428074 0.0173089 2.36259
536.617 454.061 -0.492654 -0.113122 2.63915
1088.71 583.055 0.273169 0.0435214 1.73792
1362.18 490.179 0.521155 -0.0571936 1.61152
706.89 706.89 -0.151311 0.223865 2.06295
743.009 737.849 -0.0994403 0.242694 1.94012
944.24 273.468 0.113615 -0.252034 1.61278
763.648 98.0359 -0.0918729 -0.556853 2.11576
263.149 392.143 -0.922944 -0.207792 2.58345
949.4 423.102 0.119226 -0.113123 1.64887
1176.43 954.56 0.353375 0.411832 1.65463
631.557 631.557 -0.309682 0.149087 2.39123
625.366 594.407 -0.306216 0.10938 2.38135
606.79 619.174 -0.340278 0.128798 2.34154
551.065 569.64 -0.414967 0.0621136 2.32137
600.599 439.613 -0.371552 -0.126972 2.58114
656.324 489.147 -0.301757 -0.0608847 2.59618
482.956 588.215 -0.584251 0.11268 2.63877
501.531 544.873 -0.571877 0.0298973 2.72546
594.407 501.531 -0.355976 -0.0302167 2.38519
117.643 359.121 -2.17775 -0.445719 4.52862
297.203 117.643 -0.870585 -0.640227 2.58849
513.914 736.817 -0.35383 0.237017 1.90494
582.023 736.817 -0.292924 0.246115 1.96706
743.009 736.817 -0.102464 0.240579 1.93676
959.719 699.666 0.134994 0.170282 1.76281
1021.64 371.504 0.183789 -0.164511 1.60752
1089.75 501.531 0.272818 -0.0401427 1.74292
1362.18 489.147 0.526189 -0.054351 1.61872
346.737 705.858 -0.572351 0.211692 1.99684
712.05 885.419 -0.134696 0.417286 1.93215
947.336 718.242 0.116759 0.17863 1.70035
309.587 823.501 -0.573642 0.346778 1.89596
297.203 767.776 -0.60216 0.280637 1.94929
365.313 470.572 -1.35058 -0.110344 4.22049
501.531 408.655 -0.56682 -0.179512 2.66182
513.914 489.147 -0.525052 -0.0517084 2.55617
464.38 476.764 -0.628797 -0.0710215 2.65333
544.873 383.888 -0.48291 -0.226736 2.6265
390.08 408.655 -0.698447 -0.175162 2.52776
724.433 625.366 -0.165126 0.150537 2.34072
668.708 612.982 -0.2367 0.135279 2.33285
712.05 551.065 -0.239594 0.0622531 2.69616
687.283 588.215 -0.220302 0.0907868 2.38112
551.065 606.79 -0.412813 0.125075 2.34532
563.448 520.106 -0.407629 -0.00584643 2.41737
1089.75 582.023 0.272252 0.039363 1.74169
1102.13 315.779 0.268113 -0.219231 1.62809
1213.58 284.82 0.37484 -0.25386 1.63095
1188.81 439.613 0.355207 -0.105729 1.64673
575.832 891.61 -0.292528 0.424728 1.94234
507.723 891.61 -0.367982 0.426866 1.95577
489.147 117.643 -0.555323 -0.638891 2.54611
953.528 427.23 0.122418 -0.113276 1.65822
579.547 601.837 -0.372473 0.105348 2.31931
549.826 601.837 -0.432235 0.124872 2.42897
378.934 430.945 -0.73331 -0.148064 2.529
638.987 416.085 -0.34053 -0.184265 2.68781
616.697 416.085 -0.368251 -0.1739 2.62452
631.557 631.557 -0.299262 0.140704 2.31022
624.127 609.267 -0.304803 0.0996874 2.35687
601.837 601.837 -0.332538 0.116674 2.34959
698.428 534.966 -0.216336 0.00826378 2.3283
698.428 512.676 -0.229615 -0.0211113 2.64444
735.579 735.579 -0.100462 0.234068 1.89941
698.428 698.428 -0.174215 0.232858 2.20658
490.386 750.439 -0.385564 0.247985 1.92613
1166.52 728.148 0.351444 0.184514 1.68304
1159.09 668.708 0.346918 0.129143 1.70975
1084.79 505.246 0.275126 -0.0417749 1.75083
1329.99 215.473 0.475339 -0.302256 1.59463
1300.27 156.032 0.443241 -0.378232 1.58502
304.634 817.31 -0.598735 0.360249 1.95736
297.203 765.299 -0.60216 0.280637 1.94929
349.214 698.428 -0.586959 0.214636 2.03322
497.816 594.407 -0.577163 0.114445 2.77063
497.816 408.655 -0.509517 -0.184187 2.48568
445.805 408.655 -0.66359 -0.188157 2.70844
542.396 386.365 -0.470844 -0.21053 2.51443
720.718 624.127 -0.168314 0.143031 2.30818
661.278 616.697 -0.255847 0.131995 2.41046
720.718 586.977 -0.171161 0.0896146 2.35653
512.676 490.386 -0.507952 -0.0533686 2.49377
705.858 482.956 -0.257296 -0.0586832 2.87052
690.998 482.956 -0.249184 -0.0655346 2.75339
423.515 423.515 -0.676017 -0.152157 2.61329
349.214 364.074 -1.18421 -0.347205 3.64503
601.837 520.106 -0.353044 -0.00215506 2.42015
586.977 505.246 -0.373101 -0.0346641 2.35439
624.127 557.256 -0.336922 0.0374499 2.44225
586.977 564.687 -0.338223 0.0505719 2.33022
958.481 698.428 0.133485 0.161529 1.70487
1084.79 579.547 0.274526 0.0363813 1.77498
1107.08 326.924 0.266621 -0.209637 1.62086
1047.64 326.924 0.212276 -0.211912 1.6186
1017.92 371.504 0.185473 -0.167817 1.63313
1359.71 490.386 0.526189 -0.054351 1.61872
1181.38 445.805 0.364523 -0.108143 1.68999
579.547 735.579 -0.289515 0.238326 1.91718
512.676 735.579 -0.374682 0.247411 1.99019
505.246 891.61 -0.36326 0.422255 1.93845
341.784 750.439 -0.583156 0.26281 2.01884
943.621 267.483 0.10905 -0.251381 1.60737
661.278 423.515 -0.272771 -0.170982 2.57945
951.051 423.515 0.118087 -0.11405 1.64866
326.924 468.095 -1.32731 -0.108318 3.92386
163.462 393.795 -1.07297 -0.192878 2.57169
572.117 891.61 -0.312861 0.443892 2.00402
936.191 713.288 0.116534 0.175845 1.68853
