29 384 11.0199 1.46558 33.4137
1225 577 12.3672 1.77367 29.7566
198 412 12.6737 1.78286 33.9709
915 381 12.1654 1.20271 31.0021
844 383 13.1529 1.28123 31.1304
858 372 12.7705 1.21963 31.1169
954 229 12.0318 0.669561 30.9724
1219 344 12.4003 0.919878 29.8881
38 411 11.0369 1.53801 33.3956
1049 466 11.964 1.4119 30.5817
1008 293 12.0606 0.86562 30.7661
238 371 13.1742 1.63537 34.0831
1161 353 12.0484 0.999282 30.2488
1153 329 12.0636 0.916628 30.2778
629 382 10.5561 1.2215 31.8496
1051 538 11.947 1.64829 30.5494
1186 209 12.0797 0.503154 30.223
1100 317 12.0266 0.8971 30.4692
212 352 12.8366 1.51274 34.03
783 451 15.308 1.91662 31.1873
1110 227 12.0575 0.594538 30.4688
1147 204 12.0717 0.506458 30.3559
127 317 11.9016 1.341 33.8043
968 382 11.8814 1.17433 30.8995
1183 307 12.0834 0.827215 30.1823
844 183 14.4113 0.139167 31.1135
321 373 14.0703 1.69109 34.0702
749 468 15.0621 2.03932 31.425
213 314 12.7921 1.34327 34.0293
1007 203 12.0965 0.545578 30.802
1245 633 12.2741 1.95209 29.7056
1053 434 11.9757 1.30982 30.5795
848.4 457.2 12.9424 1.6096 31.0742
163.2 427.2 12.0887 1.7443 33.7498
1146 564 12.006 1.68865 30.2037
826.8 397.2 12.8489 1.33872 31.2255
861.6 385.2 13.1491 1.28425 31.0465
859.2 373.2 12.8893 1.22659 31.1011
853.2 444 12.6544 1.5195 31.1143
846 406.8 12.8009 1.37723 31.1476
1141.2 543.6 11.6243 1.5696 30.409
294 340.8 13.2427 1.44801 33.8564
1154.4 631.2 11.6347 1.82329 30.3269
1215.6 380.4 12.3008 1.06304 29.9297
184.8 426 11.7129 1.66267 33.4264
889.2 567.6 12.7188 2.01221 30.8939
1087.2 194.4 12.0104 0.503317 30.5736
1074 208.8 12.0213 0.553779 30.6019
1094.4 423.6 11.5412 1.23639 30.6258
1148.4 486 11.7346 1.41266 30.3571
742.8 537.6 15.0236 2.50448 31.3981
841.2 600 12.5561 2.13775 31.0813
1210.8 268.8 12.2728 0.663955 30.0132
132 352.8 12.0477 1.48042 33.8633
104.4 340.8 11.9707 1.44716 33.927
781.2 486 15.2625 2.17272 31.1667
1016.4 518.4 11.4561 1.51731 30.8214
818.4 418.8 12.9423 1.46051 31.2402
796.8 417.6 15.4179 1.67758 31.1196
1022.4 480 11.477 1.41575 30.8143
1110 226.8 12.0555 0.595681 30.4707
82.8 345.6 11.9642 1.47055 33.9909
141.6 340.8 12.08 1.44073 33.8569
865.2 198 14.0796 0.283535 31.027
840 201.6 14.283 0.26919 31.1352
1126.8 252 12.0683 0.668117 30.3999
901.2 304.8 12.9984 0.88776 30.9449
1071.6 237.6 12.0234 0.655122 30.5962
721.2 516 15.2343 2.44475 31.5538
1102.8 532.8 12.0056 1.61239 30.3581
79.2 301.2 12.1176 1.3186 34.1429
1140 385.2 11.6002 1.10682 30.489
786 432 15.2286 1.78818 31.2004
787.2 416.4 15.2979 1.67083 31.189
768 421.2 15.3986 1.73646 31.3162
879.6 159.6 13.4455 0.174732 31.0564
1173.6 235.2 12.0813 0.590941 30.2522
913.2 231.6 12.8406 0.593493 30.9646
939.6 201.6 12.365 0.530563 30.9705
777.6 522 15.5834 2.49082 31.1312
757.2 495.6 15.1934 2.23836 31.3287
986.4 328.8 12.1476 0.985937 30.7939
285.6 128.4 14.0192 0.2662 34.4333
498 139.2 14.7865 0.067221 33.3649
385.2 105.6 14.5754 -0.0301543 34.0679
123.6 645.6 11.4151 2.28128 33.356
28.8 384 11.0199 1.46661 33.4136
120 378 12.7552 1.69488 34.3991
420 673.2 11.6253 2.3132 32.5016
573.6 487.2 17.5348 2.88019 32.9825
867.6 354 13.3171 1.14281 31.0184
872.4 127.2 13.8962 -0.0836998 31.0563
1047.6 199.2 11.5695 0.620296 30.8305
988.8 170.4 11.9405 0.477284 30.9089
936 421.2 11.9907 1.3247 30.9538
898.8 418.8 12.2159 1.34497 31.0227
915.6 381.6 12.1684 1.20468 31.0013
1231.2 538.8 12.3675 1.63096 29.7616
1220.4 660 12.3132 2.06969 29.759
994.8 624 11.9576 1.96335 30.6806
1226.4 387.6 12.2872 1.08196 29.8944
1032 372 11.6177 1.10926 30.7949
1046.4 511.2 11.9608 1.56486 30.5702
898.56 338.4 12.5738 1.05208 30.9956
914.4 381.6 12.3617 1.2144 30.9686
912.96 364.32 12.2131 1.13953 31.0024
999.36 313.92 11.6675 0.947568 30.8898
1092.96 686.88 11.9579 2.12873 30.3406
1203.84 220.32 11.7864 0.587733 30.3105
1186.56 207.36 12.0796 0.500383 30.2229
1218.24 427.68 12.4282 1.23468 29.8301
721.44 516.96 15.1756 2.41902 31.5546
829.44 361.44 12.8083 1.18506 31.2351
937.44 226.08 12.1714 0.642825 31
969.12 339.84 11.9188 1.03431 30.9045
876.96 521.28 12.5604 1.80147 30.9985
898.56 492.48 12.2727 1.62807 30.9847
777.6 522.72 17.0041 2.78579 31.0461
757.44 495.36 15.1935 2.23957 31.3252
1006.56 446.4 11.6055 1.33685 30.8332
921.6 344.16 12.328 1.06793 30.9697
933.12 338.4 12.1384 1.03569 30.9685
992.16 74.88 14.0415 -0.475539 30.4587
1065.6 285.12 12.0053 0.813834 30.5972
1152 302.4 12.0635 0.818229 30.296
126.72 316.8 12.0207 1.35234 33.8947
753.12 541.44 15.1612 2.55742 31.3116
722.88 531.36 15.6062 2.64749 31.5381
934.56 600.48 11.8441 1.88947 30.9074
1134.72 486.72 11.5775 1.39641 30.4751
1107.36 486.72 12.0065 1.45247 30.3714
918.72 290.88 12.1869 0.879119 31.0257
1114.56 296.64 11.6155 0.858712 30.5891
1169.28 259.2 12.0822 0.669519 30.2552
1150.56 257.76 11.784 0.718507 30.4378
1143.36 236.16 12.0589 0.615287 30.3584
974.88 617.76 12.0731 1.98633 30.7157
1123.2 637.92 12.0092 1.95151 30.2426
1139.04 626.4 11.6481 1.82252 30.3666
590.4 362.88 20.1374 1.78413 33.3747
564.48 361.44 22.5581 1.96606 34.1212
1198.08 450.72 12.3172 1.32646 29.944
1123.2 190.08 12.0242 0.473442 30.4625
1208.16 521.28 12.2287 1.55852 29.9074
216 256.32 13.7762 1.06459 34.631
113.76 351.36 12.1419 1.48598 34.0038
125.28 122.4 15.0365 0.184823 36.1776
515.52 357.12 32.3927 2.6983 37.2627
132.48 577.44 12.0999 2.34081 33.8078
87.84 378.72 11.6393 1.53442 33.7333
161.28 423.36 12.033 1.7281 33.716
119.52 377.28 11.9775 1.57098 33.8649
96.48 492.48 11.9627 2.00611 33.8918
865.44 198.72 14.2195 0.268502 31.0077
1236.96 273.6 12.5083 0.644935 29.8183
1136.16 325.44 11.7532 0.928547 30.4617
953.28 230.4 12.0831 0.660508 30.9624
1074.24 207.36 12.0201 0.550217 30.6052
1121.76 77.76 11.8029 0.175952 30.5924
1136.16 139.68 12.3417 0.221008 30.3096
1045.44 82.08 12.2285 0.080482 30.6983
923.04 541.44 11.9571 1.73115 30.9414
845.28 407.52 12.8397 1.38052 31.1428
934.56 421.92 12.075 1.32816 30.9359
1202.4 574.56 12.1992 1.74691 29.91
986.4 607.68 11.5431 1.80771 30.8407
1067.04 622.08 11.5138 1.80433 30.6208
1226.88 387.36 12.3055 1.08015 29.8856
1058.4 372.96 11.993 1.10892 30.5866
914.112 362.88 12.3283 1.14202 30.9848
1016.06 518.4 11.4975 1.52811 30.8084
903.744 383.616 12.2941 1.21838 31.0151
1114.56 297.216 11.6065 0.862329 30.5927
1152.58 302.4 12.0637 0.817957 30.2939
1145.66 285.12 12.0598 0.773239 30.3216
777.6 523.584 15.1917 2.40694 31.1652
756.864 494.208 15.1702 2.23646 31.3317
1021.25 340.416 11.6067 1.01859 30.8297
319.68 369.792 14.4221 1.71638 34.2361
915.84 345.6 12.3337 1.07748 30.9864
1140.48 525.312 11.5971 1.51031 30.4259
551.232 369.792 23.663 2.24709 34.5677
1162.94 221.184 12.0852 0.551112 30.2861
1240.7 483.84 12.094 1.3967 29.899
971.136 611.712 11.6609 1.8646 30.8406
1128.38 165.888 10.9289 0.641571 30.8808
1149.12 259.2 11.6888 0.726595 30.479
1142.21 236.736 12.0596 0.605891 30.3555
126.144 316.224 12.1515 1.36061 33.9705
134.784 285.12 12.2156 1.23751 33.9981
1022.98 432 11.509 1.28113 30.8195
1099.01 336.96 12.0313 0.967261 30.4578
202.176 393.984 12.678 1.68867 33.9601
216 255.744 13.4108 1.06328 34.4163
214.272 312.768 12.768 1.33725 33.9972
114.048 350.784 12.5979 1.54628 34.3242
86.4 552.96 11.9137 2.21838 33.8726
112.32 551.232 12.0471 2.2386 33.8585
250.56 487.296 13.3521 2.26202 34.0423
65.664 490.752 11.9172 1.99917 33.9776
359.424 616.896 12.0703 2.34522 32.8843
620.352 419.904 10.6868 1.31346 31.8724
596.16 490.752 18.4065 3.01432 32.8922
616.896 452.736 10.6986 1.38114 31.8724
867.456 352.512 13.024 1.13683 31.0553
900.288 338.688 12.4711 1.04952 31.0109
933.12 89.856 14.3845 -0.460147 30.7062
1137.02 324.864 11.6938 0.935823 30.4766
1185.41 307.584 11.6612 0.864155 30.37
1007.42 198.72 11.9219 0.569859 30.8548
1086.91 248.832 12.02 0.69096 30.5452
1074.82 207.36 12.209 0.504871 30.5387
1057.54 295.488 11.6957 0.882086 30.7341
1218.24 82.944 11.8563 0.143459 30.2848
1149.12 190.08 12.0723 0.458338 30.3538
1187.14 162.432 12.0345 0.366643 30.2727
1086.91 193.536 12.0083 0.503029 30.5744
810.432 603.072 12.9577 2.27634 31.1627
934.848 601.344 11.9917 1.92408 30.8752
869.184 622.08 12.6729 2.22644 30.9537
1123.2 559.872 11.985 1.69439 30.284
1206.14 535.68 12.2451 1.61429 29.9037
1138.75 627.264 11.6009 1.80728 30.3847
1244.16 644.544 11.851 1.87196 29.9415
1199.23 615.168 12.1959 1.89155 29.9072
1043.71 559.872 11.9414 1.71276 30.5516
1145.66 438.912 11.6311 1.263 30.4398
1175.04 399.168 11.6894 1.1419 30.3522
1202.69 425.088 11.9488 1.20502 30.1185
967.68 383.616 11.7843 1.17002 30.9163
960.768 473.472 11.8883 1.46738 30.8788
1076.54 513.216 11.393 1.47313 30.6902
1050.62 475.2 11.7171 1.41593 30.6468
829.44 362.88 13.0545 1.19683 31.2135
902.016 302.746 12.8377 0.901711 30.9689
993.255 433.382 11.6526 1.30505 30.8575
993.255 74.6496 13.4022 -0.28688 30.5912
1061.68 476.928 11.4711 1.39307 30.7039
1063.76 462.413 11.9763 1.38966 30.5304
1192.32 265.421 11.9269 0.708276 30.2546
358.733 354.586 12.2152 1.3775 33.0828
367.027 331.776 14.3831 1.3965 33.9537
926.899 226.022 12.6827 0.58482 30.9342
937.267 203.213 11.9719 0.611183 31.0572
1171.58 352.512 11.6899 0.995768 30.3708
230.17 267.494 13.4831 1.12387 34.3646
290.304 209.434 14.9369 0.66118 34.8333
215.654 313.114 12.7684 1.33367 33.9945
87.0912 294.451 12.0519 1.28491 34.0668
159.667 335.923 12.1969 1.4175 33.8693
190.771 170.035 14.3609 0.530576 35.2096
190.771 136.858 13.876 0.386934 34.9334
159.667 190.771 14.7924 0.656888 35.698
514.253 356.659 34.0046 2.79935 37.6554
580.608 282.01 25.883 0.692634 34.6622
483.149 311.04 26.737 1.47983 36.7259
85.0176 551.578 12.0099 2.24212 33.9322
178.33 675.994 11.2719 2.27828 33.0882
161.741 425.088 12.2826 1.77962 33.8655
118.195 375.322 12.0883 1.58346 33.9291
595.123 634.522 12.8181 2.52354 32.0859
566.093 360.806 21.363 1.87175 33.9041
595.123 489.37 18.0421 2.95483 32.8407
337.997 443.75 12.7051 1.85017 33.3312
866.765 350.438 12.9046 1.13505 31.0658
899.943 335.923 12.4836 1.04414 31.0039
781.747 201.139 15.2314 0.163156 31.4752
872.986 180.403 13.5843 0.255717 31.056
1161.22 261.274 11.6154 0.741955 30.4735
1184.03 306.893 12.0832 0.82786 30.1842
968.371 277.862 12.4285 0.801216 30.8237
972.519 211.507 12.4085 0.542665 30.8327
1043.02 244.685 11.6526 0.738902 30.8062
1069.98 236.39 12.0107 0.641833 30.6006
995.328 313.114 11.5959 0.951043 30.9117
1053.39 315.187 11.5889 0.931444 30.7584
1146.7 62.208 11.8338 0.109219 30.5162
1117.67 182.477 12.023 0.455628 30.4795
1086.57 192.845 12.0105 0.503344 30.5727
837.734 555.725 12.4838 1.94881 31.1269
875.059 593.05 12.4666 2.0462 30.9825
914.458 539.136 12.068 1.75221 30.9449
856.397 669.773 12.2492 2.29404 31.0534
750.643 564.019 15.1542 2.72856 31.3098
785.895 644.89 12.7997 2.4294 31.2501
933.12 423.014 12.1298 1.33735 30.9316
912.384 362.88 12.7442 1.15108 30.916
895.795 491.443 12.6843 1.6834 30.9276
761.011 383.616 14.202 1.41447 31.4391
725.76 493.517 15.2369 2.27209 31.5427
1103.16 576.461 11.9902 1.74836 30.3436
1181.95 570.24 11.614 1.62257 30.2813
1208.91 524.621 12.184 1.57134 29.9245
1204.76 534.989 12.2402 1.60936 29.9136
1007.77 613.786 12.4771 2.04883 30.4599
1165.36 443.75 12.0571 1.29731 30.1864
1090.71 423.014 11.5336 1.23656 30.629
1053.39 431.309 11.5674 1.2642 30.7141
1078.27 385.69 11.5968 1.13655 30.6627
997.402 514.253 11.5031 1.52463 30.8511
1047.17 510.106 11.9605 1.568 30.5668
126.904 313.528 12.0936 1.3547 33.9364
119.439 283.669 11.9803 1.22095 33.8949
475.269 119.439 14.6729 -0.0241302 33.4994
228.925 564.849 12.2996 2.30269 33.5341
131.881 574.802 12.2835 2.40843 33.9166
159.253 557.384 12.2826 2.32694 33.8235
194.089 639.498 11.778 2.38943 33.3404
248.832 637.01 11.7041 2.32455 33.1106
445.409 602.174 12.3891 2.3529 32.6559
216.484 256.297 13.5491 1.06363 34.4964
851.006 661.893 12.906 2.49993 30.968
467.804 266.25 23.8636 0.671792 36.2387
1087.4 186.624 11.6441 0.558817 30.707
940.585 131.881 12.4149 0.255055 30.985
1072.47 64.6963 12.1266 0.0468247 30.6552
761.426 383.201 14.1936 1.40416 31.4433
721.613 388.178 16.36 1.61696 31.6387
838.564 557.384 12.8794 2.03575 31.0914
1037.63 617.103 11.6028 1.82085 30.6791
915.702 47.2781 13.5698 -0.430984 30.9526
1074.95 204.042 12.0207 0.542883 30.602
430.479 298.598 23.5683 1.34912 36.7644
1082.42 338.412 12.0127 0.978222 30.524
1020.21 340.9 11.571 1.02469 30.848
333.435 482.734 13.503 2.21197 33.6814
873.4 121.928 13.1342 0.0785348 31.1536
967.957 278.692 11.6981 0.853804 30.9773
945.562 226.437 12.3404 0.633428 30.9385
1129.7 437.944 11.6842 1.26463 30.4525
1089.88 423.014 11.5693 1.23421 30.6154
823.634 398.131 12.9027 1.35404 31.2421
358.318 355.83 12.9169 1.48144 33.3796
918.19 365.783 11.6817 1.14697 31.0884
1157.07 345.877 12.0616 0.968979 30.2571
1117.26 298.598 11.8388 0.85245 30.4825
1114.77 196.577 12.0252 0.502359 30.4826
1050.07 462.828 11.6371 1.37329 30.7011
724.101 492.687 15.2687 2.28805 31.5514
967.957 562.36 11.5107 1.68215 30.9092
243.855 318.505 12.3571 1.32111 33.6085
1139.65 664.382 11.9963 2.03341 30.1846
1104.81 656.917 11.6138 1.91912 30.4608
995.328 515.082 11.7833 1.56927 30.7801
1142.14 562.36 12.5202 1.79347 30.0001
1122.23 539.966 11.5839 1.56724 30.4754
1122.23 251.32 12.0462 0.67117 30.4159
617.103 420.526 10.6866 1.31365 31.8739
632.033 378.225 18.2582 1.7991 32.652
1000.3 661.893 11.5772 1.96612 30.7841
975.422 607.15 11.665 1.83024 30.8416
1164.53 398.131 12.1388 1.14935 30.1695
1169.51 534.989 11.6497 1.53572 30.3184
1005.28 410.573 11.6526 1.24112 30.8312
1144.63 440.433 12.0244 1.28761 30.2668
159.253 333.435 12.263 1.42285 33.9041
597.197 486.715 18.6558 3.03274 32.9258
214.991 579.281 12.2893 2.36844 33.5637
340.402 636.015 12.0034 2.38983 32.9229
839.062 555.393 12.9413 2.05024 31.0821
468.8 265.753 24.5214 0.684966 36.4551
92.5655 492.687 11.6029 1.90444 33.6576
851.006 659.903 12.52 2.36981 31.0323
259.781 480.743 13.1525 2.16421 33.879
220.963 495.673 12.385 2.0628 33.6412
259.781 441.926 11.9988 1.73958 33.3117
1066 624.071 11.4841 1.79954 30.6304
1188.42 200.061 11.7236 0.538904 30.3863
188.117 167.215 14.496 0.516784 35.2989
158.257 191.103 14.6549 0.647364 35.6259
331.444 483.729 13.9253 2.3222 33.8545
271.725 489.701 12.9372 2.16404 33.7235
137.355 453.87 11.9915 1.85342 33.7808
1074.95 232.907 11.7102 0.685983 30.7098
1027.18 217.977 11.5766 0.660792 30.8872
883.851 155.271 13.5041 0.144516 31.0373
570.323 343.388 22.1284 1.6784 34.0196
997.319 516.575 11.9771 1.59313 30.7202
1092.87 373.248 11.6455 1.08637 30.6244
185.131 394.15 12.0929 1.60001 33.664
716.636 429.982 16.2454 1.96311 31.6774
761.426 382.206 14.6115 1.43101 31.4156
782.328 450.884 15.2994 1.92647 31.2058
973.431 209.019 11.9883 0.586451 30.9275
1057.04 415.052 11.6223 1.22689 30.7011
1212.31 573.309 12.462 1.78858 29.7622
1200.37 244.851 11.7073 0.660969 30.3286
812.188 421.024 12.4977 1.42366 31.2958
845.034 376.234 12.5979 1.23336 31.1709
1152.59 534.491 12.0315 1.59815 30.1882
1104.81 528.519 11.6126 1.54485 30.5288
1119.74 235.893 12.058 0.612508 30.4364
973.431 639.001 11.465 1.8825 30.8823
1167.52 355.332 11.7188 1.00242 30.3899
1006.28 409.08 11.817 1.2377 30.7879
961.487 361.304 12.2258 1.11802 30.8584
997.319 313.528 12.1297 0.931785 30.7811
943.571 292.626 12.5249 0.827206 30.8607
686.776 540.463 15.514 2.68318 31.7687
561.365 483.729 17.1781 2.80629 33.0285
83.6076 549.421 11.9629 2.22555 33.9106
495.673 134.369 13.812 0.214256 33.1189
513.589 355.332 27.0951 2.25135 36.017
280.683 197.075 15.2852 0.55852 35.0447
1160.95 107.495 12.093 0.174235 30.3669
1193.2 85.9964 11.8851 0.152162 30.3548
197.075 530.311 12.3325 2.20344 33.6937
171.993 232.907 14.8343 0.956112 35.6321
974.625 204.241 11.7078 0.636547 30.9991
949.543 197.075 11.9233 0.567808 31.0183
770.384 419.232 15.3599 1.70008 31.2943
713.053 433.565 16.2617 1.97727 31.6626
759.635 383.4 16.588 1.53978 31.3394
885.046 573.309 12.1603 1.89924 30.9984
902.962 523.145 12.6018 1.79817 30.8732
877.88 594.808 12.4294 2.04624 30.9744
938.794 128.995 12.5776 0.210915 30.9681
1042.71 555.393 11.9282 1.69218 30.5775
1067.79 275.905 12.9063 0.680447 30.2953
1074.95 229.324 11.5848 0.685895 30.7384
910.128 447.898 12.24 1.45666 30.9652
892.212 465.814 12.6458 1.56645 30.9514
1125.12 598.391 12.013 1.80136 30.2576
218.574 401.316 11.7498 1.56655 33.3432
358.318 354.735 12.2589 1.3867 33.1164
1017.62 340.402 11.2189 1.02651 30.9522
1074.95 297.404 11.6283 0.873981 30.6963
1153.78 347.569 12.0636 0.971113 30.2648
329.653 483.73 13.5302 2.22576 33.7017
326.07 472.98 12.9692 2.04671 33.5067
351.152 404.9 14.0238 1.84976 33.8844
569.726 343.985 23.039 1.74112 34.195
1186.03 569.726 12.3023 1.75774 29.9221
143.327 336.819 12.1861 1.42441 33.9313
293.821 412.066 13.1181 1.81718 33.7793
910.128 429.982 12.4652 1.40879 30.9346
917.294 361.901 12.2685 1.14016 30.9818
867.13 347.569 13.3341 1.10827 31.0269
881.463 154.077 13.4174 0.13233 31.0478
662.889 372.651 18.3694 1.72012 32.3736
1157.37 426.399 12.0504 1.25142 30.2345
161.243 426.399 12.1407 1.75126 33.7992
136.161 386.984 12.0897 1.60648 33.8634
480.146 311.737 26.2357 1.43888 36.6154
616.307 426.399 10.6867 1.31138 31.8738
594.808 408.483 20.7133 2.43147 33.3341
569.726 361.901 25.6178 2.19895 34.7269
999.708 494.479 11.4925 1.47181 30.8557
988.958 562.56 11.5331 1.6707 30.8511
1186.03 261.572 11.4694 0.760295 30.4881
1196.78 243.656 11.7576 0.672856 30.3203
544.644 376.234 23.0947 2.29906 34.6051
1089.29 247.24 12.0267 0.67399 30.528
1096.45 168.41 12.03 0.41682 30.556
842.048 501.645 12.9851 1.79082 31.0964
720.219 512.395 15.1243 2.3861 31.5873
788.3 644.973 13.2426 2.56082 31.2015
114.662 372.651 12.6367 1.65789 34.3286
214.991 515.978 12.3846 2.14327 33.6481
505.229 139.744 14.7313 0.0585545 33.3502
455.064 243.656 20.4377 0.459816 35.4135
623.474 232.907 20.7003 0.136198 33.2944
82.4132 154.077 14.1237 0.538075 35.7741
286.655 207.825 14.7034 0.663765 34.7397
902.962 331.086 13.0003 1.01155 30.9402
868.563 343.985 13.329 1.10276 31.0134
937.36 404.183 11.7893 1.2546 30.9958
1010.46 520.278 11.6535 1.55373 30.7873
219.291 442.881 12.2597 1.80921 33.5894
619.174 421.382 10.686 1.31679 31.8768
601.975 374.084 20.634 1.99856 33.3312
1139.45 408.483 11.6709 1.18787 30.4619
1126.55 365.485 11.7958 1.0617 30.4589
1195.35 417.082 11.6662 1.17703 30.2917
1160.95 421.382 11.7255 1.21035 30.3757
1195.35 245.09 12.0784 0.643574 30.1666
116.095 356.885 12.6568 1.56145 34.3478
193.492 391.283 12.1238 1.59744 33.6595
425.682 257.989 17.9625 0.756401 34.9293
920.161 378.384 12.2237 1.18852 30.9786
971.759 610.574 11.5824 1.83399 30.8647
1049.16 503.079 11.5526 1.48941 30.6991
1006.16 494.479 11.9801 1.50977 30.705
1117.95 296.687 12.0328 0.817382 30.4153
1074.95 296.687 12.0131 0.851747 30.5607
193.492 309.587 12.5617 1.32554 33.9848
331.086 481.58 14.1476 2.37251 33.9444
657.872 318.187 10.2598 1.09005 31.7878
726.669 503.079 15.2483 2.33378 31.5273
894.362 481.58 11.9425 1.54115 31.0453
1135.15 550.377 11.4597 1.53633 30.5062
1126.55 537.477 11.3799 1.51038 30.541
1070.65 537.477 11.9638 1.61369 30.4943
821.265 309.587 13.8752 0.931965 31.2172
1066.35 412.783 11.438 1.20406 30.7176
666.472 369.784 10.7599 1.20688 31.7786
894.362 184.892 12.9476 0.365345 31.0368
915.861 154.793 12.3073 0.360701 31.0788
984.658 481.58 11.484 1.44068 30.9184
842.764 498.779 12.7596 1.75878 31.114
687.971 537.477 15.283 2.64161 31.7649
838.465 554.677 12.5721 1.95583 31.1127
1040.56 210.691 12.0209 0.574563 30.7136
933.06 90.2962 13.747 -0.24277 30.8279
997.558 270.889 11.5413 0.853423 30.9317
614.874 447.181 9.29808 1.1559 31.7197
90.2962 490.179 12.6151 2.17872 34.3571
356.885 98.8958 14.6339 -0.0552098 34.2553
460.081 240.79 21.7173 0.405438 35.7513
184.892 133.294 15.4097 0.153119 35.9374
81.6965 116.095 14.9262 0.177291 36.4445
283.788 206.391 14.4691 0.649723 34.64
330.226 299.267 13.6357 1.20832 33.8742
1155.79 242.51 12.073 0.617285 30.3109
1026.8 345.705 11.6163 1.02116 30.8256
995.838 314.747 12.1414 0.95023 30.7877
1047.44 505.659 11.9691 1.52176 30.5602
603.694 371.504 20.7712 1.99488 33.3216
959.719 412.783 11.9243 1.27477 30.8896
923.601 417.942 11.6737 1.2812 31.0518
954.56 376.664 11.9497 1.14778 30.9293
923.601 304.427 11.6831 0.940697 31.0915
1083.55 417.942 11.6444 1.2243 30.6359
1171.27 469.54 11.723 1.35451 30.3094
1166.11 515.978 11.6669 1.48013 30.3321
1124.83 283.788 12.0863 0.77482 30.3965
1073.23 273.468 11.5306 0.810509 30.7468
1124.83 237.35 12.0585 0.614466 30.4208
1073.23 227.03 11.7723 0.651591 30.6787
696.571 319.906 18.8279 1.11286 32.1358
954.56 257.989 11.5738 0.809454 31.0612
944.24 288.948 12.4751 0.845323 30.8766
923.601 237.35 12.2362 0.66062 31.0373
908.122 433.422 12.1216 1.37468 31.0062
835.885 588.215 12.0526 1.96908 31.1747
841.044 500.499 13.1782 1.8288 31.0864
1037.12 211.551 11.8581 0.602135 30.7645
975.199 201.231 12.0726 0.566982 30.9191
923.601 103.196 13.1452 -0.0751123 30.9466
1088.71 185.752 12.0036 0.479733 30.5651
1104.19 340.546 11.334 0.987062 30.6917
902.962 330.226 12.815 1.01088 30.9454
221.871 381.824 12.8119 1.63226 33.9175
361.185 103.196 13.4793 0.139552 33.7602
283.788 206.391 13.6331 0.769395 34.2257
811.118 334.354 13.8384 1.05862 31.2111
866.843 222.903 14.6728 0.319763 30.8996
965.911 352.929 11.9551 1.07254 30.9074
167.177 272.436 14.0725 1.21917 35.0819
185.752 346.737 11.9504 1.42796 33.6158
712.05 427.23 15.8053 1.88824 31.7551
1157.86 198.136 11.7067 0.537989 30.4569
1126.9 204.327 11.8246 0.573064 30.5426
854.46 371.504 13.237 1.26674 31.1066
928.761 414.846 11.6132 1.28371 31.054
953.528 371.504 10.383 1.11775 31.2962
916.377 359.121 12.7641 1.14994 30.9182
1015.45 408.655 11.3101 1.21113 30.8944
1126.9 235.286 11.6758 0.667134 30.5583
916.377 260.053 12.8251 0.680085 30.9249
1009.25 520.106 11.853 1.59406 30.7386
1095.94 588.215 11.453 1.67857 30.5738
1157.86 513.914 11.6385 1.43542 30.3764
693.475 390.08 10.85 1.25029 31.7108
885.419 575.832 12.1964 1.92815 30.9849
1102.13 340.546 12.1103 0.979671 30.466
656.324 328.162 10.7329 1.09634 31.8277
873.035 297.203 12.8951 0.885822 31.0848
823.501 241.478 12.1027 0.736479 31.4028
216.711 439.613 11.9194 1.74437 33.4363
334.354 470.572 14.1412 2.27852 33.9284
117.643 538.681 12.3887 2.30453 34.0637
297.203 489.147 13.8233 2.35475 34.021
631.557 315.779 21.1105 1.20408 33.0897
179.56 179.56 13.7754 0.593237 34.9124
136.218 303.395 12.1685 1.29806 33.9445
284.82 284.82 12.5225 1.15152 33.5821
653.848 326.924 10.7348 1.08953 31.8265
765.299 393.795 16.0186 1.42728 31.3828
705.858 274.913 20.4563 0.432721 31.9931
869.32 282.343 12.9191 0.803929 31.0427
988.202 274.913 12.188 0.777497 30.807
668.708 289.773 17.1513 0.839372 32.1417
980.771 445.805 12.2562 1.39602 30.7662
1062.5 460.665 11.7742 1.34899 30.6362
988.202 564.687 11.9866 1.71782 30.7244
906.471 505.246 12.3039 1.6668 30.9432
1055.07 505.246 11.9747 1.51113 30.5101
705.858 430.945 15.9014 1.93403 31.7387
847.03 453.235 12.9568 1.58591 31.1006
757.869 557.256 13.3366 2.19707 31.339
683.568 534.966 14.5381 2.47805 31.6996
1032.78 170.892 12.0472 0.431873 30.7337
1069.93 319.494 11.6928 0.941234 30.6681
1114.51 274.913 11.1649 0.82366 30.8027
861.89 222.903 15.4118 0.246862 30.8262
854.46 148.602 15.192 -0.228937 31.0094
884.18 319.494 9.58782 1.0789 31.576
817.31 245.193 12.999 0.649814 31.3245
416.085 438.375 12.7309 1.78426 33.0207
215.473 386.365 12.8195 1.68128 34.0037
208.042 520.106 12.3942 2.15658 33.7059
631.557 230.333 19.9985 0.150249 32.9582
282.343 200.612 14.9242 0.569944 34.7798
274.913 141.172 14.4883 0.299945 34.7055
141.172 304.634 12.6249 1.34159 34.2255
222.903 267.483 13.6667 1.11557 34.5346
282.343 289.773 14.04 1.16195 34.3405
1105.6 463.637 11.7845 1.35098 30.5041
285.315 285.315 14.1549 1.17962 34.3942
579.547 347.728 24.8361 1.61498 34.5279
579.547 329.896 23.527 1.56348 34.225
873.778 356.644 11.5406 1.13333 31.2598
882.694 320.98 12.9878 0.96177 31.0444
918.359 356.644 12.7476 1.1231 30.9083
909.443 329.896 11.6332 1.02632 31.1188
927.275 303.148 12.5557 0.847199 30.952
909.443 294.231 12.9398 0.850132 30.9494
927.275 392.309 11.6546 1.22795 31.0617
980.771 374.476 10.9834 1.12093 31.0724
1069.93 454.721 11.9765 1.39073 30.5272
1007.52 481.47 11.9912 1.44838 30.6927
909.443 508.218 11.1832 1.50314 31.152
1052.1 499.302 11.6482 1.47391 30.6773
838.114 499.302 12.7386 1.75055 31.1226
1087.76 231.819 12.7505 0.510387 30.3338
998.604 312.064 12.8031 0.957168 30.6009
1105.6 347.728 11.6608 0.996782 30.5968
1025.35 347.728 11.9785 1.03526 30.7548
1025.35 258.567 11.7034 0.761524 30.8424
650.876 320.98 10.7645 1.09482 31.8119
419.057 383.392 12.528 1.50751 32.9677
543.882 392.309 18.078 2.05373 33.3415
570.631 481.47 18.146 2.94103 33.1753
213.987 383.392 11.7333 1.51153 33.377
187.238 392.309 12.0473 1.59371 33.6305
338.812 472.554 12.8147 2.0118 33.4225
463.637 249.651 23.7524 0.656793 36.148
178.322 187.238 14.1903 0.776944 35.1728
294.231 213.987 15.6758 0.68223 35.309
240.735 320.98 11.6628 1.2924 33.2485
222.903 258.567 14.9171 1.16567 35.1667
