943 382 4.20865 -0.370567 -10.7968
756 640 4.50154 0.739756 -12.6616
20 235 6.7784 -0.275295 -10.3372
20 548 6.80154 0.610457 -10.6657
703 382 5.15461 -0.9387 -17.0388
978 425 3.92523 -0.32824 -11.4153
1064 371 4.07966 -0.338774 -10.19
1127 220 3.88393 -0.796711 -10.4359
258 420 7.26985 0.141957 -12.6951
99 571 6.78787 0.704289 -11.0326
314 306 7.40814 -0.582751 -13.2764
456 205 7.27176 -1.7668 -14.8559
308 564 6.99361 0.878196 -13.0715
1120 359 3.8448 -0.455565 -10.487
1117 294 3.73829 -0.711092 -10.824
291.6 369.6 7.25346 -0.15202 -12.8601
714 591.6 4.73596 0.593831 -13.0423
901.2 600 4.21136 0.276607 -10.8758
1142.4 240 3.85168 -0.74115 -10.4131
96 625.2 6.77216 0.885074 -11.0576
346.8 457.2 6.80224 0.249857 -12.8164
741.6 492 4.63288 0.0454873 -15.1174
1020 361.2 3.90754 -0.518106 -11.1039
54 271.2 6.79221 -0.199575 -10.5004
933.6 549.6 4.15246 0.112347 -10.8609
1126.8 436.8 3.73537 -0.283838 -10.6678
979.2 418.8 3.91415 -0.369822 -11.4822
109.2 321.6 6.84056 -0.114507 -10.8495
740.4 457.2 4.72805 -0.133259 -12.8993
85.2 402 6.82505 0.161067 -10.7998
60 402 6.82481 0.170301 -10.7027
141.6 451.2 6.81414 0.293849 -11.1279
1189.2 193.2 3.79158 -0.84539 -10.3312
186 598.8 6.98713 0.938502 -11.9269
159.6 645.6 6.87283 1.06765 -11.6305
332.4 436.8 7.00169 0.171992 -13.0375
110.4 406.8 6.9219 0.164714 -11.0678
232.8 384 7.12808 -0.00749978 -12.1238
142.8 600 6.87688 0.870672 -11.4418
286.8 404.4 7.25963 0.0486699 -12.9152
774 369.6 4.63496 -0.575819 -12.5981
147.6 391.2 6.94798 0.101317 -11.2719
192 316.8 6.98403 -0.225306 -11.4766
622.8 369.6 6.10568 -1.00003 -17.8451
116.4 541.2 6.86951 0.629389 -11.2057
710.4 502.8 4.85071 0.136619 -13.4191
574.8 486 6.21046 0.291808 -16.8816
142.8 408 6.94346 0.156506 -11.2697
657.6 457.2 5.48504 -0.146785 -17.1589
294 182.4 8.31529 -1.59968 -14.3027
618 285.6 6.07603 -1.63853 -16.4097
432 324 7.59818 -0.896681 -15.8203
49.2 661.2 6.73179 0.94913 -10.8183
126 476.4 6.93682 0.40357 -11.259
345.6 607.2 6.62691 1.02048 -12.7989
432 590.4 6.30906 0.920665 -13.1974
360 682.8 5.9909 1.00696 -11.5125
423.6 410.4 6.56111 -0.0751386 -13.136
400.8 528 6.48573 0.576404 -12.9568
946.8 306 4.23874 -0.574005 -10.7049
771.6 326.4 4.67508 -0.771089 -12.5161
1190.4 354 3.79369 -0.435101 -10.2298
691.2 394.8 5.23901 -0.759817 -16.7689
1161.6 602.4 3.61058 0.141012 -10.6313
1105.2 640.8 3.76074 0.255427 -10.5886
1155.6 464.4 3.75026 -0.194053 -10.441
1120.8 463.2 3.79099 -0.195247 -10.5459
1041.12 400.32 4.10526 -0.273086 -10.2377
158.4 645.12 6.84474 1.05522 -11.5734
164.16 626.4 6.92253 1.01473 -11.7133
224.64 532.8 6.94056 0.651311 -12.0155
289.44 590.4 7.07068 1.04322 -13.0691
937.44 498.24 4.16856 -0.0356489 -10.8469
1025.28 599.04 3.86087 0.210775 -10.9119
1221.12 452.16 3.73111 -0.219485 -10.1807
95.04 624.96 6.77094 0.883711 -11.0546
61.92 629.28 6.7916 0.878396 -10.926
97.92 570.24 6.72602 0.686241 -10.9232
72 432 6.78782 0.249187 -10.7268
154.08 486.72 6.91851 0.448626 -11.3943
205.92 620.64 7.00108 1.06586 -12.1629
200.16 280.8 7.00166 -0.381411 -11.4805
979.2 419.04 3.92075 -0.36631 -11.4483
51.84 404.64 6.82129 0.17541 -10.6653
751.68 468 4.65236 -0.0760545 -12.8634
774.72 368.64 4.63188 -0.566962 -12.5553
275.04 398.88 7.27427 0.016212 -12.7932
568.8 396 6.41835 -0.55227 -16.7591
812.16 279.36 4.54932 -0.901063 -11.9528
113.76 385.92 6.86825 0.0972387 -10.9739
120.96 360 7.02963 0.00630796 -11.209
217.44 322.56 7.17379 -0.257914 -11.9769
116.64 541.44 6.85056 0.625208 -11.1686
185.76 597.6 6.98315 0.935437 -11.9198
879.84 387.36 4.66013 -0.0608265 -8.96043
142.56 365.76 6.91246 0.0031435 -11.148
324 408.96 7.11373 0.0180127 -13.0833
648 375.84 5.68585 -0.911676 -16.8283
1116 424.8 3.75843 -0.310351 -10.6802
1114.56 403.2 3.76988 -0.365786 -10.6767
228.96 475.2 7.06835 0.407083 -12.1533
224.64 446.4 6.84758 0.26113 -11.6939
639.36 398.88 5.76194 -0.678234 -17.0752
1167.84 216 3.83147 -0.787035 -10.3316
1146.24 197.28 3.85685 -0.849996 -10.4054
129.6 299.52 6.89379 -0.204877 -10.9739
889.92 568.8 4.02574 0.257916 -12.1738
286.56 406.08 7.33458 0.0474567 -13.0793
485.28 400.32 7.06239 -0.338519 -16.1147
156.96 410.4 6.94603 0.151082 -11.3507
142.56 293.76 6.97996 -0.255548 -11.1615
226.08 290.88 7.22507 -0.420824 -12.057
233.28 381.6 7.08161 -0.00786016 -12.0338
707.04 529.92 4.84067 0.279062 -13.1135
688.32 547.2 4.92135 0.396316 -13.2121
718.56 600.48 4.70961 0.610595 -12.8869
495.36 472.32 7.14104 0.308401 -17.3082
686.88 427.68 5.18219 -0.441248 -16.3623
635.04 452.16 5.7147 -0.160052 -17.0619
201.6 378.72 7.08659 -0.00362097 -11.8106
637.92 421.92 5.75034 -0.453588 -17.1338
318.24 246.24 7.27801 -0.856616 -12.8934
214.56 348.48 6.94783 -0.129313 -11.6334
298.08 342.72 7.42763 -0.318088 -13.2385
313.92 305.28 7.40995 -0.587895 -13.2776
93.6 357.12 6.92 0.0114924 -10.9147
41.76 300.96 6.72016 -0.11152 -10.4044
109.44 321.12 6.79169 -0.111156 -10.7728
293.76 182.88 8.25846 -1.55664 -14.1892
612 243.36 6.08941 -1.88449 -15.6814
571.68 328.32 6.49067 -1.20111 -16.6644
455.04 207.36 7.62709 -2.01385 -15.8957
394.56 309.6 8.27396 -1.08327 -16.6262
371.52 28.8 6.89519 -1.85235 -12.184
475.2 60.48 6.30525 -1.74323 -12.1213
97.92 678.24 6.74385 1.06342 -11.092
119.52 666.72 6.81352 1.07762 -11.3153
309.6 397.44 7.22415 -0.021245 -13.0959
635.04 557.28 5.45226 0.787125 -16.4494
383.04 551.52 6.57538 0.738132 -13.0664
393.12 527.04 6.50344 0.580243 -12.9221
446.4 482.4 6.66972 0.365107 -14.2735
864 254.88 3.76275 -2.5493 -17.1192
673.92 195.84 5.5545 -2.13405 -14.9688
1134.72 223.2 3.86936 -0.786847 -10.4225
1163.52 332.64 3.87338 -0.460057 -10.1883
1118.88 357.12 3.84675 -0.459633 -10.4861
997.92 357.12 3.9897 -0.509172 -11.033
933.12 548.64 4.15625 0.111897 -10.8366
699.84 650.88 4.76324 0.965664 -13.4058
817.92 381.6 4.45681 -0.462942 -12.0277
941.76 378.72 4.20927 -0.37045 -10.7967
807.84 492.48 4.41895 0.00600676 -12.0378
689.76 396 5.28667 -0.823876 -17.3792
770.4 465.12 4.56959 -0.113351 -12.8026
1160.64 601.92 3.59317 0.13721 -10.6916
1150.56 656.64 3.73474 0.258782 -10.3904
967.68 662.4 4.03148 0.39994 -10.7753
1154.88 463.68 3.74411 -0.19365 -10.4631
1120.32 462.24 3.79035 -0.195443 -10.5614
1081.44 456.48 3.8456 -0.200281 -10.6678
188.352 630.72 6.85648 1.02745 -11.7575
298.944 449.28 7.09548 0.268342 -12.8384
319.68 433.728 7.12631 0.167276 -13.1096
1095.55 601.344 3.72142 0.168904 -10.771
177.984 554.688 6.83157 0.690768 -11.5189
257.472 497.664 7.23965 0.553034 -12.8382
775.872 368.064 4.62761 -0.583802 -12.6368
1173.31 214.272 3.82104 -0.788435 -10.3305
1147.39 202.176 3.85294 -0.844145 -10.4058
252.288 451.008 6.98356 0.284129 -12.1817
224.64 445.824 6.94832 0.265505 -11.8694
667.008 400.896 5.49497 -0.722449 -17.1765
658.368 387.072 5.6043 -0.835835 -17.3193
891.648 381.888 4.18659 -0.481697 -11.7467
157.248 646.272 6.88881 1.06881 -11.642
670.464 404.352 5.45385 -0.697606 -17.173
872.64 561.6 4.11653 0.237251 -12.0649
165.888 371.52 6.98479 0.00138896 -11.4047
549.504 362.88 6.74046 -0.88144 -17.0528
618.624 369.792 5.86983 -0.83411 -16.0275
145.152 407.808 6.91602 0.150107 -11.2207
252.288 521.856 7.02399 0.627868 -12.3715
687.744 563.328 4.88741 0.476986 -12.9225
686.016 426.816 5.27471 -0.514321 -17.6158
891.648 471.744 4.27648 -0.0821697 -10.961
461.376 362.88 7.48324 -0.690042 -16.5207
746.496 597.888 4.57745 0.55097 -12.7149
656.64 457.92 5.51899 -0.15532 -17.4754
285.12 328.32 7.25805 -0.357887 -12.7139
615.168 483.84 5.83626 0.187933 -16.9609
547.776 452.736 6.53158 0.0151499 -16.8643
214.272 349.056 6.95185 -0.128468 -11.6363
297.216 343.872 7.22809 -0.293877 -12.8033
314.496 305.856 7.41447 -0.600736 -13.2816
58.752 248.832 6.82747 -0.265727 -10.5432
50.112 209.088 6.86075 -0.382867 -10.5039
50.112 345.6 6.89248 0.010963 -10.6933
120.96 359.424 6.97548 0.00860727 -11.1255
319.68 95.04 7.39017 -1.69034 -12.7419
565.056 224.64 6.67333 -2.09421 -16.2639
525.312 359.424 6.99727 -0.863747 -17.0277
616.896 285.12 6.20583 -1.77799 -17.1271
456.192 207.36 7.67615 -2.05168 -16.025
355.968 354.24 6.8959 -0.300197 -12.847
395.712 307.584 8.30019 -1.08947 -16.6903
468.288 357.696 7.53043 -0.791963 -16.9187
432 326.592 7.59818 -0.896681 -15.8203
506.304 41.472 6.11057 -1.78734 -11.917
483.84 67.392 6.22456 -1.66931 -12.001
222.912 533.952 7.04414 0.678704 -12.2236
96.768 679.104 6.76843 1.0733 -11.1375
50.112 660.096 6.74629 0.95228 -10.8468
233.28 381.888 7.09182 -0.0089365 -12.0505
309.312 397.44 7.14166 -0.0223564 -12.9296
198.72 447.552 6.84937 0.273202 -11.5123
319.68 518.4 6.96434 0.621218 -13.0254
269.568 447.552 7.11703 0.271786 -12.5924
60.48 523.584 6.79149 0.537625 -10.7834
146.88 518.4 6.92654 0.567289 -11.4262
623.808 590.976 5.41144 0.934777 -15.1742
343.872 608.256 6.66171 1.03383 -12.8769
399.168 632.448 6.22634 1.02854 -12.5243
350.784 393.984 7.00937 -0.0849437 -13.1939
412.992 485.568 6.55142 0.362663 -13.226
945.216 307.584 4.2355 -0.580722 -10.742
782.784 307.584 4.64064 -0.884812 -12.6433
684.288 177.984 5.45307 -2.11018 -14.4939
1142.21 238.464 3.86105 -0.735136 -10.3875
1211.33 191.808 3.78523 -0.814489 -10.2304
933.12 549.504 4.15283 0.111804 -10.8702
941.76 380.16 4.20675 -0.364839 -10.7977
936.576 497.664 4.16979 -0.029322 -10.8474
689.472 395.712 5.24395 -0.754065 -16.6659
1192.32 580.608 3.70707 0.0630492 -10.3096
1104.19 641.088 3.76173 0.254273 -10.5883
1197.5 675.648 3.69555 0.262753 -10.2668
1024.7 575.424 3.83098 0.143242 -11.0609
1021.25 613.44 3.86226 0.252706 -10.9339
1156.03 464.832 3.74706 -0.197012 -10.4508
1119.74 461.376 3.79149 -0.195889 -10.5511
1197.5 466.56 3.70682 -0.192004 -10.325
673.92 195.264 5.53466 -2.09795 -14.849
174.182 263.347 6.97183 -0.394054 -11.2702
226.022 290.304 7.23076 -0.422193 -12.0822
298.598 429.235 7.06838 0.16374 -12.7242
323.482 408.499 7.05489 0.0191804 -12.958
578.534 414.72 6.34318 -0.415298 -17.0745
172.109 381.542 6.94193 0.0476259 -11.3813
153.446 313.114 6.83902 -0.171766 -11.0545
196.992 292.378 7.00861 -0.332075 -11.4946
485.222 412.646 7.01788 -0.230769 -16.0641
561.946 362.88 6.80072 -0.955588 -17.8198
617.933 393.984 6.00135 -0.67938 -17.1128
617.933 369.101 6.13204 -0.969645 -17.6751
659.405 385.69 5.6647 -0.875455 -17.7013
642.816 398.131 5.72924 -0.695698 -17.1152
184.55 373.248 6.99556 0.0081488 -11.5191
252.979 470.707 7.11827 0.396462 -12.5223
250.906 447.898 7.00544 0.278919 -12.2106
578.534 481.075 6.25808 0.245032 -17.2539
576.461 445.824 6.32129 -0.0885322 -17.2019
514.253 439.603 6.98732 -0.0708843 -17.1904
518.4 408.499 6.99077 -0.371734 -17.1354
705.024 528.768 4.84289 0.284291 -13.1758
680.141 539.136 4.97987 0.373411 -13.3396
485.222 398.131 7.35519 -0.396625 -17.1947
460.339 362.88 7.5313 -0.690751 -16.6496
624.154 427.162 5.92305 -0.390065 -17.6011
615.859 412.646 6.02508 -0.506741 -17.3559
620.006 479.002 5.75036 0.147517 -16.7665
613.786 483.149 5.91422 0.200381 -17.0856
514.253 462.413 6.81609 0.178824 -16.7984
317.261 248.832 7.42486 -0.901659 -13.204
93.312 244.685 6.83604 -0.319238 -10.6705
51.84 207.36 6.86267 -0.383133 -10.5066
45.6192 348.365 6.86968 0.0164999 -10.6388
107.827 319.334 6.77267 -0.110299 -10.7433
157.594 333.85 7.01634 -0.127534 -11.3666
120.269 358.733 7.00419 0.00671934 -11.165
82.944 122.342 6.95547 -0.688648 -10.6496
147.226 184.55 7.53291 -0.79151 -11.77
163.814 126.49 6.73366 -0.732272 -10.7093
609.638 242.611 6.20618 -1.99808 -16.2085
561.946 319.334 6.60012 -1.26494 -16.5723
449.971 226.022 7.70978 -1.88977 -16.0864
396.058 308.966 8.23981 -1.07126 -16.5592
431.309 325.555 7.94351 -1.00394 -16.8273
580.608 87.0912 5.77372 -1.70341 -12.1404
483.149 68.4288 6.32693 -1.77996 -12.318
190.771 543.283 6.88072 0.668974 -11.6799
180.403 572.314 6.92973 0.798774 -11.7259
176.256 553.651 6.80909 0.689161 -11.4723
143.078 555.725 6.81376 0.676787 -11.2937
97.4592 675.994 6.79914 1.08339 -11.1907
49.7664 659.405 6.73952 0.951008 -10.8391
263.347 364.954 6.99366 -0.119315 -12.0915
207.36 485.222 7.04982 0.453059 -11.988
199.066 445.824 6.88223 0.275959 -11.5681
317.261 516.326 6.89883 0.591188 -12.8277
55.9872 439.603 6.70808 0.276808 -10.5681
85.0176 400.205 6.86962 0.161146 -10.8702
58.0608 367.027 6.82794 0.0741115 -10.6596
147.226 516.326 6.86518 0.544918 -11.309
161.741 447.898 6.7744 0.278578 -11.1726
636.595 603.418 5.20873 0.863198 -14.0136
576.461 590.976 5.46982 0.740968 -13.0925
530.842 638.669 5.61426 0.97782 -12.7896
593.05 624.154 5.41174 0.974824 -13.6122
371.174 549.504 6.71339 0.752728 -13.2673
431.309 588.902 6.29813 0.91578 -13.1449
398.131 632.448 6.23934 1.03745 -12.5571
588.902 379.469 6.37031 -0.800952 -17.3885
555.725 491.443 6.39147 0.383067 -16.9254
508.032 487.296 6.93512 0.422149 -17.207
572.314 493.517 6.28825 0.367354 -17.2196
396.058 414.72 6.57576 -0.00335628 -12.7641
346.291 445.824 6.72569 0.193388 -12.5697
447.898 468.634 6.42114 0.225627 -13.3932
883.354 255.053 3.24997 -3.3534 -19.7861
941.415 306.893 4.22779 -0.589875 -10.8254
659.405 294.451 5.7699 -1.75899 -17.1332
781.747 306.893 4.64083 -0.870478 -12.5046
825.293 194.918 4.46758 -1.758 -13.3196
1140.48 238.464 3.86105 -0.735138 -10.3875
1163.29 331.776 3.87614 -0.460522 -10.189
1117.67 354.586 3.85177 -0.462953 -10.4838
1074.12 174.182 4.12712 -0.770427 -10.1291
866.765 601.344 4.17198 0.387577 -11.7758
783.821 597.197 4.43233 0.477855 -12.3409
752.717 653.184 4.499 0.825984 -12.6632
856.397 391.91 4.04633 -0.731687 -14.1938
688.435 396.058 5.26616 -0.782219 -16.9408
715.392 481.075 4.81687 0.0329791 -12.8937
1094.86 532.915 3.78119 -0.0098984 -10.6809
1157.07 640.742 3.71025 0.220595 -10.4319
1103.16 638.669 3.76544 0.250874 -10.587
1213.06 657.331 3.6707 0.215228 -10.2619
1196.47 673.92 3.69555 0.264716 -10.2663
1005.7 607.565 3.88584 0.251012 -10.9957
1082.42 630.375 3.78136 0.250793 -10.6874
1020.21 611.712 3.86494 0.250641 -10.9348
1155 406.426 3.51081 -0.429491 -10.9897
1146.7 522.547 3.64169 -0.0636774 -10.6938
1152.92 462.413 3.75007 -0.198811 -10.4513
1117.67 460.339 3.78913 -0.197052 -10.5652
1227.57 468.634 3.71179 -0.185087 -10.19
1196.47 466.56 3.70708 -0.193979 -10.3268
1061.68 373.248 4.0828 -0.329982 -10.1877
510.106 211.507 7.16102 -2.11048 -16.1082
783.821 380.713 4.57331 -0.526757 -12.6589
776.356 365.783 4.61806 -0.601291 -12.7099
868.424 567.337 4.22576 0.24513 -11.4615
194.089 316.017 7.04638 -0.244542 -11.5832
226.437 288.645 7.12741 -0.406716 -11.9008
196.577 291.133 7.11663 -0.352245 -11.7064
231.414 520.059 7.09611 0.631664 -12.3314
559.872 442.921 6.36395 -0.0938309 -16.6551
617.103 400.62 6.0335 -0.69767 -17.7657
709.171 500.152 4.84641 0.108077 -13.1717
395.643 308.552 8.30649 -1.1094 -16.7565
505.129 179.159 6.96498 -2.08497 -15.109
564.849 223.949 6.4351 -1.83411 -15.1723
674.335 194.089 5.56822 -2.20381 -15.1749
863.447 174.182 4.34998 -1.59749 -12.5114
823.634 196.577 4.41302 -2.14185 -14.4734
943.073 72.1613 4.34954 -1.2984 -10.7711
664.382 335.923 5.64021 -1.29255 -16.8754
656.917 303.575 5.73391 -1.58683 -16.743
335.923 609.638 6.72599 1.06236 -12.9226
846.029 77.1379 4.62695 -1.24918 -10.7985
278.692 179.159 8.398 -1.56035 -14.2113
569.825 325.97 6.59938 -1.25159 -17.0437
567.337 552.407 6.0046 0.841298 -15.9587
430.479 589.732 6.27317 0.892032 -13.0558
199.066 278.692 6.99636 -0.381216 -11.4676
699.218 646.963 4.76914 0.909921 -13.1985
811.192 624.568 4.23187 0.628581 -12.8348
161.741 126.904 6.74213 -0.732864 -10.7103
455.363 330.947 7.80206 -1.0364 -17.1305
940.585 306.063 4.22777 -0.610956 -10.9263
1117.26 353.341 3.86255 -0.457928 -10.4625
1201.86 661.893 3.69239 0.226839 -10.2648
1194.39 669.358 3.69779 0.261419 -10.273
1209.32 622.08 3.59658 0.159699 -10.4375
395.643 525.036 6.43083 0.557629 -12.7338
373.248 547.43 6.72919 0.756445 -13.3503
1005.28 607.15 3.88228 0.250805 -11.0291
1107.3 405.596 3.80092 -0.344943 -10.6302
1189.42 577.29 3.70859 0.0616888 -10.3103
1201.86 544.942 3.62748 -0.0206276 -10.4178
763.914 641.987 4.45584 0.745369 -12.786
1124.72 196.577 3.87523 -0.887039 -10.5163
1204.35 328.458 3.80229 -0.469875 -10.1559
1194.39 313.528 3.8431 -0.492897 -10.1239
52.2547 539.966 6.82176 0.594782 -10.8323
1219.28 360.806 3.76175 -0.413671 -10.1785
395.643 415.549 5.62047 0.0297588 -10.2978
350.853 393.155 6.95022 -0.0828654 -13.0482
1167.02 221.461 3.82835 -0.781904 -10.3331
1209.32 191.601 3.79003 -0.80918 -10.2161
447.898 465.316 6.33697 0.232724 -13.111
883.354 320.993 4.30952 -0.639084 -11.4451
1157.07 641.987 3.71892 0.223091 -10.4224
714.148 592.22 4.74538 0.585463 -13.0725
1002.79 530.012 3.924 0.0190282 -10.9922
1154.58 462.828 3.74725 -0.195587 -10.4628
54.743 365.783 6.80808 0.0674006 -10.6208
1057.54 629.545 4.00118 0.223256 -10.2758
1020.21 612.127 3.86592 0.251326 -10.9371
109.486 358.318 6.8983 0.00704114 -10.9711
1144.63 564.849 3.66478 0.0506772 -10.6323
114.463 447.898 6.76555 0.288858 -10.9077
47.2781 450.386 6.78844 0.310626 -10.6713
114.463 627.057 6.84354 0.942151 -11.2731
77.1379 599.685 6.80881 0.801484 -10.9762
119.439 664.382 6.77178 1.04917 -11.2519
323.482 325.97 7.10408 -0.414996 -12.7975
146.811 515.082 6.8542 0.54437 -11.2907
768.891 465.316 4.57342 -0.0906328 -12.3601
144.323 554.895 6.77729 0.670771 -11.2213
783.821 532.501 4.49891 0.184936 -12.2238
159.253 333.435 6.86898 -0.120289 -11.1253
318.505 512.594 7.01084 0.6008 -13.1152
276.204 480.246 7.17649 0.446777 -12.8199
455.363 400.62 6.54765 -0.17285 -13.5723
607.15 482.734 5.90453 0.195834 -16.9096
686.776 395.643 5.30809 -0.805952 -17.1975
646.963 373.248 5.77262 -0.968386 -17.4456
258.785 405.596 7.18585 0.0628788 -12.4839
1057.54 562.36 4.02507 0.0827587 -10.2422
49.7664 268.739 6.79658 -0.204165 -10.5007
87.0912 223.949 7.00132 -0.403841 -10.8407
206.531 485.222 7.07402 0.470846 -12.0053
251.32 447.898 6.97488 0.271536 -12.1289
199.066 445.409 6.86822 0.271983 -11.5401
283.669 408.085 7.30854 0.058082 -13.0148
271.227 363.295 7.48314 -0.182351 -13.0146
826.122 475.269 4.35214 -0.0872791 -12.0454
213.996 345.877 6.88069 -0.124852 -11.4888
510.106 390.666 7.16027 -0.520174 -17.2816
221.461 532.501 6.93669 0.650808 -11.995
617.103 370.76 6.11172 -0.942189 -17.5283
933.12 495.176 4.1401 -0.0478818 -11.0764
455.363 204.042 7.61815 -1.99689 -15.8765
400.62 223.949 8.33715 -1.94079 -16.4893
824.132 197.075 4.41869 -2.15279 -14.5192
397.136 307.556 8.30649 -1.1094 -16.7565
662.889 337.416 5.55715 -1.2422 -16.3621
680.805 179.159 5.4195 -2.00149 -14.2153
868.922 188.117 4.29941 -1.59226 -12.6824
1071.97 176.173 4.10747 -0.804672 -10.237
441.926 531.505 6.85071 0.824387 -15.0453
334.43 609.141 6.56554 0.980519 -12.5002
289.641 600.183 6.92991 1.04419 -12.7562
531.505 597.197 5.88944 0.972475 -14.0491
1051.07 86.5936 4.09046 -1.16943 -10.5067
319.5 567.337 6.93795 0.89653 -13.1473
271.725 567.337 7.19647 0.944547 -13.0721
1107.8 349.36 3.80323 -0.521265 -10.7179
453.87 331.444 7.73909 -1.00701 -16.9262
1197.38 220.963 3.78608 -0.766413 -10.2976
1167.52 217.977 3.82835 -0.781904 -10.3331
447.898 465.814 6.42514 0.220361 -13.3763
415.052 591.225 6.34746 0.914324 -13.091
397.136 525.533 6.68096 0.615045 -13.509
764.412 644.973 4.43659 0.807979 -13.1666
976.417 295.612 4.13847 -0.642507 -10.831
92.5655 570.323 6.71925 0.679924 -10.8971
119.439 540.463 6.81542 0.612969 -11.1134
1191.41 576.295 3.7127 0.0594319 -10.3105
110.481 403.108 6.85149 0.156956 -10.9648
397.136 415.052 6.97431 -0.0271224 -13.8688
391.164 385.192 6.77297 -0.168229 -13.1391
1128.7 226.935 3.87744 -0.773133 -10.4391
113.467 444.912 6.72671 0.286585 -10.8446
83.6076 447.898 6.65448 0.280206 -10.6183
316.514 304.57 7.41031 -0.609273 -13.2802
316.514 513.589 7.01084 0.6008 -13.1152
274.711 480.743 7.27797 0.463711 -13.054
839.062 337.416 3.94024 -1.53523 -16.676
683.79 424.01 5.20364 -0.455327 -16.5194
650.945 376.234 5.7611 -0.956911 -17.4485
459.842 361.304 7.29307 -0.658661 -15.9725
791.286 561.365 4.45107 0.30009 -11.9284
803.23 531.505 4.39474 0.178686 -12.3958
1146.62 564.351 3.65026 0.040275 -10.6652
1194.39 465.814 3.70975 -0.194688 -10.338
561.365 441.926 6.54275 -0.134794 -17.4247
937.599 435.954 4.19412 -0.20347 -10.8183
940.585 379.22 4.21174 -0.364623 -10.7972
77.6356 600.183 6.71834 0.767898 -10.8337
188.117 627.057 6.9043 1.03249 -11.8415
203.047 504.631 7.03242 0.541117 -11.949
256.795 441.926 7.00703 0.246882 -12.2329
256.795 406.094 7.29531 0.0841245 -12.6737
262.767 364.29 7.01415 -0.126046 -12.1117
1113.77 627.057 3.73239 0.220124 -10.6112
758.44 564.351 4.56039 0.370818 -12.6882
1036.14 438.94 4.10748 -0.18211 -10.2428
149.299 513.589 6.9326 0.552801 -11.4399
331.444 429.982 6.93121 0.135467 -12.8404
331.444 364.29 7.06373 -0.239144 -12.8939
170.201 385.192 6.91574 0.0547315 -11.3327
564.351 426.996 5.18596 -0.0158835 -10.2617
737.538 424.01 4.73739 -0.338278 -13.2374
785.314 379.22 4.58343 -0.458362 -12.0092
220.963 531.505 7.01947 0.661637 -12.1429
609.141 483.729 5.94963 0.192167 -17.2259
633.029 418.038 5.90778 -0.4794 -17.7416
618.099 373.248 5.89795 -0.815315 -16.1475
570.323 376.234 6.47496 -0.703795 -16.8574
444.912 173.187 7.10356 -1.75488 -14.0702
400.122 104.509 7.34361 -2.04916 -13.6678
504.631 182.145 6.74138 -1.89938 -14.3667
609.141 244.851 6.24713 -2.04626 -16.4594
507.617 209.019 7.0491 -1.99643 -15.6522
325.472 95.5515 7.68921 -1.90297 -13.3565
292.626 253.809 7.36744 -0.787434 -12.7816
1107.2 351.152 3.84346 -0.480123 -10.5426
1168.12 222.157 3.83377 -0.770621 -10.3159
365.485 412.066 6.76324 -0.00420369 -12.8743
806.216 333.236 4.54888 -0.654846 -11.91
279.488 498.062 7.18431 0.55928 -12.9728
852.797 598.391 4.12406 0.435065 -12.1964
415.649 487.313 6.76431 0.3814 -13.9465
462.23 343.985 7.5507 -0.877909 -16.6466
426.399 322.486 7.82829 -0.963332 -16.4549
763.218 648.556 4.45323 0.753176 -12.7536
741.719 598.391 4.60725 0.57858 -12.8803
924.461 648.556 4.11927 0.407248 -10.9781
928.044 591.225 4.14689 0.250739 -10.8486
1193.2 311.737 3.84497 -0.496842 -10.125
254.406 598.391 7.06863 1.0226 -12.6433
93.1627 354.735 6.8414 0.0120502 -10.7925
103.912 315.32 6.86852 -0.123169 -10.8488
85.9964 447.898 6.71717 0.283534 -10.7002
322.486 326.07 7.13181 -0.422329 -12.8334
293.821 343.985 7.4805 -0.31885 -13.355
1125.12 401.316 3.64351 -0.432039 -10.945
1082.12 372.651 4.02928 -0.34445 -10.2113
189.909 541.06 6.90271 0.65664 -11.6917
146.91 512.395 6.87785 0.538214 -11.3408
680.805 523.145 4.93407 0.276233 -12.9395
967.459 437.148 4.12035 -0.220495 -10.7472
1200.37 544.644 3.63045 -0.0183748 -10.432
240.073 329.653 7.14716 -0.27005 -12.0495
218.574 376.234 7.22967 -0.0309201 -12.155
1028.37 429.982 4.11482 -0.194102 -10.2382
1060.62 376.234 4.08589 -0.324001 -10.1853
96.7459 372.651 7.01625 0.059134 -11.0963
1175.28 480.146 3.73417 -0.156011 -10.3505
1193.2 462.23 3.71322 -0.198189 -10.3334
1150.2 462.23 3.75501 -0.204623 -10.4649
451.481 483.73 6.93531 0.431385 -15.2622
490.896 472.98 7.17071 0.314131 -17.3273
451.481 462.23 6.74328 0.238907 -14.5557
515.978 437.148 6.97368 -0.0838206 -17.17
788.3 562.56 4.46163 0.296001 -12.0111
1114.37 455.064 3.7965 -0.206355 -10.5568
197.075 440.731 6.72585 0.244024 -11.2684
161.243 444.315 6.79468 0.274396 -11.1824
168.41 383.4 6.82752 0.0557561 -11.17
329.653 365.485 7.07281 -0.230612 -12.9162
455.064 401.316 6.78732 -0.224769 -14.4254
458.647 369.068 6.74205 -0.450163 -14.0986
584.059 483.73 6.24762 0.234093 -17.273
619.89 447.898 5.83263 -0.158558 -16.8166
576.892 444.315 6.30083 -0.118057 -17.0036
680.805 422.815 5.18999 -0.450185 -15.8613
648.556 376.234 5.7611 -0.956911 -17.4485
207.825 444.315 6.7389 0.247719 -11.3679
85.9964 225.74 6.8436 -0.384521 -10.6543
562.56 429.982 5.18849 -0.0160885 -10.2487
555.393 361.901 6.80623 -0.947326 -17.6672
494.479 397.733 7.20549 -0.437509 -16.973
748.885 390.567 4.71179 -0.44201 -12.7418
580.475 412.066 6.29095 -0.410336 -16.86
616.307 372.651 6.10362 -0.919265 -17.4211
1157.37 644.973 3.72426 0.230795 -10.417
1071.37 175.576 4.10226 -0.803167 -10.2395
1049.87 85.9964 3.74568 -1.77859 -11.7533
781.134 85.9964 4.82793 -1.19152 -10.8155
867.13 186.325 4.29266 -1.6125 -12.7132
820.549 197.075 4.47641 -1.97761 -14.0419
831.298 78.83 4.65934 -1.23966 -10.8238
806.216 211.408 4.59416 -1.45267 -12.6387
372.651 548.227 6.66271 0.721778 -13.117
530.311 598.391 5.85511 0.9653 -13.9065
566.143 551.81 5.91008 0.802319 -15.3285
290.238 594.808 7.13099 1.08937 -13.2746
397.733 103.912 6.63294 -1.46774 -12.0756
508.812 207.825 7.16192 -2.07902 -16.0211
498.062 100.329 6.53645 -1.99642 -13.2242
451.481 279.488 7.60844 -1.45711 -16.1432
558.976 315.32 4.98866 -0.0892047 -9.02187
85.9964 121.828 6.97745 -0.70655 -10.7025
782.567 597.675 4.42908 0.483589 -12.4223
713.77 589.075 4.75499 0.59768 -13.166
842.764 339.686 4.43866 -0.588506 -11.5476
1117.95 352.585 3.86364 -0.464652 -10.4618
1105.05 429.982 3.78693 -0.320115 -10.6793
85.9964 619.174 6.44189 0.712198 -10.5421
90.2962 567.576 6.64026 0.6542 -10.7547
253.689 313.887 7.53009 -0.39751 -12.8974
335.386 481.58 6.88568 0.406126 -12.9717
1117.95 455.781 3.79973 -0.211601 -10.576
81.6965 442.881 6.69099 0.277523 -10.6567
150.494 399.883 6.68264 0.131167 -10.8979
167.693 382.684 6.87011 0.0490493 -11.2364
455.781 399.883 7.1497 -0.289442 -15.6153
494.479 395.583 7.26635 -0.501594 -17.0411
460.081 365.485 7.2034 -0.620282 -15.6881
649.273 374.084 5.51214 -0.789047 -15.6588
933.06 429.982 4.19312 -0.215647 -10.8442
1057.76 554.677 4.02675 0.0712706 -10.269
1019.06 567.576 3.90299 0.113855 -10.907
1040.56 507.379 4.07924 -0.0273866 -10.174
1023.36 537.477 3.86261 0.0299983 -11.0401
1148.05 558.976 3.65613 0.038524 -10.6791
154.793 326.786 6.7984 -0.121378 -11.011
176.293 292.388 7.26325 -0.332495 -11.7514
141.894 550.377 6.81748 0.663642 -11.271
150.494 507.379 6.87023 0.528929 -11.3288
262.289 361.185 7.05803 -0.143882 -12.1651
485.879 468.68 7.04536 0.297544 -16.6873
451.481 460.081 6.92409 0.264509 -15.2122
782.567 434.282 4.55426 -0.293655 -12.9019
748.168 460.081 4.69028 -0.099609 -12.9459
739.569 421.382 4.75447 -0.375447 -13.2016
838.465 386.984 4.34331 -0.488002 -12.2296
1178.15 477.28 3.72874 -0.169965 -10.3792
1195.35 460.081 3.71638 -0.208765 -10.3439
1152.35 460.081 3.75316 -0.201845 -10.465
167.693 481.58 6.97063 0.438784 -11.5534
632.073 421.382 5.75334 -0.439708 -16.639
614.874 374.084 6.08037 -0.893 -17.2315
640.673 447.181 5.62355 -0.186823 -16.5638
782.567 528.878 4.52081 0.177213 -12.2697
1044.86 477.28 4.07141 -0.0941586 -10.2512
1031.96 438.581 4.107 -0.190934 -10.2611
829.865 468.68 4.36127 -0.0846916 -11.6749
270.889 481.58 7.42834 0.47757 -13.3477
584.775 481.58 6.11252 0.224954 -16.5481
1031.96 601.975 3.85495 0.207937 -10.9069
928.761 589.075 4.15242 0.243186 -10.8392
687.971 533.177 4.95533 0.308468 -12.4972
1053.46 85.9964 3.86593 -1.54604 -11.2238
1169.55 214.991 3.83619 -0.777777 -10.3193
679.371 189.192 5.51695 -2.1535 -14.936
782.567 85.9964 4.80015 -1.1171 -10.5613
894.362 85.9964 4.45792 -1.2605 -10.8576
649.273 300.987 5.87073 -1.64881 -17.1091
395.583 412.783 7.27462 -0.0536638 -14.7008
425.682 589.075 6.51207 1.00377 -13.8393
292.388 589.075 6.97808 1.04384 -12.8818
318.187 507.379 6.96939 0.583826 -12.9706
447.181 176.293 7.52792 -2.08948 -15.2753
464.38 90.2962 6.36411 -1.61024 -12.2156
399.883 103.196 7.00522 -1.78828 -12.8851
580.475 85.9964 5.91511 -1.92108 -12.7006
399.883 305.287 8.02432 -1.03243 -15.9972
399.883 223.591 8.09794 -1.76075 -15.7347
606.274 322.486 6.25117 -1.31897 -17.0552
288.088 184.892 8.46336 -1.57441 -14.524
288.088 343.985 7.21179 -0.265718 -12.6813
149.634 510.818 7.09338 0.568934 -11.7221
154.793 402.463 7.77163 0.144954 -12.5551
283.788 345.705 7.1445 -0.270217 -12.4899
237.35 325.066 7.37295 -0.312959 -12.4667
789.447 376.664 4.57816 -0.520717 -12.2789
139.314 247.67 7.15233 -0.439584 -11.2767
675.931 417.942 5.16171 -0.447894 -15.2486
970.039 433.422 4.13482 -0.209961 -10.637
1026.8 438.581 4.11647 -0.187546 -10.2627
1140.31 562.416 3.65566 0.0235284 -10.6651
273.468 407.623 7.3336 0.0630208 -12.9269
495.339 459.221 7.17458 0.158159 -17.322
454.061 459.221 6.92409 0.264509 -15.2122
639.813 448.901 5.40843 -0.177466 -15.2349
159.953 319.906 8.64235 -0.359325 -13.7682
1068.07 273.468 4.08956 -0.586219 -10.2296
227.03 495.339 7.14864 0.527955 -12.3944
830.725 485.02 4.44382 -0.0184363 -11.0194
835.885 433.422 4.31354 -0.34289 -12.7753
779.127 454.061 4.57536 -0.125842 -11.9134
1150.63 459.221 3.75898 -0.212319 -10.4498
1109.35 572.736 3.78705 0.078891 -10.5671
737.849 423.102 4.79375 -0.386166 -13.4804
686.251 536.617 4.84083 0.144633 -9.9737
1166.11 216.711 3.83482 -0.777678 -10.3182
681.091 190.912 5.40958 -1.8967 -14.0533
815.246 196.072 4.60229 -1.32919 -12.2135
650.133 299.267 5.73819 -1.5059 -16.1812
366.345 412.783 6.86206 -0.00424036 -13.1706
423.102 593.375 6.56251 1.00238 -13.7262
247.67 598.535 7.13025 1.05484 -12.7944
314.747 567.576 6.9477 0.885125 -13.0653
397.303 103.196 7.16368 -1.92271 -13.3247
397.303 227.03 8.63112 -1.98845 -17.0787
170.273 103.196 6.23529 -0.596512 -10.0179
278.628 180.592 8.44281 -1.59147 -14.3907
325.066 98.0359 7.70734 -1.91715 -13.3767
272.436 526.298 7.40979 0.722083 -13.464
278.628 489.147 6.88019 0.471315 -12.1995
241.478 513.914 7.02561 0.606205 -12.2485
804.926 328.162 4.5778 -0.743341 -12.2655
1046.4 507.723 4.05007 -0.03168 -10.2504
154.793 396.271 6.83807 0.122035 -11.1516
340.546 482.956 6.77998 0.391261 -12.6763
563.448 377.696 6.57843 -0.799185 -16.8391
340.546 383.888 6.98839 -0.125804 -13.0002
309.587 383.888 7.17113 -0.131316 -12.9757
489.147 383.888 7.36171 -0.55696 -17.3273
464.38 365.313 7.21249 -0.628516 -15.7782
1034.02 365.313 3.882 -0.526715 -11.0909
1040.21 476.764 4.08794 -0.128157 -10.2883
606.79 396.271 6.06192 -0.642068 -16.888
612.982 371.504 6.0558 -0.884401 -17.0706
1015.45 563.448 3.8947 0.122385 -10.9341
922.569 582.023 4.18316 0.216571 -10.799
1139.28 557.256 3.65987 0.0268545 -10.6655
718.242 433.422 4.88545 -0.296751 -13.3808
736.817 414.846 4.7607 -0.22735 -11.6431
674.9 414.846 4.87445 -0.058801 -9.88014
829.693 582.023 4.24845 0.373273 -12.1954
1151.66 346.737 3.80414 -0.460366 -10.4156
1064.98 278.628 4.11817 -0.563375 -10.1568
897.802 241.478 3.97406 -1.71655 -13.8995
458.189 458.189 6.92409 0.264509 -15.2122
551.065 464.38 6.55119 0.18921 -16.9886
421.038 588.215 6.53118 0.998224 -13.7938
216.711 371.504 7.25722 -0.0263221 -12.2205
309.587 563.448 7.14075 0.954416 -13.4932
291.012 588.215 7.08382 1.0259 -13.1639
309.587 247.67 7.47725 -0.892541 -13.2745
527.536 460.665 6.54098 0.131732 -16.3526
676.138 393.795 5.49215 -0.975169 -18.6256
787.589 408.655 4.55334 -0.406853 -12.8378
839.6 438.375 4.38996 -0.237327 -11.6194
1025.35 505.246 3.88664 -0.0701031 -10.9303
237.763 549.826 7.01001 0.789026 -12.2472
215.473 542.396 7.30196 0.791874 -12.6226
631.557 378.934 5.50758 -0.70447 -14.8207
802.449 460.665 4.62574 -0.0188101 -9.73497
772.729 445.805 4.58601 -0.180623 -12.2251
839.6 393.795 4.40957 -0.360199 -11.2439
579.547 423.515 4.98762 -0.00241141 -9.38373
668.708 520.106 4.90869 0.208503 -10.8994
698.428 445.805 4.84198 -0.0880534 -11.6838
653.848 445.805 5.23619 -0.175981 -14.5822
1107.08 453.235 3.7899 -0.222683 -10.6738
1025.35 356.644 3.90027 -0.503758 -11.0802
1129.37 349.214 3.83509 -0.463268 -10.4336
1062.5 356.644 4.08149 -0.368113 -10.1913
1062.5 274.913 4.10548 -0.57357 -10.2247
869.32 178.322 4.32552 -1.52472 -12.281
839.6 334.354 4.3458 -0.767487 -12.4831
884.18 245.193 3.75651 -2.08582 -15.255
423.515 468.095 6.61696 0.285256 -13.6152
460.665 364.074 7.36003 -0.66319 -16.3728
586.977 482.956 5.75007 0.22594 -15.0272
267.483 408.655 7.22514 0.0575328 -12.52
312.064 564.687 6.91976 0.870536 -12.9771
453.235 178.322 7.14675 -1.78904 -14.2839
468.095 341.784 6.94622 -0.737493 -14.7897
401.225 297.203 8.37932 -1.18578 -16.9528
549.826 312.064 5.05882 -0.140209 -9.28782
572.117 282.343 5.04617 -0.203828 -9.34719
193.182 215.473 7.81399 -0.903282 -12.5531
282.343 185.752 8.75316 -1.73353 -15.0762
156.032 319.494 6.71037 -0.149406 -10.801
312.064 245.193 7.34456 -0.836625 -12.8803
683.568 185.752 5.59561 -2.21271 -15.2746
847.03 392.309 4.31334 -0.458805 -11.8352
882.694 543.882 4.64689 0.0722135 -8.96782
838.114 543.882 4.19865 0.200655 -12.2303
641.96 427.973 5.78898 -0.403417 -17.2134
1069.93 454.721 3.83941 -0.240639 -10.7746
971.855 543.882 4.09402 0.0654395 -10.7043
740.037 392.309 4.78563 -0.287428 -10.9502
775.701 445.805 4.54353 -0.271975 -12.6349
775.701 526.05 4.52919 0.15468 -12.1538
766.785 499.302 4.48394 -0.0583095 -13.6835
1052.1 187.238 4.22381 -0.663112 -9.90122
873.778 178.322 4.26551 -1.92314 -13.4696
811.365 196.154 4.56527 -1.92037 -13.8371
847.03 338.812 4.39299 -0.641846 -11.8223
463.637 454.721 6.96803 0.231034 -15.3669
392.309 410.141 7.14684 -0.0753376 -14.2059
615.211 374.476 5.27974 -0.367196 -11.749
552.798 374.476 6.22215 -0.618398 -14.9981
454.721 526.05 6.20048 0.562916 -12.9762
454.721 481.47 6.77254 0.406134 -14.7602
427.973 472.554 5.4868 0.121122 -10.3663
240.735 436.889 7.11902 0.212427 -12.2662
347.728 401.225 6.77201 -0.0190394 -12.5984
213.987 543.882 7.10556 0.75922 -12.1881
169.406 499.302 6.88354 0.480703 -11.3665
374.476 543.882 6.22718 0.596227 -11.9906
294.231 481.47 7.21141 0.434969 -13.109
401.225 294.231 8.22772 -1.22593 -16.6884
615.211 294.231 4.96897 -0.148639 -9.31326
312.064 249.651 7.46027 -0.859383 -13.1574
276.399 338.812 7.26448 -0.29036 -12.6068
686.54 187.238 5.4915 -2.05808 -14.5971
