156 400 10.0122 0.316523 -5.28109
147 399 10.0276 0.314308 -5.33352
239 349 9.90674 0.16833 -4.85099
238 270 9.98744 -0.0149192 -4.98918
1030 552 11.9365 0.681845 -4.53376
1009 520 11.9577 0.625152 -4.21026
830 394 11.5354 0.194465 -2.44623
315 298 9.84138 -0.0341364 -4.36449
878 383 11.698 0.188368 -3.14485
359 424 9.58645 0.360626 -3.52636
972 501 11.9043 0.593278 -3.94752
797 192 11.3724 -0.731573 -2.84731
237.6 348 9.98512 0.182716 -4.97706
230.4 390 9.9184 0.281323 -4.89073
870 408 11.6539 0.291745 -3.26139
26.4 459.6 10.1296 0.425214 -5.71983
672 298.8 10.2317 -0.874571 1.4964
652.8 282 9.99119 -1.09666 1.86518
237.6 268.8 9.97182 -0.0206718 -4.96316
214.8 240 10.0259 -0.0541882 -5.13663
268.8 614.4 9.86579 0.899635 -4.59248
820.8 424.8 11.4828 0.358005 -2.51015
831.6 411.6 11.5204 0.304995 -2.96988
784.8 319.2 11.3119 -0.222202 -2.15768
1009.2 351.6 11.993 0.133646 -4.09945
748.8 120 11.1513 -1.08724 -2.81024
314.4 332.4 10.0509 0.11959 -4.73541
314.4 297.6 9.84641 -0.0360146 -4.3699
291.6 289.2 9.83104 -0.0471519 -4.48679
516 477.6 9.00088 0.816791 0.590232
1006.8 374.4 11.9846 0.199233 -4.10591
1048.8 298.8 12.0735 -0.0185678 -4.26266
848.4 446.4 11.5922 0.449328 -2.78781
909.6 554.4 11.7633 0.838581 -3.52161
818.4 522 11.4723 0.832075 -2.39663
574.8 482.4 9.41103 0.867065 1.01807
944.4 448.8 11.858 0.428696 -3.73414
416.4 268.8 7.9036 -1.09818 0.828622
915.6 501.6 11.7711 0.622383 -3.64488
211.2 258 10.0232 -0.0134807 -5.14219
781.2 391.2 11.2976 0.179288 -2.34569
902.4 345.6 11.7878 0.0384398 -3.2241
859.2 356.4 11.654 0.022863 -2.6375
718.8 315.6 10.651 -0.745831 1.79182
726 295.2 10.6976 -0.979196 2.06838
319.2 129.6 8.20285 -1.63489 -1.48779
96 160.8 10.1552 -0.0794595 -5.64979
514.8 292.8 8.04473 -1.26438 3.41223
446.4 229.2 7.95842 -1.59742 1.43705
406.8 159.6 8.58087 -1.57474 -0.891982
391.2 138 8.65898 -1.58222 -1.35333
238.8 558 9.8328 0.737511 -4.7005
27.6 565.2 10.0328 0.608141 -5.60859
238.8 426 9.89535 0.368412 -4.8163
160.8 416.4 10.002 0.355718 -5.25161
172.8 372 10.0105 0.255039 -5.23383
378 582 9.41975 1.10688 -2.94693
420 475.2 9.53206 0.609744 -2.78261
847.2 285.6 11.9948 -1.20676 2.99003
656.4 74.4 10.7256 -1.26928 -2.95373
1174.8 354 12.1669 0.194534 -4.86328
1128 73.2 12.0921 -0.445802 -4.84064
1189.2 138 12.2572 -0.321293 -4.75932
704.4 616.8 10.873 1.39977 -2.08411
826.8 366 11.5252 0.0536882 -2.30095
949.2 405.6 11.8379 0.294011 -3.98372
1008 410.4 11.9372 0.31056 -4.31645
711.36 430.56 10.8945 0.380845 -1.91721
119.52 228.96 10.1581 0.025038 -5.58672
342.72 375.84 9.61891 0.178773 -3.72513
868.32 483.84 11.6604 0.596978 -3.14275
848.16 444.96 11.5894 0.447742 -2.87453
973.44 658.08 11.8687 1.06003 -4.10778
1006.56 374.4 11.9652 0.210642 -4.18584
79.2 338.4 10.0637 0.214755 -5.55874
843.84 443.52 11.573 0.444998 -2.64201
869.76 407.52 11.6476 0.294173 -3.35111
846.72 408.96 11.5798 0.29061 -3.16764
1028.16 387.36 11.9761 0.252467 -4.39584
423.36 237.6 7.58175 -1.5688 1.74821
747.36 266.4 10.9534 -1.20823 1.66356
820.8 551.52 11.4815 0.9732 -2.46847
1074.24 347.04 12.0769 0.147939 -4.45014
1069.92 233.28 12.3 -0.317593 -3.7147
236.16 267.84 9.97231 -0.0197077 -4.96303
682.56 100.8 10.8435 -1.13562 -2.94143
806.4 496.8 11.4139 0.719378 -2.30288
861.12 512.64 11.6114 0.705667 -3.35472
617.76 524.16 9.72404 1.2884 1.50493
973.44 480.96 11.9101 0.541883 -3.95506
950.4 452.16 11.8726 0.443497 -3.7687
335.52 315.36 9.97247 0.0397364 -4.47817
862.56 385.92 11.6568 0.178684 -2.88078
525.6 514.08 8.84977 1.2095 1.35204
554.4 465.12 9.26708 0.70557 0.814028
360 550.08 9.67332 0.855858 -3.6633
404.64 443.52 9.54489 0.452415 -2.98024
393.12 419.04 9.43974 0.347545 -2.89464
914.4 501.12 11.7619 0.619926 -3.7214
972 501.12 11.904 0.595213 -3.93985
980.64 349.92 11.933 0.110431 -3.9936
292.32 370.08 9.7748 0.202921 -4.34897
565.92 414.72 10.8995 0.345708 -5.29536
724.32 83.52 11.0472 -1.20641 -2.99357
859.68 355.68 11.651 0.0264407 -2.74669
789.12 367.2 11.3375 0.0637151 -2.2629
299.52 231.84 9.83481 -0.224578 -4.45942
313.92 331.2 9.96523 0.10321 -4.57853
154.08 194.4 10.0969 -0.0826871 -5.4298
53.28 316.8 10.0824 0.184644 -5.63885
319.68 129.6 8.12002 -1.68227 -1.34415
540 273.6 8.05712 -1.67489 4.53483
531.36 220.32 9.02715 -1.50173 0.787369
588.96 246.24 9.31635 -1.48891 1.88221
430.56 223.2 7.70995 -1.68535 1.66579
609.12 106.56 10.4934 -1.13524 -2.94047
178.56 544.32 9.95619 0.636003 -5.11419
89.28 691.2 10.0464 0.862483 -5.46249
129.6 671.04 10.027 0.859886 -5.34294
237.6 426.24 9.91107 0.369536 -4.84698
288 413.28 9.87784 0.331793 -4.54605
63.36 476.64 10.1473 0.454378 -5.66856
146.88 486.72 10.083 0.488612 -5.38325
174.24 482.4 10.0911 0.484103 -5.32015
380.16 580.32 9.39579 1.11564 -2.88821
583.2 364.32 9.2046 -0.271316 2.16029
440.64 370.08 9.50143 0.071349 -2.44286
794.88 191.52 11.3706 -0.746662 -2.78871
846.72 285.12 12.0143 -1.25046 3.37808
689.76 220.32 10.7991 -0.767837 -2.19799
756 298.08 11.0174 -0.91564 1.98723
800.64 190.08 11.3831 -0.64453 -3.19006
709.92 180 10.9697 -0.820608 -2.72087
704.16 129.6 10.9382 -1.00616 -2.93949
727.2 182.88 11.0604 -0.791439 -2.79653
748.8 119.52 11.1496 -1.04943 -2.92354
996.48 313.92 12.0013 -0.0102619 -3.91552
1146.24 115.2 12.162 -0.37591 -4.75616
767.52 593.28 11.2209 1.20638 -2.30002
826.56 364.32 11.5246 0.0453722 -2.20152
917.28 381.6 11.7998 0.195843 -3.57318
825.12 455.04 11.5029 0.499959 -2.29079
1108.8 531.36 12.0637 0.611589 -4.72647
1199.52 581.76 12.1221 0.660995 -5.03691
1002.24 623.52 11.9261 0.929459 -4.23466
1144.8 385.92 12.0877 0.267882 -4.90289
1185.12 390.24 12.1134 0.282258 -5.02619
1008 410.4 11.9384 0.311151 -4.31623
1098.72 505.44 12.0736 0.55073 -4.61769
1026.72 522.72 11.9887 0.626538 -4.28442
1028.16 473.76 11.9858 0.484028 -4.33949
817.344 521.856 11.4701 0.823617 -2.41396
898.56 388.8 11.7485 0.209177 -3.40113
955.584 464.832 11.8744 0.483644 -3.83577
972.864 658.368 11.8444 1.01803 -4.28374
969.408 323.136 11.9167 0.0269626 -3.88704
1028.16 387.072 11.9726 0.24901 -4.43302
1041.98 368.064 12.0361 0.190611 -4.27602
91.584 36.288 8.25344 -1.35506 -3.54797
150.336 126.144 10.1028 -0.209391 -5.45977
236.736 267.84 9.97301 -0.0182691 -4.96279
226.368 255.744 10.0047 -0.028428 -5.06842
416.448 269.568 7.50385 -1.23281 1.8016
853.632 447.552 11.6166 0.45191 -2.81577
839.808 444.096 11.5714 0.447951 -2.64134
838.08 566.784 11.5462 0.993829 -2.75769
832.896 539.136 11.5262 0.894416 -2.55022
409.536 257.472 7.86913 -1.20418 0.754846
378.432 254.016 7.33607 -1.32499 1.28479
578.88 425.088 9.31212 0.364165 1.48692
879.552 516.672 11.6705 0.711126 -3.32132
214.272 238.464 10.0221 -0.0556229 -5.13176
188.352 245.376 10.0623 -0.0141353 -5.273
355.968 385.344 9.57317 0.205736 -3.51904
907.2 606.528 11.7446 1.01896 -3.50936
870.912 582.336 11.6276 0.918413 -3.61915
725.76 295.488 10.7153 -0.959291 1.94574
972.864 378.432 11.9121 0.207679 -4.00524
1083.46 349.056 12.0629 0.155292 -4.58327
1074.82 347.328 12.0674 0.149645 -4.49369
979.776 509.76 11.9116 0.626425 -4.02802
960.768 502.848 11.8612 0.605048 -3.98749
938.304 335.232 11.8827 0.0143518 -3.49474
228.096 359.424 9.98358 0.211863 -5.01064
228.096 295.488 10.0608 0.0765845 -5.12248
295.488 321.408 10.0561 0.0988535 -4.83938
314.496 295.488 9.87463 -0.0274729 -4.4269
86.4 312.768 10.063 0.165121 -5.54542
138.24 347.328 10.0096 0.210133 -5.3405
110.592 110.592 10.1158 -0.197426 -5.5723
95.04 160.704 10.1428 -0.0852905 -5.631
134.784 181.44 10.1118 -0.0859105 -5.49944
388.8 212.544 7.45945 -1.70344 1.19585
435.456 212.544 7.64276 -1.84124 1.9153
466.56 288.576 7.65347 -1.25447 2.84209
609.984 110.592 10.5102 -1.09019 -3.00396
634.176 114.048 10.5906 -1.13947 -2.78215
195.264 599.616 9.93025 0.79011 -5.01308
254.016 554.688 9.77665 0.759032 -4.53509
172.8 599.616 9.92094 0.766963 -5.08393
138.24 604.8 9.93219 0.764038 -5.19338
84.672 620.352 10.0057 0.743559 -5.43629
238.464 361.152 9.94273 0.205664 -4.9074
319.68 414.72 9.73556 0.328045 -4.10137
200.448 480.384 10.0508 0.48944 -5.17733
98.496 374.976 10.0869 0.282349 -5.53635
172.8 371.52 10.011 0.25539 -5.23375
494.208 532.224 8.64987 1.33632 1.01197
594.432 684.288 10.681 1.22572 -4.01603
388.8 532.224 9.46883 0.858736 -2.96483
428.544 575.424 9.12509 1.29518 -1.65457
376.704 615.168 9.44204 1.2477 -3.0085
433.728 668.736 9.98131 1.30103 -3.6548
530.496 378.432 8.94386 -0.0757711 1.08501
620.352 492.48 9.67567 1.00485 1.78654
359.424 421.632 9.58214 0.355071 -3.51082
381.888 399.168 9.56789 0.250129 -3.28444
831.168 216 11.6348 -1.16283 -0.572345
794.88 191.808 11.3722 -0.647742 -3.16368
706.752 63.936 11.0048 -1.18084 -3.28871
675.648 32.832 10.8546 -1.33644 -3.25047
734.4 51.84 11.0908 -1.35452 -2.98486
1175.04 354.24 12.1693 0.193337 -4.85513
1021.25 257.472 12.2156 -0.295552 -3.40734
965.952 152.064 12.4037 -1.33677 -1.37506
819.072 589.248 11.4561 1.14686 -2.44775
908.928 570.24 11.7426 0.880527 -3.62988
879.552 546.048 11.6891 0.830906 -3.23504
668.736 604.8 10.6445 1.38733 -1.81643
675.648 533.952 10.6941 0.968705 -1.86447
767.232 592.704 11.2259 1.18854 -2.39312
727.488 547.776 10.9417 1.12444 -1.35872
703.296 620.352 10.8386 1.44069 -1.94446
724.032 616.896 11.0024 1.35752 -2.22569
832.896 411.264 11.526 0.299389 -2.88886
820.8 423.36 11.4856 0.350464 -2.52344
945.216 447.552 11.8602 0.428831 -3.69783
768.96 489.024 11.2328 0.678301 -2.394
1237.25 568.512 12.1664 0.630315 -5.09463
1178.5 592.704 12.0899 0.688941 -5.02404
1128.38 682.56 12.0708 0.930651 -4.77621
1071.36 530.496 12.0175 0.614585 -4.61087
1029.89 552.96 11.9361 0.682167 -4.53835
1185.41 390.528 12.1026 0.283713 -5.0635
1007.42 411.264 11.9434 0.311825 -4.31515
1012.61 494.208 11.9677 0.557444 -4.18386
1080 502.848 12.0374 0.543132 -4.60258
1093.82 451.008 12.0977 0.418138 -4.50462
532.224 221.184 9.02715 -1.50173 0.787369
367.027 449.971 9.76408 0.46568 -3.82336
346.291 454.118 9.8153 0.473935 -4.06513
578.534 425.088 9.33452 0.375086 1.46625
835.661 557.798 11.5358 0.919854 -3.02375
555.725 462.413 9.11448 0.730466 1.43412
804.557 626.227 11.4005 1.3664 -2.35969
914.458 447.898 11.8055 0.436948 -3.52472
1007.77 352.512 11.9755 0.129874 -4.16156
787.968 367.027 11.3185 0.0296857 -2.01643
771.379 379.469 11.2668 0.151905 -2.6665
404.352 441.677 9.54668 0.445002 -2.992
362.88 431.309 9.62376 0.395492 -3.55323
358.733 418.867 9.58214 0.355071 -3.51082
725.76 87.0912 11.0225 -1.29491 -2.73523
273.715 282.01 9.89818 -0.0343229 -4.68069
194.918 167.962 9.99722 -0.211619 -5.17372
393.984 356.659 9.62648 0.0672007 -3.29846
398.131 337.997 9.46469 -0.0446068 -2.90983
381.542 329.702 9.38624 -0.078885 -2.91531
261.274 277.862 9.967 -0.00358063 -4.8619
311.04 294.451 9.87463 -0.0274729 -4.4269
85.0176 199.066 10.1794 -0.00142826 -5.69595
122.342 259.2 10.1825 0.0877541 -5.59887
101.606 337.997 10.0942 0.21706 -5.54241
138.931 346.291 10.0222 0.211572 -5.35799
321.408 51.84 10.2201 -0.534213 -5.0278
223.949 174.182 9.97973 -0.2357 -5.04003
319.334 128.563 8.0333 -1.73864 -1.12977
134.784 180.403 10.1134 -0.0851319 -5.50338
387.763 213.581 7.26686 -1.80466 1.63014
468.634 232.243 7.93604 -1.69255 2.14638
609.638 107.827 10.4982 -1.11518 -2.9476
406.426 157.594 8.58087 -1.57474 -0.891982
265.421 609.638 9.8646 0.897484 -4.60091
118.195 541.21 10.0009 0.60332 -5.36495
85.0176 620.006 10.0271 0.741064 -5.46609
145.152 605.491 9.9756 0.757456 -5.23827
257.126 367.027 9.92738 0.212457 -4.79331
219.802 379.469 9.92169 0.252158 -4.93874
288.23 410.573 9.97303 0.333908 -4.72507
323.482 377.395 9.77422 0.202448 -4.16905
261.274 383.616 9.95545 0.258087 -4.80801
199.066 479.002 10.0409 0.490412 -5.16158
333.85 454.118 9.78066 0.475176 -4.08571
97.4592 375.322 10.0867 0.283481 -5.53606
145.152 485.222 10.1084 0.486725 -5.42416
172.109 481.075 10.0831 0.486585 -5.32176
597.197 539.136 9.51431 1.45387 1.45662
433.382 667.699 10.0376 1.25766 -3.7962
572.314 491.443 9.41774 0.94264 0.94545
342.144 373.248 9.69583 0.183642 -3.89153
356.659 512.179 9.47124 0.750046 -3.27569
420.941 470.707 9.40579 0.615402 -2.44206
829.44 215.654 11.6365 -1.06731 -0.961202
812.851 319.334 11.4648 -0.228492 -2.01537
688.435 219.802 10.8018 -0.767319 -2.19291
734.055 257.126 10.8001 -1.3475 1.9362
673.92 298.598 10.357 -0.771049 0.751616
814.925 66.3552 11.4494 -1.33759 -2.74968
671.846 45.6192 10.8077 -1.3687 -3.0901
734.055 51.84 11.0834 -1.36498 -2.9636
709.171 180.403 10.9556 -0.852934 -2.56543
1190.25 350.438 12.1772 0.197256 -4.91399
968.371 325.555 11.9268 0.0129735 -3.83179
995.328 313.114 11.9779 0.0047 -4.03495
1094.86 116.122 12.037 -0.364216 -4.77733
968.371 159.667 12.3509 -1.15524 -1.78926
1092.79 126.49 12.0083 -0.321719 -4.87245
812.851 586.829 11.4562 1.11456 -2.68386
831.514 646.963 11.5064 1.35043 -2.78881
669.773 603.418 10.6512 1.37142 -1.8615
709.171 541.21 10.8943 0.96899 -2.08802
675.994 532.915 10.6914 0.971965 -1.76547
765.159 588.902 11.2052 1.22881 -2.11204
711.245 617.933 10.8825 1.44837 -1.6926
723.687 615.859 10.9877 1.39504 -2.02228
846.029 408.499 11.5835 0.286531 -2.99518
821.146 420.941 11.4828 0.345404 -2.46403
895.795 387.763 11.7455 0.208038 -3.38701
941.415 491.443 11.8331 0.581587 -3.82714
885.427 483.149 11.7332 0.597551 -3.01034
1198.54 580.608 12.1263 0.660789 -5.03398
1069.98 528.768 12.0351 0.62427 -4.5079
949.709 673.92 11.8004 1.10567 -4.11751
1001.55 624.154 11.9212 0.916044 -4.2993
974.592 615.859 11.8799 0.926539 -4.15787
1115.6 499.738 12.0947 0.538574 -4.69424
1007.77 408.499 11.9416 0.311845 -4.31568
947.635 510.106 11.8593 0.652758 -3.68616
997.402 468.634 11.9497 0.479791 -4.15447
945.562 462.413 11.8409 0.480285 -3.86053
1078.27 501.811 12.052 0.550096 -4.52479
1030.58 497.664 11.9824 0.543393 -4.37312
429.235 572.314 9.21437 1.25178 -1.87425
530.842 219.802 9.12038 -1.43887 0.500304
564.849 410.573 10.9011 0.337524 -5.29459
843.541 480.246 11.5625 0.618115 -2.5828
418.038 268.739 7.34868 -1.2787 2.14633
870.912 348.365 11.701 0.0159637 -2.82246
841.052 350.853 11.5963 -0.038408 -2.1525
848.517 335.923 11.6639 -0.13694 -1.99179
323.482 49.7664 10.1897 -0.559891 -4.96829
462.828 522.547 8.52194 1.22486 0.586451
505.129 109.486 9.52631 -1.6491 -1.52782
594.709 246.344 9.38427 -1.44126 1.63004
520.059 664.382 10.1641 1.41909 -3.08856
405.596 156.764 8.6343 -1.53973 -1.04357
709.171 181.647 10.9393 -0.870888 -2.47043
706.683 129.393 10.975 -0.961295 -3.09661
982.887 231.414 12.1697 -0.47814 -3.01767
763.914 587.244 11.1979 1.21424 -2.0936
768.891 532.501 11.2172 0.914142 -2.10749
724.101 544.942 10.9355 1.09413 -1.43696
828.611 216.484 11.6316 -1.15279 -0.532909
587.244 639.498 9.25713 2.58786 2.27836
669.358 607.15 10.6374 1.4027 -1.7226
731.566 184.136 11.0753 -0.743956 -2.97809
761.426 129.393 11.2163 -1.02544 -2.85947
375.736 612.127 9.2981 1.28903 -2.67636
460.339 666.87 10.0153 1.35935 -3.43266
460.339 617.103 9.58977 1.3986 -2.30979
423.014 184.136 8.94235 -1.21136 -1.42742
739.031 467.804 11.04 0.605721 -1.56939
1226.74 629.545 12.0981 0.72996 -5.19563
1164.53 609.638 12.0629 0.724434 -5.01213
676.823 532.501 10.6941 0.968705 -1.86447
176.671 544.942 9.98405 0.637236 -5.16471
734.055 256.297 10.8308 -1.2551 1.55717
84.6029 619.592 10.012 0.747068 -5.4433
69.673 602.174 10.0242 0.701489 -5.50434
1199.37 579.779 12.1173 0.66174 -5.03938
1216.79 534.989 12.17 0.576503 -4.99899
985.375 544.942 11.8746 0.698208 -4.30693
1191.91 350.853 12.1777 0.193308 -4.91491
84.6029 311.04 10.0626 0.165469 -5.54546
129.393 669.358 10.0164 0.867355 -5.32149
1139.65 567.337 12.0792 0.671273 -4.85032
84.6029 199.066 10.1825 0.00103093 -5.70203
69.673 144.323 10.1556 -0.0906212 -5.70642
1077.44 502.641 12.0593 0.552318 -4.52377
1030.16 497.664 11.9818 0.54444 -4.39357
106.998 442.921 10.0884 0.404934 -5.51022
256.297 420.526 9.84639 0.361455 -4.64921
258.785 368.271 9.92738 0.212457 -4.79331
1007.77 408.085 11.9396 0.307698 -4.31599
950.538 403.108 11.8405 0.291048 -4.00783
1027.68 552.407 11.9432 0.693632 -4.44122
761.426 111.974 11.2277 -1.01664 -3.144
689.265 221.461 10.8026 -0.773178 -2.20587
1015.23 410.573 11.9291 0.311009 -4.45997
467.804 286.157 7.17956 -1.50317 4.25045
895.795 388.178 11.7484 0.207426 -3.29124
236.39 345.877 9.89831 0.165044 -4.83351
251.32 502.641 9.83303 0.595527 -4.64318
209.019 512.594 9.90952 0.591986 -4.9516
199.066 477.758 10.0465 0.490687 -5.18096
681.8 298.598 10.2953 -0.921405 2.04811
1002.79 624.568 11.9192 0.918077 -4.3114
975.422 617.103 11.8727 0.922073 -4.18324
385.69 525.036 9.46883 0.858736 -2.96483
890.819 318.505 11.9519 -0.320084 -1.25557
883.354 629.545 11.6713 1.1566 -3.2729
211.507 664.382 9.82986 1.00917 -4.79347
308.552 632.033 9.67874 1.08939 -4.03986
997.816 467.804 11.945 0.48085 -4.18166
943.073 445.409 11.8576 0.425064 -3.75024
303.575 577.29 9.79813 0.857969 -4.29611
338.412 408.085 9.74087 0.317402 -4.016
288.645 410.573 9.86097 0.335827 -4.51951
121.928 258.785 10.1913 0.092535 -5.61439
171.694 236.39 10.0713 -0.018524 -5.33169
930.632 577.29 11.8034 0.87349 -3.79582
393.155 400.62 9.65751 0.262157 -3.40165
358.318 418.038 9.62042 0.349146 -3.60393
831.099 388.178 11.5328 0.185177 -2.53429
838.564 564.849 11.5462 0.993829 -2.75769
803.727 624.568 11.3989 1.36359 -2.35525
308.552 328.458 10.0723 0.118387 -4.80053
311.04 293.622 9.83492 -0.0393 -4.35109
395.643 338.412 9.5651 -0.0322071 -3.14938
400.62 316.017 9.45885 -0.169878 -2.83903
995.328 311.04 11.9844 -0.0119747 -3.96493
818.657 502.641 11.4668 0.727064 -2.666
823.634 455.363 11.4729 0.509534 -2.38097
577.29 370.76 9.11607 -0.203399 2.18974
68.6776 603.169 10.0213 0.706974 -5.49674
298.598 143.327 9.46509 -0.711146 -3.86649
1113.77 483.729 12.1065 0.496672 -4.5981
588.239 74.6496 10.4085 -1.28284 -3.01533
119.439 256.795 10.1803 0.0847898 -5.60145
119.439 226.935 10.1594 0.0240999 -5.58607
194.089 603.169 9.93358 0.79712 -5.02454
134.369 603.169 9.95249 0.751451 -5.24285
119.439 540.463 10.0012 0.605254 -5.36238
770.384 483.729 11.2199 0.661521 -2.27864
740.524 465.814 11.056 0.604107 -1.76196
101.523 418.038 10.0656 0.359589 -5.49131
143.327 483.729 10.1516 0.485156 -5.48451
167.215 438.94 10.0435 0.399684 -5.28987
250.823 504.631 9.84883 0.593168 -4.67452
594.211 546.435 9.62254 1.44848 0.96045
961.487 540.463 11.8316 0.703929 -4.14115
214.991 418.038 9.97923 0.363278 -5.04787
259.781 382.206 9.92829 0.253579 -4.77171
421.024 468.8 8.7437 0.681421 -0.856012
656.917 316.514 9.69103 -0.98484 4.22055
1068.98 501.645 12.0226 0.545888 -4.56111
1033.15 495.673 11.9818 0.54444 -4.39357
65.6917 492.687 10.1575 0.484152 -5.66923
107.495 441.926 10.1284 0.403394 -5.56823
740.524 122.425 11.1861 -0.650268 -4.07935
725.594 86.5936 11.0609 -1.1694 -3.05984
310.542 456.856 10.0178 0.462271 -4.67923
683.79 95.5515 10.8832 -1.05394 -3.21684
665.875 95.5515 10.7845 -1.10547 -3.14344
56.7337 328.458 10.0938 0.209206 -5.65039
83.6076 310.542 10.0634 0.163813 -5.54544
122.425 406.094 10.0506 0.3366 -5.42846
934.613 618.099 11.7792 0.964473 -4.02917
292.626 388.178 9.89181 0.25773 -4.56645
262.767 636.015 9.72601 1.02751 -4.38779
298.598 639.001 9.65989 1.11088 -4.07001
573.309 301.584 8.44341 -1.28507 4.87572
830.104 388.178 11.5427 0.16149 -2.38419
952.529 403.108 11.8517 0.28921 -3.84978
1083.91 573.309 11.9884 0.701432 -4.76045
471.786 286.655 7.11092 -1.53787 4.43602
394.15 522.547 9.29299 0.872253 -2.5247
943.571 510.603 11.8239 0.639789 -3.83996
946.557 462.828 11.8475 0.479377 -3.81847
382.206 483.729 9.39182 0.654198 -2.88052
358.318 510.603 9.54392 0.733461 -3.44471
403.108 438.94 9.43035 0.450885 -2.75927
806.216 624.071 11.4012 1.32533 -2.52473
71.6636 113.467 10.1548 -0.130082 -5.70661
113.467 86.5936 10.1504 -0.231055 -5.61884
358.318 418.038 9.58147 0.341389 -3.52737
382.206 397.136 9.69125 0.248008 -3.56701
973.431 346.374 11.9206 0.0893286 -3.92394
809.202 582.267 11.4093 1.09206 -2.75169
836.076 543.449 11.5332 0.898185 -2.63002
818.16 537.477 11.4604 0.914813 -2.25633
892.809 319.5 11.8903 -0.234171 -1.91875
531.505 441.926 9.07918 0.528961 0.720213
567.337 409.08 10.8948 0.329853 -5.23958
862.95 507.617 11.6013 0.675173 -3.50611
755.454 409.08 11.1746 0.259255 -2.16781
821.146 501.645 11.4555 0.730708 -2.51181
824.132 456.856 11.5024 0.505884 -2.50429
376.234 301.584 9.59861 -0.168804 -3.42127
444.912 376.234 9.46889 0.102421 -2.32642
232.907 262.767 10.0253 -0.0079129 -5.05569
725.594 618.099 10.972 1.43845 -1.81481
725.594 546.435 10.9355 1.09413 -1.43696
704.692 540.463 10.9287 0.941881 -2.50067
967.459 161.243 12.2992 -1.069 -2.06935
815.174 65.6917 11.4451 -1.34382 -2.72671
462.828 519.561 8.1195 1.33106 1.68167
495.673 534.491 8.56291 1.44274 1.45071
176.173 543.449 9.96652 0.637955 -5.13213
385.192 137.355 8.45321 -1.72175 -0.96482
555.393 152.285 10.1674 -0.979288 -2.69328
594.211 244.851 9.42136 -1.45727 1.83357
268.739 465.814 9.94291 0.474537 -4.73454
390.567 408.483 9.43141 0.249256 -2.93064
354.735 415.649 9.63164 0.333131 -3.65067
705.887 68.0805 10.9362 -1.32158 -2.86351
136.161 343.985 10.0418 0.212253 -5.38705
168.41 419.232 10.0117 0.360441 -5.24678
139.744 376.234 10.0177 0.272148 -5.33737
254.406 419.232 9.93273 0.354159 -4.80965
297.404 637.806 9.66877 1.09807 -4.07892
118.245 257.989 10.1803 0.0847898 -5.60145
376.234 566.143 9.15946 1.13447 -2.41121
351.152 548.227 9.54209 0.877432 -3.45578
372.651 444.315 9.21636 0.471248 -2.6456
422.815 465.814 9.33991 0.597711 -2.29216
440.731 354.735 9.45021 -0.0157315 -2.33093
1010.46 408.483 11.9282 0.307962 -4.39695
68.0805 494.479 10.159 0.484139 -5.66899
193.492 476.563 10.0768 0.484999 -5.24154
139.744 483.73 10.0927 0.486292 -5.41077
168.41 440.731 10.0326 0.398954 -5.25588
687.971 462.23 10.7474 0.561001 -1.86955
816.965 573.309 11.4385 0.933803 -3.43913
967.459 476.563 11.8914 0.518548 -4.09139
956.709 465.814 11.8708 0.481973 -3.93074
591.225 308.154 8.59694 -1.24939 5.32373
988.958 544.644 11.8655 0.679053 -4.41963
1100.04 275.905 12.1348 -0.0294398 -4.49964
333.236 455.064 9.70343 0.47353 -4.00073
1003.29 630.64 11.9257 0.934933 -4.24769
974.625 619.89 11.88 0.937426 -4.14055
1117.95 576.892 12.0403 0.692437 -4.83383
1114.37 537.477 12.0883 0.629421 -4.69252
856.38 408.483 11.6073 0.292244 -3.14797
885.046 627.057 11.6568 1.04214 -3.82578
874.296 619.89 11.6406 1.10815 -3.34808
892.212 390.567 11.7436 0.213546 -3.35301
1117.95 340.402 12.1199 0.148217 -4.64682
1078.54 343.985 12.0786 0.154134 -4.516
232.907 261.572 9.99496 -0.0187033 -5.00816
265.155 236.49 9.9379 -0.130064 -4.79182
232.907 236.49 10.0117 -0.0810501 -5.04032
530.311 401.316 8.8974 0.152542 1.32074
842.048 347.569 11.5861 -0.002289 -2.83074
171.993 236.49 10.0747 -0.0164789 -5.34726
161.243 225.74 10.0797 -0.024095 -5.37483
222.157 168.41 9.98234 -0.236003 -5.03939
340.402 394.15 9.61001 0.243358 -3.70501
275.905 247.24 9.92679 -0.120738 -4.72016
419.232 268.739 7.58735 -1.21207 1.61085
444.315 379.817 9.44916 0.109371 -2.32984
548.227 505.229 9.15668 1.09902 1.02407
569.726 369.068 9.03392 -0.24392 2.38787
329.653 515.978 9.55333 0.7262 -3.68197
863.547 458.647 11.6563 0.48858 -3.03545
132.578 175.576 10.1116 -0.0888518 -5.502
1014.04 494.479 11.939 0.543687 -4.35947
1189.62 390.567 12.0931 0.293682 -5.13087
1168.12 609.141 12.0767 0.732446 -4.99504
1196.78 580.475 12.1144 0.663979 -5.04275
738.135 476.563 11.0321 0.626544 -1.72866
723.803 616.307 10.972 1.43845 -1.81481
673.638 609.141 10.7079 1.35971 -2.02974
680.805 544.644 10.6548 1.07999 -1.54094
963.876 161.243 12.5097 -1.42703 -0.743666
705.887 182.742 10.9283 -0.882732 -2.34476
759.635 128.995 11.1822 -1.04491 -2.79462
655.722 318.903 9.50416 -1.09096 5.28348
827.715 214.991 11.6169 -1.0793 -0.89045
376.234 598.391 9.54254 1.13307 -3.25473
462.23 519.561 8.27482 1.27165 1.24798
494.479 533.894 11.0032 0.494256 -6.01767
193.492 605.558 9.91066 0.804902 -4.98628
175.576 544.644 9.98405 0.637236 -5.16471
229.324 558.976 9.88391 0.711471 -4.82374
555.393 157.66 10.1921 -0.931776 -2.78727
612.724 107.495 10.4875 -1.12982 -2.89874
562.56 89.5795 10.2667 -1.21193 -2.92545
594.808 247.24 9.42045 -1.41766 1.48893
116.095 206.391 10.1178 -0.023659 -5.55972
85.9964 202.091 10.1405 0.000107376 -5.64635
128.995 176.293 10.1259 -0.0864243 -5.53285
90.2962 150.494 10.1386 -0.107086 -5.64828
279.488 300.987 9.95645 0.0330491 -4.76044
262.289 632.073 9.72734 1.02761 -4.38707
214.991 623.474 9.91714 0.875112 -4.91269
804.066 619.174 11.3953 1.31 -2.4982
98.8958 374.084 10.0896 0.281764 -5.5357
300.987 253.689 9.76544 -0.175799 -4.31409
343.985 331.086 9.80694 0.0659901 -4.05475
425.682 490.179 9.05822 0.771109 -1.5523
361.185 490.179 9.46619 0.654911 -3.24512
399.883 438.581 9.62632 0.440892 -3.24584
442.881 352.585 9.67069 -0.0218835 -2.92565
614.874 313.887 9.12177 -0.992366 4.02679
786.867 292.388 11.3202 -0.353655 -2.06726
997.558 429.982 11.9722 0.371621 -4.0112
954.56 399.883 11.8892 0.273405 -3.63923
1031.96 567.576 11.921 0.71712 -4.60257
1010.46 511.678 11.9602 0.622268 -4.20953
1079.25 343.985 12.0308 0.152497 -4.72198
111.795 85.9964 10.1069 -0.247988 -5.5537
171.993 438.581 10.0585 0.404062 -5.30335
941.66 485.879 11.8419 0.571391 -3.80323
928.761 576.176 11.7922 0.865897 -3.83344
417.082 266.589 7.65629 -1.21449 1.60018
563.276 339.686 9.61638 -0.331678 -0.231132
498.779 313.887 7.42211 -1.16617 4.75943
885.763 627.773 11.6617 1.0731 -3.64844
756.768 412.783 11.1729 0.27548 -2.25265
223.591 167.693 10.0015 -0.234928 -5.06829
296.687 386.984 9.86691 0.257513 -4.48716
528.878 472.98 9.28844 0.764198 -0.0962327
571.876 408.483 10.1467 0.265516 -2.05032
976.059 343.985 11.9321 0.0903021 -3.94703
193.492 253.689 10.0428 0.0102996 -5.22008
210.691 227.89 10.0505 -0.0547256 -5.19392
171.993 236.49 10.0621 -0.0196328 -5.32745
399.883 313.887 9.5858 -0.128094 -3.18575
902.962 503.079 11.7259 0.631781 -3.68158
864.263 455.781 11.6502 0.483955 -3.06933
1100.75 270.889 12.131 -0.0367203 -4.49661
150.494 184.892 10.0997 -0.0874201 -5.44322
898.662 567.576 11.7218 0.878224 -3.55615
232.19 257.989 9.97644 -0.0248139 -4.98375
275.188 245.09 9.93196 -0.132432 -4.75562
232.19 236.49 10.0073 -0.0774879 -5.04007
1014.76 404.183 11.9282 0.307962 -4.39695
980.359 619.174 11.879 0.93579 -4.14146
1143.75 567.576 12.0868 0.678511 -4.871
1083.55 571.876 11.991 0.700823 -4.76983
739.569 468.68 11.042 0.612962 -1.76115
722.369 614.874 10.9435 1.46316 -1.64006
700.87 537.477 10.8249 1.01863 -1.84586
812.666 541.777 11.444 0.951196 -2.34858
988.958 232.19 12.1738 -0.481565 -2.99456
1195.35 343.985 12.1626 0.195572 -4.95491
739.569 124.695 11.0833 -1.06156 -2.79173
786.867 193.492 11.3518 -0.763445 -2.62917
679.371 296.687 10.2783 -0.904091 1.60453
890.062 318.187 11.8754 -0.241871 -1.90554
816.965 227.89 11.5408 -1.25349 0.353151
356.885 412.783 9.46237 0.317825 -3.30153
386.984 520.278 9.41823 0.829894 -2.88394
137.594 481.58 10.0973 0.480135 -5.42665
279.488 528.878 10.0746 0.625743 -4.91237
382.684 210.691 7.54763 -1.634 0.935132
563.276 90.2962 10.2667 -1.21193 -2.92545
81.6965 305.287 10.073 0.156345 -5.5587
753.328 412.783 11.1761 0.278382 -2.39506
98.0359 417.942 10.0806 0.355312 -5.53544
139.314 386.984 10.0172 0.300022 -5.34337
232.19 206.391 10.1625 -0.0939034 -5.28358
232.19 381.824 9.90101 0.259532 -4.8463
278.628 531.458 9.78282 0.693825 -4.42376
252.829 531.458 9.84918 0.652975 -4.67344
417.942 469.54 9.57536 0.578673 -2.90158
397.303 438.581 9.45765 0.43735 -2.86055
712.05 299.267 10.579 -0.939483 2.10422
268.309 464.38 9.95051 0.471085 -4.78118
309.587 288.948 9.90427 -0.0401929 -4.52291
686.251 237.35 10.7318 -0.702863 -1.83204
1011.32 500.499 11.9687 0.597592 -4.21148
330.226 510.818 9.65557 0.680521 -3.8618
304.427 515.978 9.82038 0.648367 -4.36514
959.719 464.38 11.8576 0.484375 -3.87551
170.273 165.113 10.0791 -0.153983 -5.35322
603.694 412.783 10.9596 0.349851 -5.29206
572.736 366.345 9.17206 -0.256923 1.85569
268.309 273.468 9.93093 -0.0304172 -4.76278
170.273 237.35 10.0778 -0.0245578 -5.34803
804.926 407.623 11.4018 0.277809 -2.35634
1011.32 407.623 11.9292 0.313043 -4.39706
1171.27 608.854 12.0715 0.721245 -5.03633
1119.67 598.535 12.0135 0.714811 -4.94635
737.849 474.7 11.0979 0.588344 -2.68449
722.369 619.174 10.9435 1.46316 -1.64006
670.772 598.535 10.6876 1.42615 -1.70147
722.369 546.937 10.9355 1.09413 -1.43696
872.003 619.174 11.6061 1.093 -3.38818
810.086 572.736 11.4418 1.08745 -2.36318
1093.87 123.835 12.0169 -0.334611 -4.82741
706.89 185.752 10.9327 -0.860386 -2.34793
737.849 123.835 11.1551 -1.01561 -2.97756
784.287 196.072 11.336 -0.711405 -2.83235
789.447 299.267 11.2778 -0.587332 -0.520795
619.174 485.02 9.9227 0.877778 0.744653
438.581 588.215 9.71497 1.14031 -3.00292
371.504 603.694 9.41732 1.19262 -2.97752
510.818 541.777 9.25536 1.25377 -0.384162
190.912 608.854 9.9817 0.792106 -5.10536
170.273 552.097 9.99179 0.641619 -5.21863
557.256 154.793 10.3523 -0.791688 -3.36594
469.54 288.948 7.2916 -1.44401 4.02341
113.515 252.829 10.1736 0.075346 -5.60339
1015.45 359.121 12.0461 0.141926 -3.98637
749.2 408.655 11.1346 0.270188 -2.01101
866.843 365.313 11.6859 0.0330013 -2.42003
1009.25 297.203 12.0215 -0.0411488 -4.01208
340.546 328.162 9.75382 0.0340783 -3.98029
321.97 328.162 9.93351 0.0934011 -4.52342
835.885 402.463 11.4977 0.326959 -3.8971
204.327 179.56 9.93031 -0.195267 -5.08013
167.177 167.177 10.1543 -0.125578 -5.47951
229.094 272.436 10.0013 0.00181293 -5.04785
284.82 526.298 10.1267 0.590232 -4.94137
253.861 501.531 9.91214 0.578468 -4.76171
346.737 551.065 9.67178 0.865753 -3.8473
569.64 408.655 9.78253 0.230266 -0.725007
953.528 377.696 11.8806 0.202925 -3.86746
365.313 272.436 9.89097 -0.195824 -4.11321
996.87 433.422 11.9376 0.395247 -4.17791
1034.02 563.448 11.9269 0.732432 -4.5198
860.652 464.38 11.6224 0.507257 -3.12957
829.693 458.189 11.5171 0.513618 -2.91619
668.708 588.215 10.7066 1.27106 -2.23212
724.433 544.873 11.0174 0.957958 -2.52845
817.31 569.64 11.4429 1.07422 -2.53313
842.076 551.065 11.5705 0.88377 -3.05953
1095.94 123.835 12.0064 -0.326534 -4.87105
959.719 340.546 11.8096 0.112282 -4.46182
990.678 229.094 12.1691 -0.47518 -3.04065
1089.75 352.929 12.0634 0.175298 -4.59036
749.2 123.835 11.125 -1.08822 -2.64275
780.159 198.136 11.3441 -1.49037 0.191224
693.475 229.094 10.812 -0.713797 -2.19139
885.419 315.779 11.8803 -0.278637 -1.54842
792.543 303.395 11.3313 -0.199875 -2.99185
501.531 427.23 10.8748 0.381755 -5.64343
396.271 439.613 9.62128 0.439295 -3.25927
439.613 582.023 9.22011 1.34059 -1.73487
371.504 569.64 9.29778 1.07609 -2.74956
495.339 526.298 8.95425 1.23123 0.214825
383.888 520.106 9.30901 0.824756 -2.66
191.944 476.764 10.0635 0.479032 -5.22472
229.094 383.888 9.90322 0.262863 -4.87892
557.256 154.793 10.224 -0.921277 -2.90533
445.805 346.737 8.3096 -0.350807 0.596426
476.764 291.012 7.2916 -1.44401 4.02341
433.422 241.478 7.66154 -1.5241 1.74173
229.094 334.354 9.83001 0.122321 -4.78264
178.322 185.752 9.89198 -0.210135 -5.05754
245.193 274.913 9.99996 -0.00260791 -5.02653
304.634 274.913 9.88625 -0.128981 -4.49748
282.343 274.913 9.90671 -0.0603364 -4.66259
668.708 267.483 10.6199 -0.549427 -1.82472
378.934 304.634 9.57347 -0.141687 -3.34226
943.621 468.095 11.8506 0.48623 -3.82148
1010.49 401.225 11.9253 0.295525 -4.42436
1099.65 378.934 12.0667 0.257503 -4.62715
1010.49 557.256 11.9138 0.700525 -4.51011
1129.37 572.117 12.0657 0.674822 -4.90795
854.46 468.095 11.4965 0.4545 -4.82915
832.17 378.934 11.493 0.211489 -4.27656
676.138 557.256 10.6727 1.10646 -1.93954
839.6 557.256 11.5583 0.936319 -2.59142
988.202 230.333 12.1837 -0.488579 -3.00504
1003.06 297.203 12.0183 -0.0516402 -4.0122
1114.51 312.064 12.1284 0.0653643 -4.61401
735.579 185.752 11.1806 -0.538828 -3.74034
772.729 193.182 11.3 -0.877814 -2.19415
795.019 178.322 11.3042 -0.87582 -2.28869
638.987 319.494 9.09091 -1.18603 6.54001
787.589 304.634 11.309 -0.347645 -1.72966
393.795 438.375 9.61604 0.427882 -3.252
586.977 393.795 11.0388 0.315578 -5.65668
438.375 572.117 9.22011 1.34059 -1.73487
609.267 542.396 10.0717 1.16156 -1.23875
170.892 445.805 10.0093 0.412295 -5.20673
170.892 408.655 9.87635 0.321839 -5.05381
371.504 572.117 9.54153 1.0054 -3.35191
364.074 490.386 9.46111 0.655064 -3.18988
282.343 520.106 9.91601 0.648677 -4.6089
416.085 163.462 8.55771 -1.60635 -0.577469
475.526 289.773 8.46579 -0.881245 0.654031
579.547 356.644 11.0028 0.254533 -5.63685
222.903 156.032 10.0295 -0.233452 -5.14273
163.462 163.462 10.1187 -0.145856 -5.46331
371.504 208.042 8.35838 -1.21208 -0.962141
267.483 237.763 9.9336 -0.128042 -4.78872
334.354 141.172 7.94203 -1.78836 -0.881182
557.256 148.602 10.1921 -0.931776 -2.78727
855.946 401.225 11.4907 0.332517 -4.35875
838.114 374.476 11.5401 0.142328 -3.20622
891.61 508.218 11.6447 0.592241 -4.36758
303.148 258.567 9.85916 -0.144279 -4.45179
811.365 401.225 11.396 0.216968 -1.94898
775.701 365.56 11.2661 0.0199484 -2.09617
954.023 463.637 11.8348 0.489327 -3.84813
1096.68 445.805 12.0496 0.3951 -4.7252
971.855 490.386 11.8999 0.563148 -3.91937
1105.6 534.966 12.0966 0.612302 -4.674
1043.18 543.882 11.9638 0.721984 -4.43049
1043.18 508.218 11.9611 0.567511 -4.5142
748.953 410.141 11.126 0.288966 -2.14946
847.03 463.637 11.5738 0.515747 -2.78236
731.121 472.554 10.9001 0.662933 -0.9062
838.114 543.882 11.5639 0.895416 -3.06333
962.939 178.322 12.2806 -1.06604 -2.07507
989.688 338.812 12.0057 0.053124 -3.70299
998.604 303.148 12.0032 -0.0389988 -4.02672
1052.1 356.644 12.044 0.155367 -4.35383
1061.02 276.399 12.0754 -0.0281749 -4.24513
731.121 231.819 11.2548 0.125991 -5.82912
695.456 222.903 10.835 -0.719944 -2.1558
820.282 222.903 11.5479 -1.20561 -0.0448021
775.701 196.154 11.2721 -0.701785 -2.81573
713.288 347.728 10.7888 -0.241941 1.07453
641.96 320.98 9.61253 -0.879376 3.67943
686.54 267.483 10.5711 -0.807757 -0.338348
793.533 303.148 11.3396 -0.309798 -2.11102
499.302 526.05 8.83365 1.2471 0.581217
633.043 543.882 10.008 1.25659 0.0420591
222.903 392.309 9.95147 0.291421 -4.94182
169.406 401.225 9.92204 0.333744 -5.12549
383.392 436.889 9.31394 0.415134 -2.71747
347.728 401.225 9.78201 0.279439 -3.96667
303.148 401.225 9.79717 0.278513 -4.36282
169.406 543.882 9.94761 0.661895 -5.15897
294.231 526.05 9.99078 0.634486 -4.73366
427.973 169.406 8.52767 -1.62014 -0.363347
570.631 356.644 9.04624 -0.36996 2.5407
196.154 222.903 10.0168 -0.117147 -5.18041
267.483 249.651 9.76237 -0.181275 -4.49122
588.463 249.651 9.7358 -1.12724 0.0254602
