882 230 0.346544 -0.464213 2.68369
1104 76 0.130983 -0.444033 3.81443
1011 105 0.181244 -0.562444 3.40166
1038 81 0.171633 -0.557437 3.53839
964 244 0.236303 -0.238464 3.37002
262 188 2.23773 -0.262187 2.83196
136 158 1.86679 -0.0379767 3.82556
123.6 204 1.86902 0.0567512 3.82486
216 334.8 2.14661 0.216439 3.01551
352.8 140.4 2.43219 -0.723217 1.97173
210 463.2 2.13083 0.579691 2.91047
368.4 327.6 2.17714 0.0288726 2.00052
214.8 268.8 2.23845 0.0284751 2.9501
222 246 2.22135 -0.0368074 2.97176
160.8 27.6 1.92572 -0.325462 3.78312
895.2 217.2 0.324123 -0.466214 2.80333
882 230.4 0.345653 -0.463012 2.68344
940.8 316.8 0.261761 -0.0700012 3.36456
944.4 276 0.268649 -0.159474 3.38924
943.2 326.4 0.253452 -0.0537031 3.35953
260.4 284.4 2.14175 0.0395943 2.8703
776.4 237.6 0.656149 -0.797394 1.22332
84 27.6 2.05573 -0.284285 3.82072
132 68.4 1.93935 -0.219643 3.80566
55.2 534 1.91076 0.697106 3.72446
666 334.8 1.73117 -1.07031 -4.37811
883.2 102 0.399333 -0.858947 2.69992
880.8 175.2 0.370504 -0.605672 2.7431
691.2 141.6 1.28213 -1.61282 0.170177
1185.6 223.2 0.0377656 -0.137984 3.97429
1140 294 0.0513549 -0.0483446 3.88095
1108.8 79.2 0.121817 -0.42729 3.82623
1106.4 45.6 0.118672 -0.518117 3.77063
1092 90 0.130208 -0.435386 3.76228
1101.6 126 0.0990944 -0.382687 3.74396
943.2 490.8 0.168715 0.296438 3.20519
1162.8 513.6 0.00812056 0.295057 3.94158
961.2 452.4 0.178917 0.215821 3.39399
504 182.88 2.30928 -1.12018 0.368125
672.48 185.76 1.353 -1.32842 0.106564
964.8 159.84 0.263618 -0.418455 3.39282
1183.68 72 0.0501446 -0.39581 3.93661
241.92 342.72 2.18797 0.221969 2.8163
233.28 348.48 2.19196 0.250527 2.84641
352.8 141.12 2.39082 -0.698562 2.05218
964.8 243.36 0.235298 -0.245063 3.35655
1141.92 125.28 0.0860786 -0.321046 3.89248
234.72 270.72 2.18081 0.0233932 2.94837
372.96 195.84 2.45988 -0.602779 1.62651
653.76 362.88 1.69314 -0.652878 -3.44454
976.32 131.04 0.228932 -0.530499 3.31138
110.88 159.84 1.92701 -0.0327283 3.81056
302.4 64.8 2.18687 -0.663048 2.86322
725.76 544.32 0.658683 0.672224 0.666429
198.72 303.84 2.14721 0.159149 3.12073
362.88 250.56 2.29049 -0.277707 1.96925
259.2 285.12 2.14243 0.0412251 2.87093
276.48 84.96 2.26182 -0.589236 2.83684
776.16 239.04 0.657497 -0.800241 1.21399
819.36 290.88 0.456997 -0.38563 2.07109
761.76 315.36 0.665548 -0.426886 1.2513
768.96 282.24 0.662543 -0.592219 1.16669
129.6 216 1.84938 0.0808782 3.82844
136.8 347.04 2.0159 0.315375 3.49884
488.16 263.52 4.12535 -1.66633 -5.02386
341.28 103.68 2.45725 -0.832677 2.07681
197.28 565.92 2.07517 0.858962 2.95174
216 485.28 2.03012 0.624493 3.03623
367.2 504 2.5074 0.817705 0.85644
750.24 250.56 0.795625 -0.846567 0.69157
917.28 76.32 0.328477 -0.855443 2.87742
686.88 182.88 1.24471 -1.33149 0.23025
691.2 141.12 1.27642 -1.60314 0.1969
950.4 198.72 0.283838 -0.325052 3.40342
1107.36 79.2 0.123205 -0.428398 3.82628
1229.76 144 0.0366768 -0.22398 4.07971
1010.88 105.12 0.181167 -0.563859 3.39802
954.72 31.68 0.27985 -0.890213 3.08536
1039.68 122.4 0.165402 -0.442334 3.58945
822.24 529.92 0.347422 0.460589 2.3151
714.24 568.8 0.683916 0.801997 0.763449
1127.52 622.08 0.0336674 0.457628 3.91726
982.08 407.52 0.138386 0.105108 3.33797
1041.12 498.24 0.0635136 0.288777 3.5556
153.792 338.688 1.85504 0.289449 3.66528
169.344 95.04 1.87353 -0.194826 3.77877
212.544 255.744 2.2435 -0.0088605 2.96804
606.528 214.272 1.71139 -1.08849 0.103716
796.608 330.048 0.527343 -0.311118 1.65068
238.464 271.296 2.16862 0.0201184 2.93545
235.008 269.568 2.18176 0.0184008 2.93998
262.656 95.04 2.24429 -0.521405 2.91952
250.56 307.584 2.25187 0.0983096 2.71084
355.968 231.552 2.28099 -0.340855 2.10142
661.824 373.248 1.64142 -0.600669 -3.71933
649.728 374.976 1.6364 -0.497272 -2.95015
355.968 174.528 2.37532 -0.576608 2.00483
340.416 167.616 2.31614 -0.533424 2.24172
786.24 316.224 0.556421 -0.418562 1.31355
762.048 314.496 0.672183 -0.434693 1.22573
768.96 281.664 0.665555 -0.602212 1.09912
755.136 267.84 0.741625 -0.689203 0.987437
775.872 240.192 0.655073 -0.795694 1.22428
236.736 221.184 2.19536 -0.122975 2.96483
316.224 224.64 2.21293 -0.251871 2.51759
240.192 343.872 2.18929 0.22385 2.81622
323.136 354.24 2.27285 0.170987 2.13447
134.784 278.208 1.8545 0.189907 3.76319
490.752 264.384 4.08418 -1.64675 -4.8999
594.432 217.728 1.88857 -1.17431 -0.356698
527.04 100.224 2.25709 -1.62863 0.395898
357.696 36.288 3.0422 -1.59542 1.04913
376.704 164.16 2.48706 -0.742966 1.61367
195.264 566.784 2.07517 0.858962 2.95174
177.984 492.48 1.93432 0.624315 3.34754
371.52 430.272 2.57466 0.437945 0.850938
383.616 361.152 2.53514 0.0793396 0.96419
366.336 504.576 2.53078 0.820707 0.795373
350.784 482.112 2.38113 0.67638 1.42218
668.736 316.224 1.73505 -1.29895 -4.26185
886.464 69.12 0.403718 -0.947943 2.71385
827.712 181.44 0.474512 -1.03312 1.47383
686.016 183.168 1.28566 -1.39444 0.0188507
691.2 141.696 1.28228 -1.6098 0.180852
948.672 198.72 0.283499 -0.321936 3.41126
1107.65 79.488 0.126213 -0.427308 3.82522
1010.88 103.68 0.181609 -0.564471 3.39967
1002.24 186.624 0.166581 -0.392349 3.34226
1090.37 127.872 0.115057 -0.37941 3.7321
1040.26 120.96 0.163818 -0.444621 3.5893
644.544 682.56 0.886317 1.26266 1.4095
642.816 407.808 1.73024 -0.200404 -3.42687
1145.66 381.888 0.0262342 0.0940879 3.87796
1162.94 513.216 0.00703289 0.293438 3.94196
1197.5 494.208 -0.0167322 0.262405 3.98176
983.232 407.808 0.140636 0.103726 3.33917
342.144 240.538 2.28729 -0.263561 2.1531
816.999 279.936 0.480904 -0.427174 2.03279
111.974 159.667 1.91632 -0.025186 3.83249
891.648 313.114 0.291208 -0.195932 2.75757
271.642 178.33 2.14849 -0.274004 2.92702
275.789 85.0176 2.22703 -0.572278 2.90259
1117.67 145.152 0.097822 -0.314388 3.82352
315.187 221.875 2.24866 -0.262383 2.42799
373.248 462.413 2.50986 0.60139 0.886539
773.453 350.438 0.590116 -0.230279 1.34125
761.011 352.512 0.647845 -0.218093 1.29259
804.557 358.733 0.470476 -0.118087 2.12498
754.791 267.494 0.75373 -0.695061 0.934789
775.526 238.464 0.646931 -0.761924 1.37876
238.464 269.568 2.17391 0.02512 2.93645
205.286 275.789 2.01161 0.0967601 3.32427
194.918 205.286 2.03529 -0.0533055 3.40015
306.893 300.672 2.38773 -0.036025 2.14935
85.0176 203.213 1.9053 0.0709147 3.87749
134.784 277.862 1.85378 0.187901 3.7641
103.68 97.4592 2.01036 -0.155152 3.78281
130.637 66.3552 1.94248 -0.222033 3.80484
593.05 215.654 1.76709 -1.04651 0.208791
595.123 331.776 2.56717 -0.984301 -4.44674
526.694 101.606 2.2773 -1.64418 0.343769
609.638 111.974 1.83657 -1.74984 0.0722089
570.24 111.974 1.92177 -1.51302 0.631261
354.586 39.3984 3.03584 -1.58471 1.09234
292.378 578.534 2.26089 1.01569 1.99618
53.9136 532.915 1.9212 0.690596 3.71707
153.446 659.405 2.01388 1.063 3.17016
333.85 383.616 2.3002 0.259457 1.96863
215.654 485.222 2.01522 0.624776 3.06921
329.702 485.222 2.36357 0.670455 1.66381
493.517 649.037 1.62806 1.34079 1.10407
383.616 362.88 2.64399 0.067803 0.708323
854.323 199.066 0.416291 -0.610812 2.47287
931.047 201.139 0.323687 -0.308487 3.43126
680.141 232.243 1.2759 -1.10101 -0.119748
928.973 188.698 0.280262 -0.463008 3.05095
669.773 188.698 1.36812 -1.32871 0.0732297
690.509 141.005 1.30779 -1.64972 0.0338542
1235.87 211.507 0.0150931 -0.130249 4.06656
1171.58 290.304 0.0101738 -0.0593469 3.87629
1088.64 238.464 0.094644 -0.185284 3.73112
1034.73 269.568 0.0972617 -0.175149 3.46466
1080.35 215.654 0.107722 -0.213862 3.72763
1018.14 290.304 0.145117 -0.109222 3.53582
1163.29 43.5456 0.0906513 -0.428271 3.95285
1036.8 78.7968 0.170198 -0.557701 3.53825
1005.7 141.005 0.19492 -0.459839 3.43478
1128.04 622.08 0.0310536 0.458626 3.92723
1196.47 678.067 -0.049703 0.517102 3.97623
999.475 646.963 0.10924 0.56772 3.59091
1144.63 408.499 0.0306769 0.139299 3.8964
1040.95 499.738 0.0690739 0.281928 3.5749
323.482 301.087 2.28529 -0.0291418 2.20618
306.063 582.267 1.87162 0.900857 2.72584
263.762 268.739 2.14506 -0.00607252 2.87056
278.692 129.393 2.16266 -0.415812 2.94474
816.169 278.692 0.474949 -0.434774 2.04723
316.017 221.461 2.20668 -0.245782 2.52274
495.176 273.715 4.54441 -1.90001 -6.76419
492.687 646.963 1.62274 1.32518 1.15312
567.337 632.033 1.34096 1.23694 0.918025
572.314 111.974 1.97194 -1.58003 0.438082
54.743 532.501 1.92257 0.692272 3.71829
502.641 114.463 2.28045 -1.3802 0.781154
256.297 637.01 2.15405 1.16089 2.3956
74.6496 330.947 2.01395 0.311629 3.68498
679.311 231.414 1.26811 -1.06494 0.0260933
651.94 221.461 1.43663 -1.09163 0.14605
1082.42 323.482 0.00253493 -0.0755551 3.50031
1127.21 622.08 0.0325326 0.456555 3.93146
505.129 184.136 2.36853 -1.16192 0.166497
997.816 646.963 0.108718 0.567624 3.59086
1169.51 574.802 -0.00441259 0.37825 3.96742
517.571 325.97 5.46534 -1.92719 -11.3315
492.687 313.528 5.09832 -1.60099 -8.51948
1079.93 408.085 0.0864743 0.138538 3.76733
602.174 141.834 1.85589 -1.57517 0.0294031
1040.12 119.439 0.164196 -0.452065 3.56435
1109.79 119.439 0.0905161 -0.386898 3.76598
1104.81 79.6263 0.127397 -0.42709 3.82533
977.91 308.552 0.198036 -0.0832303 3.4366
955.515 311.04 0.250347 -0.0694498 3.44994
1032.65 268.739 0.105522 -0.168463 3.48964
1017.72 228.925 0.120103 -0.298665 3.33685
111.974 159.253 1.90989 -0.026369 3.84381
843.541 622.08 0.253524 0.698413 2.54118
1164.53 87.0912 0.0710806 -0.369296 3.93627
328.458 432.968 2.33579 0.453138 1.83797
283.669 393.155 2.21112 0.349443 2.46209
562.36 505.129 2.38331 0.858882 -3.6991
194.089 567.337 2.06939 0.850818 2.98861
883.354 126.904 0.36413 -0.830899 2.57031
637.01 437.944 1.74737 0.0605901 -3.70582
987.863 228.925 0.189815 -0.272252 3.40022
975.422 204.042 0.203726 -0.362735 3.31629
948.05 196.577 0.283858 -0.333003 3.37793
261.274 97.0445 2.20796 -0.50294 2.98259
149.299 104.509 2.10986 -0.245655 3.53478
383.201 206.531 2.4147 -0.558397 1.62676
355.83 316.017 2.18007 -1.15154e-05 2.13205
156.764 184.136 1.85338 0.00268337 3.7758
129.393 213.996 1.86209 0.0650892 3.81613
233.902 348.365 2.15471 0.246778 2.90016
216.484 333.435 2.17685 0.206677 2.96884
724.101 544.942 0.642592 0.661029 0.932312
860.959 542.454 0.236724 0.460837 2.51935
821.146 530.012 0.353185 0.462754 2.2586
778.844 432.968 0.508466 0.123761 1.6127
251.32 151.788 2.0762 -0.27639 3.17315
781.333 482.734 0.476183 0.304732 1.40742
793.774 328.458 0.524364 -0.298974 1.69691
271.227 176.671 2.15514 -0.278449 2.9266
477.758 106.998 2.68088 -1.67434 0.0623268
1083.91 322.486 0.00298733 -0.0773783 3.50312
125.411 627.057 1.96909 0.934381 3.36089
564.351 122.425 2.10507 -1.65764 0.0825108
1164.53 513.589 0.00594148 0.292677 3.94425
164.229 391.164 2.03359 0.395182 3.33315
1143.63 298.598 0.047173 -0.039178 3.86241
492.687 313.528 5.92231 -1.95367 -11.2881
56.7337 268.739 1.91179 0.211503 3.89649
107.495 212.005 1.89806 0.0776653 3.83423
636.015 471.786 1.78482 0.397268 -4.16782
1155.58 406.094 0.029976 0.138295 3.91369
373.248 191.103 2.47247 -0.609229 1.61318
376.234 164.229 2.48361 -0.743371 1.63339
355.332 555.393 2.45813 1.02583 0.991767
1092.87 247.837 0.0883317 -0.162245 3.73591
1215.3 146.313 0.0476741 -0.218587 4.07454
1164.53 223.949 0.0560486 -0.14422 3.93306
979.403 295.612 0.205332 -0.123915 3.42311
489.701 265.753 4.45718 -1.85127 -6.14987
842.048 164.229 0.471225 -0.807099 2.2468
194.089 567.337 2.05931 0.855248 3.01743
86.5936 200.061 1.91692 0.0685853 3.85541
113.467 158.257 1.91483 -0.0268158 3.82948
134.369 352.346 2.0159 0.315375 3.49884
268.739 59.7197 2.12669 -0.565847 3.13165
155.271 486.715 2.04154 0.618464 3.26427
821.146 531.505 0.352677 0.46664 2.1838
812.188 609.141 0.380772 0.637504 2.93523
1039.12 119.439 0.166738 -0.453979 3.56808
1015.23 59.7197 0.180563 -0.68057 3.35119
328.458 486.715 2.3014 0.659615 1.79628
459.842 322.486 3.93911 -0.867944 -3.98861
316.514 80.6216 2.31855 -0.735727 2.5408
313.528 561.365 1.94971 0.846967 2.53409
241.865 217.977 2.19066 -0.13091 2.95767
940.585 238.879 0.28381 -0.251959 3.36352
883.851 328.458 0.307216 -0.146143 2.7646
871.907 283.669 0.346976 -0.291473 2.6923
134.369 274.711 1.85407 0.181966 3.76713
152.285 238.879 1.84275 0.110687 3.75927
170.201 92.5655 1.87307 -0.197472 3.77803
131.383 185.131 1.8724 0.0107292 3.81174
725.594 546.435 0.666319 0.685447 0.581928
779.342 435.954 0.50891 0.125924 1.61928
737.538 388.178 0.734981 -0.125912 0.788506
743.51 325.472 0.724907 -0.358796 1.33466
298.598 203.047 2.19593 -0.273298 2.68328
322.486 146.313 2.35074 -0.574009 2.34591
680.805 229.921 1.22194 -0.985931 0.387449
567.337 639.001 1.35768 1.25653 0.764967
56.7337 531.505 1.92167 0.68781 3.71747
477.758 107.495 2.55528 -1.55752 0.387586
364.29 116.453 2.49161 -0.887396 1.85373
74.6496 331.444 2.07048 0.300848 3.62542
128.995 211.408 1.86158 0.065652 3.82441
361.901 512.395 2.4379 0.813211 1.07544
490.896 268.739 4.27515 -1.73849 -5.60719
189.909 397.733 2.01165 0.39728 3.28157
157.66 379.817 2.06713 0.367436 3.33547
1035.54 78.83 0.169719 -0.555822 3.54709
1006.87 627.057 0.105336 0.520623 3.5961
1100.04 179.159 0.0930565 -0.272692 3.7825
136.161 537.477 1.95643 0.72424 3.42732
146.91 318.903 1.8649 0.245614 3.68129
340.402 103.912 2.48427 -0.845755 2.01885
275.905 85.9964 2.29384 -0.598378 2.77422
910.128 422.815 0.287276 0.164945 3.32403
985.375 225.74 0.193798 -0.286798 3.37135
974.625 401.316 0.160222 0.0880761 3.33554
942.377 372.651 0.242832 0.0492016 3.33882
1003.29 340.402 0.122486 -0.0470534 3.36496
953.126 308.154 0.253762 -0.0748896 3.43822
773.967 601.974 0.428633 0.767137 1.64719
730.969 594.808 0.630715 0.922065 0.644365
279.488 462.23 2.28729 0.575098 2.22181
802.633 297.404 0.508674 -0.434236 1.69847
247.24 225.74 2.18888 -0.128909 2.95366
214.991 329.653 2.1611 0.206161 2.99878
763.218 311.737 0.648256 -0.409474 1.46115
799.049 433.565 0.495095 0.176521 2.65621
806.216 365.485 0.464723 -0.127642 2.05304
881.463 329.653 0.304626 -0.142354 2.79046
322.486 146.91 2.32595 -0.561737 2.40265
770.384 526.728 0.485932 0.484805 1.61853
956.709 455.064 0.186851 0.214496 3.38518
1135.87 627.057 0.0325326 0.456555 3.93146
1164.53 515.978 0.00720412 0.290861 3.94262
1096.45 519.561 0.0290404 0.301317 3.74278
709.47 612.724 0.650754 0.911635 1.4069
1153.78 200.658 0.062517 -0.19173 3.91566
1132.29 211.408 0.0752288 -0.18299 3.87597
687.971 139.744 1.31015 -1.63665 0.0785302
766.801 275.905 0.656657 -0.609264 1.34082
121.828 523.145 1.99284 0.70328 3.4121
476.563 107.495 2.5592 -1.54925 0.40154
562.56 121.828 1.99812 -1.52394 0.476618
598.391 214.991 1.72064 -1.02829 0.384169
915.861 563.276 0.163982 0.467606 2.97322
971.759 378.384 0.202238 0.0515678 3.41962
1019.06 227.89 0.124801 -0.303092 3.33957
133.294 270.889 1.85508 0.190451 3.76346
911.561 421.382 0.288333 0.167645 3.36505
193.492 202.091 2.08881 -0.074006 3.33412
154.793 189.192 1.85584 0.00828269 3.7693
146.194 511.678 2.06374 0.690253 3.26445
984.658 219.291 0.199414 -0.278078 3.41541
937.36 245.09 0.275974 -0.222341 3.37133
408.483 214.991 2.4832 -0.638597 1.28914
829.865 438.581 0.372609 0.176821 2.55883
907.262 468.68 0.225114 0.234166 2.92508
214.991 326.786 2.16054 0.19657 3.00042
352.585 236.49 2.29387 -0.317177 2.06019
300.987 490.179 2.26977 0.67992 2.08044
343.985 184.892 2.35671 -0.50104 2.10899
322.486 146.194 2.47165 -0.62684 2.08051
752.468 425.682 0.59509 0.134893 2.09049
735.269 386.984 0.755594 -0.132953 0.666955
838.465 262.289 0.457864 -0.432298 2.34449
210.691 485.879 2.02943 0.622992 3.0409
1156.65 404.183 0.0306774 0.135139 3.91467
1083.55 404.183 0.0836836 0.130853 3.76563
937.36 584.775 0.147519 0.498196 3.2533
1135.15 623.474 0.0358288 0.450429 3.95265
1096.45 515.978 0.0287098 0.297991 3.75483
1087.85 249.389 0.0935045 -0.155974 3.74106
687.971 141.894 1.29903 -1.60114 0.223051
81.6965 451.481 1.91749 0.53075 3.71154
159.093 378.384 2.12455 0.380287 3.24137
85.9964 429.982 1.91116 0.488204 3.724
223.591 481.58 2.08066 0.617857 2.91028
120.395 627.773 1.95602 0.932974 3.39023
490.179 206.391 2.41217 -0.987422 0.237977
601.975 107.495 1.82647 -1.70432 0.193002
593.375 335.386 2.35138 -0.845315 -3.39765
515.978 318.187 5.51313 -1.94958 -11.365
339.686 103.196 2.49414 -0.852259 2.00584
598.535 108.355 1.75237 -1.59535 0.501279
768.807 500.499 0.498218 0.394719 1.92901
835.885 263.149 0.429948 -0.390074 2.47818
970.039 257.989 0.223477 -0.223181 3.33663
944.24 247.67 0.281807 -0.235653 3.36023
1062.92 190.912 0.125398 -0.282088 3.64895
1099.03 180.592 0.0956457 -0.282124 3.7338
190.912 201.231 2.05197 -0.0662906 3.38922
159.953 165.113 1.84448 -0.0429976 3.7886
964.879 412.783 0.187848 0.109079 3.35563
939.08 402.463 0.245166 0.107443 3.33991
944.24 371.504 0.238739 0.0288764 3.33632
201.231 469.54 2.14402 0.575938 2.91399
154.793 490.179 1.99121 0.621961 3.34963
201.231 464.38 2.13197 0.581022 2.92362
237.35 211.551 2.21618 -0.146822 2.92432
732.689 392.143 0.743147 -0.112413 1.00199
913.281 345.705 0.31234 0.0026911 3.37046
330.226 485.02 2.37089 0.668981 1.58135
350.865 237.35 2.34856 -0.34071 2.02896
319.906 227.03 2.17113 -0.206734 2.60904
154.793 242.51 1.83522 0.0972759 3.77885
820.405 541.777 0.400138 0.455951 3.03223
1155.79 402.463 0.0299331 0.115893 3.92566
1083.55 407.623 0.0696476 0.121484 3.73348
1042.28 505.659 0.0591701 0.285194 3.56265
954.56 531.458 0.144512 0.359716 3.26116
1093.87 521.138 0.0488768 0.304143 3.7876
1042.28 113.515 0.165213 -0.455652 3.58044
1109.35 118.675 0.0945396 -0.39344 3.75754
1166.11 294.108 0.0190059 -0.0558487 3.87535
1166.11 221.871 0.0507267 -0.153036 3.93659
686.251 144.474 1.49688 -1.98482 -1.08395
877.163 113.515 0.394545 -0.824561 2.65594
361.185 536.617 2.49346 0.944561 0.908996
562.416 500.499 2.50709 0.807752 -4.06588
154.793 381.824 2.12455 0.380287 3.24137
221.871 485.02 2.09754 0.609194 2.90216
221.871 515.978 2.0491 0.68934 2.96522
366.345 118.675 2.37023 -0.82788 2.04359
216.711 325.066 2.16077 0.194359 3.00098
149.634 314.747 1.94516 0.24132 3.54994
134.154 273.468 1.8559 0.192973 3.75827
334.354 396.271 2.43983 0.259496 1.65642
959.719 266.245 0.227204 -0.212863 3.33657
947.336 247.67 0.284895 -0.225646 3.36111
365.313 346.737 2.18809 0.0710608 1.96921
321.97 148.602 2.24542 -0.505035 2.51484
167.177 272.436 1.8571 0.156825 3.70165
903.994 470.572 0.221946 0.240111 2.92422
606.79 371.504 2.12793 -0.468906 -2.96693
965.911 408.655 0.192579 0.112018 3.33591
910.186 414.846 0.289999 0.155468 3.33352
941.144 365.313 0.250948 0.0207657 3.33128
761.584 427.23 0.637057 0.0507409 0.723399
1027.83 451.997 0.113742 0.201764 3.59251
959.719 458.189 0.195043 0.234324 3.39075
1027.83 408.655 0.0817577 0.121401 3.45305
1157.86 402.463 0.0361898 0.12677 3.9503
1089.75 520.106 0.0289068 0.29845 3.74059
984.486 216.711 0.2014 -0.368036 3.3022
978.295 297.203 0.191509 -0.130266 3.36193
910.186 321.97 0.267101 -0.166422 2.74068
1027.83 284.82 0.147459 -0.116131 3.57312
891.61 117.643 0.394903 -0.841329 2.58921
390.08 569.64 2.59815 1.22728 0.133099
167.177 390.08 2.02163 0.384751 3.32637
154.793 377.696 2.06103 0.370698 3.34181
235.286 396.271 2.09801 0.406529 2.92733
185.752 569.64 2.06407 0.854196 3.01019
148.602 582.023 2.03332 0.860968 3.22307
278.628 594.407 2.23555 1.05328 2.12407
377.696 160.985 2.35329 -0.668691 1.927
594.407 210.519 1.80616 -1.11485 -0.00430721
489.147 266.245 3.98018 -1.59024 -4.62888
123.835 210.519 1.84551 0.0820628 3.82049
216.711 321.97 2.15724 0.185674 3.03564
148.602 309.587 1.87276 0.240038 3.67926
235.286 278.628 2.18344 0.00144151 2.94838
906.471 319.494 0.270587 -0.179951 2.77955
980.771 215.473 0.205612 -0.297688 3.36244
973.341 185.752 0.243093 -0.398135 3.34062
973.341 297.203 0.190544 -0.125181 3.36067
594.407 453.235 1.24876 0.366048 1.47237
594.407 423.515 1.75837 0.134322 -1.232
735.579 482.956 0.594581 0.352121 0.513737
1003.06 364.074 0.105876 -0.0261587 3.341
965.911 371.504 0.199273 0.00394562 3.33715
869.32 245.193 0.436936 -0.226014 3.35901
951.051 460.665 0.190561 0.216444 3.33997
1077.36 408.655 0.0693935 0.127661 3.7309
906.471 564.687 0.197338 0.469756 2.93396
728.148 393.795 0.845744 -0.0577035 0.896619
795.019 564.687 0.377433 0.653588 2.08723
824.74 512.676 0.34358 0.378437 2.516
995.632 312.064 0.147472 -0.0965009 3.36274
943.621 252.623 0.29446 -0.211001 3.37038
661.278 222.903 1.29791 -1.05081 0.246982
676.138 326.924 1.55884 -1.03956 -3.37198
222.903 475.526 2.10757 0.602833 2.88357
237.763 416.085 2.10155 0.422237 2.90096
326.924 438.375 2.20098 0.462258 2.17148
148.602 572.117 2.04077 0.855315 3.21205
222.903 512.676 2.15429 0.743169 2.82866
156.032 512.676 2.0415 0.668338 3.2598
356.644 482.956 2.4999 0.703305 1.02697
505.246 319.494 4.53204 -1.50113 -7.74201
490.386 267.483 3.82308 -1.48124 -4.12777
838.114 178.322 0.462761 -0.902407 1.76563
900.527 258.567 0.390286 -0.167557 3.40891
936.191 205.07 0.322042 -0.301351 3.42916
829.198 517.134 0.360255 0.382223 2.67907
1087.76 517.134 0.0436114 0.299144 3.74246
695.456 508.218 1.37574 0.626102 -5.66893
713.288 347.728 0.816544 -0.255661 1.3387
740.037 303.148 0.757837 -0.388422 1.18753
1025.35 454.721 0.109837 0.189731 3.53448
1087.76 401.225 0.0687903 0.115572 3.71139
222.903 472.554 2.11123 0.595793 2.90263
356.644 534.966 2.47383 0.96665 1.01875
312.064 543.882 2.23254 0.978176 1.96933
285.315 499.302 2.51792 0.782338 1.71441
1087.76 249.651 0.0886719 -0.166209 3.73493
686.54 463.637 0.96509 0.364492 -0.577924
820.282 534.966 0.355653 0.466984 2.23274
766.785 490.386 0.515902 0.344644 1.77607
855.946 427.973 0.334749 0.156897 2.93108
374.476 338.812 2.33059 0.0518743 1.66884
909.443 419.057 0.285595 0.164602 3.32907
998.604 312.064 0.1507 -0.121313 3.35067
909.443 320.98 0.341541 0.00119581 3.58815
954.023 303.148 0.204494 -0.109204 3.36333
962.939 178.322 0.273991 -0.378118 3.37859
