65 452 -5.70139 1.31026 30.3442
56 433 -5.75193 1.24058 30.2396
60 411 -5.74684 1.18063 30.2344
32 524 -5.77451 1.5039 30.3223
46 691 -5.71199 1.98308 30.3349
95 612 -5.59683 1.77821 30.3431
483 487 -2.58838 1.95248 32.5646
555 452 -2.38588 1.64103 32.0628
518 526 -2.75695 2.10075 31.9385
88 271 -5.71125 0.792871 30.2195
69 536 -5.68254 1.54556 30.3297
291 394 -1.62059 1.73198 37.696
95 383 -5.64313 1.11148 30.3482
50 482 -5.73345 1.39215 30.331
119 494 -5.55651 1.43738 30.3449
328 468 -2.71755 2.11527 34.5913
682 556 -1.19149 2.44613 31.8602
146.4 220.8 -3.33898 -0.0430959 37.683
86.4 456 -5.65208 1.31988 30.3427
67.2 452.4 -5.70049 1.31134 30.3433
327.6 380.4 -2.23182 1.4309 35.6051
548.4 559.2 -2.50737 2.32101 31.89
64.8 667.2 -5.66622 1.91482 30.3246
302.4 408 -2.23964 1.74736 36.1342
76.8 501.6 -5.66143 1.45131 30.3414
336 421.2 -2.19357 1.81859 35.5333
439.2 432 -2.15423 1.72114 33.8092
76.8 343.2 -5.72485 0.998204 30.2259
80.4 333.6 -5.69468 0.973743 30.3075
64.8 325.2 -5.77207 0.947719 30.1602
75.6 306 -5.73586 0.896358 30.1961
486 454.8 -2.58058 1.72918 32.5615
776.4 511.2 -1.19726 1.94857 31.0487
266.4 566.4 -4.71503 1.93936 31.2166
606 333.6 0.28982 0.757989 34.4414
624 487.2 -2.64435 1.71495 31.1113
248.4 565.2 -4.77352 1.9389 31.2413
483.6 487.2 -2.27336 2.03277 32.996
464.4 486 -2.55813 1.9957 32.8161
468 454.8 -2.15579 1.83307 33.3896
508.8 432 -2.59162 1.5344 32.3296
610.8 567.6 -2.19338 2.3558 31.6384
474 434.4 -2.57637 1.60664 32.738
595.2 547.2 -2.24486 2.23943 31.7616
499.2 507.6 -3.03025 1.93767 31.7891
199.2 249.6 -4.28724 0.483429 33.4164
302.4 334.8 -1.86291 1.00968 37.0643
54 357.6 -5.79185 1.02959 30.1401
49.2 280.8 -5.84099 0.84121 30.0297
588 52.8 -3.89959 -0.341478 30.2991
22.8 369.6 -5.89207 1.05106 29.9846
164.4 385.2 -5.44535 1.11703 30.3921
698.4 188.4 -5.08863 0.56222 28.5963
681.6 555.6 -1.19262 2.4417 31.8617
1185.6 672 -3.20248 1.75388 28.0778
93.6 504 -5.62686 1.46791 30.3412
61.92 491.04 -5.70556 1.41737 30.3219
1175.04 587.52 -2.91535 1.5581 28.1826
237.6 347.04 -2.33379 1.22917 37.5794
552.96 491.04 -2.29084 1.94213 32.1717
113.76 108 -4.58624 -0.472044 34.3938
1149.12 509.76 -5.26845 1.02645 27.7152
73.44 400.32 -5.87137 1.08892 29.6265
72 380.16 -5.72399 1.09903 30.2526
444.96 190.08 -2.31832 -0.299205 33.7879
165.6 370.08 -5.43838 1.06479 30.3871
237.6 292.32 -2.17848 0.579795 38.0412
216 378.72 -2.41542 1.59803 37.8888
483.84 561.6 -2.35208 2.56899 32.7847
437.76 432 -2.18278 1.71221 33.7826
610.56 567.36 -1.76869 2.49999 32.0817
492.48 457.92 -2.41842 1.7781 32.7447
632.16 480.96 -2.05986 1.77927 31.6165
208.8 548.64 -4.87023 1.89433 31.4556
460.8 518.4 -2.75318 2.16535 32.5666
482.4 486.72 -2.85835 1.88166 32.1809
508.32 432 -2.14811 1.61215 32.9166
217.44 552.96 -4.94049 1.85085 31.1309
502.56 565.92 -2.6511 2.42171 32.1927
288 449.28 -2.90957 1.99181 34.9208
407.52 469.44 -2.13755 2.10404 34.2548
396 452.16 -2.50897 1.88894 33.9124
570.24 440.64 -2.79679 1.48036 31.4385
600.48 410.4 -2.30616 1.32016 31.7506
516.96 525.6 -2.73453 2.11373 31.993
535.68 410.4 -2.26021 1.39721 32.4544
623.52 486.72 -2.05824 1.84212 31.7108
198.72 249.12 -2.15988 0.0697346 39.3447
328.32 194.4 -2.67061 -0.270225 35.0167
305.28 316.8 -2.12645 0.797373 36.4477
87.84 270.72 -5.711 0.789483 30.2117
53.28 357.12 -5.78852 1.03695 30.1745
226.08 184.32 -3.06069 -0.346404 36.3152
313.92 177.12 -2.93158 -0.340597 34.8112
132.48 555.84 -5.5157 1.60781 30.3167
27.36 673.92 -5.75675 1.92406 30.3271
300.96 455.04 -2.70057 2.07588 35.1185
36 424.8 -5.82637 1.19816 30.1066
67.68 453.6 -5.69382 1.30926 30.3453
388.8 529.92 -2.56804 2.49177 33.7749
414.72 529.92 -2.56267 2.43124 33.4101
433.44 524.16 -2.02227 2.53559 33.9848
797.76 529.92 -0.972507 2.09527 30.9878
1185.12 672.48 -3.20316 1.75507 28.0781
751.68 518.4 -2.51335 1.76116 30.272
219.456 89.856 -4.18318 -0.56851 33.6082
300.672 407.808 -2.14097 1.76346 36.3712
447.552 412.992 -1.53856 1.65033 34.6045
559.872 516.672 -2.70097 1.98768 31.5807
207.36 509.76 -4.90112 1.70872 31.3874
369.792 412.992 -2.20546 1.66482 34.8375
596.16 411.264 -2.01994 1.3562 32.1025
613.44 530.496 -2.6039 2.00263 31.2264
288.576 440.64 -2.72206 1.96671 35.3303
461.376 400.896 -1.96658 1.45149 33.8005
461.376 518.4 -2.90503 2.11736 32.3393
483.84 487.296 -2.9442 1.86219 32.0518
475.2 435.456 -2.48805 1.61892 32.854
457.92 418.176 -2.17897 1.57075 33.5598
616.896 423.36 -2.18026 1.39889 31.6832
238.464 490.752 -4.83199 1.61396 31.2684
470.016 454.464 -2.37037 1.79295 33.0556
508.032 409.536 -2.42055 1.40609 32.5982
489.024 419.904 -2.6918 1.46813 32.4257
502.848 566.784 -2.65282 2.41821 32.2033
596.16 539.136 -2.22042 2.18456 31.7797
395.712 452.736 -2.52191 1.89076 33.8709
559.872 414.72 -2.63352 1.35599 31.7633
533.952 411.264 -3.32113 1.26903 31.1923
639.36 511.488 -2.00769 1.99467 31.5899
499.392 525.312 -2.49069 2.21372 32.4963
514.944 494.208 -1.63578 2.19116 33.3912
188.352 283.392 -2.88195 0.583456 37.6537
86.4 269.568 -5.71016 0.793439 30.2184
51.84 243.648 -5.82051 0.74827 30.1382
79.488 333.504 -5.71401 0.974665 30.2449
271.296 120.96 -3.81407 -0.492933 33.6642
464.832 138.24 -3.03454 -0.419015 32.5036
248.832 618.624 -4.79678 2.13555 31.14
133.056 556.416 -5.50772 1.62054 30.3317
95.04 630.72 -5.58725 1.83127 30.344
216 482.112 -4.88621 1.58378 31.343
319.68 504.576 -2.55241 2.50395 34.9294
36.288 423.36 -5.82898 1.197 30.1078
72.576 380.16 -5.68796 1.10825 30.3673
126.144 404.352 -5.52743 1.17834 30.4372
165.888 369.792 -5.4326 1.07855 30.4125
69.12 523.584 -5.69291 1.49837 30.2996
67.392 454.464 -5.69989 1.30977 30.3421
549.504 559.872 -2.74824 2.24291 31.5965
590.976 568.512 -2.39937 2.33876 31.6341
352.512 634.176 -4.29326 2.29062 31.1823
582.336 395.712 -1.1715 1.36748 33.1612
414.72 451.008 -2.4017 1.87461 33.8114
912.384 60.48 -2.57374 -0.569167 29.5368
686.016 568.512 -2.49535 2.11377 30.7277
684.288 554.688 -1.19535 2.44014 31.8643
801.792 520.128 -1.94977 1.81644 30.3419
1185.41 672.192 -3.20331 1.75641 28.0782
661.479 456.192 -1.76023 1.63699 31.6282
785.895 508.032 -5.05918 1.15669 28.3447
201.139 570.24 -4.91887 1.95301 31.3529
263.347 551.578 -4.64213 1.91909 31.3856
406.426 468.634 -2.13805 2.10188 34.3031
466.56 539.136 -2.78306 2.27693 32.4562
597.197 410.573 -2.16565 1.34741 31.9531
615.859 420.941 -2.1958 1.39496 31.7181
335.923 420.941 -2.39617 1.77156 35.1433
630.375 481.075 -2.24657 1.74876 31.4688
624.154 449.971 -1.90127 1.62644 31.9175
257.126 387.763 -2.28462 1.62209 37.0681
481.075 520.474 -2.75044 2.13568 32.3467
460.339 518.4 -2.80561 2.15043 32.473
466.56 487.296 -2.63503 1.97244 32.7041
501.811 564.019 -3.24508 2.18362 31.436
514.253 526.694 -2.33364 2.2363 32.5194
561.946 433.382 -1.59901 1.636 32.9345
561.946 414.72 -1.92902 1.44113 32.5925
819.072 423.014 -4.96884 1.00281 28.3589
564.019 547.43 -2.13052 2.33854 32.1881
607.565 485.222 -2.20154 1.83244 31.7244
617.933 547.43 -2.13489 2.23205 31.6075
620.006 539.136 -2.14048 2.16626 31.6088
613.786 530.842 -2.2682 2.09208 31.5833
512.179 520.474 -2.33775 2.20406 32.5379
516.326 501.811 -2.96773 1.90075 31.6975
201.139 248.832 -2.10212 0.0706391 39.4502
234.317 292.378 -2.89182 0.618368 36.3767
80.8704 340.07 -5.71401 0.974665 30.2449
80.8704 279.936 -5.73472 0.824466 30.1782
333.85 70.5024 -4.0354 -0.542783 32.3193
172.109 132.71 -4.25698 -0.378 34.2521
410.573 172.109 -2.68861 -0.355889 33.7044
350.438 194.918 -2.68548 -0.250572 34.6175
265.421 566.093 -4.58481 2.01629 31.4791
151.373 553.651 -5.46307 1.62555 30.3494
93.312 630.375 -5.59283 1.82685 30.349
238.464 483.149 -4.85731 1.58204 31.2245
72.576 379.469 -5.70547 1.10477 30.2889
165.888 369.101 -5.45068 1.07136 30.3426
87.0912 454.118 -5.65468 1.31514 30.3456
66.3552 452.045 -5.6997 1.31087 30.3426
141.005 468.634 -5.43909 1.38452 30.5598
510.106 570.24 -2.30705 2.5666 32.5645
549.504 559.872 -2.64235 2.28869 31.7254
387.763 528.768 -2.43864 2.53829 33.9888
549.504 493.517 -1.94429 2.05285 32.6262
362.88 462.413 -1.78298 2.23888 35.6209
684.288 553.651 -1.18708 2.45029 31.8559
164.229 350.853 -5.45716 1.01281 30.3558
246.344 119.439 -3.86328 -0.499488 33.907
393.155 460.339 -2.27553 2.04357 34.3335
393.155 452.874 -2.21265 1.98277 34.3488
487.711 455.363 -3.21208 1.59858 31.6868
507.617 435.456 -2.43376 1.58504 32.5535
798.751 517.571 -0.922569 2.02279 31.0023
204.042 507.617 -4.8947 1.72305 31.4454
199.066 480.246 -4.80012 1.63991 31.7488
460.339 517.571 -2.69102 2.1846 32.6448
467.804 487.711 -2.88479 1.90691 32.3567
480.246 432.968 -2.86236 1.55055 32.3209
462.828 430.479 -2.50581 1.6056 32.9895
512.594 525.036 -2.89874 2.04362 31.8204
497.664 522.547 -2.27191 2.28072 32.8023
520.059 502.641 -3.055 1.86729 31.5645
599.685 502.641 -2.18663 1.9502 31.7987
569.825 517.571 -2.0598 2.14171 32.2386
594.709 490.199 -4.10326 1.43273 29.8633
569.825 485.222 -1.80121 1.99236 32.5571
624.568 423.014 -1.92591 1.41577 31.8491
614.615 420.526 -2.19455 1.39034 31.725
579.779 544.942 -2.22414 2.25962 31.9442
597.197 534.989 -2.23269 2.17084 31.7634
231.414 497.664 -4.84804 1.65856 31.2919
607.15 485.222 -2.08629 1.85715 31.8566
268.739 527.524 -4.77778 1.74138 31.0593
62.208 666.87 -5.68372 1.89527 30.293
286.157 350.853 -1.46185 1.25648 38.1593
373.248 520.059 -2.49532 2.50745 34.104
79.6263 278.692 -5.74215 0.821737 30.1743
49.7664 241.367 -5.81756 0.729183 30.1548
552.407 181.647 -2.4574 -0.237289 32.202
79.6263 191.601 -4.12088 -0.177136 37.0753
119.439 395.643 -5.57778 1.1508 30.3329
333.435 72.1613 -4.001 -0.559724 32.3946
99.5328 564.849 -5.6005 1.6314 30.3165
77.1379 594.709 -5.64874 1.71446 30.3179
106.998 557.384 -5.54287 1.65295 30.4702
84.6029 400.62 -5.66527 1.1453 30.3448
64.6963 430.479 -5.713 1.2445 30.3421
109.486 385.69 -5.61463 1.11625 30.3315
226.437 248.832 -2.89847 0.233133 36.5744
681.8 552.407 -1.18481 2.42224 31.8607
149.299 209.019 -3.17339 -0.188037 38.0516
129.393 485.222 -5.52872 1.42077 30.3569
139.346 467.804 -5.50503 1.36488 30.3636
410.573 303.575 -1.62643 0.568649 35.2781
226.437 92.0679 -4.21505 -0.546192 33.4613
437.944 243.855 -1.87941 0.0958663 34.5186
82.1146 340.9 -5.70344 0.989766 30.2578
52.2547 355.83 -5.80161 1.02867 30.1283
231.414 323.482 -2.12235 0.968809 38.2594
311.04 492.687 -2.70353 2.36472 34.8407
288.645 442.921 -2.71704 1.97479 35.3237
273.715 388.178 -2.25008 1.60668 36.8609
395.643 400.62 -0.966695 1.69203 36.465
350.853 388.178 -2.91321 1.37837 33.8636
597.197 410.573 -1.68249 1.3963 32.4786
639.498 505.129 -2.00855 1.94652 31.5837
594.709 559.872 -2.32683 2.31159 31.6626
768.891 507.617 -1.08596 1.95979 31.1605
241.367 562.36 -4.73642 1.95701 31.3599
211.507 572.314 -4.8938 1.95876 31.276
216.484 552.407 -4.83851 1.90195 31.4174
549.919 495.176 -2.11092 2.01667 32.4455
256.297 477.758 -4.69891 1.59694 31.4084
462.828 398.131 -2.31126 1.40682 33.2923
694.241 104.509 -3.32648 -0.272727 30.2202
241.865 561.365 -4.77412 1.92826 31.2893
394.15 459.842 -2.60099 1.88532 33.7572
415.052 450.884 -2.14819 1.92151 34.2707
385.192 447.898 -1.81898 2.03451 35.1914
241.865 546.435 -4.75475 1.88029 31.3411
268.739 528.519 -4.72174 1.76647 31.1697
516.575 549.421 -3.37063 2.03559 31.1416
636.015 504.631 -2.01448 1.92909 31.5837
241.865 510.603 -4.79034 1.71089 31.3115
382.206 429.982 -2.03499 1.85537 34.8859
468.8 498.659 -2.64589 2.04111 32.6295
483.729 486.715 -2.18036 2.05629 33.0901
465.814 486.715 -2.1307 2.11799 33.4078
304.57 334.43 -1.73602 1.02103 37.3577
229.921 185.131 -3.06625 -0.341075 36.2515
379.22 274.711 -2.74288 0.414838 33.9891
961.487 59.7197 -5.22038 0.447759 28.0058
86.5936 603.169 -5.60397 1.74163 30.3762
355.332 639.001 -3.91733 2.55899 31.835
394.15 104.509 -3.59231 -0.496932 32.4277
370.262 104.509 -3.61568 -0.512332 32.6825
477.758 158.257 -2.64543 -0.410385 32.9166
56.7337 483.729 -5.73037 1.39112 30.3288
68.6776 453.87 -5.69508 1.30936 30.3395
310.542 179.159 -2.70921 -0.42279 35.384
409.08 522.547 -2.61378 2.39222 33.3625
373.248 519.561 -2.27723 2.58082 34.5328
719.622 83.6076 -2.35987 -0.720318 30.8792
101.523 564.351 -5.59622 1.63265 30.3266
86.5936 268.739 -5.71547 0.791046 30.2111
113.467 229.921 -3.51713 0.0609514 38.053
212.005 597.197 -5.08373 1.9169 30.8114
462.828 519.561 -2.14401 2.36883 33.4004
170.201 274.711 -2.77731 0.48619 38.5124
149.299 209.019 -2.92507 -0.274175 38.9878
128.397 558.379 -5.51549 1.62423 30.3451
683.79 552.407 -1.18634 2.41686 31.8514
119.439 394.15 -5.57246 1.15097 30.3658
128.397 486.715 -5.52538 1.41709 30.3568
137.355 468.8 -5.51175 1.36051 30.3569
170.201 367.276 -5.45032 1.06949 30.343
609.141 334.43 0.529275 0.76442 34.6696
298.598 400.122 -2.30735 1.67564 36.0616
435.954 492.687 -2.58353 2.08514 33.1302
770.384 507.617 -2.4795 1.68839 30.1814
173.187 307.556 -3.29301 0.81979 36.7627
226.935 495.673 -4.81286 1.66092 31.4039
197.075 462.828 -4.91557 1.57017 31.5271
498.659 561.365 -2.88576 2.31423 31.9216
391.164 492.687 -1.99727 2.36885 34.7052
376.234 489.701 -1.36326 2.5804 36.0653
426.996 355.332 -2.12557 1.0623 34.1468
570.323 486.715 -1.87415 1.96294 32.4856
564.351 495.673 -1.47106 2.15194 32.9966
462.828 400.122 -2.23355 1.40272 33.3868
212.005 573.309 -5.07395 1.84516 30.866
214.991 552.407 -4.90629 1.87548 31.292
462.23 397.733 -2.93008 1.31882 32.3716
125.411 265.155 -5.25197 0.699974 31.5585
111.079 232.907 -3.54285 0.077607 37.9374
111.079 111.079 -4.54551 -0.524921 34.6957
304.57 315.32 -1.91008 0.79296 36.8609
408.483 523.145 -2.68453 2.33147 33.253
394.15 103.912 -3.88365 -0.350764 31.9472
89.5795 630.64 -5.58898 1.82647 30.3699
85.9964 605.558 -5.62027 1.7403 30.3332
333.236 71.6636 -3.98204 -0.576168 32.4527
548.227 179.159 -0.795854 -0.654753 34.3113
103.912 562.56 -5.59278 1.62796 30.3282
82.4132 519.561 -5.64023 1.50382 30.3666
85.9964 340.402 -5.69605 0.995078 30.2846
146.91 609.141 -5.46461 1.79236 30.3442
146.91 132.578 -4.76597 -0.12348 33.1135
68.0805 451.481 -5.64055 1.32652 30.5157
197.075 544.644 -4.96594 1.82662 31.2611
214.991 93.1627 -4.19637 -0.585812 33.7081
680.805 551.81 -1.18667 2.42645 31.8603
78.83 379.817 -5.68303 1.10968 30.3311
240.073 343.985 -2.89444 1.14147 35.995
211.408 358.318 -2.29536 1.41216 38.1814
429.982 222.157 -2.19417 -0.0634163 34.1665
211.408 598.391 -5.0957 1.91835 30.8033
472.98 465.814 -2.86192 1.77077 32.334
562.56 498.062 -1.92858 2.05255 32.4759
519.561 501.645 -2.34068 2.06264 32.4528
834.881 472.98 -0.434064 1.73187 31.0499
197.075 433.565 -4.6046 1.525 32.36
136.161 483.73 -5.52546 1.41555 30.3569
275.905 508.812 -2.68782 2.59997 35.6983
605.558 483.73 -2.24498 1.81849 31.6838
569.726 483.73 -1.86014 1.96954 32.4845
576.892 440.731 -1.61779 1.67055 32.7322
429.982 304.57 -1.987 0.603877 34.3825
498.062 562.56 -2.88576 2.31423 31.9216
372.651 490.896 -2.46052 2.25766 34.1852
394.15 458.647 -1.90782 2.12466 34.9345
369.068 462.23 -2.0416 2.14462 35.1756
333.236 426.399 -2.83651 1.72392 34.249
293.821 401.316 -2.42851 1.66223 35.856
562.56 433.565 -2.04999 1.5741 32.413
480.146 433.565 -2.66563 1.57624 32.5778
214.991 551.81 -4.90359 1.90125 31.3215
232.907 186.325 -3.06816 -0.343362 36.1659
124.695 477.28 -5.55371 1.39321 30.3417
137.594 468.68 -5.50803 1.36519 30.3623
206.391 94.596 -4.91695 -0.122491 31.754
236.49 614.874 -4.76866 2.16921 31.2686
85.9964 339.686 -5.71479 0.993106 30.2226
313.887 283.788 -2.92536 0.632945 34.5806
163.393 343.985 -5.4642 1.01475 30.3567
210.691 623.474 -4.90289 2.17193 31.2184
210.691 597.675 -4.8754 2.06239 31.3474
193.492 477.28 -4.9211 1.599 31.4544
662.172 240.79 -2.87899 0.244723 30.7949
249.389 85.9964 -4.2052 -0.49653 33.1079
283.788 348.285 -1.17016 1.27531 38.8775
227.89 326.786 -2.52663 0.986064 37.2999
232.19 292.388 -2.3733 0.590599 37.655
464.38 520.278 -2.17288 2.37447 33.3642
576.176 546.077 -1.74491 2.42479 32.4687
619.174 537.477 -2.5278 1.9962 31.2698
292.388 386.984 -2.59733 1.52037 35.4487
554.677 558.976 -1.63573 2.63559 32.8896
571.876 481.58 -2.04669 1.92297 32.2965
580.475 438.581 -2.28756 1.55476 31.9439
649.273 546.077 -2.37356 2.12449 31.1753
653.572 464.38 -1.23245 1.78274 32.2283
210.691 361.185 -2.43968 1.43001 37.8894
838.465 472.98 -0.409073 1.70898 31.0361
365.485 455.781 -0.097229 2.6185 38.4912
227.89 494.479 -4.85598 1.6385 31.2715
262.289 567.576 -4.61557 2.02375 31.457
214.991 571.876 -4.93348 1.9461 31.1433
563.276 434.282 -2.37427 1.56068 32.0381
408.483 408.483 -2.07008 1.60081 34.4667
374.084 408.483 -2.2694 1.58893 34.6449
687.971 141.894 -4.01276 0.0971798 29.6144
692.271 107.495 -3.49413 -0.205573 30.0734
636.373 584.775 -1.9434 2.50188 31.6296
116.095 391.283 -5.59096 1.14807 30.3608
85.9964 601.975 -5.60038 1.75293 30.3755
103.196 558.976 -5.57022 1.63175 30.3747
391.283 103.196 -3.54065 -0.533201 32.5842
206.391 598.535 -4.90053 2.04324 31.2881
283.788 345.705 -2.08812 1.16833 36.9167
227.03 330.226 -2.47311 1.00825 37.4676
232.19 294.108 -2.97707 0.602948 36.092
505.659 412.783 -3.1823 1.30594 31.5819
572.736 485.02 -2.05549 1.90048 32.2576
557.256 562.416 -3.78886 1.8828 30.3527
521.138 474.7 -2.61035 1.79644 32.1371
732.689 495.339 -4.97621 1.17206 28.5504
263.149 505.659 -4.34445 1.88847 32.1638
288.948 402.463 -2.97067 1.56402 34.8416
572.736 546.937 -1.45306 2.55076 32.8382
371.504 495.339 -2.31485 2.3611 34.5378
278.628 438.581 -2.82752 1.89195 35.1398
113.515 397.303 -5.62092 1.14541 30.3108
103.196 562.416 -5.58076 1.62038 30.3372
386.984 103.196 -4.0445 -0.339121 31.7339
459.221 242.51 -3.3434 0.296367 32.0049
237.35 185.752 -3.18309 -0.306431 35.7812
113.515 232.19 -3.5507 0.0750363 38.0535
227.03 252.829 -2.75995 0.192628 37.0549
656.324 464.38 -5.32319 1.08345 28.4621
229.094 489.147 -4.78939 1.66667 31.516
198.136 501.531 -4.92869 1.70282 31.4243
482.956 551.065 -3.62506 2.04574 31.1869
482.956 507.723 -2.62268 2.12041 32.4662
513.914 241.478 -2.43774 0.149791 32.6501
563.448 439.613 -3.97996 1.2943 30.2327
532.49 427.23 -2.99401 1.40704 31.5758
606.79 371.504 -2.1247 1.07082 31.9352
687.283 130.027 -5.47526 0.561973 28.2985
210.519 445.805 -4.91414 1.49654 31.4464
130.027 476.764 -5.48291 1.38504 30.4835
253.861 575.832 -4.67783 2.06602 31.3954
365.313 513.914 -4.13868 1.82754 31.3563
148.602 210.519 -3.79406 -0.0508034 36.19
241.478 185.752 -3.16469 -0.309281 35.7468
235.286 241.478 -3.02325 0.226763 36.3722
252.623 386.365 -3.79433 1.33063 33.6487
653.848 468.095 -1.96749 1.70872 31.5644
408.655 252.623 -3.08302 0.312332 32.959
787.589 460.665 -5.02831 1.07828 28.3806
557.256 453.235 -2.0996 1.63615 32.4781
245.193 445.805 -4.93397 1.44846 31.0827
148.602 445.805 -5.49682 1.30936 30.3685
200.612 572.117 -4.91272 1.97148 31.3179
364.074 512.676 -2.7302 2.36739 33.9055
616.697 334.354 -3.47362 0.804844 30.5232
148.602 208.042 -4.14043 0.0670202 35.0719
304.634 185.752 -3.57725 -0.11796 33.5834
222.903 334.354 -2.40466 1.06057 37.7126
148.602 341.784 -5.46493 0.984694 30.478
349.214 334.354 -2.32794 0.917545 35.2211
312.064 297.203 -3.14079 0.599638 34.2521
615.211 401.225 -2.2793 1.3006 31.67
240.735 445.805 -5.0635 1.36866 30.6831
267.483 427.973 -3.82588 1.58721 33.4725
258.567 526.05 -4.92902 1.75324 30.7809
222.903 249.651 -2.58471 0.116696 37.8798
249.651 187.238 -4.01198 -0.0438043 33.4039
