1085.7 112.2 2.83247 0.930597 9.49087
1115.4 492.8 2.79581 1.17458 9.42235
1046.1 369.6 2.77507 1.10558 9.45382
1074.48 235.95 2.7835 1.02803 9.43641
1059.96 81.07 2.85241 0.887498 9.54218
1085.37 111.32 2.82913 0.932425 9.48571
1150.71 695.75 2.81013 1.28304 9.41313
1076.78 279.51 2.78502 1.05421 9.43806
1034.19 157.058 2.85589 0.932366 9.58018
1046.17 370.018 2.77632 1.10539 9.45581
1060.01 80.5255 2.84928 0.889453 9.53758
1111.25 96.6306 2.82113 0.935133 9.45238
1033.65 156.659 2.85505 0.932823 9.57875
1124.14 394.575 2.80649 1.12135 9.42617
1111.25 96.6306 2.81851 0.936914 9.44922
1059.72 82.136 2.85014 0.889533 9.53997
1034.59 155.897 2.83588 0.94052 9.54711
1105.45 265.734 2.80307 1.04702 9.43658
1059.39 83.2634 2.84458 0.89297 9.53106
1045.22 320.653 2.77518 1.07739 9.45482
1104.92 265.026 2.79594 1.04836 9.42614
1112.72 436.513 2.79506 1.14252 9.42011
1118.56 374.154 2.80323 1.10857 9.42481
1026.97 272.82 2.79906 1.03614 9.5043
1034.77 153.949 2.85305 0.931596 9.57415
1044.51 321.538 2.76092 1.08047 9.43246
1116.81 375.128 2.80512 1.10836 9.42898
1035.35 152.195 2.85354 0.929927 9.57515
1026.78 272.236 2.7946 1.03694 9.49713
1086.8 368.697 2.78268 1.10651 9.42572
1118.95 493.025 2.80815 1.17527 9.43542
1144.68 529.466 2.81399 1.19464 9.42288
1103.95 677.374 2.77642 1.27193 9.41007
1016.06 574.482 2.82013 1.23212 9.54731
1035.14 153.267 2.85918 0.928086 9.58484
1110.59 99.0338 2.81573 0.938755 9.44699
1046.93 367.84 2.76609 1.10596 9.43925
1221.42 410.283 2.83046 1.13145 9.38136
1042.21 323.039 2.76109 1.0806 9.43378
1117.67 374.914 2.80378 1.10818 9.42631
1013.92 209.857 2.75193 1.01389 9.44771
268.806 327.755 2.14768 0.849103 11.4949
63.6646 249.942 2.24196 1.07282 9.49124
556.476 202.784 2.72993 0.613948 10.9956
603.635 358.408 2.87877 0.909296 11.1869
414.999 219.289 2.44643 0.720668 10.808
353.692 292.386 2.33399 0.772226 11.3445
478.663 290.028 2.60626 0.760943 11.2631
580.055 73.0964 3.3072 -0.867673 13.9784
403.209 195.71 2.42116 0.698718 10.7418
417.357 167.414 2.44335 0.643358 10.7349
747.47 233.437 3.1799 0.612325 11.1031
730.964 301.817 3.14171 0.770192 11.0966
924.316 44.801 3.19726 0.486538 10.3496
759.259 141.477 3.12227 0.478817 10.8976
940.821 44.801 3.21021 0.486995 10.323
789.913 393.777 3.7737 0.84955 12.2954
865.367 367.84 3.86534 0.79834 11.908
749.828 414.999 3.26658 1.01102 11.292
247.585 523.464 2.16323 1.28592 11.1496
476.306 445.652 2.61494 1.10831 11.2613
466.874 511.675 2.59683 1.25203 11.1267
419.715 563.55 2.50698 1.35381 11.142
481.021 561.192 2.62845 1.34819 11.1203
485.737 620.14 2.6427 1.46405 11.107
542.328 620.14 2.74599 1.45214 11.0284
506.959 641.362 2.68471 1.50295 11.0786
712.1 596.561 3.0488 1.38464 10.8855
674.373 603.635 2.88886 1.36608 10.5856
693.237 650.794 3.03657 1.50236 10.9596
518.749 469.232 2.69847 1.15687 11.1388
544.686 445.652 2.74941 1.10746 11.1246
525.822 511.675 2.71851 1.24592 11.1289
539.97 511.675 2.74181 1.24365 11.1019
514.033 537.612 2.68242 1.29479 11.0604
532.896 521.107 2.72054 1.26018 11.0597
521.107 589.487 2.70819 1.40025 11.0905
539.97 363.124 2.74595 0.92266 11.2394
514.033 405.567 2.69656 1.01609 11.25
539.97 433.862 2.75245 1.07702 11.2303
648.436 469.232 2.94775 1.14968 11.0186
669.657 499.885 2.97903 1.20689 10.9634
723.89 551.76 2.98708 1.28023 10.652
721.532 596.561 3.0958 1.39633 10.9613
771.049 594.203 3.34463 1.42805 11.338
396.135 539.97 2.45243 1.30811 11.1327
181.562 655.51 2.28904 1.29799 9.653
995.054 407.925 2.76711 1.12667 9.49241
976.19 306.533 2.80262 1.04832 9.56946
742.754 511.675 3.13228 1.22563 10.9625
580.055 499.885 2.80104 1.21207 11.0058
735.68 601.277 3.07115 1.38925 10.8269
377.272 450.368 2.40663 1.13203 11.1628
381.988 485.737 2.4245 1.20223 11.1503
844.145 667.299 3.27605 1.50661 10.778
891.304 629.572 3.39703 1.44548 10.8286
353.692 106.108 2.34375 0.66045 10.4286
294.743 377.272 2.21453 0.946618 11.5203
224.005 341.902 2.06672 0.900064 11.3595
664.941 280.596 3.00811 0.727349 11.1623
650.794 332.471 2.95837 0.855383 11.083
690.879 332.471 3.05711 0.846663 11.1199
47.159 381.988 2.24151 1.13952 9.49124
271.164 518.749 2.1899 1.2831 11.3482
641.362 393.777 2.9659 0.980296 11.1789
674.373 266.448 3.04211 0.684663 11.2052
709.742 275.88 3.10255 0.707907 11.1339
634.288 384.346 2.95965 0.963274 11.2091
492.811 325.397 2.6359 0.840302 11.2453
532.896 327.755 2.7263 0.84928 11.2124
111.467 115.754 2.25521 0.99914 9.50467
415.856 220.79 2.44839 0.724325 10.8109
353.692 291.528 2.33328 0.774426 11.3383
362.267 66.4513 2.3498 0.575954 10.49
820.995 327.969 3.5272 0.7538 11.478
748.113 235.795 3.19039 0.607855 11.1328
730.964 302.246 3.14384 0.769554 11.0995
941.036 42.8718 3.2079 0.48871 10.3172
788.841 394.42 3.7737 0.84955 12.2954
448.01 542.328 2.55315 1.3063 11.1449
480.164 561.62 2.62462 1.34463 11.0909
520.892 542.328 2.70724 1.30508 11.0997
529.466 542.328 2.71328 1.29933 11.0443
520.892 589.487 2.70875 1.40144 11.0905
540.184 589.487 2.72657 1.38553 10.9671
711.672 598.061 3.03715 1.38324 10.8511
424.431 619.497 2.51157 1.45366 11.0556
469.446 623.784 2.60767 1.4635 11.0695
463.015 649.507 2.60891 1.53437 11.1802
435.149 454.441 2.53331 1.12879 11.279
480.164 512.318 2.62624 1.25079 11.1458
542.328 608.779 2.74974 1.43513 11.0664
518.749 471.59 2.7043 1.16045 11.1735
544.472 445.867 2.74729 1.10668 11.1316
527.323 512.318 2.71438 1.24357 11.0936
649.507 653.795 2.96459 1.5155 11.0199
685.948 658.082 3.04038 1.52654 11.0214
580.913 546.615 2.82522 1.31175 11.0655
583.056 593.774 2.85121 1.40578 11.1345
681.661 460.872 3.07963 1.1194 11.2281
688.092 499.456 3.02549 1.20516 10.9969
578.769 499.456 2.81774 1.21674 11.0862
538.041 364.41 2.74595 0.92266 11.2394
512.318 407.282 2.69692 1.01858 11.2692
540.184 435.149 2.73834 1.08201 11.1346
128.615 658.082 2.25911 1.29746 9.64727
182.205 655.938 2.29108 1.29665 9.65102
203.641 621.641 2.29669 1.27966 9.6818
229.364 653.795 2.31701 1.30022 9.67603
722.39 553.046 3.08143 1.30571 10.9307
771.692 593.774 3.39366 1.43934 11.463
857.436 675.231 3.32925 1.52851 10.8305
394.42 540.184 2.44452 1.29583 10.9825
53.5897 655.938 2.25601 1.27352 9.49608
377.272 450.154 2.40779 1.12815 11.1619
411.569 512.318 2.48113 1.25317 11.1349
606.636 203.641 2.85703 0.575614 11.1131
570.195 261.518 2.81122 0.680349 11.2732
741.682 512.318 3.12923 1.22584 10.9507
773.836 510.174 3.65242 1.2534 12.117
973.189 366.554 2.79876 1.09075 9.56263
994.625 409.426 2.77597 1.12621 9.50871
891.733 630.215 3.4019 1.44649 10.8388
527.323 282.954 2.71097 0.741268 11.2395
493.025 325.826 2.6359 0.840302 11.2453
533.754 327.969 2.72335 0.846588 11.1997
651.651 332.256 2.98816 0.845167 11.1924
692.379 334.4 3.05711 0.846663 11.1199
973.189 495.169 2.80749 1.17879 9.58087
640.933 392.277 2.9659 0.980296 11.1789
634.502 385.846 2.95052 0.962946 11.1721
270.092 518.749 2.18256 1.28558 11.4497
557.333 203.641 2.73513 0.615141 11.0206
508.031 270.092 2.66501 0.71536 11.2418
47.159 381.559 2.237 1.13924 9.50891
484.451 366.554 2.63016 0.935988 11.2416
415.856 402.995 2.48981 1.00751 11.4262
64.3077 250.8 2.24262 1.07333 9.48922
445.867 308.677 2.53365 0.807183 11.2889
291.528 295.815 2.20431 0.802191 11.2771
675.231 265.805 3.03518 0.689893 11.1798
709.528 274.379 3.13028 0.691665 11.2256
79.3128 132.903 2.24082 1.00899 9.50619
803.846 368.697 3.66696 0.807301 11.9277
866.01 368.697 3.86534 0.79834 11.908
570.195 278.667 2.8007 0.732181 11.1918
598.061 327.969 2.86572 0.835945 11.1945
282.564 93.5384 2.22162 0.574597 10.6632
415.077 220.205 2.44937 0.725952 10.8121
352.718 292.308 2.33364 0.774073 11.348
418.974 165.641 2.44529 0.634086 10.7648
793.128 208.513 3.2414 0.579637 10.9888
822.359 327.385 3.52885 0.755104 11.4805
748.307 235.795 3.19033 0.606475 11.1375
730.769 300.102 3.15601 0.76345 11.1486
941.23 42.8718 3.19899 0.497189 10.3001
481.333 559.282 2.62404 1.34394 11.0792
424.82 617.743 2.51671 1.45581 11.0926
469.641 623.59 2.60728 1.46551 11.0641
422.872 666.461 2.61516 1.82877 12.728
463.795 646.974 2.5972 1.51381 11.0676
541.743 588.513 2.74077 1.39373 11.039
430.667 471.59 2.51366 1.17008 11.1228
456 512.513 2.56757 1.24948 11.0895
518.359 471.59 2.69393 1.16193 11.1167
658.666 485.231 2.95554 1.17898 10.9651
693.743 648.923 3.03801 1.50147 10.9649
539.795 362.461 2.74595 0.92266 11.2394
130.564 656.718 2.25954 1.29848 9.65184
590.461 506.667 2.82553 1.22668 11.0083
617.743 514.461 2.88703 1.24163 11.0111
508.615 621.641 2.67836 1.45653 11.0192
561.231 609.949 2.82213 1.46126 11.2528
522.256 668.41 2.72058 1.55933 11.1032
836 625.538 3.30486 1.44332 10.8812
857.436 674.256 3.2937 1.51683 10.7576
395.59 539.795 2.45969 1.31496 11.2438
380 580.718 2.43046 1.39374 11.1495
777.538 619.692 3.31343 1.47243 11.2022
721.025 551.487 3.0985 1.30956 10.9946
771.692 594.359 3.32286 1.42208 11.2778
378.051 450.154 2.40757 1.13 11.1508
381.949 487.179 2.42247 1.20592 11.1833
387.795 648.923 2.44834 1.51269 11.0567
742.461 510.564 3.12733 1.22588 10.9431
606.051 202.667 2.84038 0.598636 11.0238
631.384 266.974 2.94594 0.691773 11.2361
302.051 561.231 2.26904 1.35771 11.2142
993.846 409.231 2.77725 1.1264 9.51054
892.513 629.436 3.3577 1.43267 10.7509
898.359 676.205 3.29444 1.48981 10.6009
46.7692 381.949 2.24228 1.14016 9.4917
42.8718 424.82 2.239 1.16117 9.50199
635.282 383.897 2.94508 0.964442 11.1485
680.102 284.513 3.03481 0.738065 11.1286
691.795 333.231 3.05711 0.846663 11.1199
557.333 204.615 2.73691 0.609273 11.0341
506.667 268.923 2.65763 0.722622 11.1894
526.154 266.974 2.69786 0.713112 11.1971
658.666 383.897 3.01123 0.957086 11.1965
693.743 362.461 3.08021 0.909457 11.1616
528.102 282.564 2.71417 0.739412 11.2514
493.025 325.436 2.63878 0.840882 11.2669
533.949 327.385 2.72335 0.846588 11.1997
485.231 366.359 2.6282 0.93461 11.2447
471.59 418.974 2.60256 1.05475 11.2326
48.7179 231.897 2.23946 1.06846 9.47771
598.256 325.436 2.87276 0.832969 11.2298
604.102 358.564 2.88267 0.90883 11.1952
362.461 66.2564 2.34895 0.586842 10.4578
389.743 101.333 2.38923 0.601263 10.5543
37.0256 354.667 2.2408 1.12859 9.47379
674.256 266.974 3.03747 0.688935 11.1873
709.333 274.769 3.10667 0.705077 11.1448
446.256 307.897 2.53721 0.807204 11.2848
477.436 290.359 2.59933 0.771621 11.2003
459.897 344.923 2.56614 0.895491 11.2008
263.077 454.051 2.17073 1.14668 11.2853
748.307 383.897 3.17937 0.954404 11.0747
789.231 395.59 3.80129 0.84751 12.3716
750.256 415.077 3.21242 1.01897 11.1465
752.205 122.769 3.05188 0.500752 10.734
553.436 105.231 2.56891 0.759954 10.0621
79.8974 132.513 2.24035 1.00763 9.50714
270.872 327.385 2.15398 0.856438 11.421
867.179 368.308 3.89807 0.792395 11.9626
481.865 559.813 2.62258 1.34193 11.0558
412.774 572.214 2.50024 1.38493 11.254
522.611 455.291 2.69624 1.1337 11.0997
533.24 522.611 2.72561 1.26831 11.0835
584.615 593.473 2.82025 1.3976 10.9965
437.576 497.809 2.55245 1.22693 11.4188
481.865 511.981 2.61761 1.24565 11.084
520.839 589.93 2.69988 1.39766 11.0471
543.869 607.645 2.75209 1.43474 11.0687
689.137 618.275 2.99113 1.42248 10.856
540.326 363.17 2.74595 0.92266 11.2394
511.981 405.688 2.68068 1.02294 11.1674
542.098 434.032 2.75222 1.08155 11.2035
425.175 616.503 2.51643 1.45188 11.0607
460.606 669.65 2.59615 1.56361 11.1074
196.643 635.99 2.29307 1.29269 9.69619
589.93 506.666 2.83018 1.22898 11.0266
131.096 657.249 2.25861 1.30089 9.66488
487.179 623.59 2.66305 1.48503 11.2103
543.869 667.879 2.75555 1.55144 11.0506
301.165 559.813 2.26869 1.35905 11.2283
248.019 522.611 2.14759 1.29565 11.3467
721.025 552.727 3.12566 1.31783 11.079
724.568 597.016 3.09022 1.3944 10.9416
377.343 449.977 2.40922 1.12729 11.1816
382.657 487.179 2.42054 1.20365 11.1382
836.177 625.361 3.31016 1.44596 10.8922
813.147 660.792 3.25839 1.51204 10.8865
857.436 674.965 3.29681 1.52144 10.7676
635.99 384.429 2.94412 0.963193 11.1467
650.163 396.83 2.99651 0.9846 11.2146
598.788 325.967 2.87337 0.830565 11.2261
607.645 205.501 2.84734 0.598879 11.0495
503.123 286.993 2.65895 0.755319 11.2456
527.925 281.678 2.70427 0.749502 11.1859
471.235 419.86 2.59484 1.05454 11.1778
666.107 281.678 3.00056 0.734675 11.1348
680.279 285.221 3.03891 0.737365 11.1433
685.594 334.825 3.05507 0.853811 11.1355
558.042 205.501 2.73691 0.609273 11.0341
506.666 269.277 2.66406 0.714812 11.2396
542.098 263.963 2.74741 0.691565 11.2674
49.6037 108.065 2.23525 1.00703 9.4736
788.345 395.058 3.74091 0.864419 12.2273
419.86 288.764 2.47899 0.756272 11.3319
478.322 290.536 2.60463 0.765627 11.2451
363.17 63.7762 2.34987 0.605709 10.4021
393.287 69.0909 2.39222 0.562968 10.5222
354.312 106.294 2.34273 0.669272 10.3973
804.289 368.485 3.71253 0.797499 12.0471
868.065 368.485 3.83819 0.805665 11.8415
79.7203 132.867 2.24085 1.00872 9.50533
935.384 306.48 2.78162 1.04701 9.58823
749.37 122.238 3.0176 0.532327 10.6417
729.883 301.165 3.14936 0.766096 11.1262
416.317 221.445 2.44878 0.728245 10.7971
425.175 239.161 2.48711 0.636718 11.3456
462.377 276.364 2.56902 0.733292 11.2626
419.86 164.755 2.44678 0.624396 10.805
942.471 42.5175 3.21189 0.487287 10.3197
747.599 233.846 3.19033 0.606475 11.1375
692.68 99.2074 2.89264 0.522051 10.5934
283.45 95.6643 2.25304 0.684473 10.3461
379.114 648.391 2.43376 1.53009 11.1532
501.352 510.21 2.67068 1.24763 11.1513
519.067 524.382 2.69933 1.26894 11.0972
710.396 597.016 3.08752 1.40303 11.0107
646.62 510.21 2.94085 1.23096 11.006
748.887 235.134 3.14409 0.642861 10.999
692.519 99.8516 2.9018 0.511257 10.627
430.006 471.879 2.51401 1.1709 11.139
436.448 499.258 2.52959 1.22171 11.1071
447.722 542.742 2.55679 1.30865 11.1637
460.606 537.91 2.57532 1.29638 11.0338
413.901 573.342 2.49851 1.38037 11.1897
521.805 542.742 2.69951 1.30366 11.0579
529.858 542.742 2.72359 1.30552 11.0923
520.195 591.057 2.69988 1.39766 11.0471
584.615 610.383 2.8314 1.43588 11.0489
682.856 462.216 3.01708 1.1292 11.0051
645.815 510.532 2.92278 1.22895 10.9319
521.805 367.196 2.70078 0.936046 11.2061
541.131 363.975 2.74595 0.92266 11.2394
425.175 616.825 2.51742 1.45354 11.07
576.563 499.258 2.82734 1.21705 11.1404
130.451 657.088 2.2609 1.29833 9.64695
723.119 536.3 3.08331 1.27482 10.9318
771.434 594.278 3.32142 1.42289 11.2783
542.742 668.362 2.75555 1.55144 11.0506
193.261 655.478 2.29712 1.29676 9.6508
225.471 653.867 2.31692 1.2984 9.66329
388.133 666.751 2.45502 1.55599 11.1142
814.918 644.204 3.34023 1.50713 11.0548
843.907 682.856 3.26863 1.53215 10.7633
776.266 679.635 3.20302 1.55716 10.9358
378.47 449.332 2.40809 1.1273 11.1779
381.691 487.985 2.42382 1.20713 11.1861
380.08 583.005 2.42961 1.39835 11.1415
302.776 562.068 2.26642 1.36808 11.3126
48.3153 383.301 2.24281 1.14029 9.49023
649.036 397.796 2.99453 0.985314 11.2135
571.731 280.229 2.81217 0.727049 11.2426
571.731 349.481 2.81044 0.892019 11.1932
215.808 346.26 2.05091 0.917401 11.3365
223.861 339.818 2.06604 0.899094 11.3511
977.58 304.386 2.80256 1.04816 9.56899
969.527 333.376 2.7949 1.06967 9.56638
576.563 401.017 2.81319 1.00725 11.1359
665.141 283.45 2.98936 0.743448 11.0952
679.635 286.671 3.04791 0.734481 11.1728
652.257 333.376 2.97909 0.848683 11.144
587.836 202.924 2.81197 0.59098 11.0788
607.162 204.535 2.84734 0.598879 11.0495
632.93 268.955 2.92845 0.70304 11.1529
528.247 283.45 2.71488 0.741414 11.2527
494.427 325.323 2.65508 0.83623 11.3207
534.689 326.934 2.72953 0.843007 11.2247
484.764 367.196 2.62771 0.934686 11.2468
557.237 206.145 2.73531 0.615698 11.0315
507.311 270.566 2.66029 0.718954 11.213
747.277 384.912 3.17492 0.953585 11.0612
787.539 396.185 3.78624 0.855114 12.348
676.414 265.734 3.03738 0.688696 11.1789
710.235 273.787 3.12587 0.694691 11.203
584.615 111.125 2.7184 0.544129 10.6535
417.122 222.25 2.44964 0.726078 10.8166
462.216 275.397 2.56902 0.733292 11.2626
363.975 64.4204 2.35017 0.609657 10.3902
80.5255 135.283 2.24014 1.00805 9.51128
803.645 368.807 3.65766 0.809259 11.907
868.065 368.807 3.81975 0.809943 11.8049
729.561 301.165 3.14061 0.770375 11.103
359.144 185.209 2.34492 0.681952 10.7699
581.394 80.5255 2.7111 0.490906 10.6568
552.405 104.683 2.66769 0.525214 10.6972
362.365 194.872 2.35136 0.65547 10.9356
943.759 41.8733 3.20438 0.493823 10.3021
758.55 144.946 3.04842 0.555784 10.6859
418.733 164.272 2.44825 0.618446 10.8259
352.702 291.502 2.33189 0.774163 11.3384
389.743 304.386 2.41155 0.795664 11.3345
908.328 215.808 3.52577 0.562545 11.0107
273.787 80.5255 2.25512 0.720874 10.1862
486.374 491.206 2.62669 1.20575 11.0652
491.206 512.142 2.63763 1.24479 11.0788
742.445 597.499 3.12395 1.3924 10.9255
471.879 624.878 2.59796 1.4538 10.9741
465.437 636.151 2.60233 1.49373 11.0954
455.774 512.142 2.5771 1.25208 11.1619
481.543 512.142 2.6139 1.24497 11.0488
594.278 658.699 2.83082 1.51298 10.9261
692.519 101.023 2.89079 0.526072 10.5855
682.271 462.656 3.03917 1.13465 11.0814
521.22 543.181 2.69349 1.30283 11.0182
519.756 591.496 2.71022 1.40466 11.1079
251.825 568.071 2.17222 1.38125 11.2556
522.684 456.799 2.69767 1.13103 11.096
532.932 524.148 2.72966 1.27093 11.1062
426.053 616.386 2.52394 1.46075 11.1325
423.125 667.63 2.52276 1.55574 11.1103
446.551 543.181 2.54764 1.3023 11.0326
469.976 606.137 2.61017 1.43643 11.1084
584.176 610.53 2.82608 1.43332 11.0261
543.181 669.094 2.78103 1.57545 11.1926
131.769 657.381 2.26012 1.2998 9.65807
155.195 674.95 2.27702 1.30786 9.6477
196.189 636.884 2.29404 1.29059 9.68539
184.477 655.917 2.29174 1.29859 9.65954
244.505 445.086 2.12929 1.12436 11.3254
770.117 594.425 3.32142 1.42289 11.2783
775.973 680.807 3.20302 1.55716 10.9358
812.576 660.309 3.25307 1.50863 10.8753
635.419 385.058 2.9393 0.965559 11.1257
380.666 584.176 2.4325 1.40776 11.2295
196.189 367.489 2.01273 0.962808 11.36
263.538 680.807 2.33613 1.32275 9.70984
377.738 449.479 2.40928 1.12656 11.1865
382.13 489.009 2.42253 1.20712 11.1952
692.519 364.561 3.0917 0.906361 11.1991
969.234 335.279 2.80046 1.06895 9.57633
570.999 279.643 2.81615 0.724254 11.2595
604.673 358.705 2.89139 0.903742 11.2269
48.3153 383.594 2.24441 1.1413 9.48314
265.002 366.025 2.15184 0.944454 11.4128
527.076 284.035 2.70797 0.745831 11.2211
494.866 323.566 2.6389 0.851794 11.1952
534.397 327.958 2.72953 0.843007 11.2247
607.602 206.438 2.8489 0.600911 11.0516
664.701 284.035 3.01732 0.728456 11.1885
679.342 286.964 3.04401 0.736969 11.1592
693.983 335.279 3.07083 0.846254 11.1383
786.222 396.771 3.78624 0.855114 12.348
443.622 310.389 2.53203 0.806475 11.2864
462.656 276.715 2.56773 0.733867 11.2553
291.356 307.461 2.19681 0.808431 11.4195
688.127 219.615 3.06838 0.574872 11.1882
676.414 266.466 3.02302 0.698412 11.1304
708.624 272.323 3.1162 0.70051 11.1742
556.358 207.902 2.74427 0.605383 11.074
506.579 269.394 2.66088 0.714976 11.2335
525.612 266.466 2.70477 0.703135 11.2403
363.097 62.9563 2.34995 0.605093 10.4037
49.7794 108.343 2.23454 1.00695 9.47754
80.5255 134.697 2.24094 1.00872 9.5111
729.122 301.605 3.16958 0.759442 11.1884
803.791 368.953 3.71253 0.797499 12.0471
868.211 368.953 3.81975 0.809943 11.8049
755.476 124.449 3.03511 0.528243 10.6603
581.248 80.5255 2.6987 0.514194 10.5926
352.848 291.356 2.33214 0.765171 11.4007
389.451 304.533 2.41281 0.794967 11.3436
822.824 327.958 3.52885 0.755104 11.4805
415.804 222.543 2.44964 0.724137 10.8323
942.88 42.4589 3.20398 0.493419 10.3027
789.15 218.151 3.28779 0.565601 11.1275
748.155 235.72 3.20065 0.604174 11.1575
840.393 99.5588 3.13565 0.51339 10.5243
701.304 537.325 3.05084 1.2806 10.9689
538.789 414.34 2.75441 1.03516 11.2546
553.43 409.948 2.77408 1.0256 11.1794
543.181 436.302 2.73228 1.08865 11.0627
641.276 506.579 2.90725 1.22159 10.9113
645.668 510.971 2.95686 1.23451 11.0626
436.302 499.258 2.53165 1.22361 11.1248
715.945 570.999 3.06023 1.34138 10.9078
560.75 611.994 2.80654 1.45308 11.1758
456.799 513.899 2.57468 1.25174 11.1196
464.12 636.884 2.60124 1.49389 11.0985
377.738 650.06 2.43174 1.52048 11.0871
590.032 506.579 2.82118 1.22668 10.9876
576.855 510.971 2.8202 1.24251 11.0975
502.186 647.132 2.66971 1.50866 11.0494
459.727 538.789 2.57572 1.29601 11.0477
453.871 562.214 2.57639 1.35021 11.1249
481.689 560.75 2.6242 1.34276 11.068
497.794 393.843 2.65811 0.992303 11.2292
434.838 452.407 2.53098 1.12744 11.2516
415.804 469.976 2.48961 1.16708 11.167
428.981 471.44 2.51476 1.17066 11.1501
786.621 396.638 3.81404 0.850196 12.4205
803.924 368.687 3.67869 0.805565 11.9625
869.143 368.687 3.87725 0.797874 11.9123
775.973 681.472 3.16783 1.54107 10.8417
857.164 677.479 3.29914 1.52308 10.7736
756.008 123.783 3.03854 0.525264 10.6698
758.67 145.079 3.04634 0.557156 10.6769
839.861 99.825 3.15087 0.50101 10.5591
665.5 283.503 3.01346 0.731069 11.1768
753.346 219.615 3.19929 0.578863 11.1204
748.022 234.256 3.19033 0.606475 11.1375
676.148 266.2 3.0207 0.699738 11.1148
822.558 328.757 3.52469 0.756666 11.4698
378.004 449.878 2.40663 1.12681 11.1533
388.652 507.111 2.43558 1.24598 11.1687
447.216 415.272 2.54516 1.04779 11.186
541.717 455.202 2.73818 1.12804 11.0922
541.717 363.363 2.74402 0.925616 11.1931
461.857 670.824 2.60506 1.5734 11.1634
388.652 666.831 2.45452 1.55473 11.1046
413.941 573.661 2.49282 1.3735 11.1059
471.174 609.598 2.60919 1.43571 11.096
501.787 646.866 2.66971 1.50866 11.0494
491.139 690.789 2.65029 1.59176 11.0464
543.048 669.493 2.7716 1.56765 11.1433
520.421 590.964 2.68866 1.39159 10.9695
47.916 383.328 2.24135 1.14036 9.49877
186.34 448.547 2.01531 1.14021 11.2925
266.2 364.694 2.1521 0.943685 11.4145
139.755 656.183 2.26631 1.29697 9.64769
195.657 636.218 2.29391 1.29098 9.68716
363.363 62.557 2.35166 0.608679 10.3925
354.046 105.149 2.34267 0.668318 10.4042
443.223 310.123 2.53274 0.805798 11.3022
479.16 291.489 2.60542 0.767496 11.2436
352.715 291.489 2.33214 0.765171 11.4007
389.983 303.468 2.4148 0.793976 11.3428
416.603 222.277 2.44957 0.723054 10.8335
585.64 324.764 2.83712 0.831678 11.1871
604.274 356.708 2.88415 0.904499 11.1928
588.302 203.643 2.79754 0.607857 11.0138
608.267 207.636 2.8597 0.587078 11.1057
570.999 262.207 2.81256 0.675384 11.282
632.225 260.876 2.93973 0.680137 11.2008
557.689 207.636 2.74364 0.607766 11.0699
507.111 270.193 2.66627 0.709779 11.2637
81.191 135.762 2.24105 1.00906 9.50879
26.62 169.037 2.22813 1.03768 9.47542
283.503 95.832 2.25272 0.686517 10.3447
435.237 452.54 2.52928 1.12717 11.2442
702.768 536.393 3.0307 1.27618 10.9008
698.775 552.365 3.06225 1.31405 11.0193
387.321 650.859 2.44688 1.51354 11.0384
425.92 616.253 2.5271 1.46424 11.1616
645.535 511.104 2.9433 1.23118 11.0187
521.752 367.356 2.6993 0.937853 11.1765
736.043 669.493 3.10661 1.52906 10.9076
539.055 415.272 2.75306 1.03605 11.2408
436.568 499.125 2.5318 1.22417 11.152
409.948 512.435 2.48359 1.25315 11.1107
447.216 543.048 2.55682 1.31052 11.1026
455.202 561.682 2.57628 1.34824 11.1142
483.153 561.682 2.62578 1.3427 11.0666
544.379 584.309 2.75686 1.38868 11.0977
561.682 612.26 2.8089 1.4546 11.1798
724.064 535.062 3.07768 1.27256 10.9123
745.36 570.999 3.12116 1.34032 10.9053
694.782 505.78 2.95531 1.21098 10.7262
601.612 532.4 2.86449 1.27983 11.0665
632.225 371.349 2.94815 0.933175 11.1883
524.414 489.808 2.70711 1.20046 11.1043
561.682 508.442 2.83434 1.24141 11.3757
531.069 543.048 2.72465 1.30609 11.0903
541.717 568.337 2.7443 1.35777 11.0748
693.33 100.43 2.8865 0.530858 10.5721
722.37 511.83 3.08516 1.22833 10.9565
786.5 396.88 3.81404 0.850196 12.4205
660.66 416.24 2.99062 1.03416 11.0988
868.78 367.84 3.8333 0.805669 11.8238
726 623.15 3.09339 1.44566 10.9354
876.04 669.13 3.29519 1.49755 10.6866
756.25 136.73 3.03857 0.546756 10.6688
923.23 44.77 3.19155 0.484892 10.3458
729.63 301.29 3.15254 0.766554 11.1393
680.02 286.77 3.05755 0.728875 11.2079
790.13 217.8 3.28601 0.565781 11.1153
748.99 234.74 3.19187 0.608327 11.135
676.39 266.2 3.03127 0.693359 11.1521
822.8 327.91 3.52885 0.755104 11.4805
899.03 216.59 3.50691 0.56386 11.0174
377.52 448.91 2.40663 1.12681 11.1533
484 378.73 2.62795 0.959893 11.2721
627.99 480.37 2.92913 1.17556 11.1105
521.51 456.17 2.6966 1.13032 11.0965
510.62 406.56 2.69478 1.02176 11.287
461.01 670.34 2.5983 1.56037 11.0953
406.56 606.21 2.48591 1.44428 11.159
48.4 383.57 2.24141 1.14041 9.4984
262.57 453.75 2.16945 1.14619 11.3027
304.92 513.04 2.25602 1.27835 11.5571
418.66 164.56 2.44611 0.617322 10.8251
353.32 105.27 2.34249 0.670154 10.397
347.27 188.76 2.3261 0.681427 10.8053
442.86 310.97 2.53531 0.803048 11.3317
352.11 291.61 2.33126 0.773245 11.3404
389.62 303.71 2.41624 0.788049 11.3801
417.45 223.85 2.44984 0.726763 10.8242
571.12 280.72 2.80251 0.7346 11.2048
605 358.16 2.88316 0.904699 11.1906
527.56 284.35 2.71258 0.743589 11.2458
494.89 323.07 2.64464 0.835522 11.2609
608.63 208.12 2.86172 0.589729 11.1087
571.12 261.36 2.80991 0.677795 11.269
631.62 261.36 2.94704 0.675765 11.2299
556.6 208.12 2.74364 0.607766 11.0699
81.07 135.52 2.24157 1.00941 9.50691
487.63 492.47 2.64485 1.21452 11.2141
515.46 488.84 2.68287 1.19275 11.0637
539.66 415.03 2.75306 1.03605 11.2408
600.16 540.87 2.86847 1.30068 11.0851
646.14 510.62 2.95611 1.23341 11.0659
577.17 499.73 2.80952 1.2157 11.0555
457.38 513.04 2.57921 1.25416 11.1682
482.79 513.04 2.62823 1.24972 11.1541
447.7 543.29 2.55682 1.31052 11.1026
482.79 561.44 2.61965 1.33909 11.0279
429.55 470.69 2.51207 1.16723 11.1048
515.46 400.51 2.70105 1.00426 11.2647
425.92 615.89 2.5271 1.46424 11.1616
523.93 490.05 2.71642 1.19968 11.1579
561.44 508.2 2.84237 1.24295 11.4113
532.4 525.14 2.71444 1.26618 11.0162
544.5 533.61 2.74429 1.28499 11.0481
540.87 568.7 2.7639 1.36564 11.1792
415.03 538.45 2.49063 1.30361 11.0929
445.28 538.45 2.5599 1.30806 11.1945
423.5 562.65 2.51705 1.35638 11.1723
438.02 561.44 2.54364 1.35003 11.1262
536.03 468.27 2.72953 1.15545 11.1023
545.71 487.63 2.74179 1.1943 11.0545
745.36 571.12 3.10731 1.33563 10.8672
643.72 393.25 2.96711 0.979801 11.1649
540.87 590.48 2.7489 1.40062 11.0859
540.87 364.21 2.75563 0.921382 11.2622
537.24 392.04 2.74831 0.984504 11.2566
382.36 488.84 2.42302 1.2075 11.1762
510.62 623.15 2.69191 1.46917 11.0957
502.15 647.35 2.67695 1.51334 11.0792
497.31 544.5 2.66017 1.31253 11.1136
522.72 569.91 2.71007 1.36218 11.0982
388.41 666.71 2.45589 1.55822 11.1197
424.71 666.71 2.52649 1.5554 11.1052
683.1 464.2 3.02895 1.13569 11.0465
786.5 397.1 3.82321 0.847555 12.4404
660 416.9 3.00847 1.03215 11.1667
950.4 478.5 2.79469 1.1678 9.59142
869 368.5 3.83676 0.807718 11.8231
922.9 45.1 3.19155 0.484892 10.3458
665.5 284.9 2.98789 0.747532 11.0862
694.1 335.5 3.06056 0.853597 11.0963
749.1 235.4 3.18303 0.615302 11.1073
688.6 220 3.04728 0.590182 11.13
822.8 327.8 3.52944 0.751894 11.4751
377.3 448.8 2.41012 1.12672 11.2212
431.2 366.3 2.51084 0.940001 11.2492
447.7 415.8 2.54611 1.0508 11.1799
521.4 455.4 2.69826 1.12985 11.1066
262.9 454.3 2.16749 1.14599 11.3372
353.1 105.6 2.34251 0.670764 10.393
386.1 107.8 2.3853 0.610633 10.5611
432.3 335.5 2.51184 0.866524 11.2922
390.5 303.6 2.41626 0.79128 11.3691
416.9 224.4 2.45224 0.713333 10.8883
573.1 280.5 2.80979 0.728563 11.2408
528 284.9 2.7145 0.742519 11.2607
595.1 192.5 2.80533 0.592366 10.9777
608.3 207.9 2.85367 0.601812 11.0661
572 261.8 2.80588 0.681339 11.2504
557.7 209 2.75187 0.600178 11.1145
81.4 136.4 2.2416 1.00942 9.50671
294.8 290.4 2.20528 0.775568 11.3663
589.6 507.1 2.82778 1.22779 11.0161
414.7 539 2.49147 1.30374 11.1034
645.7 511.5 2.9301 1.23169 10.9625
658.9 381.7 3.01022 0.949582 11.1888
644.6 393.8 2.96711 0.979801 11.1649
388.3 651.2 2.45138 1.52275 11.0943
532.4 525.8 2.72316 1.26891 11.0659
423.5 627 2.51963 1.48099 11.1244
237.6 545.6 2.143 1.33166 11.2076
520.3 591.8 2.7149 1.40927 11.1362
510.4 611.6 2.69531 1.44928 11.1398
581.9 671 2.80794 1.5341 10.931
497.2 544.5 2.66017 1.31253 11.1136
522.5 569.8 2.7112 1.36124 11.099
524.7 364.1 2.71337 0.924656 11.2313
424.6 666.6 2.52599 1.55302 11.09
586.3 324.5 2.84804 0.825895 11.2366
566.5 353.1 2.79386 0.901866 11.1718
722.7 512.6 3.10394 1.2314 11.0081
743.6 511.5 3.12482 1.22499 10.9335
407 607.2 2.48624 1.44478 11.1692
379.5 584.1 2.43029 1.40206 11.1824
389.4 607.2 2.45105 1.44396 11.1486
389.4 563.2 2.4482 1.3584 11.1928
803 368 3.66957 0.806895 11.9357
869 368 3.8333 0.805669 11.8238
756 137 3.03536 0.548842 10.6608
757 126 3.03752 0.527866 10.6646
922 45 3.19321 0.483806 10.3497
791 218 3.29344 0.56311 11.1385
909 326 3.72011 0.749784 11.3626
823 328 3.57237 0.738691 11.5748
797 218 3.27252 0.583585 11.0455
447 415 2.54389 1.05166 11.1543
521 455 2.6955 1.12943 11.0935
625 418 2.9077 1.04104 11.0822
423 606 2.51663 1.43886 11.1307
314 378 2.26216 0.970411 11.3469
553 105 2.65898 0.541052 10.6426
349 192 2.32628 0.679793 10.8177
571 281 2.80677 0.731034 11.2263
570 261 2.80131 0.685649 11.2267
557 209 2.74674 0.606418 11.0895
644 393 2.96711 0.979801 11.1649
522 570 2.69634 1.35347 11.0112
520 591 2.7149 1.40927 11.1362
524 364 2.7097 0.926721 11.222
531 392 2.73216 0.983035 11.2528
408 667 2.49378 1.56051 11.1345
426 667 2.53029 1.56107 11.1417
277 519 2.2007 1.28437 11.3811
566 353 2.80437 0.895587 11.2353
