1097 229 -2.12901 0.0974261 11.6332
692 561 -2.6127 0.958647 13.487
1130 122 -1.99807 -0.0973402 11.8079
964 691 -1.95585 1.09825 12.6478
147 438 -4.41166 0.550331 13.293
145 424 -4.4208 0.506586 13.29
793 411 -2.34439 0.421805 13.0157
837 280 -2.25816 0.0516542 12.8213
1099 615 -2.12111 0.628106 11.6301
38 87 -4.14718 -0.309284 12.3793
731 462 -2.5152 0.582077 13.1028
826 315 -2.32123 0.161092 12.6151
909 252 -2.15314 0.0185135 12.4916
207 319 -4.54755 0.137024 13.9171
825 169 -2.38673 -0.127072 12.2879
1067 219 -2.11094 0.0632704 11.7692
118 234 -4.09305 -0.00970691 12.599
119 341 -4.32173 0.241574 12.9875
94 337 -4.29496 0.236957 12.8241
279 366 -4.35131 0.318956 14.1547
789 398 -2.3534 0.38349 13.0439
139 331 -4.12388 0.227273 12.7546
266 197 -4.80907 -0.547187 14.9965
1200 158 -2.04693 0.0221307 11.5342
122 173 -4.09485 -0.167379 12.6103
1187 260 -2.05696 0.152081 11.5436
747 428 -2.47358 0.47507 13.0573
720 436 -2.55098 0.496858 13.0448
742 417 -2.49239 0.439424 13.0202
628 397 -2.90748 0.461825 15.2081
707 397 -2.60036 0.382601 13.0005
713 435 -2.5723 0.494396 13.0486
714 418 -2.57167 0.440312 13.0148
1156 185 -2.05873 0.0403506 11.6149
613 216 -3.03715 -0.598985 15.7526
728 358 -2.53811 0.2673 12.961
747 327 -2.4868 0.177776 12.9494
619 425 -2.95446 0.610405 15.2026
120 222 -4.09481 -0.0417095 12.6053
109 218 -4.11225 -0.0528371 12.5951
106 192 -4.16966 -0.130602 12.6694
154 88 -4.08237 -0.412312 12.7147
774 228 -2.40466 -0.114032 13.0306
51 135 -4.17774 -0.224979 12.4668
631 477 -2.86566 0.809134 14.5462
136 210 -4.06919 -0.0794816 12.6273
735 399 -2.5163 0.384148 12.9939
111 72 -4.13946 -0.425299 12.6287
96 130 -4.20851 -0.292246 12.6875
126 120 -4.1312 -0.320853 12.6801
101 118 -4.19794 -0.322071 12.6879
794 248 -2.33386 -0.0653785 13.0977
241 249 -4.71823 -0.226079 14.5543
156 178 -4.00889 -0.153977 12.6158
141 175 -4.05035 -0.16292 12.624
77 148 -4.19313 -0.219647 12.583
97 28 -4.15167 -0.521679 12.5905
428 166 -4.52044 -1.17537 17.0343
427 133 -4.76639 -1.66508 17.9769
124 582 -4.44181 1.01072 13.2217
31 447 -4.19625 0.503875 12.4539
801 227 -2.28523 -0.161089 13.2933
927 272 -2.14722 0.0812862 12.3755
818 22 -2.31249 -0.655034 12.8583
1188 326 -2.05861 0.233985 11.5413
1107 356 -1.94242 0.267157 11.9875
977 89 -2.09011 -0.280855 12.2303
682 618 -2.64971 1.09097 13.253
1236 386 -2.04518 0.308178 11.4644
963.6 241.2 -2.1087 0.0301619 12.248
1086 234 -2.14713 0.105365 11.6333
1206 129.6 -2.04092 -0.0129176 11.5349
849.6 276 -2.24143 0.0547562 12.7331
663.6 544.8 -2.70687 0.898005 13.4521
1023.6 235.2 -2.13698 0.0712256 11.8759
1130.4 133.2 -1.99733 -0.0780597 11.8047
1191.6 244.8 -2.04312 0.130891 11.5578
278.4 175.2 -4.80032 -0.691115 15.1199
55.2 169.2 -4.19213 -0.148547 12.5038
135.6 256.8 -4.06515 0.0392582 12.6285
120 340.8 -4.32557 0.240851 12.9948
265.2 196.8 -4.83984 -0.558384 15.0685
552 490.8 -3.47877 1.1536 16.4996
148.8 277.2 -4.09601 0.0850634 12.7428
276 254.4 -4.76345 -0.260069 15.0112
571.2 526.8 -3.28093 1.28432 15.9361
720 435.6 -2.55282 0.496885 13.0448
742.8 417.6 -2.49239 0.439424 13.0202
264 334.8 -4.74352 0.167622 14.8415
1154.4 144 -1.99719 -0.0466059 11.7409
1192.8 181.2 -2.04573 0.0482113 11.5566
1200 158.4 -2.046 0.021809 11.5369
97.2 169.2 -4.20131 -0.191785 12.6728
138 240 -4.05627 0.000325927 12.6192
706.8 397.2 -2.60022 0.382121 13.0042
769.2 181.2 -2.41888 -0.259689 13.0879
1156.8 184.8 -2.05814 0.0406354 11.615
625.2 316.8 -2.90572 0.0713181 14.4793
109.2 217.2 -4.10757 -0.0491041 12.5902
135.6 210 -4.06895 -0.076659 12.6261
102 117.6 -4.19685 -0.321012 12.6879
714 417.6 -2.57718 0.444031 13.0255
686.4 409.2 -2.65388 0.423271 13.0135
756 356.4 -2.45648 0.26331 12.9444
728.4 357.6 -2.53921 0.269093 12.962
747.6 326.4 -2.48462 0.176251 12.9558
196.8 93.6 -4.41683 -0.652889 13.5645
774 228 -2.40461 -0.114717 13.0311
784.8 199.2 -2.36772 -0.207083 13.0727
759.6 200.4 -2.44667 -0.20057 13.063
633.6 156 -2.97131 -1.17479 16.6938
616.8 201.6 -2.98764 -0.586578 15.2062
170.4 105.6 -4.30206 -0.502387 13.1882
631.2 477.6 -2.86376 0.808127 14.5459
644.4 242.4 -2.84447 -0.384687 15.3579
718.8 398.4 -2.55826 0.384878 12.9971
728.4 375.6 -2.53596 0.317801 12.9775
556.8 428.4 -3.53142 0.763232 17.0865
241.2 248.4 -4.7367 -0.233642 14.5977
681.6 262.8 -2.65522 -0.138962 14.1678
70.8 126 -4.20342 -0.272582 12.5751
85.2 106.8 -4.21225 -0.339931 12.6461
91.2 188.4 -4.2103 -0.135327 12.6752
780 254.4 -2.38158 -0.0416946 13.0315
763.2 270 -2.44097 0.00415787 12.9873
793.2 248.4 -2.34402 -0.0583504 13.0677
754.8 260.4 -2.46474 -0.0142085 12.993
733.2 266.4 -2.53066 0.00468948 12.9938
740.4 242.4 -2.50243 -0.0718397 13.0221
159.6 169.2 -4.00954 -0.180663 12.6237
168 151.2 -4.01715 -0.234606 12.688
144 166.8 -4.04429 -0.187935 12.6226
427.2 283.2 -6.95305 -1.12687 26.251
744 284.4 -2.49859 0.0568637 12.9714
728.4 288 -2.53922 0.0686615 12.9874
326.4 82.8 -4.53199 -1.17852 15.0709
34.8 96 -4.13578 -0.280969 12.3524
144 44.4 -4.27794 -0.629076 13.0073
417.6 266.4 -7.1595 -1.40693 26.2839
427.2 87.6 -4.37766 -1.59165 16.4973
399.6 105.6 -4.28378 -1.18444 15.5565
469.2 135.6 -4.30224 -1.51166 17.4767
86.4 597.6 -4.4136 1.0021 12.9952
39.6 546 -4.29079 0.772304 12.617
103.2 594 -4.44175 1.01928 13.129
278.4 366 -4.33664 0.318237 14.1181
30 412.8 -4.21109 0.430302 12.4681
76.8 397.2 -4.33274 0.401957 12.8165
147.6 438 -4.40962 0.551646 13.2931
120 397.2 -4.33571 0.408376 13.0231
116.4 516 -4.42619 0.784509 13.1618
812.4 264 -2.29125 -0.00763318 13.0444
883.2 213.6 -2.14815 -0.113465 12.7781
940.8 351.6 -2.00429 0.246783 12.7416
879.6 355.2 -2.10679 0.255832 12.9511
657.6 320.4 -2.74555 0.14228 13.3439
891.6 187.2 -2.13333 -0.18088 12.7361
1135.2 158.4 -2.05609 -0.00963855 11.6769
1236 136.8 -2.03633 0.00980398 11.4857
1021.2 34.8 -2.11586 -0.283808 11.9444
985.2 22.8 -2.12094 -0.365841 12.1073
812.4 696 -2.36434 1.05833 12.506
808.8 422.4 -2.31139 0.448194 12.9109
796.8 387.6 -2.33493 0.351084 12.9816
730.8 462 -2.51184 0.578075 13.0888
1004.4 660 -2.04783 0.86488 12.1574
970.8 632.4 -1.94562 0.942866 12.6434
1036.8 624 -2.15212 0.677784 11.7572
1183.2 454.8 -2.07069 0.398736 11.5277
1045.2 525.6 -2.1397 0.529737 11.7647
627.84 396 -2.91881 0.467834 15.452
612 370.08 -3.04883 0.320987 15.9912
207.36 318.24 -4.5713 0.132293 13.9638
250.56 558.72 -4.41058 1.10918 14.0615
989.28 270.72 -2.22318 0.140381 11.776
118.08 158.4 -4.10435 -0.19895 12.6077
112.32 267.84 -4.12208 0.0747614 12.6191
128.16 253.44 -4.08556 0.032971 12.6308
197.28 93.6 -4.39656 -0.640484 13.5233
190.08 83.52 -4.49341 -0.714163 13.6662
241.92 247.68 -4.70689 -0.227088 14.5313
593.28 319.68 -3.15598 0.00831139 15.8117
707.04 208.8 -2.55804 -0.348703 14.0642
711.36 434.88 -2.57478 0.493799 13.0483
712.8 417.6 -2.56985 0.440285 13.0148
120.96 339.84 -4.35508 0.239614 13.0503
264.96 197.28 -4.75777 -0.525933 14.8838
334.08 266.4 -5.54447 -0.487148 17.8857
630.72 226.08 -2.92163 -0.483145 15.3509
612 216 -3.04612 -0.602647 15.7443
616.32 201.6 -2.99906 -0.607097 15.3393
648 167.04 -2.8124 -0.646754 14.6079
720 436.32 -2.55356 0.496896 13.0448
743.04 417.6 -2.48645 0.436674 13.0114
123.84 119.52 -4.12895 -0.317412 12.6687
727.2 358.56 -2.54139 0.272453 12.9649
747.36 325.44 -2.48601 0.172832 12.9564
731.52 30.24 -2.44756 -1.16172 14.2668
758.88 200.16 -2.44719 -0.201113 13.0578
756 378.72 -2.45877 0.328806 12.9735
1177.92 154.08 -2.05227 0.007514 11.5788
110.88 72 -4.138 -0.424819 12.6255
630.72 295.2 -2.8134 0.0940397 12.8726
162.72 217.44 -4.05363 -0.0791019 12.7179
156.96 208.8 -4.05491 -0.0856649 12.7024
613.44 430.56 -2.97981 0.618696 15.1093
253.44 388.8 -4.45139 0.417553 14.1314
250.56 360 -4.41787 0.293598 14.0262
224.64 288 -4.99638 -0.0671838 14.9744
659.52 522.72 -2.7268 0.918959 13.9789
234.72 188.64 -4.60345 -0.439919 14.2481
270.72 316.8 -4.97381 0.0506891 15.4646
158.4 182.88 -4.02979 -0.149311 12.6616
141.12 174.24 -4.05038 -0.164489 12.6239
168.48 151.2 -4.02223 -0.240961 12.702
768.96 180 -2.41886 -0.26166 13.0884
169.92 105.12 -4.30728 -0.50564 13.1977
650.88 135.36 -2.79225 -0.775444 14.5399
754.56 259.2 -2.45958 -0.0157293 12.993
732.96 266.4 -2.5265 0.00470862 12.9931
741.6 241.92 -2.5 -0.071875 13.0221
586.08 430.56 -3.15126 0.664062 15.4246
681.12 263.52 -2.65627 -0.140041 14.1683
711.36 252 -2.59058 -0.0263605 12.8709
1022.4 207.36 -2.12806 0.0227608 11.8886
567.36 300.96 -3.44592 -0.193789 17.0093
198.72 144 -4.36361 -0.450746 13.4822
707.04 309.6 -2.60499 0.138174 12.9919
718.56 397.44 -2.56212 0.384935 12.997
753.12 360 -2.46698 0.275166 12.9679
442.08 286.56 -7.10595 -1.2068 27.917
90.72 187.2 -4.19885 -0.137299 12.6562
82.08 164.16 -4.18697 -0.184224 12.5964
72 164.16 -4.19474 -0.180278 12.572
47.52 131.04 -4.14206 -0.215147 12.4039
112.32 53.28 -4.17192 -0.493193 12.6852
109.44 41.76 -4.13127 -0.495672 12.5986
108 217.44 -4.1143 -0.05237 12.5956
133.92 210.24 -4.06895 -0.076659 12.6261
116.64 201.6 -4.10508 -0.0938373 12.6149
754.56 312.48 -2.46325 0.136276 12.9541
728.64 300.96 -2.53968 0.101858 13.003
728.64 288 -2.53682 0.068266 12.9874
185.76 308.16 -4.49858 0.106046 13.6698
97.92 228.96 -4.13329 -0.0156061 12.5835
149.76 276.48 -4.09323 0.0786608 12.7432
106.56 280.8 -4.15363 0.104956 12.646
262.08 148.32 -4.78413 -0.775237 14.9008
84.96 106.56 -4.20782 -0.336267 12.6384
96.48 27.36 -4.15114 -0.521297 12.5881
512.64 249.12 -4.52067 -1.05625 20.9044
391.68 195.84 -5.1018 -1.14458 18.1082
542.88 129.6 -3.53431 -1.22434 16.154
286.56 542.88 -4.35955 1.08664 14.2816
38.88 545.76 -4.29185 0.771413 12.6187
27.36 619.2 -4.22537 0.916754 12.4859
73.44 408.96 -4.24654 0.430178 12.6689
76.32 397.44 -4.3321 0.401407 12.8173
142.56 424.8 -4.42282 0.507066 13.2864
159.84 397.44 -4.53182 0.435269 13.5737
31.68 446.4 -4.19481 0.50337 12.454
120.96 449.28 -4.37762 0.569138 13.0979
812.16 263.52 -2.29061 -0.0110763 13.0489
936 257.76 -2.13865 0.0463375 12.35
897.12 254.88 -2.16846 0.0229611 12.539
849.6 276.48 -2.24086 0.0534974 12.7328
763.2 288 -2.44034 0.067544 12.9807
888.48 90.72 -2.22934 -0.328071 12.4073
889.92 61.92 -2.21361 -0.410176 12.4513
800.64 145.44 -2.30953 -0.392603 13.1659
876.96 118.08 -2.24681 -0.274043 12.4409
747.36 175.68 -2.42215 -0.419666 13.7505
1177.92 273.6 -2.06911 0.169441 11.5463
1188 260.64 -2.05585 0.152065 11.5436
1241.28 221.76 -2.0153 0.106581 11.5029
1195.2 213.12 -2.05172 0.0902598 11.534
951.84 224.64 -1.99165 -0.07703 12.6953
1087.2 233.28 -2.14343 0.105858 11.6362
1176.48 102.24 -1.97721 -0.0979865 11.7098
1153.44 144 -1.98996 -0.0486164 11.7465
1205.28 129.6 -2.04098 -0.0127797 11.5358
1019.52 34.56 -2.11586 -0.283804 11.9443
1082.88 184.32 -2.09166 0.0094088 11.7645
1059.84 187.2 -2.10314 0.00432715 11.8139
1090.08 128.16 -2.02176 -0.108888 11.8967
813.6 594.72 -2.33745 0.858153 12.6595
882.72 548.64 -2.15189 0.750834 12.7042
889.92 688.32 -2.26808 0.916791 12.1484
672.48 673.92 -2.67838 1.28714 13.3069
681.12 617.76 -2.65037 1.11998 13.3696
809.28 423.36 -2.30987 0.445342 12.9104
796.32 387.36 -2.33426 0.352491 12.9906
900 452.16 -2.25033 0.454523 12.1751
976.32 544.32 -1.92448 0.732976 12.6701
1038.24 590.4 -2.14776 0.625872 11.7669
1080 640.8 -2.13221 0.668632 11.663
1195.2 384.48 -2.06053 0.30958 11.519
1150.56 444.96 -1.9307 0.411136 11.8629
1226.88 515.52 -2.05772 0.460718 11.4547
976.32 433.44 -1.91291 0.459833 12.7236
980.64 521.28 -1.91429 0.671803 12.6688
1071.36 489.6 -2.11852 0.469006 11.724
1045.44 525.6 -2.13896 0.529862 11.7674
395.712 304.128 -7.177 -0.685649 25.1409
706.752 209.088 -2.56107 -0.335387 13.9698
689.472 98.496 -2.63148 -0.859163 14.2576
682.56 260.928 -2.65491 -0.135784 14.1059
711.936 252.288 -2.5905 -0.0270094 12.8874
727.488 359.424 -2.54425 0.270835 12.9783
746.496 324.864 -2.48764 0.17119 12.9573
717.12 319.68 -2.56872 0.158296 13.0151
739.584 88.128 -2.47614 -0.644725 13.4295
556.416 428.544 -3.49663 0.759018 16.9076
620.352 425.088 -2.93982 0.588113 14.9682
741.312 240.192 -2.50138 -0.0757448 13.0238
241.92 247.104 -4.75548 -0.239499 14.6377
271.296 221.184 -4.7434 -0.409797 14.9163
552.96 400.896 -3.53368 0.547894 16.9189
644.544 241.92 -2.85506 -0.397826 15.4006
665.28 129.6 -2.73277 -0.880524 14.8551
48.384 120.96 -4.16343 -0.247993 12.4373
46.656 131.328 -4.14368 -0.216011 12.4029
107.136 217.728 -4.10804 -0.0513809 12.5903
152.064 89.856 -4.08271 -0.41055 12.7125
596.16 288.576 -3.14837 -0.203435 16.0081
630.72 476.928 -2.86406 0.803117 14.5459
611.712 155.52 -3.07989 -1.01365 15.9725
711.936 435.456 -2.57554 0.493055 13.0481
713.664 418.176 -2.57346 0.442523 13.0148
729.216 288.576 -2.53486 0.0672975 12.9779
283.392 300.672 -4.78691 -0.0204223 15.1717
371.52 236.736 -6.15922 -1.15273 20.7812
630.72 293.76 -2.90598 -0.0630115 15.0099
706.752 309.312 -2.5853 0.104843 13.3865
734.4 399.168 -2.51389 0.384113 12.9939
768.96 179.712 -2.41816 -0.265414 13.0884
590.976 364.608 -3.15372 0.292305 15.6488
751.68 202.176 -2.43731 -0.272831 13.4688
91.584 188.352 -4.2088 -0.136192 12.6758
103.68 119.232 -4.14166 -0.297637 12.6025
70.848 126.144 -4.20391 -0.264594 12.5708
240.192 221.184 -4.6055 -0.319621 14.2966
281.664 252.288 -4.83237 -0.303025 15.289
205.632 317.952 -4.53429 0.135375 13.8837
84.672 273.024 -4.1862 0.0861073 12.6166
165.888 354.24 -4.37456 0.279303 13.3105
138.24 331.776 -4.11907 0.221462 12.7349
146.88 281.664 -4.09599 0.0981692 12.7259
105.408 281.664 -4.14682 0.109614 12.6363
212.544 58.752 -4.84359 -1.0996 14.5097
326.592 82.944 -4.6332 -1.24719 15.3595
262.656 72.576 -4.60217 -1.02538 14.4775
235.008 188.352 -4.62518 -0.451805 14.296
32.832 95.04 -4.11693 -0.271927 12.323
51.84 157.248 -4.15191 -0.161622 12.4349
141.696 174.528 -4.05041 -0.166998 12.6239
584.064 217.728 -3.26602 -0.682988 16.3434
592.704 319.68 -3.11216 0.0677329 15.2217
390.528 195.264 -5.07546 -1.13487 18.0119
336.96 235.008 -5.4688 -0.765608 17.7977
542.592 129.6 -3.49798 -1.15783 15.9619
582.336 141.696 -3.28458 -1.18371 16.3531
426.816 86.4 -4.47968 -1.70804 16.8486
357.696 190.08 -5.36463 -1.16557 17.9735
241.92 608.256 -4.38886 1.28123 13.9449
311.04 597.888 -4.55948 1.52953 15.0916
285.12 544.32 -4.24731 1.03616 13.995
198.72 639.36 -4.57624 1.4199 13.9856
267.84 623.808 -4.311 1.35256 13.9991
136.512 597.888 -4.46819 1.08564 13.3457
278.208 366.336 -4.2318 0.316737 13.8451
228.096 506.304 -4.47365 0.892665 13.9798
209.088 476.928 -4.69666 0.801778 14.26
77.76 397.44 -4.33269 0.407301 12.8171
141.696 425.088 -4.42359 0.509493 13.2865
158.976 397.44 -4.50765 0.432603 13.5228
119.232 397.44 -4.00603 0.386998 12.4658
34.56 492.48 -4.74986 0.727013 13.2514
114.048 516.672 -4.42433 0.783629 13.1566
587.52 592.704 -3.12178 1.49452 15.1802
848.448 271.296 -2.24119 0.0421217 12.7319
800.064 228.096 -2.31976 -0.124447 13.0831
936.576 257.472 -2.14101 0.0556397 12.3353
793.152 76.032 -2.33929 -0.60493 13.1615
910.656 76.032 -2.19739 -0.336917 12.3321
877.824 117.504 -2.24698 -0.276059 12.4376
699.84 57.024 -2.5869 -1.01054 14.1272
701.568 131.328 -2.58523 -0.642794 14.016
746.496 176.256 -2.42005 -0.428447 13.7959
1178.5 273.024 -2.06911 0.169441 11.5463
1197.5 212.544 -2.05169 0.0912238 11.5411
1107.65 357.696 -1.94106 0.267363 11.9875
1238.98 340.416 -2.04268 0.256707 11.4688
1031.62 250.56 -2.17413 0.114333 11.747
1014.34 343.872 -2.01358 0.237158 12.2112
1085.18 357.696 -1.95064 0.271477 12.0474
1245.89 53.568 -2.0279 -0.0929831 11.4817
1137.02 160.704 -2.05869 -0.0039731 11.6667
1168.13 136.512 -1.98461 -0.0490134 11.723
1200.96 153.792 -2.04677 0.0220062 11.5392
978.048 86.4 -2.08884 -0.280773 12.2227
1019.52 34.56 -2.11574 -0.286199 11.9471
1083.46 183.168 -2.09243 0.0102046 11.7645
1090.37 127.872 -2.0174 -0.111345 11.8966
1038.53 139.968 -2.11532 -0.0886505 11.8743
691.2 561.6 -2.62028 0.976852 13.5675
732.672 587.52 -2.50839 0.934878 13.0344
808.704 423.36 -2.31897 0.44599 12.8701
796.608 387.072 -2.33362 0.346709 12.9906
907.2 412.992 -2.06174 0.411714 12.8174
910.656 399.168 -2.04831 0.371856 12.84
893.376 393.984 -2.07546 0.364773 12.928
694.656 502.848 -2.60421 0.776475 13.5878
959.04 596.16 -1.95086 0.865642 12.7142
971.136 527.04 -1.92675 0.691979 12.7239
990.144 673.92 -2.06356 0.896928 12.1765
964.224 637.632 -1.95379 0.966134 12.6513
1021.25 361.152 -2.0067 0.275126 12.2035
1081.73 380.16 -1.95878 0.308553 12.0431
1059.26 364.608 -1.9737 0.281326 12.0918
1045.44 525.312 -2.13898 0.528685 11.7674
1057.54 471.744 -2.14358 0.436564 11.7046
120.269 167.962 -4.0895 -0.169464 12.5985
132.71 238.464 -4.06676 -0.0017467 12.6128
120.269 252.979 -4.09393 0.0379761 12.6129
578.534 279.936 -3.3573 -0.33263 16.9643
595.123 244.685 -3.19843 -0.496247 16.2846
661.479 95.3856 -2.74076 -0.93288 14.3771
651.11 103.68 -2.80369 -0.976353 14.7516
731.981 265.421 -2.52598 0.00241736 12.9888
740.275 240.538 -2.49702 -0.0793528 13.0241
767.232 215.654 -2.43092 -0.1492 13.0346
95.3856 147.226 -4.20433 -0.250259 12.676
101.606 118.195 -4.19998 -0.31894 12.6749
109.901 43.5456 -4.13117 -0.492774 12.5986
553.651 335.923 -3.58168 0.0675465 17.3913
597.197 398.131 -3.12536 0.47359 15.6572
995.328 176.256 -2.15022 -0.0471202 11.9527
151.373 89.1648 -4.08362 -0.410276 12.7125
526.694 306.893 -4.08178 -0.252864 18.8755
1020.21 232.243 -2.13379 0.0581319 11.895
1022.28 207.36 -2.13206 0.0230149 11.893
642.816 240.538 -2.84271 -0.384044 15.2578
989.107 196.992 -2.15371 -0.00215321 11.9741
240.538 221.875 -4.60218 -0.30241 14.3056
282.01 250.906 -4.71855 -0.275324 14.9945
250.906 292.378 -4.70652 -0.0305015 14.6268
85.0176 273.715 -4.17756 0.0893046 12.6039
39.3984 267.494 -4.24638 0.0849 12.5303
167.962 250.906 -4.06008 0.00766593 12.7564
132.71 209.434 -4.07438 -0.0775261 12.6263
78.7968 331.776 -4.23814 0.226851 12.6775
105.754 279.936 -4.14256 0.10029 12.6315
126.49 317.261 -4.13901 0.193948 12.728
250.906 99.5328 -4.66677 -0.91071 14.5408
211.507 58.0608 -4.78595 -1.05891 14.3668
261.274 72.576 -4.47979 -0.939569 14.1795
240.538 136.858 -4.60281 -0.679913 14.3123
157.594 170.035 -4.00567 -0.176212 12.6112
157.594 126.49 -4.05638 -0.304331 12.6992
122.342 118.195 -4.11378 -0.313518 12.6388
557.798 240.538 -3.64216 -0.777195 17.9457
510.106 271.642 -4.71064 -0.912223 21.7794
624.154 242.611 -2.97425 -0.4371 15.6465
586.829 234.317 -3.25131 -0.558499 16.3415
501.811 296.525 -4.82764 -0.586891 21.9264
354.586 257.126 -6.06988 -0.82682 19.9612
396.058 304.819 -7.33284 -0.714339 25.7164
524.621 114.048 -3.65211 -1.33234 16.2203
609.638 155.52 -3.05477 -0.961839 15.6934
580.608 141.005 -3.28953 -1.18283 16.3055
398.131 103.68 -4.25156 -1.15873 15.4244
389.837 194.918 -10.3369 -4.26815 34.808
242.611 607.565 -4.37831 1.27501 13.916
72.576 545.357 -4.32981 0.808641 12.8137
82.944 657.331 -4.40829 1.16266 12.9686
232.243 408.499 -4.35395 0.48422 13.7413
257.126 510.106 -4.39479 0.916677 14.0738
207.36 474.854 -4.75174 0.807276 14.3652
72.576 408.499 -4.23914 0.424812 12.6631
76.7232 396.058 -4.33062 0.399118 12.8185
53.9136 400.205 -4.28005 0.413609 12.655
118.195 396.058 -4.28022 0.401347 12.9094
101.606 516.326 -4.39996 0.769617 13.0444
114.048 516.326 -4.41953 0.779909 13.1388
526.694 414.72 -3.83727 0.70804 17.7391
620.006 423.014 -2.93304 0.581308 14.9127
537.062 468.634 -3.71136 1.09752 17.3898
389.837 512.179 -4.73337 1.42544 17.0137
848.103 271.642 -2.24328 0.0405064 12.743
798.336 228.096 -2.31809 -0.128361 13.0602
810.778 327.629 -2.44562 0.223242 12.0547
825.293 315.187 -2.39472 0.188475 12.1809
657.331 232.243 -2.73017 0.117772 11.5661
790.042 240.538 -2.35021 -0.0919509 13.1024
754.791 358.733 -2.46697 0.276754 12.8773
792.115 74.6496 -2.34469 -0.595954 13.1233
792.115 45.6192 -2.34075 -0.705434 13.1717
798.336 145.152 -2.31429 -0.391421 13.1527
889.575 186.624 -2.12559 -0.19245 12.8116
877.133 116.122 -2.24491 -0.276088 12.4377
667.699 55.9872 -2.72849 -1.18337 14.6491
763.085 51.84 -2.41126 -0.733216 13.3324
646.963 165.888 -2.80772 -0.651421 14.6259
775.526 186.624 -2.38767 -0.253079 13.1252
746.496 176.256 -2.43295 -0.401688 13.7131
1146.7 246.758 -2.05553 0.12091 11.6539
1111.45 226.022 -2.11033 0.0906649 11.6301
1221.35 259.2 -2.03999 0.152335 11.5072
1179.88 271.642 -2.0691 0.169812 11.5463
987.034 275.789 -2.22664 0.149181 11.7738
1086.57 232.243 -2.14174 0.104252 11.6352
1034.73 284.083 -1.99402 0.125881 12.1852
1128.04 114.048 -1.99598 -0.112315 11.8133
1208.91 114.048 -2.04072 -0.0248667 11.529
1237.94 39.3984 -2.02881 -0.111158 11.4883
1167.44 136.858 -1.983 -0.0539177 11.7265
1235.87 136.858 -2.0344 0.0102155 11.4794
1001.55 43.5456 -2.13569 -0.280036 11.9907
943.488 53.9136 -2.1625 -0.34296 12.2267
1059.61 186.624 -2.1027 0.00397414 11.8114
850.176 599.271 -2.25625 0.863111 12.6307
887.501 547.43 -2.14402 0.746752 12.7045
640.742 588.902 -2.79051 1.12486 13.7535
690.509 559.872 -2.62099 0.874679 13.107
777.6 537.062 -2.39851 0.768775 12.9465
680.141 615.859 -2.65702 1.16982 13.5789
808.704 423.014 -2.30993 0.442927 12.9208
796.263 387.763 -2.33391 0.349115 12.9821
893.722 393.984 -2.07594 0.370202 12.9503
810.778 520.474 -2.32663 0.690505 12.7502
906.163 516.326 -2.08562 0.672319 12.7262
897.869 449.971 -2.24828 0.457279 12.2072
731.981 433.382 -2.51926 0.487881 13.0445
694.656 501.811 -2.60864 0.770446 13.5499
1016.06 599.271 -2.03278 0.737209 12.1535
1047.17 524.621 -2.13704 0.525283 11.7659
1001.55 657.331 -2.04951 0.865272 12.1691
1057.54 665.626 -2.14215 0.719565 11.7055
1043.02 651.11 -2.14979 0.706562 11.7445
1078.27 640.742 -2.13254 0.668535 11.663
1138.41 402.278 -1.93491 0.352154 11.8873
1235.87 441.677 -2.05069 0.376199 11.4525
1225.5 371.174 -2.04635 0.294423 11.4815
1192.32 389.837 -2.06133 0.316403 11.53
1225.5 472.781 -2.05561 0.412846 11.4626
1030.58 408.499 -2.00477 0.368279 12.1586
1020.21 360.806 -2.00887 0.271691 12.2029
1051.32 485.222 -2.13149 0.463533 11.7596
425.088 165.888 -4.53981 -1.18426 17.0975
612.127 291.133 -3.05998 -0.185138 16.1589
1060.02 184.136 -2.10164 0.000527442 11.8141
1084.91 164.229 -2.02813 -0.0440765 11.8872
134.369 196.577 -4.066 -0.113451 12.6201
681.8 211.507 -2.6444 -0.482125 14.8972
311.04 353.341 -4.05463 0.270852 13.7381
1094.86 617.103 -2.1242 0.629157 11.6329
1219.28 425.503 -2.05426 0.352422 11.4741
903.26 552.407 -2.09802 0.763767 12.7099
1224.25 624.568 -1.9175 0.657842 11.6947
552.407 641.987 -3.20341 1.54536 14.4594
1010.26 388.178 -2.01642 0.334207 12.2165
1107.3 355.83 -1.94284 0.270477 11.9792
268.739 634.522 -4.32126 1.4082 14.0321
390.666 510.106 -4.94306 1.51903 17.6885
813.681 450.386 -2.35288 0.489542 12.5298
1000.3 656.917 -2.0499 0.852831 12.1863
962.98 634.522 -1.95611 0.946703 12.6764
1082.42 358.318 -1.95616 0.269377 12.0509
1139.65 370.76 -1.92363 0.289216 11.8997
325.97 84.6029 -4.61077 -1.23444 15.3056
298.598 87.0912 -4.7073 -1.1721 15.1523
908.237 400.62 -2.0593 0.370054 12.8253
923.167 393.155 -2.03615 0.353528 12.7485
977.91 84.6029 -2.08932 -0.281821 12.2219
943.073 52.2547 -2.15678 -0.354731 12.2521
1012.75 597.197 -2.03307 0.739081 12.15
958.003 594.709 -1.95129 0.867762 12.7127
980.398 520.059 -1.91809 0.670724 12.6693
388.178 194.089 -5.07953 -1.12388 17.9714
793.774 574.802 -2.36342 0.846302 12.8323
811.192 549.919 -2.329 0.765493 12.7281
283.669 542.454 -4.32048 1.06367 14.177
370.76 597.197 -4.24045 1.51636 15.0862
1057.54 664.382 -2.14494 0.719006 11.7077
905.749 515.082 -2.09306 0.66792 12.7196
72.1613 408.085 -4.23701 0.425746 12.6642
99.5328 395.643 -4.30883 0.407947 12.8777
77.1379 395.643 -4.33112 0.3991 12.8178
846.029 199.066 -2.21555 -0.178503 12.9368
831.099 365.783 -2.26345 0.285964 12.9148
796.263 385.69 -2.33477 0.345426 12.9817
1069.98 487.711 -2.1249 0.463889 11.7224
1030.16 408.085 -2.00563 0.364699 12.1583
1079.93 378.225 -1.95944 0.303316 12.0423
1020.21 360.806 -2.0066 0.27271 12.2128
1201.86 89.5795 -2.03443 -0.0745556 11.569
1226.74 72.1613 -2.03555 -0.0765165 11.5104
102.021 517.571 -4.40893 0.767845 13.0588
395.643 238.879 -5.80918 -1.11127 20.6606
363.295 236.39 -6.29581 -1.15399 20.8904
84.6029 271.227 -4.17641 0.0854227 12.6032
77.1379 330.947 -3.85455 0.246537 12.0869
74.6496 286.157 -4.20742 0.116998 12.6056
84.6029 597.197 -4.41346 1.00406 12.9953
111.974 530.012 -4.38926 0.810302 13.083
238.879 607.15 -4.44732 1.30735 14.0634
204.042 604.662 -4.51992 1.276 13.8858
273.715 129.393 -4.77272 -0.916615 15.0034
637.01 627.057 -2.79974 1.24861 13.6844
776.356 534.989 -2.39663 0.767619 12.9335
910.725 74.6496 -2.19635 -0.34289 12.3306
47.2781 57.2314 -4.08219 -0.35231 12.3012
811.192 328.458 -2.35523 0.200572 12.6494
1224.25 236.39 -2.02133 0.126992 11.5192
582.267 184.136 -3.34333 -0.962564 16.6509
609.638 154.276 -3.04875 -0.938089 15.5776
582.267 141.834 -3.29048 -1.17672 16.2712
771.379 467.804 -2.39811 0.586769 13.0358
865.935 216.484 -2.16496 -0.129744 12.8964
669.358 669.358 -2.6795 1.28856 13.3511
846.029 273.715 -2.23699 0.0424028 12.7967
791.286 241.367 -2.36764 -0.0679237 12.9497
544.942 241.367 -3.87353 -0.875392 18.901
557.384 238.879 -3.7449 -0.891359 18.9024
522.547 223.949 -4.07988 -1.04506 18.9143
587.244 589.732 -2.99 1.14516 13.7153
756.449 634.522 -2.45233 1.00996 12.8103
141.834 423.014 -4.42466 0.504676 13.2839
171.694 559.872 -4.60604 1.05047 13.7932
766.403 67.1846 -2.39788 -0.698734 13.3728
724.101 77.1379 -2.50722 -0.857791 13.994
1089.88 179.159 -2.0904 0.00860155 11.735
84.6029 599.685 -4.4136 1.00531 12.9956
47.2781 624.568 -4.33975 0.99325 12.7367
248.832 557.384 -4.3853 1.08956 13.9874
679.311 164.229 -2.69279 -0.374212 13.3726
191.601 82.1146 -4.3921 -0.659984 13.4642
985.375 276.204 -2.23103 0.151013 11.7798
987.863 201.554 -2.15576 -0.00062448 11.9659
639.498 589.732 -2.78356 1.03833 13.3999
701.706 547.43 -2.59243 0.823237 13.0299
1221.77 171.694 -2.03632 0.0455947 11.5043
146.811 281.18 -4.10461 0.0947048 12.7404
223.949 383.201 -4.5978 0.402674 14.1762
209.019 515.082 -4.85249 1.01401 14.5854
258.785 460.339 -4.29047 0.690785 13.8412
206.531 475.269 -4.67231 0.796391 14.18
753.961 358.318 -2.46697 0.276754 12.8773
731.566 286.157 -2.53006 0.0613801 12.9736
1087.4 231.414 -2.14144 0.102601 11.6359
121.928 116.951 -4.11118 -0.311838 12.6309
666.87 54.743 -2.72875 -1.21018 14.735
753.961 258.785 -2.45706 -0.0183114 12.9925
781.333 201.554 -2.39685 -0.166839 12.8483
753.961 427.991 -2.4732 0.446086 12.7951
276.204 363.295 -4.31656 0.307285 14.0363
261.274 333.435 -4.85364 0.145564 15.0582
592.22 323.482 -3.19468 0.0187912 16.1908
622.08 241.367 -2.98234 -0.452859 15.7072
587.244 233.902 -3.23971 -0.553375 16.2493
47.2781 161.741 -4.17229 -0.150022 12.4465
69.673 126.904 -4.20438 -0.266414 12.5697
241.367 246.344 -4.72763 -0.241603 14.5724
238.879 221.461 -4.52885 -0.287887 14.1154
694.241 500.152 -2.61742 0.777562 13.6244
156.764 126.904 -4.05966 -0.305108 12.7081
1087.4 126.904 -2.01381 -0.123908 11.9277
121.928 246.344 -4.09328 0.0341577 12.6144
534.989 495.176 -3.79822 1.36414 17.8944
534.989 467.804 -3.74981 1.10494 17.5831
554.895 335.923 -3.66619 0.0567364 17.9436
557.384 283.669 -3.60846 -0.366352 17.7174
500.152 296.11 -5.02816 -0.691722 22.9274
425.503 87.0912 -4.51201 -1.72134 16.9028
1110.79 358.318 -1.94292 0.270109 11.9847
1221.27 424.01 -2.05644 0.35407 11.4812
1161.55 358.318 -1.91667 0.270109 11.8702
1194.39 292.626 -2.04954 0.191368 11.5471
543.449 131.383 -3.54121 -1.23391 16.2405
907.739 409.08 -2.06815 0.401058 12.8416
925.655 391.164 -2.03534 0.35181 12.755
1015.23 343.388 -2.0201 0.255916 12.1961
1194.39 486.715 -2.06419 0.435413 11.508
1170.51 549.421 -2.08013 0.51011 11.5349
328.458 83.6076 -4.79625 -1.37368 15.7806
812.188 549.421 -2.33278 0.763428 12.7135
397.136 101.523 -4.21697 -1.14908 15.2906
370.262 92.5655 -4.49879 -1.26717 15.6159
361.304 191.103 -5.32837 -1.17209 17.9921
836.076 468.8 -2.17822 0.608443 13.1936
818.16 450.884 -2.35289 0.48851 12.5298
907.739 292.626 -2.22665 0.141427 12.2577
889.823 292.626 -2.21883 0.124031 12.409
1137.66 403.108 -1.93035 0.345601 11.9028
1057.04 483.729 -2.13148 0.464207 11.7596
1045.09 438.94 -1.99485 0.415959 12.1129
92.5655 591.225 -4.39895 0.98954 13.0065
113.467 516.575 -4.44551 0.798208 13.1754
74.6496 546.435 -4.33163 0.803984 12.8136
794.272 639.001 -2.43419 0.860203 12.2669
818.16 170.201 -2.33178 -0.220436 12.7648
827.118 152.285 -2.31197 -0.266874 12.7332
797.258 146.313 -2.31589 -0.403141 13.2024
994.333 134.369 -2.14551 -0.119893 11.9769
71.6636 409.08 -4.2444 0.431617 12.669
116.453 397.136 -4.28292 0.401741 12.9054
910.725 74.6496 -2.20704 -0.32927 12.2908
809.202 421.024 -2.31179 0.446085 12.9413
833.09 364.29 -2.24727 0.284797 12.9204
797.258 385.192 -2.33984 0.343244 13.0046
934.613 259.781 -2.13688 0.0570304 12.3577
871.907 265.753 -2.20629 0.0384333 12.6646
865.936 217.977 -2.19887 -0.100406 12.7651
155.271 603.169 -4.63497 1.20994 13.7599
268.739 633.029 -4.30331 1.373 13.9567
203.047 603.169 -4.52865 1.26677 13.8904
731.566 591.225 -2.54703 0.817609 12.5214
776.356 534.491 -2.40091 0.768975 12.9446
1057.04 361.304 -1.97255 0.281885 12.0918
1021.21 361.304 -2.00813 0.273333 12.2028
113.467 659.903 -4.48474 1.2677 13.2625
74.6496 639.001 -4.4086 1.09959 12.9565
92.5655 624.071 -4.39593 1.07504 13.002
1218.28 259.781 -2.04108 0.154025 11.5072
1182.45 271.725 -2.06744 0.168462 11.546
1194.39 212.005 -2.05131 0.0921764 11.5421
409.08 268.739 -6.8076 -1.1284 24.5377
406.094 241.865 -5.63341 -1.04687 20.1204
585.253 182.145 -3.29475 -0.96899 16.5353
612.127 155.271 -3.06877 -0.979546 15.813
582.267 140.341 -3.29674 -1.18327 16.2563
677.818 170.201 -2.69144 -0.376296 13.3726
698.72 131.383 -2.60468 -0.690538 14.0253
662.889 128.397 -2.73932 -0.811564 14.4954
761.426 636.015 -2.44093 1.01457 12.8077
116.453 122.425 -4.21536 -0.352279 12.794
839.062 274.711 -2.24616 0.0381067 12.849
848.02 235.893 -2.23966 -0.0612322 12.7944
247.837 555.393 -4.36655 1.08255 13.9368
510.603 271.725 -4.83387 -0.947977 22.3958
501.645 220.963 -4.32353 -1.06787 18.8358
588.239 591.225 -3.11248 1.48494 15.1356
594.211 543.449 -2.98206 1.00311 13.9571
143.327 424.01 -4.42178 0.506539 13.2877
1092.87 179.159 -2.09075 0.0101216 11.7375
1155.58 164.229 -2.05813 0.0101029 11.6203
265.753 197.075 -4.89217 -0.576079 15.1844
238.879 137.355 -4.55079 -0.660023 14.1756
298.598 441.926 -4.2101 0.648372 13.9821
704.692 310.542 -2.60696 0.148667 12.7448
967.459 223.949 -1.98767 -0.057846 12.599
209.019 325.472 -4.45125 0.166188 13.7251
206.033 474.772 -4.8749 0.839519 14.5885
1080.93 256.795 -2.16057 0.138778 11.6232
662.889 92.5655 -2.73623 -0.932427 14.3326
462.828 307.556 -6.64286 -0.847044 27.5756
597.197 325.472 -3.15145 0.0402186 15.6953
755.454 429.982 -2.5178 0.42995 12.3606
755.454 376.234 -2.46325 0.322103 12.9732
728.58 376.234 -2.53712 0.322891 12.9781
259.781 412.066 -4.30834 0.499269 13.8907
707.678 432.968 -2.58302 0.488553 13.0405
122.425 77.6356 -4.20977 -0.451566 12.7819
149.299 271.725 -4.09352 0.078236 12.7391
125.411 217.977 -4.08526 -0.0596904 12.6175
328.458 220.963 -5.14173 -0.696966 16.7204
274.711 364.29 -4.33224 0.307632 14.0718
513.589 480.743 -4.14231 1.40433 18.8962
1197.38 149.299 -2.04702 0.00777137 11.5506
1170.51 134.369 -1.98284 -0.049918 11.7235
143.327 179.159 -4.05693 -0.14803 12.6297
158.257 128.397 -4.05982 -0.302612 12.7036
644.973 238.879 -2.84103 -0.386967 15.2598
764.412 358.318 -2.43475 0.269676 12.9684
1060.02 185.131 -2.10255 -0.000395507 11.8154
597.197 468.8 -3.14161 0.90249 15.825
588.239 364.29 -3.15726 0.292099 15.6112
525.533 412.066 -3.70853 0.636659 16.7856
770.384 214.991 -2.40218 -0.186399 13.2512
558.379 283.669 -3.59846 -0.358746 17.6443
240.073 605.558 -4.42333 1.29291 13.9901
204.241 601.974 -4.59442 1.29063 14.036
741.719 82.4132 -2.4633 -0.681275 13.4891
1189.62 257.989 -2.05487 0.151053 11.5436
1182.45 268.739 -2.06439 0.163393 11.5524
78.83 286.655 -4.20909 0.119539 12.6271
93.1627 591.225 -4.40276 0.983382 13.0078
157.66 397.733 -4.61133 0.43389 13.7184
193.492 601.974 -4.37443 1.15423 13.5541
254.406 508.812 -4.43336 0.908178 14.1352
257.989 458.647 -4.3689 0.705323 14.0118
627.057 566.143 -2.84304 1.04267 13.7486
594.808 544.644 -3.10268 1.27786 15.3375
684.388 644.973 -2.63534 1.23888 13.5091
680.805 612.724 -2.66449 1.1772 13.6456
1203.95 189.909 -2.05018 0.0690874 11.5209
1150.2 193.492 -2.05778 0.048164 11.629
1200.37 89.5795 -2.03324 -0.0739948 11.571
121.828 114.662 -4.13324 -0.303924 12.6502
702.304 311.737 -2.61713 0.148153 12.7308
759.635 558.976 -2.42905 0.843541 13.02
863.547 218.574 -2.19201 -0.101877 12.7919
1143.03 243.656 -2.06709 0.12118 11.6238
1089.29 232.907 -2.13883 0.109663 11.6289
250.823 150.494 -4.6462 -0.678848 14.4771
508.812 272.322 -4.70298 -0.876013 21.6461
544.644 243.656 -3.8655 -0.848692 18.7389
128.995 200.658 -4.1249 -0.11054 12.6844
107.495 161.243 -4.15041 -0.204893 12.662
146.91 437.148 -4.43237 0.56703 13.2905
247.24 555.393 -4.4333 1.08781 14.0561
214.991 541.06 -4.48491 1.00728 13.8876
637.806 186.325 -2.89002 -0.641213 15.1257
609.141 157.66 -3.06661 -0.963324 15.8108
763.218 358.318 -2.43833 0.26973 12.9681
838.464 275.905 -2.24917 0.0430878 12.8508
963.876 225.74 -1.98642 -0.0626424 12.6167
1064.2 179.159 -2.09213 -0.00883195 11.8314
1021.21 207.825 -2.13026 0.023883 11.8903
143.327 179.159 -4.04549 -0.148773 12.6239
691.554 555.393 -2.61553 0.948995 13.5178
702.304 440.731 -2.60228 0.514895 13.063
1035.54 283.071 -1.99234 0.12362 12.1952
756.051 164.826 -2.44075 -0.335037 13.1393
594.808 250.823 -3.06791 -0.285104 14.7636
594.808 326.07 -3.11301 0.05119 15.4882
150.494 283.071 -4.09873 0.0882561 12.7473
297.404 343.985 -4.49874 0.225415 14.6568
523.145 412.066 -3.96816 0.69023 18.2126
637.806 376.234 -2.87662 0.332466 15.5994
687.971 257.989 -2.63292 -0.154097 14.1601
644.973 236.49 -2.81008 -0.34924 14.8199
551.81 336.819 -3.62405 0.0679739 17.6695
1089.29 451.481 -1.96126 0.432642 11.9868
1046.29 648.556 -2.14752 0.702111 11.7296
1049.87 526.728 -2.1574 0.511146 11.6933
1082.12 609.141 -2.13064 0.624872 11.669
1146.62 551.81 -2.11187 0.51952 11.5252
834.881 469.397 -2.18483 0.602366 13.1963
892.212 394.15 -2.07022 0.361034 12.9268
795.466 386.984 -2.33538 0.345172 12.9834
859.964 623.474 -2.21607 0.931742 12.666
809.799 548.227 -2.33605 0.752917 12.7153
996.125 132.578 -2.14545 -0.123451 11.983
1085.7 125.411 -2.01366 -0.12372 11.9174
1053.46 358.318 -1.97571 0.269058 12.1094
1153.78 358.318 -1.91583 0.27086 11.8647
881.463 207.825 -2.15906 -0.11244 12.6983
816.965 168.41 -2.34596 -0.197157 12.5813
888.629 85.9964 -2.18441 -0.403433 12.5917
888.629 293.821 -2.33856 0.164154 11.897
584.059 591.225 -2.9837 1.11886 13.615
89.5795 469.397 -4.42731 0.630897 13.0551
71.6636 408.483 -4.24432 0.43161 12.6689
523.145 128.995 -3.65127 -1.23234 16.1821
487.313 218.574 -4.37287 -1.04904 18.6158
593.375 146.194 -3.21024 -1.17231 16.3466
1165.25 180.592 -2.05485 0.0398302 11.608
1195.35 150.494 -2.04372 0.0126067 11.5589
1156.65 163.393 -2.0603 0.00956318 11.623
1186.75 266.589 -2.0687 0.165206 11.522
154.793 133.294 -4.06184 -0.282076 12.6868
176.293 81.6965 -4.43133 -0.665368 13.4707
202.091 619.174 -4.54656 1.3357 13.9097
193.492 601.975 -4.60329 1.26824 13.9617
748.168 322.486 -2.48258 0.157777 12.8341
1044.86 257.989 -2.18352 0.137071 11.683
1010.46 257.989 -2.2142 0.121804 11.7248
103.196 279.488 -4.19811 0.0952697 12.7188
98.8958 219.291 -4.1278 -0.0265581 12.576
279.488 541.777 -4.26809 1.03965 14.0134
692.271 627.773 -2.62089 1.15767 13.3341
679.371 610.574 -2.66377 1.13494 13.5261
219.291 425.682 -4.43528 0.57528 13.7965
997.558 266.589 -2.218 0.140758 11.7503
933.06 257.989 -2.13667 0.0538993 12.3734
997.558 223.591 -2.15306 0.0591413 11.9476
408.483 266.589 -7.14191 -1.23254 25.5748
756.768 378.384 -2.45823 0.32355 12.9757
726.669 374.084 -2.54352 0.324879 12.9823
128.995 210.691 -4.07759 -0.0980889 12.632
133.294 146.194 -4.08939 -0.240098 12.6402
696.57 133.294 -2.60394 -0.613719 13.8556
657.872 124.695 -2.7695 -0.933616 15.0141
666.472 85.9964 -2.72973 -0.874511 14.061
739.569 180.592 -2.44964 -0.461374 13.9971
279.488 245.09 -4.80069 -0.349593 15.1298
571.876 399.883 -3.31639 0.50687 16.2706
636.373 374.084 -2.88478 0.344909 15.9573
584.775 365.485 -3.1721 0.303429 15.7252
636.373 223.591 -2.89809 -0.48787 15.3403
778.267 490.179 -2.39909 0.665034 12.9995
541.777 417.082 -3.59583 0.677273 16.9186
700.87 442.881 -2.60186 0.52008 13.0723
528.878 335.386 -3.76347 0.0512336 17.4189
554.677 313.887 -3.56066 -0.0955179 17.2642
300.987 236.49 -5.25053 -0.571591 16.5793
778.267 253.689 -2.38819 -0.0378169 13.0302
773.967 214.991 -2.42174 -0.137251 12.9013
1031.96 404.183 -2.00567 0.35545 12.1585
1143.75 447.181 -1.93031 0.411196 11.8692
1195.35 386.984 -2.05997 0.311035 11.5244
1031.96 580.475 -2.01554 0.696564 12.1447
1049.16 524.578 -2.16769 0.509903 11.6609
1117.95 623.474 -2.1175 0.628807 11.5915
1173.85 554.677 -2.06053 0.528806 11.5775
662.172 399.883 -2.71968 0.434527 13.8786
890.062 447.181 -2.24874 0.456576 12.2544
825.565 464.38 -2.20198 0.596799 13.2249
907.262 404.183 -2.08512 0.368021 12.6993
752.468 520.278 -2.42991 0.768042 13.2442
795.466 632.073 -2.42974 0.860296 12.2713
812.666 546.077 -2.33113 0.746761 12.7133
997.558 171.993 -2.15528 -0.0497275 11.9699
1053.46 356.885 -1.97605 0.265353 12.1208
1156.65 356.885 -1.9158 0.270097 11.8702
1109.35 356.885 -1.94431 0.269759 11.9742
1087.85 232.19 -2.13724 0.10888 11.6283
890.062 81.6965 -2.21932 -0.350915 12.4153
696.57 313.887 -2.62517 0.141967 13.1073
515.978 507.379 -4.00762 1.51912 18.1308
159.093 395.583 -4.56513 0.432867 13.6361
98.8958 395.583 -4.29742 0.401823 12.8535
245.09 610.574 -4.31599 1.24919 13.8058
399.883 193.492 -4.99374 -1.12956 18.0325
365.485 90.2962 -4.40788 -1.20939 15.3789
490.179 214.991 -4.35492 -1.04932 18.4776
116.095 111.795 -4.18619 -0.345778 12.7374
343.985 189.192 -5.32611 -1.10577 17.6223
335.386 85.9964 -4.59605 -1.23303 15.3264
85.9964 335.386 -4.17756 0.247887 12.6085
510.818 474.7 -4.24106 1.36946 19.2168
572.736 196.072 -3.30773 -0.856907 16.1642
815.246 325.066 -2.33539 0.19446 12.7766
1104.19 206.391 -2.11158 0.0653792 11.6484
1068.07 175.433 -2.05566 -0.0327564 11.8823
128.995 211.551 -4.08413 -0.0597187 12.6175
103.196 278.628 -4.13797 0.102839 12.6136
159.953 268.309 -4.0737 0.0476602 12.7253
154.793 232.19 -4.06036 -0.0537912 12.7074
650.133 531.458 -2.74951 0.613487 12.0331
650.133 227.03 -2.80866 -0.501828 15.4445
1042.28 263.149 -2.18116 0.133665 11.6835
288.948 402.463 -4.20234 0.464144 13.9394
1042.28 211.551 -2.1195 0.0361115 11.8287
1042.28 180.592 -2.1131 -0.0121877 11.874
660.452 123.835 -2.75633 -0.818757 14.4299
644.973 108.355 -2.7959 -0.764055 14.0384
706.89 490.179 -2.56907 0.698612 13.4777
763.648 361.185 -2.37651 0.26733 13.3691
634.653 376.664 -2.89191 0.326508 15.9527
588.215 366.345 -3.15373 0.287395 15.4654
748.168 273.468 -2.46154 0.00329083 12.9858
743.009 237.35 -2.49166 -0.0829342 13.0243
278.628 546.937 -4.28145 1.0401 14.0287
278.628 505.659 -4.49344 0.939478 14.5662
232.19 268.309 -4.63068 -0.122155 14.2966
634.653 227.03 -2.87648 -0.477979 15.4053
841.044 273.468 -2.24917 0.0430878 12.8508
923.601 454.061 -2.35914 0.411945 11.6407
1052.6 361.185 -1.97771 0.273573 12.1173
1140.31 448.901 -1.93325 0.410819 11.8716
1057.76 479.86 -2.12711 0.452042 11.7358
1129.99 402.463 -1.93515 0.350354 11.9358
1078.39 376.664 -1.95875 0.300094 12.042
1026.8 583.055 -2.15033 0.609157 11.7673
1073.23 614.014 -2.15171 0.618149 11.6132
887.482 448.901 -2.25069 0.459697 12.2075
902.962 407.623 -2.0653 0.390696 12.8569
830.725 577.896 -2.31669 0.75374 12.4919
1160.95 180.592 -2.05454 0.0415036 11.6262
1150.63 356.025 -1.91978 0.266096 11.8749
1109.35 356.025 -1.94079 0.267042 11.9732
1176.43 268.309 -2.07338 0.171128 11.521
815.246 165.113 -2.33095 -0.234308 12.7818
877.163 108.355 -2.2526 -0.287451 12.4162
696.571 314.747 -2.62974 0.136713 13.1015
887.482 294.108 -2.3405 0.170628 11.898
887.482 242.51 -2.14953 -0.0253202 12.7051
98.0359 397.303 -4.30555 0.412814 12.8685
108.355 521.138 -4.42774 0.784951 13.1315
252.829 608.854 -4.38537 1.29613 13.9983
154.793 134.154 -4.06798 -0.281875 12.7074
123.835 325.066 -4.13453 0.198973 12.7107
612.982 235.286 -3.12782 -0.642688 17.1299
674.9 396.271 -2.71276 0.431111 13.9314
755.392 439.613 -2.45822 0.476267 13.0474
780.159 334.354 -2.41421 0.201764 12.869
780.159 297.203 -2.39752 0.0939317 13.0243
1040.21 278.628 -1.99429 0.120279 12.1962
996.87 266.245 -2.21832 0.135936 11.7702
1157.86 229.094 -2.04493 0.0981406 11.6391
148.602 278.628 -4.09994 0.0904266 12.7453
123.835 284.82 -4.24945 0.0937279 12.8599
154.793 235.286 -4.05168 -0.0184541 12.7063
557.256 229.094 -3.78869 -0.992815 18.8379
829.693 216.711 -2.24664 -0.149704 13.0726
996.87 167.177 -2.15224 -0.0548435 11.9512
309.587 414.846 -3.36719 0.396557 11.9759
749.2 266.245 -2.48424 0.0123153 12.985
1108.32 204.327 -2.11304 0.0693611 11.6479
291.012 272.436 -4.68499 -0.162592 15.0297
631.557 402.463 -2.8786 0.438478 14.2788
594.407 414.846 -3.16313 0.576554 15.9403
588.215 365.313 -3.12667 0.281548 15.2289
724.433 377.696 -2.5545 0.331473 12.9864
755.392 191.944 -2.46189 -0.225762 13.062
1021.64 359.121 -2.0077 0.265159 12.2031
817.31 464.38 -2.21815 0.600735 13.3193
903.994 402.463 -2.0607 0.384878 12.8622
681.091 563.448 -2.67844 1.01991 13.772
693.475 507.723 -2.59612 0.79409 13.4342
829.693 575.832 -2.32554 0.761685 12.4323
811.118 544.873 -2.34132 0.749687 12.741
1151.66 352.929 -1.91876 0.267599 11.8739
1089.75 229.094 -2.11524 0.08642 11.7008
866.843 222.903 -2.22569 -0.0794985 12.6082
749.2 303.395 -2.48782 0.14161 12.9178
693.475 315.779 -2.63802 0.144556 13.0232
588.215 588.215 -3.13187 1.49853 15.2339
167.177 495.339 -4.69716 0.849425 13.958
396.271 191.944 -5.07041 -1.16882 18.1886
594.407 222.903 -3.14583 -0.558249 15.6767
625.366 142.41 -2.95254 -0.933829 15.2065
532.49 123.835 -3.5943 -1.22174 15.9646
173.369 210.519 -4.03314 -0.105064 12.7209
130.027 210.519 -4.08656 -0.0984516 12.6211
167.177 142.41 -4.03784 -0.272632 12.7029
346.737 185.752 -5.4315 -1.18385 17.9166
210.519 229.094 -3.85054 -0.0176262 12.5471
1052.6 526.298 -2.14269 0.526256 11.7351
200.612 475.526 -4.55245 0.76198 13.8716
690.998 222.903 -2.58408 -0.335367 14.07
817.31 163.462 -2.33001 -0.239316 12.7642
787.589 178.322 -2.39742 -0.198357 12.6175
780.159 148.602 -2.38042 -0.416288 13.3733
809.879 319.494 -2.36372 0.186238 12.5222
795.019 312.064 -2.31117 0.160628 13.1321
1025.35 222.903 -2.133 0.0820358 11.8321
973.341 200.612 -1.91801 -0.14738 12.7185
1055.07 178.322 -2.09207 -0.0153139 11.8624
1032.78 141.172 -2.12254 -0.085561 11.887
1084.79 230.333 -2.03237 0.030336 11.9212
1069.93 200.612 -2.09968 0.0309547 11.7703
1047.64 208.042 -2.10992 0.0316135 11.8922
616.697 386.365 -2.99382 0.35098 14.5787
586.977 371.504 -3.17673 0.305158 16.0006
690.998 141.172 -2.58532 -1.03819 15.6639
743.009 304.634 -2.48531 0.152061 12.9485
572.117 260.053 -3.18322 -0.267775 15.1433
1025.35 393.795 -2.0012 0.360626 12.1561
906.471 401.225 -2.06792 0.388483 12.8775
1055.07 475.526 -2.12442 0.452198 11.7493
1121.94 401.225 -1.93731 0.339094 11.9354
1129.37 557.256 -2.10439 0.533242 11.589
1047.64 527.536 -2.14119 0.527197 11.7198
668.708 445.805 -2.67301 0.538677 13.0034
750.439 378.934 -2.45923 0.324827 12.974
884.18 445.805 -2.26628 0.463412 12.2566
676.138 564.687 -2.68876 1.08967 14.1595
743.009 512.676 -2.43165 0.778154 13.4828
809.879 505.246 -2.32432 0.654236 12.7432
988.202 141.172 -2.15557 -0.0864503 11.9135
1099.65 208.042 -2.10756 0.0589508 11.6522
1017.92 356.644 -2.02871 0.263939 12.1096
1047.64 356.644 -1.99299 0.257741 12.1753
1107.08 252.623 -2.08088 0.122452 11.6906
1069.93 252.623 -2.16036 0.134705 11.6252
735.579 185.752 -2.59312 -0.0196652 11.9189
884.18 289.773 -2.23554 0.12502 12.4535
438.375 430.945 -3.81434 0.680282 14.6342
586.977 542.396 -3.04589 1.12398 14.5401
549.826 490.386 -3.1207 0.803967 13.713
156.032 393.795 -4.59828 0.433019 13.6761
289.773 445.805 -4.35007 0.682405 14.2604
282.343 408.655 -3.9955 0.439014 13.3245
222.903 542.396 -4.32125 0.979995 13.6265
141.172 505.246 -4.49609 0.779414 13.4103
490.386 215.473 -4.29662 -1.02327 18.2464
393.795 193.182 -4.95502 -1.11431 17.6712
624.127 141.172 -2.96781 -0.938865 15.2462
170.892 208.042 -4.03196 -0.127133 12.6976
148.602 341.784 -4.61018 0.243084 13.5602
156.032 282.343 -3.97059 0.0784981 12.5637
1016.44 231.819 -2.16804 0.0717434 11.8316
534.966 222.903 -4.3494 -1.34486 20.8086
731.121 508.218 -2.50003 0.761335 13.2516
704.372 490.386 -2.58897 0.726584 13.6854
811.365 320.98 -2.18918 0.109997 13.4628
847.03 231.819 -2.23346 -0.0727626 12.7208
650.876 410.141 -2.81939 0.519735 14.7711
659.792 374.476 -2.70807 0.343536 13.241
1087.76 231.819 -2.14306 0.092274 11.6124
927.275 454.721 -2.3398 0.408406 11.6374
909.443 401.225 -2.0853 0.365995 12.7367
1096.68 454.721 -1.96635 0.434666 11.9898
1034.27 401.225 -2.00839 0.343564 12.1796
757.869 436.889 -2.48652 0.427754 12.6968
820.282 419.057 -2.25985 0.44567 13.1252
775.701 383.392 -2.34867 0.315939 13.0403
757.869 543.882 -2.41582 0.829567 13.005
695.456 534.966 -2.53735 1.02694 14.1226
811.365 508.218 -2.32491 0.645556 12.7577
900.527 196.154 -2.11935 -0.158447 12.7329
1025.35 356.644 -2.06013 0.264948 12.001
1034.27 276.399 -1.99959 0.113935 12.2024
695.456 320.98 -2.66038 0.0991632 14.1053
748.953 303.148 -2.48313 0.105936 12.9653
196.154 383.392 -4.68227 0.377066 14.0769
285.315 445.805 -4.27924 0.652199 13.924
276.399 410.141 -4.17868 0.46034 13.6944
222.903 543.882 -4.48414 1.055 14.047
240.735 499.302 -4.36907 0.824072 13.8232
267.483 508.218 -4.49074 0.910316 14.4159
499.302 303.148 -3.87091 -0.251214 16.7951
169.406 196.154 -4.02675 -0.119852 12.7044
169.406 276.399 -4.06021 0.0658291 12.7417
401.225 534.966 -4.8363 1.638 17.6012
1061.02 481.47 -2.12478 0.454814 11.7456
