1040 478 8.24293 0.647819 15.25
444 172 5.62314 -0.90537 18.539
287 148 6.20816 -0.183482 15.2503
967 162 8.12586 -0.234446 15.5346
367 138 5.80996 -0.635122 16.7921
505 301 4.7432 -0.556509 23.9862
59 601 6.09418 0.912207 14.6019
603 604 6.92939 1.44065 16.8898
976.8 88.8 8.13671 -0.436608 15.5074
266.4 442.8 5.88314 0.676402 15.8333
360 258 5.68601 -0.127983 17.0648
944.4 295.2 8.05613 0.158317 15.5194
139.2 504 6.03014 0.765518 14.9385
376.8 448.8 5.53549 0.843398 17.7612
202.8 37.2 6.09098 -0.406215 15.0205
771.6 223.2 7.73672 -0.580289 18.4908
811.2 510 7.80558 0.932486 16.4917
960 225.6 8.08627 -0.0380928 15.4869
122.4 330 6.09136 0.354334 14.764
255.6 183.6 6.14203 -0.0780279 15.2185
271.2 150 6.17686 -0.172346 15.2306
312 302.4 5.94896 0.177459 16.0104
980.4 187.2 8.12701 -0.134172 15.4392
1185.6 56.4 8.2136 -0.163359 14.4961
523.2 237.6 5.12026 -1.23408 23.259
438 462 5.2562 1.10576 19.7765
344.4 79.2 6.01292 -0.655367 16.0591
948 391.2 8.05967 0.436162 15.4782
314.4 400.8 5.89601 0.541877 16.1742
867.6 110.4 7.97152 -0.646003 16.364
397.2 189.6 5.79887 -0.497697 17.2283
421.2 205.2 5.69779 -0.55656 17.8955
806.4 600 7.80733 1.33569 16.7257
999.6 270 8.10879 0.124277 15.1947
872.4 478.8 7.93509 0.737376 15.9076
445.2 178.8 5.69308 -0.809405 18.3313
418.8 174 5.57511 -0.803231 18.1914
1053.6 208.8 8.01821 0.0935688 14.5851
345.6 44.4 5.92024 -0.864737 16.2655
430.8 441.6 5.32367 0.90087 19.38
859.2 439.2 7.86192 0.59762 15.7238
439.2 238.8 5.46892 -0.530883 18.997
208.8 244.8 6.04529 0.104541 15.1714
256.8 202.8 6.15437 -0.0202507 15.204
266.4 339.6 5.89812 0.32373 15.7785
32.4 325.2 6.1415 0.361835 14.4357
188.4 111.6 6.08989 -0.19644 14.9748
550.8 243.6 5.42835 -1.19569 23.3238
502.8 93.6 6.06272 -1.30856 18.2368
588 94.8 6.39307 -1.74289 19.5584
571.2 42 6.4067 -1.80704 18.6956
534 110.4 6.25187 -1.22157 18.2592
357.6 127.2 5.87953 -0.607501 16.5188
212.4 555.6 5.99361 0.962547 15.3343
265.2 585.6 5.7669 1.22371 16.1015
180 688.8 5.9428 1.32645 15.2834
194.4 630 5.90367 1.19687 15.4099
276 618 5.79915 1.35019 16.1209
121.2 619.2 6.00446 1.03634 14.9238
842.4 230.4 7.94757 -0.265629 16.8562
712.8 231.6 7.37035 -0.892172 20.5362
649.2 213.6 6.61148 -1.55169 23.1382
662.4 54 7.01752 -1.70491 18.6351
778.8 151.2 7.77183 -1.01133 18.3592
1158 148.8 8.20433 -0.0194317 14.5862
1159.2 146.4 8.20374 -0.0213348 14.5818
1123.2 114 8.13233 -0.0793176 14.5619
1232.4 164.4 8.25847 0.0417968 14.4378
975.6 115.2 8.12426 -0.352758 15.4736
1117.2 586.8 8.17007 0.796123 14.6378
1190.4 664.8 8.16322 0.858979 14.3691
978 396 8.12267 0.443927 15.3895
812.16 511.2 7.82244 0.959186 16.6997
709.92 469.44 7.39172 1.04025 19.3621
692.64 459.36 7.2644 1.00776 19.6765
979.2 210.24 8.10793 -0.0582748 15.3713
957.6 200.16 8.06788 -0.101236 15.4334
436.32 446.4 5.35615 0.93946 19.3776
735.84 480.96 7.55544 1.0224 18.4403
760.32 570.24 7.66279 1.36517 17.4973
1055.52 207.36 8.02229 0.0916277 14.5942
100.8 120.96 6.24154 -0.0266368 14.4586
234.72 116.64 6.10297 -0.249049 15.1615
394.56 486.72 5.57572 1.0685 17.9472
979.2 256.32 8.09415 0.0772308 15.3137
1134.72 64.8 8.18032 -0.198788 14.635
1113.12 64.8 8.12578 -0.184213 14.5926
660.96 473.76 6.85631 1.43456 22.6766
711.36 361.44 7.38625 0.287166 18.717
744.48 358.56 7.58052 0.278832 18.3752
731.52 358.56 7.51204 0.289107 18.4249
865.44 394.56 7.93292 0.461703 16.0498
421.92 257.76 5.72904 -0.244218 17.8172
413.28 377.28 5.52241 0.444411 18.3697
748.8 263.52 7.61187 -0.343626 18.5127
741.6 410.4 7.57781 0.578542 18.3245
262.08 123.84 6.14142 -0.247062 15.2387
416.16 403.2 5.49913 0.606149 18.4864
377.28 264.96 5.77731 -0.0982055 17.0563
398.88 241.92 5.74223 -0.273603 17.4221
743.04 397.44 7.58073 0.511618 18.513
888.48 374.4 7.98225 0.378471 15.9048
695.52 403.2 7.28301 0.579478 19.4725
681.12 334.08 7.07203 -0.0467017 21.6017
744.48 303.84 7.58814 -0.0879511 18.5796
839.52 349.92 7.81326 0.315007 15.8114
466.56 253.44 5.37662 -0.579583 19.9704
784.8 290.88 7.7549 -0.0528315 17.4425
456.48 322.56 5.73945 0.0657328 18.4942
436.32 308.16 5.79868 0.0307332 17.9061
822.24 303.84 7.8935 0.0379827 17.1809
813.6 315.36 7.84277 0.0989892 16.9978
813.6 277.92 7.85086 -0.0762057 17.0243
240.48 263.52 6.13686 0.14698 15.165
208.8 244.8 6.0562 0.106778 15.1474
233.28 200.16 6.08142 -0.0269438 15.2202
308.16 249.12 5.75438 -0.0648171 16.3756
77.76 322.56 6.14395 0.35059 14.5469
51.84 332.64 6.1304 0.373462 14.4988
37.44 300.96 6.14845 0.314535 14.4336
172.8 289.44 6.06908 0.237095 14.9804
295.2 38.88 5.96995 -0.685363 15.7635
70.56 105.12 6.21487 -0.0391445 14.4119
113.76 96.48 6.08412 -0.149727 14.709
501.12 250.56 5.0068 -1.00943 22.6604
538.56 194.4 5.83502 -1.18722 20.5323
639.36 262.08 6.50218 -0.990595 23.2887
360 257.76 5.73182 -0.115421 16.9413
534.24 87.84 6.26756 -1.34638 18.2411
587.52 95.04 6.34057 -1.83091 19.8691
590.4 31.68 6.56717 -1.7636 18.3877
501.12 187.2 5.4993 -1.25504 20.564
334.08 100.8 5.97433 -0.581926 16.06
476.64 93.6 5.91101 -1.30358 18.217
357.12 126.72 5.9107 -0.586216 16.4384
450.72 187.2 5.67179 -0.803167 18.5323
200.16 532.8 6.00371 0.885835 15.2442
182.88 676.8 5.93324 1.30458 15.3071
233.28 648 5.89217 1.32424 15.6457
133.92 558.72 6.05292 0.885516 14.8877
33.12 673.92 6.05478 1.05429 14.5903
154.08 662.4 5.96273 1.20699 15.1273
118.08 686.88 5.96918 1.2224 14.9862
120.96 649.44 5.99196 1.11803 14.9488
321.12 423.36 5.75086 0.643913 16.5643
280.8 410.4 5.97 0.559981 15.7491
109.44 439.2 6.05944 0.596205 14.7795
139.68 504 6.03401 0.764527 14.936
339.84 413.28 5.82866 0.600918 16.5625
815.04 233.28 7.86421 -0.307826 17.1948
946.08 293.76 8.0348 0.167198 15.4047
711.36 231.84 7.32295 -1.27941 22.935
648 213.12 6.64204 -1.49595 22.7941
766.08 211.68 7.69877 -0.693531 18.6682
645.12 38.88 6.9186 -1.7623 18.4842
691.2 141.12 7.22875 -1.06559 18.3423
718.56 141.12 7.38001 -1.11832 18.5971
1224 269.28 8.23402 0.224483 14.4227
1200.96 267.84 8.20981 0.21855 14.4423
1144.8 345.6 8.19654 0.338603 14.6145
1159.2 146.88 8.19076 -0.0160437 14.5551
1008 174.24 8.12788 -0.116109 15.1815
976.32 113.76 8.11565 -0.341945 15.4161
1080 119.52 8.0513 -0.0687058 14.5465
925.92 565.92 7.99899 0.929113 15.4577
925.92 648 7.98504 1.13409 15.3743
944.64 455.04 8.06207 0.62572 15.5113
1190.88 604.8 8.17271 0.767853 14.3823
1228.32 557.28 8.25871 0.699941 14.4401
1055.52 429.12 8.14869 0.514579 14.9042
964.8 524.16 8.05218 0.771163 15.2307
1035.36 459.36 8.09948 0.57691 14.8986
333.504 369.792 5.7307 0.414895 16.7187
597.888 295.488 5.22404 -1.16386 28.9971
1054.08 119.232 8.02481 -0.0771262 14.597
112.32 146.88 6.25281 0.0193585 14.4771
266.112 590.976 5.8467 1.2121 15.9353
385.344 205.632 5.82906 -0.372675 16.9983
440.64 428.544 5.293 0.829079 19.7072
440.64 411.264 5.31796 0.695354 19.6234
414.72 402.624 5.46286 0.607047 18.6079
421.632 257.472 5.71852 -0.250084 17.865
853.632 314.496 7.93568 0.161414 16.3686
841.536 632.448 7.84265 1.24317 15.8604
421.632 205.632 5.70485 -0.553791 17.8842
727.488 286.848 7.47658 -0.322931 19.7137
813.888 276.48 7.84776 -0.0742114 16.9912
378.432 266.112 5.81407 -0.082462 16.9574
886.464 269.568 7.98036 0.0247903 15.9772
267.84 138.24 6.17182 -0.202965 15.2068
262.656 124.416 6.15082 -0.238229 15.2139
340.416 224.64 5.83202 -0.189004 16.4683
333.504 198.72 5.93358 -0.238669 16.1744
433.728 340.416 5.63008 0.19378 18.3848
834.624 400.896 7.89252 0.492294 16.6885
867.456 368.064 7.92765 0.361141 16.0053
473.472 266.112 5.21975 -0.567007 20.787
466.56 254.016 5.40628 -0.567811 19.8424
734.4 504.576 7.55146 1.19677 18.7095
492.48 371.52 4.86774 0.348942 22.9889
240.192 262.656 6.1312 0.146703 15.18
231.552 198.72 6.09689 -0.0225108 15.1873
309.312 276.48 5.7647 0.0361618 16.366
259.2 326.592 5.8947 0.281741 15.7413
311.04 300.672 5.99489 0.180949 15.8849
157.248 236.736 6.12634 0.133766 14.8227
171.072 354.24 6.09883 0.399807 14.9282
250.56 133.056 6.13475 -0.213748 15.1898
278.208 172.8 6.24516 -0.0980336 15.1288
84.672 110.592 6.24576 -0.0307737 14.4117
114.048 96.768 6.08522 -0.152391 14.7092
100.224 120.96 6.25551 -0.0212096 14.433
639.36 262.656 6.50218 -0.990595 23.2887
535.68 88.128 6.27427 -1.33341 18.1864
501.12 98.496 6.09866 -1.24543 18.0565
537.408 193.536 5.84958 -1.17683 20.4122
476.928 93.312 5.97803 -1.23629 17.9714
442.368 96.768 5.73356 -1.25056 18.0964
451.008 186.624 5.4974 -0.929904 19.0617
233.28 648 5.90361 1.31415 15.6208
79.488 637.632 6.03311 1.03031 14.7452
119.232 620.352 6.01782 1.03138 14.8948
321.408 423.36 5.77107 0.64456 16.5099
146.88 463.104 6.03018 0.662304 14.9694
518.4 684.288 6.75024 1.50736 16.0141
451.008 625.536 6.29096 1.51976 16.743
552.96 520.128 5.87131 1.7728 21.5266
340.416 412.992 5.80932 0.600481 16.6115
385.344 400.896 5.55812 0.57599 17.807
414.72 376.704 5.56413 0.440017 18.245
412.992 495.936 5.21334 1.3076 19.3583
815.616 233.28 7.8588 -0.297258 17.1323
663.552 264.384 6.7991 -0.925737 23.3043
711.936 231.552 7.32411 -1.17675 22.4143
782.784 259.2 7.75556 -0.269502 17.8122
770.688 352.512 7.70245 0.239657 17.8153
877.824 162.432 7.94275 -0.348228 15.995
689.472 153.792 7.22588 -0.987224 18.3002
744.768 145.152 7.55051 -1.0328 18.2815
1145.66 345.6 8.18978 0.338677 14.5799
1195.78 321.408 8.20391 0.309837 14.4415
1041.98 240.192 8.00783 0.14953 14.611
1029.89 278.208 7.97754 0.227713 14.5672
1238.98 70.848 8.25166 -0.104224 14.4086
1187.14 55.296 8.21494 -0.16339 14.4962
1012.61 172.8 8.12852 -0.11917 15.1804
844.992 571.968 7.84701 1.05239 15.9454
938.304 366.336 8.02893 0.363468 15.4837
812.16 511.488 7.82275 0.961254 16.7132
945.216 456.192 8.06185 0.624845 15.5102
876.096 456.192 7.89451 0.636138 15.6392
1124.93 625.536 8.15865 0.86258 14.5905
1190.59 665.28 8.16611 0.85681 14.368
986.688 558.144 8.09752 0.86892 15.2256
1026.43 544.32 8.18708 0.807739 15.1711
950.4 407.808 8.05458 0.482863 15.4341
978.048 395.712 8.12044 0.445289 15.3908
649.037 483.149 6.737 1.55358 22.7613
843.955 646.963 7.86742 1.29554 15.9267
116.122 176.256 6.28463 0.080153 14.4366
369.101 66.3552 5.93527 -0.857063 16.4719
371.174 39.3984 5.93566 -0.979005 16.4733
727.834 526.694 7.5133 1.27852 18.1807
885.427 269.568 7.98265 0.0255624 15.9956
398.131 240.538 5.82651 -0.239092 17.1598
447.898 242.611 5.45333 -0.545042 19.2353
420.941 257.126 5.71293 -0.251579 17.889
437.53 308.966 5.76074 0.0252353 18.0524
510.106 304.819 4.74182 -0.535503 24.2471
493.517 350.438 4.8183 0.114537 23.3622
711.245 362.88 7.39465 0.309169 18.3335
240.538 263.347 6.13741 0.149077 15.1634
203.213 238.464 6.08298 0.105425 15.0744
331.776 196.992 5.91146 -0.249499 16.2312
165.888 257.126 6.06267 0.16532 14.9508
155.52 236.39 6.15411 0.138414 14.7692
167.962 333.85 6.05831 0.353088 14.9862
130.637 348.365 6.07562 0.391117 14.8164
128.563 288.23 6.09688 0.264084 14.7602
234.317 66.3552 6.05728 -0.405018 15.243
308.966 64.2816 6.00924 -0.612331 15.7733
255.053 182.477 6.14224 -0.0780003 15.2184
87.0912 111.974 6.24576 -0.0313309 14.4117
143.078 87.0912 6.10474 -0.198188 14.7842
132.71 43.5456 6.12782 -0.265017 14.6975
557.798 248.832 5.55595 -1.10207 23.0427
501.811 250.906 4.97871 -1.00678 22.7864
559.872 302.746 4.44273 -1.04735 29.5731
360.806 257.126 5.78667 -0.101906 16.7882
335.923 221.875 5.79709 -0.219506 16.5426
385.69 284.083 5.75805 -0.0226122 17.2197
369.101 306.893 5.82703 0.126325 16.8348
476.928 93.312 5.97164 -1.24505 17.9952
441.677 95.3856 5.72105 -1.2592 18.133
344.218 167.962 5.93312 -0.393618 16.2854
449.971 186.624 5.69737 -0.787092 18.4229
306.893 590.976 5.7527 1.3409 16.4756
49.7664 559.872 5.98257 0.863051 14.7184
136.858 566.093 6.02176 0.913494 14.9611
80.8704 636.595 6.02934 1.0331 14.7611
62.208 617.933 6.05417 0.965308 14.6672
134.784 667.699 5.97765 1.1883 15.026
153.446 607.565 5.98346 1.05058 15.0825
261.274 400.205 6.09008 0.523806 15.3886
107.827 439.603 6.10424 0.592372 14.7041
101.606 503.885 6.02715 0.74799 14.8195
58.0608 497.664 5.97789 0.731676 14.7435
607.565 663.552 7.0277 1.51174 16.2652
474.854 582.682 6.18372 1.50459 17.5362
412.646 375.322 5.58956 0.419297 18.1654
352.512 508.032 5.68062 1.0775 17.1177
391.91 483.149 5.56414 1.06482 17.9749
412.646 493.517 5.26343 1.27844 19.2126
856.397 277.862 7.94557 0.00821544 16.3802
814.925 232.243 7.86087 -0.308246 17.1927
661.479 263.347 6.70545 -1.05929 24.087
709.171 232.243 7.33792 -1.14272 22.1257
649.037 211.507 6.64941 -1.48405 22.6768
746.496 263.347 7.60076 -0.350287 18.5698
742.349 358.733 7.5794 0.270136 18.4632
939.341 89.1648 8.01573 -0.413951 15.4217
877.133 161.741 7.95307 -0.362933 16.0521
690.509 141.005 7.23368 -1.05727 18.3068
1150.85 232.243 8.17859 0.139752 14.5556
1115.6 348.365 8.14925 0.347057 14.6262
1225.5 344.218 8.19257 0.353136 14.3322
955.93 250.906 8.07034 0.0459669 15.4327
1057.54 221.875 8.02412 0.122045 14.5791
945.562 292.378 8.0348 0.167198 15.4047
1237.94 70.5024 8.2541 -0.107356 14.4162
1157.07 149.299 8.20154 -0.0209807 14.5824
1233.79 161.741 8.25664 0.0402711 14.4257
1233.79 155.52 8.26116 0.0318108 14.437
976.666 111.974 8.13089 -0.375893 15.4885
951.783 145.152 8.07134 -0.281782 15.5522
806.63 597.197 7.78792 1.27119 16.4429
918.605 642.816 7.97814 1.12848 15.4027
758.938 609.638 7.65304 1.53679 17.3431
854.323 437.53 7.87271 0.604469 15.836
816.999 375.322 7.85306 0.384542 16.8602
937.267 364.954 8.01659 0.366485 15.396
883.354 379.469 7.98329 0.402205 15.9917
875.059 454.118 7.89869 0.63864 15.679
731.981 435.456 7.52295 0.755093 18.5309
673.92 514.253 7.07598 1.61076 20.873
1192.32 603.418 8.17386 0.767357 14.3822
1123.89 624.154 8.16233 0.864504 14.6038
1013.99 572.314 8.16817 0.900353 15.2459
1026.43 543.283 8.16522 0.798177 15.0952
987.034 634.522 8.0417 0.992474 15.0057
1026.43 678.067 8.09391 1.06062 14.9191
1132.19 462.413 8.15307 0.558689 14.5649
951.783 406.426 8.05816 0.480863 15.4335
976.666 393.984 8.12071 0.444815 15.3907
966.298 522.547 8.03699 0.763003 15.1517
586.829 95.3856 6.39969 -1.72039 19.4553
1020.21 562.36 8.18293 0.8685 15.2264
1119.74 584.755 8.16465 0.7869 14.6098
505.129 186.624 5.54456 -1.22764 20.4288
74.6496 251.32 6.14006 0.209811 14.5392
997.816 639.498 8.05795 1.0176 15.0078
987.863 634.522 8.03891 0.992615 14.9978
1047.58 641.987 8.06594 0.92814 14.6817
1149.6 398.131 8.24161 0.444037 14.6718
1117.26 348.365 8.12731 0.35158 14.5566
1134.67 288.645 8.20285 0.229297 14.6688
1206.84 460.339 8.16322 0.536859 14.3186
216.484 505.129 5.84127 0.860917 15.5942
206.531 348.365 5.87154 0.363901 15.4822
1152.09 231.414 8.18979 0.132584 14.5796
106.998 437.944 6.06874 0.596552 14.7546
450.386 186.624 5.62735 -0.83477 18.6693
639.498 261.274 6.5146 -0.973222 23.1239
918.19 641.987 7.97029 1.114 15.3288
900.772 669.358 7.92805 1.19916 15.3398
136.858 564.849 6.0447 0.906056 14.9184
171.694 549.919 5.98735 0.914774 15.1639
256.297 627.057 5.89839 1.30276 15.7717
741.519 154.276 7.55446 -1.00037 18.4052
1089.88 121.928 8.06322 -0.05508 14.5396
1189.42 661.893 8.16516 0.856919 14.3684
1194.39 602.174 8.17512 0.768693 14.3815
945.562 291.133 8.03755 0.1638 15.4095
111.974 515.082 6.05066 0.774713 14.8062
57.2314 502.641 6.00937 0.730411 14.6864
1052.56 320.993 8.01477 0.307375 14.5725
1229.23 159.253 8.2596 0.0353029 14.4385
1201.86 263.762 8.21259 0.213549 14.4398
141.834 502.641 6.04824 0.759603 14.9175
154.276 457.851 6.03099 0.653551 14.9903
308.552 64.6963 6.01846 -0.607206 15.7508
873.4 452.874 7.89366 0.634326 15.6826
838.564 159.253 7.93117 -0.581896 16.8667
395.643 119.439 5.80038 -0.832929 17.1645
811.192 510.106 7.82144 0.950428 16.6301
131.881 47.2781 6.1357 -0.262149 14.6873
169.206 415.549 6.06225 0.554068 15.0064
144.323 368.271 6.08801 0.431893 14.8376
256.297 109.486 6.15813 -0.26815 15.1628
955.515 251.32 8.0826 0.0410616 15.4825
67.1846 333.435 6.13103 0.369769 14.5381
335.923 223.949 5.82256 -0.205143 16.4769
875.889 161.741 7.95351 -0.365273 16.067
977.91 111.974 8.13222 -0.36487 15.486
940.585 89.5795 8.02014 -0.420618 15.4531
258.785 126.904 6.16777 -0.225433 15.1731
221.461 134.369 6.03352 -0.216196 15.2286
806.216 597.197 7.78959 1.2717 16.4663
878.377 313.528 7.92978 0.187552 15.8031
1057.54 258.785 8.01457 0.19592 14.5238
395.643 475.269 5.5045 1.04493 18.2108
950.538 146.811 8.07316 -0.280878 15.5388
169.206 333.435 6.05779 0.351913 14.9896
139.346 338.412 6.06862 0.366518 14.8528
286.157 462.828 5.87336 0.762131 16.0173
811.192 276.204 7.84901 -0.0865287 17.1276
885.842 378.225 7.98411 0.39881 15.9908
328.458 378.225 5.73824 0.459773 16.6078
1045.09 199.066 8.02118 0.0705961 14.6005
268.739 136.858 6.18214 -0.199895 15.1893
888.33 241.367 7.99603 -0.0798415 16.0264
395.643 181.647 5.66943 -0.615675 17.624
368.271 306.063 5.82139 0.126411 16.8476
671.846 512.594 7.05015 1.61783 21.0862
706.683 470.293 7.3792 1.05655 19.346
398.131 241.367 5.82015 -0.237419 17.1697
353.341 211.507 5.90676 -0.230356 16.4327
781.333 492.687 7.74114 0.924865 16.955
734.055 505.129 7.55231 1.18135 18.4426
746.496 263.762 7.59586 -0.351178 18.6718
395.643 418.038 5.4479 0.69064 18.3415
343.388 403.108 5.79861 0.558401 16.6716
415.549 258.785 5.70321 -0.237763 17.7737
768.891 350.853 7.71015 0.241654 17.9552
709.171 363.295 7.37919 0.314982 18.421
256.795 627.057 5.8499 1.32334 15.8785
1134.67 462.828 8.15384 0.55556 14.56
1197.38 603.169 8.17631 0.768406 14.3796
98.5375 504.631 6.05125 0.744102 14.7791
104.509 438.94 6.0559 0.59931 14.7726
83.6076 456.856 6.04672 0.6349 14.7209
418.038 167.215 5.83685 -0.6509 17.3365
555.393 247.837 5.59915 -1.07581 22.7294
501.645 250.823 5.04565 -0.984635 22.4841
919.683 644.973 7.96836 1.11479 15.3183
946.557 292.626 8.05956 0.150281 15.5256
86.5936 110.481 6.24674 -0.0297123 14.4122
143.327 501.645 6.04639 0.758959 14.9213
146.313 462.828 6.06442 0.662175 14.8957
194.089 567.337 5.99594 0.98044 15.2259
149.299 516.575 6.02203 0.801615 14.9889
1161.55 146.313 8.1814 -0.00594115 14.5214
1206.34 262.767 8.21053 0.211963 14.4202
209.019 412.066 6.04207 0.543751 15.2173
173.187 612.127 5.94943 1.0974 15.2213
367.276 65.6917 5.96648 -0.830484 16.376
877.879 161.243 7.94841 -0.355788 15.987
468.8 477.758 5.02672 1.42634 21.3423
842.048 570.323 7.83909 1.03012 15.8201
71.6636 325.472 6.11938 0.355134 14.576
226.935 265.753 6.12047 0.157594 15.1382
113.467 173.187 6.27354 0.0749044 14.4509
259.781 128.397 6.1845 -0.213697 15.1379
220.963 134.369 6.05906 -0.203807 15.1758
265.753 113.467 6.1334 -0.286103 15.2751
232.907 62.7057 6.10376 -0.385955 15.1255
940.585 361.304 8.0344 0.358568 15.5115
892.809 238.879 7.99233 -0.0838018 16.0266
173.187 289.641 6.07185 0.23799 14.9718
304.57 176.173 6.01547 -0.229356 15.7595
815.174 232.907 7.85388 -0.311105 17.2154
441.926 280.683 5.5826 -0.218513 18.6865
435.954 220.963 5.66192 -0.533704 18.2563
922.669 573.309 7.97426 0.934703 15.3714
940.585 89.5795 8.02093 -0.416722 15.4499
949.543 80.6216 8.0313 -0.447423 15.4332
970.445 170.201 8.10345 -0.196118 15.4918
1057.04 259.781 8.00447 0.19714 14.512
934.613 435.954 8.01812 0.566001 15.4542
355.332 495.673 5.70542 1.01617 17.0646
671.846 510.603 7.05015 1.61783 21.0862
710.664 471.786 7.37676 1.08684 19.7555
764.412 212.005 7.69187 -0.687933 18.6934
397.136 182.145 5.80536 -0.529546 17.1662
358.318 131.383 5.90713 -0.579751 16.4635
725.594 555.393 7.47977 1.51791 18.5823
370.262 340.402 5.81127 0.282369 16.8782
770.384 352.346 7.70929 0.244793 17.8374
459.842 286.655 5.41274 -0.273527 19.6838
988.361 633.029 8.03346 0.984371 14.9887
1116.76 349.36 8.13182 0.35043 14.5594
1152.59 232.907 8.16468 0.145558 14.501
677.818 134.369 7.01262 -1.70625 20.4948
665.875 259.781 6.80935 -0.988969 23.1812
450.884 624.071 6.29575 1.51068 16.7001
71.6636 564.351 5.99939 0.872348 14.775
480.743 92.5655 5.98133 -1.2451 17.9951
546.435 200.061 5.93286 -1.12087 20.4452
633.029 259.781 6.12241 -1.31241 25.9309
262.767 322.486 5.90475 0.271327 15.7256
917.294 644.973 7.98275 1.14589 15.468
978.209 548.227 7.99294 0.782646 14.8844
1157.37 146.91 8.18299 -0.00690496 14.5293
85.9964 111.079 6.25031 -0.0308792 14.413
204.241 533.894 5.96069 0.903394 15.344
136.161 93.1627 6.13065 -0.173519 14.7238
193.492 272.322 6.0814 0.18302 15.0275
154.077 254.406 6.02577 0.159337 14.9693
336.819 222.157 5.74295 -0.235471 16.6714
343.985 326.07 5.72628 0.218849 16.8321
308.154 297.404 5.94419 0.154436 15.9892
265.155 204.241 6.17661 -0.01224 15.2108
222.157 136.161 6.04393 -0.209101 15.2164
978.209 111.079 8.1192 -0.353066 15.4095
390.567 480.146 5.98989 0.903528 16.6875
71.6636 326.07 6.12897 0.353787 14.5629
78.83 304.57 6.12937 0.322935 14.5646
286.655 462.23 5.89635 0.757109 15.9513
412.066 254.406 5.69953 -0.246081 17.7824
505.229 379.817 4.64241 0.419304 24.5056
659.305 498.062 6.94998 1.57549 21.4764
949.543 146.91 8.07061 -0.281539 15.5339
261.572 111.079 6.15711 -0.270733 15.1921
257.989 82.4132 5.9739 -0.448331 15.5201
791.883 386.984 7.78617 0.440782 17.3576
920.878 573.309 7.97901 0.934591 15.3894
888.629 512.395 7.94867 0.826714 15.7992
730.969 541.06 7.52712 1.38694 18.3267
369.068 340.402 5.67357 0.255728 17.2694
365.485 304.57 5.72789 0.10198 17.0639
422.815 361.901 5.54563 0.324961 18.4786
756.051 333.236 7.64665 0.108754 18.1824
730.969 340.402 7.51806 0.164608 18.2304
358.318 415.649 5.71794 0.641257 17.0545
748.885 490.896 7.5842 1.01311 18.0443
738.135 508.812 7.5605 1.1668 18.294
723.803 469.397 7.48128 0.93638 18.2845
315.32 426.399 5.83392 0.63569 16.3117
745.302 268.739 7.58113 -0.354652 18.8882
777.55 419.232 7.73961 0.605914 17.6127
440.731 311.737 5.60339 0.00999807 18.6566
935.21 433.565 8.01877 0.560954 15.443
1085.7 433.565 8.18731 0.522393 14.862
1121.54 584.059 8.16878 0.785985 14.6262
781.134 601.974 7.70065 1.41223 16.9453
945.96 290.238 8.05619 0.149646 15.5239
1196.78 318.903 8.20482 0.300132 14.4275
1207.53 222.157 8.23382 0.137503 14.4848
816.965 182.742 7.8708 -0.550501 17.2778
662.889 257.989 6.75381 -1.09136 23.9397
422.815 480.146 5.04851 1.30104 20.1083
469.397 616.307 6.26646 1.54312 17.0288
103.912 440.731 6.01802 0.603145 14.8321
175.576 591.225 5.91853 1.05197 15.2947
232.907 644.973 5.81051 1.34955 15.8025
444.315 179.159 5.68238 -0.803772 18.3938
498.062 96.7459 6.08956 -1.24435 18.0376
630.64 261.572 6.45232 -0.953449 22.8918
128.995 161.243 6.27147 0.0423351 14.4857
333.236 103.912 5.97781 -0.57162 16.0534
1122.25 90.2962 8.14337 -0.13329 14.5904
1148.05 94.596 8.19465 -0.123736 14.57
847.064 541.777 7.8774 0.994699 16.1812
1057.76 421.382 8.15218 0.501178 14.9038
313.887 503.079 5.81309 0.960659 16.3602
399.883 245.09 5.71511 -0.260669 17.5252
881.463 309.587 7.94204 0.175128 15.8106
984.658 107.495 8.119 -0.34118 15.3008
945.96 81.6965 8.03264 -0.458945 15.5311
232.19 262.289 6.11392 0.150458 15.1509
601.975 292.388 5.39313 -1.1072 28.3059
425.682 378.384 5.42518 0.450224 18.8292
386.984 369.784 5.68775 0.41041 17.4057
696.57 408.483 7.25158 0.641263 20.2969
924.461 567.576 7.97901 0.934591 15.3894
219.291 404.183 5.94111 0.542204 15.4175
442.881 270.889 5.84387 -0.167938 17.8367
434.282 223.591 5.67753 -0.519498 18.1939
455.781 412.783 4.8898 0.79084 21.5838
464.38 365.485 5.03259 0.319717 21.182
739.569 378.384 7.53545 0.393415 18.1213
369.784 339.686 5.90738 0.275983 16.6119
365.485 305.287 5.82748 0.124426 16.7993
412.783 490.179 5.31161 1.24862 19.019
739.569 481.58 7.55935 1.03061 18.36
941.66 361.185 8.04752 0.353216 15.5115
1195.35 464.38 8.15161 0.537948 14.328
1070.65 477.28 8.1072 0.59553 14.6988
1152.35 408.483 8.24279 0.457571 14.6715
1126.55 361.185 8.1446 0.377201 14.5726
1010.46 567.576 8.1651 0.896318 15.2409
980.359 546.077 8.04551 0.805076 15.1452
1122.25 584.775 8.1616 0.780053 14.5739
1126.55 567.576 8.15402 0.76723 14.5586
1160.95 146.194 8.18702 -0.015224 14.561
696.57 137.594 7.23069 -1.14455 18.66
851.364 154.793 7.89704 -0.433745 16.1821
374.084 507.379 5.48896 1.2135 17.8569
103.196 438.581 6.06693 0.591895 14.7378
107.495 619.174 6.00656 1.03041 14.8627
137.594 558.976 5.9861 0.913661 15.0211
546.077 197.792 5.90826 -1.12927 20.4473
632.073 257.989 6.44858 -0.96095 22.8599
335.386 103.196 6.1417 -0.45461 15.6523
171.993 352.585 6.02269 0.393884 15.0722
150.494 232.19 6.15452 0.135928 14.7588
670.772 459.221 7.03115 1.10556 20.9848
737.849 340.546 7.53074 0.166086 18.0779
856.524 397.303 7.90182 0.461111 16.0212
232.19 263.149 6.11777 0.147278 15.1375
717.21 402.463 7.46153 0.486064 19.1512
779.127 608.854 7.6921 1.38388 16.8693
908.122 479.86 7.97 0.698116 15.5312
851.364 263.149 7.93761 -0.0895092 16.6054
443.741 273.468 5.81533 -0.185498 17.9777
412.783 474.7 5.6956 0.990209 17.7751
846.204 505.659 7.87708 0.840508 16.0901
706.89 366.345 7.3505 0.316646 18.3816
939.08 433.422 8.01983 0.557619 15.4277
944.24 361.185 8.06028 0.34272 15.5002
1073.23 479.86 8.0953 0.594327 14.6482
1006.16 619.174 8.0628 0.936409 14.9624
923.601 572.736 7.98384 0.936831 15.4296
1150.63 593.375 8.20555 0.79536 14.6008
1093.87 196.072 8.0546 0.0872294 14.4994
1150.63 340.546 8.17782 0.340831 14.5791
1119.67 345.705 8.15575 0.343261 14.618
851.364 154.793 7.963 -0.588702 16.8504
841.044 149.634 7.96357 -0.591058 16.8149
98.0359 443.741 6.10105 0.595164 14.705
206.391 407.623 6.10342 0.528924 15.0293
108.355 619.174 5.99391 1.03719 14.914
500.499 257.989 4.79047 -1.06676 23.568
196.072 196.072 6.08526 0.00878824 15.0228
288.948 159.953 6.15391 -0.202374 15.3876
247.67 123.835 6.11924 -0.23584 15.1968
216.711 257.989 6.07807 0.131638 15.1976
334.354 160.985 5.93524 -0.367028 16.1706
346.737 117.643 5.93669 -0.574084 16.1638
396.271 253.861 5.76223 -0.238372 17.321
445.805 272.436 5.40271 -0.324188 19.4066
712.05 321.97 7.40834 0.159612 16.8747
811.118 229.094 7.85871 -0.336619 17.3996
241.478 123.835 6.11462 -0.243494 15.1828
965.911 414.846 8.09435 0.498759 15.3985
334.354 222.903 5.74864 -0.232163 16.6457
433.422 365.313 5.80486 0.384306 17.8854
390.08 359.121 5.74146 0.357956 17.2699
1040.21 247.67 8.0117 0.130718 14.6132
662.516 421.038 6.97057 0.782579 21.0779
1151.66 408.655 8.21625 0.466319 14.5784
1058.79 408.655 8.15444 0.439898 14.9089
922.569 569.64 8.02007 0.967125 15.6356
972.103 532.49 8.05228 0.806394 15.2148
712.05 476.764 7.41244 1.05718 18.8294
749.2 377.696 7.64132 0.342791 18.2099
767.776 594.407 7.679 1.37425 16.8632
786.351 557.256 7.80357 1.27585 17.8143
953.528 222.903 8.06767 -0.04316 15.5142
1095.94 191.944 8.05905 0.0873442 14.4985
848.268 266.245 7.90462 -0.0212666 16.22
204.327 402.463 6.05641 0.542229 15.1762
309.587 427.23 5.66805 0.669891 16.6486
359.121 408.655 5.75611 0.605213 16.9759
198.136 563.448 6.02787 0.971303 15.1766
136.218 557.256 5.99141 0.906999 15.0185
260.053 526.298 5.84536 0.960763 15.9221
377.696 136.218 5.73619 -0.711527 17.1191
402.463 297.203 5.58268 -0.043781 18.0192
600.599 291.012 5.46207 -1.089 27.5934
532.49 241.478 5.19719 -1.2729 23.6907
241.478 222.903 5.99415 0.00377957 15.4407
266.245 321.97 5.91976 0.26978 15.7114
532.49 191.944 5.79686 -1.18805 20.5686
653.848 326.924 6.99258 -0.0105842 18.8007
371.504 512.676 5.29045 1.29418 18.4875
1099.65 408.655 8.19704 0.463561 14.7724
1017.92 549.826 8.17836 0.808005 15.1732
973.341 534.966 8.04559 0.80396 15.1325
1121.94 572.117 8.17449 0.792481 14.6262
705.858 378.934 7.41783 0.413001 18.6159
661.278 505.246 6.88574 1.67553 22.2974
1040.21 230.333 8.01476 0.12536 14.6129
683.568 148.602 7.21197 -1.04741 18.3734
743.009 304.634 7.56772 -0.0915096 18.7928
208.042 408.655 6.07695 0.529588 15.1069
141.172 557.256 6.02991 0.889217 14.9385
475.526 237.763 5.34551 -0.778497 20.2491
445.805 274.913 5.82366 -0.182526 17.9357
334.354 156.032 5.98841 -0.348969 16.0166
557.256 549.826 6.11308 1.85003 20.5701
445.805 410.141 5.57424 0.674233 18.7343
427.973 374.476 5.58379 0.379446 18.463
427.973 508.218 5.70304 1.12545 18.0352
757.869 481.47 7.6403 0.946901 17.8146
1034.27 249.651 8.00616 0.12544 14.6131
954.023 436.889 8.04219 0.54985 15.4316
954.023 374.476 8.0733 0.377079 15.5058
971.855 543.882 8.04904 0.803203 15.189
1078.85 472.554 8.33597 0.630122 15.2676
757.869 436.889 7.68176 0.722392 18.785
659.792 419.057 6.94022 0.784409 21.2246
847.03 517.134 7.79586 0.805158 15.5358
989.688 169.406 8.15304 -0.15705 15.445
1078.85 249.651 8.05632 0.176622 14.5506
1096.68 196.154 8.15773 0.0440329 14.6669
1078.85 276.399 8.05806 0.212123 14.5571
757.869 249.651 7.69021 -0.428347 18.424
659.792 258.567 6.60876 -1.05579 23.3619
766.785 329.896 7.65434 0.10953 18.1651
499.302 436.889 5.87479 0.848335 18.9137
222.903 365.56 5.96221 0.412005 15.364
169.406 517.134 6.14087 0.773075 14.9022
312.064 526.05 5.95954 0.922494 15.9023
374.476 517.134 5.34383 1.27593 18.3785
303.148 508.218 5.85712 1.03308 16.2437
472.554 231.819 5.55519 -0.663753 19.5573
410.141 240.735 5.8628 -0.230233 17.2616
508.218 187.238 5.55671 -1.26743 20.8962
419.057 338.812 5.82622 0.22024 17.4981
588.463 285.315 5.38514 -1.16796 27.4352
231.819 187.238 5.97972 -0.0528932 15.3602
196.154 178.322 6.08868 -0.0378712 15.0001
329.896 231.819 5.79695 -0.192874 16.4865
285.315 249.651 5.73824 -0.0811191 16.2342
374.476 169.406 5.96017 -0.388837 16.4109
267.483 196.154 6.17601 -0.055998 15.2194
178.322 267.483 6.07053 0.173403 14.9855
267.483 320.98 5.87801 0.267502 15.821
