1017 312 -17.2937 -1.14844 7.8084
1022 379 -17.3023 -1.09776 7.79838
1046 109 -16.5626 -1.77889 8.78645
1068 253 -17.2848 -1.17525 7.75441
1105 339 -17.3256 -1.10064 7.67448
1034 43 -16.7362 -1.77716 8.54059
1146 667 -17.3393 -0.924915 7.66177
1226 642 -17.3297 -0.940716 7.61296
1104 654 -17.3545 -0.931905 7.67239
1023 405 -17.2872 -1.0842 7.82741
1016.6 332.8 -17.2913 -1.13473 7.81576
1054.3 288.6 -17.2793 -1.15835 7.78554
1093.3 556.4 -17.3589 -0.9826 7.66429
1151.8 380.9 -17.2842 -1.07886 7.6943
1099.8 235.3 -17.3077 -1.16604 7.68925
1068.6 253.5 -17.2855 -1.17466 7.75265
1145.3 653.9 -17.3474 -0.933969 7.64817
1054.3 250.9 -17.2829 -1.1816 7.77378
1053 341.9 -17.3275 -1.10913 7.71913
1049.1 328.9 -17.2893 -1.13001 7.78124
1093.3 410.8 -17.2782 -1.07093 7.76342
1253.2 348.4 -17.3259 -1.07409 7.57025
1150.5 222.3 -17.2951 -1.16499 7.66272
1168.7 297.7 -17.3348 -1.10689 7.60927
1121.9 282.1 -17.2573 -1.15183 7.74214
1184.3 29.9 -17.2187 -1.30422 7.69316
1103.7 174.2 -17.3296 -1.18794 7.64787
1045.2 109.2 -16.5359 -1.79553 8.83102
1106.3 668.2 -17.3572 -0.925037 7.6671
1105 653.9 -17.3592 -0.933999 7.66393
1043.9 538.2 -17.3469 -0.992366 7.72663
1142.7 382.2 -17.2805 -1.08035 7.70613
1004.9 422.5 -17.2629 -1.07991 7.8967
1002.3 452.4 -17.2769 -1.05457 7.88306
1204.97 659.1 -17.3499 -0.935718 7.60232
1012.31 493.48 -17.2633 -1.02256 7.89773
1052.87 405.6 -17.2834 -1.07804 7.79981
1096.81 403.91 -17.2939 -1.07099 7.7334
1117.09 561.08 -17.3509 -0.980383 7.65574
1228.63 664.17 -17.3414 -0.933187 7.59918
1149.2 221.39 -17.2973 -1.16381 7.65913
1125.54 229.84 -17.2986 -1.16651 7.67838
1240.46 251.81 -17.3277 -1.11788 7.56568
1152.58 349.83 -17.2804 -1.09705 7.6945
1167.79 297.44 -17.3398 -1.10538 7.60151
1206.66 314.34 -17.3328 -1.09351 7.58734
1066.39 288.99 -17.2805 -1.15279 7.76741
1052.87 287.3 -17.2899 -1.15463 7.76848
1101.88 175.76 -17.3299 -1.18763 7.64726
1105.26 126.75 -17.3233 -1.21855 7.65072
1228.63 165.62 -17.3181 -1.16218 7.57344
1042.73 109.85 -16.5406 -1.79461 8.82745
1032.59 42.25 -16.745 -1.7698 8.52658
1194.83 588.12 -17.3283 -0.96405 7.63
1221.87 545.87 -17.3417 -0.986382 7.5911
1103.57 652.34 -17.3566 -0.934134 7.66883
1157.65 630.37 -17.3342 -0.943093 7.65471
1057.94 638.82 -17.3477 -0.934923 7.72242
1003.86 422.5 -17.2634 -1.07997 7.8958
1032.59 473.2 -17.2715 -1.03438 7.85017
1076.53 386.672 -17.2813 -1.08859 7.77361
1087.51 509.704 -17.2574 -1.00782 7.81266
1012.82 492.128 -17.2778 -1.02362 7.87232
1151.23 382.278 -17.2769 -1.07956 7.70611
1212.74 641.524 -17.3434 -0.943758 7.60308
1149.03 221.897 -17.3068 -1.16043 7.64696
1151.23 351.52 -17.2821 -1.09581 7.69287
1168.8 296.595 -17.3364 -1.10663 7.6075
1054.56 252.655 -17.2922 -1.17757 7.76107
1017.21 314.171 -17.2772 -1.153 7.83776
1052.36 342.732 -17.3156 -1.11239 7.73921
1054.56 287.807 -17.2846 -1.15678 7.77725
1208.35 195.533 -17.3268 -1.14897 7.58021
1034.79 41.743 -16.6693 -1.83359 8.64368
1192.97 522.886 -17.351 -0.997501 7.59659
1105.09 652.509 -17.3635 -0.935603 7.6551
1157.82 630.539 -17.3374 -0.943149 7.65042
1091.91 648.115 -17.3664 -0.93713 7.66575
1058.95 639.327 -17.3532 -0.936799 7.71258
1195.17 509.704 -17.3445 -1.00453 7.60287
1223.73 476.749 -17.3459 -1.01713 7.5781
1175.39 467.961 -17.3341 -1.025 7.62636
1059.61 636.91 -17.3472 -0.935295 7.7248
1036.76 628.342 -17.3145 -0.931523 7.80454
1196.71 305.603 -17.3367 -1.09777 7.58708
1168.14 294.178 -17.3497 -1.10278 7.58725
1196.71 508.386 -17.3539 -1.00407 7.5884
1159.58 482.681 -17.3455 -1.01894 7.62096
1173.86 468.4 -17.3419 -1.02379 7.61445
1002.49 425.559 -17.2204 -1.08551 7.97673
1045.33 585.5 -17.3298 -0.961317 7.76188
1122.45 231.344 -17.2915 -1.16928 7.68979
1142.44 651.191 -17.3454 -0.933585 7.65108
1153.86 602.637 -17.3325 -0.957889 7.65562
1213.84 639.766 -17.3403 -0.943287 7.60687
1051.04 285.61 -17.2838 -1.15795 7.77823
1016.77 314.171 -17.2829 -1.15164 7.82836
1116.73 556.939 -17.357 -0.981459 7.64618
1088.17 402.71 -17.2976 -1.07331 7.73463
1006.2 300.747 -17.2602 -1.17435 7.87489
1002.49 426.987 -17.2212 -1.0843 7.97637
1032.19 471.542 -17.2587 -1.03948 7.87969
1136.16 245.053 -17.2944 -1.15532 7.67691
1195.56 590.356 -17.322 -0.961513 7.6407
1154.72 605.207 -17.3335 -0.957013 7.65432
1002.49 512.384 -17.3219 -1.00986 7.81425
1113.88 553.226 -17.3437 -0.982028 7.66983
1143.58 375.006 -17.2614 -1.08669 7.73479
1058.18 634.911 -17.3711 -0.941297 7.68396
1073.04 196.785 -17.3374 -1.18128 7.66577
1206.7 200.498 -17.3216 -1.1509 7.58671
1169.57 293.321 -17.3448 -1.10643 7.5958
1105.34 333.05 -17.3223 -1.10564 7.67204
1057.07 429.586 -17.2797 -1.06177 7.80111
1023.28 400.625 -17.2877 -1.08618 7.82139
1028.11 468.2 -17.2618 -1.0397 7.87255
1008.8 487.508 -17.2828 -1.02562 7.8636
1100.51 593.697 -17.3602 -0.962532 7.66122
1095.69 178.592 -17.3054 -1.19814 7.69474
1052.24 284.782 -17.281 -1.16138 7.78357
1168.09 294.435 -17.3118 -1.11811 7.63731
1047.9 420.415 -17.269 -1.06504 7.82026
1047.9 514.538 -17.3218 -1.00674 7.75976
1110.65 332.567 -17.314 -1.10774 7.68548
1029.08 464.339 -17.3374 -1.03541 7.74555
1003.98 514.538 -17.3121 -1.01124 7.83585
1098.1 596.111 -17.3599 -0.961603 7.66456
1098.1 175.696 -17.3139 -1.19581 7.67631
1060.45 424.18 -17.3279 -1.05724 7.7219
1084.92 407.865 -17.3228 -1.06689 7.69426
1003.35 513.91 -17.281 -1.01633 7.89427
1109.39 546.539 -17.3099 -0.988146 7.70894
1101.24 236.562 -17.2982 -1.16696 7.70754
1093.08 179.461 -17.2738 -1.2127 7.72887
1049.85 498.411 -17.3371 -1.01645 7.72042
1049.85 265.112 -17.2376 -1.19722 7.86673
392.366 243.903 -17.7176 -1.16736 7.69999
625.665 498.411 -17.5504 -1.0479 8.02921
466.598 371.157 -17.6688 -1.18515 8.07121
827.151 296.926 -17.3788 -1.20226 7.9188
954.405 339.344 -17.2315 -1.16651 8.02114
901.382 212.09 -17.0483 -1.45869 8.41363
827.151 509.016 -17.2841 -1.02215 8.24932
890.778 477.202 -17.268 -1.06023 8.13055
572.643 455.993 -17.5904 -1.09983 8.14525
774.128 413.575 -17.4897 -1.08394 7.79137
519.62 381.762 -17.6489 -1.1326 7.86561
890.778 509.016 -17.296 -1.02949 8.06535
784.733 487.807 -17.3216 -1.05991 8.28598
657.479 509.016 -17.51 -1.05419 8.0721
498.411 413.575 -17.6588 -1.11616 7.95119
399.708 301.82 -17.7148 -1.13832 7.7123
522.068 203.933 -17.564 -1.66434 9.01158
603.641 236.562 -17.3254 -1.70587 9.38689
497.596 195.775 -17.5855 -2.06245 10.0052
619.955 554.697 -17.5387 -1.00613 8.16158
522.068 383.393 -17.5941 -1.20004 8.39993
815.73 342.607 -17.2747 -1.22509 8.26128
880.989 318.135 -17.2214 -1.22837 8.21412
913.618 203.933 -16.0111 -2.14761 10.4145
766.787 530.225 -17.3194 -1.01346 8.36714
717.843 489.438 -17.409 -1.05944 8.23156
962.562 383.393 -17.2361 -1.12974 8.00893
897.304 244.719 -17.2506 -1.27755 8.07558
897.304 277.348 -17.1961 -1.27834 8.19299
628.112 497.596 -17.5227 -1.05822 8.21469
840.202 432.337 -17.2483 -1.12668 8.33457
522.068 448.652 -17.6369 -1.10781 8.20017
119.222 188.246 -17.7602 -1.10058 7.43805
589.836 232.169 -17.2795 -2.06502 10.4191
407.865 138.047 -17.817 -2.2564 10.095
439.24 156.871 -17.7267 -1.94024 9.44362
288.643 508.263 -18.0065 -1.10915 8.96659
250.994 476.889 -18.0337 -1.16581 8.86008
564.737 545.912 -17.5745 -1.00758 8.38082
828.28 294.918 -17.2545 -1.27573 8.27636
853.38 332.567 -17.26 -1.21842 8.19106
671.409 250.994 -17.2514 -1.65885 9.27722
771.807 250.994 -16.6449 -1.89898 10.148
784.356 571.011 -17.3158 -0.961168 8.31006
727.883 489.438 -17.434 -1.05547 8.09494
941.228 508.263 -17.2936 -1.01973 7.93546
960.052 571.011 -17.3506 -0.973304 7.83143
909.853 420.415 -17.2705 -1.1068 8.0541
941.228 470.614 -17.2804 -1.05287 7.97025
778.081 420.415 -17.2834 -1.1637 8.38981
822.005 508.263 -17.138 -1.03353 8.65547
784.356 527.087 -17.3988 -1.00255 8.0728
840.83 439.24 -17.2801 -1.11156 8.22518
778.081 489.438 -17.2962 -1.06405 8.37117
734.157 571.011 -17.4384 -0.97689 8.11837
752.982 571.011 -17.3449 -0.963614 8.36409
577.286 527.087 -17.5818 -1.02717 8.20767
614.935 527.087 -17.5148 -1.02357 8.35289
294.435 125.497 -18.137 -2.23216 9.88736
521.295 207.553 -17.5979 -1.5302 8.63412
308.916 617.831 -17.742 -0.983798 7.60862
130.324 574.39 -17.7626 -1.00557 7.46116
849.518 231.687 -16.9606 -1.54232 8.8218
641.965 246.167 -17.3352 -1.56733 8.98583
719.194 250.994 -17.1837 -1.54739 8.96105
955.708 270.301 -17.2549 -1.21807 7.96784
719.194 617.831 -17.4009 -0.909934 8.31376
786.77 366.837 -17.1645 -1.26976 8.69799
781.943 419.932 -17.2221 -1.17513 8.56623
796.423 463.374 -17.2746 -1.08886 8.40147
786.77 492.334 -17.2945 -1.05293 8.32666
946.054 593.697 -17.3275 -0.943453 7.90914
941.228 608.178 -17.3043 -0.939335 7.96477
989.496 608.178 -17.3342 -0.945896 7.82313
173.765 429.586 -17.781 -1.05389 7.55011
386.145 212.38 -17.7119 -1.17229 7.66716
912.267 294.435 -17.1892 -1.25051 8.18024
854.345 333.05 -17.266 -1.21301 8.16767
559.91 473.027 -17.6065 -1.0723 8.10948
776.002 70.5457 -17.1291 -1.80944 8.70934
917.094 207.924 -17.0918 -1.42087 8.32581
545.801 219.063 -17.47 -1.98194 10.0173
501.245 196.785 -17.636 -1.50044 8.5045
404.709 129.953 -17.8481 -2.24823 10.013
579.217 627.485 -17.5602 -0.907108 8.39716
724.021 252.479 -17.1513 -1.56452 9.03228
649.763 623.772 -17.4606 -0.898087 8.46288
887.39 493.82 -17.2671 -1.0413 8.12476
245.053 382.432 -17.756 -1.07063 7.56265
790.854 471.542 -17.1763 -1.08963 8.70943
207.924 571.791 -18.0659 -1.00149 8.73989
891.103 326.738 -17.2209 -1.21197 8.15385
913.381 349.015 -17.2852 -1.15943 7.99794
995.065 612.633 -17.3485 -0.945781 7.78765
998.778 634.911 -17.3081 -0.923935 7.86952
564.365 382.432 -17.5248 -1.28352 8.81851
371.293 549.514 -17.719 -1.00921 7.60688
709.169 564.365 -17.4424 -0.974087 8.19952
478.968 360.154 -17.673 -1.20066 8.22635
894.816 219.063 -16.6466 -1.73312 9.33685
879.964 271.044 -17.2603 -1.26062 8.10148
772.289 616.346 -17.2858 -0.890844 8.49644
720.308 623.772 -17.4231 -0.910813 8.22099
753.725 623.772 -17.3781 -0.901248 8.27729
965.362 349.015 -17.2918 -1.13924 7.88114
935.658 508.671 -17.3123 -1.02053 7.93213
620.059 434.413 -17.4802 -1.16167 8.51881
636.91 245.625 -17.3468 -1.5916 9.04937
531.234 54.2659 -17.568 -1.78541 8.62651
499.817 197.071 -17.6352 -1.50477 8.51728
654.047 248.481 -17.1241 -1.88224 10.0173
776.859 357.012 -17.0483 -1.36167 9.09371
796.852 502.674 -17.2397 -1.04802 8.47551
885.391 554.083 -17.3097 -0.979484 8.0419
893.959 556.939 -17.3139 -0.978573 8.01426
371.293 551.227 -17.7181 -1.00725 7.60609
725.449 542.659 -17.4055 -0.995108 8.23439
725.449 571.22 -17.4004 -0.965959 8.27232
485.537 422.703 -17.6618 -1.13348 8.18041
913.952 348.444 -17.3249 -1.14496 7.90885
996.779 576.932 -17.3174 -0.965062 7.84096
896.815 374.149 -17.3053 -1.13768 7.99165
865.398 608.349 -17.3337 -0.933664 8.04122
634.054 559.796 -17.5122 -0.983892 8.2514
494.105 562.652 -17.6645 -0.992064 8.07561
942.513 474.113 -17.2899 -1.04674 7.95603
719.737 625.486 -17.4198 -0.902187 8.24753
936.801 608.349 -17.332 -0.940633 7.90717
996.779 614.061 -17.3688 -0.946602 7.75038
871.11 274.186 -17.202 -1.29393 8.24184
899.671 277.042 -17.2282 -1.26911 8.1301
819.701 659.759 -17.2882 -0.852697 8.31466
893.959 494.105 -17.2659 -1.03755 8.10856
825.413 297.034 -17.3067 -1.2434 8.13064
474.113 308.459 -17.6715 -1.23514 8.10383
311.315 614.061 -17.7407 -0.984208 7.59819
936.801 197.071 -16.8028 -1.60609 8.80494
979.642 171.366 -16.4674 -1.81871 9.19533
579.788 631.198 -17.535 -0.884553 8.62529
574.076 639.766 -17.5785 -0.905531 8.27701
956.793 274.186 -17.2869 -1.20117 7.89867
985.354 251.337 -17.2892 -1.20354 7.84581
239.912 234.2 -17.7557 -1.122 7.54313
615.16 241.67 -17.2405 -1.92058 10.0706
782.132 355.914 -17.1295 -1.31663 8.83623
953.498 604.175 -17.3485 -0.948153 7.8469
984.256 527.28 -17.3386 -1.0008 7.8092
997.438 577.811 -17.3432 -0.967514 7.79104
841.451 448.188 -17.2788 -1.09051 8.21149
797.511 503.113 -17.2205 -1.04804 8.54252
883.194 432.809 -17.313 -1.08773 8.01639
720.616 626.145 -17.3863 -0.893669 8.38899
755.768 626.145 -17.291 -0.879074 8.57002
779.935 654.706 -17.2403 -0.826452 8.62686
703.04 630.539 -17.4002 -0.887154 8.42875
727.207 544.856 -17.3837 -0.99424 8.32899
656.903 529.477 -17.4967 -1.01307 8.1914
714.025 562.432 -17.4343 -0.975389 8.20492
672.282 595.387 -17.4645 -0.941526 8.27839
913.952 661.297 -17.3268 -0.894611 7.97119
819.481 661.297 -17.291 -0.852819 8.30797
832.663 672.282 -17.2701 -0.838874 8.32401
793.117 547.053 -17.2612 -0.985535 8.44928
951.301 305.383 -17.2102 -1.21485 8.06213
977.665 327.353 -17.2682 -1.16058 7.90915
955.695 276.822 -17.187 -1.25066 8.09294
692.055 48.334 -17.3219 -1.75718 8.55842
876.603 109.85 -16.8845 -1.79754 8.84787
878.8 314.171 -17.3072 -1.1965 8.01099
918.346 305.383 -17.258 -1.20961 8.03269
867.815 353.717 -17.295 -1.17078 8.07344
826.072 298.792 -17.2726 -1.26427 8.22947
867.815 276.822 -17.1915 -1.30564 8.282
810.693 246.064 -16.9809 -1.57496 9.02336
485.537 424.021 -17.6657 -1.12321 8.10223
384.475 573.417 -17.7129 -0.998954 7.60486
580.008 634.933 -17.5532 -0.894327 8.46187
575.614 553.644 -17.574 -0.995568 8.19191
632.736 560.235 -17.5249 -0.984292 8.18522
601.978 599.781 -17.5245 -0.935305 8.44594
463.567 175.76 -17.6981 -2.11826 10.0226
529.477 50.531 -17.5624 -1.81305 8.68665
883.194 540.462 -17.319 -0.993183 8.02999
832.663 529.477 -17.1395 -1.00763 8.6292
790.92 382.278 -17.1105 -1.2582 8.8436
938.119 610.766 -17.3332 -0.941279 7.90375
834.86 322.959 -17.3 -1.21763 8.13624
859.027 336.141 -17.2999 -1.19068 8.07537
760.162 564.629 -17.357 -0.969332 8.28566
775.541 582.205 -17.3254 -0.947509 8.33184
877.11 43.94 -16.9794 -1.80932 8.62215
998.79 618.54 -17.3433 -0.943054 7.79652
992.03 684.45 -17.3388 -0.894817 7.82439
986.96 544.18 -17.3358 -0.986373 7.8151
941.33 478.27 -17.2877 -1.04227 7.96324
897.39 493.48 -17.3115 -1.03318 7.99882
750.36 655.72 -17.3422 -0.854507 8.40573
650.65 628.68 -17.4348 -0.879296 8.60931
726.7 545.87 -17.354 -0.993642 8.43837
758.81 566.15 -17.3499 -0.968211 8.31641
691.21 593.19 -17.4617 -0.946941 8.2026
914.29 662.48 -17.325 -0.894472 7.97219
954.85 277.16 -17.2733 -1.2059 7.92842
691.21 49.01 -17.306 -1.78143 8.60958
677.69 108.16 -17.2818 -1.8079 8.87093
782.47 356.59 -17.1332 -1.31273 8.82273
730.08 253.5 -17.158 -1.55814 9.00647
823.03 300.82 -17.291 -1.25391 8.18563
907.53 212.94 -16.742 -1.65986 9.04685
941.33 243.36 -17.2714 -1.24244 7.94837
493.48 493.48 -17.66 -1.05697 8.12831
344.76 662.48 -17.7301 -0.964643 7.61388
349.83 579.67 -17.7263 -0.997866 7.60478
579.67 635.44 -17.5542 -0.890612 8.45674
47.32 395.46 -17.8286 -1.07066 7.57005
197.73 397.15 -17.7725 -1.0663 7.55961
310.96 615.16 -17.7415 -0.984924 7.60792
314.34 659.1 -17.7405 -0.969329 7.60205
403.91 128.44 -17.859 -2.24943 9.98821
528.97 52.39 -17.5733 -1.76716 8.59808
341.38 268.71 -17.7351 -1.14054 7.65118
571.22 229.84 -17.4713 -1.63104 9.06217
537.42 214.63 -17.4879 -1.89367 9.75366
59.15 138.58 -17.7638 -1.10028 7.4105
329.55 321.1 -17.7402 -1.11449 7.64729
895.7 557.7 -17.2837 -0.976977 8.08765
866.97 606.71 -17.3187 -0.931887 8.08185
983.58 527.28 -17.3098 -1.00042 7.86579
866.97 277.16 -17.2813 -1.25154 8.08972
856.83 310.96 -17.2946 -1.2184 8.08962
655.72 528.97 -17.5004 -1.01296 8.17394
895.7 376.87 -17.2896 -1.14037 8.02886
961.61 626.99 -17.3423 -0.933044 7.85112
968.37 648.96 -17.3457 -0.917912 7.83676
892.32 341.38 -17.2639 -1.18378 8.08411
621.92 532.35 -17.5517 -1.01143 8.039
613.47 550.94 -17.5171 -0.995238 8.36727
866.97 664.17 -17.3245 -0.880046 8.07933
833.17 672.62 -17.2777 -0.840462 8.30271
899.08 469.82 -17.3031 -1.05305 8.01092
882.18 432.64 -17.2887 -1.09371 8.07559
895.7 424.19 -17.2938 -1.09765 8.03233
615.16 522.21 -17.5319 -1.02815 8.23866
783.9 357.5 -17.0847 -1.33675 8.95723
877.5 44.2 -16.9419 -1.85012 8.69271
942.5 479.7 -17.2901 -1.04125 7.95935
757.9 657.8 -17.3357 -0.850294 8.40539
666.9 633.1 -17.4419 -0.886454 8.45341
705.9 630.5 -17.4017 -0.889004 8.40767
676 599.3 -17.438 -0.930407 8.39823
822.9 32.5 -17.1236 -1.75717 8.49697
851.5 28.6 -17.046 -1.80686 8.57432
880.1 314.6 -17.2835 -1.20704 8.06196
919.1 347.1 -17.3162 -1.14671 7.92379
824.2 300.3 -17.2982 -1.24923 8.16439
494 495.3 -17.6581 -1.06055 8.20476
474.5 573.3 -17.6805 -0.985001 8.12778
351 579.8 -17.7269 -0.997392 7.60891
526.5 640.9 -17.6211 -0.887849 8.48532
403 127.4 -17.8605 -2.23838 9.94564
471.9 347.1 -17.6768 -1.19906 8.11661
897 557.7 -17.302 -0.975344 8.03924
837.2 604.5 -17.3411 -0.932662 8.09708
834.6 673.4 -17.2936 -0.846616 8.25472
859.3 692.9 -17.3534 -0.860982 8.02832
865.8 276.9 -17.236 -1.27979 8.19814
655.2 530.4 -17.5038 -1.01347 8.15287
715 560.3 -17.4039 -0.977861 8.32893
768.3 621.4 -17.338 -0.899891 8.34244
781.3 656.5 -17.3251 -0.86 8.33518
885.3 237.9 -16.8999 -1.53383 8.84634
965.9 549.9 -17.3306 -0.983989 7.85248
954.2 604.5 -17.3418 -0.946759 7.85922
566.8 534.3 -17.5602 -1.02237 8.50879
315.9 659.1 -17.7408 -0.96764 7.60872
247 234 -17.7542 -1.12266 7.54465
244.4 260 -17.7565 -1.11518 7.5516
924.3 635.7 -17.3263 -0.915835 7.94835
942.5 627.9 -17.3502 -0.93044 7.86425
963.3 629.2 -17.3355 -0.928806 7.86431
737.1 633.1 -17.3679 -0.884768 8.38684
986.7 167.7 -16.7695 -1.61542 8.69019
978.9 326.3 -17.2719 -1.15896 7.90194
980.2 345.8 -17.2716 -1.14347 7.90542
930.8 202.8 -16.3496 -1.91124 9.70114
876 108 -16.8191 -1.87047 8.99186
823 32 -17.1079 -1.77966 8.53771
784 357 -17.1032 -1.32566 8.89683
862 234 -17.0358 -1.48084 8.64527
422 531 -17.6983 -1.01665 7.61372
474 533 -17.6798 -1.02181 8.1359
393 316 -17.717 -1.13308 7.71613
575 228 -17.4031 -1.80675 9.58886
969 698 -17.3329 -0.88034 7.87127
770 622 -17.3369 -0.899234 8.34067
860 697 -17.3618 -0.863322 8.00611
924 635 -17.3232 -0.916412 7.95437
698 604 -17.4183 -0.924846 8.36689
911 620 -17.3297 -0.927583 7.96111
878 680 -17.3802 -0.890353 7.91714
481 520 -17.6718 -1.03399 8.14384
268 684 -17.7592 -0.959094 7.60803
145 697 -17.7592 -0.974893 7.46529
385 144 -17.7174 -1.2173 7.68363
