1131.9 237.6 -0.0354176 -1.96749 4.76166
1167.1 192.5 -0.0256029 -1.98367 4.73704
1173.7 116.6 -0.0388512 -2.02007 4.71924
1164.02 255.31 -0.0440303 -1.95347 4.74933
1166.44 192.39 -0.0311698 -1.98409 4.73657
1090.21 59.29 0.0743475 -2.07349 4.74834
1165.96 255.552 -0.0598589 -1.95548 4.74778
1104.73 200.981 -0.0451989 -1.99248 4.76554
1140.67 346.06 -0.0590829 -1.91256 4.77639
1082.1 113.135 0.040096 -2.04297 4.76317
1132.68 149.072 -0.0345518 -2.01301 4.74403
1008.9 216.953 0.228437 -1.99278 4.85672
1215.2 331.419 -0.0270123 -1.90188 4.74114
1007.3 240.112 0.22377 -1.97398 4.86455
1139.07 101.023 -0.0405973 -2.03477 4.73116
1196.17 193.261 -0.0377095 -1.97768 4.72398
1174.21 115.664 -0.0395135 -2.02036 4.71877
1162.5 333.815 -0.0482374 -1.91394 4.76435
1103.93 202.046 -0.0397193 -1.99244 4.76609
1087.09 305.997 0.0599819 -1.92577 4.80838
1027.51 190.04 0.142325 -2.00895 4.82454
1027.51 189.557 0.145617 -2.00912 4.82503
1174.55 115.151 -0.0366624 -2.02036 4.71902
1017.23 148.103 0.214407 -2.04029 4.82725
1007.49 239.692 0.22377 -1.97398 4.86455
1227.69 341.026 -0.0544418 -1.89879 4.73574
1226.13 340.831 -0.0388724 -1.89614 4.7373
1099.66 325.826 -0.0533966 -1.92957 4.79148
1103.95 203.641 -0.0504603 -1.993 4.76519
1016.28 146.193 0.238607 -2.04353 4.83051
1094.09 54.2328 0.0421166 -2.07199 4.74227
1006.84 238.153 0.240932 -1.97428 4.86828
1098.8 325.397 -0.0522751 -1.93 4.79153
1103.52 205.141 -0.0504603 -1.993 4.76519
287.67 596.561 -0.225333 -1.96298 5.29519
231.079 610.709 -0.238581 -1.96704 5.33859
348.976 558.834 -0.184911 -1.96829 5.27099
452.726 596.561 -0.166775 -1.91863 5.21467
542.328 448.01 0.0937142 -1.96426 5.29827
351.334 403.209 -0.178489 -2.06265 5.21193
839.43 84.8861 0.641859 -2.21398 5.04975
907.81 56.5908 0.609024 -2.20121 4.94946
754.543 44.801 0.681851 -2.32436 5.14242
363.124 254.658 -0.13441 -2.15363 5.19271
511.675 228.721 0.46083 -2.23096 5.4827
549.402 205.141 0.828706 -2.29596 5.64551
518.749 127.329 0.492136 -2.34936 5.42648
537.612 139.119 0.595478 -2.34955 5.46682
398.493 51.8749 0.429918 -2.50426 5.51576
360.766 99.0338 0.416884 -2.47878 5.59724
412.641 91.96 0.396116 -2.43585 5.4979
339.545 129.687 0.358635 -2.43753 5.60762
240.511 157.983 -0.171883 -2.24409 5.2218
900.736 134.403 0.599743 -2.11767 4.99267
903.094 136.761 0.599743 -2.11767 4.99267
926.674 183.92 0.596524 -2.04887 4.98769
455.084 51.8749 0.461181 -2.47429 5.45964
374.914 464.516 -0.123539 -2.01992 5.27168
356.05 511.675 -0.194746 -1.99678 5.237
898.378 235.795 0.558152 -2.00536 5.03361
912.526 249.942 0.593833 -1.98316 5.03301
431.504 304.175 -0.145232 -2.10169 5.1448
254.658 219.289 -0.168856 -2.20482 5.23593
224.005 266.448 -0.223145 -2.17204 5.21802
266.448 292.386 -0.199411 -2.15046 5.21935
337.187 292.386 -0.166451 -2.13426 5.19467
660.225 108.466 2.05168 -2.61198 5.92249
676.731 94.3179 2.13129 -2.63485 5.89709
457.442 153.267 0.445258 -2.34975 5.50758
587.129 63.6646 0.879312 -2.48805 5.49118
587.129 113.182 1.17694 -2.48677 5.68916
639.004 96.6759 1.66182 -2.58017 5.78782
544.686 58.9487 0.854337 -2.52929 5.55261
334.4 42.8718 0.290039 -2.50207 5.49668
289.385 598.061 -0.189868 -1.95828 5.33962
231.508 613.066 -0.23553 -1.96753 5.34357
323.682 422.287 -0.17279 -2.06029 5.25088
452.297 598.061 -0.165926 -1.91762 5.21433
658.082 107.179 2.04864 -2.61072 5.92485
754.543 45.0154 0.673162 -2.32097 5.13956
392.277 244.369 -0.0890286 -2.1625 5.2038
402.995 304.39 -0.145314 -2.10974 5.16502
338.687 130.759 0.319564 -2.42196 5.57423
325.826 452.297 -0.160412 -2.04241 5.27728
520.892 126.472 0.492136 -2.34936 5.42648
514.461 173.631 0.509818 -2.30048 5.47889
430.861 304.39 -0.144986 -2.1016 5.14487
454.441 51.4461 0.43051 -2.45983 5.43246
413.713 92.1743 0.396116 -2.43585 5.4979
475.877 85.7436 0.42866 -2.40473 5.42539
265.805 122.185 1.10163 -2.8717 6.48004
439.436 424.431 -0.143906 -2.02828 5.18043
902.451 135.046 0.599743 -2.11767 4.99267
908.882 184.349 0.620658 -2.0602 5.01365
255.087 220.79 -0.168856 -2.20482 5.23593
257.231 263.661 -0.196999 -2.16967 5.21897
870.297 267.949 0.603083 -1.98286 5.09581
913.169 250.8 0.647728 -1.9794 5.04752
375.128 465.159 -0.169862 -2.01939 5.22397
353.692 514.461 -0.169008 -1.99528 5.26459
246.513 523.036 -0.227576 -2.01985 5.2992
409.426 396.564 -0.161992 -2.05223 5.17841
351.549 405.138 -0.162725 -2.06411 5.22831
568.051 199.354 0.935714 -2.30615 5.67032
231.897 611.897 -0.23266 -1.96712 5.3474
454.051 596.307 -0.165926 -1.91762 5.21433
845.743 37.0256 0.615096 -2.26244 5.01185
658.666 107.179 2.05456 -2.60929 5.92838
337.128 292.308 -0.167764 -2.13374 5.19346
395.59 50.6667 0.407583 -2.49816 5.5033
360.513 97.4359 0.394168 -2.47019 5.57936
440.41 422.872 -0.14516 -2.02724 5.17925
442.359 500.82 -0.160501 -1.97879 5.19207
457.949 153.949 0.404904 -2.3364 5.47623
510.564 89.641 0.511826 -2.40291 5.42846
420.923 48.7179 0.425821 -2.48754 5.47654
450.154 52.6154 0.465913 -2.47717 5.4652
415.077 93.5384 0.447157 -2.45266 5.5328
475.487 85.7436 0.462294 -2.41649 5.44646
265.026 461.846 -0.193509 -2.05372 5.29738
266.974 292.308 -0.199411 -2.15046 5.21935
908.102 185.128 0.633131 -2.05905 5.01762
639.179 95.4872 1.81774 -2.61523 5.86059
535.897 138.359 0.752682 -2.38941 5.56834
514.461 173.436 0.537048 -2.30752 5.49631
210.461 461.846 -0.208085 -2.0682 5.33185
409.231 395.59 -0.144641 -2.05312 5.19357
366.359 473.538 -0.170665 -2.0158 5.23749
354.667 512.513 -0.177633 -1.99585 5.25542
304 526.154 -0.190649 -2.0013 5.29172
228.531 612.96 -0.234544 -1.96678 5.34417
278.135 611.189 -0.236754 -1.95722 5.29435
453.52 595.245 -0.166702 -1.91804 5.21243
444.662 612.96 -0.172433 -1.91019 5.22112
845.035 35.4312 0.616256 -2.26201 5.01173
524.382 196.643 0.518238 -2.26697 5.48338
627.133 138.182 1.55417 -2.47541 5.82016
593.473 171.841 1.13742 -2.36647 5.70893
604.102 191.329 1.17106 -2.32744 5.72772
441.119 501.352 -0.160641 -1.97879 5.192
359.627 97.4359 0.394075 -2.47061 5.5814
519.067 124.009 0.503273 -2.35474 5.43384
522.611 161.212 0.510881 -2.31159 5.45792
458.834 154.126 0.404904 -2.3364 5.47623
490.722 56.69 0.532853 -2.46477 5.44924
543.869 58.4615 0.86777 -2.53493 5.56125
542.098 72.634 0.755804 -2.47987 5.51164
421.632 49.6037 0.436719 -2.4926 5.48538
414.545 92.1212 0.435392 -2.44752 5.52283
409.231 396.83 -0.162038 -2.05201 5.17766
347.226 409.231 -0.159178 -2.06246 5.23831
354.312 511.981 -0.189032 -1.99619 5.24322
908.811 122.238 0.608131 -2.12985 4.98041
869.837 154.126 0.607957 -2.11442 5.04084
579.3 65.5478 0.846844 -2.48229 5.48826
267.506 292.308 -0.194124 -2.1517 5.22508
322.424 299.394 -0.152949 -2.13876 5.22363
279.907 542.098 -0.225359 -1.9985 5.27793
756.457 47.8321 0.667641 -2.31639 5.13852
246.247 566.9 -0.225026 -1.99257 5.3213
496.037 387.972 -0.0417073 -2.03322 5.21008
362.365 257.682 -0.0957394 -2.16283 5.22802
518.584 124.009 0.503273 -2.35474 5.43384
521.805 161.051 0.464143 -2.3008 5.42958
529.858 161.051 0.592568 -2.32023 5.49705
460.606 154.609 0.404904 -2.3364 5.47623
339.818 130.451 0.309077 -2.41833 5.56386
592.668 117.567 1.12555 -2.4619 5.65502
431.617 304.386 -0.142309 -2.10181 5.14648
441.28 502.479 -0.162999 -1.97854 5.1903
265.734 462.216 -0.233325 -2.05008 5.24859
285.06 430.006 -0.175572 -2.06776 5.28867
658.699 188.43 1.94944 -2.38031 5.9845
347.87 410.68 -0.167081 -2.06151 5.23033
449.332 53.1468 0.462624 -2.47681 5.46477
415.512 93.4096 0.435392 -2.44752 5.52283
475.1 85.357 0.462294 -2.41649 5.44646
251.24 214.198 -0.196963 -2.19836 5.20715
267.345 293.113 -0.194124 -2.1517 5.22508
541.131 57.9784 0.86777 -2.53493 5.56125
541.131 70.8624 0.751782 -2.47968 5.5093
929.264 185.209 0.599431 -2.04778 4.98654
869.675 154.609 0.607957 -2.11442 5.04084
581.394 64.4204 0.831928 -2.47764 5.48019
610.383 91.7991 1.29331 -2.53299 5.67875
900.275 236.745 0.586911 -2.00253 5.03943
280.229 544.352 -0.209989 -1.99761 5.29924
291.502 595.889 -0.20771 -1.96031 5.31487
297.944 259.292 -0.187584 -2.1611 5.19405
673.193 35.4312 2.39258 -2.86357 5.93221
668.362 99.8516 2.00453 -2.60481 5.86768
906.717 86.9675 0.590955 -2.16564 4.96119
845.518 35.4312 0.627296 -2.26421 5.01501
524.148 196.189 0.523415 -2.26913 5.48848
518.291 124.449 0.49403 -2.35314 5.42884
550.502 136.161 0.776494 -2.38463 5.55681
338.207 294.284 -0.170154 -2.13231 5.19127
386.522 27.8179 0.401563 -2.52927 5.49671
625.171 139.09 1.46062 -2.45916 5.77453
594.425 171.3 1.11797 -2.36318 5.69691
348.456 411.412 -0.192932 -2.05926 5.20311
265.002 462.656 -0.202381 -2.05223 5.28655
658.845 188.869 1.91376 -2.37636 5.96653
603.209 191.797 1.08984 -2.31403 5.68362
928.24 219.615 0.650674 -2.008 5.01465
415.804 93.7024 0.422015 -2.44169 5.51298
475.833 86.3819 0.45059 -2.41441 5.43776
541.717 58.564 0.86777 -2.53493 5.56125
512.435 89.3101 0.510898 -2.40308 5.42487
585.64 64.4204 0.924454 -2.50116 5.51662
581.248 65.8845 0.831928 -2.47764 5.48019
267.93 294.284 -0.192033 -2.15218 5.22747
496.33 449.479 -0.00504343 -1.9877 5.2651
868.211 153.731 0.602767 -2.11482 5.03997
672.022 35.1384 2.44698 -2.88463 5.95557
669.094 99.5588 1.96896 -2.59573 5.85132
657.381 237.184 1.84963 -2.24423 6.01243
291.356 597.353 -0.212498 -1.96078 5.30805
844.786 35.1384 0.615073 -2.26269 5.01101
868.211 86.3819 0.604576 -2.189 5.00554
453.871 595.889 -0.160751 -1.91739 5.217
357.24 565.143 -0.177347 -1.96139 5.27295
594.957 170.368 1.1755 -2.3739 5.72646
519.09 123.783 0.49403 -2.35314 5.42884
549.703 109.142 0.784953 -2.4295 5.54416
443.223 503.118 -0.158145 -1.97828 5.19434
432.575 306.13 -0.142661 -2.10128 5.1456
602.943 191.664 1.13522 -2.31995 5.70674
594.957 243.573 1.07045 -2.22383 5.73807
284.834 429.913 -0.166214 -2.06906 5.29961
368.687 50.578 0.421303 -2.52716 5.55342
395.307 50.578 0.407667 -2.49985 5.50436
407.286 94.501 0.401591 -2.43949 5.51173
303.468 525.745 -0.203021 -2.00248 5.27776
649.528 167.706 1.87928 -2.43879 5.95404
354.046 396.638 -0.155696 -2.06791 5.23102
420.596 47.916 0.429678 -2.49104 5.48094
457.864 51.909 0.409295 -2.45058 5.416
447.216 90.508 0.425612 -2.42164 5.46655
907.742 121.121 0.605661 -2.13009 4.97951
901.087 238.249 0.544746 -2.00393 5.02816
251.559 214.291 -0.196677 -2.19813 5.20679
620.246 38.599 2.25172 -2.91314 6.04707
581.647 65.219 0.851773 -2.48234 5.48942
541.717 55.902 0.843197 -2.52945 5.54893
549.703 73.205 0.835339 -2.49486 5.54198
256.883 274.186 -0.188716 -2.16721 5.23287
296.813 259.545 -0.189503 -2.16063 5.19212
845.185 35.937 0.615073 -2.26269 5.01101
244.904 572.33 -0.226077 -1.98845 5.32433
425.92 564.344 -0.174197 -1.94562 5.21603
452.54 564.344 -0.16306 -1.93842 5.20436
455.202 594.957 -0.174896 -1.92024 5.20281
484 118.58 0.449562 -2.37139 5.44696
355.74 29.04 0.429325 -2.56725 5.56551
358.16 100.43 0.361055 -2.45542 5.55753
517.88 123.42 0.49403 -2.35314 5.42884
515.46 175.45 0.528207 -2.30457 5.49006
344.85 147.62 0.372572 -2.42187 5.62066
433.18 306.13 -0.0893343 -2.1075 5.19042
448.91 516.67 -0.172062 -1.96942 5.18139
402.93 277.09 -0.156192 -2.12357 5.14701
416.24 93.17 0.421047 -2.44086 5.51096
475.53 85.91 0.462294 -2.41649 5.44646
372.68 399.3 -0.16203 -2.06111 5.21051
496.1 387.2 -0.0482803 -2.03401 5.20303
252.89 171.82 -0.196469 -2.22123 5.19024
251.68 215.38 -0.183121 -2.20238 5.22008
907.5 121 0.525433 -2.124 4.96265
908.71 187.55 0.612065 -2.05637 5.01194
582.01 65.34 0.851773 -2.48234 5.48942
609.84 90.75 1.2739 -2.52815 5.66846
540.87 56.87 0.843197 -2.52945 5.54893
262.57 281.93 -0.184291 -2.16131 5.2353
867.57 153.67 0.602767 -2.11482 5.03997
291.61 596.53 -0.211767 -1.96063 5.3083
256.52 274.67 -0.191742 -2.16628 5.22996
297.66 258.94 -0.171959 -2.16555 5.20993
845.79 35.09 0.605368 -2.26093 5.0073
847 64.13 0.551991 -2.21985 5.00607
440.44 598.95 -0.158339 -1.91734 5.23379
907.5 121 0.571468 -2.12786 4.97229
845.9 221.1 0.570182 -2.04961 5.09142
441.1 599.5 -0.159093 -1.9172 5.23296
256.3 573.1 -0.230161 -1.98619 5.30752
292.6 596.2 -0.216846 -1.961 5.30128
345.4 147.4 0.339342 -2.409 5.59323
407 94.6 0.413447 -2.44397 5.52086
446.6 91.3 0.442907 -2.42728 5.47942
359.7 101.2 0.377423 -2.46184 5.57137
625.9 20.9 2.31628 -2.97074 6.02295
541.2 56.1 0.834492 -2.5275 5.54396
550 72.6 0.839933 -2.49604 5.54387
433.4 306.9 -0.08331 -2.10811 5.19545
297 258.5 -0.168215 -2.16658 5.21335
587.4 138.6 1.12397 -2.43091 5.68482
845 35 0.605368 -2.26093 5.0073
497 387 -0.0180687 -2.0348 5.22676
256 573 -0.214277 -1.98505 5.32909
358 96 0.39208 -2.47229 5.5812
