1009 645 -22.3156 -0.634988 2.27177
1177 430 -22.1225 -0.750491 2.27482
1062 268 -22.2016 -0.834875 2.25623
1065 236 -22.1852 -0.846672 2.25193
1049 193 -22.1677 -0.861922 2.23763
1181 676 -22.1635 -0.646609 2.29625
1065 399 -22.2185 -0.771127 2.26482
1012.7 404.3 -22.2674 -0.772401 2.2545
1068.6 292.5 -22.1977 -0.82151 2.25817
1136.2 652.6 -22.1967 -0.650632 2.29247
1021.8 256.1 -22.2363 -0.848165 2.24715
1128.4 462.8 -22.1603 -0.73784 2.27153
1020.5 284.7 -22.2387 -0.833688 2.24741
1007.5 289.9 -22.2541 -0.833876 2.2462
1047.8 274.3 -22.2009 -0.83157 2.24967
1114.1 267.8 -22.1522 -0.823991 2.26123
1193.4 275.6 -22.1047 -0.809728 2.27242
1222 72.8 -22.0595 -0.874813 2.26144
1197.3 152.1 -22.0824 -0.853357 2.26392
1067.3 169 -22.1637 -0.872729 2.24435
1184.3 646.1 -22.1582 -0.660005 2.29563
1011.4 622.7 -22.3216 -0.647101 2.27391
1098.5 659.1 -22.2135 -0.64457 2.28162
1180.4 382.2 -22.118 -0.769419 2.27423
1245.4 438.1 -22.0869 -0.745911 2.28162
1240.2 513.5 -22.0957 -0.717562 2.28502
1066 399.1 -22.2185 -0.771127 2.26482
1130.61 674.31 -22.1896 -0.642364 2.2882
1105.26 686.14 -22.2056 -0.632979 2.28314
1162.72 444.47 -22.1351 -0.744953 2.27468
1084.98 561.08 -22.2206 -0.691105 2.27592
1090.05 537.42 -22.2009 -0.703385 2.27255
1069.77 535.73 -22.2223 -0.703119 2.27002
1122.16 294.06 -22.1477 -0.811487 2.26268
1155.96 486.72 -22.1407 -0.727584 2.27524
1174.55 219.7 -22.1042 -0.83193 2.26517
1169.48 547.56 -22.1421 -0.702489 2.28048
1113.71 267.02 -22.1586 -0.825921 2.26325
1117.09 229.84 -22.1455 -0.839229 2.25981
1184.69 251.81 -22.1036 -0.81951 2.26844
1020.76 256.88 -22.2402 -0.849016 2.24825
1096.81 273.78 -22.1769 -0.826307 2.26298
1196.52 152.1 -22.0898 -0.855851 2.26758
1051.18 190.97 -22.1621 -0.861122 2.23694
1100.19 650.65 -22.2118 -0.648483 2.28206
1051.18 554.32 -22.2302 -0.692217 2.26448
1098.5 655.72 -22.2138 -0.647477 2.28262
1059.63 616.85 -22.2693 -0.657931 2.28397
1105.26 424.19 -22.1747 -0.75554 2.26778
1242.15 437.71 -22.084 -0.74548 2.28007
1243.84 378.56 -22.0802 -0.767314 2.2784
1105.26 446.16 -22.1741 -0.745943 2.26752
1210.04 488.41 -22.1021 -0.727071 2.27868
1238.77 466.44 -22.0888 -0.735861 2.2814
1012.31 405.6 -22.2621 -0.771675 2.253
1068.08 414.05 -22.2139 -0.763201 2.26473
1024.14 422.5 -22.2641 -0.7609 2.26062
1000.48 451.23 -22.2833 -0.746893 2.25361
1083.29 485.03 -22.206 -0.728053 2.26957
1236.91 558.038 -22.0919 -0.701527 2.28297
1223.73 555.841 -22.1083 -0.702353 2.28468
1135.85 485.537 -22.1637 -0.727924 2.27575
1153.42 531.674 -22.1516 -0.708864 2.27735
1151.23 230.685 -22.1261 -0.83406 2.2654
1124.86 294.398 -22.154 -0.8119 2.26557
1168.8 272.428 -22.1154 -0.813461 2.26747
1186.38 252.655 -22.1014 -0.818802 2.26814
1175.39 219.7 -22.1054 -0.83302 2.26587
1212.74 279.019 -22.0929 -0.806065 2.27396
1061.15 276.822 -22.1975 -0.82984 2.25368
1065.54 237.276 -22.1918 -0.848263 2.25356
1034.79 228.488 -22.2212 -0.860908 2.24916
1019.41 285.61 -22.2423 -0.834947 2.24859
1177.59 182.351 -22.0994 -0.846547 2.26399
1219.33 147.199 -22.0886 -0.857787 2.27485
1054.56 188.942 -22.1687 -0.862928 2.23877
1197.36 580.008 -22.1034 -0.691075 2.27174
1138.05 654.706 -22.1881 -0.652019 2.28838
1124.86 639.327 -22.2025 -0.657143 2.28793
1008.42 643.721 -22.3256 -0.634284 2.27407
1026 648.115 -22.3038 -0.634337 2.27611
1175.39 426.218 -22.1237 -0.753415 2.27495
1228.12 395.46 -22.0909 -0.761529 2.27753
1100.7 485.537 -22.1856 -0.728262 2.26998
1164.41 445.991 -22.1351 -0.744953 2.27468
1236.91 487.734 -22.0911 -0.727584 2.28145
1201.76 448.188 -22.1034 -0.742353 2.27503
1010.62 404.248 -22.2654 -0.771424 2.25345
1065.33 399.854 -22.2184 -0.771247 2.26515
1011.06 405.566 -22.2812 -0.772305 2.25471
1168.14 268.473 -22.1232 -0.816127 2.26966
1185.28 396.998 -22.1205 -0.76257 2.27666
1208.13 485.537 -22.107 -0.727705 2.2801
1162.43 445.552 -22.1367 -0.744651 2.27487
1025.34 576.932 -22.2531 -0.678448 2.25998
1031.05 648.335 -22.2921 -0.636364 2.27525
1053.9 188.503 -22.1649 -0.863011 2.23858
1005.35 282.754 -22.2565 -0.838239 2.2466
1222.41 579.788 -22.097 -0.691749 2.2794
1113.88 319.883 -22.1613 -0.80184 2.26417
1156.72 485.537 -22.1427 -0.72794 2.27601
1093.89 522.666 -22.193 -0.711069 2.27046
1162.43 631.198 -22.1838 -0.663743 2.29743
1133.87 654.047 -22.1865 -0.651723 2.28796
1222.41 71.4025 -22.0669 -0.879094 2.26573
1002.49 467.829 -22.287 -0.736871 2.25541
1177 375.006 -22.1246 -0.773194 2.27577
1191.85 263.618 -22.1065 -0.815302 2.27148
1021.06 256.192 -22.2339 -0.847375 2.2467
1032.19 530.949 -22.2555 -0.702667 2.26186
1158.43 545.801 -22.1423 -0.70389 2.27445
1058.18 185.646 -22.1586 -0.862219 2.23732
1047.05 460.403 -22.2407 -0.741094 2.26374
1065.61 400.996 -22.2214 -0.770916 2.26587
1080.46 207.924 -22.1726 -0.857398 2.25459
1165.86 74.2586 -22.0911 -0.889392 2.25896
1028.11 579.217 -22.2587 -0.677553 2.26215
1047.42 463.374 -22.2381 -0.73837 2.26377
1047.42 545.429 -22.2359 -0.69582 2.2649
1061.9 598.524 -22.2704 -0.665699 2.28574
1022.8 188.246 -22.2122 -0.876341 2.23544
1016.53 420.415 -22.1594 -0.751185 2.22436
1047.9 464.339 -22.234 -0.738752 2.26269
1066.72 407.865 -22.2191 -0.769113 2.26572
1003.98 596.111 -22.2769 -0.669798 2.25271
1135.75 188.246 -22.1334 -0.860859 2.26064
1060.45 181.971 -22.1568 -0.862684 2.23776
1044.14 530.225 -22.244 -0.705907 2.26221
1101.24 383.393 -22.1777 -0.774805 2.26426
1060.45 179.461 -22.141 -0.858656 2.23267
1049.85 477.202 -22.2363 -0.73524 2.26313
1039.24 509.016 -22.2235 -0.717543 2.25973
296.926 201.485 -22.847 -1.00228 1.5634
678.688 392.366 -23.1532 -0.86384 2.02788
477.202 413.575 -22.3105 -0.758042 1.94651
477.202 455.993 -23.9397 -0.755046 1.60578
455.993 509.016 -23.4955 -0.641823 1.66897
827.151 328.739 -22.6203 -0.86605 2.19765
328.739 371.157 -22.3546 -0.778916 1.81556
349.948 381.762 -22.5921 -0.793409 1.76038
381.762 339.344 -22.8618 -0.872933 1.68643
222.694 328.739 -22.1506 -0.776192 1.84905
593.852 498.411 -24.7544 -0.704849 1.8357
424.18 371.157 -22.998 -0.861128 1.68549
996.823 222.694 -22.3344 -0.905833 2.26445
625.665 424.18 -23.6722 -0.824226 1.93999
604.456 445.389 -24.4694 -0.807311 1.82072
296.926 265.112 -22.7754 -0.946649 1.60701
328.739 307.53 -22.7371 -0.879149 1.66549
742.315 328.739 -23.146 -0.958703 2.12986
721.106 349.948 -23.3491 -0.943927 2.11024
269.191 228.405 -22.7132 -0.967342 1.58652
587.326 546.539 -24.0379 -0.55884 1.80768
481.281 530.225 -23.1442 -0.632616 1.78466
530.225 391.551 -22.9787 -0.824313 1.85456
416.023 391.551 -23.1444 -0.830724 1.64696
774.944 285.506 -22.6751 -0.917768 2.14779
864.674 154.989 -23.8637 -1.48596 2.45781
946.247 252.876 -24.3549 -1.39428 2.70783
929.933 179.461 -23.0305 -1.14901 2.36273
677.056 497.596 -23.0375 -0.712388 2.06149
677.056 530.225 -23.8499 -0.609492 2.05315
734.157 530.225 -23.0401 -0.651576 2.11522
668.899 383.393 -23.4399 -0.91232 2.03141
660.742 424.18 -23.185 -0.81199 2.02365
995.191 416.023 -22.2765 -0.7636 2.2479
717.843 432.337 -23.6578 -0.815278 2.12006
758.629 416.023 -23.0355 -0.809275 2.16445
750.472 464.966 -23.2068 -0.750372 2.15916
832.045 505.753 -22.7666 -0.699826 2.24362
750.472 375.236 -22.9971 -0.871373 2.14824
628.112 481.281 -23.46 -0.706389 1.95906
382.766 332.567 -22.9876 -0.894527 1.64633
527.087 552.187 -23.5246 -0.571279 1.77581
589.836 545.912 -23.6963 -0.604806 1.89673
558.462 571.011 -23.5324 -0.535609 1.83978
495.713 539.637 -23.2957 -0.605375 1.7581
495.713 407.865 -23.7763 -0.863256 1.6536
822.005 238.444 -22.4988 -0.922193 2.17627
734.157 326.292 -23.2451 -0.966168 2.12773
972.602 200.795 -22.3205 -0.90277 2.24194
652.584 589.836 -23.574 -0.518122 1.99164
752.982 571.011 -23.0599 -0.605584 2.16409
922.403 577.286 -22.3838 -0.668986 2.23665
916.128 414.14 -22.3757 -0.774351 2.2283
947.502 401.59 -22.3508 -0.777437 2.23907
891.029 552.187 -22.5042 -0.674302 2.23478
558.462 476.889 -23.7478 -0.712253 1.80237
119.222 420.415 -21.9625 -0.724449 1.93337
784.356 332.567 -22.7993 -0.891342 2.16925
771.807 501.988 -23.0132 -0.704155 2.17377
709.058 432.965 -23.3767 -0.801521 2.12404
646.31 520.813 -23.5886 -0.646567 1.99717
414.14 382.766 -23.2314 -0.86112 1.62764
997.701 464.339 -22.2946 -0.738487 2.25506
966.327 514.538 -22.3497 -0.710674 2.25167
652.584 426.69 -23.9947 -0.850736 1.96876
677.684 407.865 -23.2273 -0.841761 2.04366
294.435 250.994 -22.6947 -0.935552 1.65554
178.592 246.167 -22.3639 -0.851609 1.71219
265.474 120.67 -23.4371 -1.35958 1.20809
381.318 328.223 -23.0515 -0.908882 1.62643
632.312 588.871 -23.8852 -0.482461 1.9412
487.508 598.524 -23.8665 -0.438653 1.64554
835.038 318.569 -22.5532 -0.867038 2.19325
777.116 279.955 -23.2784 -1.05105 2.18602
680.58 308.916 -23.3136 -1.00126 2.04074
863.999 91.7094 -23.4599 -1.48443 2.36259
728.848 106.19 -23.6558 -1.50214 2.10821
772.289 501.988 -22.8846 -0.708769 2.17484
762.636 593.697 -23.0799 -0.578758 2.1816
830.211 400.625 -22.5612 -0.798916 2.19281
917.094 415.105 -22.6067 -0.789922 2.27021
830.211 434.413 -22.5704 -0.766174 2.19209
965.362 613.005 -22.3429 -0.647422 2.24922
970.188 202.726 -22.3259 -0.904158 2.24112
960.535 241.34 -22.311 -0.875103 2.23448
757.809 371.664 -23.087 -0.881079 2.15878
709.541 415.105 -23.1773 -0.821044 2.0987
752.982 424.759 -22.8755 -0.784205 2.14603
381.318 395.798 -23.6192 -0.842321 1.44919
526.122 550.256 -23.8902 -0.549009 1.71945
555.083 545.429 -23.7596 -0.57043 1.79641
521.295 477.854 -23.6024 -0.708456 1.73753
347.53 419.932 -22.6292 -0.753601 1.73743
970.188 342.703 -22.3334 -0.812113 2.24667
752.982 497.161 -23.3757 -0.718195 2.16831
588.871 545.429 -23.7822 -0.584122 1.86526
250.994 246.167 -22.457 -0.881828 1.71402
598.524 429.586 -24.1123 -0.839442 1.83722
617.831 419.932 -23.8417 -0.850696 1.91249
328.223 333.05 -22.7023 -0.84968 1.69001
430.7 103.962 -23.5374 -1.43669 1.50678
282.183 85.3974 -23.3043 -1.36937 1.31111
285.896 185.646 -23.8 -1.33484 1.10405
382.432 326.738 -22.9754 -0.899397 1.64923
334.164 638.624 -22.7165 -0.536268 1.7221
928.232 293.321 -22.3994 -0.864525 2.23247
776.002 278.47 -22.832 -0.963314 2.16148
853.974 107.675 -23.7039 -1.52926 2.37588
995.065 118.814 -22.2911 -0.947906 2.24803
868.825 556.939 -22.4544 -0.674166 2.21248
686.892 601.495 -23.5015 -0.502604 2.07795
375.006 397.283 -22.9988 -0.809645 1.64447
412.135 382.432 -23.1707 -0.855364 1.63574
556.939 545.801 -23.7456 -0.578794 1.80452
523.523 556.939 -23.742 -0.551477 1.73671
727.734 430.7 -23.0626 -0.800599 2.12928
753.725 426.987 -23.087 -0.811903 2.16508
545.801 452.977 -23.7964 -0.770295 1.75713
805.706 605.207 -22.6207 -0.612848 2.18805
850.261 605.207 -22.6322 -0.61481 2.22858
842.835 642.337 -22.6324 -0.582393 2.22392
720.308 601.495 -23.11 -0.556566 2.12497
720.308 646.05 -23.2682 -0.46858 2.1266
735.16 478.968 -23.247 -0.731524 2.13858
913.381 415.848 -22.4219 -0.774758 2.23141
750.012 512.384 -23.2466 -0.683479 2.16206
742.586 560.652 -23.0989 -0.619998 2.15182
753.725 579.217 -23.0091 -0.605515 2.16754
679.466 408.422 -23.3755 -0.84831 2.04489
471.542 504.958 -23.5096 -0.65085 1.66187
605.207 542.088 -23.8358 -0.585179 1.89205
620.059 445.552 -23.8688 -0.793759 1.91308
605.207 475.255 -23.8446 -0.722981 1.88073
185.646 233.915 -22.3124 -0.856453 1.73926
894.816 271.044 -22.4521 -0.888883 2.22507
835.409 319.312 -22.6419 -0.878913 2.20041
527.236 408.422 -23.853 -0.877662 1.69428
279.898 85.683 -23.388 -1.39951 1.2649
428.415 102.82 -23.5419 -1.43936 1.50293
445.552 159.942 -23.8726 -1.43167 1.46351
519.81 605.493 -23.9146 -0.433992 1.70664
631.198 605.493 -23.7709 -0.462944 1.96845
679.752 311.315 -23.2766 -0.99527 2.04181
699.744 62.8342 -23.3786 -1.4764 2.04647
728.305 108.532 -23.6803 -1.50389 2.10315
688.32 602.637 -23.5015 -0.502604 2.07795
594.069 542.659 -23.8263 -0.577187 1.88665
662.615 574.076 -23.871 -0.521358 2.02383
511.242 462.688 -23.8725 -0.742329 1.67398
562.652 482.681 -23.8784 -0.706505 1.78946
331.308 385.573 -22.8359 -0.802821 1.65271
348.444 516.954 -22.7778 -0.654768 1.7028
405.566 528.378 -23.241 -0.620831 1.63658
642.622 476.969 -23.9611 -0.730665 1.95845
679.752 456.976 -23.4256 -0.766316 2.0503
354.156 622.63 -22.7696 -0.540812 1.72417
342.732 656.903 -22.7126 -0.519158 1.73687
582.644 448.408 -23.8273 -0.782394 1.83598
622.63 445.552 -23.8853 -0.793437 1.91535
736.874 385.573 -23.1724 -0.869894 2.13693
731.161 408.422 -23.2384 -0.836496 2.13206
759.722 625.486 -22.9746 -0.547952 2.17189
759.722 591.213 -22.9937 -0.586892 2.17465
331.308 297.034 -22.7229 -0.893467 1.67664
796.852 645.479 -22.6907 -0.565035 2.19179
496.961 539.803 -23.7504 -0.578759 1.67717
531.234 545.515 -23.8841 -0.561283 1.71794
528.378 579.788 -23.7799 -0.49303 1.73533
251.337 291.322 -22.442 -0.842996 1.72683
953.937 294.178 -22.3216 -0.843928 2.23544
936.801 188.503 -22.3435 -0.91915 2.22848
177.078 254.193 -22.2282 -0.82444 1.78293
876.823 205.639 -22.4898 -0.954927 2.21231
891.103 317.027 -22.4447 -0.84906 2.21914
585.5 422.703 -23.8644 -0.83718 1.8326
619.774 419.847 -23.7759 -0.846961 1.91116
745.442 511.242 -23.2222 -0.684371 2.15848
254.193 245.625 -22.4454 -0.878501 1.72027
865.398 545.515 -22.512 -0.678244 2.22077
345.588 302.747 -22.8008 -0.899636 1.66555
819.701 234.2 -22.6084 -0.949704 2.18124
842.549 254.193 -22.5687 -0.929131 2.20042
822.557 405.566 -22.749 -0.808323 2.21202
839.693 434.127 -22.6729 -0.775476 2.22185
754.01 299.89 -22.9541 -0.956571 2.14376
734.018 325.595 -23.1909 -0.96269 2.12666
782.571 334.164 -22.8369 -0.897075 2.1733
816.844 439.839 -22.7052 -0.770578 2.19998
839.693 505.53 -22.6109 -0.705847 2.21431
482.681 396.998 -23.6807 -0.869676 1.63724
311.315 245.625 -22.5952 -0.914065 1.70601
252.655 101.062 -23.4531 -1.39181 1.18826
428.415 101.062 -23.5419 -1.43936 1.50293
681.07 311.974 -23.2949 -0.996986 2.04189
999.635 450.385 -22.2913 -0.746918 2.25522
955.695 606.372 -22.3476 -0.652076 2.24634
971.074 529.477 -22.342 -0.70048 2.25315
784.329 445.991 -22.9389 -0.774827 2.18441
742.586 511.901 -23.2722 -0.682711 2.15831
643.721 476.749 -23.9371 -0.72729 1.96096
738.192 439.4 -23.1946 -0.790939 2.14409
821.678 439.4 -22.6782 -0.770194 2.20073
716.222 639.327 -23.1711 -0.496849 2.12494
760.162 626.145 -22.8579 -0.561955 2.16528
733.798 656.903 -23.0343 -0.493565 2.14804
711.828 663.494 -23.2847 -0.441674 2.1251
729.404 547.053 -23.205 -0.632088 2.1341
764.556 527.28 -23.0433 -0.667377 2.17832
661.297 522.886 -23.7409 -0.638075 2.01567
808.496 612.963 -22.6946 -0.600832 2.1979
797.511 650.312 -22.6907 -0.565035 2.19179
843.648 670.085 -22.613 -0.562616 2.2226
793.117 549.25 -22.8296 -0.654498 2.19569
810.693 599.781 -22.7773 -0.604888 2.20887
995.241 116.441 -22.296 -0.949705 2.24909
942.513 309.777 -22.3531 -0.840135 2.2348
975.468 338.338 -22.311 -0.814811 2.24544
993.044 230.685 -22.2692 -0.869991 2.24118
779.935 131.82 -23.6539 -1.45737 2.21434
711.828 153.79 -23.8232 -1.46875 2.07309
729.404 112.047 -23.6803 -1.50389 2.10315
852.436 283.413 -22.5318 -0.893295 2.20715
843.648 254.852 -22.6611 -0.947169 2.20938
470.158 472.355 -24.1042 -0.715649 1.53636
470.158 397.657 -23.8925 -0.879786 1.55712
441.597 406.445 -23.7219 -0.847014 1.53955
397.657 397.657 -23.0773 -0.814261 1.65086
564.629 483.34 -23.8482 -0.703118 1.79541
520.689 485.537 -23.91 -0.693544 1.69217
586.599 395.46 -23.8321 -0.896269 1.83223
498.719 397.657 -23.7782 -0.878465 1.64612
527.28 399.854 -23.7403 -0.872975 1.71561
487.734 608.569 -23.7725 -0.435096 1.66276
342.732 659.1 -22.6813 -0.522225 1.74343
454.779 544.856 -23.7593 -0.561208 1.58472
582.205 608.569 -23.7259 -0.452867 1.86612
520.689 606.372 -23.7905 -0.442116 1.72771
531.674 544.856 -23.78 -0.563692 1.75409
516.295 573.417 -23.7423 -0.512401 1.72698
296.595 476.749 -22.5678 -0.70072 1.72757
314.171 377.884 -22.6558 -0.796144 1.6991
331.747 665.691 -22.6507 -0.521877 1.74595
325.156 569.023 -22.6243 -0.616823 1.73827
437.203 120.835 -23.6095 -1.42748 1.50128
639.327 136.214 -23.7676 -1.46799 1.92289
569.023 160.381 -24.0005 -1.48318 1.7349
575.614 344.929 -23.8562 -1.00996 1.79601
601.978 573.417 -23.7245 -0.528277 1.90078
628.342 564.629 -23.6908 -0.544023 1.96191
601.978 601.978 -23.7549 -0.467158 1.90541
819.481 336.141 -22.62 -0.86195 2.18762
492.128 540.462 -23.8618 -0.572308 1.64413
522.886 558.038 -23.8487 -0.538866 1.71711
617.357 419.627 -23.7746 -0.847582 1.90839
630.539 419.627 -23.9147 -0.857024 1.92605
604.175 421.824 -23.8305 -0.845737 1.87309
522.886 419.627 -23.7389 -0.830616 1.70625
511.901 426.218 -23.7165 -0.814597 1.69211
346.45 103.09 -23.5308 -1.42204 1.3378
856.83 109.85 -23.7039 -1.52926 2.37588
980.2 446.16 -22.3186 -0.749236 2.25053
971.75 528.97 -22.342 -0.70048 2.25315
997.1 598.26 -22.324 -0.660964 2.26468
767.26 503.62 -22.9852 -0.700909 2.17684
660.79 471.51 -23.7579 -0.743685 2.00852
684.45 490.1 -23.3603 -0.708476 2.06709
657.41 441.09 -23.9119 -0.812434 1.99463
924.43 463.06 -22.4088 -0.741471 2.24013
917.67 371.8 -22.3852 -0.802482 2.22855
936.26 410.67 -22.3176 -0.77128 2.22624
812.89 437.71 -22.739 -0.77257 2.20254
839.93 432.64 -22.6288 -0.774312 2.21278
758.81 676 -22.9434 -0.491587 2.17323
697.97 635.44 -23.3102 -0.480954 2.1026
763.88 527.28 -23.0366 -0.66837 2.17689
752.05 594.88 -23.0472 -0.577348 2.16689
757.12 589.81 -23.0788 -0.580628 2.17471
692.9 534.04 -23.3622 -0.635147 2.08418
664.17 574.6 -23.847 -0.52383 2.02716
912.6 654.03 -22.4679 -0.601208 2.2504
806.13 611.78 -22.7345 -0.596203 2.20022
836.55 642.2 -22.6583 -0.579549 2.22359
843.31 670.93 -22.613 -0.562616 2.2226
912.6 564.46 -22.4492 -0.667839 2.24468
795.99 561.08 -22.8462 -0.638524 2.20094
980.2 128.44 -22.3033 -0.945726 2.24168
998.79 138.58 -22.2898 -0.933218 2.25067
992.03 231.53 -22.2764 -0.872208 2.24257
726.7 111.54 -23.6664 -1.49599 2.10206
787.54 118.3 -23.6836 -1.49247 2.22945
772.33 153.79 -23.959 -1.51681 2.2172
711.49 135.2 -23.1283 -1.24752 2.07288
708.11 155.48 -24.0176 -1.51977 2.06327
733.46 92.95 -23.5713 -1.50033 2.11532
936.26 192.66 -22.3341 -0.913922 2.22585
828.1 152.1 -23.9463 -1.5217 2.34316
834.86 152.1 -23.9657 -1.52971 2.36475
872.04 87.88 -23.5412 -1.51171 2.38636
738.53 321.1 -23.3302 -0.991467 2.13675
775.71 275.47 -22.8524 -0.968455 2.16342
941.33 310.96 -22.3428 -0.837657 2.2328
838.24 299.13 -22.5985 -0.894225 2.20071
476.58 468.13 -23.8654 -0.723308 1.59559
476.58 505.31 -23.8121 -0.644312 1.61548
366.73 474.89 -22.8117 -0.702869 1.70551
468.13 397.15 -23.7958 -0.876139 1.5786
353.21 397.15 -22.8699 -0.79463 1.66169
615.16 498.55 -23.8647 -0.679237 1.91216
584.74 395.46 -23.7776 -0.892378 1.83664
596.57 422.5 -23.6807 -0.83115 1.8766
498.55 397.15 -23.8066 -0.881913 1.64188
512.07 425.88 -23.7448 -0.815623 1.6913
545.87 439.4 -23.856 -0.79893 1.74852
422.5 682.76 -23.2394 -0.385023 1.67982
388.7 686.14 -22.9457 -0.439783 1.71526
454.61 545.87 -23.7646 -0.557743 1.58439
596.57 628.68 -23.7421 -0.415813 1.90036
522.21 557.7 -23.8039 -0.539756 1.72335
522.21 583.05 -23.8701 -0.482733 1.71907
297.44 476.58 -22.5692 -0.700727 1.72801
275.47 539.11 -22.4872 -0.649942 1.74772
571.22 116.61 -23.6416 -1.46241 1.77529
507 162.24 -24.0218 -1.48136 1.57159
272.09 123.37 -23.5479 -1.3852 1.18258
192.66 32.11 -23.1447 -1.38873 1.22527
236.6 246.74 -22.4338 -0.875495 1.71336
593.19 540.8 -23.7965 -0.584016 1.88034
599.95 549.25 -23.8181 -0.571516 1.88666
892.32 319.41 -22.4423 -0.847496 2.21872
760.5 643.89 -22.8675 -0.541023 2.16729
785.85 637.13 -22.7688 -0.564972 2.18671
741.91 361.66 -23.1106 -0.899192 2.13789
554.32 576.29 -23.8253 -0.50581 1.79165
552.63 594.88 -23.8364 -0.467509 1.79052
718.25 461.37 -23.2593 -0.755631 2.11438
740.22 451.23 -23.287 -0.77589 2.14677
662.48 549.25 -23.8049 -0.578805 2.02415
402.22 375.18 -22.998 -0.839796 1.67765
866.97 505.31 -22.5754 -0.708963 2.23093
772.33 366.73 -22.9823 -0.879168 2.17
550.94 449.54 -23.777 -0.772072 1.77342
557.7 479.96 -23.8719 -0.710277 1.77916
845 256.88 -22.5654 -0.923569 2.20235
784.16 332.93 -22.8394 -0.899152 2.17327
562.77 483.34 -23.8553 -0.701814 1.7966
513.76 463.06 -23.7489 -0.740393 1.70001
486.72 479.96 -23.7736 -0.701091 1.63735
949.78 223.08 -22.3294 -0.892949 2.23222
900.77 464.75 -22.4481 -0.740559 2.23321
569.53 574.6 -23.8187 -0.510884 1.82554
599.95 572.91 -23.8321 -0.518096 1.89061
530.66 544.18 -23.7869 -0.570763 1.74427
535.73 550.94 -23.8808 -0.551627 1.74183
961.61 432.64 -22.3472 -0.760372 2.24715
834.86 322.79 -22.5533 -0.862821 2.1925
858.52 336.31 -22.5308 -0.848573 2.21027
836.55 344.76 -22.6314 -0.856831 2.20699
725.01 501.93 -23.2816 -0.694927 2.13223
750.36 496.86 -23.1604 -0.707211 2.16357
719.94 419.12 -23.2571 -0.82206 2.11473
736.84 441.09 -23.1946 -0.790939 2.14409
681.07 412.36 -23.4577 -0.849359 2.04534
703.04 405.6 -23.3416 -0.847077 2.08438
972.4 530.4 -22.3435 -0.699515 2.25585
998.4 598 -22.259 -0.66626 2.24717
850.2 477.1 -22.5851 -0.733063 2.21641
868.4 507 -22.5485 -0.708002 2.22681
946.4 379.6 -22.3663 -0.795919 2.242
813.8 438.1 -22.7218 -0.772652 2.19982
733.2 653.9 -23.1177 -0.485722 2.14941
726.7 544.7 -23.2068 -0.632444 2.13307
793 547.3 -22.8406 -0.654387 2.19667
752.7 596.7 -23.0583 -0.573964 2.16926
665.6 575.9 -23.7603 -0.530398 2.0335
921.7 652.6 -22.4736 -0.603809 2.25757
837.2 643.5 -22.6572 -0.579592 2.22179
993.2 230.1 -22.2729 -0.871845 2.24188
726.7 113.1 -23.6907 -1.50215 2.10077
789.1 117 -23.7114 -1.50537 2.23357
643.5 157.3 -23.95 -1.48658 1.91414
734.5 92.3 -23.5731 -1.50247 2.11383
674.7 24.7 -23.2525 -1.48179 2.00172
650 96.2 -23.5145 -1.4601 1.94788
858 110.5 -23.7039 -1.52926 2.37588
874.9 88.4 -23.5412 -1.51171 2.38636
838.5 297.7 -22.5893 -0.893051 2.19971
466.7 505.7 -23.7729 -0.643829 1.60195
352.3 481 -22.8555 -0.694239 1.6759
442 406.9 -23.7707 -0.849857 1.52924
348.4 393.9 -22.8398 -0.79782 1.66421
356.2 624 -22.777 -0.54119 1.72193
390 686.4 -22.9723 -0.435754 1.70816
598 627.9 -23.7387 -0.415666 1.90016
600.6 574.6 -23.804 -0.517591 1.89332
601.9 603.2 -23.751 -0.463107 1.90569
522.6 583.7 -23.7756 -0.490439 1.7324
224.9 679.9 -22.4051 -0.556001 1.75772
434.2 120.9 -23.608 -1.42545 1.50116
369.2 146.9 -23.8361 -1.4453 1.28271
481 27.3 -23.2456 -1.45748 1.67656
427.7 100.1 -23.5047 -1.42897 1.51215
579.8 159.9 -24.0019 -1.48829 1.75339
505.7 126.1 -23.6157 -1.42518 1.64603
573.3 32.5 -23.2437 -1.45355 1.8322
572 97.5 -23.554 -1.46659 1.78915
575.9 348.4 -23.8562 -1.00996 1.79601
572 256.1 -24.124 -1.27855 1.73466
110.5 33.8 -23.1056 -1.36434 1.11052
273 124.8 -23.5479 -1.3852 1.18258
276.9 182 -23.8339 -1.35129 1.07141
193.7 31.2 -23.1491 -1.39059 1.22234
261.3 297.7 -22.4419 -0.838294 1.7347
282.1 191.1 -23.8827 -1.34009 1.06453
256.1 248.3 -22.4687 -0.882931 1.71376
182 258.7 -22.2982 -0.836173 1.74812
599.3 549.9 -23.8113 -0.570017 1.88689
522.6 533 -23.896 -0.588619 1.70566
522.6 559 -23.7998 -0.539586 1.72313
630.5 569.4 -23.7398 -0.538733 1.9608
729.3 525.2 -23.1276 -0.66433 2.13399
747.5 517.4 -23.2035 -0.675509 2.16286
516.1 462.8 -23.7886 -0.740514 1.69587
807.3 341.9 -22.7002 -0.868606 2.18508
721.5 418.6 -23.2008 -0.820221 2.11517
735.8 442 -23.2902 -0.791137 2.14141
522.6 526.5 -23.8415 -0.605067 1.71166
799.5 665.6 -22.7025 -0.548648 2.19414
787.8 360.1 -22.8188 -0.865784 2.17699
382.2 323.7 -22.9861 -0.904702 1.64686
391.3 336.7 -23.1394 -0.908866 1.61273
759.2 624 -22.8597 -0.56231 2.16578
664.3 549.9 -23.8049 -0.578805 2.02415
518.7 421.2 -23.671 -0.825526 1.71708
487.5 440.7 -23.7466 -0.783356 1.63806
514.8 426.4 -23.8356 -0.81984 1.67971
466.7 468 -23.7108 -0.720239 1.60632
975 410.8 -22.3278 -0.772826 2.2503
682.5 413.4 -23.5268 -0.852984 2.04664
702 406.9 -23.2421 -0.841 2.08483
569.4 448.5 -23.7368 -0.777 1.81388
565.5 484.9 -23.899 -0.699253 1.7854
958.1 247 -22.3064 -0.87066 2.23129
772.2 417.3 -22.9568 -0.809132 2.17472
305.5 361.4 -22.6111 -0.808113 1.70586
314.6 379.6 -22.6556 -0.79574 1.69833
997.1 243.1 -22.2674 -0.863286 2.2436
934.7 449.8 -22.3657 -0.749359 2.2374
924.3 481 -22.4333 -0.729323 2.24488
843.7 670.8 -22.6415 -0.558465 2.22668
864.5 668.2 -22.6351 -0.562044 2.24428
806 626.6 -22.7016 -0.586256 2.19781
798.2 651.3 -22.7246 -0.557872 2.19501
347.1 339.3 -22.7722 -0.851347 1.6818
995.8 115.7 -22.2818 -0.946082 2.24617
964.6 201.5 -22.3211 -0.902913 2.23833
617.5 445.9 -24.1064 -0.799637 1.88543
607.1 479.7 -23.5563 -0.717706 1.91502
828.1 543.4 -22.7213 -0.667778 2.21835
822.9 568.1 -22.7684 -0.639411 2.22207
726 545 -23.2068 -0.632444 2.13307
752 23 -23.2457 -1.48758 2.12983
674 25 -23.2682 -1.49056 2.00157
701 63 -23.4317 -1.49561 2.04601
858 111 -23.7065 -1.52871 2.37785
483 400 -23.8696 -0.876097 1.59648
301 685 -22.5433 -0.524675 1.75902
444 163 -23.876 -1.42666 1.44816
345 102 -23.4711 -1.40679 1.36295
365 146 -23.8069 -1.43678 1.2828
389 29 -23.2067 -1.43292 1.52823
572 97 -23.554 -1.46659 1.78915
576 350 -24.029 -1.02568 1.77498
276 85 -23.3564 -1.39028 1.27547
303 86 -23.3923 -1.40091 1.30614
382 323 -22.9861 -0.904702 1.64686
526 451 -23.7445 -0.767474 1.72381
499 510 -23.8592 -0.636482 1.65487
906 422 -22.4173 -0.771295 2.22774
888 440 -22.4852 -0.761342 2.2284
719 526 -23.1836 -0.660555 2.12103
735 442 -23.2902 -0.791137 2.14141
827 661 -22.6443 -0.563942 2.21255
859 325 -22.5245 -0.858302 2.20874
572 607 -23.7513 -0.45233 1.84375
436 573 -23.6723 -0.509331 1.57331
945 380 -22.3663 -0.795919 2.242
438 484 -23.7545 -0.684822 1.53946
622 500 -24.1066 -0.672554 1.90258
797 563 -22.8341 -0.638433 2.20037
838 297 -22.5962 -0.894249 2.20046
654 421 -23.7832 -0.849429 1.98476
997 599 -22.2653 -0.665678 2.24825
457 547 -23.717 -0.560988 1.60146
873 545 -22.5235 -0.678109 2.22615
356 623 -22.777 -0.54119 1.72193
