1877 960 1.31019 0.55174 1.5977
885 466 0.0612654 0.0149429 0.492061
810 690 0.209331 0.406211 3.13691
979.2 438 0.815191 -0.186781 4.38608
810 690 0.213441 0.408902 3.17733
1876.8 874.8 1.31493 0.455349 1.60309
1051.2 376.8 0.975545 -0.345656 4.09125
1062 294 1.1629 -0.675486 4.63484
36 477.6 -0.749149 -0.0340536 2.04353
1022.4 292.32 1.02617 -0.67486 4.63155
1062.72 439.2 1.09569 -0.180647 4.38474
995.04 283.68 0.966247 -0.726918 4.77181
1064.16 396 1.29602 -0.374333 5.11972
319.68 1045.44 -0.664684 0.922223 2.74226
695.52 439.2 -0.0370681 -0.181206 4.05361
701.28 444.96 -0.0178772 -0.148863 3.92182
1016.64 365.76 1.06916 -0.466247 4.96533
869.76 406.08 0.0670837 0.000661312 0.561756
953.28 442.08 0.665144 -0.161137 3.9338
879.84 558.72 0.542795 0.193435 4.77261
1262.88 707.04 1.79311 0.700362 4.49114
1049.76 377.28 1.24136 -0.449643 5.19895
874.08 584.64 0.447679 0.242985 4.10677
1147.68 216 1.63536 -1.06285 5.15343
1080 141.12 1.29304 -1.23202 4.82994
884.736 240.192 0.144757 -0.1494 1.16483
1017.79 285.12 1.09304 -0.754156 4.96731
978.048 438.912 0.822808 -0.186268 4.44428
1080 141.696 1.03073 -0.971823 3.88198
1026.43 276.48 1.05524 -0.74537 4.71377
1036.8 257.472 1.03333 -0.757976 4.4145
1047.17 200.448 1.23259 -1.10487 5.13189
969.408 224.64 0.826281 -0.874514 4.53356
1259.71 281.664 1.94223 -0.767098 4.85673
953.856 438.912 0.672058 -0.155695 3.95235
781.056 414.72 0.193662 -0.242021 4.06882
319.68 1045.44 -0.666539 0.925963 2.75974
1263.17 264.384 1.58981 -0.66759 3.97369
1062.72 438.912 1.10448 -0.182148 4.41588
1235.52 196.992 1.89526 -1.07098 4.91807
1059.61 199.066 1.18492 -1.00713 4.70384
1018.14 286.157 1.12456 -0.777737 5.10593
1074.12 153.446 1.17886 -1.12012 4.54874
872.986 584.755 0.459629 0.248574 4.18655
989.107 364.954 1.08221 -0.522608 5.456
974.592 385.69 0.837682 -0.348651 4.48561
1080.35 141.005 1.14998 -1.09271 4.31074
1061.68 292.378 1.20081 -0.697851 4.76272
1047.17 377.395 1.03703 -0.373581 4.36636
1188.17 605.491 1.35529 0.308941 3.98516
1300.15 93.312 1.69596 -1.15269 3.96849
1045.09 375.736 1.15267 -0.421241 4.86404
1050.07 201.554 0.47745 -0.385319 2.0641
1079.93 435.456 1.40694 -0.239047 5.33202
1069.98 395.643 1.34431 -0.374202 5.23132
873.4 584.755 0.454355 0.245521 4.15331
860.959 584.755 0.472464 0.279917 4.64531
1015.23 365.783 0.836544 -0.36302 3.93415
990.352 363.295 0.90985 -0.429547 4.58157
1025.19 291.133 1.13249 -0.747408 4.99881
1234.21 654.428 2.01055 0.612525 5.30788
1209.32 609.638 1.34449 0.306426 3.79527
1112.28 328.458 1.5197 -0.636139 5.19411
646.963 975.422 -0.164693 1.08016 3.42734
739.031 836.076 0.0573603 0.950353 4.22013
783.821 415.549 0.218297 -0.279085 4.63475
701.706 445.409 -0.0147638 -0.160362 3.8781
1259.09 343.388 1.781 -0.504758 4.46606
1264.07 271.227 1.91837 -0.793931 4.76663
1147.12 216.484 1.75172 -1.12852 5.52348
1184.44 577.29 1.64655 0.271804 4.84486
1079.93 141.834 1.20577 -1.15136 4.53339
753.961 776.356 0.0969331 0.763671 4.1133
1021.21 289.641 0.968332 -0.667229 4.37739
1027.18 280.683 0.937969 -0.645299 4.22978
988.361 370.262 0.922734 -0.419515 4.62029
1068.98 397.136 1.3432 -0.372363 5.22759
907.739 167.215 0.694603 -1.19884 5.10701
907.739 164.229 0.540964 -0.918132 3.97665
973.431 438.94 0.91296 -0.201392 4.94856
1071.97 152.285 1.30141 -1.24472 5.01051
1060.02 146.313 1.38258 -1.40754 5.51991
1033.15 256.795 1.24738 -0.949987 5.44055
1039.12 289.641 1.13069 -0.725146 4.80945
1027.18 274.711 0.888457 -0.611712 3.9186
997.319 283.669 0.917414 -0.676534 4.50058
1045.09 226.935 1.25013 -1.03398 5.27955
973.431 388.178 0.849621 -0.353891 4.55123
880.865 555.393 0.404515 0.139584 3.51129
782.328 412.066 0.1997 -0.251156 4.1364
791.286 352.346 0.237227 -0.432824 4.27937
898.781 167.215 0.70546 -1.21765 5.18362
668.861 853.992 -0.100894 0.796438 3.42608
1119.74 480.743 1.662 -0.0504765 5.62622
1236.2 146.313 1.87797 -1.26421 4.89903
1236.2 197.075 1.65095 -0.940607 4.30778
970.445 226.935 0.90244 -0.945292 4.89652
1077.94 146.313 1.1751 -1.12596 4.44038
755.454 785.314 0.11994 0.823889 4.31846
647.959 976.417 -0.160037 1.07691 3.39662
776.356 424.01 0.183589 -0.227575 4.21887
1057.04 200.658 1.09897 -0.946425 4.41434
1035.54 254.406 1.1772 -0.908221 5.04301
1039.12 243.656 1.00514 -0.769484 4.2692
1042.71 376.234 1.25043 -0.458875 5.24682
784.717 343.985 0.204566 -0.446663 4.19704
756.051 784.717 0.112435 0.804999 4.21707
1257.7 343.985 1.88117 -0.538339 4.7277
967.459 437.148 0.878598 -0.197009 4.79327
1082.12 440.731 1.12786 -0.176549 4.31876
999.708 283.071 1.1216 -0.829525 5.45578
1232.61 652.139 1.96683 0.600532 5.19252
1214.7 637.806 1.73728 0.510006 4.75681
1042.71 225.74 1.17102 -0.960403 4.93567
842.048 637.806 0.261462 0.26643 2.9883
734.552 834.881 0.0492841 0.914003 4.06289
670.055 924.461 -0.0996897 0.968741 3.4657
806.216 752.468 0.261755 0.757298 4.34821
756.051 763.218 0.105597 0.735679 4.11674
1110.79 326.07 1.46686 -0.627317 5.04126
1139.45 254.406 1.73027 -0.985033 5.56808
1146.62 214.991 1.74903 -1.13674 5.53145
1508.52 75.2468 1.76951 -0.913177 3.03731
906.545 164.826 0.559121 -0.950745 4.10871
777.55 422.815 0.186878 -0.230828 4.29271
1182.45 573.309 1.67746 0.283654 4.9072
1062.06 146.194 1.35149 -1.36645 5.36542
1027.66 279.488 0.951864 -0.651743 4.17376
1036.26 374.084 1.14218 -0.426468 4.86285
735.269 834.165 0.0439284 0.93477 4.16231
730.969 834.165 0.0420387 0.932393 4.15314
778.267 421.382 0.184027 -0.234936 4.31406
1010.46 365.485 1.30834 -0.578117 6.13556
1040.56 292.388 1.21693 -0.770705 5.15913
1062.06 197.792 1.14113 -0.998904 4.64225
1053.46 197.792 1.30114 -1.15824 5.36355
1044.86 227.89 1.05769 -0.849026 4.3879
1036.26 245.09 0.997908 -0.755523 4.27149
1066.35 288.088 1.30802 -0.763277 5.07492
1105.05 447.181 1.3333 -0.174412 4.74524
1066.35 395.583 1.16296 -0.327711 4.58709
864.263 580.475 0.478913 0.273937 4.67369
894.362 150.494 0.594675 -1.1187 4.63428
1113.65 322.486 1.53625 -0.661106 5.2603
1238.35 193.492 1.77601 -1.01139 4.61128
1143.75 219.291 1.74903 -1.13674 5.53145
644.973 980.359 -0.150854 1.01218 3.26326
954.56 434.282 0.755705 -0.180333 4.39841
892.642 149.634 0.661718 -1.22717 5.1265
1099.03 443.741 1.51902 -0.218411 5.42157
1083.55 438.581 1.50073 -0.230841 5.6259
1207.39 603.694 1.89176 0.428783 5.25564
1031.96 252.829 1.24568 -0.950692 5.38977
1042.28 227.03 1.01267 -0.832659 4.30375
995.838 283.788 0.965222 -0.699671 4.65632
1062.92 288.948 1.21002 -0.708933 4.72111
1037.12 294.108 1.15582 -0.721843 4.95647
1031.96 371.504 1.00713 -0.384762 4.4054
835.885 624.334 0.347873 0.365295 4.16458
789.447 356.025 0.232919 -0.430894 4.342
779.127 340.546 0.189472 -0.42414 3.88071
784.287 407.623 0.180836 -0.222445 3.53901
1042.28 361.185 1.20911 -0.494729 5.10729
1068.07 438.581 1.15817 -0.185245 4.57078
1140.31 216.711 1.77016 -1.16129 5.6459
1181.59 567.576 1.85977 0.283884 5.46292
1078.39 144.474 1.10891 -1.06626 4.21441
1062.92 149.634 1.26407 -1.27932 5.03507
1295.11 98.0359 2.0077 -1.37796 4.70068
644.973 975.199 -0.171483 1.08223 3.43992
820.405 134.154 0.343921 -1.1392 4.41915
954.56 433.422 0.690525 -0.168292 4.05095
696.571 433.422 -0.022516 -0.174621 3.85179
753.328 768.807 0.104396 0.702999 3.9849
1176.43 557.256 1.78093 0.247079 5.24769
1250.73 198.136 1.57013 -0.870395 4.0276
1232.16 204.327 1.78799 -1.01944 4.66059
1201.2 600.599 1.83688 0.396487 5.15487
1040.21 229.094 1.10341 -0.901677 4.65554
1034.02 297.203 1.17735 -0.734857 5.08
1027.83 278.628 0.934188 -0.645808 4.20463
1102.13 439.613 1.48392 -0.219889 5.31211
1046.4 359.121 1.20707 -0.50012 5.06972
755.392 798.734 0.1097 0.829885 4.16955
755.392 761.584 0.0987294 0.690986 4.08592
786.351 359.121 0.208226 -0.373139 3.85231
773.967 427.23 0.167967 -0.217963 4.13803
885.419 532.49 0.456731 0.086678 3.88221
724.433 835.885 0.0298814 0.925991 4.13823
681.091 835.885 -0.0875911 0.857794 3.88161
996.87 365.313 0.884844 -0.404393 4.38335
1108.32 321.97 1.50208 -0.657167 5.16556
1232.16 650.133 1.86676 0.574179 4.93651
1071.17 148.602 1.02871 -1.0236 4.0572
1052.6 198.136 0.465194 -0.367272 1.96333
860.652 575.832 0.398888 0.229528 3.83618
787.589 356.644 0.226969 -0.431119 4.43948
780.159 334.354 0.200233 -0.501766 4.42776
1248.25 200.612 1.88111 -1.05584 4.76824
1025.35 282.343 0.937787 -0.656822 4.1985
1396.86 170.892 2.12938 -1.0113 4.27251
1248.25 705.858 1.80972 0.717103 4.66507
1188.81 594.407 1.6627 0.352529 4.8179
757.869 750.439 0.102811 0.693316 4.0338
772.729 430.945 0.177658 -0.204181 4.19994
787.589 401.225 0.179375 -0.253273 3.75763
995.632 364.074 0.898775 -0.412789 4.44786
1077.36 438.375 1.43657 -0.227688 5.49161
1136.8 215.473 1.61768 -1.05941 5.21578
1069.93 148.602 1.06863 -1.04488 4.1463
995.632 282.343 0.94363 -0.683361 4.56068
1032.78 245.193 1.21369 -0.955638 5.24688
1173.95 549.826 1.84606 0.227205 5.48904
951.051 430.945 0.679928 -0.174169 3.9865
861.89 572.117 0.439661 0.234772 4.36275
