980 193 11.5755 0.172107 30.3503
874 584 11.4553 2.03089 30.5895
1245 459 10.493 1.15631 29.6199
1225 448 10.5186 1.13222 29.6724
1223 319 12.0044 0.591589 28.9884
1199 320 12.2427 0.59381 28.987
1222 313 12.0737 0.556139 28.961
333 522 11.8336 2.24521 33.3666
1217 239 12.0434 0.196297 29.0603
101 412 10.2575 1.52163 33.5746
839 526 11.4398 1.78711 30.7923
873 554 11.4808 1.90096 30.6147
1168 322 12.1667 0.627148 29.1587
1236 242 12.1689 0.169302 28.9037
1063 378 11.9918 0.989684 29.7078
1122 518 12.4471 1.72404 29.1168
1144 495 12.3163 1.56233 29.0798
931 194 11.3726 0.237865 30.6071
1147 476 12.1304 1.43584 29.1588
762 383 12.9492 1.28187 31.1625
1032 321 12.1836 0.7056 29.8422
1000 567 12.0417 2.0054 29.8545
1084 279 11.9275 0.485286 29.6976
1257 319 12.0764 0.558763 28.795
870 331 11.6698 0.882631 30.7375
1104 345 12.3279 0.780826 29.4032
324 393 12.9483 1.72281 33.9836
817 470 11.8635 1.60552 30.8821
800 488 12.1338 1.762 30.9195
863 301 11.7957 0.729842 30.787
1151 425 12.2751 1.17371 29.1195
1014 312 12.0339 0.67934 29.9798
1075 519 12.2017 1.72267 29.4604
1089 500 12.1692 1.61005 29.414
990 304 12.2107 0.648281 30.0568
1137 450 12.34 1.32392 29.144
792 237 13.7199 0.262104 31.058
1118 333 12.2342 0.713975 29.3774
762 464 13.2812 1.82886 31.0829
1013 395 12.1761 1.11217 29.8822
679 363 17.2393 1.4452 31.8993
1013 436 12.2157 1.33099 29.8397
1143 369 12.2948 0.884104 29.1927
1041 126 10.7053 0.0649786 30.3919
1079 398 12.1675 1.07338 29.5589
1095 363 12.4606 0.884564 29.387
827 175 13.3347 -0.125655 30.9116
808 148 13.5386 -0.333016 31.0326
871 385 11.9746 1.14793 30.6579
854 379 11.4238 1.1058 30.815
904 268 11.6594 0.55771 30.6285
882 501 12.1938 1.77555 30.4792
975 563 11.997 1.99788 29.9964
840 424 12.2567 1.39489 30.7508
890 387 11.6959 1.1364 30.6094
893 360 11.8198 1.00532 30.5989
888 445 11.6668 1.40457 30.5845
1043 485 11.8816 1.52532 29.7632
942 479 11.5913 1.53 30.3267
761 529 13.2567 2.25734 31.0313
823 524 12.2129 1.95409 30.7669
797 489 12.3674 1.804 30.9204
1012 330 12.2398 0.770965 29.9223
1085 423 12.1833 1.20602 29.4904
917 559 11.5544 1.90581 30.3962
599 363 20.0294 1.74422 33.1776
1008 487 12.1531 1.59906 29.8456
798 354 12.8553 1.06149 30.975
930 307 12.3164 0.710046 30.339
945 275 11.7054 0.564527 30.4246
974 458 12.8227 1.54497 29.8612
500 101 13.2423 -0.354317 33.1245
992 188 11.7462 0.114902 30.2523
1072 245 13.006 0.175241 29.4096
1156 184 14.8579 -0.607036 28.2017
815 576 11.5022 2.05546 30.8535
309.6 409.2 11.6927 1.63577 33.4853
860.4 328.8 11.7126 0.868631 30.7877
838.8 321.6 12.028 0.84742 30.8598
792 534 11.9328 1.97371 30.9424
1063.2 378 11.8762 0.985914 29.7405
1034.4 376.8 12.2367 1.01001 29.7704
1123.2 518.4 12.4007 1.71688 29.1316
1107.6 501.6 12.417 1.63946 29.2292
212.4 559.2 10.4334 2.04795 33.2013
668.4 457.2 15.4634 2.21283 31.8179
838.8 526.8 11.5336 1.81221 30.7774
841.2 496.8 11.4845 1.6608 30.7952
1171.2 357.6 12.0955 0.810331 29.1503
1168.8 321.6 12.4331 0.614837 29.0444
1172.4 398.4 12.1109 1.01842 29.1063
1154.4 391.2 12.3943 0.997451 29.0819
1182 373.2 12.2781 0.876914 29.0144
1166.4 424.8 12.4286 1.17008 28.9748
861.6 300 11.8827 0.726619 30.7817
1081.2 306 11.9995 0.609329 29.6732
1147.2 475.2 12.278 1.44879 29.0986
828 175.2 13.0625 -0.0953821 30.9233
862.8 463.2 11.6102 1.5059 30.6953
1014 312 12.2314 0.677963 29.9272
1000.8 309.6 12.3524 0.666579 29.9696
992.4 278.4 12.5446 0.487214 29.9867
946.8 444 11.639 1.36553 30.3138
998.4 514.8 12.1435 1.7483 29.8783
170.4 426 11.881 1.87497 34.3518
763.2 432 12.5512 1.52702 31.1391
1030.8 133.2 10.6394 0.102457 30.4399
1060.8 120 10.4231 0.103328 30.4121
704.4 375.6 15.5283 1.42957 31.5798
890.4 388.8 11.6703 1.14001 30.6111
890.4 380.4 11.615 1.0959 30.6236
936 385.2 11.3962 1.08507 30.4509
1075.2 518.4 12.1758 1.71785 29.4694
1089.6 499.2 12.211 1.60937 29.4005
1143.6 350.4 12.4385 0.780757 29.1495
1108.8 345.6 12.1472 0.785673 29.4377
1128 334.8 12.3513 0.716468 29.2743
784.8 508.8 12.4562 1.94237 30.9618
762 464.4 13.2994 1.83535 31.0778
824.4 237.6 12.9584 0.325055 30.8931
860.4 244.8 11.7571 0.461532 30.833
841.2 248.4 12.0127 0.466547 30.8933
892.8 238.8 11.7229 0.42146 30.6813
1140 424.8 12.2555 1.18076 29.1777
1014 436.8 12.0034 1.31334 29.8891
1004.4 405.6 12.1866 1.17693 29.916
1000.8 566.4 12.1137 2.01894 29.834
1044 358.8 12.1109 0.899552 29.7757
1032 321.6 12.1777 0.708794 29.8422
1087.2 340.8 11.5254 0.799648 29.7859
1075.2 358.8 11.8757 0.879767 29.6987
1100.4 333.6 13.0234 0.694035 29.1691
900 554.4 11.5984 1.9065 30.4725
1010.4 100.8 10.8072 -0.0450842 30.4834
921.6 535.2 11.6009 1.80728 30.3847
820.8 216 12.4149 0.255055 30.985
824.4 192 13.4162 -0.0236747 30.9214
867.6 414 11.6928 1.277 30.6983
1060.8 64.8 10.4379 -0.0834333 30.4358
951.6 560.4 12.002 2.00222 30.1091
894 303.6 12.2614 0.702298 30.5602
906 292.8 11.6494 0.669143 30.6013
933.6 256.8 11.635 0.489244 30.5069
925.2 250.8 11.6781 0.454717 30.5386
1141.2 392.4 12.3513 1.0165 29.1634
1108.8 364.8 12.2767 0.886411 29.3847
1041.6 476.4 11.7949 1.47226 29.8084
1036.8 462 12.0204 1.42991 29.7641
883.2 438 11.659 1.37998 30.6123
889.2 410.4 11.8224 1.25658 30.5812
921.6 448.8 11.6385 1.40369 30.4262
952.8 388.8 11.6044 1.09331 30.3335
987.6 429.6 12.2896 1.32437 29.9639
974.4 409.2 11.9859 1.1996 30.1162
1011.6 330 12.1407 0.771288 29.9437
804 568.8 11.3509 1.98388 30.9304
804 534 11.5605 1.87439 30.919
974.4 344.4 11.7688 0.870893 30.2204
957.6 340.8 11.8101 0.861 30.2989
957.6 332.4 11.664 0.832006 30.3372
874.8 358.8 11.5557 0.997404 30.7213
908.4 333.6 12.3012 0.863368 30.4525
1105.2 470.4 12.3081 1.45808 29.3044
1077.6 445.2 12.2902 1.33964 29.4738
813.6 440.4 12.0227 1.48465 30.8993
932.4 337.2 11.824 0.85761 30.4165
823.2 385.2 11.9951 1.1826 30.8965
830.4 367.2 12.4381 1.1013 30.8257
802.8 361.2 12.4479 1.08368 30.973
880.8 464.4 11.5732 1.49936 30.6221
1009.2 487.2 11.9611 1.57228 29.8977
1026 454.8 12.0148 1.40439 29.8229
974.4 458.4 12.0091 1.45119 30.0716
927.6 279.6 11.5881 0.600141 30.5266
801.6 328.8 12.3691 0.915768 31.0079
178.8 348 10.2963 1.25999 33.3385
278.4 44.4 12.4005 -0.352824 34.2491
308.4 124.8 13.7224 -0.140406 34.711
600 291.6 20.838 0.716845 33.4791
496.8 102 14.0047 -0.497355 33.374
186 584.4 8.10683 1.24633 31.9024
210 680.4 9.51134 2.0489 32.6508
76.8 542.4 10.2706 2.00986 33.6221
129.6 547.2 10.5924 2.11639 33.6408
150 681.6 9.46041 2.05269 32.7855
157.2 634.8 9.92789 2.13517 33.0682
187.2 453.6 11.0227 1.81061 33.7019
619.2 673.2 10.1569 2.1128 31.6142
610.8 625.2 10.9342 2.23674 31.7341
570 646.8 10.4641 2.16941 31.8306
330 678 9.71285 2.08556 32.4086
853.2 192 12.1327 0.153196 30.863
792 224.4 13.9864 0.148968 31.0655
718.8 120 13.1071 -0.366327 31.6472
1192.8 225.6 12.2403 0.104609 29.0959
1190.4 346.8 12.1807 0.740094 29.0381
1203.6 286.8 12.0014 0.433203 29.1049
968.4 254.4 11.7531 0.450627 30.3218
1071.6 244.8 12.8568 0.186145 29.4591
1195.2 79.2 9.93257 0.0828747 30.2328
816 574.8 11.6194 2.08039 30.8425
765.6 577.2 12.1203 2.27427 31.0318
750 627.6 11.1126 2.21276 31.1528
1159.2 590.4 10.3296 1.60518 29.9081
1130.4 646.8 10.3689 1.82615 29.9562
950.4 582 11.9984 2.10906 30.1126
1185.6 372 12.1506 0.875506 29.0562
760.32 465.12 12.8745 1.77928 31.1072
825.12 237.6 13.9015 0.233114 30.8193
800.64 246.24 13.6117 0.329795 30.998
861.12 300.96 11.6526 0.738902 30.8062
992.16 277.92 12.2666 0.510088 30.0588
1032.48 105.12 10.5312 0.0364804 30.4767
1026.72 82.08 10.5987 -0.0527171 30.5006
1150.56 424.8 12.3847 1.1862 29.0766
1164.96 413.28 12.138 1.10331 29.1201
828 174.24 13.225 -0.119255 30.918
1049.76 511.2 11.9393 1.66196 29.6989
1055.52 499.68 11.7633 1.57546 29.7279
1029.6 358.56 12.2849 0.906053 29.7874
1051.2 332.64 12.1017 0.761116 29.7669
1031.04 321.12 12.0354 0.716292 29.8894
1213.92 491.04 10.5108 1.28391 29.6891
869.76 332.64 11.6957 0.882086 30.7341
838.08 321.12 11.2233 0.864112 30.9431
1062.72 377.28 11.9363 0.979335 29.7242
1108.8 345.6 12.1941 0.775422 29.445
679.68 381.6 17.2316 1.644 31.8798
889.92 437.76 11.6316 1.36616 30.5881
888.48 410.4 11.5693 1.23421 30.6154
947.52 424.8 11.6052 1.26529 30.3284
920.16 419.04 11.6842 1.26463 30.4525
1080 516.96 11.8843 1.66022 29.5592
655.2 329.76 16.7171 1.08187 32.1778
874.08 531.36 11.5188 1.80479 30.612
937.44 509.76 11.5243 1.66354 30.34
927.36 525.6 12.2096 1.88204 30.2207
940.32 502.56 11.5235 1.6263 30.3258
925.92 499.68 11.4486 1.60456 30.4141
882.72 273.6 11.7519 0.595268 30.7075
1140.48 423.36 11.5129 1.13939 29.5089
1114.56 408.96 12.2841 1.11306 29.3172
851.04 400.32 11.6882 1.23475 30.786
859.68 244.8 11.7998 0.454106 30.8293
820.8 216 12.66 0.223627 30.9724
802.08 218.88 13.476 0.143809 31.0137
797.76 488.16 12.2304 1.7819 30.9252
982.08 486.72 12.0154 1.59928 30.0073
1087.2 339.84 12.0801 0.782201 29.5811
1075.68 358.56 11.8947 0.87802 29.6969
1100.16 332.64 12.2594 0.723225 29.4526
632.16 381.6 16.6614 1.6621 32.3466
865.44 434.88 11.6371 1.37329 30.7011
868.32 414.72 12.2095 1.3174 30.6178
840.96 403.2 11.6526 1.24112 30.8312
974.88 410.4 12.0875 1.2102 30.0939
957.6 311.04 11.6648 0.730789 30.3478
963.36 283.68 11.7156 0.593423 30.3293
948.96 561.6 12.1658 2.04557 30.073
686.88 427.68 15.5506 1.94203 31.6895
900 388.8 11.7378 1.14614 30.5587
889.92 380.16 11.5948 1.09367 30.6207
941.76 479.52 11.6497 1.53572 30.3184
944.64 452.16 11.798 1.41901 30.2914
957.6 339.84 11.5942 0.866733 30.3447
957.6 332.64 11.9078 0.822763 30.2911
1056.96 473.76 11.856 1.45617 29.7098
1042.56 483.84 11.9277 1.52155 29.7482
1097.28 406.08 12.9598 1.13557 29.1408
987.84 429.12 12.1516 1.30878 29.9867
989.28 411.84 12.2023 1.22004 29.9772
1111.68 387.36 12.3357 1.01683 29.3286
1143.36 493.92 12.3013 1.55607 29.0864
933.12 335.52 11.6002 0.858906 30.4658
912.96 334.08 11.6116 0.858829 30.5448
951.84 367.2 11.556 0.991569 30.3645
1059.84 64.8 10.4677 -0.0903087 30.429
1094.4 482.4 12.192 1.51775 29.3902
1077.12 479.52 11.9751 1.4941 29.5573
1097.28 456.48 11.5114 1.31834 29.676
917.28 249.12 11.7638 0.448067 30.5669
1105.92 469.44 12.1947 1.43332 29.3493
825.12 358.56 12.0301 1.04423 30.8999
881.28 293.76 11.7102 0.685983 30.7098
953.28 462.24 12.4343 1.54097 30.0886
898.56 475.2 11.5805 1.5336 30.5259
876.96 480.96 11.7148 1.59386 30.6024
888.48 444.96 11.5759 1.40047 30.5906
812.16 401.76 12.4067 1.31462 30.8994
823.68 551.52 11.5599 1.94485 30.8243
324 351.36 13.0547 1.4593 34.0557
303.84 288 14.9773 1.11457 35.2319
617.76 73.44 12.2244 -0.368851 32.2081
218.88 567.36 10.4236 2.07417 33.1645
285.12 617.76 10.2182 2.13769 32.7963
141.12 534.24 10.6513 2.07116 33.6393
136.8 555.84 10.6026 2.147 33.625
191.52 424.8 10.6641 1.61069 33.4741
187.2 453.6 10.9158 1.78529 33.6474
27.36 423.36 10.0926 1.56205 33.7092
70.56 398.88 10.3764 1.51346 33.7715
540 583.2 11.0737 2.16089 32.0718
588.96 545.76 11.3443 2.03206 31.9111
531.36 665.28 10.2467 2.167 31.9224
348.48 653.76 9.86456 2.06897 32.4186
483.84 660.96 9.69576 1.95149 31.9591
427.68 426.24 17.9302 2.69271 34.9136
937.44 195.84 11.7845 0.184351 30.4958
731.52 122.4 13.379 -0.424526 31.5689
1242.72 241.92 11.8432 0.221178 29.0226
1143.36 351.36 12.3158 0.785916 29.1981
1190.88 347.04 12.1858 0.741828 29.0355
1236.96 286.56 12.0308 0.412909 28.9312
1202.4 286.56 12.0562 0.43722 29.0689
967.68 275.04 11.5864 0.556802 30.3472
1069.92 244.8 13.0961 0.163496 29.3813
1061.28 306.72 11.9656 0.626406 29.7769
1110.24 67.68 10.1818 -0.00866462 30.3667
1195.2 79.2 9.88006 0.0959961 30.2493
1157.76 184.32 13.7901 -0.411415 28.6154
1010.88 99.36 10.8408 -0.0594753 30.472
1069.92 122.4 10.3367 0.12736 30.4068
1059.84 120.96 10.4772 0.0933678 30.3992
815.04 574.56 11.7379 2.10348 30.837
862.56 541.44 11.6147 1.87656 30.6545
874.08 583.2 11.5504 2.04407 30.5807
828 655.2 10.6412 2.10222 30.8871
724.32 565.92 12.7997 2.4294 31.2501
763.2 437.76 12.6365 1.57912 31.1169
757.44 505.44 12.8794 2.03575 31.0914
1241.28 597.6 10.3481 1.5969 29.6414
1055.52 676.8 10.5413 2.01985 30.1095
881.28 292.032 11.7196 0.677493 30.7074
967.68 273.024 11.8758 0.535129 30.2856
955.584 247.104 11.5138 0.436808 30.4253
943.488 558.144 11.8709 1.9721 30.1819
936.576 537.408 11.5315 1.79393 30.3252
921.024 537.408 11.5217 1.79515 30.3933
959.04 312.768 11.6538 0.733976 30.3527
1133.57 349.056 12.2684 0.78438 29.2667
1111.1 67.392 10.252 -0.0303721 30.3478
1137.02 48.384 10.0093 -0.0129764 30.3618
1112.83 34.56 10.181 -0.097255 30.3746
67.392 402.624 10.2592 1.50244 33.7099
651.456 354.24 17.3286 1.38716 32.2505
677.376 319.68 17.6542 0.969875 32.015
654.912 330.048 16.4538 1.07508 32.1426
886.464 440.64 12.2839 1.43409 30.492
1000.51 511.488 12.1853 1.73611 29.8627
1140.48 407.808 12.4822 1.09628 29.105
696.384 345.6 17.665 1.25351 31.7533
832.896 271.296 12.6337 0.546965 30.8633
865.728 245.376 11.6518 0.465977 30.8177
850.176 400.896 11.7499 1.2309 30.7857
853.632 380.16 11.8213 1.1287 30.7724
964.224 487.296 11.7375 1.5735 30.1716
952.128 563.328 11.59 1.91611 30.2174
972.864 533.952 11.9246 1.83184 30.051
1116.29 459.648 12.1786 1.3813 29.3052
798.336 430.272 12.4467 1.48108 30.9498
810.432 402.624 12.0795 1.28739 30.9315
869.184 406.08 11.6223 1.22689 30.7011
938.304 252.288 11.7393 0.452995 30.4648
917.568 248.832 11.6206 0.458268 30.589
1028.16 357.696 12.0349 0.903399 29.8702
335.232 312.768 14.5645 1.27549 34.6894
824.256 554.688 11.5733 1.94867 30.8209
1010.88 328.32 12.3308 0.761295 29.9017
1085.18 309.312 11.8807 0.62531 29.6877
1073.09 278.208 11.9604 0.476946 29.743
1121.47 390.528 12.2161 1.01455 29.3167
1112.83 388.8 12.2337 1.01271 29.3554
1107.65 364.608 12.2438 0.88345 29.4009
877.824 330.048 11.5663 0.862301 30.7087
919.296 471.744 11.6358 1.50915 30.4247
955.584 340.416 11.6717 0.872668 30.3358
1085.18 490.752 12.0989 1.55079 29.4697
810.432 286.848 12.4863 0.654005 30.992
974.592 411.264 12.1225 1.21817 30.0842
972.864 449.28 13.1193 1.51251 29.7842
955.584 447.552 12.8795 1.50194 29.9716
257.472 343.872 11.1917 1.29572 33.5283
874.368 480.384 11.6685 1.59175 30.6202
779.328 338.688 12.8929 0.985863 31.0849
1081.73 456.192 12.1729 1.38336 29.4921
1066.18 457.92 11.8472 1.36893 29.6877
297.216 302.4 15.376 1.26565 35.4949
74.304 41.472 12.3112 -0.246051 35.4608
112.32 91.584 13.3674 -0.163852 35.9695
179.712 119.232 14.4956 -0.164123 36.2332
495.936 100.224 12.8916 -0.281452 33.042
217.728 566.784 10.4002 2.06815 33.157
330.048 582.336 10.7149 2.1651 32.8628
207.36 682.56 9.52788 2.05986 32.666
255.744 642.816 9.86784 2.08479 32.7135
88.128 530.496 10.1898 1.93821 33.5343
150.336 680.832 9.24377 1.9349 32.6494
190.08 425.088 9.59998 1.39171 32.8432
247.104 501.12 11.1061 2.00199 33.4473
254.016 461.376 11.0992 1.81201 33.453
618.624 672.192 10.4022 2.20341 31.6365
613.44 648 10.1744 2.03356 31.6491
383.616 608.256 10.6128 2.19438 32.5883
466.56 596.16 10.5496 2.08508 32.2558
412.992 573.696 11.0968 2.20792 32.653
430.272 686.016 10.1935 2.27326 32.2458
632.448 381.888 16.9832 1.7016 32.3695
803.52 217.728 13.3819 0.151815 31.02
869.184 340.416 11.7169 0.932179 30.734
727.488 269.568 17.6259 0.279324 31.5437
810.432 146.88 14.1338 -0.435352 30.9803
883.008 186.624 12.3997 0.0679491 30.693
876.096 143.424 13.7757 -0.455155 30.5667
653.184 126.144 13.5963 -0.38554 32.1198
1142.21 352.512 12.6751 0.782679 29.0497
1169.86 292.032 12.8698 0.410119 28.8701
1190.59 347.328 12.1327 0.745991 29.0575
1202.69 286.848 12.0233 0.436591 29.0888
1060.99 307.584 11.9445 0.630569 29.7821
1010.88 98.496 11.19 -0.145386 30.3866
1057.54 93.312 10.6033 -0.0244768 30.3889
1086.91 53.568 10.5462 -0.14966 30.3312
1059.26 65.664 10.6862 -0.147723 30.3708
998.784 190.08 12.0639 0.0694774 30.1456
1060.99 120.96 10.4505 0.100214 30.4069
874.368 582.336 11.5927 2.05767 30.5699
763.776 575.424 12.52 2.36981 31.0323
791.424 533.952 12.0954 2 30.9326
724.032 566.784 12.4517 2.3452 31.2516
718.848 680.832 9.69843 1.90126 31.3051
938.304 366.336 11.6362 0.996768 30.4016
940.032 501.12 11.5028 1.61975 30.3449
703.296 374.976 15.318 1.39494 31.5701
763.776 437.184 12.6034 1.55765 31.1175
654.912 447.552 10.9265 1.47438 31.634
1171.58 535.68 10.6948 1.48445 29.7195
1244.16 556.416 10.2591 1.44467 29.7061
964.224 637.632 11.3847 2.20047 30.1761
1092.1 677.376 10.0923 1.85786 30.1738
1040.26 642.816 10.5536 1.92606 30.1704
1142.21 368.064 12.4789 0.877041 29.1226
1233.79 428.544 10.7421 1.07196 29.5441
1194.05 392.256 12.165 0.977543 28.9925
1143.94 494.208 12.2267 1.5444 29.1215
823.219 238.464 13.2016 0.304546 30.8733
825.293 188.698 13.2423 -0.0240123 30.9165
827.367 172.109 12.6973 -0.0440748 30.946
995.328 429.235 12.2238 1.31835 29.9227
1063.76 377.395 11.9028 0.975052 29.7268
335.923 313.114 15.7545 1.32402 35.254
665.626 321.408 19.0939 1.00207 32.2979
808.704 284.083 13.0603 0.633334 30.9605
945.562 311.04 12.2925 0.711417 30.2779
958.003 298.598 11.2512 0.690476 30.4399
1086.57 340.07 12.1309 0.773562 29.5693
1072.05 333.85 11.9108 0.763168 29.718
895.795 356.659 11.811 0.991154 30.5816
895.795 340.07 12.7262 0.902172 30.4154
918.605 557.798 10.9384 1.76535 30.5181
955.93 462.413 11.6293 1.44344 30.2622
1043.02 358.733 12.1193 0.914436 29.78
1119.74 389.837 12.3496 1.01692 29.2685
1111.45 387.763 12.2757 1.00832 29.343
1107.3 362.88 12.2609 0.870297 29.4028
1113.52 408.499 12.2913 1.11207 29.3072
864.691 244.685 11.3852 0.498013 30.862
902.016 282.01 11.8589 0.613497 30.5983
928.973 479.002 11.6703 1.55034 30.3732
910.311 447.898 11.2529 1.36126 30.5479
937.267 257.126 11.8912 0.474155 30.4485
916.531 248.832 11.7623 0.446899 30.5635
1092.79 483.149 12.2694 1.53235 29.3684
257.126 344.218 10.6267 1.23303 33.2266
325.555 352.512 11.5172 1.32453 33.3632
282.01 354.586 11.3961 1.35501 33.5166
114.048 91.2384 12.8776 -0.088071 35.61
124.416 141.005 12.8492 0.243813 35.4651
335.923 60.1344 12.7111 -0.385347 34.0275
391.91 182.477 13.7422 0.212541 34.0021
393.984 155.52 13.4251 0.0394114 33.8857
223.949 580.608 11.0139 2.3418 33.4622
192.845 541.21 10.3996 1.96849 33.255
329.702 675.994 9.76236 2.10603 32.4337
300.672 622.08 10.251 2.15846 32.7518
136.858 553.651 10.7172 2.17982 33.6808
248.832 389.837 10.2684 1.37412 33.037
252.979 460.339 11.0995 1.80493 33.4488
331.776 485.222 12.5788 2.23192 33.6911
163.814 398.131 11.8009 1.70251 34.3389
337.997 570.24 10.6651 2.09824 32.8145
348.365 653.184 10.1384 2.18289 32.5219
802.483 217.728 12.8627 0.216675 31.048
887.501 263.347 11.6709 0.531473 30.6992
808.704 147.226 14.104 -0.43119 30.9793
1113.52 199.066 14.0001 -0.302968 28.8366
1142.55 350.438 12.6084 0.790823 29.0802
1200.61 286.157 12.0468 0.431999 29.0819
1076.2 277.862 12.0848 0.477824 29.6898
1157.07 182.477 13.8386 -0.421209 28.5869
1009.84 97.4592 10.8011 -0.0606833 30.4822
993.255 64.2816 11.2763 -0.300666 30.4621
1057.54 66.3552 10.8048 -0.184419 30.3457
997.402 190.771 12.3882 0.0230071 30.0833
1032.65 184.55 13.0629 -0.18447 29.6819
812.851 572.314 11.5258 2.04358 30.8581
856.397 549.504 12.1375 2.04248 30.5881
941.415 578.534 11.8865 2.08183 30.1799
812.851 644.89 10.8676 2.16205 30.9059
761.011 576.461 12.1723 2.27873 31.052
779.674 524.621 11.6746 1.88002 31.03
729.907 564.019 12.3685 2.31343 31.2173
829.44 371.174 11.9911 1.1007 30.883
935.194 383.616 11.5849 1.08748 30.4027
870.912 375.322 11.6046 1.09221 30.707
837.734 497.664 11.5638 1.67857 30.7858
862.618 462.413 11.5526 1.48941 30.6991
939.341 499.738 11.7334 1.65457 30.2917
763.085 431.309 13.2954 1.61636 31.1114
763.085 379.469 12.5979 1.23336 31.1709
667.699 508.032 15.514 2.68318 31.7687
655.258 447.898 14.9753 2.09041 31.9008
1105.23 626.227 10.1171 1.69896 30.1501
1196.47 661.479 9.93396 1.70498 29.9721
1188.17 624.154 10.3721 1.71459 29.7887
949.709 561.946 11.7498 1.9669 30.1892
1092.79 574.387 10.1665 1.55348 30.1859
1090.71 675.994 9.95838 1.80946 30.2306
1140.48 391.91 12.2771 1.01401 29.1947
1233.79 429.235 10.9941 1.08636 29.412
1146.7 466.56 12.2071 1.39644 29.1329
1076.2 439.603 11.9132 1.28002 29.6244
1051.32 510.106 11.8291 1.64153 29.7215
870.912 403.108 11.438 1.20406 30.7176
915.702 340.9 12.2768 0.87006 30.4003
933.12 335.923 11.431 0.868298 30.4856
798.751 348.365 12.2991 1.01508 30.9914
1040.12 343.388 12.246 0.824134 29.7593
1082.42 311.04 12.0124 0.628428 29.653
1087.4 283.669 12.4012 0.448849 29.5166
1099.84 405.596 12.1637 1.10436 29.4406
338.412 385.69 12.425 1.6059 33.6623
316.017 390.666 11.4726 1.51311 33.3504
813.681 539.966 11.8337 1.95154 30.8592
885.842 440.433 11.6877 1.37612 30.6047
895.795 338.412 11.7583 0.90724 30.6186
878.377 330.947 11.6283 0.873981 30.6963
933.12 268.739 12.291 0.497074 30.3485
938.097 256.297 12.8086 0.384787 30.2418
1087.4 358.318 11.8898 0.891227 29.6494
1084.91 338.412 12.1513 0.766706 29.5654
1069.98 335.923 11.9347 0.76499 29.7308
268.739 184.136 16.2967 0.110205 36.3644
427.991 542.454 12.0889 2.34961 32.8861
106.998 62.208 12.66 -0.206305 35.503
480.246 82.1146 12.5942 -0.340866 33.0632
654.428 124.416 12.8732 -0.246598 32.0291
176.671 116.951 13.302 -0.0422254 35.4514
1181.95 49.7664 9.7228 0.0751111 30.3607
495.176 99.5328 12.9393 -0.29498 33.0587
1159.56 184.136 14.1166 -0.475162 28.4991
960.492 634.522 11.6283 2.27145 30.1101
1191.91 233.902 11.9727 0.181135 29.2042
1196.88 659.405 9.88027 1.69321 30.002
1229.23 627.057 10.3704 1.71388 29.6544
1010.26 97.0445 10.5969 -0.0146601 30.5319
992.84 62.208 11.3141 -0.322749 30.4568
106.998 482.734 11.7085 2.19811 34.5372
617.103 440.433 10.0146 1.3312 31.7048
925.655 191.601 12.0673 0.11824 30.5198
883.354 184.136 12.4011 0.0587651 30.685
87.0912 547.43 10.3296 2.04651 33.6276
124.416 141.834 12.8492 0.243815 35.4651
1226.74 549.919 10.3128 1.44452 29.7381
258.785 666.87 9.80522 2.12611 32.6723
778.844 522.547 12.5509 2.05485 30.9925
756.449 502.641 12.8457 2.00843 31.1144
1055.05 94.5562 10.4573 0.0142118 30.4354
1057.54 67.1846 10.5261 -0.0867263 30.4121
995.328 189.112 11.5067 0.17069 30.2815
74.6496 398.131 10.4185 1.51897 33.793
256.297 343.388 10.2095 1.19429 33
191.601 271.227 10.3351 0.98277 33.3366
1142.14 338.412 12.6001 0.713248 29.0957
831.099 136.858 11.998 -0.0809167 31.0455
656.917 480.246 15.5727 2.51573 31.8926
1189.42 348.365 12.572 0.742999 28.8664
1226.74 296.11 12.0957 0.466446 28.9489
1199.37 286.157 12.095 0.430248 29.0653
176.671 490.199 11.0153 1.99032 33.7193
793.774 490.199 12.337 1.82466 30.9438
893.307 236.39 11.6456 0.408527 30.6849
656.917 375.736 16.5031 1.58343 32.0658
1002.79 569.825 12.5291 2.12641 29.6862
955.515 530.012 11.5637 1.76005 30.2246
763.914 380.713 13.6133 1.31773 31.1174
803.727 363.295 12.313 1.09464 30.9667
303.575 288.645 14.9252 1.13393 35.1931
164.229 395.643 11.3428 1.62305 34.0696
1109.79 515.082 12.1641 1.6776 29.3021
1132.19 445.409 12.3673 1.32356 29.1556
1149.6 425.503 12.492 1.19146 29.0279
1139.65 390.666 12.8267 1.00399 28.9921
1219.28 447.898 10.5711 1.13247 29.6513
860.959 276.204 11.8832 0.601753 30.7982
806.216 241.367 13.4846 0.306108 30.979
1007.77 328.458 12.5186 0.778117 29.8469
781.333 358.318 12.8333 1.11736 31.0665
649.452 350.853 17.117 1.3488 32.2395
686.776 306.063 16.6293 0.7696 31.8558
644.475 301.087 23.7963 0.678676 32.9362
943.073 440.433 11.7393 1.36191 30.3029
1015.23 296.11 12.2162 0.600948 29.9291
447.898 651.94 9.88096 2.02408 32.1101
330.947 520.059 11.9756 2.27614 33.4205
943.571 310.542 11.8201 0.733873 30.3876
176.173 116.453 13.4644 -0.0558075 35.5701
1080.93 612.127 10.2858 1.71177 30.1647
113.467 89.5795 13.3761 -0.180631 35.9812
107.495 62.7057 12.4518 -0.174478 35.3578
429.982 74.6496 12.7432 -0.374099 33.4798
994.333 62.7057 10.8855 -0.208556 30.5468
1113.77 62.7057 10.2 -0.0305117 30.3599
1194.39 232.907 11.7561 0.208306 29.2872
334.43 77.6356 12.3105 -0.191655 33.8574
653.931 125.411 13.4097 -0.341146 32.0907
1012.25 188.117 11.2586 0.185618 30.2823
244.851 498.659 11.1324 1.99723 33.4751
265.753 182.145 16.5112 0.0700832 36.6069
283.669 644.973 10.0334 2.14808 32.7171
349.36 188.117 16.7362 0.0787997 35.6977
394.15 155.271 14.046 0.00622363 34.1197
782.328 513.589 12.6269 1.985 30.9711
761.426 465.814 12.7596 1.75878 31.114
1086.9 280.683 11.8927 0.498195 29.6956
618.099 438.94 10.0142 1.32889 31.7077
71.6636 537.477 10.1223 1.94523 33.5352
197.075 537.477 11.0069 2.15168 33.5896
137.355 528.519 10.7951 2.10236 33.7509
952.529 167.215 13.2613 -0.260695 30.131
1057.04 122.425 10.5917 0.071947 30.3736
1012.25 95.5515 10.4924 0.0192027 30.5586
1092.87 573.309 10.062 1.53372 30.2277
752.468 238.879 15.1919 0.1871 31.2583
77.6356 182.145 15.0338 0.385342 37.4686
68.6776 146.313 12.1743 0.387464 35.3086
83.6076 400.122 10.2473 1.48785 33.6428
74.6496 397.136 10.1159 1.4596 33.5829
203.047 343.388 10.9135 1.28254 33.6051
1188.42 349.36 12.3156 0.745297 28.994
1200.37 286.655 11.9746 0.44232 29.1192
206.033 271.725 10.7707 0.988073 33.5281
304.57 364.29 12.4058 1.49488 33.864
582.267 349.36 20.1507 1.58507 33.4738
949.543 223.949 11.8949 0.268824 30.3781
191.103 271.725 10.2378 0.97247 33.2772
839.062 468.8 11.9351 1.59218 30.7897
794.272 465.814 12.47 1.69466 30.9296
1003.29 573.309 12.7365 2.17608 29.6273
943.571 579.281 12.0812 2.10757 30.124
1003.29 531.505 11.5839 1.73481 29.999
1107.8 346.374 12.3175 0.790462 29.3904
176.173 489.701 10.4015 1.81677 33.3542
188.117 421.024 10.8024 1.59454 33.5657
698.72 477.758 13.6752 2.03764 31.4846
653.931 444.912 10.9404 1.47062 31.6287
830.104 555.393 11.7131 1.98084 30.7863
856.978 546.435 11.5478 1.90491 30.6854
1077.94 438.94 11.9407 1.2784 29.6138
579.281 364.29 18.315 1.67565 33.1569
1006.28 325.472 12.1105 0.750778 29.9859
1137.66 388.178 12.195 0.995531 29.2549
886.837 406.094 11.6444 1.2243 30.6359
931.627 361.304 11.7532 0.992041 30.4218
1134.67 444.912 12.2049 1.29268 29.2215
295.612 298.598 14.8711 1.20928 35.2818
848.02 358.318 11.6163 1.02116 30.8256
859.964 277.697 12.3173 0.600333 30.7649
806.216 241.865 13.4849 0.315611 30.9847
901.767 304.57 11.6868 0.72784 30.6346
961.487 424.01 11.5681 1.24915 30.2789
683.79 328.458 16.0614 1.03522 31.791
1074.95 310.542 11.8886 0.63773 29.738
895.795 507.617 12.2477 1.81132 30.3989
916.697 465.814 11.7169 1.50147 30.4409
865.936 459.842 11.6486 1.49708 30.6947
1161.55 182.145 13.849 -0.419355 28.5913
283.669 200.061 14.7269 0.345602 35.3432
347.569 189.909 15.389 0.156892 35.0584
347.569 247.24 15.9702 0.628961 35.2461
429.982 619.89 10.0137 1.99798 32.2306
530.311 648.556 10.3816 2.16168 31.9527
1143.03 336.819 12.3103 0.709189 29.199
132.578 548.227 10.7424 2.17554 33.6989
781.134 515.978 12.1964 1.92815 30.9849
949.543 243.656 10.4722 0.555509 30.6845
175.576 490.896 10.9967 1.98692 33.7241
358.318 623.474 10.2009 2.10275 32.5219
1053.46 96.7459 10.4244 0.0214132 30.4412
1089.29 573.309 10.4148 1.60032 30.1074
261.572 394.15 10.5513 1.41 33.1216
232.907 372.651 11.889 1.49057 34.0526
240.073 222.157 13.5558 0.609316 35.0519
763.218 379.817 12.9332 1.25842 31.1826
834.881 498.062 11.7118 1.70556 30.7993
795.466 465.814 12.2013 1.65701 30.9582
806.216 569.726 11.6325 2.06808 30.8553
856.38 544.644 11.7121 1.92837 30.6775
942.377 193.492 11.3607 0.2319 30.552
949.543 168.41 13.2325 -0.249487 30.155
655.722 440.731 10.0017 1.31391 31.5776
279.488 333.236 10.7668 1.2161 33.2293
340.402 308.154 14.3658 1.21299 34.6036
827.715 240.073 12.6722 0.354148 30.9037
799.049 347.569 12.4546 1.00745 30.9935
838.464 290.238 12.6713 0.638949 30.8534
1006.87 472.98 12.0058 1.51631 29.9042
1060.62 419.232 12.6657 1.23282 29.4591
1064.2 372.651 11.9971 0.964435 29.6887
558.976 379.817 19.8378 2.02172 33.7862
684.388 329.653 16.0611 1.02753 31.817
673.638 358.318 16.2396 1.30881 31.9
795.466 415.649 12.4335 1.40212 30.9704
920.878 541.06 11.4611 1.80586 30.3875
942.377 576.892 11.6269 2.00435 30.2367
1132.29 444.315 12.1736 1.27645 29.2529
1078.54 437.148 11.8729 1.27481 29.6305
1135.87 415.649 12.2083 1.15287 29.2261
996.125 426.399 11.9781 1.27092 29.9785
956.709 422.815 12.111 1.27916 30.1601
999.708 394.15 12.0136 1.1422 29.9742
759.635 465.814 13.41 1.84893 31.0961
1117.95 197.075 14.0642 -0.314072 28.8075
1074.95 283.071 11.9545 0.474169 29.7288
652.139 125.411 13.5326 -0.365825 32.11
920.878 189.909 11.1796 0.255615 30.6815
795.466 128.995 13.3883 -0.424167 31.14
78.83 397.733 10.345 1.50117 33.7365
250.823 458.647 11.0984 1.80388 33.4565
193.492 594.808 10.2121 2.10894 33.1181
89.5795 533.894 10.2074 1.94021 33.5344
515.978 197.075 15.1945 0.11499 33.4911
265.155 182.742 15.4097 0.153119 35.9374
1152.35 455.781 11.1656 1.23871 29.6259
1165.25 550.377 10.4158 1.50287 29.8732
601.975 404.183 17.2653 2.0693 32.6536
933.06 266.589 11.3102 0.56802 30.5458
189.192 339.686 10.4368 1.22343 33.3541
997.558 154.793 10.0232 0.318661 30.6958
769.667 408.483 13.3523 1.45464 31.1228
769.667 378.384 11.7075 1.16286 31.1689
726.669 563.276 12.5438 2.35498 31.2266
1053.46 124.695 10.3417 0.135993 30.4383
1053.46 94.596 10.4321 0.0279435 30.4443
374.084 296.687 17.97 1.05191 35.8041
829.865 554.677 12.1895 2.10219 30.728
825.565 180.592 13.8196 -0.113368 30.9055
842.764 399.883 12.3499 1.27204 30.7753
859.964 266.589 12.6451 0.523763 30.686
232.19 318.187 11.1558 1.19281 33.6136
632.073 326.786 18.8072 1.1186 32.6342
653.572 477.28 15.6484 2.49729 31.9274
653.572 442.881 10.9503 1.45985 31.6512
1023.36 515.978 12.6376 1.83782 29.5798
1122.25 558.976 10.478 1.55715 29.9979
657.872 425.682 11.0255 1.39466 31.6321
859.964 571.876 11.395 1.9876 30.6698
950.26 326.786 11.8577 0.807054 30.3309
1023.36 348.285 12.1852 0.866482 29.8759
193.492 270.889 10.235 0.981412 33.2863
292.388 296.687 16.0167 1.24358 35.8167
920.161 412.783 11.6948 1.22583 30.4274
877.163 391.283 11.7052 1.16772 30.6825
1040.56 464.38 11.9722 1.44794 29.764
855.664 279.488 12.3892 0.614624 30.7932
933.06 494.479 11.4054 1.58542 30.4038
993.258 468.68 11.9721 1.50146 29.9958
1117.95 589.075 10.0368 1.57962 30.1583
890.062 580.475 11.7833 2.09814 30.4933
1117.95 197.792 13.5459 -0.247806 28.96
1195.35 232.19 12.4443 0.110563 28.999
1079.25 279.488 12.0854 0.486652 29.6922
812.666 133.294 10.3152 0.252949 31.203
193.492 593.375 10.5002 2.22058 33.2893
90.2962 537.477 10.4403 2.02477 33.6902
219.291 576.176 11.0084 2.33193 33.4619
262.289 180.592 17.2442 0.0256828 37.0075
270.889 81.6965 12.6942 -0.240989 34.4583
348.285 245.09 17.1337 0.521908 35.7609
923.601 546.937 12.2764 2.0057 30.2321
1026.8 304.427 11.9351 0.635529 29.9011
1001 319.906 12.9979 0.719508 29.8128
1062.92 417.942 11.5137 1.15053 29.8272
190.912 392.143 10.7761 1.48133 33.5354
397.303 154.793 14.5059 -0.0426708 34.3061
603.694 402.463 17.0052 2.03227 32.6169
593.375 361.185 19.6789 1.62639 33.341
763.648 407.623 11.7622 1.31195 31.1543
773.967 381.824 11.9352 1.17616 31.1109
1037.12 469.54 12.0862 1.46188 29.72
1037.12 464.38 11.892 1.44916 29.7895
995.838 190.912 11.8275 0.117105 30.2224
1099.03 510.818 12.9591 1.7598 29.0466
887.482 319.906 11.5691 0.792176 30.6606
1042.28 423.102 11.5576 1.15818 29.9435
1037.12 371.504 12.0141 0.954246 29.7969
1088.71 335.386 13.0163 0.727773 29.2778
753.328 242.51 19.201 -0.108055 31.3134
727.529 252.829 16.3199 0.189359 31.4521
825.565 557.256 11.3396 1.90836 30.8482
804.926 567.576 11.7847 2.0847 30.8681
1078.39 438.581 11.9832 1.27144 29.5824
944.24 356.025 11.7122 0.928646 30.361
866.843 459.221 11.6482 1.47391 30.6773
1114.51 593.375 10.1287 1.58411 30.1366
758.488 464.38 13.4062 1.82808 31.1001
835.885 469.54 12.2344 1.65934 30.7457
727.529 567.576 13.0528 2.47088 31.2609
887.482 510.818 11.5535 1.69353 30.5565
1176.43 216.711 12.1611 0.113877 29.183
1021.64 278.628 11.7428 0.56893 30.0674
1078.39 283.788 11.993 0.495956 29.7124
810.086 134.154 13.5296 -0.353159 31.0364
691.411 288.948 17.5581 0.514319 31.8081
892.642 263.149 12.2254 0.475412 30.6075
614.014 433.422 16.2205 2.24418 32.374
170.273 490.179 10.3226 1.78595 33.327
263.149 381.824 10.2704 1.36242 32.9972
98.0359 572.736 10.2723 2.11849 33.5248
170.273 113.515 13.344 -0.0433595 35.5204
257.989 180.592 15.4381 0.122181 36.0204
190.912 340.546 10.2639 1.22236 33.2656
350.865 242.51 17.6354 0.48872 35.9782
823.501 229.094 11.5386 0.418668 31.0015
860.652 532.49 11.2842 1.8093 30.6957
854.46 278.628 12.3892 0.614624 30.7932
897.802 260.053 11.3966 0.529025 30.7223
1157.86 433.422 12.8462 1.25181 28.8542
780.159 520.106 12.9727 2.13666 30.9487
792.543 334.354 13.4113 0.972374 31.0389
1034.02 421.038 12.2129 1.20912 29.7407
996.87 390.08 11.9595 1.09465 29.9825
352.929 371.504 8.2732 1.02992 31.8455
897.802 470.572 11.6137 1.46793 30.5273
842.076 396.271 11.8915 1.24689 30.8168
903.994 359.121 11.6608 0.996782 30.5968
842.076 383.888 12.3758 1.16854 30.7643
1064.98 414.846 12.0026 1.19256 29.6754
1095.94 309.587 11.7723 0.617163 29.6811
1052.6 315.779 12.1829 0.666588 29.7467
216.711 383.888 11.1031 1.53488 33.6953
916.377 408.655 12.0315 1.28677 30.3906
959.719 371.504 11.5751 1.01586 30.3242
928.761 365.313 11.5322 0.992083 30.4787
996.87 569.64 11.5748 1.92357 30.0019
1114.51 588.215 9.94032 1.5304 30.191
1077.36 575.832 10.3564 1.62463 30.1598
1157.86 532.49 10.6553 1.46935 29.7903
736.817 427.23 13.0756 1.61645 31.2892
879.227 575.832 11.5244 2.01482 30.5625
947.336 167.177 11.9642 -0.0255721 30.4177
1046.4 123.835 10.0478 0.206816 30.5541
829.693 179.56 12.776 -0.0657826 31.0017
811.118 136.218 14.0926 -0.53121 31.0118
668.708 297.203 15.136 0.810823 31.9834
167.177 482.956 10.9694 1.97215 33.7045
278.628 445.805 12.7703 2.05686 34.1558
204.327 563.448 10.0264 1.9304 32.9966
334.354 495.339 12.9402 2.45996 33.784
631.557 328.162 16.177 1.02336 32.2585
520.106 352.929 28.3106 2.25844 36.47
588.215 272.436 22.5257 0.368535 34.1749
179.56 167.177 16.0814 0.0567962 37.2865
173.369 117.643 14.5727 -0.261242 36.414
340.546 191.944 14.4883 0.299945 34.7055
198.136 272.436 11.0616 1.02454 33.7235
352.929 235.286 14.9242 0.569944 34.7798
1092.22 304.634 11.2247 0.65166 29.8495
557.256 393.795 18.078 2.05373 33.3415
653.848 475.526 14.9028 2.30512 31.9159
683.568 423.515 13.917 1.70691 31.6943
653.848 430.945 16.0366 2.09435 32.0435
780.159 520.106 12.1756 1.95342 30.9767
884.18 482.956 11.9089 1.6218 30.5402
936.191 430.945 11.9426 1.35134 30.3428
1099.65 349.214 12.7899 0.818443 29.2719
690.998 334.354 14.7864 1.05616 31.8041
646.418 334.354 16.3407 1.09494 32.3359
958.481 408.655 11.5689 1.15966 30.3685
899.04 364.074 11.4076 1.01591 30.6103
1062.5 416.085 12.0787 1.17593 29.6509
1121.94 438.375 13.1138 1.31315 28.9785
921.331 542.396 12.3131 1.97196 30.2514
1055.07 505.246 11.3928 1.5498 29.8105
876.75 393.795 12.0217 1.22208 30.6709
661.278 505.246 14.8623 2.51413 31.7349
854.46 572.117 11.8802 2.08881 30.5576
958.481 185.752 10.7775 0.299457 30.6325
1121.94 193.182 14.5477 -0.415318 28.5903
1003.06 319.494 12.1625 0.693501 30.0257
750.439 237.763 16.4104 0.0395878 31.3022
170.892 416.085 10.9126 1.62789 33.7759
319.494 475.526 13.7265 2.38995 34.2124
170.892 482.956 10.9449 1.92252 33.7681
401.225 193.182 15.3626 0.0163504 34.5626
393.795 156.032 14.3995 0.0514288 34.2483
512.676 185.752 17.2748 -0.110742 34.0973
297.203 304.634 8.58424 0.977118 32.0752
945.107 401.225 11.3661 1.14706 30.4148
258.567 374.476 11.375 1.48754 33.5758
213.987 383.392 11.0663 1.47256 33.6174
811.365 410.141 11.8088 1.24399 30.9966
882.694 347.728 11.8195 0.899725 30.6728
989.688 419.057 11.2038 1.17568 30.1932
1069.93 365.56 12.6711 0.92487 29.4715
936.191 427.973 11.7223 1.38935 30.2971
989.688 392.309 12.1681 1.10404 29.9839
1087.76 436.889 12.1063 1.2765 29.549
1069.93 508.218 12.083 1.62539 29.5845
873.778 454.721 12.3499 1.61892 30.463
641.96 472.554 17.1023 2.73111 32.3087
1052.1 338.812 10.1058 0.837869 30.3831
1025.35 294.231 12.3121 0.530078 29.8437
847.03 249.651 11.1171 0.509173 30.9459
775.701 178.322 14.2184 -0.178631 31.2753
775.701 338.812 11.6018 0.950266 31.1073
481.47 374.476 11.2769 1.25684 32.5093
579.547 463.637 14.5394 2.37108 32.4497
169.406 410.141 11.0608 1.64479 33.8718
374.476 392.309 14.8703 1.91021 34.4246
320.98 392.309 11.1956 1.45284 33.2076
222.903 543.882 11.0436 2.17514 33.5541
365.56 481.47 12.6259 2.2568 33.5421
419.057 222.903 16.0077 0.235924 34.7869
499.302 187.238 14.8841 0.0248878 33.3989
436.889 294.231 21.1555 0.984505 36.235
267.483 347.728 10.0989 1.20548 32.9398
517.134 187.238 15.1766 -0.0431128 33.4504
