391 170 31.1051 0.410757 40.3191
381 155 31.7562 0.564952 39.829
516 133 32.2394 0.168951 40.7073
528 144 32.7302 0.442789 40.427
1249 282 37.3674 2.24972 38.732
1089 686 37.2277 3.10056 38.0352
1088 429 36.9452 2.56505 39.0699
562 214 31.3331 0.304188 42.1218
645 498 32.0386 2.97081 42.914
1121 489 37.1111 2.73793 38.7406
277 382 34.3019 2.57209 38.0282
611 516 31.9685 3.15052 42.5399
603 499 32.2633 3.0006 42.0821
769 344 31.5219 0.965686 45.6285
790 324 28.1753 -0.597299 51.359
961 698 36.94 3.20386 38.2271
281 77 32.1584 0.466368 38.8228
573 279 31.6294 0.982644 42.0752
452 452 31.1979 2.71807 41.2176
215 345 34.096 2.44255 37.8503
675 485 32.3682 2.81749 42.965
643 454 32.6709 2.57365 42.1089
260 270 33.6172 2.01526 38.2052
1118 699 37.0067 3.30539 39.202
149 162 33.3953 1.62021 37.7425
232 302 34.1074 2.26691 37.8871
305 462 33.9787 2.87189 38.3573
615 479 32.3253 2.81487 42.1637
393 327 26.497 0.94348 43.4863
378 324 25.7448 0.841317 43.6853
939 475 36.6368 2.72761 38.79
503 473 32.2767 2.84778 40.9289
570 349 31.2313 1.57407 42.5072
553 424 32.2668 2.41021 41.4038
541 410 32.2387 2.31343 41.2895
636 379 31.9492 1.84015 42.719
560 393 32.1564 2.13797 41.5611
531 402 32.752 2.32374 40.6938
553 369 32.0964 1.94655 41.5061
575 472 32.6288 2.79401 41.3499
581 389 32.1995 2.08819 41.7512
533 326 31.3298 1.46201 41.8804
629 19 34.5913 0.468145 39.4559
384 131 31.6358 0.326477 39.9038
49 496 34.1304 3.05432 37.3774
352 583 33.805 3.41974 38.7815
391 558 33.7498 3.32278 39.0104
545 494 32.713 2.98479 40.9935
733 252 31.7135 0.100617 44.4576
897 129 35.066 0.353743 41.6309
920 550 36.4666 2.95795 39.0733
835 419 26.8937 0.853607 55.657
1069 596 37.0723 2.98934 38.4628
1070 629 37.076 3.05248 38.4637
1089.6 428.4 36.9453 2.56367 39.0773
1196.4 373.2 37.2273 2.42559 38.958
171.6 355.2 34.3609 2.53598 37.6048
152.4 352.8 34.3231 2.53422 37.5562
278.4 429.6 33.6814 2.74145 38.3712
573.6 279.6 31.4887 0.94299 42.1811
1130.4 382.8 37.1824 2.52018 38.4719
1231.2 332.4 37.3082 2.3284 38.9222
58.8 483.6 34.0881 3.01007 37.41
258 385.2 34.3618 2.59447 37.9196
195.6 99.6 33.4199 1.27423 37.8772
396 524.4 33.9094 3.13947 38.897
474 273.6 30.3367 0.864174 41.8906
469.2 456 31.3565 2.74164 41.2938
1196.4 426 37.2444 2.57872 38.8603
1204.8 418.8 37.2579 2.5555 38.8834
595.2 505.2 32.7306 3.02556 41.5122
576 496.8 32.5034 2.9904 41.5264
674.4 498 32.3691 2.94975 42.9031
645.6 499.2 32.3559 2.97871 42.5495
170.4 88.8 33.4972 1.29307 37.7438
153.6 64.8 33.2558 1.13008 37.7406
181.2 502.8 34.318 3.04864 37.7344
602.4 343.2 29.9511 1.13662 44.2374
620.4 338.4 28.699 0.745875 45.9503
188.4 318 33.6721 2.30554 37.9084
939.6 475.2 36.6367 2.72751 38.7915
1113.6 644.4 37.1754 3.06893 38.412
218.4 265.2 33.5177 2.0224 38.0579
477.6 390 31.7219 2.19742 41.0124
361.2 522 34.1755 3.10947 38.5507
1042.8 528 37.0076 2.84723 38.4987
313.2 434.4 33.7279 2.74688 38.5208
230.4 490.8 34.3943 2.99515 37.8635
669.6 446.4 30.3555 2.32304 45.2969
817.2 469.2 31.153 2.42603 47.5988
487.2 256.8 30.4949 0.706563 41.9126
511.2 315.6 31.8217 1.52236 41.2096
772.8 394.8 31.2835 1.53967 46.1375
224.4 477.6 34.4094 2.94686 37.8197
392.4 326.4 27.011 1.02873 43.1358
435.6 387.6 31.4255 2.19957 40.8092
550.8 313.2 31.0803 1.22572 42.3424
537.6 298.8 30.919 1.07774 42.2959
546 274.8 31.2543 0.919021 42.0389
441.6 358.8 30.7973 1.85363 41.2722
538.8 434.4 32.7436 2.54655 40.8074
615.6 477.6 32.4461 2.81408 42.0223
499.2 394.8 32.2047 2.2456 40.8461
531.6 402 32.1717 2.27257 41.2433
618 384 31.7958 1.90091 42.648
646.8 441.6 32.1343 2.43739 42.7596
568.8 366 32.0535 1.88128 41.7296
550.8 345.6 32.3531 1.79236 41.2008
532.8 326.4 31.0341 1.397 42.142
498 427.2 32.7872 2.53839 40.3993
243.6 57.6 32.2325 0.475981 38.547
607.2 223.2 31.2602 0.187328 42.8098
562.8 213.6 31.3032 0.291184 42.1505
630 177.6 32.4232 0.184539 41.8693
391.2 170.4 31.5079 0.54647 40.0785
246 602.4 34.2589 3.4224 38.0532
222 651.6 34.7009 3.49522 37.7723
318 628.8 34.5999 3.47047 38.1689
49.2 496.8 34.132 3.05414 37.3787
582 664.8 35.2032 3.54639 38.9451
478.8 663.6 34.9542 3.55771 38.6438
408 634.8 34.7486 3.48251 38.4497
703.2 230.4 31.6613 -0.00268563 43.9593
794.4 254.4 32.9191 0.436827 43.8237
733.2 252 31.2724 -0.0797158 45.042
700.8 332.4 24.6534 -0.854661 52.978
769.2 344.4 31.2144 0.895689 46.0698
718.8 336 24.2836 -1.0443 54.3301
844.8 188.4 34.2781 0.410522 42.357
818.4 186 34.0294 0.33656 42.3789
806.4 134.4 34.6469 0.479639 41.1673
676.8 67.2 34.4655 0.467442 40.0219
758.4 58.8 35.044 0.552964 40.0191
1190.4 216 37.1888 1.97066 39.0748
1218 342 37.2539 2.32504 39.0896
1022.4 252 35.1232 0.596675 43.9279
1017.6 334.8 31.756 -0.649546 53.8641
966 337.2 31.5887 -0.28343 51.8409
1135.2 64.8 36.642 0.629928 40.8637
1138.8 55.2 36.7001 0.657474 40.7006
1210.8 184.8 37.2408 1.88359 39.0773
920.4 550.8 36.4661 2.9599 39.0729
740.4 415.2 30.417 1.74514 46.6992
769.2 463.2 30.7663 2.38963 46.9917
955.2 573.6 36.5945 3.01061 39.0348
1083.6 558 37.1039 2.89927 38.4411
1066.8 559.2 37.0643 2.91268 38.4671
960 693.6 36.9403 3.1975 38.2256
1226.4 438 37.3265 2.6168 38.6981
1153.2 490.8 37.166 2.73936 38.7799
1122 489.6 37.1051 2.74294 38.7663
172.8 355.68 33.9074 2.49675 37.776
155.52 293.76 34.3588 2.33492 37.5185
187.2 512.64 34.3212 3.08193 37.755
424.8 479.52 34.3632 2.90773 38.7005
786.24 498.24 30.9951 2.85636 47.0736
149.76 162.72 33.3704 1.61623 37.7542
938.88 475.2 36.6426 2.73444 38.7856
259.2 519.84 34.4455 3.08722 37.9628
282.24 506.88 34.31 3.04465 38.1235
387.36 426.24 33.2925 2.65453 39.1908
305.28 462.24 33.9068 2.87298 38.3993
466.56 205.92 30.9068 0.390837 41.2801
561.6 453.6 32.4018 2.6542 41.4121
542.88 459.36 32.3742 2.72562 41.2385
673.92 485.28 32.7724 2.82052 42.4292
217.44 264.96 33.5403 2.02587 38.045
309.6 390.24 34.2439 2.58391 38.1989
551.52 313.92 31.333 1.29517 42.1124
626.4 483.84 32.0775 2.84299 42.6006
620.64 450.72 32.2444 2.57233 42.3113
293.76 424.8 33.8222 2.71785 38.3696
329.76 406.08 33.9074 2.62341 38.4843
449.28 432 31.686 2.56979 40.8068
601.92 342.72 29.8343 1.16683 44.3506
394.56 525.6 33.7243 3.15411 39.0207
372.96 495.36 34.2036 2.98966 38.5663
355.68 514.08 34.2578 3.07138 38.465
338.4 516.96 34.3984 3.07504 38.3089
351.36 491.04 33.9067 2.99135 38.6597
519.84 252 30.879 0.658038 41.9811
982.08 483.84 36.6858 2.73661 38.9837
154.08 59.04 33.2866 1.10611 37.7286
509.76 316.8 32.1033 1.59253 40.9522
630.72 424.8 31.972 2.30398 42.6828
502.56 472.32 32.4921 2.85019 40.725
584.64 443.52 32.4274 2.54679 41.6397
398.88 374.4 27.2586 1.68577 43.1905
574.56 470.88 32.9627 2.79864 41.0053
391.68 326.88 27.5992 1.12504 42.7472
541.44 410.4 32.3413 2.32517 41.1983
501.12 360 32.4992 2.02715 40.5769
619.2 383.04 31.6459 1.87346 42.8095
560.16 393.12 31.9336 2.10885 41.7758
555.84 362.88 31.839 1.84285 41.7611
568.8 348.48 31.9021 1.69662 41.8319
570.24 383.04 31.888 2.00691 41.9226
509.76 336.96 32.246 1.78663 40.8573
506.88 413.28 32.4207 2.40182 40.767
531.36 341.28 32.1888 1.76211 41.1402
545.76 319.68 31.4216 1.39427 41.9582
92.16 283.68 33.5788 2.23225 37.5554
293.76 106.56 32.2432 0.641098 38.8845
257.76 128.16 31.0733 0.459709 39.2102
169.92 89.28 33.4864 1.29123 37.747
554.4 227.52 31.7272 0.580414 41.6858
603.36 273.6 26.9558 -0.701491 47.1753
606.24 223.2 31.5591 0.293875 42.4734
563.04 213.12 31.209 0.252494 42.2682
518.4 133.92 32.7785 0.415721 40.2692
629.28 177.12 32.7799 0.343613 41.508
483.84 69.12 33.1195 0.301079 39.6681
420.48 69.12 32.939 0.395287 39.317
473.76 61.92 33.5179 0.483773 39.3197
381.6 154.08 31.6517 0.521803 39.892
331.2 156.96 31.9758 0.788668 39.3092
355.68 116.64 32.1059 0.499188 39.3847
246.24 603.36 34.2134 3.42967 38.0783
326.88 583.2 34.3568 3.34133 38.3164
318.24 629.28 34.6113 3.4687 38.162
156.96 554.4 34.6528 3.18758 37.5391
123.84 630.72 34.3373 3.48444 37.6054
233.28 419.04 34.0584 2.72248 37.9868
275.04 383.04 34.0055 2.55236 38.1617
73.44 496.8 34.1547 3.05389 37.4337
48.96 496.8 34.1304 3.05596 37.3774
59.04 483.84 34.1022 3.01169 37.4091
632.16 689.76 35.3327 3.61321 39.0891
390.24 594.72 34.2138 3.42051 38.7177
408.96 633.6 34.6434 3.50094 38.5331
612 515.52 32.3889 3.13942 42.0886
864 253.44 33.6419 0.469274 43.9313
856.8 207.36 34.2106 0.454518 42.6835
871.2 345.6 28.6008 -0.581761 53.9415
794.88 345.6 31.2844 0.793938 46.6255
869.76 296.64 31.3517 -0.271369 48.4895
662.4 228.96 31.6172 0.159884 43.2907
701.28 332.64 24.6538 -0.861902 53.0039
768.96 345.6 31.2144 0.895689 46.0698
750.24 286.56 30.3519 -0.113625 46.7935
817.92 185.76 34.0326 0.340106 42.3641
678.24 67.68 34.4257 0.441372 40.0828
761.76 66.24 35.1508 0.66806 39.9076
757.44 59.04 35.0183 0.53133 40.042
740.16 139.68 34.214 0.488001 41.0375
1189.44 214.56 37.1901 1.97184 39.0652
1229.76 331.2 37.3058 2.32867 38.9202
1022.4 252 34.8599 0.389888 44.7031
1100.16 197.28 36.0828 0.685925 42.5344
1018.08 334.08 31.756 -0.649527 53.864
1023.84 298.08 34.5039 0.525812 45.8812
1134.72 64.8 36.622 0.592586 40.9397
1205.28 180 37.2261 1.88123 39.0904
940.32 609.12 36.7287 3.07796 38.611
920.16 551.52 36.4667 2.96211 39.0719
852.48 648 36.5988 3.18407 38.4262
679.68 574.56 33.5369 3.44843 41.6106
699.84 648 35.301 3.51127 39.5638
804.96 516.96 32.2574 3.07365 45.5536
748.8 388.8 30.5735 1.40467 46.6535
745.92 455.04 30.6905 2.31583 46.5177
954.72 573.12 36.5887 3.00841 39.0424
1064.16 554.4 37.052 2.89901 38.4867
1068.48 622.08 37.0634 3.04261 38.4843
1225.44 437.76 37.328 2.61282 38.7084
1203.84 417.6 37.254 2.55078 38.9002
1152 489.6 37.1702 2.73455 38.7558
1121.76 489.6 37.1117 2.73885 38.7413
468.288 457.92 30.958 2.73753 41.6071
613.44 516.672 32.132 3.1511 42.3903
603.072 499.392 32.2927 3.00454 42.0466
756.864 513.216 31.058 3.04559 46.314
953.856 573.696 36.582 3.01084 39.0533
200.448 330.048 33.727 2.35697 37.9447
229.824 490.752 34.2732 2.99276 37.9298
611.712 402.624 32.0127 2.12771 42.3917
641.088 452.736 32.82 2.59684 41.934
162.432 124.416 33.3985 1.4283 37.771
490.752 274.752 30.4698 0.864152 41.9954
584.064 442.368 32.3916 2.54453 41.671
566.784 437.184 32.101 2.50356 41.7354
141.696 184.896 33.6625 1.79685 37.6392
380.16 502.848 34.3202 3.01729 38.5331
435.456 388.8 30.6942 2.14558 41.3301
613.44 478.656 32.5013 2.81539 41.9511
620.352 451.008 32.4225 2.57114 42.0922
509.76 317.952 32.1033 1.59253 40.9522
1099.01 489.024 37.1155 2.7474 38.5263
552.96 423.36 32.4234 2.42619 41.25
539.136 423.36 32.6983 2.46852 40.8534
667.008 395.712 30.5525 1.71804 44.915
1012.61 476.928 36.8621 2.72742 38.7035
476.928 345.6 31.2478 1.75233 41.3309
468.288 335.232 31.2583 1.66752 41.2008
546.048 274.752 31.1433 0.870587 42.129
971.136 476.928 36.698 2.73221 38.8531
506.304 411.264 32.1602 2.36921 40.9932
509.76 336.96 32.1669 1.76799 40.9467
547.776 343.872 31.9598 1.71881 41.5542
559.872 393.984 31.7986 2.08695 41.8801
565.056 343.872 31.5625 1.58288 42.0992
262.656 209.088 29.927 0.72102 39.8296
266.112 336.96 33.4692 2.30192 38.3564
172.8 355.968 33.9169 2.50275 37.7765
252.288 86.4 31.5703 0.360384 38.904
328.32 129.6 31.9278 0.592579 39.295
153.792 65.664 33.2495 1.1279 37.7439
520.128 134.784 32.6048 0.341452 40.4192
628.992 177.984 32.1396 0.0543395 42.1677
580.608 176.256 32.492 0.38029 41.2058
407.808 62.208 33.0383 0.435646 39.1797
421.632 70.848 32.6171 0.244247 39.5208
471.744 60.48 33.283 0.360373 39.4716
381.888 153.792 31.3819 0.425139 40.0605
193.536 528.768 34.1485 3.1438 37.861
286.848 606.528 34.1534 3.44961 38.2858
326.592 537.408 34.4426 3.15466 38.2266
317.952 628.992 34.6532 3.46132 38.1367
124.416 630.72 34.3595 3.48045 37.5956
235.008 419.904 34.0587 2.72572 37.9911
188.352 369.792 33.9988 2.54777 37.8097
274.752 381.888 34.3337 2.57144 37.9991
181.44 504.576 34.318 3.05042 37.7331
324.864 521.856 34.6918 3.0722 38.0748
259.2 520.128 34.5808 3.07735 37.8938
146.88 368.064 33.9634 2.56632 37.6738
70.848 497.664 34.1564 3.05515 37.4274
48.384 497.664 34.1281 3.05623 37.3755
549.504 539.136 32.8978 3.28484 40.885
409.536 634.176 34.6249 3.5042 38.5513
540.864 495.936 32.4633 2.99826 41.1864
489.024 516.672 32.3938 3.18339 40.7212
542.592 459.648 32.4393 2.71866 41.1683
371.52 494.208 34.2009 2.99271 38.5613
794.88 254.016 33.1046 0.515015 43.5533
907.2 260.928 33.9457 0.520439 44.1809
869.184 321.408 29.4246 -0.690438 52.1986
820.8 281.664 31.6592 -0.0364744 46.5089
919.296 290.304 32.6942 0.00834692 47.2312
711.936 273.024 31.03 0.215614 44.9587
648 247.104 32.2944 0.657716 42.3358
703.296 231.552 32.0367 0.174915 43.4617
663.552 229.824 31.7154 0.198839 43.1761
772.416 235.008 32.8021 0.287795 43.6138
701.568 333.504 24.5528 -0.901232 53.1537
768.96 345.6 31.1987 0.892885 46.0886
717.12 335.232 24.6438 -0.934246 53.7985
781.056 288.576 29.6287 -0.545885 48.6817
751.68 286.848 30.6981 0.00948977 46.2983
843.264 186.624 34.0746 0.277227 42.6738
815.616 184.896 34.0272 0.338495 42.3539
805.248 134.784 34.5078 0.382686 41.3728
907.2 139.968 35.3557 0.644121 41.1618
779.328 184.896 33.7309 0.325912 42.2544
1188.86 214.272 37.1903 1.97012 39.0645
1024.7 298.944 34.5188 0.542175 45.8465
1138.75 53.568 36.688 0.636724 40.7344
1133.57 65.664 36.6029 0.56751 40.9963
1114.56 139.968 36.3671 0.661499 41.6635
1206.14 179.712 37.2231 1.8692 39.0928
984.96 183.168 35.2969 0.475156 42.5731
1021.25 146.88 35.8352 0.588862 41.6876
953.856 138.24 35.5406 0.557431 41.4547
921.024 552.96 36.4679 2.96197 39.0735
653.184 611.712 34.2734 3.53766 40.475
673.92 485.568 32.7238 2.81581 42.4883
786.24 463.104 31.0083 2.34663 47.0314
1200.96 653.184 37.3703 3.02423 38.169
1204.42 418.176 37.2552 2.54937 38.8867
1152.58 490.752 37.1655 2.74013 38.7792
1121.47 489.024 37.1123 2.73777 38.7469
1245.89 461.376 37.4337 2.6963 38.167
174.182 64.2816 33.2622 1.08664 37.8134
153.446 64.2816 33.5188 1.23562 37.643
209.434 302.746 33.6898 2.22606 37.9761
360.806 404.352 33.4217 2.56675 38.9246
611.712 476.928 32.4077 2.79914 42.0442
379.469 508.032 34.0102 3.06118 38.7424
379.469 501.811 34.1182 3.02007 38.6734
447.898 331.776 30.4626 1.54037 41.5705
584.755 441.677 32.2287 2.53023 41.8378
580.608 427.162 32.154 2.39723 41.8375
595.123 414.72 31.766 2.24394 42.3988
337.997 479.002 33.563 2.94308 38.7872
400.205 354.586 28.281 1.55292 42.4729
389.837 327.629 28.0352 1.20625 42.4391
501.811 470.707 32.5356 2.85093 40.6922
555.725 427.162 31.9526 2.4114 41.7427
543.283 427.162 32.1836 2.44565 41.3549
497.664 292.378 30.5795 1.04414 42.0366
582.682 479.002 32.8994 2.85398 41.1833
572.314 470.707 33.1776 2.8135 40.7488
595.123 447.898 32.6288 2.58014 41.5581
644.89 441.677 33.1714 2.51336 41.5122
657.331 408.499 32.631 2.15775 42.2766
514.253 371.174 32.1929 2.05943 41.0047
499.738 362.88 31.8474 1.92302 41.1546
557.798 391.91 31.7986 2.08695 41.8801
557.798 375.322 32.0169 1.9763 41.659
547.43 342.144 32.5635 1.81414 40.9734
530.842 358.733 32.3663 1.94758 40.9908
545.357 321.408 32.0281 1.5291 41.3889
530.842 340.07 32.3671 1.79304 40.9799
593.05 348.365 30.1937 1.25951 43.8742
603.418 391.91 31.9993 2.04406 42.2504
580.608 393.984 32.6049 2.1612 41.3532
578.534 362.88 31.911 1.81287 41.971
970.445 476.928 36.7018 2.72644 38.8473
949.709 474.854 36.645 2.73146 38.832
522.547 441.677 32.6228 2.61535 40.7841
300.672 217.728 28.0901 0.193515 41.0975
128.563 354.586 33.8358 2.51513 37.65
157.594 294.451 33.8152 2.26042 37.719
259.2 111.974 31.8813 0.639441 38.8429
244.685 60.1344 32.6129 0.647042 38.3902
186.624 68.4288 33.123 1.02836 37.9218
271.642 153.446 31.6828 0.810065 39.0507
170.035 89.1648 33.6516 1.35559 37.6754
149.299 163.814 33.1622 1.55693 37.8258
501.811 213.581 30.9829 0.396305 41.6352
605.491 221.875 31.5591 0.293875 42.4734
518.4 134.784 30.7249 -0.527365 41.9601
626.227 176.256 32.1396 0.0543395 42.1677
580.608 176.256 31.9032 0.120676 41.7866
564.019 128.563 33.1896 0.431348 40.3447
408.499 62.208 33.2156 0.512212 39.0661
470.707 60.1344 33.2939 0.369434 39.4588
420.941 70.5024 32.7921 0.327644 39.4364
431.309 184.55 30.3655 0.119717 41.2737
246.758 603.418 34.2143 3.43142 38.0793
327.629 537.062 33.8316 3.20403 38.6047
286.157 605.491 34.2062 3.43733 38.2344
82.944 564.019 34.6067 3.22241 37.3549
234.317 418.867 34.1221 2.72856 37.9598
282.01 454.118 33.8995 2.85195 38.2803
549.504 537.062 32.7407 3.30045 41.0581
595.123 576.461 33.6814 3.43788 40.5752
532.915 675.994 35.1869 3.57134 38.7202
391.91 595.123 34.1474 3.4324 38.7657
468.634 595.123 34.2436 3.44426 39.142
410.573 634.522 34.7883 3.48013 38.4277
543.283 493.517 33.2146 2.98297 40.4847
543.283 458.266 32.6428 2.72812 40.9698
601.344 499.738 32.3645 3.00215 41.9625
584.755 503.885 33.0319 3.02821 41.0664
476.928 431.309 32.1582 2.55911 40.7217
416.794 474.854 33.5075 2.89738 39.2627
866.765 296.525 31.5759 -0.154102 48.0441
821.146 282.01 31.5475 -0.084025 46.7325
889.575 356.659 29.0319 -0.379965 54.0351
918.605 290.304 32.6803 0.00190885 47.2915
663.552 230.17 31.2622 0.0477787 43.7102
729.907 250.906 31.3186 -0.0637305 44.9446
771.379 234.317 32.8583 0.307554 43.522
715.392 333.85 24.8385 -0.883742 53.4559
875.059 55.9872 35.596 0.582323 40.2545
814.925 184.55 34.0086 0.333331 42.4061
906.163 141.005 35.0474 0.402525 41.7777
902.016 141.005 35.2376 0.562051 41.3674
779.674 184.55 33.6174 0.267943 42.4522
790.042 138.931 34.388 0.395128 41.3883
742.349 141.005 34.0278 0.361627 41.2854
1099.01 196.992 35.9155 0.498025 43.0379
1223.42 248.832 37.3195 2.16691 38.7097
1208.91 236.39 37.295 2.14641 38.7123
1188.17 213.581 37.1836 1.96714 39.0538
962.151 302.746 33.0633 0.0704418 47.7668
1136.33 53.9136 36.6766 0.63733 40.7568
1132.19 66.3552 36.672 0.685941 40.7553
1204.76 180.403 37.221 1.87595 39.0883
1016.06 64.2816 36.137 0.56134 40.7107
1022.28 192.845 35.6523 0.660124 42.325
1092.79 143.078 36.1813 0.574778 41.8997
935.194 590.976 36.7293 3.02585 38.6035
933.12 605.491 36.7194 3.07862 38.6172
758.938 599.271 34.398 3.49527 41.3564
723.687 547.43 33.6998 3.27344 41.9693
700.877 646.963 35.2354 3.53275 39.6676
775.526 605.491 34.5355 3.51597 41.3856
804.557 516.326 31.5851 3.05385 46.6008
667.699 447.898 31.1727 2.3935 44.2477
1103.16 553.651 37.1662 2.88462 38.3769
951.783 574.387 36.5787 3.00784 39.0609
1063.76 553.651 37.0642 2.90816 38.4584
980.813 646.963 36.9383 3.0994 38.3151
1065.83 617.933 37.0642 3.04338 38.4892
1202.69 416.794 37.2535 2.54959 38.885
1150.85 487.296 37.1676 2.74057 38.7814
1121.82 489.37 37.1097 2.73515 38.7505
1005.7 369.101 30.8738 -0.303949 55.6519
1061.68 379.469 37.1 2.54251 38.2892
580.608 663.552 35.0791 3.57083 39.0747
298.598 328.458 33.613 2.24708 38.4362
948.05 475.269 36.6425 2.7305 38.8324
572.314 470.293 32.3669 2.76861 41.6052
567.337 447.898 32.3355 2.61804 41.5573
801.239 400.62 31.7836 1.63005 46.0567
1012.75 475.269 36.8603 2.72 38.7017
547.43 350.853 31.7441 1.74019 41.7368
544.942 340.9 32.0512 1.72035 41.442
544.942 425.503 32.5061 2.46235 41.099
154.276 552.407 34.6954 3.17938 37.5189
873.4 54.743 35.48 0.490177 40.426
146.811 365.783 33.9579 2.55519 37.6721
243.855 525.036 34.4803 3.11137 37.8892
549.919 537.477 32.4598 3.31786 41.3438
325.97 534.989 34.7988 3.1129 38.0298
701.706 646.963 34.911 3.59751 40.1073
1002.79 139.346 35.8645 0.675866 41.3414
1020.21 191.601 35.5861 0.596173 42.5123
171.694 622.08 34.6054 3.41002 37.6338
624.568 176.671 32.2762 0.126981 42.0121
945.562 659.405 36.7442 3.20223 38.6468
950.538 637.01 36.7509 3.1309 38.6276
410.573 634.522 34.8793 3.45993 38.3726
893.307 246.344 33.5161 0.18759 44.7351
878.377 238.879 33.8363 0.370468 43.84
1015.23 67.1846 36.1261 0.5735 40.7074
1129.7 67.1846 36.5931 0.563502 40.9957
1102.33 59.7197 36.6801 0.895657 40.1707
1229.23 440.433 37.3327 2.61695 38.7057
1184.44 450.386 37.2207 2.64205 38.8252
425.503 72.1613 32.661 0.275569 39.5345
562.36 126.904 32.8066 0.248314 40.6857
525.036 136.858 32.4305 0.267417 40.5785
776.356 286.157 30.6547 -0.154112 47.0726
646.963 246.344 31.6438 0.411483 43.0539
666.87 231.414 31.7842 0.280328 43.1068
778.844 184.136 33.5846 0.235747 42.4791
928.143 644.475 36.5251 3.22082 39.0186
888.33 661.893 36.7744 3.15967 38.2401
933.12 604.662 36.7219 3.07741 38.6181
1097.35 196.577 35.9483 0.524963 42.9941
318.505 119.439 32.3437 0.694129 38.9908
276.204 102.021 31.6206 0.453741 39.0455
813.681 184.136 33.9711 0.305171 42.387
801.239 131.881 34.4691 0.36635 41.4137
258.785 111.974 31.7802 0.600821 38.8818
380.713 567.337 33.7221 3.37349 38.9851
821.146 281.18 32.3628 0.29873 45.3802
920.679 552.407 36.4684 2.96153 39.0695
256.297 126.904 31.7724 0.702155 38.8857
301.087 216.484 27.9363 0.147642 41.1847
918.19 291.133 33.091 0.226704 46.3883
865.935 296.11 31.5759 -0.154102 48.0441
768.891 395.643 31.4544 1.59723 45.8142
751.473 390.666 31.0909 1.53257 45.9959
1224.25 246.344 37.3252 2.17635 38.705
1209.32 236.39 37.2889 2.13704 38.7125
1186.93 211.507 37.1837 1.9778 39.0577
288.645 164.229 31.913 0.916936 39.0633
313.528 144.323 31.6467 0.631161 39.3367
1112.28 306.063 35.097 0.483125 46.7821
129.393 355.83 34.2714 2.55102 37.504
365.783 189.112 30.7785 0.542116 40.3126
383.201 154.276 31.7537 0.570975 39.8425
1209.32 612.127 37.3845 2.96095 38.1135
1189.42 619.592 37.3518 2.97469 38.1497
1062.51 559.872 37.0545 2.90737 38.4692
1062.51 552.407 37.0648 2.90809 38.4589
671.846 485.222 32.3521 2.8237 42.9245
641.987 450.386 32.4113 2.555 42.3742
756.449 510.106 31.135 3.03347 46.1949
756.449 440.433 31.442 2.16194 45.6301
938.097 470.293 36.8557 2.74161 38.2817
542.454 492.687 32.4186 2.98797 41.2348
542.454 457.851 32.3235 2.71283 41.2899
154.276 64.6963 33.5978 1.26362 37.6147
418.038 475.269 33.5074 2.89897 39.2629
826.122 462.828 27.5176 1.99693 54.2902
360.806 403.108 33.4102 2.55117 38.9373
1174.49 378.225 37.177 2.43901 38.926
335.923 515.082 34.342 3.07606 38.3397
308.552 465.316 33.5747 2.89902 38.5875
283.669 452.874 33.5137 2.84712 38.4916
226.437 487.711 34.2104 2.99404 37.9516
206.531 455.363 34.6163 2.87311 37.6463
380.713 500.152 34.1495 3.01293 38.6501
368.271 492.687 34.1283 2.99128 38.5959
477.758 390.666 31.563 2.17908 41.147
612.127 475.269 32.3992 2.79764 42.0511
228.925 301.087 33.9638 2.24844 37.9368
579.779 363.295 31.7766 1.78047 42.1188
549.919 313.528 31.3812 1.29612 42.0567
1012.75 57.2314 36.1036 0.474469 40.7568
639.498 169.206 32.7579 0.248508 41.6236
579.779 661.893 34.9835 3.58829 39.1708
316.514 621.085 34.414 3.47192 38.2654
704.692 647.959 35.2179 3.54505 39.6978
985.375 182.145 35.3257 0.493767 42.497
471.786 659.903 34.8993 3.5582 38.6601
519.561 134.369 32.5488 0.313222 40.488
561.365 125.411 32.6553 0.179908 40.7621
594.211 576.295 33.7683 3.42301 40.4732
600.183 519.561 32.8973 3.17707 41.3646
1095.86 633.029 37.1219 3.05442 38.4828
146.313 364.29 33.9571 2.55696 37.6711
415.052 636.015 34.6401 3.51064 38.5602
394.15 597.197 34.0985 3.43783 38.8055
671.846 59.7197 34.4662 0.46017 39.9847
1212.31 585.253 37.3909 2.91445 38.0933
1173.49 576.295 37.3348 2.9037 38.0829
552.407 537.477 32.9358 3.28861 40.8899
1131.69 68.6776 36.6449 0.679247 40.774
582.267 176.173 31.8836 0.103344 41.8105
567.337 131.383 33.8211 0.783011 39.832
764.412 68.6776 35.025 0.550323 40.0909
979.403 644.973 36.9344 3.09806 38.3192
328.458 537.477 34.1446 3.16583 38.4254
271.725 534.491 34.692 3.12276 37.8797
465.814 56.7337 33.608 0.526672 39.2036
424.01 71.6636 32.8971 0.375272 39.4062
725.594 247.837 31.4017 -0.0181456 44.7772
773.37 232.907 32.7641 0.260431 43.6602
919.683 262.767 33.4406 0.133909 45.557
1024.19 191.103 35.7968 0.804514 41.9059
1098.84 194.089 35.9152 0.495413 43.0938
1113.77 137.355 36.2878 0.542682 41.9432
1206.34 179.159 37.2215 1.87032 39.0854
1188.42 200.061 37.1801 1.91503 39.0992
692.748 247.837 30.9017 -0.0765163 44.7493
668.861 229.921 32.4662 0.520438 42.4175
767.398 343.388 31.1191 0.865103 46.2037
716.636 334.43 29.406 0.390787 47.3369
776.356 286.655 30.5974 -0.177496 47.1026
1024.19 253.809 34.8599 0.389888 44.7031
367.276 188.117 30.8117 0.555199 40.2913
737.538 379.22 30.324 1.26149 46.6699
922.669 292.626 32.7525 0.0451149 47.1495
1212.31 235.893 37.2928 2.13896 38.7108
256.795 128.397 31.9563 0.769824 38.8001
842.048 185.131 34.19 0.341671 42.4109
301.584 217.977 27.589 0.0586215 41.3666
824.132 283.669 31.5168 -0.0952447 46.7743
68.6776 495.673 34.1576 3.05244 37.4226
391.164 555.393 34.0409 3.28871 38.8071
1006.28 370.262 31.1562 -0.210026 54.8021
274.711 101.523 31.6493 0.470636 39.0285
609.141 337.416 30.578 1.16035 43.6607
570.323 319.5 32.0359 1.46708 41.6867
1080.93 429.982 36.9325 2.56259 39.0407
1188.42 618.099 37.3536 2.9667 38.1229
674.833 495.673 31.7376 2.88873 43.6525
459.842 256.795 30.5376 0.772552 41.5172
513.589 244.851 30.7207 0.575843 42.0436
758.44 510.603 30.9117 3.00936 46.5583
737.538 504.631 31.3986 2.99289 45.363
728.58 459.842 30.8265 2.452 45.8777
173.187 355.332 33.9124 2.49814 37.7815
173.187 298.598 33.7693 2.24776 37.7979
803.23 513.589 30.7902 2.98885 47.8921
827.118 462.828 28.0618 2.02314 53.2993
1152.59 495.673 37.1618 2.74809 38.7631
1101.83 441.926 37.1269 2.66082 38.5056
226.935 486.715 33.9487 3.00757 38.0531
421.024 477.758 33.4932 2.89564 39.2839
477.758 432.968 32.9581 2.60218 40.0875
450.884 364.29 31.2291 1.94529 41.1099
271.725 379.22 33.9877 2.54674 38.1553
334.43 513.589 34.2362 3.07388 38.3893
307.556 462.828 33.5777 2.8918 38.5902
283.669 453.87 33.5359 2.84835 38.4799
543.449 459.842 31.7899 2.69294 41.8078
833.09 415.052 28.3024 1.02218 53.0609
821.146 391.164 28.0258 0.517795 52.7875
382.206 501.645 33.9642 3.01851 38.7817
373.248 468.8 36.6345 2.84772 37.0002
564.351 343.388 31.3641 1.5758 42.2975
546.435 426.996 32.4527 2.47091 41.1534
561.365 376.234 31.8514 1.95026 41.8197
704.692 331.444 24.6192 -0.903244 53.1359
161.243 624.071 34.5119 3.42837 37.6411
824.132 283.071 31.4153 -0.143124 47.0397
791.883 254.406 33.2324 0.560886 43.3533
211.408 136.161 31.5927 0.811963 38.6975
734.552 275.905 30.3944 -0.174315 46.3087
791.883 343.985 31.6397 0.927644 45.9874
143.327 365.485 33.9567 2.54929 37.6701
379.817 566.143 33.9128 3.33843 38.8298
928.044 605.558 36.5223 3.11807 39.0334
992.541 433.565 36.8265 2.62663 38.6433
1074.95 630.64 37.0856 3.05294 38.4623
1207.53 487.313 37.2797 2.72787 38.7869
1150.2 494.479 37.1678 2.74795 38.7541
1186.03 451.481 37.2229 2.64488 38.8278
1186.03 211.408 37.1835 1.96473 39.0494
164.826 480.146 34.8227 2.95123 37.4653
766.801 397.733 31.5077 1.61964 45.6593
1071.37 433.565 36.9092 2.57211 39.0516
1049.87 365.485 37.0671 2.5094 38.2962
1207.53 340.402 37.2275 2.31512 39.1151
286.655 164.826 31.6156 0.819995 39.1929
333.236 515.978 34.0324 3.08945 38.5269
283.071 512.395 34.3777 3.05682 38.086
1182.45 637.806 37.346 3.00195 38.1428
1207.53 612.724 37.3832 2.95599 38.1101
1182.45 619.89 37.3521 2.96146 38.1272
1200.37 412.066 37.2522 2.54147 38.8966
275.905 103.912 31.32 0.33757 39.211
892.212 354.735 28.982 -0.398654 54.1988
920.878 293.821 32.6604 -0.00780247 47.4285
254.406 404.9 34.0641 2.65025 38.0601
236.49 426.399 33.7811 2.71054 38.127
247.24 480.146 33.9731 2.97066 38.128
383.4 422.815 33.3119 2.63628 39.158
555.393 229.324 31.3359 0.454181 42.0157
512.395 247.24 30.6784 0.566891 42.0641
677.221 498.062 32.7085 2.92594 42.5428
336.819 469.397 34.0207 2.90539 38.5058
734.552 508.812 31.3986 2.99289 45.363
756.051 440.731 31.4386 2.16432 45.6286
171.993 297.404 33.7877 2.25786 37.7922
157.66 293.821 34.596 2.37408 37.4295
541.06 494.479 32.5395 2.98786 41.1238
601.974 218.574 31.3905 0.221814 42.5921
831.298 412.066 28.2718 0.982693 53.0744
827.715 390.567 30.4854 1.06714 48.8665
1046.29 548.227 37.0103 2.888 38.4824
945.96 573.309 36.5449 3.00684 39.0798
1017.62 483.73 36.7201 2.72383 39.1635
189.909 250.823 33.5627 2.00146 37.8921
598.391 501.645 32.2545 3.01577 42.0691
637.806 451.481 32.6777 2.57367 42.0448
419.232 476.563 33.3655 2.90914 39.4032
354.735 490.896 34.2878 2.97422 38.4235
562.56 343.985 31.1405 1.502 42.5203
544.644 318.903 30.4289 1.12596 42.9119
949.543 498.062 36.5313 2.80768 39.1327
938.794 469.397 36.5633 2.70136 38.9536
580.475 422.815 32.4963 2.40553 41.5015
619.89 383.4 32.0926 1.9415 42.3695
580.475 390.567 31.8655 2.05484 42.0972
949.543 637.806 36.7457 3.13349 38.6278
1096.45 634.223 37.1269 3.05514 38.4895
1207.53 584.059 37.3913 2.91187 38.0932
705.887 648.556 35.2179 3.54505 39.6978
856.38 648.556 36.9481 3.06437 37.767
920.878 555.393 36.468 2.9743 39.0662
802.633 512.395 30.7902 2.98885 47.8921
1021.21 189.909 35.4834 0.493421 42.7677
985.375 182.742 35.2888 0.470809 42.5662
1017.62 68.0805 36.2618 0.71992 40.4048
1207.53 175.576 37.2369 1.87304 39.0634
1189.62 111.079 36.7985 0.702746 41.3638
956.709 300.987 33.0062 0.0362844 47.8044
781.134 182.742 33.5895 0.231202 42.5086
809.799 182.742 34.0682 0.359178 42.2841
799.049 132.578 34.4666 0.364632 41.3718
702.304 333.236 24.6192 -0.903244 53.1359
670.055 232.907 31.0865 -0.0640626 44.0205
415.649 637.806 34.5245 3.53101 38.6555
551.81 537.477 32.6574 3.3084 41.1688
161.243 623.474 34.6256 3.40626 37.6225
315.32 623.474 34.4741 3.46097 38.2243
422.815 71.6636 34.0168 0.93097 38.6752
394.15 250.823 30.5108 0.892585 40.8009
1066.35 614.874 37.0553 3.03605 38.4862
1152.35 468.68 37.1796 2.67639 38.7374
472.98 219.291 31.3315 0.627856 41.0387
898.662 442.881 29.8196 1.52527 52.9608
1062.06 305.287 34.3091 0.2223 47.648
1027.66 300.987 33.9542 0.190858 47.4805
1092.15 507.379 37.1092 2.77902 38.524
335.386 116.095 31.8389 0.443987 39.4014
288.088 103.196 32.0636 0.644018 38.9249
326.786 481.58 34.175 2.95862 38.3674
339.686 468.68 33.5286 2.90143 38.8022
313.887 434.282 33.5865 2.74058 38.6103
722.369 245.09 31.4118 -0.0236089 44.7032
485.879 395.583 33.0008 2.35873 40.0677
451.481 369.784 31.4759 1.99049 40.8949
898.662 356.885 29.1352 -0.502105 54.4929
859.964 292.388 31.8275 -0.0691461 47.3064
945.96 567.576 36.5806 3.00453 39.0107
382.684 421.382 33.5581 2.64607 38.9584
464.38 335.386 32.0785 1.81922 40.5295
730.969 503.079 33.2128 2.97135 42.7544
1113.65 464.38 37.1478 2.69509 38.4855
1113.65 305.287 35.1157 0.504102 46.6717
124.695 262.289 34.5068 2.29453 37.35
296.687 404.183 33.7705 2.62411 38.3814
266.589 378.384 34.3976 2.56718 37.9434
279.488 313.887 33.489 2.1989 38.3779
550.377 460.081 32.7192 2.73284 40.9629
825.565 391.283 28.5489 0.554195 52.4736
1019.06 481.58 36.7188 2.7263 39.1611
1057.76 563.276 37.055 2.91349 38.4591
1023.36 554.677 37.0605 2.89434 38.1698
1036.26 520.278 36.9996 2.83869 38.5095
623.474 382.684 32.1609 1.94276 42.3018
679.371 494.479 31.9854 2.92708 43.5033
606.274 455.781 31.7597 2.59796 42.6468
563.276 343.985 32.112 1.7035 41.5658
395.583 490.179 33.5903 2.98584 39.1308
386.984 498.779 33.4417 3.03174 39.1507
928.761 627.773 36.5565 3.15882 38.9493
1182.45 619.174 37.3561 2.96534 38.1201
1079.25 627.773 37.1175 3.03826 38.3601
1186.75 206.391 37.1857 1.9511 39.0455
735.269 128.995 34.3545 0.538786 40.7562
799.766 128.995 33.6839 -0.201887 42.4963
713.77 331.086 25.855 -0.595967 51.9899
829.865 283.788 31.665 -0.0517988 46.7017
627.773 515.978 31.4754 3.14594 43.3258
554.677 537.477 33.1922 3.27593 40.646
184.892 507.379 34.3314 3.0613 37.7365
326.786 511.678 34.1146 3.07588 38.4407
283.788 507.379 34.4901 3.04941 38.0066
619.174 171.993 32.3066 0.137586 41.915
567.576 210.691 31.23 0.222643 42.2796
571.876 124.695 33.8462 0.717611 39.7678
546.077 120.395 32.6241 0.170893 40.6792
425.682 245.09 30.6247 0.79843 40.9942
279.488 103.196 32.2867 0.700235 38.7582
335.386 469.54 33.9708 2.8957 38.5141
541.777 118.675 32.6241 0.170893 40.6792
655.292 412.783 32.7891 2.20262 42.0917
278.628 314.747 33.489 2.1989 38.3779
227.03 325.066 35.0496 2.48767 37.4459
381.824 423.102 33.2335 2.63118 39.1545
830.725 417.942 27.5678 0.84645 54.2993
825.565 459.221 28.6874 2.006 52.2021
469.54 216.711 29.3672 -0.0939995 42.3528
438.581 211.551 30.9136 0.54756 40.9454
557.256 232.19 30.3121 0.0754289 42.9626
510.818 247.67 30.5958 0.56703 42.1966
448.901 371.504 31.7039 2.05963 40.6909
583.055 361.185 35.1361 2.33979 38.7964
247.67 474.7 34.6636 2.93599 37.7785
283.788 417.942 33.9071 2.69215 38.2648
536.617 319.906 33.8192 1.94077 39.7354
985.518 469.54 36.7203 2.72192 38.8658
939.08 469.54 36.6391 2.73105 38.8025
959.719 448.901 36.593 2.63474 39.0134
939.08 464.38 36.5963 2.7116 38.9
417.942 490.179 33.553 2.97866 39.243
1150.63 469.54 37.175 2.67302 38.7322
918.441 603.694 36.5575 3.09607 38.9065
1078.39 572.736 37.0886 2.93501 38.454
763.648 397.303 31.8503 1.68716 45.0611
794.606 510.818 31.2011 2.98438 47.1768
1021.64 190.912 35.4642 0.488083 42.8228
1093.87 190.912 36.7456 1.54271 39.9835
1026.8 304.427 33.8905 0.144183 47.7479
706.89 128.995 34.1162 0.439377 40.862
804.926 180.592 34.2362 0.484586 41.8837
799.766 144.474 33.9683 0.134097 42.0498
712.05 335.386 27.0235 -0.26537 50.3204
768.807 283.788 30.753 -0.127949 46.5968
784.287 314.747 28.3148 -0.643742 50.941
386.984 531.458 34.3462 3.12725 38.545
583.055 500.499 32.267 2.98003 41.8491
325.066 515.978 36.7815 2.89965 36.8529
386.984 154.793 31.5257 0.472846 39.9946
614.014 170.273 32.3066 0.137586 41.915
567.576 211.551 31.2063 0.204312 42.3171
428.262 247.67 25.7616 -0.556225 44.3849
593.375 319.906 30.807 1.16111 43.2403
278.628 103.196 32.0626 0.609206 38.8613
1089.75 321.97 37.0546 2.34853 38.7469
1046.4 588.215 36.9321 2.97542 38.708
1102.13 563.448 37.1669 2.92203 38.3792
1058.79 563.448 37.0502 2.92839 38.4692
198.136 464.38 34.9181 2.91836 37.4816
1021.64 551.065 37.0586 2.90485 38.1763
984.486 470.572 36.7313 2.70582 38.8746
260.053 284.82 33.1371 2.00669 38.4434
377.696 414.846 36.8741 2.79177 36.8404
451.997 371.504 31.6517 2.04077 40.7315
538.681 328.162 29.8553 1.14395 43.2779
167.177 291.012 34.7652 2.36691 37.3992
551.065 272.436 29.8354 0.457946 43.3825
557.256 229.094 31.1557 0.414523 42.2395
284.82 371.504 33.8311 2.49773 38.3292
557.256 371.504 32.3422 2.0145 41.3022
1151.66 464.38 37.1658 2.6801 38.7349
1157.86 489.147 37.1804 2.72777 38.7594
1089.75 495.339 36.9878 2.75567 38.9198
823.501 458.189 31.0435 2.25108 48.0693
730.625 501.531 32.5491 2.9435 43.5634
1027.83 185.752 35.5983 0.580392 42.489
1034.02 303.395 34.406 0.387943 46.2471
804.926 179.56 33.8589 0.248477 42.4627
798.734 142.41 34.3474 0.369052 41.5176
712.05 241.478 32.3681 0.398447 43.3335
891.61 352.929 28.9361 -0.45743 54.2126
773.967 346.737 31.8357 1.03916 45.3281
489.147 433.422 31.8735 2.51947 41.0285
464.38 588.215 34.3001 3.38927 39.0392
377.696 563.448 33.7697 3.36326 38.9506
594.407 507.723 32.8316 3.12211 41.4005
185.752 359.121 33.9591 2.50294 37.8073
210.519 495.339 35.058 2.98236 37.4913
321.97 513.914 34.4211 3.06152 38.2259
612.982 167.177 32.3066 0.137586 41.915
569.64 210.519 31.5959 0.303102 41.9508
1047.64 364.074 37.088 2.51259 38.2793
1062.5 445.805 36.9108 2.58479 39.0578
490.386 393.795 33.5342 2.41535 39.6689
460.665 208.042 33.1532 1.20415 39.568
586.977 319.494 35.3676 2.23079 38.5638
980.771 475.526 36.7141 2.7058 38.8508
958.481 445.805 36.9039 2.67684 38.3109
1099.65 564.687 37.1362 2.95054 38.4773
653.848 408.655 33.5186 2.30492 41.1971
676.138 490.386 32.6036 2.91624 42.7753
795.019 512.676 32.7824 2.97118 44.3872
1025.35 185.752 35.423 0.406862 42.9787
1010.49 141.172 35.8612 0.644283 41.282
1092.22 185.752 35.9185 0.497744 42.9445
795.019 178.322 32.8351 -0.409523 43.9286
847.03 289.773 32.2116 0.128595 46.0846
624.127 445.805 33.5192 2.57506 41.0319
386.365 527.536 33.1467 3.21967 39.3627
564.687 542.396 33.8147 3.24345 40.1552
586.977 512.676 33.6425 3.07844 40.4988
208.042 460.665 34.8297 2.86663 37.5619
156.032 430.945 37.0686 2.818 36.5743
282.343 416.085 35.5061 2.75573 37.4314
237.763 497.816 34.7263 3.00924 37.7052
609.267 170.892 32.1762 0.0768819 41.9795
423.515 245.193 34.3053 1.8316 38.6439
579.547 267.483 31.2875 0.779309 42.3754
185.752 356.644 33.9623 2.51822 37.8084
748.953 329.896 33.8087 1.63812 41.8851
945.107 463.637 36.8496 2.72395 38.3285
962.939 445.805 36.5946 2.63466 39.0066
633.043 508.218 37.2553 2.85439 36.8213
615.211 481.47 34.3525 2.85897 39.9272
1096.68 419.057 37.139 2.6066 38.4952
891.61 481.47 35.2864 2.72119 41.2488
1087.76 499.302 36.9867 2.75913 38.9195
695.456 445.805 34.1611 2.59885 41.0536
775.701 543.882 34.4893 3.1714 41.4976
1025.35 187.238 35.5648 0.452246 42.6156
891.61 356.644 30.0607 -0.082569 51.8111
704.372 240.735 33.4448 0.836068 41.7331
757.869 276.399 30.7911 -0.106499 46.3693
481.47 427.973 34.0588 2.67057 39.2548
481.47 526.05 31.4875 3.25692 41.2707
570.631 543.882 33.3086 3.29377 40.7661
213.987 454.721 33.8005 2.88781 38.064
258.567 365.56 33.9666 2.53137 38.1189
320.98 481.47 34.2546 2.93415 38.3014
579.547 205.07 31.4423 0.21334 42.3368
