1032 423 -5.22061 -1.50486 22.1845
1104 498 -4.96961 -1.23313 21.8545
1049 376 -5.19319 -1.67064 22.0516
1003 495 -5.28713 -1.22013 22.1686
1078 459 -5.03368 -1.41458 22.2613
1067.2 443.9 -5.09266 -1.43634 22.0619
1032.7 423.2 -5.22981 -1.47732 21.9974
1033.85 468.05 -5.1981 -1.34635 22.1913
1048.8 396.75 -5.18483 -1.57934 21.9793
1001.65 494.5 -5.28777 -1.23109 22.2769
1060.3 548.55 -5.09364 -1.01956 21.6501
1087.09 655.96 -4.96419 -0.695909 21.6361
1079.16 661.25 -4.99693 -0.672978 21.5768
1003.78 423.2 -5.32613 -1.46873 22.0679
1032.87 396.75 -5.24304 -1.56602 21.9632
1065.93 589.835 -5.06089 -0.888303 21.6277
1038.16 601.737 -5.12567 -0.842866 21.9314
1009.07 460.23 -5.28381 -1.31906 21.9518
1077.84 501.228 -5.03034 -1.22523 21.9745
1050.06 161.345 -5.30591 -2.67001 22.481
1096.55 634.205 -4.92924 -0.778592 21.8125
1140.66 340.676 -4.91103 -1.81425 21.9088
1034.19 197.714 -5.32826 -2.69759 23.0012
1015.94 352.843 -5.3256 -1.71978 21.9709
1108.72 625.08 -4.90276 -0.808882 21.7997
1064.61 588.579 -5.06417 -0.89122 21.6356
1037.24 602.266 -5.12788 -0.840959 21.8547
1104.16 498.847 -4.98549 -1.20639 21.6432
1032.67 374.135 -5.25671 -1.65349 21.9864
1000.74 494.284 -5.29015 -1.21453 22.1376
1050.92 161.213 -5.30329 -2.66153 22.4546
1049.4 374.287 -5.19568 -1.64657 21.9137
1077.39 617.399 -5.00193 -0.821174 21.8538
1063.4 589.415 -5.06571 -0.888677 21.6423
1037.16 603.407 -5.13086 -0.839373 21.8012
1087.88 533.447 -5.02164 -1.0743 21.5688
1026.67 552.686 -5.18558 -0.992779 21.7097
1087.88 682.112 -4.94858 -0.612363 21.6534
1103.62 500.216 -4.96351 -1.23326 21.885
1000.43 494.969 -5.29494 -1.21423 22.1268
1049.4 160.909 -5.30059 -2.65874 22.4501
1031.83 396.237 -5.24265 -1.56957 21.9656
1047.92 374.112 -5.20282 -1.65508 21.9182
1031.83 374.112 -5.25223 -1.73669 22.3735
1084.12 623.521 -4.97264 -0.803364 21.8
1027.8 625.532 -5.1507 -0.752531 21.7377
1007.69 241.363 -5.40616 -2.44376 22.9102
1015.74 351.987 -5.32609 -1.73721 22.0454
1035.85 601.396 -5.13908 -0.838882 21.7406
1068.03 551.112 -5.05745 -1.02997 21.815
1027.8 551.112 -5.18626 -1.00152 21.812
1003.67 422.385 -5.32469 -1.4835 22.1447
1070.04 498.817 -5.04592 -1.24606 22.1375
1027 494.995 -5.20464 -1.22435 22.0341
1052.44 314.576 -5.26433 -1.69921 21.31
1094.08 631.466 -4.95297 -0.778423 21.6697
1033.94 601.396 -5.14473 -0.838232 21.7028
1027 550.508 -5.18945 -1.00321 21.8703
1084.83 654.596 -4.96836 -0.698295 21.6881
1031.62 395.533 -5.24262 -1.57359 21.983
1050.13 161.914 -5.30059 -2.65874 22.4501
1045.39 630.425 -5.10609 -0.741089 21.5319
1026.77 625.105 -5.16168 -0.750471 21.5204
1034.75 601.164 -5.14473 -0.838232 21.7028
1050.71 162.261 -5.30325 -2.66938 22.4848
1090.61 534.664 -5.00581 -1.09254 21.7831
1093.27 630.425 -4.95418 -0.77648 21.6607
1045.39 396.343 -5.19505 -1.59721 22.0842
1061.35 465.503 -5.09667 -1.3636 22.1214
1061.35 587.864 -5.08238 -0.880451 21.4752
1018.79 577.224 -5.18626 -0.920505 22.0216
1069.33 553.284 -5.06211 -1.01218 21.7018
1026.77 550.624 -5.19053 -1.00209 21.8477
1027.83 620.982 -5.16355 -0.758379 21.461
1033.95 596.509 -5.11824 -0.873811 22.393
1030.89 198.836 -5.34432 -2.71981 23.1035
1049.24 162.128 -5.30012 -2.64172 22.4129
1003.36 244.722 -5.42278 -2.44906 22.983
1046.19 373.201 -5.21946 -1.70328 22.1867
1061.48 461.912 -5.09985 -1.34185 21.9475
1018.65 575.096 -5.19392 -0.922416 21.9222
1067.6 553.683 -5.06576 -1.00761 21.7153
1016.67 355.305 -5.32508 -1.73097 22.0462
1037.77 629.7 -5.12713 -0.747294 21.716
1034.26 598.039 -5.15352 -0.846697 21.6042
1094.06 633.218 -4.96146 -0.779236 21.6109
1062.4 425.663 -5.12643 -1.47286 21.9033
1034.26 425.663 -5.21431 -1.4543 22.0685
1044.81 394.002 -5.2028 -1.57767 21.9335
1006.11 386.966 -5.34056 -1.62012 22.1114
1062.4 464.36 -5.10294 -1.35388 22.0127
1020.18 576.932 -5.196 -0.896023 21.6703
1076.47 534.717 -5.05692 -1.08023 21.6935
1051.84 161.822 -5.30114 -2.65534 22.4489
1023.53 529.968 -5.20991 -1.07627 21.9113
1035.66 631.107 -5.12944 -0.735179 21.5402
1055.89 586.606 -5.08253 -0.897263 21.7438
1043.75 501.649 -5.15033 -1.19165 22.0866
1035.66 461.194 -5.19057 -1.38544 22.3475
1032.83 595.506 -5.16028 -0.840899 21.5447
1065.4 558.287 -5.07417 -1.00039 21.7036
1042.14 395.453 -5.20684 -1.60252 22.0791
1021.9 502.923 -5.23348 -1.15251 21.7816
762.945 252.264 -6.30403 -1.93518 21.8613
842.932 356.862 -6.15157 -2.02733 23.6782
252.264 338.403 -7.47094 -1.07861 20.5204
209.195 344.556 -7.3704 -1.00374 20.2003
510.681 276.875 -7.78524 -1.95831 23.0459
369.167 270.723 -9.56953 -2.25058 24.8602
504.528 123.056 -7.22023 -2.10664 21.3044
633.737 135.361 -6.83126 -2.21942 21.5604
529.14 178.431 -7.00596 -1.89466 21.0972
584.515 184.584 -6.92984 -1.96766 21.4395
233.806 584.515 -6.90381 -0.452038 19.7998
430.695 498.376 -6.93624 -0.744054 20.7139
412.237 566.056 -7.22355 -0.549604 21.4632
578.362 406.084 -8.50485 -1.85019 26.8576
664.501 215.348 -6.65427 -1.93676 21.5895
769.098 196.889 -6.28864 -2.05496 21.7115
775.251 553.751 -6.47689 -0.907948 24.9111
738.334 584.515 -6.73185 -0.716386 25.3571
812.168 363.014 -6.59195 -2.20063 25.2819
670.654 399.931 -7.4696 -1.85632 25.701
916.765 535.292 -5.61365 -1.07624 22.9709
307.639 522.987 -6.875 -0.611773 20.0092
363.014 498.376 -6.84906 -0.689481 20.2063
313.792 387.626 -7.17872 -0.980667 20.396
332.25 399.931 -7.05003 -0.931934 20.2857
338.403 578.362 -6.78194 -0.501552 20.0076
307.639 590.667 -6.8756 -0.459396 20.0661
356.862 596.82 -7.05868 -0.418073 20.7433
719.876 504.528 -7.15151 -1.29281 26.5184
769.098 522.987 -6.43674 -1.04992 24.2381
332.25 455.306 -6.94625 -0.781352 20.1515
233.806 424.542 -7.056 -0.804372 19.8849
184.584 393.778 -7.46728 -0.864388 20.3068
996.751 412.237 -5.35353 -1.57477 22.374
873.696 547.598 -5.79922 -0.982898 23.6718
713.723 455.306 -7.21552 -1.58674 26.2675
719.876 486.07 -6.98803 -1.30331 25.5033
750.64 467.612 -6.67044 -1.33327 24.7366
670.654 467.612 -7.71431 -1.5193 27.0839
516.834 504.528 -8.84452 -0.97019 26.9841
566.056 504.528 -9.55135 -1.18629 30.2393
436.848 584.515 -6.7139 -0.530732 20.4254
436.848 596.82 -6.63569 -0.480004 20.3044
203.042 559.904 -6.98859 -0.489499 19.7906
166.125 596.82 -7.09166 -0.383527 19.86
178.431 504.528 -7.41821 -0.59468 20.3003
209.195 492.223 -6.91586 -0.645426 19.6118
190.736 535.292 -7.10788 -0.546224 19.9006
953.682 375.32 -5.55061 -1.6672 22.326
947.529 418.389 -5.55815 -1.51616 22.427
849.084 443.001 -5.97544 -1.47796 23.2425
430.695 430.695 -7.65983 -1.02517 22.271
215.348 430.695 -7.34848 -0.78462 20.2486
116.903 498.376 -7.22125 -0.576531 19.7608
916.765 430.695 -5.6635 -1.49403 22.6157
916.765 473.764 -5.62983 -1.30093 22.7964
855.237 566.056 -5.79554 -0.861232 22.4789
849.084 596.82 -5.91916 -0.725781 23.9535
422.67 267.512 -8.91245 -2.21405 24.2767
428.02 347.766 -7.2637 -1.22846 21.2094
470.822 347.766 -9.2146 -2.09212 26.0288
502.923 128.406 -7.22023 -2.10664 21.3044
529.675 171.208 -7.14092 -1.94881 21.4182
272.863 529.675 -6.96072 -0.588958 20.0047
460.121 486.873 -6.45254 -0.775335 19.8294
765.086 256.812 -6.31492 -1.93839 21.9223
679.482 112.355 -6.66241 -2.35229 21.5924
770.436 139.106 -6.33017 -2.32609 21.6677
765.086 192.609 -6.31431 -2.12041 21.7368
716.933 577.827 -6.92198 -0.703782 25.6441
898.842 411.969 -5.81959 -1.62001 23.0019
674.131 401.269 -7.4696 -1.85632 25.701
914.893 535.025 -5.61122 -1.07244 23.066
299.614 476.172 -7.10369 -0.743721 20.3088
315.665 390.568 -7.13616 -0.961384 20.3102
262.162 385.218 -7.17417 -0.93026 20.1326
240.761 422.67 -7.22879 -0.8184 20.1763
738.334 529.675 -6.57535 -1.01562 24.2063
716.933 551.076 -6.99593 -0.897431 25.8928
304.964 572.477 -6.9094 -0.500793 20.0822
358.467 615.279 -6.74376 -0.43676 20.0872
321.015 567.126 -6.81534 -0.537035 20.0104
353.116 567.126 -6.78949 -0.539736 20.1127
716.933 460.121 -7.1443 -1.53587 25.9088
770.436 454.771 -6.51762 -1.49458 24.4853
716.933 492.223 -7.12379 -1.29519 26.1987
358.467 321.015 -7.18659 -1.18437 20.5484
337.066 353.116 -7.41028 -1.12638 20.9052
224.71 481.522 -7.01386 -0.663868 19.8234
267.512 476.172 -6.91048 -0.694453 19.8819
197.959 406.619 -7.30083 -0.831523 20.1022
219.36 433.37 -7.27528 -0.785859 20.1519
117.705 502.923 -7.32743 -0.568497 19.9371
995.146 411.969 -5.35171 -1.53456 22.2152
572.477 524.324 -9.11713 -0.96708 29.424
583.177 567.126 -8.89688 -0.573499 29.1291
604.578 561.776 -8.34766 -0.765584 28.0153
567.126 508.274 -6.72315 -0.832468 21.4708
492.223 508.274 -11.4433 -1.11486 33.1314
476.172 545.725 -6.26023 -0.654993 19.5268
385.218 615.279 -6.69062 -0.44576 20.1365
411.969 615.279 -6.62854 -0.455823 20.1595
363.817 502.923 -6.84906 -0.689481 20.2063
417.319 567.126 -6.69438 -0.568301 20.2491
214.01 588.527 -7.02083 -0.420825 19.9204
192.609 604.578 -7.06787 -0.39196 19.9205
583.177 476.172 -8.46183 -1.3509 27.2256
609.928 476.172 -8.6153 -1.47059 28.5005
879.302 181.443 -6.02818 -2.63966 22.8876
507.111 125.615 -7.22626 -2.1064 21.3074
632.725 134.919 -6.79625 -2.18986 21.4714
511.763 204.705 -7.26158 -1.89914 21.6303
595.506 186.096 -6.87552 -1.96 21.424
232.62 586.201 -7.0103 -0.444272 19.9902
200.053 409.41 -7.25436 -0.816382 20.0312
660.639 218.662 -6.65336 -1.93509 21.5697
725.773 200.053 -6.46528 -2.09068 21.7805
897.911 414.063 -5.82127 -1.6862 23.596
921.173 572.244 -5.5565 -0.901209 22.6969
949.088 576.896 -5.43303 -0.910452 22.6799
297.753 479.196 -7.02817 -0.711989 20.1804
260.534 386.148 -7.23585 -0.932661 20.2445
218.662 432.672 -7.25937 -0.785368 20.1385
716.468 493.153 -6.96209 -1.26621 25.2754
311.71 386.148 -7.09748 -0.949789 20.2598
916.521 535.025 -5.58698 -1.05352 22.7236
162.834 507.111 -7.24524 -0.575755 19.9293
209.358 525.72 -7.42821 -0.529717 20.485
688.554 548.982 -7.22988 -0.877479 26.0811
632.725 530.372 -7.95554 -0.989042 27.5903
586.201 567.592 -8.79012 -0.581392 28.9275
255.881 334.972 -7.41 -1.07107 20.4167
176.791 502.458 -7.19471 -0.593194 19.9581
204.705 497.806 -7.10777 -0.61958 19.9264
120.962 502.458 -7.30591 -0.564077 19.9095
916.521 609.463 -5.52167 -0.733702 22.5542
716.468 548.982 -6.94507 -0.912443 25.571
414.063 614.116 -6.66381 -0.450012 20.244
260.534 553.634 -6.96549 -0.522546 19.9863
790.906 465.239 -6.41723 -1.45336 24.5556
846.735 441.977 -6.06604 -1.53407 23.7868
818.821 530.372 -6.15739 -1.04758 23.9444
818.821 562.939 -6.15801 -0.915296 24.6216
674.597 446.629 -7.74455 -1.69495 27.098
688.554 493.153 -7.34825 -1.27498 26.1466
432.672 535.025 -6.67016 -0.656524 20.2298
469.891 507.111 -7.65712 -0.786881 22.8029
669.944 130.267 -6.6477 -2.22797 21.5235
614.116 474.544 -8.7222 -1.50253 28.9504
381.496 390.801 -6.98983 -0.993399 20.4248
307.058 576.896 -6.87008 -0.491387 20.0479
330.32 576.896 -6.89832 -0.50076 20.2202
311.71 623.42 -6.76148 -0.406804 19.9231
339.625 618.768 -6.64549 -0.433146 19.82
167.486 600.158 -7.12318 -0.38056 19.9082
195.4 604.811 -7.04824 -0.389691 19.898
190.748 353.582 -11.0146 -1.54632 25.1029
107.005 311.71 -11.8196 -1.71059 25.2233
949.088 418.715 -5.52815 -1.50737 22.4436
744.382 586.201 -6.58467 -0.702591 24.675
483.849 600.158 -7.13011 -0.438471 21.94
311.508 283.189 -7.73154 -1.40751 21.1412
505.695 343.872 -8.10256 -1.78491 23.9853
424.783 267.007 -8.71817 -2.1568 23.9501
631.107 137.549 -6.7666 -2.14828 21.3712
594.697 186.096 -6.8761 -1.96342 21.4368
101.139 610.879 -7.18057 -0.343198 19.7595
485.467 598.742 -7.06281 -0.449984 21.7647
578.515 408.601 -8.71 -1.88915 27.4118
566.378 505.695 -9.76947 -1.18632 31.1272
768.656 258.916 -6.2779 -1.91361 21.8911
768.656 339.827 -6.50785 -1.94977 23.567
667.517 129.458 -6.70119 -2.26011 21.5728
695.836 198.232 -6.57858 -2.05567 21.6922
821.248 598.742 -6.05866 -0.727924 23.9257
667.517 582.56 -7.46062 -0.619193 26.6523
922.387 432.875 -5.65266 -1.50759 22.921
946.66 639.198 -5.37981 -0.642075 22.3179
942.615 501.649 -5.50031 -1.20116 22.5612
262.961 384.328 -7.2693 -0.935316 20.3052
234.642 424.783 -7.32741 -0.823665 20.3313
639.198 521.877 -7.74326 -1.03671 26.4952
222.506 477.376 -7.08121 -0.673974 19.9457
267.007 481.421 -7.06936 -0.692347 20.1109
946.66 380.282 -5.55582 -1.66559 22.3056
958.797 412.647 -5.48333 -1.5356 22.3414
995.207 412.647 -5.35754 -1.53745 22.3166
716.064 457.148 -7.01394 -1.47595 25.3283
246.779 521.877 -7.0543 -0.586931 20.0551
182.05 586.606 -7.0452 -0.424373 19.8335
178.005 639.198 -6.97589 -0.316826 19.7543
671.562 465.239 -7.6748 -1.5121 26.8885
651.335 493.558 -7.90816 -1.29793 27.2829
635.152 550.196 -8.0663 -0.783873 27.8581
299.371 424.783 -7.15116 -0.846626 20.332
918.341 570.424 -5.56715 -0.91045 23.0021
918.341 610.879 -5.51865 -0.732494 22.736
283.189 307.462 -7.98121 -1.30554 21.3931
137.549 436.92 -7.5355 -0.736444 20.1799
149.686 501.649 -7.2753 -0.597286 19.9614
178.005 505.695 -7.16631 -0.588546 19.9173
614.925 473.33 -8.44582 -1.45016 28.0881
392.419 400.51 -7.04891 -0.982471 20.6252
918.341 477.376 -5.64632 -1.36221 23.0405
432.875 453.102 -7.31921 -0.96105 21.6093
457.148 485.467 -7.56316 -0.880351 22.4562
469.285 505.695 -6.79153 -0.738274 20.6961
275.098 614.925 -6.87332 -0.406778 19.9663
250.825 618.97 -6.8703 -0.398301 19.832
169.913 542.105 -7.08217 -0.517944 19.793
198.232 534.014 -7.09531 -0.538844 19.9173
493.558 303.417 -8.48523 -2.11694 24.5072
388.373 614.925 -6.69315 -0.441053 20.1431
372.191 618.97 -6.71107 -0.430931 20.1067
400.51 618.97 -6.59763 -0.44919 20.005
97.0934 380.282 -13.3259 -1.32769 27.2382
412.647 566.378 -6.69083 -0.567946 20.2246
898.114 339.827 -5.81926 -1.99971 23.2021
659.426 218.46 -6.66315 -1.93551 21.5892
886.505 179.412 -6.01901 -2.6659 22.9616
313.091 281.43 -7.77816 -1.41801 21.2362
506.574 344.752 -9.58172 -2.40447 27.7238
425.663 267.359 -8.88468 -2.23584 24.3194
506.574 126.644 -7.22179 -2.10082 21.2869
598.039 186.447 -6.8761 -1.96342 21.4368
770.415 341.234 -6.50785 -1.94977 23.567
735.236 200.519 -6.44128 -2.07521 21.7179
974.452 527.681 -5.37014 -1.08371 22.1724
714.129 580.449 -6.9089 -0.706184 25.5059
773.933 559.342 -6.3521 -0.876276 24.1143
693.021 552.306 -7.23964 -0.869739 26.202
569.896 513.61 -9.93136 -1.19329 31.7212
605.075 545.271 -8.8417 -0.837086 29.6961
780.968 471.395 -6.45358 -1.39714 24.5298
714.129 492.503 -6.97708 -1.25621 25.3181
309.573 390.484 -7.11184 -0.948372 20.2978
302.537 425.663 -7.04528 -0.843689 20.1421
921.683 573.414 -5.54908 -0.905841 22.7753
270.876 464.36 -7.08997 -0.738834 20.1325
267.359 481.949 -7.12639 -0.689963 20.2149
256.805 386.966 -7.20733 -0.923705 20.2061
221.626 432.699 -7.32782 -0.78636 20.2721
207.555 524.163 -7.32324 -0.543139 20.3227
840.772 562.86 -5.9443 -0.896069 23.5859
140.715 619.146 -7.10891 -0.343921 19.8201
154.787 640.253 -7.07461 -0.304526 19.831
119.608 506.574 -7.29087 -0.560649 19.8892
946.309 379.931 -5.57378 -1.69291 22.4574
963.898 415.109 -5.48998 -1.53619 22.3889
995.559 415.109 -5.35754 -1.53745 22.3166
844.29 443.252 -6.06661 -1.51763 23.7496
615.628 474.913 -8.49111 -1.4717 28.2625
168.858 439.734 -7.3191 -0.738559 20.0389
147.751 506.574 -7.24991 -0.571763 19.9408
154.787 587.485 -7.13623 -0.413367 19.8661
671.914 467.877 -7.70571 -1.51866 26.9755
710.611 460.842 -7.18734 -1.52209 25.9865
337.716 538.235 -6.51576 -0.608213 19.4423
291.984 552.306 -6.89878 -0.544567 19.9972
291.984 320.127 -7.28917 -1.12512 20.3872
341.234 334.198 -7.3388 -1.16182 20.7586
116.09 583.967 -7.07681 -0.413052 19.6432
404.556 386.966 -6.83603 -0.991755 20.2329
386.966 615.628 -6.69315 -0.441053 20.1431
376.413 538.235 -6.58351 -0.619822 19.8007
411.591 569.896 -6.66139 -0.569357 20.1519
921.683 612.11 -5.51073 -0.731977 22.7012
921.683 633.218 -5.47577 -0.655835 21.7694
429.181 619.146 -6.56825 -0.460724 20.1007
485.467 598.039 -7.13011 -0.438471 21.94
281.43 643.771 -6.7529 -0.374841 19.7897
429.181 341.234 -6.99518 -1.18454 20.6887
372.895 474.913 -6.97641 -0.773427 20.4681
214.59 615.628 -7.00728 -0.382749 19.9408
439.734 580.449 -6.68375 -0.546314 20.3806
844.29 601.557 -5.91929 -0.726662 23.7081
675.432 70.3575 -6.4868 -2.1595 20.7876
696.539 119.608 -6.63422 -2.35333 21.6897
714.129 598.039 -6.97041 -0.597223 26.0702
780.968 608.592 -6.2642 -0.63151 24.181
671.914 401.038 -7.59018 -1.92208 26.1721
569.896 636.735 -6.89684 -0.351374 22.3717
538.235 633.218 -6.93341 -0.348213 22.0604
946.309 640.253 -5.38732 -0.63513 22.4069
988.523 650.807 -5.23651 -0.633057 22.4281
763.379 228.662 -6.37556 -2.07984 22.0437
661.361 218.108 -6.66929 -1.93547 21.6007
513.61 207.555 -7.16988 -1.84402 21.428
312.02 281.43 -7.78078 -1.42042 21.2295
428.263 263.076 -8.85251 -2.24495 24.2873
770.874 339.551 -6.46207 -1.90576 23.3287
770.874 137.656 -6.34737 -2.36295 21.796
321.197 388.496 -7.01571 -0.956484 20.1769
920.766 532.27 -5.56701 -1.05435 22.6663
920.766 572.037 -5.532 -0.892545 22.5627
651.572 568.978 -7.52457 -0.697638 26.3638
709.693 578.155 -6.94276 -0.698449 25.619
584.273 581.214 -9.16069 -0.441207 30.3168
605.686 559.801 -8.72546 -0.684925 29.5975
357.906 382.378 -6.9767 -0.984791 20.2557
403.791 385.437 -6.91202 -1.00978 20.3804
712.752 492.503 -7.00318 -1.26204 25.4101
214.132 388.496 -7.26009 -0.889909 20.0848
266.135 388.496 -7.17037 -0.919463 20.1315
198.836 416.027 -7.25507 -0.817002 20.0443
302.843 483.326 -6.92918 -0.702179 20.0306
324.256 480.267 -6.96857 -0.718387 20.2008
223.309 474.148 -7.12904 -0.677393 20.025
253.899 474.148 -7.08512 -0.695421 20.0725
204.954 504.739 -7.10856 -0.60335 19.9327
269.194 480.267 -7.12639 -0.689963 20.2149
920.766 477.207 -5.60621 -1.27684 22.7055
412.968 568.978 -6.71295 -0.56021 20.2672
308.961 578.155 -6.87008 -0.491387 20.0479
119.302 504.739 -7.31963 -0.554478 19.9347
315.079 321.197 -7.24115 -1.14009 20.4284
275.312 357.906 -7.25518 -1.02232 20.3299
339.551 324.256 -7.13128 -1.14127 20.3547
186.6 388.496 -7.30476 -0.867808 20.0258
174.364 403.791 -7.3252 -0.820391 20.0276
174.364 333.433 -7.52955 -1.019 20.2189
587.332 471.089 -8.75978 -1.43839 28.2241
611.805 513.916 -8.44277 -1.10442 28.2232
318.138 624.041 -6.76153 -0.403955 19.9369
250.84 520.034 -6.87068 -0.595337 19.7256
226.368 587.332 -6.94124 -0.44495 19.8363
253.899 572.037 -6.89734 -0.482874 19.8578
156.01 636.277 -7.03897 -0.312734 19.7705
177.423 639.336 -6.98398 -0.319553 19.7702
942.179 376.26 -5.59031 -1.71423 22.6143
994.182 403.791 -5.35875 -1.52411 21.9985
841.231 443.558 -6.06589 -1.51089 23.713
223.309 333.433 -7.38926 -1.03975 20.2288
529.211 547.565 -7.18895 -0.668827 22.4453
440.499 611.805 -6.63025 -0.467051 20.3053
156.01 584.273 -7.11218 -0.418427 19.8324
183.541 584.273 -7.06954 -0.423349 19.882
116.243 544.506 -7.20729 -0.486368 19.7642
88.7116 556.742 -7.3012 -0.439864 19.8481
642.395 140.715 -6.80081 -2.2243 21.6329
694.398 198.836 -6.58671 -2.05896 21.7017
672.985 70.3575 -6.51341 -2.19831 20.8846
847.349 305.902 -6.16856 -2.28286 23.9434
838.172 357.906 -6.19877 -2.0717 24.2368
425.204 385.437 -6.82691 -1.01318 20.3444
474.148 321.197 -8.93673 -2.12427 25.3739
865.703 624.041 -5.76442 -0.640584 23.4888
923.825 633.218 -5.49126 -0.64582 22.8522
367.083 501.68 -6.79358 -0.689932 20.0926
107.066 315.079 -11.8641 -1.71284 25.3024
107.066 354.847 -11.7928 -1.42613 25.2805
822.877 596.509 -6.00709 -0.715163 23.7193
841.231 599.568 -5.91131 -0.721354 23.6358
575.096 412.968 -8.62044 -1.84246 27.1174
627.1 409.909 -8.83601 -2.26085 29.4758
217.191 611.805 -6.95872 -0.386744 19.8563
942.179 526.152 -5.50006 -1.10764 22.8025
981.946 520.034 -5.34488 -1.11562 22.3687
942.179 572.037 -5.45234 -0.908362 22.5518
764.756 602.627 -6.38983 -0.6268 24.5137
942.179 464.971 -5.54896 -1.373 22.7834
761.697 226.368 -6.3285 -2.02245 21.8539
752.52 250.84 -6.34413 -1.93228 21.8522
884.057 180.482 -5.99273 -2.6345 22.8498
700.516 244.722 -6.51636 -1.87939 21.6774
523.093 171.305 -7.08116 -1.93206 21.2599
507.798 73.4165 -7.17762 -2.24525 21.1449
360.965 278.371 -9.66945 -2.20531 24.9942
388.496 58.1214 -7.57322 -2.19664 21.0105
284.489 373.201 -7.27305 -0.983075 20.3963
305.902 360.965 -7.26546 -1.03555 20.4729
275.312 382.378 -7.08117 -0.931234 20.0365
605.686 529.211 -8.64328 -0.970313 28.8211
885.787 180.881 -5.97671 -2.62259 22.8098
388.363 58.5204 -7.57322 -2.19664 21.0105
311.222 279.302 -7.83381 -1.43446 21.3231
508.064 74.4806 -7.17762 -2.24525 21.1449
321.862 425.603 -7.07076 -0.859109 20.303
665.005 582.544 -7.53086 -0.612809 26.8846
710.225 582.544 -6.95503 -0.695452 25.6537
923.027 574.564 -5.54577 -0.907791 23.0419
710.225 494.764 -7.02221 -1.25888 25.4536
271.322 460.183 -7.11827 -0.744328 20.1911
313.882 478.804 -6.82795 -0.719634 19.8725
574.564 484.124 -9.14403 -1.38615 29.0987
715.545 470.823 -7.16053 -1.47356 26.1229
223.442 476.144 -7.07282 -0.680449 19.9184
252.702 476.144 -7.06027 -0.69282 20.0311
204.822 508.064 -7.16571 -0.603535 20.0306
441.563 579.884 -6.62815 -0.547824 20.264
486.784 595.844 -7.14779 -0.451238 21.9996
215.462 388.363 -7.23898 -0.885924 20.0451
255.362 388.363 -7.30728 -0.935699 20.3259
234.082 412.303 -7.23839 -0.843086 20.1726
218.122 582.544 -6.98175 -0.44575 19.8604
375.063 590.524 -6.64973 -0.502936 19.9488
843.226 566.584 -5.94929 -0.892603 23.6426
311.222 579.884 -6.87008 -0.491387 20.0479
114.381 481.464 -7.3642 -0.614342 19.9445
994.847 406.983 -5.36604 -1.55445 22.1742
146.301 414.963 -7.49094 -0.803592 20.1647
175.561 404.323 -7.32292 -0.826615 20.0287
433.583 500.084 -6.75241 -0.734693 20.3874
393.683 662.345 -6.58327 -0.358128 19.9972
843.226 446.883 -6.07116 -1.50803 23.7173
843.226 486.784 -5.97771 -1.25763 23.3318
372.403 473.483 -6.95877 -0.770545 20.4331
279.302 614.465 -6.79819 -0.407775 19.8237
319.202 625.105 -6.7298 -0.40737 19.8773
289.942 321.862 -7.30145 -1.13013 20.4061
683.625 154.281 -6.64927 -2.2107 21.6887
672.985 401.663 -7.76614 -2.0222 26.8068
140.981 539.984 -7.17605 -0.5041 19.8358
734.165 202.161 -6.42265 -2.06707 21.6863
755.446 250.042 -6.34413 -1.93228 21.8522
574.564 414.963 -8.77426 -1.8754 27.5409
106.401 353.783 -11.7503 -1.40831 25.2108
989.527 649.045 -5.23326 -0.639107 22.467
992.187 526.684 -5.30431 -1.10084 22.3203
821.946 617.125 -5.99863 -0.631799 23.768
843.226 601.164 -5.95063 -0.722391 23.9318
672.985 69.1605 -6.48994 -2.16783 20.8275
516.044 210.142 -7.17407 -1.84857 21.446
941.647 465.503 -5.54243 -1.35335 22.6388
941.647 497.424 -5.52068 -1.21443 22.6819
989.527 502.744 -5.329 -1.18097 22.1313
627.765 138.321 -6.82154 -2.18772 21.5181
598.504 186.201 -6.87817 -1.97558 21.4747
502.744 127.681 -7.22178 -2.09698 21.285
524.024 170.241 -7.09067 -1.94285 21.2766
774.066 138.321 -6.34737 -2.36295 21.796
659.685 218.122 -6.66414 -1.93362 21.5858
667.665 242.062 -6.5734 -1.82015 21.4663
508.064 345.803 -9.21759 -2.27247 26.8403
782.046 609.144 -6.29885 -0.620397 24.5076
428.263 263.342 -8.81405 -2.24238 24.225
228.762 353.783 -7.33923 -0.995449 20.2043
167.581 609.144 -7.03439 -0.376831 19.7896
156.941 635.745 -7.02533 -0.318649 19.7553
178.221 638.405 -6.94243 -0.329822 19.7102
747.466 587.864 -6.58413 -0.707398 24.947
308.562 391.023 -7.1924 -0.956504 20.4284
343.143 335.162 -7.18439 -1.13072 20.4738
960.267 417.623 -5.48715 -1.52392 22.3824
667.665 135.661 -6.69089 -2.24368 21.5746
386.281 57.8265 -7.57322 -2.19664 21.0105
506.56 76.331 -7.2491 -2.29118 21.3067
809.571 122.592 -6.23956 -2.50383 21.946
962.233 638.405 -5.33515 -0.65884 22.5364
973.798 527.378 -5.36468 -1.0971 22.4002
943.729 599.083 -5.43946 -0.815935 23.106
710.11 464.925 -7.14311 -1.48124 25.8305
710.11 494.995 -7.10295 -1.28166 25.8024
684.666 407.099 -7.43481 -1.89411 25.9842
798.006 420.977 -6.48736 -1.76816 25.0067
784.128 608.335 -6.2507 -0.626748 24.2051
767.936 589.83 -6.44934 -0.711178 24.919
869.711 624.526 -5.73162 -0.645085 23.2182
922.911 573.639 -5.53839 -0.90399 22.8904
772.562 138.784 -6.34737 -2.36295 21.796
770.249 194.297 -6.31764 -2.15606 21.8184
684.666 154.975 -6.63582 -2.20209 21.6588
733.24 201.236 -6.43337 -2.08194 21.7519
756.371 249.811 -6.33231 -1.92846 21.8393
659.222 217.428 -6.66414 -1.93362 21.5858
693.918 198.923 -6.58713 -2.05823 21.6973
703.17 242.871 -6.51365 -1.88446 21.7116
791.067 342.333 -6.38621 -1.93812 23.4586
476.49 481.117 -10.3844 -1.2348 29.7118
372.403 471.864 -6.90764 -0.768214 20.3247
589.83 471.864 -8.96059 -1.4864 28.9671
511.186 481.117 -10.9918 -1.41967 32.3619
520.439 485.743 -11.1255 -1.45126 33.1089
615.274 420.977 -9.43845 -2.24859 31.0254
441.795 612.961 -6.60214 -0.469465 20.2472
393.22 661.535 -6.56845 -0.363315 19.9538
374.716 589.83 -6.65429 -0.502324 19.9638
582.891 580.578 -8.97208 -0.446448 29.6295
619.9 564.387 -8.15167 -0.668534 27.8026
159.601 451.047 -7.28775 -0.703694 19.9613
224.367 474.177 -7.10221 -0.680552 19.9762
245.184 481.117 -7.04811 -0.675067 19.9824
219.741 388.594 -7.23898 -0.885924 20.0451
254.437 388.594 -7.18172 -0.912102 20.1278
224.367 437.168 -7.29821 -0.782129 20.238
148.036 654.596 -7.05737 -0.274601 19.7932
157.288 654.596 -7.04557 -0.279931 19.8106
87.8963 668.474 -7.07807 -0.241693 19.6434
185.045 585.204 -7.04267 -0.431635 19.8225
64.7657 529.691 -9.79053 -0.249539 22.8621
319.202 624.526 -6.78777 -0.396679 20.0009
217.428 612.961 -6.99316 -0.381134 19.9256
259.063 619.9 -6.82623 -0.397739 19.8054
201.236 666.161 -6.84793 -0.291135 19.6574
293.759 552.821 -6.89102 -0.54376 19.9877
321.515 522.752 -6.90554 -0.620115 20.1206
312.263 578.265 -6.89648 -0.485395 20.1124
201.236 538.943 -7.08585 -0.5354 19.9081
254.437 522.752 -6.99332 -0.591191 19.9643
226.68 587.517 -6.96218 -0.444169 19.8676
626.839 138.784 -6.81608 -2.18111 21.495
573.639 185.045 -6.97488 -1.96525 21.4457
522.752 168.853 -7.09067 -1.94285 21.2766
631.466 115.653 -6.85511 -2.29502 21.5734
476.49 319.202 -8.91846 -2.1127 25.3183
511.186 344.646 -9.58172 -2.40447 27.7238
515.812 210.489 -7.11273 -1.81147 21.3167
57.8265 298.385 -9.92892 -1.39609 22.5101
64.7657 333.081 -12.0944 -1.48991 25.1173
289.133 319.202 -7.26747 -1.12554 20.3417
270.628 335.394 -7.35828 -1.08531 20.4249
719.362 529.691 -6.82826 -1.01093 24.9066
404.786 383.968 -6.91917 -1.01966 20.4064
668.474 138.784 -6.68541 -2.23316 21.5554
326.142 483.43 -6.96362 -0.713016 20.2163
303.011 360.837 -7.27491 -1.03623 20.4773
321.515 390.907 -7.06051 -0.944673 20.2326
751.745 492.682 -6.65958 -1.2637 24.8393
536.63 492.682 -10.5956 -1.34632 32.2685
548.195 485.743 -10.6341 -1.49848 32.8473
358.524 381.655 -6.94465 -0.982456 20.1958
178.106 638.405 -6.84809 -0.350797 19.5587
270.628 388.594 -7.17752 -0.920359 20.1896
196.61 483.43 -7.20496 -0.647407 20.0277
205.862 506.56 -7.1116 -0.601877 19.9399
148.036 414.038 -7.41439 -0.7891 20.0534
922.911 478.804 -5.59895 -1.27243 22.6812
825.763 599.083 -6.00709 -0.715163 23.7193
522.752 582.891 -7.081 -0.525448 22.1892
386.281 337.707 -7.08166 -1.15403 20.5525
386.181 58.3294 -7.59843 -2.20452 21.05
959.417 418.362 -5.49154 -1.52065 22.4312
963.44 671.793 -5.30508 -0.536978 22.4908
943.326 571.225 -5.44946 -0.896546 22.4549
675.816 446.521 -7.83503 -1.74528 27.5561
740.179 434.453 -6.79906 -1.62099 24.9104
685.873 408.305 -7.42871 -1.87324 25.9237
915.167 464.623 -5.66262 -1.4149 23.2455
889.02 400.26 -5.87451 -1.78197 23.765
870.918 404.283 -5.94383 -1.74439 23.7045
784.429 609.441 -6.2507 -0.626748 24.2051
870.918 625.532 -5.74194 -0.639003 23.494
923.213 573.237 -5.53811 -0.913715 23.1406
866.895 535.021 -5.8399 -1.05946 23.4815
685.873 154.874 -6.62888 -2.19608 21.6544
677.827 70.3975 -6.43978 -2.12264 20.6931
889.02 181.022 -5.97533 -2.64335 22.8656
766.327 227.283 -6.30725 -2.01855 21.8292
756.27 253.431 -6.33231 -1.92846 21.8393
659.725 217.227 -6.66414 -1.93362 21.5858
695.93 201.136 -6.56078 -2.03595 21.6338
667.771 243.374 -6.57436 -1.82269 21.4897
476.692 480.714 -10.7502 -1.30527 30.5555
446.521 514.907 -6.7659 -0.715473 20.5204
335.897 420.374 -7.07716 -0.884335 20.3715
591.339 412.328 -8.69419 -1.928 27.7453
627.543 424.396 -8.48594 -1.93791 28.302
388.192 673.805 -6.56214 -0.341242 19.9215
573.237 551.112 -9.63848 -0.732535 31.3209
158.897 452.555 -7.30138 -0.702922 19.9823
120.681 508.873 -7.30021 -0.553404 19.9123
148.84 508.873 -7.22465 -0.571868 19.9007
176.999 362.044 -7.4744 -0.947522 20.2113
138.784 440.487 -7.3554 -0.717385 19.9581
213.204 388.192 -7.29045 -0.892108 20.1298
289.635 619.498 -6.79486 -0.409353 19.8845
279.579 679.839 -6.75696 -0.283806 19.8391
315.783 667.771 -6.78394 -0.30237 20.0287
259.465 621.509 -6.82623 -0.397739 19.8054
291.647 553.123 -6.88653 -0.543035 19.978
311.76 579.271 -6.89648 -0.485395 20.1124
201.136 539.044 -7.08844 -0.530481 19.9241
257.454 559.157 -6.96899 -0.51152 19.9875
583.294 116.659 -6.97091 -2.21743 21.4126
625.532 140.795 -6.82733 -2.18786 21.5227
601.396 187.056 -6.86704 -1.973 21.4625
502.839 124.704 -7.22178 -2.09698 21.285
526.976 118.67 -7.13733 -2.12544 21.2704
522.953 168.954 -7.09067 -1.94285 21.2766
432.442 339.919 -6.97621 -1.17958 20.6463
430.43 259.465 -8.81405 -2.24238 24.225
364.056 257.454 -9.03407 -2.11155 23.793
510.885 343.942 -9.61547 -2.44045 27.9062
508.873 277.567 -8.21095 -2.17275 24.0311
60.3407 297.681 -9.88489 -1.38653 22.4603
315.783 323.828 -7.27541 -1.16566 20.4825
720.066 530.998 -6.81452 -1.0067 24.9652
752.248 557.146 -6.56727 -0.873722 24.698
824.656 565.191 -6.03944 -0.885106 23.7897
464.623 533.01 -6.80953 -0.667176 20.7975
651.68 553.123 -7.79838 -0.820481 27.3846
611.453 514.907 -8.3782 -1.10427 28.0552
172.977 333.885 -7.50014 -1.02178 20.1673
341.931 392.215 -7.13604 -0.969189 20.4691
307.738 392.215 -7.10687 -0.940403 20.2517
321.817 392.215 -7.15249 -0.955752 20.4122
291.647 362.044 -7.23473 -1.01618 20.3481
508.873 597.373 -7.06082 -0.465424 22.0186
245.386 364.056 -7.32088 -0.98375 20.2797
247.397 333.885 -7.4561 -1.08266 20.4614
325.84 482.726 -6.96362 -0.713016 20.2163
241.363 498.817 -7.01236 -0.638202 19.9152
245.386 484.737 -7.07741 -0.673522 20.038
249.408 506.862 -7.00948 -0.621944 19.9669
840.747 486.748 -6.00108 -1.2664 23.4836
824.656 599.384 -6.00647 -0.716174 23.7178
766.327 530.998 -6.46809 -1.02836 24.4946
782.418 533.01 -6.38834 -1.04072 24.548
428.419 384.169 -6.91488 -1.03836 20.5398
434.453 412.328 -6.76058 -0.949408 20.2701
337.908 323.828 -7.20179 -1.15756 20.4885
297.681 506.862 -7.01328 -0.643486 20.1811
273.545 460.601 -7.09056 -0.74466 20.1459
289.635 450.544 -7.05901 -0.774225 20.1523
269.522 482.726 -7.19619 -0.684259 20.3452
168.954 611.453 -7.07038 -0.364032 19.847
179.011 637.6 -6.90896 -0.339194 19.6606
96.5451 502.839 -7.2491 -0.565384 19.748
386.53 59.4662 -7.61456 -2.21978 21.0718
855.264 190.642 -6.13773 -2.61212 22.9627
975.945 496.718 -5.38361 -1.20965 22.3228
984.69 416.263 -5.39842 -1.50247 22.1821
965.451 641.885 -5.32282 -0.660577 22.4173
718.842 407.518 -6.99114 -1.75883 24.925
890.244 400.522 -5.85656 -1.77122 23.672
872.754 404.02 -5.9443 -1.73868 23.6526
797.547 421.51 -6.45497 -1.73951 24.8242
696.104 650.63 -7.01449 -0.210982 25.9847
944.463 669.869 -5.3737 -0.530262 22.5465
774.81 138.171 -6.33666 -2.36599 21.7909
766.065 187.144 -6.34451 -2.18201 21.8456
664.622 55.9682 -6.5311 -2.19666 20.7916
676.865 73.4583 -6.47476 -2.15771 20.8006
678.614 69.9602 -6.46709 -2.15309 20.7894
886.746 125.928 -5.95624 -2.58988 22.0882
792.3 344.554 -6.40754 -1.97032 23.653
769.563 227.371 -6.27995 -1.99204 21.7572
659.375 216.877 -6.69262 -1.9531 21.6705
668.12 243.112 -6.60262 -1.84034 21.5591
477.479 480.977 -11.4674 -1.37972 32.4385
482.726 402.271 -11.3508 -2.31496 31.722
512.459 480.977 -11.0951 -1.46861 32.7014
536.945 484.475 -11.0084 -1.51684 33.4442
627.893 425.008 -8.71738 -2.04306 29.1279
458.24 678.614 -6.71107 -0.271925 20.7424
393.526 662.873 -6.59551 -0.358955 20.0114
533.447 685.61 -6.88312 -0.155183 22.0408
582.419 582.419 -8.86226 -0.448374 29.2134
159.16 451.244 -7.3358 -0.704921 20.0281
138.171 442.499 -7.38707 -0.715277 20.0035
279.841 507.212 -7.02588 -0.6352 20.1302
213.379 388.279 -7.26717 -0.889231 20.087
244.861 409.267 -7.19799 -0.853553 20.1366
169.654 659.375 -6.97923 -0.284504 19.7558
258.853 620.897 -6.83271 -0.396328 19.8229
281.59 682.112 -6.75696 -0.283806 19.8391
328.813 657.626 -6.71549 -0.345053 19.9426
244.861 619.148 -6.83999 -0.397137 19.7665
313.072 580.67 -6.76486 -0.498695 19.8661
201.136 540.443 -7.08433 -0.529108 19.9197
225.622 587.666 -6.95512 -0.442439 19.8562
601.658 187.144 -6.86704 -1.973 21.4625
503.714 122.43 -7.2265 -2.10635 21.2885
526.451 118.932 -7.14235 -2.14029 21.2937
507.212 76.9563 -7.25306 -2.29091 21.3205
475.73 323.566 -8.89494 -2.1067 25.2771
360.295 283.339 -9.50339 -2.1466 24.674
407.518 304.327 -7.02149 -1.25596 20.5058
512.459 344.554 -9.61547 -2.44045 27.9062
62.9642 297.331 -10.0983 -1.42479 22.715
260.602 318.319 -7.3086 -1.10444 20.275
314.821 323.566 -7.19385 -1.1314 20.3423
645.383 503.714 -7.6521 -1.17217 26.2206
606.905 543.941 -8.63054 -0.858926 28.872
731.085 496.718 -6.76948 -1.2234 24.8199
605.156 500.216 -8.69775 -1.25485 28.8097
362.044 381.283 -6.95317 -0.987971 20.217
825.531 535.196 -6.05611 -1.04031 23.7378
827.28 566.678 -6.00315 -0.877455 23.535
766.065 493.22 -6.48862 -1.24325 24.3803
787.053 608.654 -6.24607 -0.628208 24.2674
654.128 554.435 -7.91365 -0.825218 27.8798
428.507 384.781 -6.91998 -1.03995 20.5525
391.777 377.785 -6.9578 -1.03204 20.3958
405.769 384.781 -6.85828 -1.00953 20.2868
271.096 390.028 -7.20735 -0.920654 20.2451
841.272 487.973 -6.01489 -1.27899 23.5929
717.093 470.483 -7.14363 -1.47594 26.0799
874.503 568.427 -5.78207 -0.901081 23.452
519.455 598.16 -7.01958 -0.471735 22.0234
185.395 612.152 -7.00195 -0.371934 19.7892
825.531 601.658 -6.02199 -0.715798 23.9376
414.514 421.51 -6.81989 -0.922307 20.303
244.861 363.793 -7.29506 -0.979503 20.2387
669.869 466.985 -7.74235 -1.50684 27.0702
591.164 487.973 -8.95874 -1.36267 29.1081
589.415 543.941 -8.75702 -0.812443 28.7892
589.415 563.18 -8.57622 -0.622684 28.3653
337.558 323.566 -7.17402 -1.15468 20.4266
668.12 139.92 -6.67242 -2.21624 21.5224
414.514 675.116 -6.52965 -0.34599 19.9929
274.594 459.989 -7.08742 -0.745935 20.144
288.586 451.244 -7.03823 -0.772083 20.1104
75.2073 563.18 -9.81682 -0.0701972 23.0303
976.402 495.805 -5.37746 -1.20398 22.2018
961.193 418.241 -5.48763 -1.50473 22.3355
976.402 527.744 -5.35005 -1.0838 22.2529
912.525 476.034 -5.66133 -1.34635 23.1614
891.233 399.99 -5.84282 -1.73707 23.4629
798.459 421.282 -6.45446 -1.74535 24.8168
647.893 625.08 -7.75559 -0.241889 27.6353
696.561 649.414 -7.04225 -0.208675 26.1249
710.249 582.495 -7.00995 -0.694127 25.9194
874.503 625.08 -5.71399 -0.639694 23.2073
926.213 615.954 -5.49792 -0.72684 22.8008
945.984 669.185 -5.37994 -0.532355 22.5617
926.213 574.891 -5.52222 -0.897717 22.8709
985.527 358.926 -5.42807 -1.71721 22.1433
733.062 132.316 -6.4906 -2.33684 21.7204
775.646 136.879 -6.32853 -2.35949 21.7634
774.125 174.901 -6.30164 -2.21154 21.7672
687.435 156.65 -6.61179 -2.1842 21.6049
664.622 54.7515 -6.52865 -2.20581 20.8065
710.249 44.1054 -6.41141 -2.28232 20.8651
679.831 71.4811 -6.47043 -2.16284 20.8142
886.67 126.233 -5.96044 -2.59358 22.1048
891.233 179.463 -5.96876 -2.63594 22.8419
830.398 185.547 -6.26497 -2.60671 22.9445
768.042 225.089 -6.29678 -2.02367 21.8214
757.396 253.986 -6.30338 -1.89237 21.7305
862.336 284.404 -6.14061 -2.43932 24.0117
479.076 480.596 -11.5287 -1.3707 32.6089
547.515 485.159 -10.7179 -1.50333 32.9849
392.386 661.581 -6.56742 -0.364455 19.9453
159.692 450.179 -7.36295 -0.706402 20.0649
121.67 509.493 -7.18144 -0.556621 19.7398
214.443 454.742 -7.2173 -0.725391 20.0916
250.944 506.451 -7.03268 -0.624024 20.0038
273.758 409.115 -7.12671 -0.865115 20.1477
244.861 407.594 -7.01079 -0.835211 19.8277
153.608 612.913 -7.07006 -0.362341 19.7874
168.817 658.539 -6.99842 -0.279431 19.7855
45.6263 652.455 -10.0401 0.438701 23.2831
89.7316 669.185 -7.05282 -0.247919 19.6088
142.962 541.432 -7.13969 -0.503823 19.7791
28.8966 562.724 -9.81899 -0.0694539 22.6931
308.738 629.642 -6.74343 -0.394497 19.8715
282.883 681.352 -6.77386 -0.280411 19.8755
328.509 657.018 -6.71549 -0.345053 19.9426
247.903 681.352 -6.81117 -0.271148 19.7936
225.089 587.058 -7.02125 -0.434314 19.9679
387.823 60.835 -7.58473 -2.19404 21.0301
626.6 139.921 -6.821 -2.17577 21.4937
600.746 191.63 -6.86284 -1.95983 21.463
503.41 123.191 -7.22597 -2.10998 21.2862
536.869 109.503 -7.12309 -2.18893 21.3252
524.702 167.296 -7.11162 -1.96145 21.3109
507.972 76.0437 -7.2491 -2.29118 21.3067
431.928 261.59 -8.72578 -2.21337 24.0625
363.489 257.028 -9.17914 -2.16767 24.0496
507.972 276.799 -8.19658 -2.16425 23.9886
514.056 343.718 -9.61547 -2.44045 27.9062
139.921 336.113 -7.32732 -0.953551 19.8228
62.3559 296.571 -9.93279 -1.40054 22.5298
722.416 530.785 -6.82457 -1.00848 25.0315
538.39 494.284 -10.8323 -1.37559 33.0708
682.873 529.264 -7.30353 -1.01387 26.0917
740.666 445.616 -6.79661 -1.56259 25.0117
676.789 445.616 -7.66416 -1.68542 26.9042
882.107 545.994 -5.78486 -1.04178 23.8323
334.592 330.03 -7.19439 -1.13627 20.4621
366.531 325.467 -7.12525 -1.17088 20.5058
736.104 205.318 -6.43466 -2.08401 21.7925
737.624 200.755 -6.42098 -2.08614 21.7307
719.374 219.006 -6.47238 -1.99345 21.7142
577.932 494.284 -9.17575 -1.28939 29.441
841.044 486.68 -6.01543 -1.27793 23.6001
842.565 600.746 -5.90967 -0.710791 23.6138
874.503 606.829 -5.7368 -0.727029 23.2851
768.042 558.161 -6.46067 -0.884553 24.6461
733.062 584.016 -6.74639 -0.698537 25.366
702.644 193.151 -6.54448 -2.07337 21.6695
684.394 460.825 -7.49369 -1.53887 26.5441
711.769 457.783 -7.02825 -1.47331 25.2217
244.861 363.489 -7.28649 -0.976932 20.2223
787.813 608.35 -6.25931 -0.629309 24.3639
509.493 567.286 -7.1216 -0.570641 22.1094
407.594 383.26 -6.86853 -1.01271 20.3159
231.173 451.7 -7.08576 -0.737091 19.9595
220.527 472.992 -7.13217 -0.682349 20.0104
509.493 596.183 -7.07316 -0.464603 22.0562
841.044 533.827 -5.98897 -1.05215 23.7011
869.94 535.348 -5.82567 -1.06248 23.4892
842.565 567.286 -5.93945 -0.885497 23.5448
587.058 465.388 -8.92192 -1.54465 28.7458
436.491 419.762 -6.68799 -0.92025 20.1359
378.698 409.115 -6.87382 -0.923456 20.2026
342.197 365.01 -7.15636 -1.04851 20.4818
361.968 380.219 -7.04165 -1.00283 20.3874
311.779 506.451 -6.86534 -0.651243 19.9741
301.133 412.157 -7.06336 -0.872917 20.1622
310.258 424.324 -7.00259 -0.845187 20.1065
272.237 483.638 -7.02461 -0.683204 20.0526
941.422 495.805 -5.5175 -1.23993 22.7405
942.943 526.223 -5.4836 -1.08527 22.4576
714.811 244.861 -6.45749 -1.8848 21.6822
640.288 121.67 -6.80242 -2.26749 21.54
200.755 539.911 -7.07511 -0.528629 19.9064
142.962 441.054 -7.36769 -0.721607 20.0089
965.425 640.09 -5.33089 -0.65888 22.6483
666.54 415.265 -7.67019 -1.83826 26.3584
937.652 431.135 -5.5708 -1.47341 22.5446
798.79 420.555 -6.48662 -1.77504 25.0227
648.025 625.542 -7.74807 -0.23554 27.6164
927.073 616.285 -5.48204 -0.722428 22.59
695.635 129.605 -6.62812 -2.32284 21.6933
646.703 174.57 -6.74415 -2.07819 21.5861
679.765 71.415 -6.4688 -2.16078 20.8064
891.365 179.86 -5.95849 -2.60241 22.739
768.372 224.825 -6.30054 -2.02977 21.8461
658.605 215.568 -6.68523 -1.9495 21.642
669.185 240.695 -6.63227 -1.8726 21.6717
855.657 190.44 -6.13773 -2.61212 22.9627
513.13 480.068 -11.0465 -1.46858 32.6011
536.935 484.035 -10.7973 -1.49831 32.8461
589.835 412.62 -8.51369 -1.85322 27.1442
525.032 384.848 -10.5037 -2.50012 30.8224
634.8 681.088 -7.15831 -0.00684171 24.9453
121.67 510.485 -7.23064 -0.554332 19.8122
130.928 382.202 -7.36712 -0.846929 19.8952
128.283 580.578 -7.09743 -0.4207 19.7126
198.375 667.862 -6.91817 -0.275266 19.7813
313.432 580.578 -6.87994 -0.485712 20.1009
620.253 150.765 -6.8276 -2.12849 21.4675
502.55 122.993 -7.23078 -2.11152 21.294
536.935 109.768 -7.09504 -2.16954 21.2597
363.688 256.565 -9.17914 -2.16767 24.0496
514.453 343.85 -9.40062 -2.36683 27.3993
518.42 211.6 -7.09699 -1.79785 21.3091
63.48 296.24 -9.95164 -1.40066 22.5625
722.085 531.645 -6.81984 -1.00223 25.0589
753.825 532.967 -6.5966 -1.0212 24.834
718.117 562.062 -7.0066 -0.83198 26.1024
694.312 215.568 -6.55931 -1.98335 21.6862
522.388 490.647 -10.8545 -1.36889 32.508
731.342 494.615 -6.79511 -1.23099 24.9309
839.787 486.68 -6.01053 -1.26717 23.5632
735.31 204.988 -6.45884 -2.11653 21.9168
719.44 218.212 -6.47384 -1.99752 21.7271
785.565 534.29 -6.31154 -1.0197 24.1328
669.185 468.165 -7.61707 -1.47266 26.5571
716.795 470.81 -7.1448 -1.47423 26.0938
875.495 607.027 -5.73098 -0.725606 23.2225
286.982 370.3 -7.27248 -0.995524 20.4054
572.643 182.505 -6.92158 -1.92819 21.3277
600.415 185.15 -6.86576 -1.98142 21.4515
589.835 543.547 -8.84534 -0.820556 29.0928
342.527 366.332 -7.16504 -1.0494 20.5019
990.552 527.677 -5.30349 -1.08511 22.1282
158.7 424.522 -7.34206 -0.771144 20.0149
388.815 674.475 -6.56443 -0.338341 19.9354
960.135 419.232 -5.49145 -1.50676 22.3737
941.62 495.938 -5.52158 -1.24583 22.8151
178.538 363.688 -7.40896 -0.934722 20.1132
214.245 387.492 -7.29082 -0.891881 20.1239
723.407 243.34 -6.44383 -1.9137 21.738
318.723 423.2 -7.04293 -0.861775 20.2376
841.11 448.327 -6.05238 -1.46882 23.5865
540.902 604.383 -6.91902 -0.461983 21.9869
273.758 409.975 -7.17236 -0.869012 20.2284
220.857 440.392 -7.07657 -0.759715 19.8837
957.49 368.978 -5.53385 -1.71254 22.4032
977.5 527.85 -5.34796 -1.08622 22.2643
669.3 445.05 -7.7617 -1.70665 27.0833
937.25 432.4 -5.56962 -1.46992 22.5242
983.25 230 -5.53478 -2.56634 23.2084
648.6 144.9 -6.73649 -2.17574 21.5023
663.55 55.2 -6.52319 -2.19715 20.78
861.35 185.15 -6.109 -2.61936 22.9153
854.45 190.9 -6.16883 -2.67382 23.1535
547.4 485.3 -10.6834 -1.50537 32.8995
569.25 670.45 -6.84675 -0.220194 22.3107
520.95 619.85 -6.89951 -0.397629 21.7608
43.7 661.25 -9.96941 0.470522 23.1954
386.4 60.95 -7.58848 -2.19579 21.037
514.05 343.85 -9.40062 -2.36683 27.3993
60.95 332.35 -12.23 -1.50969 25.249
701.5 193.2 -6.54919 -2.07605 21.6839
880.9 547.4 -5.77641 -1.02652 23.625
709.55 466.9 -7.10067 -1.44976 25.6097
788.9 562.35 -6.30063 -0.883486 24.3823
803.85 538.2 -6.22448 -1.02424 24.3022
668.15 468.05 -7.61398 -1.46984 26.5592
232.3 450.8 -7.17819 -0.743068 20.1004
254.15 389.85 -7.28322 -0.920767 20.2909
960.25 419.75 -5.49164 -1.50532 22.3639
287.5 584.2 -6.85514 -0.472513 19.9424
707.25 249.55 -6.4975 -1.87675 21.7362
722.2 242.65 -6.45469 -1.92189 21.7707
940.7 495.65 -5.51616 -1.21752 22.5651
941.85 526.7 -5.49739 -1.09854 22.6334
799.25 577.3 -6.21962 -0.817187 24.3728
984.4 401.35 -5.41221 -1.58078 22.2683
219.65 506 -7.03108 -0.611928 19.8723
700.35 609.5 -6.91857 -0.506718 25.3361
309.35 609.5 -6.79655 -0.429214 19.9518
999.35 609.5 -5.2302 -0.799081 22.1841
727.95 184 -6.48809 -2.16143 21.8056
667 213.9 -6.65171 -1.96214 21.6311
473.8 322 -8.90606 -2.11006 25.2877
121.9 511.75 -7.21782 -0.554456 19.7937
849.85 647.45 -5.93938 -0.471215 25.4704
925 643 -5.47497 -0.616112 22.6595
710 44 -6.40141 -2.27191 20.8344
46 662 -9.98404 0.47639 23.221
363 257 -9.15112 -2.16147 23.9905
519 212 -7.07503 -1.7889 21.2929
60 332 -12.0583 -1.4888 25.0395
842 600 -5.92861 -0.730867 23.7308
841 449 -6.04246 -1.45905 23.5037
608 415 -8.48899 -1.92251 27.6012
270 338 -7.22525 -1.05319 20.1934
158 450 -7.31693 -0.704894 19.9942
659 216 -6.67244 -1.94278 21.6061
923 416 -5.62615 -1.48991 22.3315
525 117 -7.14522 -2.14049 21.2936
