1092 509 5.32098 -0.349966 -7.7499
1054 524 5.40696 -0.333384 -7.75916
1073 126 5.03757 -0.995481 -7.21664
1083 418 5.29184 -0.532182 -7.79283
1259 333 4.89482 -0.600516 -7.41192
1254 519 4.97088 -0.316811 -7.29705
1138 250 5.19729 -0.888451 -8.45101
1067 252 5.24956 -0.888332 -7.91168
1025 174 5.16679 -0.980491 -7.3776
1008.55 338.1 5.46271 -0.746808 -8.02613
1094.8 350.75 5.36476 -0.67395 -8.40879
1077.55 350.75 5.2711 -0.669435 -7.81173
1106.3 126.5 4.96435 -0.947231 -7.06302
1031.55 129.95 5.01451 -0.936132 -6.82258
1132.75 355.35 5.29934 -0.639359 -8.51798
1244.3 345 4.92309 -0.584343 -7.41987
1200.6 547.4 5.08841 -0.27507 -7.4362
1244.3 543.95 4.9841 -0.293023 -7.23216
1170.7 279.45 5.19113 -0.812159 -8.7315
1110.9 377.2 5.33865 -0.596973 -8.39309
1215.55 405.95 4.97468 -0.50537 -7.29659
1196 474.95 5.05888 -0.39484 -7.43236
1224.75 530.15 5.02512 -0.305756 -7.32809
1252.35 507.15 4.96698 -0.338727 -7.28618
1255.8 419.75 4.91735 -0.470308 -7.23144
1212.1 512.9 5.04829 -0.327673 -7.41212
1255.8 270.25 4.87168 -0.697868 -7.41314
1189.1 193.2 4.97854 -0.910633 -7.85974
1001.65 257.6 5.39765 -0.927745 -7.94455
1082.15 241.5 5.30814 -0.947082 -8.38598
1024.65 174.8 5.17826 -0.987327 -7.419
1089.05 534.75 5.35206 -0.294486 -7.79198
1033.85 377.2 5.35985 -0.6411 -7.76899
1092.5 508.3 5.32291 -0.350212 -7.75784
1029.25 522.1 5.49937 -0.337225 -7.8993
1022.35 56.35 4.95393 -0.9672 -6.59073
1200.83 544.87 5.05644 -0.294713 -7.29905
1211.41 476.1 5.04246 -0.383411 -7.46921
1243.15 460.23 4.96882 -0.408464 -7.34416
1247.12 302.853 4.89922 -0.652748 -7.4198
1228.6 301.53 4.91897 -0.66216 -7.37669
1212.73 384.848 4.99244 -0.53572 -7.44968
1244.47 386.17 4.92304 -0.525118 -7.27724
1241.83 264.5 4.88658 -0.717707 -7.42299
1190.25 193.085 4.96791 -0.901301 -7.78205
1001.13 257.888 5.42518 -0.939173 -8.03104
1083.13 242.018 5.30814 -0.947082 -8.38598
1075.19 333.27 5.25368 -0.708608 -7.78804
1054.03 93.8975 4.97312 -0.967975 -6.82859
1023.61 174.57 5.17826 -0.987327 -7.419
1031.55 129.605 5.07053 -0.988436 -7.0812
1116.19 526.355 5.27456 -0.307713 -7.71395
1143.96 450.973 5.15184 -0.448392 -7.55695
1092.39 507.84 5.33041 -0.347884 -7.7834
1030.23 522.388 5.48615 -0.340819 -7.86079
1056.68 472.133 5.31912 -0.446559 -7.57055
1228.87 550.557 5.03133 -0.271968 -7.34183
1247.12 542.952 4.9889 -0.289505 -7.25961
1225.83 529.264 5.00241 -0.317621 -7.23159
1078.3 369.573 5.30269 -0.634327 -7.91091
1148.26 421.282 5.13253 -0.496046 -7.5778
1198.45 494.284 5.06385 -0.363416 -7.42505
1111.76 377.177 5.36067 -0.599173 -8.49319
1233.43 439.533 4.98596 -0.440346 -7.42482
1221.26 476.034 5.00063 -0.394255 -7.31059
1244.08 460.825 4.98279 -0.400678 -7.43987
1212.14 474.513 5.03421 -0.388054 -7.42942
1198.45 474.513 5.04463 -0.400149 -7.37185
1213.66 384.781 4.98825 -0.535652 -7.42515
1216.7 404.553 4.98096 -0.504775 -7.34933
1248.64 302.654 4.90116 -0.653805 -7.45368
1242.55 264.632 4.88271 -0.715888 -7.39329
1190.85 193.151 4.97102 -0.903572 -7.80151
1133.05 354.364 5.31677 -0.641727 -8.60922
1245.6 345.239 4.90682 -0.584685 -7.32399
1084.38 241.819 5.29497 -0.941623 -8.33163
1075.26 333.072 5.24798 -0.707582 -7.76871
1111.76 71.4811 4.89898 -0.965385 -6.82362
1105.68 126.233 4.96526 -0.947851 -7.06751
1032.67 129.274 5.07588 -0.994646 -7.10965
1201.49 545.994 5.05418 -0.295602 -7.28947
1087.43 587.058 5.15869 -0.313981 -6.95177
1143.7 374.135 5.34312 -0.588521 -8.80578
1177.16 503.41 5.11691 -0.344897 -7.51664
1034.19 377.177 5.36279 -0.640808 -7.78095
1029.63 521.66 5.50392 -0.335579 -7.91728
1139.14 249.423 5.19364 -0.888638 -8.43146
1234.8 439.001 4.95553 -0.449485 -7.25799
1147.35 423.259 5.13253 -0.496046 -7.5778
1241.79 265.849 4.88046 -0.71154 -7.35629
1198.07 229.12 5.0463 -0.88982 -8.43127
1243.54 344.554 4.94153 -0.588234 -7.55974
1000.43 258.853 5.41699 -0.933809 -7.99173
1084.38 241.363 5.28225 -0.937615 -8.28744
1175.33 82.2033 4.84235 -0.945505 -6.93396
1110.62 71.7093 4.89898 -0.965385 -6.82362
1196.32 69.9602 4.82115 -0.954369 -6.96269
1191.07 192.391 4.98188 -0.915524 -7.90084
1023.17 174.901 5.14787 -0.968036 -7.29943
1033.66 129.426 5.07588 -0.994646 -7.10965
1056.4 536.945 5.41046 -0.31048 -7.75531
1094.88 439.001 5.39212 -0.46671 -8.25063
1033.66 377.785 5.39431 -0.643927 -7.87726
1059.9 472.232 5.29731 -0.449156 -7.50412
1234.97 438.476 4.94681 -0.452004 -7.20442
1216.87 422.385 4.99534 -0.474959 -7.40512
1214.86 404.283 4.94684 -0.512893 -7.14384
1072.05 370.09 5.24529 -0.62801 -7.64869
1084.12 241.363 5.24633 -0.91933 -8.13452
1106.25 126.715 4.95895 -0.946358 -7.05022
1190.72 193.09 4.98112 -0.918718 -7.91877
1021.77 174.988 5.16726 -0.978157 -7.36222
1033.84 128.727 5.07588 -0.994646 -7.10965
1200.78 545.078 5.06743 -0.28642 -7.35156
1053.95 524.964 5.41125 -0.332744 -7.77823
1110.27 376.124 5.34957 -0.600012 -8.45286
1031.83 378.135 5.35121 -0.641296 -7.72442
1029.81 522.953 5.54249 -0.32294 -8.03033
1110.27 70.3975 4.8983 -0.964416 -6.81835
1195.85 446.421 5.04591 -0.440423 -7.4431
1228.24 303.011 4.8951 -0.656043 -7.20556
1119.52 529.691 5.23574 -0.323048 -7.563
1191.23 191.984 4.97407 -0.914269 -7.87324
1172.72 80.9571 4.85753 -0.963081 -7.02589
1193.54 69.3918 4.8254 -0.955602 -6.96985
1151.9 279.88 5.21991 -0.814277 -8.63326
1020.06 494.995 5.53709 -0.384127 -8.01093
1057.07 471.864 5.28349 -0.452887 -7.45582
1017.75 476.49 5.52001 -0.433901 -7.99038
1031.62 377.029 5.35208 -0.640481 -7.72702
1054.76 525.065 5.38461 -0.336407 -7.69933
1029.31 522.752 5.46952 -0.341393 -7.81275
1142.65 370.09 5.28092 -0.595206 -8.48103
1052.44 90.2094 4.98979 -0.986283 -6.89998
1105.64 124.905 4.95895 -0.946358 -7.05022
1110.27 71.7049 4.9023 -0.967606 -6.83622
1075.57 333.081 5.28079 -0.710495 -7.88194
1084.83 240.558 5.32378 -0.958402 -8.47543
1223.61 377.723 4.97975 -0.542749 -7.48417
1202.33 545.304 5.0719 -0.286459 -7.37328
1226.27 529.344 4.98478 -0.331005 -7.13823
1018.79 175.561 5.16895 -0.977935 -7.34957
1085.29 242.062 5.26271 -0.927005 -8.19275
1191.69 69.1605 4.81954 -0.950155 -6.94882
1098.59 351.123 5.38096 -0.679939 -8.53401
1151.79 281.962 5.19915 -0.803522 -8.52182
1223.61 276.642 4.89708 -0.698872 -7.28345
1058.69 470.823 5.30035 -0.451787 -7.51339
1013.47 478.804 5.56608 -0.428789 -8.12178
1082.63 412.303 5.29514 -0.538797 -7.82021
1141.15 372.403 5.31997 -0.597709 -8.66165
1223.61 359.103 4.98638 -0.565501 -7.60081
1197.01 518.704 5.08821 -0.31927 -7.49092
1053.37 90.4407 4.99757 -0.994035 -6.93193
1191.69 191.521 4.94906 -0.892002 -7.691
1103.91 125.021 4.96834 -0.952058 -7.07598
1109.23 71.8205 4.90705 -0.970626 -6.85104
1052.3 88.7116 4.98109 -0.980103 -6.8612
1033.95 125.42 5.08252 -1.00232 -7.14647
1104.31 125.42 4.97063 -0.95451 -7.09547
1110.43 70.3575 4.90705 -0.970626 -6.85104
1214.43 278.371 4.94495 -0.715704 -7.62158
1128.78 538.388 5.26672 -0.276429 -7.73735
1202.2 544.506 5.07169 -0.283114 -7.39166
1030.89 523.093 5.50024 -0.33318 -7.90605
1092.07 504.739 5.35007 -0.341102 -7.86999
1193.02 483.326 5.05986 -0.385056 -7.39561
1018.65 174.364 5.19815 -0.991937 -7.42843
1189.96 70.3575 4.81897 -0.949392 -6.93889
1076.47 334.198 5.28808 -0.70672 -7.93244
1090.54 239.216 5.34093 -0.970095 -8.5704
1125.72 358.823 5.30505 -0.624285 -8.42481
1206.63 545.271 5.08121 -0.277579 -7.44897
1206.63 302.537 4.96623 -0.66938 -7.45216
1058.88 471.395 5.28001 -0.456262 -7.44939
1034.26 524.163 5.48304 -0.329302 -7.85768
1104.61 126.644 4.9656 -0.956577 -7.08379
1111.65 70.3575 4.89378 -0.957097 -6.78682
1129.24 538.235 5.27771 -0.274141 -7.78005
1087.02 524.163 5.3905 -0.307275 -7.91295
1016.67 175.894 5.19815 -0.991937 -7.42843
1055.89 469.285 5.31528 -0.449063 -7.56917
1059.94 529.968 5.30589 -0.345857 -7.45598
1128.71 529.968 5.29731 -0.269751 -7.8762
1092.3 412.647 5.40311 -0.529188 -8.36952
1011.39 178.005 5.14332 -0.959936 -7.22264
1035.66 125.412 5.05655 -0.984335 -7.05073
1076.12 335.781 5.28808 -0.70672 -7.93244
1193.44 190.141 4.9886 -0.928359 -8.00429
1186.36 227.967 5.04757 -0.876959 -8.1848
1116.57 372.191 5.35507 -0.613295 -8.50926
1084.01 372.191 5.27694 -0.609912 -7.76591
1093.31 497.806 5.39816 -0.329165 -8.04139
1102.62 125.615 4.99834 -0.99241 -7.26848
1091.45 497.573 5.31781 -0.363223 -7.77664
1037.95 123.056 5.04265 -0.975115 -7.00832
1015.21 492.223 5.53254 -0.40896 -7.96457
1132.11 369.167 5.10868 -0.602518 -7.46737
1132.11 529.14 5.15143 -0.333374 -7.33372
1076.74 529.14 5.36991 -0.314289 -7.77317
1039.82 123.056 5.04693 -0.980681 -7.02924
1076.74 338.403 5.37087 -0.712095 -8.30956
1101.35 233.806 5.3923 -1.00951 -8.95602
1107.5 123.056 4.96161 -0.957943 -7.07187
301.487 283.028 5.67979 -0.952996 -6.13124
141.514 159.972 6.00134 -1.22411 -6.20055
166.125 221.5 6.3553 -1.28048 -6.51315
609.126 295.334 5.63518 -0.905299 -6.68672
510.681 356.862 7.16423 -1.1966 -8.36861
430.695 332.25 6.88464 -1.23476 -7.73528
473.764 116.903 5.54169 -1.12261 -6.33959
498.376 221.5 6.10454 -1.22262 -7.09182
239.959 535.292 5.57367 -0.659321 -5.87359
147.667 584.515 5.6421 -0.638106 -5.82614
289.181 363.014 5.55827 -0.819054 -5.95723
264.57 486.07 5.51087 -0.69132 -5.86591
184.584 369.167 5.62523 -0.833742 -5.89934
522.987 559.904 5.99393 -0.554314 -6.75644
467.612 559.904 6.50771 -0.578528 -7.22362
787.557 178.431 5.53526 -1.09427 -7.22284
787.557 510.681 5.84547 -0.498421 -7.44023
812.168 566.056 5.6958 -0.407498 -7.19689
959.835 486.07 5.23576 -0.499855 -6.78705
338.403 313.792 6.49899 -1.16926 -7.01441
990.599 424.542 5.3457 -0.550989 -7.37156
959.835 406.084 5.5993 -0.624955 -7.87156
664.501 381.473 5.92102 -0.823739 -7.23558
646.042 535.292 5.54387 -0.552186 -6.46118
689.112 547.598 5.57436 -0.520087 -6.61556
861.39 283.028 5.33259 -0.833339 -6.8666
646.042 572.209 5.61704 -0.506556 -6.55279
664.501 596.82 5.626 -0.460252 -6.59696
615.279 369.167 5.76944 -0.823704 -6.84467
615.279 455.306 5.85018 -0.694605 -6.88897
529.14 363.014 6.86712 -1.10045 -8.06007
627.584 356.862 5.86397 -0.851833 -7.00195
399.931 578.362 5.46229 -0.574735 -5.94774
178.431 522.987 5.56179 -0.674331 -5.80761
203.042 516.834 5.61499 -0.685322 -5.87944
203.042 541.445 5.56195 -0.657435 -5.83397
959.835 178.431 5.25691 -1.00254 -7.29194
806.015 467.612 5.61049 -0.586572 -7.10252
566.056 516.834 5.60374 -0.58951 -6.38721
356.862 406.084 5.75102 -0.812209 -6.21988
301.487 449.153 5.62345 -0.736686 -6.01928
129.208 522.987 5.62395 -0.691485 -5.80168
153.82 492.223 5.60087 -0.714782 -5.81844
147.667 449.153 5.96947 -0.822747 -6.09487
299.614 283.563 5.6865 -0.944821 -6.13035
160.507 149.807 5.64819 -1.06951 -5.94788
144.457 160.507 6.02712 -1.23221 -6.23239
165.858 219.36 5.82653 -1.07122 -6.07355
508.274 358.467 7.02521 -1.16451 -8.19397
497.573 224.71 6.09623 -1.21597 -7.07532
551.076 101.655 5.43911 -1.09023 -6.3578
337.066 535.025 5.57482 -0.642551 -5.99429
288.913 363.817 5.68466 -0.843242 -6.08256
283.563 465.472 5.62016 -0.722672 -5.99028
181.908 369.167 5.61773 -0.82886 -5.89069
631.329 604.578 5.6812 -0.467082 -6.58065
390.568 561.776 5.73749 -0.599291 -6.209
486.873 604.578 6.07897 -0.508813 -6.74985
465.472 470.822 7.0551 -0.873599 -7.89414
818.588 149.807 5.37987 -1.06726 -6.99068
759.735 149.807 5.43364 -1.08322 -6.89582
995.146 262.162 5.39157 -0.917098 -7.85324
786.487 513.624 5.73292 -0.494837 -7.23407
834.639 401.269 5.52127 -0.680878 -7.09713
802.537 460.121 5.75588 -0.588585 -7.36824
973.745 583.177 5.27785 -0.36458 -6.8517
856.04 353.116 5.30017 -0.720589 -6.72369
898.842 347.766 5.33407 -0.72877 -6.96209
642.03 518.974 5.65339 -0.58511 -6.63013
695.532 508.274 5.51501 -0.57691 -6.56621
642.03 540.375 5.53953 -0.554923 -6.45756
695.532 545.725 6.13713 -0.471811 -7.51989
995.146 390.568 5.70854 -0.648341 -8.66793
872.091 492.223 5.426 -0.529643 -6.91171
636.68 422.67 5.546 -0.702678 -6.52818
561.776 529.675 5.71539 -0.589103 -6.53037
556.426 176.558 5.6728 -1.1265 -6.68952
551.076 219.36 5.98443 -1.1802 -7.09501
930.943 497.573 5.32487 -0.507644 -6.89794
957.695 486.873 5.23169 -0.496972 -6.76704
866.74 256.812 5.41836 -0.912401 -7.19576
497.573 545.725 6.13792 -0.604627 -6.88166
342.416 481.522 5.60105 -0.698431 -6.03998
995.146 567.126 5.28015 -0.369017 -6.96118
957.695 283.563 5.63059 -0.940772 -8.30689
668.781 385.218 5.98473 -0.831113 -7.33063
529.675 577.827 6.15602 -0.5204 -6.95962
524.324 615.279 6.03256 -0.474715 -6.78803
556.426 615.279 5.84175 -0.455182 -6.61694
353.116 406.619 5.50508 -0.754046 -5.98583
288.913 561.776 5.51816 -0.624682 -5.88293
208.66 524.324 5.6208 -0.684177 -5.88541
187.259 545.725 5.53925 -0.658199 -5.79292
197.959 551.076 5.59021 -0.658942 -5.85331
192.609 583.177 5.59248 -0.633734 -5.84139
149.807 449.421 5.90092 -0.807407 -6.04417
128.406 524.324 5.58439 -0.68944 -5.77778
535.025 272.863 6.37217 -1.21794 -7.53818
567.126 272.863 6.40838 -1.22918 -7.72802
93.0478 116.31 5.94223 -1.2415 -6.1033
93.0478 181.443 6.19348 -1.27455 -6.25662
553.634 102.353 5.47187 -1.10616 -6.41136
469.891 107.005 5.59145 -1.1469 -6.39883
846.735 283.796 5.34189 -0.835394 -6.88868
725.773 274.491 6.18208 -1.14933 -8.11768
711.816 316.363 6.53725 -1.15181 -8.63173
837.43 134.919 5.28221 -1.03943 -6.85324
818.821 148.876 5.35582 -1.05926 -6.95548
907.216 148.876 5.25654 -1.02699 -7.04613
739.73 181.443 5.57763 -1.10148 -7.092
995.612 260.534 5.4367 -0.937591 -8.03314
790.906 516.415 5.75963 -0.494537 -7.29362
837.43 400.106 5.51815 -0.680678 -7.08603
977.002 581.549 5.31652 -0.359554 -6.96667
869.997 367.539 5.46098 -0.719474 -7.17645
897.911 339.625 5.32405 -0.725765 -6.9361
902.564 460.587 5.35684 -0.555551 -6.95052
888.607 497.806 5.38681 -0.509551 -6.87552
665.292 386.148 5.64432 -0.768392 -6.78325
977.002 404.758 5.86583 -0.628308 -8.94335
642.03 516.415 5.6172 -0.584376 -6.57905
642.03 572.244 5.64942 -0.507559 -6.59556
660.639 446.629 5.52542 -0.661231 -6.52908
642.03 483.849 5.62061 -0.632756 -6.6048
609.463 376.844 5.65351 -0.792611 -6.65695
623.42 423.368 5.62527 -0.71147 -6.60511
930.478 488.501 5.33906 -0.50558 -6.93747
958.392 488.501 5.28334 -0.499937 -6.90903
511.763 535.025 5.94532 -0.607905 -6.68842
562.939 516.415 5.7332 -0.611033 -6.55955
521.068 562.939 6.08143 -0.5593 -6.85081
297.753 446.629 5.61738 -0.739677 -6.01042
344.277 465.239 5.55528 -0.70704 -6.00794
339.625 479.196 5.55584 -0.695313 -5.99228
116.31 502.458 5.82907 -0.740142 -5.94255
148.876 581.549 5.64071 -0.64092 -5.82961
186.096 618.768 5.60914 -0.602236 -5.83235
958.392 283.796 5.70633 -0.965626 -8.54499
465.239 553.634 6.43344 -0.593816 -7.13879
288.448 600.158 5.53751 -0.59073 -5.8884
288.448 367.539 5.61168 -0.823202 -6.01283
353.582 404.758 5.72499 -0.800121 -6.2079
181.443 530.372 5.62306 -0.678707 -5.85998
209.358 525.72 5.79606 -0.697519 -6.0156
200.053 548.982 5.58654 -0.655627 -5.84489
116.31 516.415 5.6958 -0.709961 -5.84191
111.657 562.939 5.69219 -0.668631 -5.82797
548.982 186.096 5.63827 -1.08616 -6.59351
293.101 558.287 5.51816 -0.624682 -5.88293
344.277 553.634 5.55695 -0.622989 -5.96979
237.272 623.42 5.55174 -0.58313 -5.83889
251.229 562.939 5.5816 -0.633485 -5.88989
218.662 497.806 5.60353 -0.700552 -5.89102
148.876 162.834 6.11638 -1.27093 -6.30921
167.486 204.705 5.90021 -1.12377 -6.15986
925.826 204.705 5.41818 -1.03205 -7.56531
595.506 516.415 5.66932 -0.600731 -6.55044
497.806 223.315 6.06656 -1.19937 -7.03186
535.025 274.491 6.36877 -1.21499 -7.52506
432.672 376.844 6.33807 -0.965954 -7.04196
469.891 362.886 7.23209 -1.20065 -8.25642
362.886 367.539 6.27649 -0.975097 -6.78231
162.834 218.662 6.38025 -1.29272 -6.52082
331.736 93.0478 5.60522 -1.14288 -6.16949
258.916 194.187 5.55365 -0.988261 -5.9806
76.8656 169.913 6.14229 -1.26236 -6.20037
513.786 356.009 7.00827 -1.16614 -8.18006
554.241 101.139 5.4923 -1.12042 -6.45173
489.512 602.788 6.11642 -0.505882 -6.7953
845.521 283.189 5.37403 -0.843288 -6.94013
716.064 315.553 6.25304 -1.05527 -8.15957
736.291 182.05 5.57763 -1.10148 -7.092
926.433 202.278 5.45859 -1.05291 -7.69212
906.205 538.059 5.35721 -0.450273 -6.84901
675.608 449.057 5.5705 -0.655515 -6.64071
671.562 501.649 5.45548 -0.585217 -6.40413
687.745 396.465 6.41589 -0.858048 -8.12209
623.016 424.783 5.62527 -0.71147 -6.60511
117.321 501.649 5.79135 -0.734735 -5.91487
930.478 505.695 5.31666 -0.484674 -6.86762
424.783 578.515 6.05626 -0.576547 -6.57102
796.975 461.194 5.73149 -0.602902 -7.32205
364.1 368.146 6.19991 -0.969545 -6.7058
356.009 412.647 5.86633 -0.822575 -6.35536
610.879 291.28 5.64927 -0.915556 -6.70545
287.235 469.285 5.62016 -0.722672 -5.99028
250.825 562.332 5.58483 -0.629974 -5.894
910.25 246.779 5.4561 -0.953357 -7.51588
562.332 513.786 5.73389 -0.611456 -6.55816
149.686 578.515 5.64071 -0.64092 -5.82961
198.232 550.196 5.56914 -0.654823 -5.82861
76.8656 517.831 5.82071 -0.729317 -5.88282
117.321 517.831 5.66571 -0.704503 -5.8187
643.244 606.834 5.65026 -0.460234 -6.57593
707.972 623.016 5.6018 -0.413275 -6.64843
497.604 226.551 6.06656 -1.19937 -7.03186
554.241 222.506 6.04157 -1.19298 -7.19002
218.46 497.604 5.61131 -0.701595 -5.89418
267.007 481.421 5.54009 -0.697185 -5.89555
618.97 485.467 5.68403 -0.630399 -6.64301
291.28 602.788 5.53103 -0.589779 -5.88451
214.415 635.152 5.57836 -0.581733 -5.83468
853.613 351.963 5.3506 -0.72759 -6.82656
554.241 627.061 5.81708 -0.457103 -6.58147
473.33 360.055 7.33247 -1.22269 -8.37174
190.141 586.606 5.56868 -0.626654 -5.81406
206.323 627.061 5.55189 -0.584801 -5.80892
598.742 513.786 5.68081 -0.602004 -6.56923
554.241 173.959 5.63121 -1.09206 -6.6185
550.196 186.096 5.72982 -1.12431 -6.72029
465.239 105.184 5.61219 -1.15471 -6.42471
165.868 218.46 6.35897 -1.28668 -6.49626
295.502 204.037 5.62775 -1.01003 -6.09287
94.9826 119.608 5.92526 -1.23276 -6.08849
974.452 204.037 5.3489 -1.02129 -7.67911
981.487 591.003 5.29231 -0.346981 -6.8944
942.791 376.413 5.87064 -0.746311 -8.701
675.432 450.288 5.53171 -0.657996 -6.57632
675.432 503.056 5.59564 -0.59093 -6.63533
696.539 478.431 5.55013 -0.608348 -6.63547
640.253 513.61 5.64588 -0.586736 -6.61761
643.771 569.896 5.6567 -0.510427 -6.60588
707.093 569.896 5.6256 -0.482226 -6.71082
640.253 429.181 5.61905 -0.703742 -6.63086
513.61 534.717 5.95196 -0.609134 -6.6991
165.34 520.646 5.59137 -0.687453 -5.81809
186.447 520.646 5.58771 -0.681577 -5.839
197.001 552.306 5.56885 -0.653026 -5.82716
73.8754 481.949 5.86357 -0.775061 -5.91666
70.3575 545.271 5.90006 -0.714082 -5.91864
116.09 520.646 5.66005 -0.70302 -5.81261
87.9469 587.485 5.81329 -0.658308 -5.8724
112.572 562.86 5.67187 -0.665288 -5.81422
890.023 460.842 5.38729 -0.562387 -6.92593
890.023 499.538 5.39334 -0.508139 -6.89586
207.555 527.681 5.63979 -0.682049 -5.89724
904.094 323.645 5.28197 -0.746493 -6.86975
337.716 534.717 5.50457 -0.638029 -5.92792
337.716 555.824 5.56375 -0.623843 -5.97762
615.628 457.324 5.78953 -0.685643 -6.80548
524.163 372.895 6.95716 -1.10431 -8.15896
467.877 471.395 7.18283 -0.860871 -8.04053
147.751 591.003 5.6108 -0.629572 -5.80183
598.039 513.61 5.71066 -0.602772 -6.61332
260.323 612.11 5.54181 -0.588645 -5.8569
214.59 636.735 5.54686 -0.578727 -5.80549
66.8396 612.11 5.9106 -0.647498 -5.90568
851.326 313.091 5.35538 -0.789978 -6.87847
499.538 225.144 6.07271 -1.19859 -7.03792
555.824 225.144 5.99553 -1.17547 -7.12227
439.734 390.484 6.7456 -1.03001 -7.50494
471.395 365.859 7.21429 -1.20837 -8.22968
858.362 260.323 5.87181 -1.0923 -8.31163
823.183 147.751 5.37205 -1.06914 -7.00021
795.04 182.93 5.50799 -1.07789 -7.17391
295.502 605.075 5.52366 -0.586769 -5.88077
999.077 569.896 5.25183 -0.372143 -6.88142
995.559 260.323 5.42907 -0.939396 -8.01403
865.397 576.932 5.46836 -0.401784 -6.89816
837.254 401.038 5.44722 -0.672544 -6.95151
759.861 147.751 5.43341 -1.08385 -6.89192
738.754 182.93 5.59088 -1.10371 -7.10738
348.27 464.36 5.50869 -0.698644 -5.96089
154.787 165.34 6.08187 -1.25519 -6.28532
161.822 175.894 6.34528 -1.36674 -6.50755
925.201 204.037 5.46546 -1.05196 -7.68982
728.2 274.394 6.16654 -1.14262 -8.09723
573.414 270.876 6.31902 -1.20227 -7.61893
555.824 102.018 5.50942 -1.12529 -6.47479
425.663 119.608 5.65041 -1.15753 -6.38277
70.3575 327.162 7.20595 -1.35922 -6.81993
123.126 330.68 8.22782 -1.63904 -7.70689
995.559 401.038 5.64825 -0.619914 -8.45449
995.559 432.699 5.35098 -0.556954 -7.39642
928.719 415.109 6.02517 -0.647443 -8.9147
73.4165 327.315 7.80728 -1.53623 -7.21798
553.683 100.948 5.4923 -1.12042 -6.45173
489.444 602.627 6.07812 -0.50408 -6.75022
694.398 480.267 5.54634 -0.609105 -6.62854
614.864 388.496 5.58055 -0.761995 -6.54896
642.395 568.978 5.63777 -0.511337 -6.57952
706.634 568.978 5.63462 -0.475817 -6.71975
345.67 657.69 5.56249 -0.522673 -5.95052
296.725 446.617 5.61284 -0.740655 -6.00376
336.492 532.27 5.5635 -0.640136 -5.9821
159.069 446.617 5.9159 -0.809401 -6.06665
177.423 504.739 5.57482 -0.696288 -5.82515
70.3575 544.506 5.88034 -0.711812 -5.90467
119.302 520.034 5.67593 -0.702777 -5.84078
88.7116 587.332 5.88963 -0.664578 -5.92627
890.176 498.621 5.39547 -0.50853 -6.91345
926.884 486.385 5.31196 -0.51052 -6.86556
887.117 354.847 5.29582 -0.706488 -6.81805
562.86 535.329 5.81619 -0.586426 -6.65756
516.975 562.86 6.03275 -0.55618 -6.78659
532.27 584.273 6.115 -0.515045 -6.9146
152.951 575.096 5.6129 -0.64291 -5.81006
192.718 587.332 5.55353 -0.624474 -5.80052
425.204 572.037 6.35091 -0.583314 -6.89369
208.014 627.1 5.56265 -0.585525 -5.81455
238.604 624.041 5.5502 -0.583056 -5.8387
208.014 526.152 5.58036 -0.672679 -5.85225
214.132 568.978 5.59358 -0.635376 -5.86144
253.899 568.978 5.58453 -0.626513 -5.8961
645.454 605.686 5.64349 -0.45838 -6.56634
709.693 624.041 5.58746 -0.411631 -6.63253
645.454 636.277 5.64623 -0.420895 -6.5597
636.277 458.853 5.66386 -0.66356 -6.67493
599.568 510.857 5.71066 -0.602772 -6.61332
599.568 529.211 5.75291 -0.576204 -6.66031
568.978 565.919 5.71985 -0.537755 -6.52612
562.86 513.916 5.71545 -0.610486 -6.53332
498.621 226.368 6.08591 -1.19904 -7.0556
290.607 627.1 5.48759 -0.56893 -5.83547
342.611 627.1 5.65568 -0.552076 -6.0479
159.069 620.982 5.62433 -0.603332 -5.81825
177.423 657.69 5.59248 -0.566988 -5.79972
920.766 204.954 5.44428 -1.04059 -7.62737
795.346 183.541 5.425 -1.03578 -6.99839
523.093 370.142 6.95716 -1.10431 -8.15896
850.408 312.02 5.28521 -0.769823 -6.71646
847.349 330.374 5.38656 -0.772224 -6.91918
474.148 159.069 5.70691 -1.13607 -6.54158
758.638 146.833 5.43341 -1.08385 -6.89192
737.224 183.541 5.5777 -1.09517 -7.08026
434.381 391.555 6.62584 -1.01359 -7.36933
425.204 119.302 5.65668 -1.16009 -6.39224
464.971 104.007 5.55344 -1.13019 -6.34578
125.42 330.374 7.97755 -1.56677 -7.53435
972.769 204.954 5.3592 -1.02304 -7.702
997.241 256.958 5.4367 -0.937591 -8.03314
792.287 516.975 5.81244 -0.491356 -7.38953
804.523 556.742 5.68214 -0.426386 -7.16183
957.474 177.423 5.25452 -1.00131 -7.29537
728.047 275.312 6.16539 -1.14521 -8.12101
786.169 272.253 5.9738 -1.08579 -8.05519
79.5346 171.305 6.17941 -1.27585 -6.23026
91.7707 180.482 6.18532 -1.27164 -6.24577
975.828 406.85 5.77875 -0.619475 -8.68389
608.745 293.666 5.578 -0.893999 -6.5938
336.492 458.853 5.55928 -0.712431 -6.00304
293.666 578.155 5.51981 -0.609553 -5.88193
186.6 516.975 5.56915 -0.680706 -5.82421
195.777 550.624 5.57759 -0.652975 -5.8337
960.533 305.902 5.59738 -0.873027 -8.19926
688.28 419.086 5.51032 -0.69451 -6.59258
685.221 455.794 5.57788 -0.648258 -6.66975
639.336 489.444 5.63196 -0.61965 -6.61245
639.336 513.916 5.60818 -0.585114 -6.5636
645.454 287.548 5.57115 -0.898352 -6.68318
666.867 532.27 5.59348 -0.542419 -6.59227
639.336 541.447 5.65995 -0.548204 -6.62282
357.906 608.745 5.58365 -0.564789 -6.00423
260.682 194.181 5.56623 -0.991327 -5.99435
95.7607 119.701 5.90183 -1.22214 -6.07073
430.923 252.702 6.3154 -1.2333 -7.10159
635.745 603.824 5.63819 -0.467552 -6.53888
159.601 446.883 5.9159 -0.809401 -6.06665
907.067 377.723 6.07191 -0.776672 -8.93713
641.065 569.244 5.63353 -0.51251 -6.57253
707.565 569.244 5.59155 -0.485833 -6.66536
662.345 428.263 5.53559 -0.687679 -6.56749
686.285 287.282 6.36372 -1.18379 -8.23111
699.585 321.862 6.48068 -1.10624 -8.47093
617.125 388.363 5.65528 -0.768048 -6.65789
635.745 428.263 5.56422 -0.695931 -6.54713
638.405 516.044 5.60818 -0.585114 -6.5636
95.7607 465.503 5.71628 -0.763656 -5.84802
53.2004 484.124 5.91913 -0.783011 -5.92711
938.987 375.063 5.88844 -0.74925 -8.78027
247.382 526.684 5.5612 -0.663861 -5.87919
191.521 590.524 5.57204 -0.623511 -5.81457
513.384 532.004 6.03186 -0.615427 -6.80039
516.044 566.584 6.06057 -0.555325 -6.81919
348.463 563.924 5.57912 -0.614401 -6.00125
87.7806 601.164 5.78006 -0.643431 -5.85377
383.043 638.405 5.84375 -0.522725 -6.27308
476.144 553.284 6.16182 -0.594605 -6.84771
792.686 518.704 5.81244 -0.491356 -7.38953
923.027 204.822 5.42512 -1.03093 -7.57007
555.944 226.102 6.00679 -1.17862 -7.14498
215.462 638.405 5.55983 -0.577299 -5.81724
188.861 611.805 5.55667 -0.603115 -5.7953
563.924 537.324 5.74821 -0.582935 -6.56735
569.244 569.244 5.78963 -0.535721 -6.61714
524.024 372.403 6.94107 -1.09925 -8.13323
79.8006 420.283 8.4369 -1.39342 -7.6055
997.507 258.022 5.4367 -0.937591 -8.03314
795.346 183.541 5.53735 -1.0903 -7.24356
215.462 500.084 5.60984 -0.700568 -5.89105
180.881 372.403 5.67396 -0.840547 -5.93703
768.746 532.004 5.69772 -0.488018 -7.08915
489.444 606.484 6.07812 -0.50408 -6.75022
545.304 603.824 5.86057 -0.494634 -6.62673
167.581 53.2004 5.59225 -1.14461 -5.93957
159.601 95.7607 5.60515 -1.10849 -5.93393
720.865 284.622 6.4696 -1.22537 -8.62713
720.865 321.862 6.2582 -1.05636 -8.17766
758.106 146.301 5.43481 -1.08422 -6.89292
159.601 167.581 6.30037 -1.3517 -6.47031
66.5005 327.182 7.71286 -1.51104 -7.14928
803.326 563.924 5.80364 -0.408043 -7.37182
731.505 273.982 6.18746 -1.15377 -8.1709
784.706 273.982 6.04751 -1.10866 -8.20927
555.944 101.081 5.4923 -1.12042 -6.45173
465.503 103.741 5.55344 -1.13019 -6.34578
324.522 90.4407 5.49102 -1.08004 -6.04329
263.342 50.5404 5.53219 -1.1331 -6.00594
965.587 420.283 5.99885 -0.597212 -9.16815
957.607 436.243 5.90624 -0.555667 -8.7955
651.705 324.522 5.61076 -0.855861 -6.72678
635.745 313.882 5.57184 -0.862157 -6.63523
345.803 609.144 5.55786 -0.569273 -5.96237
343.143 627.765 5.52824 -0.554236 -5.92878
146.301 476.144 5.87298 -0.771388 -6.01485
641.065 545.304 5.61017 -0.54557 -6.55221
614.465 457.523 5.76801 -0.682059 -6.77898
635.745 460.183 5.63205 -0.66339 -6.62779
603.824 478.804 5.66295 -0.643581 -6.58162
335.162 478.804 5.56761 -0.695447 -6.00178
832.586 449.543 5.56217 -0.604945 -7.12585
861.846 476.144 5.43007 -0.549645 -6.90826
696.925 481.464 5.55988 -0.609673 -6.65116
563.924 516.044 5.78205 -0.615319 -6.62047
526.684 550.624 5.92403 -0.571507 -6.68871
281.962 579.884 5.52569 -0.611931 -5.87605
962.927 305.902 5.60138 -0.869939 -8.2198
962.927 484.124 5.29172 -0.498236 -6.94784
962.927 505.404 5.28247 -0.473579 -6.90038
261.376 194.297 5.57083 -0.992995 -5.99937
557.448 101.775 5.49158 -1.12192 -6.45524
571.326 194.297 5.85618 -1.1675 -6.981
888.215 83.2702 5.15546 -1.03921 -6.71779
707.797 76.331 5.27826 -1.06324 -6.46015
673.101 446.421 5.5592 -0.662724 -6.6116
673.101 499.621 5.76587 -0.593493 -6.90898
867.398 381.655 5.35181 -0.679926 -6.84782
927.537 414.038 5.99129 -0.647868 -8.81678
48.5743 580.578 5.92121 -0.681397 -5.89892
691.605 383.968 6.75875 -0.967904 -8.79509
663.848 427.916 5.53559 -0.687679 -6.56749
640.718 543.569 5.62172 -0.544704 -6.56611
941.416 372.403 5.91839 -0.756234 -8.84754
53.2004 483.43 5.86139 -0.774858 -5.8873
71.7049 643.031 5.9416 -0.613178 -5.92451
964.546 483.43 5.29172 -0.498236 -6.94784
872.024 356.211 5.32254 -0.711858 -6.83227
608.335 333.081 5.63604 -0.852798 -6.65133
210.489 529.691 5.58075 -0.672274 -5.8518
247.497 525.065 5.60369 -0.668296 -5.91249
240.558 624.526 5.55182 -0.582557 -5.84205
599.083 511.186 5.69115 -0.602902 -6.59024
638.405 488.056 5.60898 -0.617922 -6.5785
515.812 566.7 6.06057 -0.555325 -6.81919
532.004 589.83 5.97692 -0.506732 -6.74489
346.959 663.848 5.5992 -0.517259 -5.98764
296.072 446.421 5.62075 -0.742255 -6.01045
828.076 455.673 5.59359 -0.597167 -7.15751
303.011 562.074 5.59174 -0.62256 -5.96174
525.065 411.725 7.5844 -1.08764 -8.91402
557.448 224.367 6.00679 -1.17862 -7.14498
532.004 268.315 6.38159 -1.22309 -7.53264
643.031 608.335 5.65479 -0.45663 -6.57995
555.135 148.036 5.59994 -1.12393 -6.59698
555.135 175.793 5.6732 -1.11173 -6.67473
460.299 666.161 5.75136 -0.458528 -6.29754
851.206 314.576 5.36402 -0.788122 -6.89586
735.553 185.045 5.5777 -1.09517 -7.08026
120.279 416.351 8.02717 -1.30402 -7.46777
78.6441 423.29 8.55242 -1.41512 -7.68686
888.215 633.779 5.31697 -0.357237 -6.60127
828.076 145.723 5.35777 -1.06467 -6.97935
795.693 182.732 5.425 -1.03578 -6.99839
478.804 150.349 5.62495 -1.10151 -6.43313
129.531 330.768 7.87916 -1.53792 -7.46689
64.7657 326.142 7.39801 -1.41532 -6.93465
980.738 592.143 5.31339 -0.33674 -6.94966
962.233 307.637 5.59705 -0.867228 -8.20574
793.38 649.97 5.40392 -0.375291 -6.50682
971.485 205.862 5.31413 -0.991906 -7.53712
999.242 259.063 5.40556 -0.928317 -7.93958
909.033 541.256 5.3575 -0.443317 -6.84998
867.398 580.578 5.46713 -0.396475 -6.90857
800.319 555.135 5.75304 -0.422606 -7.28472
770.249 532.004 6.11857 -0.461761 -7.87701
164.227 654.596 5.60439 -0.576177 -5.7977
855.832 261.376 5.93029 -1.10823 -8.43604
730.927 272.941 6.17936 -1.15152 -8.16344
786.441 272.941 6.04751 -1.10866 -8.20927
788.754 90.2094 5.25289 -1.06315 -6.6328
728.614 383.968 6.85373 -0.96823 -9.22418
707.797 217.428 5.79698 -1.12821 -7.37052
490.369 606.022 6.07812 -0.50408 -6.75022
959.92 175.793 5.27636 -1.01652 -7.36871
575.952 277.567 6.38743 -1.21966 -7.72238
532.004 279.88 6.5065 -1.23985 -7.69683
515.812 353.898 6.91459 -1.1482 -8.08354
464.925 104.088 5.5667 -1.13859 -6.36179
94.8355 117.966 5.90183 -1.22214 -6.07073
80.9571 173.48 6.179 -1.27545 -6.23168
74.0179 212.802 6.40417 -1.30951 -6.35713
867.398 439.482 5.41207 -0.601418 -6.94312
342.333 460.299 5.57632 -0.713956 -6.0241
370.09 453.36 5.61801 -0.724291 -6.10197
365.464 562.074 5.58206 -0.610852 -6.02623
682.353 501.934 5.56145 -0.584859 -6.601
680.04 506.56 5.57509 -0.585295 -6.6229
703.17 504.247 5.55634 -0.573082 -6.64845
682.353 464.925 5.52073 -0.636034 -6.56878
696.231 481.117 5.56402 -0.605653 -6.65393
610.648 291.446 5.53646 -0.882317 -6.52979
624.526 427.916 5.64071 -0.709751 -6.6299
189.671 610.648 5.58262 -0.60447 -5.81575
152.662 494.995 5.59687 -0.710101 -5.81779
182.732 501.934 5.55427 -0.693985 -5.81078
164.227 520.439 5.57235 -0.685641 -5.80731
927.537 485.743 5.32031 -0.511165 -6.88595
920.598 506.56 5.36884 -0.477773 -6.96758
883.589 298.385 5.30864 -0.79519 -6.89362
640.718 566.7 5.63353 -0.51251 -6.57253
661.535 589.83 5.60463 -0.479754 -6.55684
562.074 513.499 5.69425 -0.611624 -6.50461
342.333 624.526 5.5993 -0.553886 -5.99501
104.088 668.474 5.71832 -0.57588 -5.81426
76.331 508.873 5.84753 -0.739922 -5.89904
97.1485 481.117 5.85225 -0.76925 -5.93193
74.4202 213.204 6.46438 -1.33082 -6.40341
331.874 90.5111 5.60899 -1.14517 -6.17825
261.476 193.09 5.5637 -0.990356 -5.99299
349.976 257.454 6.45421 -1.26306 -7.01806
705.986 78.4429 5.28597 -1.06909 -6.47809
788.452 90.5111 5.26023 -1.06669 -6.64881
943.326 374.112 5.88844 -0.74925 -8.78027
665.759 450.544 5.59763 -0.663028 -6.65621
679.839 502.839 5.56145 -0.584859 -6.601
728.111 384.169 6.87591 -0.972369 -9.26592
927.236 486.748 5.33616 -0.509211 -6.92005
864.884 486.748 5.39042 -0.533871 -6.8209
907.122 378.135 6.02486 -0.770317 -8.81824
643.634 609.441 5.65479 -0.45663 -6.57995
705.986 611.453 5.56667 -0.434927 -6.59561
887.008 633.577 5.31697 -0.357237 -6.60127
909.133 543.066 5.39872 -0.436443 -6.93821
959.417 176.999 5.26693 -1.01096 -7.34232
963.44 309.749 5.62947 -0.872338 -8.30689
973.497 205.158 5.3564 -1.01491 -7.68939
961.429 277.567 5.59163 -0.945276 -8.24507
999.644 257.454 5.39025 -0.92308 -7.8983
734.145 185.045 5.5777 -1.09517 -7.08026
909.133 148.84 5.23148 -1.01459 -6.99976
828.679 144.818 5.35777 -1.06467 -6.97935
887.008 84.477 5.14776 -1.0369 -6.71034
720.066 319.806 6.30138 -1.06086 -8.26291
647.657 287.624 5.60984 -0.909442 -6.74963
786.441 273.545 6.00807 -1.09632 -8.13404
707.998 217.227 5.82264 -1.13987 -7.41965
693.918 275.556 6.20167 -1.15422 -7.99032
931.258 269.522 5.66168 -0.991123 -8.26904
852.815 263.488 5.82932 -1.06838 -8.18383
458.589 458.589 7.21027 -0.902051 -8.04609
436.464 386.181 6.62584 -1.01359 -7.36933
432.442 635.589 6.02772 -0.488434 -6.546
460.601 667.771 5.75675 -0.459217 -6.3065
382.158 637.6 5.70058 -0.526174 -6.13618
372.101 679.839 5.6268 -0.492539 -6.04382
378.135 663.748 5.59713 -0.507452 -6.0224
380.146 526.976 5.69173 -0.649956 -6.17111
601.396 533.01 5.72084 -0.57287 -6.62085
571.225 569.214 5.73527 -0.534175 -6.5456
528.987 551.112 6.01641 -0.577384 -6.8098
514.907 569.214 6.05263 -0.550715 -6.80655
158.897 446.521 5.88423 -0.804053 -6.03609
112.636 520.941 5.73177 -0.710049 -5.86267
38.2158 512.896 5.92971 -0.755126 -5.90792
295.669 446.521 5.61285 -0.74136 -6.00203
319.806 494.794 5.50084 -0.676819 -5.91754
249.408 482.726 5.53864 -0.700512 -5.87511
251.42 484.737 5.54098 -0.696237 -5.88007
183.033 635.589 5.61213 -0.589923 -5.8288
110.625 659.725 5.71586 -0.583084 -5.82174
176.999 661.736 5.59696 -0.566191 -5.80428
66.3748 611.453 5.91924 -0.645788 -5.91013
152.863 575.248 5.60321 -0.643063 -5.80326
52.2953 595.362 5.93298 -0.666933 -5.90661
319.806 609.441 5.51792 -0.577917 -5.89952
239.351 625.532 5.54454 -0.581632 -5.83486
213.204 655.702 5.60993 -0.563229 -5.85048
307.738 557.146 5.51335 -0.623188 -5.89865
209.181 530.998 5.5842 -0.671746 -5.85553
247.397 526.976 5.59359 -0.667112 -5.90547
259.465 605.418 5.53184 -0.594828 -5.84883
557.146 100.568 5.48525 -1.11903 -6.44513
464.623 315.783 7.05983 -1.32023 -8.07474
575.248 279.579 6.51146 -1.24581 -7.90754
607.43 333.885 5.64899 -0.853224 -6.66961
557.146 225.272 6.00679 -1.17862 -7.14498
96.5451 118.67 5.90183 -1.22214 -6.07073
166.943 52.2953 5.59989 -1.14936 -5.94749
257.454 48.2726 5.52913 -1.13221 -6.00143
130.738 331.874 7.85492 -1.52865 -7.45929
162.92 219.238 6.35789 -1.28755 -6.49013
142.806 253.431 6.13379 -1.1411 -6.27148
695.93 482.726 5.56402 -0.605653 -6.65393
343.942 561.169 5.5806 -0.614797 -6.00138
364.056 561.169 5.52685 -0.607836 -5.97198
114.647 472.669 5.8462 -0.775264 -5.95286
347.965 466.635 5.56088 -0.704161 -6.01667
76.4316 482.726 5.8982 -0.778583 -5.93814
874.94 283.601 5.28918 -0.811168 -6.83377
629.555 406.294 5.62755 -0.737362 -6.63642
213.204 627.543 5.56219 -0.58535 -5.82178
183.033 502.839 5.55352 -0.694318 -5.81161
710.009 599.384 5.63447 -0.442328 -6.72331
358.022 488.76 5.5834 -0.68337 -6.04413
343.942 581.282 5.58062 -0.597349 -5.9896
50.2839 482.726 5.91921 -0.783212 -5.92363
633.577 297.681 5.48992 -0.858637 -6.50466
631.566 311.76 5.56988 -0.860536 -6.6285
78.4429 508.873 5.85181 -0.742574 -5.90643
889.02 466.635 5.40615 -0.55901 -6.96921
661.736 589.328 5.62154 -0.476254 -6.5879
372.101 645.646 5.6503 -0.527681 -6.07728
70.3975 643.634 5.92896 -0.610173 -5.91405
963.44 482.726 5.27406 -0.501586 -6.89758
663.748 428.419 5.54773 -0.687243 -6.58681
512.896 530.998 6.0068 -0.61614 -6.77003
508.873 551.112 6.0043 -0.583313 -6.74517
293.658 569.214 5.52958 -0.615708 -5.89538
297.681 605.418 5.52824 -0.585155 -5.88948
927.236 414.34 6.00641 -0.648497 -8.8608
262.351 192.391 5.5637 -0.990356 -5.99299
790.551 89.1993 5.23957 -1.05577 -6.60741
965.451 484.475 5.27312 -0.500372 -6.91054
986.439 573.674 5.26512 -0.375968 -6.84967
872.754 500.216 5.4086 -0.513954 -6.87867
928.722 486.224 5.31953 -0.511683 -6.88418
911.232 400.522 6.0172 -0.702558 -8.79201
706.599 612.152 5.59084 -0.423252 -6.64107
888.495 634.889 5.31744 -0.357592 -6.60092
909.483 543.941 5.382 -0.437919 -6.90487
879.75 578.921 5.4286 -0.397964 -6.86974
827.28 585.917 5.58652 -0.386694 -7.02061
755.571 146.917 5.43583 -1.0844 -6.89286
830.778 145.168 5.34253 -1.05873 -6.95713
797.547 183.646 5.50066 -1.07442 -7.16849
888.495 83.9523 5.14776 -1.0369 -6.71034
722.34 321.817 6.38497 -1.07766 -8.42895
732.834 272.845 6.13252 -1.13849 -8.0844
787.053 272.845 6.00807 -1.09632 -8.13404
708.347 218.626 5.76971 -1.11581 -7.31943
874.503 356.797 5.32832 -0.713145 -6.84682
851.766 316.57 5.35823 -0.784959 -6.87981
932.22 271.096 5.65075 -0.980869 -8.22554
458.24 458.24 7.19626 -0.900386 -8.03102
482.726 398.773 7.44319 -1.13208 -8.5093
430.256 419.761 6.47698 -0.905692 -7.15588
601.658 512.459 5.72146 -0.603844 -6.63524
432.005 636.638 6.00355 -0.489781 -6.51916
376.036 682.112 5.60379 -0.494245 -6.02174
442.499 547.439 7.20807 -0.647197 -7.8918
461.738 533.447 7.06797 -0.673054 -7.81814
528.2 550.937 6.01641 -0.577384 -6.8098
515.957 568.427 6.05263 -0.550715 -6.80655
533.447 592.913 6.03025 -0.503918 -6.81157
80.4543 510.71 5.89608 -0.747516 -5.93794
295.582 445.997 5.61607 -0.742035 -6.00431
276.343 493.22 5.52015 -0.685337 -5.88575
111.936 659.375 5.7095 -0.584584 -5.81858
152.164 575.423 5.60731 -0.64414 -5.80683
320.068 610.403 5.53585 -0.575588 -5.91749
264.1 652.379 5.52799 -0.554233 -5.83849
321.817 661.124 5.53162 -0.533105 -5.9
213.379 655.877 5.60993 -0.563229 -5.85048
299.08 571.925 5.51135 -0.613067 -5.88229
209.881 531.698 5.58653 -0.671565 -5.85794
257.104 577.172 5.57769 -0.619792 -5.89058
426.758 118.932 5.64259 -1.15321 -6.37554
559.682 187.144 5.68916 -1.10105 -6.70387
557.933 99.6934 5.49158 -1.12192 -6.45524
470.483 313.072 6.99041 -1.30958 -8.01484
442.499 271.096 6.34101 -1.20315 -7.15713
577.172 279.841 6.51146 -1.24581 -7.90754
608.654 334.06 5.64899 -0.853224 -6.66961
498.467 229.12 6.06362 -1.18846 -7.02542
498.467 271.096 6.46898 -1.24753 -7.52151
529.949 269.347 6.32813 -1.20824 -7.45996
166.156 52.4702 5.59947 -1.15009 -5.94606
160.909 218.626 6.41255 -1.30814 -6.53442
43.7252 255.355 6.81433 -1.38525 -6.55388
351.55 536.945 5.5868 -0.638531 -6.02382
344.554 561.431 5.57837 -0.615137 -5.99741
115.434 473.981 5.85586 -0.776758 -5.95975
125.928 466.985 5.84713 -0.78064 -5.96901
977.694 407.518 5.90452 -0.626057 -9.05827
975.945 432.005 5.91913 -0.561971 -9.00937
836.025 428.507 5.50408 -0.637074 -7.04498
685.61 456.491 5.53424 -0.646186 -6.60222
704.849 445.997 6.55969 -0.738219 -8.42408
704.849 505.463 5.52731 -0.573063 -6.60496
701.351 508.961 5.55649 -0.570346 -6.6342
641.885 568.427 5.63889 -0.512936 -6.57982
664.622 589.415 5.61094 -0.479117 -6.57559
489.722 540.443 6.03792 -0.60984 -6.74466
512.459 529.949 5.95085 -0.614357 -6.70091
66.4622 613.901 5.94821 -0.646054 -5.92857
68.2112 645.383 5.92896 -0.610173 -5.91405
682.112 564.929 5.57136 -0.502936 -6.57378
188.893 613.901 5.59017 -0.604108 -5.82158
213.379 629.642 5.59355 -0.584747 -5.84495
213.379 640.136 5.56854 -0.575722 -5.82421
876.252 302.578 5.3014 -0.787702 -6.84343
937.467 405.769 6.15786 -0.674252 -9.41822
888.495 459.989 5.41755 -0.563066 -6.99994
673.367 445.997 5.53984 -0.663153 -6.58464
640.136 489.722 5.60529 -0.617123 -6.5742
671.618 507.212 5.54969 -0.584342 -6.55241
708.347 568.427 5.58629 -0.487563 -6.66102
701.351 596.411 5.5361 -0.45891 -6.54877
288.586 592.913 5.53947 -0.599202 -5.89184
155.662 512.459 5.58323 -0.694323 -5.80659
78.7053 419.761 8.2113 -1.34572 -7.44927
96.1953 118.932 5.90213 -1.2223 -6.07054
829.029 458.24 5.54314 -0.591152 -7.06749
794.049 479.228 5.765 -0.572594 -7.34862
820.284 480.977 5.58727 -0.558147 -7.09958
669.869 543.941 5.57861 -0.535487 -6.57321
344.554 647.132 5.59905 -0.533879 -5.99178
267.598 643.634 5.5365 -0.561334 -5.85043
120.681 503.714 5.71674 -0.724118 -5.8693
111.936 522.953 5.73864 -0.711082 -5.86785
869.256 459.989 5.43495 -0.571345 -6.97217
477.479 164.407 5.76351 -1.1588 -6.61592
230.869 627.893 5.55482 -0.582856 -5.83183
122.43 418.012 8.10401 -1.32297 -7.53105
136.422 421.51 7.98405 -1.28495 -7.49335
963.702 309.574 5.62155 -0.868227 -8.29415
968.949 313.072 5.56885 -0.846054 -8.15644
661.124 610.403 5.61464 -0.452958 -6.56076
647.132 638.387 5.67794 -0.416381 -6.59912
248.359 528.2 5.61414 -0.668525 -5.92499
218.626 568.427 5.6285 -0.638154 -5.89204
190.642 591.164 5.57475 -0.623281 -5.81609
322.426 89.7316 5.58457 -1.13466 -6.13793
558.161 100.378 5.46558 -1.11029 -6.42108
333.072 89.7316 5.60372 -1.14562 -6.17304
973.36 205.318 5.33786 -1.00637 -7.63177
967.276 503.41 5.32494 -0.465538 -7.02574
962.714 538.39 5.31054 -0.422181 -6.93684
766.521 524.702 6.13348 -0.470336 -7.88638
771.084 425.845 6.46056 -0.74775 -8.69064
927.734 485.159 5.32121 -0.511321 -6.88559
892.754 495.805 5.31984 -0.515139 -6.75168
930.776 507.972 5.26301 -0.487983 -6.72377
796.938 518.618 5.78562 -0.491856 -7.35563
844.086 396.948 5.49298 -0.6827 -7.08445
711.769 631.163 5.5747 -0.40394 -6.60917
653.976 660.06 5.55662 -0.406628 -6.4324
749.791 533.827 6.36569 -0.451137 -8.19307
844.086 640.288 5.33741 -0.370517 -6.51672
909.483 542.952 5.37269 -0.437561 -6.88632
803.022 558.161 5.77821 -0.420477 -7.32961
850.169 544.473 5.50978 -0.449065 -6.97436
961.193 176.421 5.26693 -1.01096 -7.34232
962.714 276.799 5.60135 -0.952186 -8.29375
675.268 89.7316 5.35932 -1.09176 -6.52752
707.207 77.5646 5.27531 -1.06215 -6.45502
831.919 144.483 5.34253 -1.05873 -6.95713
649.414 287.445 5.54039 -0.889319 -6.63719
786.292 273.758 5.98849 -1.09005 -8.09345
708.728 217.485 5.78627 -1.12198 -7.34973
695.04 275.278 6.14656 -1.13722 -7.89543
853.211 287.445 5.32501 -0.818153 -6.83793
918.608 206.839 5.44264 -1.03594 -7.60487
932.296 270.716 5.67079 -0.985118 -8.27839
430.408 637.247 6.00927 -0.489474 -6.52261
346.759 664.622 5.61165 -0.51695 -5.99902
462.346 532.306 6.9446 -0.671181 -7.68283
524.702 660.06 5.71256 -0.443539 -6.37504
520.139 571.849 6.06462 -0.544978 -6.8273
533.827 590.099 6.03025 -0.503918 -6.81157
292.008 472.992 5.62654 -0.715815 -6.00048
252.465 483.638 5.52691 -0.696683 -5.86646
103.419 669.185 5.72167 -0.576141 -5.81644
176.421 661.581 5.59147 -0.565592 -5.79954
177.942 538.39 5.58592 -0.667845 -5.82495
276.799 653.976 5.57236 -0.548801 -5.88382
212.923 655.497 5.57764 -0.563091 -5.82717
425.845 118.628 5.65892 -1.16103 -6.39575
465.388 103.419 5.56844 -1.14005 -6.36372
562.724 149.046 5.64667 -1.14286 -6.66787
441.054 270.716 6.41552 -1.22578 -7.2515
532.306 281.362 6.59079 -1.26377 -7.81222
518.618 352.843 6.89866 -1.14757 -8.0732
577.932 264.632 6.22187 -1.17972 -7.50151
498.847 228.131 6.06362 -1.18846 -7.02542
530.785 269.195 6.32813 -1.20824 -7.45996
97.336 118.628 5.9167 -1.23038 -6.08435
165.775 51.7097 5.60293 -1.15128 -5.94982
132.316 333.072 7.82619 -1.52025 -7.44274
62.3559 326.988 7.69322 -1.50547 -7.12667
161.213 219.006 6.37515 -1.29369 -6.50289
71.4811 211.402 6.39437 -1.30302 -6.3513
44.1054 253.986 6.70524 -1.34718 -6.48051
115.587 472.992 5.8462 -0.775264 -5.95286
643.33 582.495 5.6178 -0.49545 -6.54288
644.851 609.871 5.63917 -0.456851 -6.5573
346.759 526.223 5.57455 -0.648121 -6.00657
343.718 460.825 5.5678 -0.709034 -6.01638
670.706 532.306 5.58649 -0.548031 -6.58945
641.809 567.286 5.63889 -0.512936 -6.57982
509.493 550.557 6.09594 -0.584626 -6.85732
343.718 561.203 5.57837 -0.615137 -5.99741
977.923 407.594 5.92933 -0.628202 -9.13762
33.4593 679.831 5.95966 -0.582004 -5.88039
679.831 503.41 5.56053 -0.58409 -6.59548
629.642 404.553 5.56448 -0.730464 -6.54545
65.3976 611.392 5.94108 -0.644567 -5.92322
678.31 421.282 5.50848 -0.691242 -6.56478
666.143 428.887 5.51938 -0.683456 -6.54752
634.205 298.091 5.55058 -0.875904 -6.60649
361.968 366.531 6.6201 -1.06788 -7.139
229.652 626.6 5.57415 -0.583035 -5.84811
240.298 625.08 5.55574 -0.581635 -5.84394
80.6064 483.638 5.87923 -0.774112 -5.93139
97.336 480.596 5.84691 -0.768263 -5.92971
876.024 302.654 5.30012 -0.78752 -6.83796
646.372 517.097 5.60151 -0.577015 -6.56536
88.2107 504.93 5.88839 -0.751418 -5.94213
880.587 381.74 5.29927 -0.673253 -6.77613
684.394 606.829 5.5989 -0.446679 -6.59198
184.026 626.6 5.61069 -0.592608 -5.82927
212.923 628.121 5.55757 -0.58455 -5.81647
212.923 640.288 5.58852 -0.575395 -5.83959
264.632 647.893 5.55929 -0.557218 -5.86254
292.008 640.288 5.50125 -0.558089 -5.85026
257.028 576.412 5.58188 -0.619471 -5.89415
287.445 580.974 5.51904 -0.607387 -5.87236
260.07 605.308 5.54139 -0.593878 -5.85758
288.966 591.62 5.51696 -0.598636 -5.87144
41.0636 561.203 5.92853 -0.70335 -5.90029
690.477 547.515 5.53831 -0.524394 -6.55996
681.352 565.766 5.55316 -0.503188 -6.54683
839.523 451.7 5.51834 -0.598888 -7.04516
188.589 590.099 5.57416 -0.622731 -5.81483
202.276 579.453 5.60363 -0.629315 -5.85191
167.296 646.372 5.62591 -0.580552 -5.82007
45.6263 582.495 5.95278 -0.682605 -5.91543
51.7097 594.662 5.9406 -0.666692 -5.91274
965.756 483.638 5.27312 -0.500372 -6.91054
895.795 322.426 5.29354 -0.75444 -6.87314
608.35 336.113 5.65552 -0.849982 -6.67819
173.38 492.763 5.59484 -0.709713 -5.83785
156.65 512.535 5.58277 -0.693273 -5.80641
177.942 511.014 5.58304 -0.690935 -5.82952
65.3976 579.453 5.91517 -0.678531 -5.91538
30.4175 615.954 5.96196 -0.650973 -5.89544
31.9384 647.893 5.96345 -0.619168 -5.88907
830.398 456.262 5.54774 -0.593029 -7.07639
821.272 480.596 5.57992 -0.557009 -7.09
33.4593 486.68 5.90272 -0.78139 -5.89108
56.2724 486.68 5.91376 -0.780035 -5.9279
60.835 514.056 5.93364 -0.752198 -5.93929
831.919 442.575 5.54373 -0.615569 -7.09637
684.394 287.445 6.36372 -1.18379 -8.23111
626.6 565.766 5.67787 -0.517638 -6.6019
459.304 476.034 7.2145 -0.845471 -8.03632
295.05 445.616 5.61607 -0.742035 -6.00431
320.905 476.034 5.52142 -0.695907 -5.9419
232.694 556.64 5.57996 -0.643069 -5.86997
757.396 142.962 5.4381 -1.09286 -6.90115
477.555 165.775 5.75887 -1.15481 -6.60989
308.738 558.161 5.52295 -0.622536 -5.90794
991.61 399.99 5.88505 -0.638279 -9.15454
353.107 259.21 6.40625 -1.24484 -6.97135
429.812 255.242 6.35918 -1.23969 -7.15777
966.747 505.195 5.27992 -0.469654 -6.91335
962.78 538.258 5.31054 -0.422181 -6.93684
788.21 476.1 5.68191 -0.578212 -7.18318
765.727 525.032 6.23697 -0.466553 -8.06959
727.375 384.848 6.8652 -0.97326 -9.24018
743.245 612.318 5.6185 -0.399463 -6.77962
887.398 633.477 5.29657 -0.362435 -6.55875
909.88 543.547 5.37618 -0.436487 -6.89189
917.815 585.867 5.36137 -0.377383 -6.84386
827.885 584.545 5.61023 -0.383138 -7.06485
973.36 206.31 5.33953 -1.006 -7.63551
675.797 89.93 5.36261 -1.09389 -6.53574
831.852 144.152 5.34253 -1.05873 -6.95713
841.11 138.863 5.33102 -1.06441 -6.97263
797.467 183.827 5.51076 -1.07934 -7.19396
890.042 83.3175 5.12436 -1.01936 -6.64665
854.335 305.497 5.34497 -0.796581 -6.86513
917.815 207.632 5.44264 -1.03594 -7.60487
460.23 362.365 7.1708 -1.19517 -8.12036
429.812 571.32 6.48526 -0.58572 -7.049
563.385 536.935 5.74308 -0.58278 -6.55453
252.598 484.035 5.5065 -0.695356 -5.84972
308.142 400.717 5.64292 -0.791577 -6.05587
329.302 409.975 5.54722 -0.760832 -5.99626
103.155 669.185 5.7171 -0.575716 -5.81236
169.28 569.997 5.59057 -0.642606 -5.81237
175.893 662.573 5.59147 -0.565592 -5.79954
232.76 556.773 5.57996 -0.643069 -5.86997
464.198 103.155 5.56844 -1.14005 -6.36372
559.417 100.51 5.46558 -1.11029 -6.42108
577.932 279.047 6.51146 -1.24581 -7.90754
101.832 119.025 5.87449 -1.21133 -6.0559
96.5425 119.025 5.9167 -1.23038 -6.08435
83.3175 174.57 6.18186 -1.27508 -6.23378
257.888 47.61 5.53604 -1.13566 -6.00839
322.69 89.93 5.59828 -1.14072 -6.15121
60.835 326.658 7.81009 -1.53862 -7.20351
261.855 191.762 5.55037 -0.985649 -5.98102
979.972 427.168 5.91285 -0.561915 -9.05172
654.638 579.255 5.62202 -0.49219 -6.57557
644.057 610.995 5.63917 -0.456851 -6.5573
659.927 609.672 5.62033 -0.45128 -6.5675
149.443 454.94 5.81967 -0.785707 -5.98273
158.7 448.327 5.82086 -0.791125 -5.9988
681.088 502.55 5.56053 -0.58409 -6.59548
80.6725 484.035 5.85775 -0.771023 -5.91829
640.09 546.193 5.60555 -0.542827 -6.54197
665.217 567.352 5.57302 -0.506738 -6.53518
666.54 456.262 5.54732 -0.650102 -6.57199
690.345 576.61 5.56468 -0.485447 -6.57884
489.325 539.58 6.03439 -0.610447 -6.7384
38.3525 596.448 5.98196 -0.673927 -5.92262
925.75 412.62 6.00635 -0.648316 -8.85635
179.86 632.155 5.59726 -0.589199 -5.81495
212.923 628.188 5.56138 -0.584338 -5.82008
87.285 503.872 5.8908 -0.752478 -5.94252
122.993 416.587 8.11946 -1.32695 -7.5475
78.0275 419.232 8.16725 -1.33987 -7.42024
37.03 514.453 5.94436 -0.755784 -5.91728
43.6425 514.453 5.91361 -0.750722 -5.9038
67.4475 546.193 5.92106 -0.713016 -5.92907
690.345 547.515 5.55754 -0.523629 -6.58732
671.83 395.427 5.5089 -0.726255 -6.56848
107.122 494.615 5.91058 -0.762805 -5.98319
35.7075 531.645 5.92791 -0.735597 -5.89999
363.688 372.945 6.53665 -1.03623 -7.05033
243.34 622.898 5.56171 -0.584596 -5.8525
202.342 579.255 5.60519 -0.629155 -5.85379
89.93 581.9 5.87004 -0.665523 -5.91392
64.8025 612.318 5.94735 -0.644681 -5.92699
95.22 609.672 5.78603 -0.635087 -5.8617
68.77 645.38 5.94171 -0.609547 -5.92023
321.367 612.318 5.53382 -0.57336 -5.91556
257.888 579.255 5.58355 -0.619591 -5.89507
286.982 581.9 5.53477 -0.607452 -5.88687
961.458 359.72 5.97055 -0.796988 -9.24351
683.732 288.305 6.37172 -1.17904 -8.22557
458.908 482.712 7.09476 -0.816022 -7.88898
25.1275 633.477 5.95673 -0.633828 -5.88094
965.425 484.035 5.26796 -0.500558 -6.90043
562.062 162.667 5.67671 -1.13576 -6.7122
810.693 478.745 5.62019 -0.564821 -7.13631
822.595 480.068 5.57992 -0.557009 -7.09
593.802 662.573 5.60817 -0.424077 -6.38101
182.505 501.228 5.57826 -0.698798 -5.83244
186.473 515.775 5.57319 -0.684004 -5.8293
559.417 226.147 6.05828 -1.19765 -7.22092
498.582 228.792 6.06362 -1.18846 -7.02542
478.745 166.635 5.75887 -1.15481 -6.60989
481.39 174.57 5.78311 -1.14997 -6.64118
161.345 621.575 5.60551 -0.602646 -5.80414
923.105 244.662 5.57998 -1.02102 -7.98966
929.717 485.357 5.32121 -0.511321 -6.88559
843.755 396.75 5.49837 -0.6823 -7.09434
868.883 382.202 5.33316 -0.677638 -6.81112
703.57 366.332 6.74895 -1.01505 -8.8969
534.29 593.802 5.97692 -0.506732 -6.74489
343.85 646.703 5.59905 -0.533879 -5.99178
166.635 657.282 5.62025 -0.571179 -5.81275
662.573 669.185 5.52701 -0.396228 -6.40181
267.145 499.905 5.51627 -0.679548 -5.87023
240.695 573.965 5.58389 -0.625246 -5.87902
177.215 539.58 5.58544 -0.667756 -5.82477
210.277 531.645 5.61483 -0.672381 -5.88133
911.203 400.717 5.98418 -0.69697 -8.70568
851.69 317.4 5.35823 -0.784959 -6.87981
986.7 572.7 5.27863 -0.36836 -6.90397
727.95 384.1 6.9173 -0.981179 -9.33202
721.05 622.15 5.60373 -0.404837 -6.68629
817.65 624.45 5.50303 -0.361392 -6.78286
917.7 586.5 5.36939 -0.37534 -6.86204
972.9 205.85 5.34842 -1.00948 -7.66291
790.05 89.7 5.23276 -1.0505 -6.59242
832.6 144.9 5.32134 -1.04768 -6.91207
722.2 286.35 6.30935 -1.16468 -8.33756
723.35 322 6.36264 -1.0701 -8.39018
933.8 317.4 5.70095 -0.872696 -8.27286
853.3 287.5 5.32501 -0.818153 -6.83793
917.7 208.15 5.40655 -1.01695 -7.49616
369.15 617.55 5.59774 -0.554457 -6.02961
178.25 658.95 5.6105 -0.56755 -5.81582
376.05 158.7 5.84886 -1.19321 -6.48725
464.6 103.5 5.54202 -1.12717 -6.32793
134.55 333.5 7.87843 -1.53208 -7.48574
60.95 327.75 7.71284 -1.50832 -7.13643
72.45 212.75 6.28425 -1.25787 -6.2713
267.95 299 5.56341 -0.880408 -5.96616
179.4 305.9 5.63764 -0.897819 -5.92133
96.6 474.95 5.84608 -0.775603 -5.9315
144.9 486.45 5.61009 -0.72198 -5.82135
644 611.8 5.63917 -0.456851 -6.5573
37.95 665.85 5.94136 -0.596837 -5.87945
683.1 608.35 5.5989 -0.446679 -6.59198
706.1 611.8 5.56347 -0.434507 -6.59196
44.85 583.05 5.97512 -0.682115 -5.92798
54.05 596.85 5.92099 -0.663722 -5.90092
898.15 404.8 5.3307 -0.63805 -6.88449
672.75 393.3 5.53088 -0.730494 -6.60411
671.6 545.1 5.6036 -0.533695 -6.61422
905.05 378.35 6.01312 -0.766864 -8.78076
879.75 381.8 5.31756 -0.67494 -6.81354
910.8 401.35 6.03392 -0.699415 -8.82582
69 645.15 5.93465 -0.607763 -5.9143
123.05 416.3 8.07618 -1.31787 -7.51543
875.15 302.45 5.27888 -0.780884 -6.78361
362.25 365.7 6.64325 -1.07464 -7.16248
80.5 677.35 5.94168 -0.573561 -5.92546
82.8 696.9 5.95234 -0.551102 -5.92973
690 547.4 5.55068 -0.52309 -6.57576
287.5 634.8 5.52827 -0.563264 -5.86878
78.2 419.75 8.24877 -1.35796 -7.47507
93.15 540.5 5.76159 -0.699946 -5.85642
111.55 523.25 5.72786 -0.708726 -5.85856
925.75 414 5.99567 -0.648933 -8.82636
212.75 641.7 5.58667 -0.574704 -5.83734
190.9 591.1 5.57737 -0.622083 -5.81718
209.3 603.75 5.54623 -0.606909 -5.81153
24.15 633.65 5.94787 -0.633184 -5.8757
29.9 649.75 5.95882 -0.616192 -5.88454
33.35 488.75 5.9155 -0.782981 -5.90247
43.7 515.2 5.92926 -0.752525 -5.91471
869.4 460 5.42778 -0.570478 -6.95665
869.4 468.05 5.40752 -0.559179 -6.89892
86.25 580.75 5.89953 -0.672518 -5.92852
75.9 612.95 5.89294 -0.640193 -5.90358
299 571.55 5.49907 -0.612397 -5.87064
868.25 382.95 5.38426 -0.683973 -6.93457
266.8 501.4 5.49467 -0.677338 -5.85084
286.35 581.9 5.53477 -0.607452 -5.88687
261.05 606.05 5.52098 -0.593754 -5.84104
146.05 580.75 5.61479 -0.640101 -5.80432
151.8 596.85 5.61483 -0.626806 -5.80656
127.65 639.4 5.68798 -0.596645 -5.82245
966 483 5.26796 -0.500558 -6.90043
322 446.2 5.5711 -0.73034 -5.99665
830.3 457.7 5.54015 -0.589798 -7.06276
683.1 288.65 6.37172 -1.17904 -8.22557
696.9 315.1 6.40967 -1.11053 -8.32251
345 646.3 5.59741 -0.535334 -5.9886
224.25 554.3 5.58208 -0.647248 -5.86464
940.7 386.4 5.93858 -0.721396 -8.8699
926.9 486.45 5.31941 -0.512026 -6.87898
851 317.4 5.34257 -0.778137 -6.84172
533.6 594.55 5.96422 -0.503857 -6.72872
478.4 167.9 5.77187 -1.15878 -6.62693
476.1 170.2 5.76637 -1.15058 -6.61116
755.55 147.2 5.43583 -1.0844 -6.89286
732.55 186.3 5.60855 -1.10874 -7.1385
187.45 555.45 5.56638 -0.651208 -5.81573
492.2 204.7 5.89379 -1.15745 -6.79742
430.1 571.55 6.48259 -0.584843 -7.04759
929.2 508.3 5.3133 -0.482101 -6.84927
923.45 244.95 5.59403 -1.02725 -8.03584
478.4 550.85 6.24941 -0.594503 -6.94817
215.05 500.25 5.59917 -0.69805 -5.88062
157.55 678.5 5.59164 -0.556329 -5.77919
115 128.8 5.73006 -1.12613 -5.96638
962.55 277.15 5.59854 -0.94997 -8.28181
964.85 310.5 5.62155 -0.868227 -8.29415
967.15 506 5.27992 -0.469654 -6.91335
562.35 163.3 5.67671 -1.13576 -6.7122
481.85 397.9 7.48855 -1.1397 -8.56324
890.1 494.5 5.40891 -0.510872 -6.94324
872.85 583.05 5.43184 -0.395449 -6.84846
865.95 494.5 5.41201 -0.524159 -6.86795
798.1 184 5.46497 -1.05324 -7.0881
910 544 5.35205 -0.44012 -6.83826
878 580 5.43195 -0.397731 -6.87223
832 144 5.32134 -1.04768 -6.91207
785 274 5.97476 -1.08366 -8.05589
852 264 5.97996 -1.12398 -8.54667
374 156 5.83267 -1.18573 -6.46951
470 313 6.99602 -1.31459 -8.02196
467 319 7.18866 -1.34865 -8.23448
579 264 6.19548 -1.1716 -7.46247
268 299 5.56019 -0.878964 -5.96465
180 305 5.63327 -0.897095 -5.91752
708 611 5.56347 -0.434507 -6.59196
976 444 5.92776 -0.516052 -8.99972
880 382 5.31876 -0.67482 -6.81627
81 678 5.93043 -0.572425 -5.91719
93 540 5.80991 -0.704931 -5.8888
63 515 5.91389 -0.749057 -5.92719
124 493 5.66369 -0.725888 -5.834
273 655 5.5692 -0.548799 -5.8811
926 414 5.99108 -0.648318 -8.81163
362 366 6.64325 -1.07464 -7.16248
896 322 5.28855 -0.753101 -6.86432
187 613 5.57217 -0.603367 -5.80654
56 583 5.92776 -0.6779 -5.9102
65 614 5.95704 -0.64476 -5.93179
322 613 5.53577 -0.573311 -5.91741
25 634 5.98605 -0.63461 -5.89999
267 501 5.50018 -0.677811 -5.85595
152 598 5.60825 -0.625377 -5.80149
966 483 5.27312 -0.500372 -6.91054
241 575 5.57192 -0.624471 -5.86884
224 555 5.59752 -0.648517 -5.87725
751 352 6.3243 -0.964431 -8.43066
261 607 5.52888 -0.593445 -5.84772
159 219 6.35823 -1.28773 -6.48573
845 397 5.49747 -0.682901 -7.09184
178 541 5.58404 -0.667053 -5.8229
490 608 6.07289 -0.501882 -6.74228
562 164 5.67671 -1.13576 -6.7122
126 675 5.71273 -0.566103 -5.83255
639 512 5.61245 -0.587796 -6.56883
499 230 6.06362 -1.18846 -7.02542
482 398 7.47544 -1.13904 -8.54983
963 277 5.59854 -0.94997 -8.28181
965 311 5.6302 -0.869138 -8.31891
961 177 5.26574 -1.01165 -7.33955
854 287 5.31599 -0.815319 -6.81591
854 306 5.34634 -0.796357 -6.86988
802 558 5.74027 -0.422736 -7.25521
791 89 5.23899 -1.05461 -6.60638
570 572 5.75497 -0.532156 -6.56969
429 125 5.65019 -1.14932 -6.38348
963 540 5.31054 -0.422181 -6.93684
987 573 5.27863 -0.36836 -6.90397
866 496 5.41393 -0.522675 -6.87279
