293 907 -2.00924 0.506312 2.45431
368 714 -2.08988 0.259316 2.63469
336 660 -6.33959 0.658763 5.43982
1440 171.6 -1.33547 -1.44891 7.05338
174 939.6 -2.2803 0.588484 2.4292
660 420 -4.8553 -0.527765 6.18778
650.4 93.6 -3.79696 -1.65266 5.06026
1714.8 952.8 -0.22097 0.435134 2.96065
662.4 414.72 -5.07294 -0.580742 6.45263
1627.2 632.16 -0.5437 0.332198 5.94059
1778.4 711.36 -0.148486 0.508887 5.54511
275.04 656.64 -4.96528 0.454756 4.25436
1006.56 584.64 -3.57334 0.317196 7.36863
1592.64 695.52 -0.592044 0.481072 5.42295
1225.44 682.56 -2.26622 0.717739 7.03715
1687.68 645.12 -0.360719 0.329293 5.5792
1379.52 442.08 -1.46256 -0.321503 6.61398
1306.08 444.96 -1.36135 -0.259616 5.24616
505.44 87.84 -5.07838 -1.9826 5.45337
1809.22 637.632 -0.071057 0.324758 5.80548
214.272 91.584 -5.7416 -1.83036 4.51802
423.36 105.408 -5.01219 -1.77603 4.97903
1223.42 703.296 -2.17205 0.767941 6.73683
449.28 70.848 -4.79425 -1.86702 4.94641
1130.11 668.736 -2.41047 0.573623 6.31493
1009.84 586.829 -3.14792 0.265658 6.62675
1136.33 655.258 -2.99949 0.700229 7.74525
1034.73 443.75 -3.03915 -0.371376 6.72048
209.434 122.342 -5.43543 -1.62352 4.31951
665.626 414.72 -5.1963 -0.587905 6.58584
1812.33 624.154 -0.0619013 0.260832 5.60691
1627.78 630.375 -0.534686 0.324999 5.86895
1586.3 696.73 -0.614234 0.498708 5.53917
1538.61 661.479 -0.785909 0.421241 5.8731
423.014 205.286 -5.32201 -1.44042 5.22313
1132.19 592.22 -2.52718 0.293229 6.60112
903.26 746.496 -1.30031 0.294055 2.98799
1112.28 199.066 -2.93449 -1.57075 7.30617
1254.11 674.335 -1.91062 0.574678 6.43011
1139.65 639.498 -2.60845 0.525042 6.82064
1687.08 644.475 -0.361431 0.325642 5.6324
1674.64 711.66 -0.36924 0.485885 5.24639
1652.24 639.498 -0.444556 0.318564 5.50071
1164.53 211.507 -2.71336 -1.54123 7.47642
467.804 666.87 -5.19484 0.605376 5.30687
293.622 699.218 -5.54905 0.700459 4.68128
423.014 104.509 -5.18314 -1.84142 5.12841
666.87 415.549 -5.1963 -0.587905 6.58584
1821.45 711.66 -0.0448855 0.515221 5.59004
1776.66 615.113 -0.150976 0.254687 5.75398
1588.54 627.057 -0.665469 0.319749 5.98485
1203.35 674.833 -2.32652 0.648098 6.86291
1039.12 444.912 -3.03915 -0.371376 6.72048
1131.69 212.005 -2.52244 -1.36539 6.65657
1137.66 656.917 -2.54234 0.595994 6.65184
1519.87 830.104 -0.42127 0.315135 2.96499
1705 644.973 -0.304207 0.32953 5.45631
1770.69 656.917 -0.169765 0.346779 5.58565
1773.67 647.959 -0.15224 0.308244 5.51953
1582.57 707.678 -0.641351 0.541545 5.66103
1516.88 692.748 -0.817325 0.513605 5.6954
1627.36 630.043 -0.550879 0.333343 6.03922
1812.49 639.001 -0.0709797 0.310631 5.71508
1794.58 615.113 -0.10188 0.262975 5.88586
1648.26 639.001 -0.451216 0.300572 5.52105
421.024 104.509 -5.20703 -1.85028 5.15147
1696.04 692.748 -0.362418 0.477807 5.64648
1328.76 749.482 -1.61114 0.848749 6.32828
334.43 659.903 -5.50225 0.561075 4.85741
665.875 415.052 -4.90836 -0.560685 6.26722
1193.2 666.472 -2.16523 0.599988 6.43181
297.404 673.638 -5.38626 0.556098 4.60155
465.814 666.472 -5.70214 0.672231 5.71702
265.155 644.973 -5.37563 0.446097 4.47583
1229.03 673.638 -2.01461 0.5975 6.3284
1225.45 673.638 -2.18194 0.645678 6.83022
1651.85 637.806 -0.472661 0.352962 5.90577
1655.43 612.724 -0.49482 0.286892 6.29496
204.241 118.245 -4.96412 -1.496 4.04479
422.815 103.912 -5.07153 -1.8102 5.0564
340.402 659.305 -6.11832 0.635139 5.31441
1132.29 594.808 -2.59082 0.300949 6.76945
1813.09 680.805 -0.0666577 0.42553 5.58621
1547.93 601.974 -0.828044 0.274219 6.27161
1021.21 716.636 -3.03414 0.837007 6.47919
1315.03 630.64 -1.74224 0.443002 6.67106
1010.46 118.245 -2.98494 -1.75885 6.45173
419.232 207.825 -5.30652 -1.44332 5.20868
512.395 89.5795 -4.45784 -1.75439 4.97017
1039.12 440.731 -3.04161 -0.381767 6.72724
917.294 738.135 -1.31893 0.298714 3.03429
1268.45 709.47 -1.92473 0.733865 6.51775
1203.95 713.77 -2.15608 0.757865 6.41002
1139.45 636.373 -2.6249 0.502435 6.87616
1784.42 623.474 -0.147451 0.292581 5.73824
1547.93 601.975 -0.7826 0.257416 5.94921
1530.74 601.975 -1.09594 0.356776 7.69265
1762.93 713.77 -0.170637 0.482112 5.33063
1745.73 610.574 -0.209175 0.232759 5.61543
1320.04 601.975 -1.62647 0.278126 6.39027
911.561 735.269 -1.33486 0.30237 3.06035
219.291 159.093 -6.10373 -1.66751 4.73795
1831.72 718.07 -0.0505388 0.437626 5.01075
1014.76 584.775 -3.21252 0.276349 6.73437
1023.36 206.391 -2.89946 -1.37723 6.36339
507.379 85.9964 -4.73738 -1.8765 5.20195
1474.84 434.282 -1.12132 -0.340367 6.52974
206.391 118.675 -5.14905 -1.55055 4.15837
1181.59 670.772 -2.29484 0.636389 6.7173
1140.31 655.292 -2.41236 0.540037 6.35499
1233.19 675.931 -2.19432 0.648224 6.89176
1315.74 804.926 -0.680091 0.325134 2.98198
1295.11 799.766 -0.667606 0.305724 2.89953
1475.7 433.422 -1.15183 -0.335009 6.7721
1470.54 175.433 -1.09805 -1.30958 6.5144
1589.21 706.89 -0.626178 0.533806 5.62023
1718.21 681.091 -0.292097 0.427836 5.74446
1816.24 650.133 -0.0319189 0.359855 5.842
1816.24 639.813 -0.0624861 0.307539 5.77108
263.149 644.973 -5.15231 0.4312 4.3278
670.772 727.529 -1.71673 0.295121 2.94849
1197.07 712.05 -2.18106 0.752903 6.46487
1744.01 675.931 -0.248632 0.424655 5.6631
283.788 696.571 -4.39394 0.528058 3.93527
1594.37 629.493 -0.659181 0.322682 6.00696
1774.96 614.014 -0.154945 0.254445 5.7245
221.871 98.0359 -5.77921 -1.85149 4.55835
1687.25 691.411 -0.377539 0.478931 5.70903
221.871 159.953 -6.0865 -1.66675 4.72596
1129.99 593.375 -2.41501 0.278965 6.34418
1816.24 712.05 -0.0616554 0.427735 4.98752
1759.49 712.05 -0.180042 0.482629 5.40259
1305.42 629.493 -1.7319 0.426288 6.60626
464.38 665.612 -5.51083 0.640316 5.55085
345.705 660.452 -6.34641 0.657547 5.47877
665.612 412.783 -4.99562 -0.571883 6.37249
412.783 206.391 -6.3158 -1.72308 5.96229
717.21 103.196 -4.4326 -1.97404 6.1549
1037.12 438.581 -3.02236 -0.384152 6.68951
1104.19 784.287 -0.979128 0.333209 3.01398
1597.47 631.557 -0.668881 0.333641 6.17022
1102.13 198.136 -3.43053 -1.81534 8.31309
470.572 650.133 -5.35214 0.558013 5.45381
464.38 662.516 -5.45938 0.634578 5.48989
1473.63 433.422 -1.10988 -0.330142 6.49296
1157.86 210.519 -2.57238 -1.47982 7.08846
303.395 687.283 -4.78251 0.582367 4.25532
303.395 656.324 -5.60317 0.552343 4.75194
260.053 643.941 -5.34951 0.451968 4.45065
829.693 780.159 -1.29707 0.325784 2.80039
1188.81 705.858 -2.25791 0.757561 6.60125
1182.62 668.708 -2.34262 0.648113 6.80635
1027.83 718.242 -2.41112 0.636981 5.35764
990.678 699.666 -2.9707 0.745273 6.24854
1133.09 594.407 -2.41501 0.278965 6.34418
1027.83 210.519 -2.8632 -1.36022 6.27985
1040.21 433.422 -3.0191 -0.390826 6.68619
668.708 414.846 -4.95707 -0.570904 6.39432
1575.18 705.858 -0.669975 0.502038 5.58231
1575.18 698.428 -0.732425 0.535686 5.93668
668.708 423.515 -4.52333 -0.473243 5.9698
1552.89 638.987 -0.789261 0.369037 6.00122
1545.46 638.987 -0.799033 0.385807 6.00589
1523.17 713.288 -0.869383 0.581213 5.91924
1567.75 638.987 -0.707959 0.368555 5.95445
988.202 698.428 -3.00302 0.68964 6.25569
1188.81 690.998 -2.19443 0.710855 6.38315
1322.56 757.869 -1.84597 0.958291 6.86703
1151.66 208.042 -2.4499 -1.40075 6.72214
943.621 728.148 -2.41949 0.606635 4.86139
913.901 735.579 -2.40472 0.576895 4.64988
468.095 646.418 -5.3956 0.550865 5.45832
460.665 661.278 -4.6799 0.507438 4.84923
274.913 698.428 -4.56606 0.530527 4.01591
1099.65 200.612 -3.65615 -1.91007 8.70592
1307.7 802.449 -0.689302 0.333044 3.03107
1025.35 713.288 -2.82863 0.757549 6.1373
1500.88 780.159 -0.908682 0.765533 5.60214
1753.5 705.858 -0.173566 0.369815 4.3586
1597.47 631.557 -0.681166 0.346685 6.26429
1463.73 750.439 -1.05273 0.733603 6.03078
1025.35 208.042 -2.98872 -1.42046 6.52278
1040.21 430.945 -2.97354 -0.405286 6.58942
1181.38 193.182 -2.52148 -1.55441 7.25566
1456.3 170.892 -1.03039 -1.19214 5.98452
