432 417 5.79101 0.226355 3.17452
728 81 5.78217 -1.59916 5.45349
762 288 3.86308 -1.32077 11.053
200 421 6.07094 0.233963 2.1978
237 345 6.11322 0.0846084 2.2433
235 327 6.11116 0.0517459 2.23858
480 630 5.82726 0.911971 3.39095
389 234 5.81532 -0.283192 2.9439
685 217 5.66639 -0.816106 5.20128
468 397 5.75688 0.165056 3.38527
446 609 5.71744 0.846647 3.35698
467 560 5.71957 0.710512 3.44711
311 422 6.00044 0.236609 2.52925
512 377 5.57806 0.0831658 3.86111
747 256 4.50025 -1.32032 8.96619
338 344 6.01862 0.0548152 2.58574
1187 177 7.81935 -0.468697 3.9224
305 264 6.37124 -0.0487785 2.17444
287 217 6.07772 -0.201635 2.37542
252 204 6.09126 -0.206989 2.27699
351 258 6.03396 -0.152144 2.60113
521 191 6.2809 -0.366254 2.93459
477 162 5.90857 -0.556627 3.21027
671 306 5.20567 -0.456956 5.95972
272 352 6.07063 0.0905721 2.35935
273 334 6.06098 0.0519398 2.36836
700 493 4.55014 0.865264 7.87694
348 140 6.03119 -0.434135 2.58176
332 130 6.04327 -0.433541 2.52225
460 101 5.93342 -0.704707 3.09653
464 71 6.00339 -0.765891 3.02733
1168 248 7.77327 -0.32398 4.19875
1154 247 7.74121 -0.335669 4.25323
1256 323 7.90702 -0.00197367 3.38895
525 384 7.1943 0.186038 1.70552
1148 322 7.71751 -0.0957035 4.19049
187 188 6.099 -0.205758 2.12999
252 249 6.12078 -0.10748 2.2603
38 350 6.14663 0.123334 1.86313
165 144 6.13787 -0.2623 2.05757
122 109 6.07818 -0.321097 2.01217
388 80 6.07545 -0.596765 2.65994
441 118 5.98861 -0.601127 2.95016
224 543 6.00791 0.492049 2.31435
249 378 6.03945 0.148731 2.33489
254 479 6.00099 0.360036 2.38076
401 436 6.33352 0.263948 2.46962
415 449 5.81009 0.32977 3.08518
820 262 4.55076 -1.56129 11.1313
886 227 4.89947 -2.32752 12.9105
894 74 6.28962 -2.13815 7.1709
891 172 5.73504 -2.11854 9.53047
893 131 6.16279 -1.92438 7.71926
984 84 6.89365 -1.91397 6.99602
1037 149 7.24763 -1.31921 6.48304
1236 576 7.86007 0.539815 3.41055
465.6 562.8 5.72843 0.70989 3.43307
463.2 546 5.79237 0.640288 3.34587
732 252 4.28414 -1.40157 9.14269
328.8 70.8 6.08544 -0.550148 2.4656
357.6 146.4 6.01999 -0.427164 2.62629
348 139.2 6.04045 -0.43199 2.57098
355.2 261.6 6.03467 -0.144078 2.61401
345.6 273.6 6.02724 -0.11157 2.59362
670.8 306 5.0619 -0.499957 6.24235
1255.2 265.2 7.90615 -0.130686 3.39674
357.6 58.8 6.08914 -0.604423 2.54748
639.6 522 5.29008 0.796284 5.44582
321.6 328.8 6.00907 0.0228582 2.54767
475.2 409.2 5.73588 0.20017 3.44887
464.4 75.6 6.08509 -0.707169 2.93397
1180.8 372 7.80129 0.0612784 4.18255
1153.2 421.2 7.72779 0.213413 4.1727
336 78 6.03542 -0.56707 2.53181
510 181.2 5.85367 -0.556471 3.44631
494.4 171.6 5.87792 -0.558627 3.3371
561.6 332.4 5.74004 -0.100731 3.94562
1170 450 7.76293 0.284343 4.06257
289.2 174 6.08367 -0.292993 2.37173
253.2 180 6.10417 -0.250836 2.26713
577.2 172.8 5.85515 -0.691687 3.86875
1136.4 404.4 7.68843 0.156206 4.31622
1138.8 505.2 7.69071 0.484087 4.49821
500.4 144 5.84614 -0.676781 3.40575
1210.8 471.6 7.83262 0.331809 3.58214
1192.8 478.8 7.80318 0.348853 3.69665
1216.8 462 7.8464 0.300567 3.62287
1239.6 334.8 7.88511 0.0102032 3.48282
494.4 321.6 5.78976 -0.0903949 3.46822
826.8 331.2 2.16334 -1.60687 19.4686
1148.4 321.6 7.71975 -0.0982162 4.19125
459.6 108 5.91863 -0.688966 3.11121
664.8 480 4.95086 0.64511 6.43201
1144.8 452.4 7.70759 0.319595 4.47679
1143.6 277.2 7.71243 -0.252078 4.28362
1166.4 255.6 7.76972 -0.296013 4.18045
1155.6 255.6 7.74318 -0.305076 4.22471
1154.4 247.2 7.74405 -0.338717 4.25344
534 259.2 5.89799 -0.310842 3.53426
536.4 253.2 5.95694 -0.31621 3.46579
604.8 358.8 7.16479 0.150663 1.89743
684 436.8 4.95816 0.364728 6.697
1158 286.8 7.74825 -0.218357 4.29533
736.8 453.6 4.2808 0.581893 9.31417
562.8 190.8 6.20209 -0.451198 3.2506
706.8 352.8 5.03699 -0.225706 6.88147
682.8 310.8 5.13638 -0.459239 6.28629
711.6 274.8 4.81167 -0.888839 7.44544
766.8 421.2 3.60664 0.27783 11.9778
770.4 376.8 3.64896 -0.274317 11.9545
698.4 396 5.00432 0.0758566 6.80644
252 204 6.08654 -0.204454 2.28343
286.8 216 6.07673 -0.20223 2.3757
236.4 344.4 6.11197 0.0854747 2.2424
282 292.8 5.92215 -0.0582107 2.50026
134.4 255.6 5.98581 -0.0817886 2.10557
135.6 310.8 6.16043 0.0449929 2.00559
224.4 75.6 6.13314 -0.428193 2.17107
190.8 118.8 6.03731 -0.35964 2.17149
69.6 64.8 5.99858 -0.394265 1.96725
165.6 144 6.13784 -0.260786 2.05766
338.4 193.2 6.02252 -0.29877 2.56667
354 276 6.03269 -0.109117 2.61412
514.8 40.8 6.19179 -0.806993 3.01226
609.6 187.2 5.60143 -0.820336 4.53325
380.4 158.4 5.87999 -0.467305 2.84141
244.8 612 6.01785 0.636525 2.36359
208.8 535.2 6.01441 0.468274 2.27641
307.2 592.8 5.95403 0.64747 2.57978
279.6 535.2 5.9558 0.497477 2.49671
188.4 628.8 6.03911 0.639983 2.224
126 662.4 5.81573 0.745627 2.2423
222 440.4 6.07162 0.27549 2.25306
211.2 367.2 6.06204 0.130382 2.22741
166.8 386.4 6.08838 0.169484 2.12064
31.2 448.8 6.18068 0.276638 1.84049
132 523.2 6.085 0.418275 2.06979
487.2 595.2 5.84967 0.796682 3.39725
546 535.2 5.47525 0.731517 4.26795
604.8 578.4 5.46091 1.00438 4.79088
534 622.8 5.77877 0.966415 3.75626
368.4 571.2 5.87716 0.634206 2.85287
512.4 376.8 6.14617 0.110804 3.09772
584.4 450 5.53938 0.3747 4.46058
367.2 360 5.99168 0.0895688 2.70193
660 232.8 5.10978 -0.92476 5.98794
676.8 210 4.81313 -1.26706 6.80702
783.6 259.2 4.39674 -1.53382 10.3305
842.4 22.8 6.44724 -1.72963 5.33938
891.6 171.6 5.94952 -1.86594 8.61551
892.8 130.8 6.13195 -1.96117 7.83393
672 91.2 5.4566 -1.59509 5.44812
776.4 64.8 6.06643 -1.63937 5.44301
654 181.2 5.4062 -1.05626 5.33409
963.6 237.6 6.41606 -1.41238 9.41494
984 84 6.91646 -1.8865 6.91352
1250.4 490.8 7.87879 0.347562 3.28914
733.2 180 4.41959 -2.01742 8.80683
1202.4 345.6 7.84021 0.00488117 3.85774
411.84 97.92 6.04255 -0.59411 2.77618
709.92 466.56 4.21612 0.69148 8.79826
1162.08 329.76 7.7613 -0.0627523 4.22555
1239.84 218.88 7.88456 -0.243417 3.42798
610.56 525.6 5.29968 0.78122 5.10684
1136.16 403.2 7.68901 0.155517 4.3182
1150.56 434.88 7.72449 0.252531 4.40543
1247.04 305.28 7.89218 -0.0489712 3.39658
437.76 184.32 5.91679 -0.442324 3.03199
1212.48 470.88 7.834 0.331787 3.58289
1218.24 460.8 7.84573 0.301091 3.62027
1247.04 123.84 7.93321 -0.538881 3.71255
540 372.96 5.66105 0.0658766 3.93776
600.48 385.92 5.08578 0.0433779 5.33273
577.44 371.52 5.55626 0.0278501 4.36469
604.8 358.56 7.16455 0.15011 1.89726
637.92 437.76 5.38176 0.342365 5.27596
1186.56 308.16 7.80186 -0.0977607 3.84465
515.52 407.52 5.6483 0.194762 3.78649
669.6 437.76 5.10891 0.360935 6.1634
730.08 447.84 4.50589 0.526067 8.61795
1130.4 540 7.66254 0.583387 4.25075
1153.44 254.88 7.74633 -0.301455 4.21555
583.2 177.12 5.73134 -0.748044 4.09526
610.56 280.8 5.84053 -0.326458 4.15411
1133.28 276.48 7.68317 -0.24694 4.28575
1157.76 286.56 7.74936 -0.21644 4.29606
712.8 306.72 4.71535 -0.653796 7.65793
682.56 311.04 4.82655 -0.529835 6.86673
717.12 433.44 4.37144 0.361854 8.54499
583.2 230.4 5.63142 -0.563171 4.26003
737.28 394.56 4.28301 -0.0114976 9.28287
786.24 406.08 3.1272 0.0933338 14.0809
770.4 377.28 3.68533 -0.264774 11.862
771.84 326.88 3.70037 -0.916701 11.8863
315.36 224.64 6.0438 -0.204263 2.48277
236.16 344.16 6.11197 0.0849793 2.24237
213.12 324 6.10208 0.049909 2.19735
272.16 334.08 6.09084 0.0591363 2.34362
282.24 293.76 5.92226 -0.0518698 2.50045
168.48 264.96 6.02158 -0.0665866 2.14964
167.04 351.36 6.01813 0.100602 2.16171
135.36 311.04 6.16026 0.0450549 2.00494
224.64 74.88 6.13381 -0.428733 2.17054
328.32 70.56 6.08313 -0.550309 2.4726
298.08 44.64 6.12699 -0.554797 2.35336
252 180 6.10528 -0.250431 2.26776
234.72 128.16 6.06556 -0.357122 2.2463
190.08 118.08 6.03875 -0.358838 2.17232
162.72 178.56 6.12227 -0.20313 2.07013
596.16 262.08 5.57626 -0.464595 4.46717
377.28 266.4 5.986 -0.154653 2.73136
355.68 262.08 6.03642 -0.144106 2.61496
355.68 352.8 5.99342 0.0650682 2.66999
465.12 302.4 5.88346 -0.122621 3.20494
514.08 40.32 6.19227 -0.805868 3.0126
609.12 187.2 5.46431 -0.892295 4.75668
357.12 145.44 6.01675 -0.430542 2.62431
205.92 588.96 6.01577 0.573214 2.27614
224.64 542.88 6.00867 0.49247 2.31479
308.16 593.28 5.95464 0.648112 2.58955
259.2 607.68 5.97965 0.643132 2.43327
277.92 535.68 5.95129 0.49068 2.49153
56.16 568.8 6.06092 0.484022 1.95766
158.4 594.72 6.06022 0.565086 2.1376
33.12 671.04 6.13856 0.62976 1.88495
126.72 662.4 5.81571 0.747369 2.2424
144 640.8 6.07153 0.634178 2.11328
250.56 380.16 6.04022 0.148281 2.33528
211.68 367.2 6.06102 0.130428 2.22629
286.56 419.04 6.01207 0.231888 2.45975
329.76 521.28 5.9776 0.473008 2.61546
259.2 473.76 6.00042 0.349463 2.40225
120.96 385.92 5.97087 0.174274 2.09993
95.04 491.04 6.09298 0.3574 1.994
54.72 521.28 6.06423 0.401266 1.94456
30.24 447.84 6.17829 0.275509 1.83913
545.76 535.68 5.58813 0.705267 4.09364
570.24 600.48 5.49023 1.04557 4.44635
394.56 574.56 5.85503 0.665167 2.97541
342.72 578.88 5.89179 0.636976 2.75318
465.12 563.04 5.72694 0.706373 3.43602
378.72 643.68 5.81332 0.86509 2.95693
426.24 678.24 5.73474 1.04455 3.24701
511.2 375.84 5.84743 0.0956003 3.49294
548.64 527.04 5.52022 0.693277 4.21333
365.76 360 6.28866 0.107456 2.40502
413.28 501.12 5.81278 0.476062 3.09122
711.36 275.04 4.86408 -0.873772 7.30902
784.8 259.2 3.9975 -1.72326 11.4678
747.36 256.32 4.56282 -1.27973 8.7881
758.88 286.56 4.4913 -1.06856 9.40922
672.48 90.72 5.42011 -1.62069 5.51837
756 82.08 6.06083 -1.46031 5.1705
1239.84 334.08 7.88313 0.00722121 3.49512
1177.92 84.96 7.80815 -0.794169 4.11495
992.16 132.48 6.98193 -1.48963 6.63271
956.16 129.6 6.79192 -1.52589 6.63585
1098.72 161.28 7.57328 -0.798293 4.89372
679.68 531.36 4.76915 1.06292 7.00816
696.96 491.04 4.59767 0.821884 7.73186
665.28 498.24 4.73335 0.805649 6.81289
728.64 489.6 4.20396 0.919166 9.27576
1238.4 576 7.8642 0.545305 3.41116
1249.92 489.6 7.87879 0.346264 3.28876
620.352 447.552 5.19413 0.390626 5.37978
1150.85 316.224 7.72667 -0.117226 4.19488
1202.69 345.6 7.83452 0.00355521 3.85599
675.648 476.928 4.67824 0.649587 7.1189
663.552 449.28 4.83666 0.445846 6.59101
705.024 406.08 4.6517 0.125905 7.70147
1143.94 276.48 7.7111 -0.253202 4.29651
1166.4 255.744 7.7745 -0.293779 4.18319
1154.3 255.744 7.74014 -0.309105 4.24587
1149.12 319.68 7.72046 -0.101261 4.19172
549.504 267.84 5.66595 -0.368893 3.99227
464.832 70.848 6.04814 -0.737422 2.97164
634.176 286.848 5.13811 -0.531264 5.60734
649.728 347.328 5.1272 -0.192465 5.80175
682.56 293.76 5.15347 -0.570554 6.23063
1152.58 195.264 7.74079 -0.524647 4.3795
571.968 222.912 5.69528 -0.558198 4.09286
570.24 195.264 5.6817 -0.666148 4.08489
705.024 352.512 4.96277 -0.240561 7.04346
725.76 316.224 4.4492 -0.685789 8.57086
770.688 376.704 3.86595 -0.293597 11.4665
205.632 247.104 5.94761 -0.12521 2.28161
304.128 262.656 6.06717 -0.110397 2.43986
212.544 311.04 6.11422 0.0273373 2.18346
283.392 293.76 5.9242 -0.0577583 2.5014
167.616 264.384 6.02217 -0.0661088 2.14999
169.344 352.512 6.01883 0.101404 2.16215
179.712 295.488 6.04221 -0.00688052 2.16565
203.904 62.208 6.15886 -0.421258 2.11169
190.08 117.504 6.03832 -0.359326 2.17206
70.848 65.664 5.9997 -0.393337 1.96963
158.976 105.408 6.09539 -0.341883 2.06799
355.968 262.656 6.02324 -0.146338 2.63017
388.8 221.184 5.81747 -0.331077 2.94077
366.336 359.424 5.9927 0.0837495 2.69982
354.24 298.944 5.99202 -0.0594763 2.6586
464.832 302.4 5.88346 -0.122621 3.20494
535.68 70.848 5.89232 -0.95569 3.5361
546.048 176.256 6.25315 -0.443284 3.08537
494.208 171.072 5.98972 -0.516199 3.19145
388.8 79.488 6.07714 -0.596082 2.6609
347.328 81.216 6.08702 -0.544629 2.51927
355.968 145.152 6.01677 -0.431995 2.62423
475.2 158.976 5.90659 -0.55786 3.20911
207.36 535.68 6.01986 0.46635 2.26984
259.2 608.256 5.99378 0.642573 2.4201
245.376 611.712 6.0375 0.636927 2.35248
188.352 628.992 6.03954 0.641819 2.2215
57.024 568.512 6.07877 0.480592 1.94451
91.584 563.328 6.09461 0.477791 1.99776
158.976 594.432 6.05837 0.564313 2.13883
120.96 604.8 6.08612 0.556901 2.05823
172.8 558.144 6.05155 0.497823 2.17145
62.208 667.008 6.10758 0.642717 1.94651
58.752 623.808 6.15895 0.557032 1.91114
126.144 661.824 5.81721 0.743246 2.24408
250.56 380.16 6.04033 0.152514 2.33476
217.728 371.52 6.05398 0.134621 2.25124
259.2 473.472 5.99077 0.34519 2.40863
119.232 432 6.12625 0.255024 2.01235
177.984 444.096 6.09687 0.278612 2.14047
523.584 589.248 5.78574 0.833216 3.68132
630.72 561.6 5.17791 1.03992 5.56389
378.432 599.616 5.83854 0.724366 2.9376
342.144 578.88 5.89257 0.634992 2.75319
485.568 596.16 5.79667 0.823972 3.46296
485.568 544.32 5.68236 0.661493 3.60128
426.816 558.144 5.79535 0.647428 3.16921
364.608 667.008 5.83031 0.910022 2.89704
511.488 376.704 5.64608 0.076357 3.75663
639.36 438.912 5.16615 0.342952 5.66447
578.88 371.52 7.15845 0.166897 1.85375
494.208 495.936 5.66009 0.50387 3.66368
623.808 492.48 5.17959 0.646108 5.44854
459.648 361.152 5.6244 0.0423907 3.51482
385.344 495.936 5.84244 0.449838 2.93918
412.992 501.12 5.85115 0.464925 3.04868
817.344 262.656 4.55081 -1.56309 11.1298
934.848 235.008 6.15908 -1.44085 9.3605
886.464 226.368 4.94965 -2.28968 12.7189
786.24 259.2 3.94936 -1.74873 11.5905
756.864 200.448 4.86725 -1.64709 8.24202
741.312 205.632 4.34103 -1.8241 9.14882
651.456 293.76 5.15025 -0.514251 5.78634
891.648 171.072 5.75029 -2.10165 9.46427
891.648 131.328 6.12785 -1.962 7.83926
689.472 82.944 5.51973 -1.63084 5.51731
673.92 89.856 5.59904 -1.49014 5.17978
729.216 81.216 5.87001 -1.50781 5.26395
660.096 171.072 5.23261 -1.22405 5.70485
732.672 150.336 5.53871 -1.4568 6.15025
1240.7 333.504 7.88687 0.00485602 3.50122
1178.5 82.944 7.80779 -0.786893 4.08191
1216.51 41.472 7.88595 -0.805399 3.84387
1195.78 65.664 7.84929 -0.832154 4.09875
983.232 82.944 6.83416 -2.04456 7.37206
986.688 69.12 6.9045 -2.03329 7.05447
957.312 129.6 6.78812 -1.53133 6.65703
1036.8 146.88 7.21998 -1.39732 6.72502
760.32 615.168 6.01933 1.21971 5.38731
729.216 489.024 4.16976 0.918179 9.36165
787.968 451.008 2.26615 0.819906 16.7086
1130.11 540.864 7.66588 0.585329 4.25127
1237.25 577.152 7.86509 0.547946 3.41153
1216.51 368.064 7.85372 0.076148 3.63275
1214.78 470.016 7.84358 0.328286 3.59156
895.104 76.032 6.4057 -1.94367 6.69223
1152.92 277.862 7.74129 -0.237954 4.2344
1142.55 275.789 7.70975 -0.250748 4.29593
1152.92 255.053 7.73399 -0.310736 4.25667
582.682 174.182 5.77083 -0.734928 4.02827
620.006 313.114 5.59446 -0.252991 4.6378
613.786 300.672 5.52531 -0.310577 4.69072
632.448 286.157 5.23232 -0.526849 5.43139
705.024 350.438 4.70601 -0.294562 7.52194
711.245 327.629 4.86596 -0.448484 7.24115
1132.19 275.789 7.68488 -0.246317 4.28672
649.037 346.291 5.11278 -0.193086 5.84026
750.643 483.149 3.99668 0.969445 10.4131
723.687 481.075 4.53303 0.805005 8.4187
746.496 423.014 3.97165 0.289676 10.3559
238.464 213.581 6.10594 -0.176579 2.23161
302.746 261.274 6.07266 -0.110148 2.43003
234.317 342.144 6.09503 0.0701456 2.25294
273.715 333.85 6.05538 0.0507284 2.37692
167.962 265.421 6.02468 -0.0645723 2.15542
134.784 257.126 5.98561 -0.0834941 2.10507
165.888 350.438 6.03494 0.104408 2.15114
134.784 335.923 6.1618 0.0905867 2.00338
298.598 41.472 6.12562 -0.559136 2.35187
184.55 182.477 6.10366 -0.210698 2.12535
234.317 126.49 6.18199 -0.31706 2.16573
547.43 205.286 5.6781 -0.581909 3.9251
595.123 261.274 5.44684 -0.499258 4.66624
622.08 207.36 5.59401 -0.759281 4.6699
572.314 221.875 5.68441 -0.560086 4.09101
545.357 315.187 5.2487 -0.227202 4.53344
597.197 331.776 5.44027 -0.188796 4.7057
599.271 306.893 5.54301 -0.267629 4.55084
364.954 358.733 5.99487 0.0813894 2.69514
398.131 286.157 5.99006 -0.107723 2.81018
348.365 282.01 6.01371 -0.100876 2.61947
514.253 39.3984 5.85709 -1.032 3.44934
626.227 91.2384 5.29067 -1.51808 5.17363
628.301 153.446 5.4796 -1.08869 4.91741
358.733 58.0608 6.09168 -0.60474 2.54343
414.72 99.5328 5.98944 -0.613378 2.85075
464.486 72.576 5.96742 -0.774533 3.07207
337.997 182.477 6.01582 -0.32736 2.57253
356.659 143.078 6.01585 -0.433798 2.62389
205.286 588.902 6.01851 0.574412 2.27002
244.685 528.768 6.00097 0.469852 2.36952
207.36 534.989 6.0195 0.4639 2.26578
308.966 593.05 5.95692 0.647476 2.58533
186.624 628.301 6.03722 0.637904 2.21736
91.2384 561.946 6.05682 0.482298 2.02015
89.1648 653.184 6.10559 0.62913 1.99527
143.078 640.742 6.07028 0.636044 2.11273
215.654 371.174 6.05238 0.137133 2.24911
306.893 391.91 6.00977 0.171971 2.51065
292.378 362.88 6.00433 0.109946 2.46945
192.845 493.517 6.04416 0.380672 2.2138
248.832 479.002 6.01007 0.360365 2.36177
213.581 481.075 6.02751 0.358807 2.26486
329.702 472.781 5.98477 0.357097 2.61395
263.347 470.707 5.99192 0.342414 2.40879
172.109 431.309 6.11792 0.258339 2.11438
120.269 431.309 6.12641 0.257909 2.01238
167.962 364.954 6.08948 0.137255 2.11312
51.84 520.474 6.06437 0.404178 1.94312
543.283 534.989 5.54533 0.704801 4.14066
497.664 537.062 5.67665 0.656097 3.67739
570.24 597.197 5.41356 1.04533 4.5606
609.638 524.621 5.3105 0.77961 5.08053
532.915 620.006 5.75463 0.968796 3.78843
489.37 644.89 5.66325 1.02716 3.65134
342.144 578.534 5.89192 0.636546 2.75285
485.222 595.123 5.72292 0.837506 3.55499
425.088 557.798 5.7959 0.649808 3.16738
364.954 665.626 5.83617 0.900217 2.89679
462.413 663.552 5.77778 1.01528 3.37827
443.75 673.92 5.78183 1.01863 3.27813
549.504 379.469 5.54481 0.0750726 4.15899
510.106 375.322 5.75893 0.0826503 3.59822
628.301 439.603 5.06998 0.347403 5.72744
588.902 441.677 5.7388 0.333536 4.18299
622.08 396.058 5.22545 0.112171 5.31746
578.534 371.174 5.47468 0.0244956 4.51184
620.006 449.971 5.16821 0.393606 5.40617
582.682 449.971 5.28687 0.385153 4.83308
362.88 425.088 5.93702 0.250983 2.75924
346.291 474.854 5.91534 0.367732 2.72743
412.646 499.738 5.8075 0.46776 3.09024
472.781 443.75 5.81954 0.317251 3.34623
814.925 261.274 3.88331 -1.97162 13.0881
933.12 234.317 6.03044 -1.59518 10.0869
885.427 226.022 4.97896 -2.2665 12.6089
912.384 279.936 5.42136 -1.48587 12.17
711.245 273.715 4.68608 -0.917072 7.66182
696.73 236.39 5.05736 -1.01117 6.63055
754.791 199.066 4.88827 -1.64472 8.20388
682.214 311.04 4.86163 -0.521416 6.81195
651.11 292.378 5.12714 -0.51567 5.82478
889.575 172.109 5.88716 -1.93559 8.84289
941.415 134.784 6.7284 -1.47499 6.51876
891.648 130.637 6.02436 -2.1183 8.30798
673.92 89.1648 5.55545 -1.51189 5.25533
731.981 182.477 4.52149 -1.91503 8.56851
1237.94 333.85 7.88618 0.00320327 3.5015
1237.94 319.334 8.83072 -1.03118 13.3785
1177.8 82.944 7.80687 -0.798057 4.10545
958.003 130.637 6.8833 -1.38934 6.18522
887.501 447.898 2.9214 0.940102 21.7556
682.214 435.456 4.84763 0.355642 6.95495
698.803 491.443 4.51189 0.832134 7.89337
680.141 447.898 4.76567 0.449036 6.99906
1109.38 601.344 7.60299 0.793005 4.37482
1235.87 576.461 7.86567 0.547289 3.4118
1148.77 433.382 7.72029 0.255171 4.41045
1140.48 522.547 7.69774 0.52783 4.3109
982.887 82.944 6.88675 -1.95348 7.05915
744.008 345.877 3.92928 -0.569799 10.3004
726.59 328.458 4.60398 -0.576843 8.24456
706.683 328.458 4.74594 -0.473568 7.45899
111.974 206.531 6.21024 -0.113808 1.92606
47.2781 432.968 6.11339 0.258651 1.90703
890.819 171.694 5.70547 -2.15022 9.60907
890.819 131.881 6.22154 -1.85254 7.46463
985.375 69.673 6.96397 -1.85236 6.56004
114.463 296.11 6.14007 0.0223556 1.98222
689.265 82.1146 5.55106 -1.61695 5.461
671.846 89.5795 5.70379 -1.40583 4.97041
671.846 79.6263 5.45168 -1.6487 5.44429
258.785 607.15 5.99079 0.640175 2.41775
99.5328 502.641 6.12641 0.371423 1.97841
328.458 517.571 5.92359 0.478547 2.67746
783.821 199.066 5.08056 -1.6957 8.44952
813.681 261.274 4.50424 -1.5907 11.1739
803.727 201.554 5.34745 -1.56146 8.11595
532.501 619.592 5.39366 1.08216 4.30108
729.078 79.6263 5.71848 -1.64451 5.62266
121.928 432.968 6.12785 0.255679 2.01307
313.528 599.685 5.92642 0.671801 2.6214
913.214 278.692 5.83596 -1.18982 10.088
532.501 49.7664 5.98541 -0.945555 3.37706
97.0445 669.358 6.09635 0.666274 2.01491
59.7197 666.87 6.10919 0.640622 1.94696
111.974 604.662 6.09576 0.559017 2.03226
69.673 619.592 6.15223 0.554313 1.92498
92.0679 559.872 6.09574 0.478257 1.99612
54.743 567.337 6.06214 0.48492 1.9544
166.717 266.25 6.02748 -0.0631419 2.14223
72.1613 67.1846 5.99996 -0.393069 1.96979
124.416 102.021 6.07473 -0.325649 2.01569
176.671 47.2781 6.12778 -0.446797 2.08543
659.405 191.601 5.48573 -0.978785 5.24041
166.717 350.853 6.0813 0.105966 2.11632
134.369 335.923 6.16247 0.0888223 2.0022
176.671 293.622 6.04041 -0.00788137 2.16148
410.573 360.806 6.03618 0.0873472 2.80589
1020.21 136.858 7.11953 -1.49042 6.88477
89.5795 164.229 6.20189 -0.172047 1.89478
223.949 592.22 5.99506 0.597191 2.33117
206.531 534.989 6.01839 0.464733 2.26466
330.947 520.059 6.0095 0.469199 2.59735
218.972 430.479 6.04618 0.253319 2.26086
213.996 368.271 6.05621 0.136248 2.23828
375.736 515.082 5.87402 0.501175 2.8812
408.085 564.849 5.91461 0.639292 2.96503
146.811 497.664 6.11316 0.375541 2.07068
542.454 532.501 5.49437 0.714786 4.21158
746.496 256.297 4.308 -1.36277 9.35462
741.519 204.042 4.60251 -1.69908 8.54345
1176.98 79.6263 7.80576 -0.804593 4.10129
184.136 181.647 6.11001 -0.211063 2.11538
144.323 181.647 6.16296 -0.176517 2.00907
164.229 144.323 6.12723 -0.266254 2.06483
532.501 445.409 5.61555 0.343799 3.95069
437.944 500.152 5.83421 0.472617 3.18012
472.781 442.921 5.77278 0.315025 3.40394
1147.12 639.498 7.69991 0.805086 3.87604
398.131 286.157 5.93052 -0.114209 2.87108
1174.49 562.36 7.76392 0.575383 3.76873
1201.86 525.036 7.81572 0.460768 3.56558
355.83 141.834 6.01556 -0.438798 2.62255
485.222 233.902 5.99164 -0.315738 3.16073
442.921 211.507 5.94569 -0.353314 3.0238
363.295 666.87 5.82776 0.910039 2.89224
375.736 599.685 5.83741 0.728955 2.93561
602.174 577.29 5.49355 0.980004 4.72475
609.638 522.547 5.45187 0.747001 4.85972
233.902 196.577 6.11379 -0.203461 2.21936
233.902 126.904 6.10081 -0.3444 2.2262
293.622 231.414 6.07659 -0.170434 2.39454
1214.3 467.804 7.83536 0.313441 3.59238
1226.74 435.456 7.87411 0.247212 3.64862
248.832 246.344 6.12151 -0.111166 2.25618
206.531 246.344 6.00329 -0.114889 2.23797
437.944 114.463 5.98882 -0.602722 2.94988
462.828 72.1613 5.9519 -0.785725 3.08746
485.222 594.709 5.63276 0.857149 3.67106
425.503 557.384 5.79435 0.649358 3.16281
696.73 236.39 5.07114 -1.00638 6.59927
169.206 557.384 6.05489 0.495494 2.16058
308.552 338.412 6.02415 0.0500279 2.49241
273.715 333.435 6.05995 0.0504431 2.37083
288.645 313.528 5.93815 -0.00636867 2.50639
328.458 435.456 6.29567 0.266277 2.31533
413.061 97.0445 6.04359 -0.595618 2.77636
388.178 79.6263 6.07457 -0.595281 2.65957
358.318 57.2314 6.08492 -0.606733 2.55558
467.804 602.174 5.73351 0.817772 3.43623
233.902 340.9 6.10809 0.0784442 2.23812
313.528 161.741 6.10633 -0.327471 2.41902
308.552 102.021 6.08082 -0.460896 2.41317
435.456 365.783 5.90611 0.0825272 3.05933
758.938 487.711 4.10616 1.0225 10.4481
783.821 450.386 2.07824 0.843605 16.9955
967.957 539.966 6.62413 1.09193 8.06526
1142.14 522.547 7.69886 0.531817 4.31177
1025.19 574.802 7.2122 0.975326 5.93561
1104.81 517.571 7.61268 0.454614 3.65244
1144.63 450.386 7.70268 0.304341 4.48166
544.942 313.528 5.67168 -0.172792 3.93204
507.617 241.367 5.84732 -0.354413 3.45661
587.244 437.944 5.35784 0.34135 4.77166
622.08 395.643 5.12605 0.111533 5.47797
579.779 370.76 5.29441 0.0127799 4.7783
450.386 129.393 5.97186 -0.59116 3.0292
597.197 440.433 5.49418 0.339135 4.62794
447.898 288.645 5.88931 -0.144277 3.12575
597.197 330.947 5.69158 -0.147991 4.28987
552.407 432.968 5.56906 0.296903 4.16386
520.059 435.456 5.62895 0.295777 3.85359
492.687 169.206 5.80075 -0.582552 3.42696
530.012 131.881 5.82129 -0.783177 3.61044
771.379 375.736 3.4247 -0.294685 12.6266
699.218 490.199 4.88693 0.776257 7.13849
664.382 452.874 4.92697 0.45833 6.41247
1152.09 253.809 7.7329 -0.315022 4.25779
651.94 293.622 5.03456 -0.531232 5.98849
893.307 74.6496 6.27297 -2.1584 7.23326
474.772 444.912 5.71443 0.310032 3.48796
435.954 444.912 5.8679 0.308615 3.10118
56.7337 567.337 6.05704 0.481321 1.96079
95.5515 528.519 6.10247 0.419715 1.98886
167.215 265.753 6.02509 -0.058638 2.14164
134.369 256.795 5.99282 -0.0630087 2.09824
158.257 220.963 6.17503 -0.114746 2.02827
194.089 492.687 6.04538 0.376229 2.2116
146.313 438.94 6.11753 0.265319 2.05848
203.047 588.239 6.01773 0.568731 2.26208
256.795 104.509 6.13862 -0.391071 2.2446
203.047 59.7197 6.17314 -0.418719 2.09767
409.08 501.645 5.87455 0.465255 3.01031
346.374 474.772 5.91 0.373831 2.72748
543.449 534.491 5.45109 0.706085 4.26728
400.122 435.954 5.87246 0.28316 2.95834
525.533 513.589 5.53763 0.615173 4.02908
1110.79 600.183 7.60794 0.795744 4.3717
220.963 432.968 6.04738 0.254182 2.263
214.991 370.262 6.06371 0.134839 2.23317
247.837 244.851 6.12103 -0.115434 2.25535
779.342 256.795 4.1383 -1.64246 10.9348
486.715 232.907 6.02246 -0.307758 3.12279
441.926 209.019 6.00972 -0.339188 2.94384
462.828 564.351 5.70359 0.704903 3.45856
424.01 558.379 5.80278 0.641287 3.15488
409.08 567.337 5.88546 0.638145 2.99169
346.374 585.253 5.89423 0.659171 2.75496
304.57 435.954 5.99698 0.276632 2.52462
292.626 373.248 6.02249 0.128165 2.45339
373.248 110.481 6.00473 -0.518304 2.68889
388.178 77.6356 6.10529 -0.589716 2.6328
603.169 576.295 5.21177 1.05615 5.17964
609.141 522.547 6.36765 0.529834 3.28874
1098.84 152.285 7.57772 -0.7967 4.84817
131.383 334.43 6.16217 0.0887349 2.00317
164.229 286.655 6.03313 -0.00466482 2.13979
185.131 182.145 6.11095 -0.212771 2.11464
164.229 146.313 6.13726 -0.259592 2.05628
131.383 164.229 6.072 -0.227099 2.03731
301.584 259.781 6.06306 -0.111298 2.44735
295.612 232.907 6.07935 -0.167344 2.39679
388.178 358.318 5.97081 0.0714255 2.79368
364.29 358.318 6.01251 0.0826935 2.67218
397.136 286.655 5.8682 -0.125437 2.94275
710.664 274.711 4.6619 -0.913356 7.65454
662.889 244.851 5.67975 -0.627187 4.92461
238.879 328.458 6.11417 0.0526177 2.24056
122.425 650.945 6.07795 0.642241 2.06032
438.94 113.467 6.11348 -0.547082 2.79721
1197.38 486.715 7.805 0.366721 3.64412
137.355 576.295 6.0708 0.511006 2.09993
489.701 644.973 5.61053 1.0348 3.71899
483.729 594.211 5.62432 0.857298 3.67184
310.542 340.402 6.02579 0.0510686 2.49223
271.725 313.528 5.90247 -0.013697 2.49994
313.528 161.243 6.06969 -0.336623 2.44987
830.104 295.612 3.56052 -1.74308 14.9
1143.63 522.547 7.69891 0.528612 4.31158
328.458 122.425 6.0468 -0.445478 2.5037
379.22 639.001 5.90713 0.804713 2.88101
376.234 600.183 5.84391 0.726355 2.91588
435.954 364.29 5.8869 0.0853639 3.0793
531.505 253.809 5.7039 -0.377449 3.79158
1119.74 504.631 7.63201 0.508682 4.50617
785.314 450.884 2.75864 0.778568 15.0962
543.449 313.528 5.61473 -0.173468 4.01901
498.659 307.556 5.86302 -0.12966 3.38665
549.421 379.22 5.53988 0.0710007 4.16373
609.141 394.15 5.13716 0.110167 5.32073
579.281 495.673 5.22708 0.640637 4.98293
627.057 438.94 5.40166 0.349243 5.08164
588.239 438.94 5.65814 0.320458 4.31655
644.973 438.94 4.98568 0.367614 6.03623
474.772 158.257 5.90779 -0.560852 3.20201
492.687 167.215 5.96047 -0.54088 3.22643
597.197 331.444 5.35378 -0.195136 4.79086
600.183 304.57 5.51667 -0.274965 4.58696
653.931 295.612 5.4868 -0.41559 5.1983
573.309 220.963 5.65263 -0.567147 4.13826
665.875 531.505 4.98104 0.969541 6.38269
943.571 131.383 6.72505 -1.48133 6.52487
1179.46 77.6356 7.81256 -0.785297 4.03788
770.384 83.6076 6.14953 -1.41214 5.13295
674.833 89.5795 5.61967 -1.4655 5.12711
892.809 131.383 6.00185 -2.11546 8.35479
919.683 232.907 5.79266 -1.71427 10.5594
824.132 259.781 4.90389 -1.44699 10.0588
513.589 630.043 5.57655 1.03041 3.90564
92.5655 507.617 6.14446 0.377114 1.96011
507.617 110.481 5.83562 -0.795106 3.45143
191.103 119.439 6.11713 -0.326057 2.11787
116.453 295.612 6.14336 0.0223028 1.984
113.467 206.033 6.19049 -0.118099 1.93992
329.653 433.565 5.97933 0.270658 2.62562
300.987 433.565 6.01309 0.27488 2.48766
290.238 372.651 6.02343 0.133591 2.45626
171.993 637.806 6.07146 0.642824 2.16285
161.243 591.225 6.06198 0.557198 2.1443
386.984 358.318 5.96971 0.0702876 2.78588
394.15 286.655 5.98825 -0.116328 2.80692
662.889 247.24 5.27237 -0.778812 5.70908
250.823 197.075 6.09801 -0.211394 2.27068
272.322 150.494 6.07594 -0.331173 2.3287
329.653 121.828 6.06519 -0.445382 2.48892
336.819 186.325 6.01923 -0.320253 2.57315
440.731 437.148 5.69245 0.286518 3.34372
462.23 566.143 5.73301 0.717664 3.40986
426.399 558.976 5.79886 0.644169 3.1558
483.73 594.808 5.86861 0.799646 3.34902
587.642 573.309 5.34492 0.980894 4.81789
745.302 257.989 4.62732 -1.23058 8.6576
738.135 247.24 4.16056 -1.50667 9.45626
967.459 537.477 6.48167 1.15632 8.83939
143.327 182.742 6.17945 -0.168671 2.0023
250.823 329.653 6.09023 0.0595962 2.27484
483.73 107.495 5.90892 -0.739035 3.22741
462.23 71.6636 5.94162 -0.789196 3.10059
1117.95 501.645 7.63872 0.486224 4.4841
1193.2 197.075 7.81895 -0.401869 3.93004
1186.03 562.56 7.78669 0.578219 3.75336
1200.37 526.728 7.81304 0.458852 3.564
300.987 257.989 6.02298 -0.124836 2.47087
293.821 232.907 6.07796 -0.170233 2.3953
644.973 440.731 5.23771 0.358188 5.59408
713.053 447.898 4.21041 0.519913 8.86689
523.145 186.325 6.2887 -0.373386 2.93493
562.56 164.826 6.07952 -0.583843 3.43369
709.47 318.903 4.59903 -0.623119 7.78631
652.139 297.404 5.03439 -0.514928 6.0149
1200.37 347.569 7.82973 0.00709209 3.85362
275.905 336.819 6.0524 0.0581564 2.38292
290.238 311.737 5.93904 -0.0133182 2.5104
494.479 286.655 6.06054 -0.152641 3.12637
1114.37 562.56 7.61951 0.662863 4.25205
1125.12 533.894 7.65651 0.563156 4.24842
555.393 433.565 5.52433 0.294411 4.2356
562.56 361.901 5.46518 -0.0203939 4.3814
1146.62 433.565 7.70683 0.250856 4.39204
1143.03 383.4 7.70903 0.0886316 4.27904
580.475 498.062 5.33062 0.61751 4.75155
619.89 369.068 4.8678 -0.0737038 5.85304
580.475 372.651 5.36872 0.0238582 4.67097
1150.2 254.406 7.737 -0.313525 4.25042
440.731 207.825 6.03391 -0.330378 2.92263
455.064 139.744 5.94704 -0.561377 3.07783
537.477 257.989 5.78223 -0.357598 3.7307
512.395 265.155 5.73992 -0.313748 3.62322
784.717 451.481 2.20698 0.837056 16.5087
763.218 609.141 5.51231 1.48547 6.84519
942.377 132.578 6.74671 -1.50999 6.55681
1178.87 75.2468 7.80755 -0.799745 4.06753
741.719 200.658 4.77007 -1.64376 8.20628
659.305 189.909 4.97589 -1.23736 6.1569
766.801 82.4132 6.08741 -1.46721 5.27099
799.049 197.075 5.36214 -1.54399 7.94447
419.232 437.148 5.66052 0.284992 3.25992
376.234 598.391 5.87197 0.717618 2.89538
569.726 598.391 5.48886 1.02244 4.44147
512.395 630.64 5.54309 1.03906 3.96052
175.576 433.565 6.06561 0.266104 2.16112
121.828 433.565 6.15538 0.254287 1.9924
322.486 472.98 5.91107 0.362622 2.65523
222.157 433.565 6.06916 0.257012 2.25235
125.411 648.556 6.12413 0.633889 2.03833
132.578 573.309 6.07885 0.520531 2.07837
329.653 515.978 5.92235 0.477821 2.67658
229.324 541.06 6.03049 0.482836 2.30814
390.567 78.83 6.04463 -0.603373 2.702
505.229 107.495 5.88862 -0.778043 3.3874
232.907 128.995 6.11749 -0.334463 2.21296
247.24 243.656 6.12687 -0.115269 2.24456
481.58 593.375 5.71009 0.846635 3.55173
528.878 511.678 5.56346 0.594897 3.99875
679.371 528.878 5.05878 0.969183 6.49566
1096.45 546.077 7.56948 0.636768 4.45509
1126.55 533.177 7.65138 0.569149 4.24803
257.989 322.486 6.07101 0.0308682 2.32339
214.991 313.887 6.05866 0.0205923 2.23623
296.687 232.19 6.07554 -0.17087 2.39802
421.382 498.779 5.7757 0.470715 3.17843
408.483 438.581 5.93073 0.285549 2.95723
395.583 283.788 5.89797 -0.133762 2.89619
386.984 219.291 5.82725 -0.326805 2.91643
434.282 412.783 5.74717 0.211966 3.2438
434.282 361.185 5.90104 0.0710817 3.06151
464.38 197.792 6.0157 -0.39539 3.03152
477.28 150.494 5.91063 -0.577557 3.20629
438.581 111.795 6.04721 -0.586922 2.86396
245.09 167.693 6.12813 -0.261263 2.22904
515.978 352.585 5.65686 -0.0138295 3.7701
546.077 313.887 5.61537 -0.180517 3.96095
1135.15 253.689 7.68878 -0.322928 4.28432
597.675 331.086 5.71571 -0.144621 4.24603
705.17 485.879 4.61767 0.813101 7.69882
687.971 438.581 4.56103 0.38557 7.59085
649.273 438.581 5.15498 0.363999 5.77986
657.872 300.987 5.28918 -0.44354 5.6039
769.667 455.781 3.88552 0.770328 11.3025
546.077 223.591 6.11768 -0.369716 3.26449
580.475 494.479 5.28094 0.602591 4.83056
623.474 438.581 4.94509 0.351972 5.80955
584.775 374.084 5.35964 0.0151346 4.70086
597.675 270.889 5.46866 -0.490121 4.62983
597.675 214.991 7.17823 0.0128822 1.85113
692.271 361.185 4.84932 -0.166627 7.01846
683.671 270.889 4.74675 -0.813192 7.06501
696.57 232.19 4.84377 -1.101 7.07826
1152.35 253.689 7.73527 -0.311316 4.24792
748.168 318.187 4.33838 -0.760988 9.31996
1143.75 434.282 7.7172 0.250532 4.38368
945.96 128.995 6.81065 -1.41536 6.24494
743.869 197.792 4.82427 -1.6357 8.13048
765.368 81.6965 6.08673 -1.51959 5.31497
675.071 85.9964 5.4818 -1.59677 5.42251
924.461 232.19 6.00306 -1.50265 9.5493
374.084 597.675 5.8425 0.730884 2.91713
571.876 593.375 5.35754 1.045 4.63114
606.274 571.876 5.16274 1.05066 5.25944
176.293 434.282 6.11162 0.261041 2.12565
210.691 369.784 6.05978 0.14496 2.23781
236.49 481.58 6.01379 0.368258 2.32927
219.291 429.982 6.0701 0.259359 2.25902
116.095 601.975 6.09038 0.554523 2.04428
167.693 567.576 6.05136 0.497821 2.16423
313.887 593.375 6.37348 0.551412 2.21664
249.389 614.874 6.10725 0.633063 2.3028
227.89 533.177 6.09335 0.466845 2.25924
395.583 171.993 6.16187 -0.349327 2.60644
391.283 81.6965 5.99962 -0.629212 2.75268
627.773 210.691 5.43817 -0.804512 5.03259
189.192 120.395 6.1059 -0.32901 2.13155
128.995 331.086 6.2107 0.0855169 1.96269
343.985 343.985 6.00995 0.0635272 2.61479
245.09 240.79 6.12689 -0.116506 2.24449
799.766 197.792 5.27178 -1.62233 8.21295
515.978 350.865 5.69927 -0.017312 3.72028
485.02 428.262 5.68824 0.255407 3.56226
433.422 412.783 5.81 0.193414 3.155
474.7 366.345 5.77328 0.0484042 3.43886
433.422 366.345 5.94535 0.082211 2.99658
500.499 185.752 5.83825 -0.51678 3.43346
619.174 443.741 5.87056 0.347272 4.1373
588.215 438.581 5.38806 0.322392 4.72883
732.689 330.226 4.98734 -0.477412 7.47316
1150.63 252.829 7.73734 -0.313912 4.25058
392.143 283.788 5.9063 -0.133894 2.88967
464.38 139.314 5.96055 -0.58629 3.09034
474.7 309.587 5.81735 -0.110356 3.33311
923.601 232.19 6.23606 -1.3338 8.64792
1150.63 196.072 7.74703 -0.528462 4.38121
257.989 325.066 6.07494 0.0371026 2.31825
655.292 299.267 5.04157 -0.488588 6.04198
1114.51 309.587 7.64679 -0.0819515 3.72907
686.251 443.741 5.1155 0.396439 6.4404
510.818 221.871 5.94576 -0.401272 3.34746
964.879 531.458 6.65699 1.03663 7.89024
763.648 614.014 6.12963 1.15704 5.19772
665.612 526.298 4.81845 0.973905 6.68075
1150.63 314.747 7.72414 -0.112314 4.19355
407.623 361.185 6.92711 0.154476 1.84308
521.138 454.061 6.25031 0.320891 3.01161
479.86 598.535 6.01048 0.765833 3.14654
479.86 521.138 5.61989 0.591844 3.6623
562.416 515.978 5.41924 0.663044 4.47472
123.835 433.422 6.10521 0.255461 2.04257
299.267 433.422 6.01709 0.267481 2.4887
221.871 433.422 6.06883 0.260992 2.25618
134.154 577.896 6.08008 0.521005 2.07935
98.0359 505.659 6.10876 0.372661 1.9865
345.705 583.055 6.00397 0.62187 2.65831
299.267 562.416 5.93833 0.565323 2.58233
232.19 536.617 6.0139 0.470122 2.32299
314.747 165.113 6.07934 -0.332347 2.44542
330.226 139.314 6.04599 -0.40545 2.52278
232.19 134.154 6.11961 -0.331299 2.21432
216.711 314.747 6.10818 0.0382369 2.20359
299.267 257.989 6.08365 -0.118628 2.4202
247.67 242.51 6.09949 -0.120736 2.27156
346.737 266.245 5.85892 -0.155849 2.76937
526.298 501.531 5.46381 0.585934 4.14638
582.023 371.504 5.29629 0.0102971 4.85502
643.941 377.696 3.56652 -0.116035 8.70016
662.516 241.478 6.50648 -0.320091 3.34709
767.776 421.038 3.51703 0.267952 12.2465
730.625 365.313 5.08563 -0.162907 7.25785
761.584 315.779 4.65328 -0.740137 8.99827
433.422 470.572 5.85634 0.382002 3.11915
421.038 445.805 6.29397 0.292953 2.57289
371.504 427.23 6.12375 0.252287 2.61121
241.478 334.354 6.12422 0.0692034 2.21691
260.053 321.97 6.07211 0.0300818 2.32023
1114.51 445.805 7.62471 0.286771 3.90767
965.911 526.298 6.42139 1.12263 9.1257
773.967 458.189 2.47741 0.861727 15.3421
947.336 123.835 6.81065 -1.41536 6.24494
1139.28 117.643 7.7145 -0.776836 4.30547
1151.66 315.779 7.72125 -0.109036 4.1922
656.324 185.752 5.28341 -1.1102 5.5851
433.422 359.121 5.96286 0.0796617 2.97832
606.79 445.805 5.23151 0.388451 5.14902
606.79 563.448 5.34348 1.01035 4.99149
569.64 594.407 5.50776 1.01929 4.39738
123.835 433.422 6.15331 0.25864 2.00488
148.602 421.038 6.06622 0.238028 2.10661
191.944 594.407 6.03275 0.574851 2.22647
309.587 594.407 5.94908 0.657542 2.59913
297.203 563.448 5.94957 0.562094 2.55175
482.956 198.136 5.76172 -0.479485 3.42396
439.613 130.027 6.7356 -0.227856 2.10326
371.504 148.602 5.99784 -0.443428 2.68528
390.08 340.546 5.97299 0.0342797 2.78703
396.271 284.82 5.98428 -0.119756 2.80368
173.369 204.327 6.1477 -0.154591 2.0749
148.602 185.752 6.17588 -0.170086 2.01546
229.094 130.027 6.11034 -0.334575 2.20795
315.779 167.177 6.04932 -0.326025 2.4782
241.478 216.711 6.11165 -0.169606 2.24808
117.643 297.203 6.16254 0.0286497 1.97431
204.327 247.67 6.01224 -0.10968 2.23687
359.121 352.929 6.14051 0.0848723 2.53745
798.734 198.136 5.42413 -1.50531 7.7407
564.687 185.752 5.70928 -0.698961 4.00498
653.848 304.634 4.64665 -0.539169 6.68881
906.471 438.375 6.21177 0.362723 8.10431
1129.37 557.256 7.66588 0.585329 4.25127
713.288 445.805 4.09659 0.458674 9.21183
713.288 482.956 4.92177 0.782958 7.20423
965.911 230.333 6.49269 -1.41806 9.19044
921.331 230.333 5.49918 -2.00955 11.9074
1121.94 297.203 7.65922 -0.119497 3.76467
690.998 200.612 4.86302 -1.36372 7.02375
638.987 274.913 5.83648 -0.461851 4.44449
468.095 393.795 5.76206 0.155333 3.3883
430.945 364.074 5.91265 0.0808846 3.04254
586.977 475.526 5.38128 0.475718 4.77619
579.547 371.504 5.43289 0.00830494 4.66313
475.526 557.256 5.72779 0.707338 3.43654
386.365 482.956 5.69316 0.445708 3.10806
609.267 557.256 6.06478 0.73066 3.78604
586.977 512.676 5.122 0.733809 5.13886
527.536 497.816 5.52439 0.567999 4.06278
148.602 416.085 6.06243 0.232059 2.10673
326.924 430.945 6.03919 0.259607 2.54706
349.214 408.655 5.71466 0.19422 2.91784
475.526 193.182 5.74088 -0.530492 3.40422
468.095 334.354 5.67738 -0.0440958 3.47383
393.795 282.343 5.62869 -0.177941 3.15145
245.193 230.333 6.12887 -0.139809 2.23576
267.483 237.763 6.15926 -0.122219 2.26972
215.473 312.064 6.08468 0.0267679 2.21515
148.602 282.343 5.99332 -0.0363843 2.13774
297.203 245.193 5.86384 -0.170421 2.5936
787.589 193.182 5.17739 -1.6599 8.32468
695.456 303.148 4.95267 -0.584971 6.70204
695.456 258.567 5.17894 -0.835 6.20718
757.869 312.064 4.42588 -0.804251 9.58424
891.61 454.721 6.26617 0.46392 7.41201
971.855 231.819 6.7925 -1.10953 7.69282
927.275 231.819 6.60707 -1.08429 7.18213
222.903 427.973 6.05636 0.245032 2.2906
213.987 374.476 6.06399 0.141693 2.23064
294.231 534.966 5.96604 0.497759 2.52336
668.708 490.386 4.75704 0.693087 6.83909
240.735 222.903 6.13187 -0.146853 2.23607
267.483 427.973 6.0275 0.250933 2.3765
347.728 365.56 5.88978 0.106874 2.77315
294.231 410.141 6.01135 0.199271 2.4968
294.231 303.148 5.83281 -0.0433931 2.63609
775.701 454.721 0.403283 1.09671 20.5752
419.057 543.882 5.82853 0.603367 3.07716
490.386 508.218 5.83398 0.536856 3.38924
472.554 187.238 5.67959 -0.571358 3.46347
534.966 490.386 5.41212 0.525245 4.22358
213.987 312.064 6.15528 0.0611304 2.17873
169.406 356.644 6.26335 0.131912 1.98296
472.554 427.973 5.4932 0.23476 3.77566
419.057 454.721 5.90192 0.318399 3.0026
401.225 410.141 5.6994 0.190162 3.16458
624.127 213.987 5.48507 -0.776447 4.91532
517.134 213.987 5.83514 -0.483972 3.42426
526.05 196.154 6.24529 -0.364102 3.00975
347.728 249.651 5.80898 -0.280603 2.81186
320.98 178.322 6.03034 -0.314397 2.5109
1105.6 419.057 7.64479 0.233387 3.85732
490.386 276.399 5.97162 -0.20057 3.21056
