689 264 10.5376 -0.513851 8.14678
994 641 9.39927 1.1594 13.1538
1076 301 9.5208 0.365943 13.6042
68 426 11.65 1.07421 13.5146
190 562 11.8632 1.6046 12.4333
1010 537 9.41369 0.896624 13.181
905 489 9.53693 0.836397 12.5529
1204 156 9.39212 0.0730206 13.76
103 563 11.6653 1.43778 13.2415
195 125 11.8088 0.235655 13.0729
178 114 11.8077 0.233912 13.1658
915 253 9.63895 0.0694347 12.5158
1165 193 9.40948 0.126286 13.6645
1185 340 9.35388 0.429316 13.7315
100 108 11.7326 0.346101 13.5576
180 408 11.8017 1.05343 12.8241
199 82 11.838 0.104243 13.062
682 132 10.6664 -0.952485 10.1122
934 512 9.49708 0.888303 12.7768
992 173 9.58729 -0.0587646 13.0526
1091 234 9.53638 0.236332 13.656
196 336 11.7933 0.822827 12.8505
332 208 12.0725 0.143642 11.5073
90 81 11.7113 0.308084 13.6326
73 71 11.6866 0.314742 13.7207
1046 568 9.38458 0.938024 13.3575
1040 549 9.38618 0.902704 13.311
1111 600 9.35128 0.95781 13.6085
1062 216 9.57312 0.184088 13.5816
168 53 11.8208 0.0933573 13.242
1162 59 9.45711 -0.153716 13.6598
116 426 11.6913 1.08534 13.2816
102 431 11.6834 1.09424 13.3443
117 422 11.6964 1.07551 13.2689
180 382 11.861 0.977801 12.7549
1254 280 9.35598 0.339392 13.922
811 524 9.70029 1.07508 11.8034
797 496 9.72671 1.00703 11.4033
820 247 9.84507 -0.113709 11.4747
155 61 11.735 0.169693 13.414
211 94 11.8667 0.101383 12.9482
297 334 12.0617 0.74883 11.5929
1048 519 9.39108 0.82883 13.3288
1046 500 9.39949 0.788246 13.3252
764 460 9.88246 0.87674 11.2359
351 239 11.9403 0.27624 11.5535
1190 71 9.42658 -0.108788 13.72
176 262 11.8087 0.626328 13.009
859 345 9.9431 0.543967 13.5894
723 418 10.0708 0.706899 10.1038
772 352 9.93424 0.360891 11.1938
734 375 10.0607 0.438727 10.0715
810 220 9.90446 -0.261255 11.3548
819 197 9.88656 -0.362944 11.397
911 398 9.57574 0.550609 12.5601
983 299 9.51807 0.266337 12.9376
950 287 9.5624 0.205898 12.7216
927 277 9.61528 0.172163 12.6505
249 243 11.9149 0.469357 12.4501
682 289 10.519 -0.214237 8.74944
210 221 11.8938 0.455939 12.7468
618 218 11.3088 -0.971357 7.20274
60 567 11.6408 1.41136 13.4351
72 391 11.6959 1.00096 13.4655
51 390 11.7087 1.00307 13.5153
50 526 11.6377 1.30504 13.5126
733 40 10.459 -1.46788 10.3977
742 134 10.2998 -0.970593 10.2764
1113 216 9.50335 0.194324 13.6669
1195 305 9.38109 0.37126 13.7931
972 272 9.54747 0.183714 12.8849
1099 336 9.49156 0.441082 13.6707
855 513 9.61022 0.974632 12.1705
912 453 9.53941 0.728053 12.548
1160 542 9.32707 0.819878 13.7132
1251 565 9.27517 0.821564 13.9067
1116 698 9.29681 1.15008 13.5947
1073 560 9.36871 0.903299 13.455
956 677 9.40457 1.3089 12.9582
1039 637 9.3552 1.09993 13.3164
1168 371 9.35073 0.484464 13.6821
1224 484 9.30866 0.692982 13.856
975 396 9.48417 0.53997 12.9332
156 531.6 11.7252 1.40343 12.9204
820.8 247.2 9.84792 -0.106247 11.5133
840 428.4 9.71192 0.683265 12.1506
859.2 232.8 9.77046 -0.0737659 12.0503
928.8 397.2 9.53936 0.54508 12.6265
913.2 360 9.57457 0.42608 12.4958
981.6 435.6 9.48698 0.650192 13.0494
978 406.8 9.47683 0.570256 12.9332
1035.6 206.4 9.50258 0.0508689 13.1961
117.6 422.4 11.6966 1.075 13.2679
103.2 562.8 11.6636 1.43788 13.2457
838.8 595.2 9.54401 1.32175 11.8274
1132.8 526.8 9.32938 0.800587 13.6086
1128 493.2 9.35667 0.737844 13.6165
894 284.4 9.60572 0.100099 12.0632
1237.2 303.6 9.35743 0.376204 13.8929
198 171.6 11.8172 0.351051 12.992
193.2 153.6 11.8112 0.311711 13.0532
180 381.6 11.8582 0.978544 12.7546
811.2 522 9.71012 1.06916 11.8917
824.4 494.4 9.67827 0.948204 11.8862
825.6 535.2 9.67584 1.08312 12.127
801.6 535.2 9.71492 1.13883 11.7481
934.8 512.4 9.49449 0.886531 12.7629
1111.2 600 9.35002 0.957546 13.6084
1120.8 578.4 9.34239 0.909893 13.6189
154.8 61.2 11.7348 0.169322 13.4146
151.2 30 11.7854 0.0856978 13.3797
195.6 124.8 11.8204 0.231632 13.0521
217.2 132 11.8672 0.193203 12.8584
284.4 520.8 12.1128 1.65127 11.1408
266.4 519.6 12.0385 1.58996 11.5292
330 162 12.164 -0.080862 11.4476
625.2 296.4 11.9265 -1.27425 -0.852426
794.4 322.8 9.8774 0.219631 11.354
1197.6 103.2 9.43479 -0.0174857 13.7818
1218 80.4 9.42131 -0.0495316 13.8213
1190.4 70.8 9.4262 -0.110345 13.7196
151.2 133.2 11.745 0.336117 13.3455
195.6 334.8 11.7922 0.822065 12.8515
303.6 454.8 12.0531 1.305 11.2594
763.2 412.8 9.90695 0.654947 10.9975
314.4 304.8 12.0076 0.605118 11.6065
306 314.4 11.9847 0.658157 11.7354
790.8 469.2 9.7842 0.886416 11.4712
790.8 445.2 9.79599 0.780234 11.4468
764.4 459.6 9.88549 0.876066 11.2866
1047.6 516 9.38859 0.82329 13.3287
1046.4 500.4 9.39716 0.78618 13.326
336 469.2 12.2699 1.47347 10.22
188.4 522 11.7872 1.42004 12.6454
190.8 505.2 11.8008 1.37071 12.6281
234 220.8 11.8918 0.426171 12.6161
1032 556.8 9.39165 0.927024 13.2898
284.4 111.6 12.1185 -0.120699 12.0307
906 225.6 9.66855 -0.0387148 12.4128
888 206.4 9.71976 -0.135808 12.2813
823.2 424.8 9.7396 0.679559 11.88
195.6 240 11.8504 0.540006 12.8717
194.4 240 11.8486 0.541691 12.8752
1014 301.2 9.49818 0.298922 13.1415
1000.8 304.8 9.5024 0.295669 13.0639
937.2 169.2 9.64566 -0.188275 12.6225
315.6 228 12.0527 0.269424 11.6752
691.2 409.2 10.2709 0.680375 9.17015
970.8 228 9.5643 0.047277 12.8572
954 223.2 9.59237 0.0204162 12.7656
951.6 192 9.62216 -0.0712765 12.7842
819.6 196.8 9.88268 -0.374439 11.3474
799.2 206.4 9.95266 -0.355206 11.227
339.6 432 12.2068 1.23463 10.462
400.8 368.4 12.4804 0.811543 8.86174
835.2 346.8 9.7479 0.354756 11.8477
780 361.2 9.89002 0.392579 11.1227
944.4 295.2 9.57896 0.237355 12.7516
964.8 315.6 9.53132 0.302137 12.8402
349.2 285.6 11.989 0.467623 11.3264
697.2 358.8 10.3013 0.341621 9.37365
784.8 273.6 9.95724 -0.019549 11.2494
405.6 274.8 12.6653 0.0984907 8.69686
733.2 296.4 10.1617 -0.00674005 10.2098
248.4 242.4 11.9368 0.464576 12.4054
422.4 277.2 12.7386 0.0311951 8.08684
31.2 247.2 11.6756 0.698926 13.7194
104.4 300 11.6968 0.779424 13.4353
31.2 94.8 11.6184 0.416809 13.8881
159.6 93.6 11.7721 0.220885 13.3116
117.6 54 11.7637 0.196692 13.4965
79.2 120 11.6298 0.417728 13.7454
115.2 162 11.7322 0.450186 13.4646
493.2 192 12.4664 -0.930541 7.48489
421.2 214.8 12.6632 -0.400246 8.65688
565.2 175.2 11.8221 -1.21132 7.56452
189.6 562.8 11.8911 1.6202 12.3719
321.6 596.4 11.9233 2.01643 10.943
190.8 625.2 11.7406 1.76494 12.5611
106.8 609.6 11.7014 1.59289 13.1111
98.4 625.2 11.6594 1.60402 13.2045
178.8 408 11.7951 1.05104 12.8386
255.6 409.2 11.9797 1.07819 11.9822
90 420 11.667 1.06491 13.4191
72 390 11.6986 1.001 13.4654
152.4 397.2 11.7921 1.02094 12.9891
116.4 396 11.7096 1.01037 13.2826
55.2 466.8 11.6162 1.16177 13.5776
128.4 522 11.7943 1.39277 12.9608
489.6 541.2 11.3676 1.78357 9.75296
888 181.2 9.7432 -0.207668 12.3439
674.4 31.2 10.7913 -1.43124 10.4495
715.2 133.2 10.48 -1.06527 9.88638
793.2 183.6 9.98777 -0.522934 10.9847
1113.6 216 9.50303 0.192605 13.6655
1154.4 318 9.37721 0.379093 13.6456
1173.6 280.8 9.39547 0.318245 13.7364
1088.4 260.4 9.52515 0.287802 13.6455
1100.4 334.8 9.48396 0.4374 13.6712
1254 91.2 9.39776 -0.00612003 13.8955
1245.6 142.8 9.37679 0.0773565 13.8662
1194 111.6 9.43191 -0.00819242 13.7675
877.2 538.8 9.57162 1.0282 12.4532
810 654 9.63246 1.55113 11.9818
925.2 664.8 9.44549 1.32708 12.7884
884.4 681.6 9.47834 1.46883 12.5104
916.8 452.4 9.53417 0.721475 12.5945
1146 589.2 9.30822 0.915022 13.6514
1160.4 541.2 9.32675 0.819395 13.7132
1116 555.6 9.33469 0.868058 13.5593
1123.2 686.4 9.31383 1.11463 13.6432
992.4 564 9.41461 0.978565 13.0976
978 552 9.43398 0.959837 13.0234
1096.8 577.2 9.34707 0.924318 13.5282
956.4 676.8 9.40409 1.30729 12.9596
1008 649.2 9.37758 1.16696 13.1895
1038 660 9.35259 1.15323 13.3288
1156.8 404.4 9.30987 0.54226 13.5786
1110 412.8 9.38428 0.570945 13.5326
1167.6 370.8 9.35128 0.484106 13.6814
1224 444 9.31912 0.624148 13.8472
1146 500.4 9.29458 0.74237 13.5642
1239.6 464.4 9.30223 0.653813 13.8698
1018.8 512.4 9.40959 0.822267 13.1898
1153.44 113.76 9.45806 -0.0380387 13.6599
99.36 106.56 11.7113 0.352778 13.5783
247.68 90.72 11.9801 -0.0378163 12.5573
218.88 95.04 11.8763 0.0854839 12.8949
800.64 184.32 9.96278 -0.472121 11.1894
894.24 283.68 9.59415 0.0845798 11.979
311.04 354.24 12.0566 0.827666 11.4186
774.72 345.6 9.92053 0.296619 10.9503
773.28 224.64 10.0153 -0.482548 10.1791
789.12 191.52 9.99936 -0.483409 10.954
905.76 226.08 9.67379 -0.0241379 12.4637
1041.12 550.08 9.3866 0.902285 13.3231
221.76 555.84 11.8642 1.61194 12.2296
273.6 210.24 11.9888 0.301711 12.1803
305.28 315.36 12.1058 0.652881 11.4365
315.36 293.76 11.9384 0.563112 11.7708
306.72 276.48 12.0735 0.489536 11.6073
650.88 479.52 10.4827 1.33968 7.54629
1028.16 108 9.53297 -0.250237 13.0806
180 381.6 11.8607 0.978258 12.7548
923.04 312.48 9.59719 0.272674 12.5889
944.64 295.2 9.57073 0.232573 12.715
927.36 276.48 9.62464 0.178986 12.6971
213.12 259.2 11.7256 0.592802 12.9668
182.88 256.32 11.8113 0.604136 12.9704
195.84 239.04 11.8531 0.535363 12.8731
192.96 522.72 11.7747 1.42426 12.6431
277.92 187.2 11.9759 0.22126 12.2283
691.2 408.96 10.273 0.674505 9.06142
933.12 217.44 9.7773 0.163191 13.3289
923.04 220.32 9.63868 -0.0358905 12.5216
937.44 168.48 9.64323 -0.186462 12.6223
672.48 424.8 10.3972 0.804062 8.4278
835.2 345.6 9.74397 0.348219 11.817
306.72 180 12.014 0.11401 11.9505
348.48 396 12.2591 1.03097 10.3269
1013.76 300.96 9.49814 0.298525 13.1427
999.36 305.28 9.50633 0.299766 13.0679
358.56 439.2 12.3471 1.31472 9.75647
910.08 397.44 9.57442 0.550334 12.5601
247.68 241.92 11.9089 0.471868 12.4675
963.36 315.36 9.53348 0.302588 12.8403
724.32 400.32 10.0924 0.600465 10.1283
391.68 324 12.5561 0.515937 9.05494
820.8 375.84 9.77387 0.481728 11.8822
859.68 295.2 9.60904 0.0281021 11.2779
348.48 285.12 11.9227 0.481683 11.5085
686.88 371.52 10.3523 0.400465 8.75615
825.12 313.92 9.79531 0.207722 11.6904
802.08 305.28 9.92266 0.227652 12.018
387.36 388.8 12.5761 0.996028 8.73073
401.76 360 11.9839 0.752386 10.3928
380.16 302.4 12.2714 0.447245 10.1797
866.88 191.52 9.76299 -0.262295 11.998
849.6 207.36 9.79539 -0.224748 11.8485
440.64 282.24 13.1778 -0.149191 6.13564
696.96 358.56 10.3038 0.314833 9.04925
698.4 306.72 10.3698 -0.0647507 9.02262
682.56 288 10.5187 -0.229884 8.668
194.4 335.52 11.7935 0.824742 12.8524
31.68 246.24 11.6742 0.699464 13.7235
120.96 228.96 11.7097 0.600603 13.4266
76.32 296.64 11.6756 0.78145 13.5561
110.88 341.28 11.6996 0.868609 13.3701
103.68 299.52 11.6966 0.774678 13.4393
198.72 80.64 11.8647 0.0930882 13.0227
198.72 171.36 11.8175 0.349624 12.9921
195.84 125.28 11.8535 0.2167 12.9866
308.16 148.32 12.081 -0.034525 11.8466
30.24 93.6 11.6103 0.419269 13.9046
77.76 53.28 11.6858 0.275194 13.7196
118.08 106.56 11.742 0.319613 13.4875
151.2 30.24 11.7862 0.0835374 13.3819
118.08 54.72 11.7637 0.196692 13.4965
77.76 119.52 11.6239 0.419481 13.7546
168.48 174.24 11.7536 0.412497 13.2218
115.2 162.72 11.7294 0.448581 13.4701
547.2 257.76 12.6987 -1.11124 3.14412
495.36 253.44 13.5617 -1.05415 2.69061
570.24 256.32 12.4038 -1.20669 2.9499
341.28 226.08 11.9682 0.233716 11.6236
450.72 267.84 13.6442 -0.532282 4.36484
581.76 108 11.344 -1.07644 9.93865
446.4 43.2 12.122 -1.11664 10.4509
368.64 136.8 12.4232 -0.465532 10.4831
208.8 587.52 11.833 1.70474 12.3116
250.56 684 11.4662 1.87451 12.6525
288 640.8 11.597 1.90219 12.0751
86.4 532.8 11.6692 1.34927 13.3341
59.04 567.36 11.6479 1.41763 13.4221
106.56 609.12 11.6872 1.58659 13.1386
46.08 673.92 11.5771 1.62961 13.4887
254.88 408.96 11.9623 1.07501 12.0236
213.12 483.84 11.8964 1.34577 12.3418
72 390.24 11.6992 0.997421 13.4632
116.64 421.92 11.69 1.07369 13.28
152.64 397.44 11.7824 1.02239 13.007
116.64 396 11.7118 1.00967 13.2803
489.6 541.44 11.3252 1.74199 9.97861
626.4 636.48 10.3446 1.72635 11.588
614.88 370.08 10.9363 0.482698 8.3237
453.6 443.52 13.5897 1.76132 2.63773
835.2 269.28 9.78549 0.00890762 11.6855
894.24 239.04 9.69027 0.00196543 12.379
812.16 348.48 9.79862 0.348539 11.5916
709.92 86.4 10.5299 -1.20201 10.3178
682.56 133.92 10.6276 -0.832204 10.5277
766.08 178.56 10.1108 -0.714841 10.3323
741.6 133.92 10.3 -0.939383 10.3738
1107.36 249.12 9.48156 0.246274 13.6158
1209.6 197.28 9.3864 0.162554 13.798
1104.48 335.52 9.48305 0.437642 13.6711
1188 335.52 9.35535 0.416647 13.7379
1023.84 221.76 9.52179 0.0980654 13.181
1081.44 237.6 9.56279 0.253033 13.6816
1225.44 28.8 9.4175 -0.1602 13.8114
992.16 172.8 9.5798 -0.0733952 13.0078
1023.84 122.4 9.54584 -0.184983 13.1232
802.08 535.68 9.71955 1.13301 11.7865
924.48 663.84 9.47528 1.30438 12.8921
756 637.92 9.78028 1.6579 11.3996
944.64 450.72 9.47589 0.705865 12.708
676.8 489.6 10.2616 1.26751 8.9354
1144.8 588.96 9.29363 0.917997 13.6158
1213.92 612 9.28692 0.916354 13.8425
1249.92 564.48 9.27402 0.819576 13.906
1121.76 620.64 9.34631 0.985649 13.6659
1195.2 633.6 9.31286 0.960631 13.8517
992.16 564.48 9.41545 0.977592 13.098
976.32 537.12 9.44369 0.921766 13.0245
956.16 676.8 9.43391 1.29221 13.045
950.4 648 9.42015 1.24309 12.9117
1039.68 660.96 9.38088 1.13999 13.4106
1157.76 404.64 9.30935 0.542602 13.5786
1108.8 411.84 9.40839 0.576474 13.5944
1136.16 371.52 9.37673 0.490709 13.614
1190.88 439.2 9.3286 0.614387 13.7581
1242.72 361.44 9.32078 0.473332 13.8649
1193.76 361.44 9.34152 0.469887 13.7484
1144.8 499.68 9.29698 0.741248 13.5644
1127.52 492.48 9.35574 0.738089 13.6164
1224 483.84 9.30836 0.692241 13.8545
976.32 396 9.48528 0.543123 12.9306
1039.68 417.6 9.4231 0.593727 13.253
1072.8 516.96 9.37456 0.807994 13.4109
734.4 40.32 10.4537 -1.43795 10.4738
1140.48 105.408 9.45949 -0.0822271 13.5984
936.576 169.344 9.64323 -0.186462 12.6223
952.128 190.08 9.64094 -0.0442161 12.896
288.576 196.992 11.9814 0.227183 12.1107
687.744 399.168 10.3121 0.608447 9.05171
812.16 523.584 9.70704 1.06088 11.9047
824.256 495.936 9.68696 0.947526 11.9248
836.352 345.6 9.75624 0.358811 11.9652
1135.3 70.848 9.44792 -0.185939 13.5247
247.104 241.92 11.8918 0.47512 12.515
311.04 354.24 12.122 0.82474 11.2645
309.312 336.96 12.0367 0.739962 11.5049
435.456 393.984 13.2485 1.05226 5.17736
933.12 217.728 9.62194 -0.0391316 12.571
1009.15 311.04 9.48753 0.310846 13.0807
998.784 305.856 9.50309 0.296554 13.0611
1016.06 281.664 9.49704 0.249238 13.1517
152.064 134.784 11.7607 0.335054 13.3169
241.92 323.136 11.9005 0.75651 12.3836
224.64 338.688 11.8368 0.82018 12.5942
404.352 305.856 12.6216 0.331994 8.67401
380.16 304.128 12.3535 0.434385 9.92407
962.496 222.912 9.5731 0.0123769 12.763
979.776 200.448 10.0867 0.578089 14.8543
276.48 497.664 11.9602 1.4599 11.6492
311.04 167.616 13.2524 -0.428659 9.38594
722.304 304.128 10.2128 -0.00406052 9.86714
914.112 317.952 9.72269 0.383227 13.1029
943.488 295.488 9.57872 0.238507 12.7567
1047.17 502.848 9.39698 0.788631 13.325
324.864 514.944 12.1514 1.69243 10.5677
409.536 333.504 12.5241 0.550133 8.71278
388.8 338.688 12.8184 0.604789 8.26052
433.728 305.856 12.8495 0.193465 7.25601
421.632 278.208 12.9193 -0.0391133 7.53504
883.008 378.432 9.64622 0.499862 12.4509
983.232 298.944 9.5171 0.262721 12.9358
378.432 371.52 12.5432 0.879304 9.07086
663.552 354.24 10.5966 0.253848 8.09123
782.784 393.984 9.84998 0.548305 11.1307
786.24 373.248 9.86725 0.451467 11.2846
827.712 393.984 9.72144 0.538629 11.7073
808.704 399.168 9.79808 0.585482 11.8018
682.56 288.576 10.5179 -0.225323 8.70142
698.112 357.696 10.2972 0.319643 9.27637
705.024 330.048 10.2892 0.114483 9.22265
784.512 271.296 9.95148 -0.0505942 11.1015
768.96 274.752 10.019 -0.0389566 11.048
316.224 228.096 12.0744 0.261272 11.6207
195.264 335.232 11.7928 0.824153 12.8572
103.68 273.024 11.7107 0.710259 13.4408
32.832 247.104 11.6615 0.700082 13.7279
120.96 228.096 11.7081 0.599653 13.4265
103.68 298.944 11.6975 0.77412 13.4394
38.016 292.032 11.6538 0.789595 13.6976
247.104 89.856 11.9991 -0.0487087 12.5143
198.72 79.488 11.8427 0.100301 13.0645
319.68 100.224 12.107 -0.269563 11.7991
254.016 131.328 11.8822 0.119136 12.6435
217.728 131.328 11.8518 0.199909 12.8905
43.2 69.12 11.6683 0.347091 13.8212
114.048 74.304 11.7581 0.249943 13.4986
117.504 55.296 11.7695 0.199343 13.494
167.616 172.8 11.7536 0.412497 13.2218
547.776 257.472 12.848 -1.21723 2.37514
495.936 254.016 13.4941 -1.01995 2.94595
580.608 229.824 12.0193 -1.23591 4.91816
597.888 288.576 12.2038 -1.10046 0.92952
350.784 240.192 11.9266 0.274832 11.5822
451.008 267.84 13.6436 -0.529737 4.36484
421.632 216 12.9535 -0.527624 7.79999
542.592 95.04 11.5655 -1.03659 10.1304
575.424 100.224 11.3736 -1.06933 10.0409
459.648 44.928 11.9879 -1.07341 10.5785
354.24 186.624 12.4059 -0.153945 10.5648
368.064 136.512 12.3267 -0.420034 10.7181
241.92 573.696 11.9095 1.74849 11.9142
188.352 563.328 11.8711 1.61053 12.4139
58.752 568.512 11.6479 1.41763 13.4221
44.928 673.92 11.5778 1.62976 13.4887
51.84 613.44 11.7748 1.59211 13.2166
105.408 609.984 11.7029 1.59457 13.1133
250.56 368.064 11.8342 0.903319 12.3938
69.12 425.088 11.6413 1.06842 13.5227
179.712 419.904 11.7855 1.08479 12.838
179.712 381.888 11.8607 0.978259 12.7548
115.776 395.712 11.7119 1.00836 13.2796
53.568 466.56 11.6402 1.16611 13.5414
513.216 673.92 10.6987 1.77452 12.2794
371.52 596.16 11.4637 1.79424 11.6145
482.112 577.152 11.1498 1.76006 10.8783
378.432 644.544 11.2663 1.84869 12.0378
345.6 625.536 11.4257 1.83979 11.9831
459.648 686.016 10.7588 1.66129 12.8933
568.512 489.024 11.204 1.57153 7.52114
345.6 378.432 12.1985 0.923338 10.5796
452.736 442.368 13.6141 1.7509 2.47322
470.016 445.824 13.5314 1.80709 1.66363
943.488 245.376 9.60223 0.0797582 12.7268
812.16 349.056 9.79721 0.345913 11.4944
864 292.032 9.65727 0.0851689 11.7139
825.984 311.04 9.80044 0.201653 11.6938
746.496 248.832 10.1393 -0.302232 10.2309
751.68 217.728 10.1428 -0.522645 10.126
654.912 305.856 10.8776 -0.344944 6.31636
787.968 330.048 9.90972 0.286129 11.5436
782.784 283.392 9.94054 -0.00256112 11.007
839.808 181.44 9.83174 -0.392241 11.5946
798.336 160.704 9.98363 -0.65879 10.9553
927.936 152.064 9.63151 -0.323084 12.3817
689.472 82.944 10.658 -1.24119 10.1962
648 76.032 10.9078 -1.15731 10.44
682.56 133.056 10.6451 -0.902261 10.2953
789.696 191.808 10.0012 -0.458522 11.0779
751.68 191.808 10.1713 -0.624141 10.3981
739.584 143.424 10.3049 -1.08508 9.68183
1107.65 248.832 9.48429 0.249401 13.6191
1112.83 216 9.53846 0.222312 13.768
1194.05 231.552 9.37627 0.214258 13.7329
1156.03 319.68 9.41109 0.395872 13.7253
1235.52 343.872 9.32925 0.440699 13.8485
1240.7 302.4 9.35617 0.37547 13.8928
1069.63 333.504 9.52365 0.438688 13.6025
1194.05 110.592 9.42909 -0.00923407 13.7696
1164.67 193.536 9.4082 0.12172 13.6526
1162.94 133.056 9.3956 -0.030778 13.5861
1245.89 141.696 9.37603 0.077199 13.8662
995.328 53.568 9.55752 -0.543756 12.7235
1029.89 107.136 9.54943 -0.224484 13.1484
819.072 571.968 9.65262 1.24443 11.8955
934.848 606.528 9.45372 1.15935 12.8326
905.472 592.704 9.51087 1.14862 12.6758
926.208 665.28 9.44661 1.32705 12.783
919.296 628.992 9.49314 1.22558 12.8204
642.816 532.224 10.4478 1.66498 8.59088
725.76 535.68 9.94209 1.37771 10.1372
756.864 639.36 9.7518 1.70583 11.1291
822.528 425.088 9.73532 0.678636 11.8829
940.032 430.272 9.49678 0.64133 12.6873
914.112 361.152 9.57541 0.426087 12.4958
794.88 445.824 9.78852 0.780591 11.4235
924.48 494.208 9.51346 0.848174 12.6728
945.216 451.008 9.50448 0.703753 12.7973
672.192 425.088 10.4032 0.809896 8.37181
642.816 525.312 10.4671 1.60693 8.5366
1111.1 584.064 9.35661 0.924363 13.6221
1187.14 547.776 9.30686 0.81721 13.7736
1142.21 686.016 9.3018 1.09748 13.6896
1221.7 672.192 9.21776 1.03384 13.7842
991.872 563.328 9.41743 0.976692 13.0851
995.328 641.088 9.38982 1.15451 13.1554
950.4 648 9.42119 1.24167 12.9068
1078.27 682.56 9.32253 1.1548 13.4732
1040.26 661.824 9.37296 1.14205 13.384
1109.38 411.264 9.40642 0.577269 13.5887
1166.4 371.52 9.35333 0.485989 13.6799
1192.32 440.64 9.33304 0.61942 13.7679
1130.11 494.208 9.35212 0.737726 13.6137
1166.4 475.2 9.3364 0.690345 13.7057
1226.88 485.568 9.30872 0.693181 13.8555
1180.22 480.384 9.31758 0.69346 13.729
1040.26 418.176 9.42704 0.590127 13.2522
1060.99 399.168 9.48572 0.567346 13.5398
962.496 518.4 9.46616 0.875426 12.9578
565.056 174.528 11.7221 -1.09959 8.0927
833.587 373.248 9.73362 0.477179 11.9923
141.005 101.606 11.7332 0.283293 13.4322
118.195 95.3856 11.7449 0.295736 13.4903
727.834 348.365 10.1226 0.316789 10.3053
723.687 398.131 10.0974 0.608331 10.3497
1047.17 501.811 9.39628 0.789879 13.3257
348.365 286.157 11.9257 0.482298 11.5018
777.6 252.979 9.99034 -0.171375 10.931
273.715 203.213 11.9873 0.281818 12.1945
682.214 288.23 10.5339 -0.249398 8.51771
744.422 508.032 9.8867 1.14994 10.8392
736.128 501.811 9.94982 1.13653 10.7561
1121.82 76.7232 9.46873 -0.169124 13.5164
682.214 333.85 10.4508 0.101936 8.46767
881.28 379.469 9.64939 0.504287 12.4757
806.63 400.205 9.79192 0.580758 11.676
429.235 358.733 12.6773 0.682126 7.61713
246.758 240.538 12.0009 0.454797 12.2806
304.819 273.715 12.0599 0.480428 11.6544
240.538 321.408 11.8963 0.755556 12.3977
325.555 279.936 12.0381 0.472851 11.4752
39.3984 196.992 11.6525 0.599204 13.7604
122.342 228.096 11.7188 0.596486 13.4052
74.6496 292.378 11.6773 0.780246 13.5575
53.9136 290.304 11.645 0.779565 13.6683
196.992 78.7968 11.9248 0.0660757 12.9311
203.213 72.576 11.854 0.058228 13.0138
118.195 55.9872 11.7647 0.199462 13.4958
82.944 157.594 11.7266 0.470236 13.5728
165.888 172.109 11.7387 0.415987 13.2529
518.4 252.979 13.2398 -1.14899 2.63926
636.595 257.126 11.2637 -0.98414 5.217
607.565 226.022 11.3737 -0.865164 7.3467
578.534 230.17 11.9808 -1.20252 5.11531
342.144 226.022 11.9079 0.249781 11.7542
420.941 215.654 13.038 -0.563824 7.545
342.144 327.629 11.983 0.670661 11.3169
541.21 95.3856 11.5849 -1.05815 10.0506
574.387 99.5328 11.3575 -1.05333 10.102
537.062 170.035 12.1388 -1.25302 7.33204
564.019 174.182 11.7738 -1.146 7.85709
348.365 178.33 12.2757 -0.113913 10.9528
190.771 622.08 11.7866 1.78534 12.486
60.1344 595.123 11.6521 1.48435 13.3977
141.005 597.197 11.7486 1.61106 12.881
101.606 673.92 11.6506 1.74188 13.1613
97.4592 624.154 11.6591 1.60463 13.2045
255.053 408.499 11.9804 1.07639 11.9821
186.624 408.499 11.7884 1.05174 12.8071
230.17 522.547 11.7987 1.47205 12.3327
192.845 503.885 11.7989 1.37239 12.6231
232.243 443.75 11.8752 1.18978 12.3176
91.2384 418.867 11.6546 1.06345 13.4429
97.4592 387.763 11.7138 0.991627 13.354
70.5024 389.837 11.6937 0.998144 13.4751
53.9136 491.443 11.6551 1.23112 13.5
551.578 646.963 10.6216 1.78141 11.8521
638.669 665.626 10.277 1.72409 12.0369
624.154 632.448 10.343 1.69285 11.7244
481.075 599.271 11.0269 1.75878 11.4192
622.08 371.174 10.9391 0.452713 7.52058
559.872 468.634 11.3666 1.43619 7.17159
342.144 423.014 12.2649 1.21086 10.3087
833.587 269.568 9.79431 0.0241923 11.7666
821.146 244.685 9.8573 -0.0892825 11.6366
941.415 244.685 9.59597 0.0733922 12.706
893.722 246.758 9.68769 0.0374298 12.4055
928.973 199.066 9.64676 -0.0917527 12.5851
893.722 215.654 9.84233 0.133227 13.1677
825.293 311.04 9.80454 0.213874 11.8126
914.458 317.261 9.65349 0.325922 12.7463
673.92 271.642 10.8101 -1.03091 4.60007
773.453 226.022 10.0318 -0.359878 10.7152
937.267 167.962 9.64042 -0.19223 12.6222
655.258 136.858 10.8124 -0.865723 10.2538
740.275 143.078 10.3048 -0.897548 10.3433
1165.36 277.862 9.37919 0.297139 13.6594
1111.45 215.654 9.50914 0.195933 13.6724
1217.2 255.053 9.36136 0.274761 13.7982
1208.91 196.992 9.39801 0.170593 13.8129
1101.08 333.85 9.48465 0.437432 13.671
1233.79 344.218 9.33225 0.440746 13.8495
1237.94 302.746 9.36066 0.378276 13.8996
960.077 275.789 9.57655 0.20047 12.9061
1063.76 230.17 9.57233 0.22041 13.5908
1092.79 298.598 9.51751 0.370794 13.6814
1161.22 39.3984 9.41896 -0.259201 13.5314
1123.89 58.0608 9.48677 -0.203746 13.5368
1206.84 49.7664 9.42257 -0.134333 13.7556
951.783 188.698 9.64689 -0.0335769 12.9426
962.151 151.373 9.63178 -0.163701 12.9024
816.999 572.314 9.65599 1.24585 11.9038
802.483 534.989 9.67536 1.1632 11.413
881.28 578.534 9.53103 1.15212 12.4553
926.899 539.136 9.52718 0.969242 12.8795
877.133 539.136 9.55901 1.03274 12.3803
808.704 657.331 9.63591 1.57114 11.9662
866.765 609.638 9.56191 1.26373 12.463
933.12 605.491 9.49278 1.13704 12.9558
642.816 524.621 10.4415 1.5742 8.94945
723.687 572.314 9.90729 1.55284 10.4656
715.392 667.699 9.96885 1.67381 12.0146
731.981 611.712 9.8611 1.64568 10.9807
825.293 425.088 9.73675 0.677296 11.9014
810.778 520.474 9.71998 1.05652 12.0105
908.237 452.045 9.53885 0.726361 12.5185
663.552 369.101 10.5673 0.387505 8.35419
785.895 371.174 9.87351 0.460195 11.5474
675.994 489.37 10.2605 1.27328 8.90328
1142.55 588.902 9.29396 0.91731 13.5998
1117.67 578.534 9.3425 0.90939 13.6189
1115.6 555.725 9.34988 0.868967 13.6069
1235.87 559.872 9.28664 0.817355 13.8858
1138.41 640.742 9.29864 1.0166 13.6307
1076.2 547.43 9.36607 0.878121 13.4453
1043.02 561.946 9.38473 0.931627 13.3285
995.328 640.742 9.39376 1.1581 13.1656
943.488 622.08 9.44188 1.18111 12.8946
1026.43 605.491 9.3675 1.04162 13.2481
1165.36 371.174 9.35258 0.484443 13.6689
1132.19 456.192 9.3931 0.666635 13.6935
1225.5 485.222 9.30665 0.693826 13.8558
1016.06 414.72 9.44477 0.587262 13.1561
974.592 398.131 9.4904 0.544567 12.9356
960.077 518.4 9.46142 0.881966 12.9356
984.96 462.413 9.44746 0.718019 12.9818
945.562 449.971 9.50448 0.703753 12.7973
1061.68 449.971 9.44689 0.669673 13.4902
477.758 47.2781 11.8737 -1.07874 10.5888
472.781 131.881 12.4795 -1.21774 8.38537
564.849 174.182 11.9822 -1.3738 6.78129
905.749 109.486 9.36569 -1.35042 10.1142
637.01 530.012 10.4736 1.71531 8.08741
537.477 169.206 12.1804 -1.30257 7.15656
52.2547 465.316 11.6228 1.15789 13.5767
442.921 442.921 13.7764 1.79296 2.32342
711.66 134.369 10.5053 -1.04062 9.87627
724.101 572.314 9.90685 1.56827 10.3495
624.568 632.033 10.3476 1.72185 11.5986
1139.65 639.498 9.30023 1.01899 13.6382
308.552 520.059 12.0524 1.63926 11.0699
378.225 641.987 11.2707 1.85038 12.0261
189.112 619.592 11.8288 1.80791 12.3997
131.881 602.174 11.7247 1.6225 12.9618
1211.81 609.638 9.29071 0.913938 13.8426
480.246 599.685 11.0599 1.78646 11.2612
768.891 136.858 10.1187 -1.20307 9.69739
739.031 141.834 10.3048 -0.897548 10.3433
102.021 263.762 11.7178 0.692067 13.4364
77.1379 263.762 11.6872 0.711212 13.5615
129.393 345.877 11.7096 0.873799 13.288
634.522 256.297 11.2419 -0.936983 5.55299
607.15 221.461 11.3322 -0.828944 7.65604
577.29 231.414 12.0421 -1.22478 4.89293
679.311 537.477 10.1478 1.57919 8.87143
644.475 525.036 10.4489 1.58659 8.82167
47.2781 141.834 11.6993 0.468289 13.7168
1107.3 410.573 9.41071 0.575815 13.5876
1142.14 370.76 9.39394 0.493442 13.6676
1094.86 390.666 9.45486 0.542101 13.6263
1169.51 482.734 9.32647 0.703159 13.7179
1191.91 440.433 9.32554 0.6201 13.7625
109.486 338.412 11.7012 0.870392 13.3694
57.2314 338.412 11.6423 0.878325 13.6416
99.5328 296.11 11.6988 0.762847 13.4409
72.1613 291.133 11.6848 0.773694 13.5629
885.842 181.647 9.74064 -0.222371 12.2514
1129.7 248.832 9.42285 0.229343 13.572
1089.88 233.902 9.53884 0.235393 13.6648
1162.05 358.318 9.36442 0.459927 13.6811
1097.35 353.341 9.47389 0.468 13.6346
1154.58 318.505 9.37533 0.378514 13.6311
1199.37 301.087 9.37722 0.368189 13.794
99.5328 622.08 11.6627 1.60158 13.2004
67.1846 617.103 11.7183 1.59286 13.2316
318.505 102.021 12.1381 -0.279224 11.733
286.157 114.463 12.0284 -0.063099 12.1905
420.526 273.715 12.5875 0.0554846 8.58021
1052.56 641.987 9.33893 1.1005 13.3658
1025.19 604.662 9.37092 1.04213 13.2694
903.26 592.22 9.49764 1.15487 12.6248
923.167 534.989 9.49347 0.959523 12.7376
878.377 539.966 9.55901 1.03274 12.3803
1174.49 151.788 9.36987 0.00367701 13.5887
923.167 661.893 9.44738 1.32842 12.7742
253.809 408.085 11.5113 0.994578 12.9729
1012.75 507.617 9.41384 0.821945 13.174
960.492 517.571 9.46524 0.879631 12.9262
972.933 398.131 9.49247 0.546189 12.9357
1204.35 52.2547 9.42564 -0.132046 13.7565
838.564 184.136 9.84303 -0.36036 11.6749
997.816 641.987 9.41928 1.14214 13.2618
82.1146 572.314 11.6504 1.44222 13.3367
57.2314 594.709 11.6534 1.48765 13.4099
49.7664 522.547 11.6408 1.30218 13.5076
348.365 179.159 12.2916 -0.115312 10.865
92.0679 418.038 11.6699 1.06405 13.4118
69.673 423.014 11.6413 1.06842 13.5227
72.1613 388.178 11.7012 0.998954 13.4655
119.439 423.014 11.6923 1.07341 13.2803
967.957 589.732 9.4274 1.06995 13.0068
1117.26 557.384 9.35439 0.867118 13.6287
1181.95 236.39 9.37312 0.215746 13.7022
1062.51 592.22 9.35568 0.985216 13.3971
1077.44 547.43 9.36813 0.869659 13.468
1030.16 542.454 9.39328 0.889631 13.256
74.6496 116.951 11.6445 0.415871 13.7307
77.1379 52.2547 11.6882 0.271867 13.721
231.414 442.921 11.8355 1.18673 12.3903
893.307 213.996 9.84342 0.128881 13.1582
1084.91 258.785 9.52782 0.279338 13.6119
1062.51 228.925 9.58605 0.233579 13.6417
316.017 430.479 12.0499 1.19108 11.197
320.993 383.201 12.152 0.958236 11.0092
296.11 383.201 12.0538 0.969867 11.5163
920.679 490.199 9.50893 0.834973 12.66
908.237 450.386 9.53779 0.725904 12.5263
238.879 320.993 11.8862 0.750121 12.4359
206.531 350.853 11.7894 0.867225 12.7849
216.484 286.157 11.7757 0.664342 12.8332
1015.23 161.741 9.55831 -0.0756505 13.1334
1067.49 333.435 9.53184 0.438868 13.599
828.611 594.709 9.6003 1.31897 11.9259
1060.02 400.62 9.48465 0.571317 13.5407
1015.23 415.549 9.444 0.581297 13.1474
1032.65 378.225 9.56273 0.541148 13.5737
166.717 171.694 11.704 0.419975 13.3226
236.39 572.314 12.0235 1.78841 11.6977
211.507 584.755 11.8287 1.70987 12.2921
228.925 530.012 11.8714 1.52626 12.1518
395.643 226.437 12.5759 -0.155941 9.3429
1117.26 59.7197 9.51598 -0.173029 13.5695
293.622 333.435 12.0547 0.748412 11.6584
303.575 316.017 11.9976 0.661577 11.7195
987.863 171.694 9.59828 -0.0618847 13.0402
960.492 151.788 9.61915 -0.191349 12.8005
982.887 296.11 9.51613 0.25359 12.9235
945.562 293.622 9.56821 0.225626 12.7107
958.003 276.204 9.54611 0.166078 12.7121
674.335 487.711 10.2644 1.27668 8.8252
669.358 472.781 10.3466 1.21097 8.07999
119.439 52.2547 11.7663 0.182637 13.4999
671.846 368.271 10.4724 0.418622 8.7155
736.543 263.762 10.1973 0.134709 12.0522
276.204 186.624 12.0136 0.212724 12.1639
276.204 495.176 12.0596 1.48895 11.4214
410.573 333.435 12.5764 0.536849 8.51038
348.365 286.157 11.9912 0.479995 11.3131
323.482 253.809 12.0212 0.357557 11.6029
328.458 221.461 12.0706 0.220773 11.5215
273.715 204.042 11.9925 0.281374 12.1909
617.103 311.04 11.5919 -0.536375 2.96055
823.634 495.176 9.65762 0.963001 11.6982
913.214 360.806 9.58852 0.430071 12.5289
213.996 248.832 11.7288 0.560459 12.9709
716.636 450.386 10.069 0.916538 9.75381
793.774 365.783 9.89417 0.478188 11.9086
403.108 365.783 12.4841 0.80308 8.8386
345.877 378.225 12.1936 0.92837 10.611
803.727 228.925 9.88892 -0.270282 11.1284
243.855 174.182 11.9591 0.242632 12.5108
196.577 169.206 11.8274 0.345504 13.0032
253.809 129.393 11.8983 0.109858 12.6296
681.8 333.435 10.449 0.0950961 8.48816
651.94 306.063 10.8821 -0.331464 6.34787
1101.83 361.304 9.44224 0.475652 13.6012
868.922 188.117 9.779 -0.213711 12.2008
982.389 459.842 9.64814 0.732657 13.6297
949.543 450.884 9.47445 0.702796 12.7025
1054.05 641.987 9.34256 1.09829 13.3554
1027.18 606.155 9.3977 1.03376 13.3387
113.467 170.201 11.7298 0.47214 13.4655
77.6356 641.987 11.6111 1.60869 13.36
56.7337 600.183 11.6322 1.48299 13.4432
71.6636 289.641 11.6836 0.77137 13.5624
922.669 659.903 9.47849 1.30467 12.8715
567.337 486.715 11.2813 1.61109 7.04367
809.202 656.917 9.63784 1.57577 11.853
830.104 594.211 9.59876 1.318 11.9223
949.543 641.987 9.42151 1.24431 12.9067
964.473 624.071 9.42685 1.16114 12.9738
1188.42 346.374 9.35272 0.4398 13.736
1200.37 301.584 9.39554 0.376578 13.8438
880.865 579.281 9.53765 1.1527 12.4358
868.922 549.421 9.61539 1.05542 12.5861
1182.45 235.893 9.37792 0.217585 13.6985
173.187 256.795 11.7143 0.632744 13.1727
212.005 483.729 11.9876 1.36558 12.1541
232.907 441.926 11.8558 1.18743 12.3443
973.431 406.094 9.48966 0.569406 12.9118
976.417 397.136 9.49894 0.545997 12.933
1155.58 212.005 9.41913 0.160541 13.6458
1134.67 447.898 9.35983 0.640937 13.5958
104.509 555.393 11.6372 1.40675 13.293
453.87 435.954 13.6799 1.68975 2.16399
851.006 146.313 9.82464 -0.486325 11.8548
821.146 137.355 9.93827 -0.60666 11.5473
1173.49 197.075 9.40002 0.130889 13.6816
1161.55 137.355 9.39755 -0.0334958 13.5643
346.374 140.341 12.3629 -0.333878 10.8836
922.669 316.514 9.59887 0.276684 12.5684
862.95 247.837 9.78585 0.0295385 12.2627
961.487 516.575 9.46612 0.89728 12.9262
119.439 56.7337 11.7607 0.19189 13.4987
922.669 492.687 9.508 0.835261 12.6371
907.739 450.884 9.54106 0.736241 12.5178
1152.59 182.145 9.41768 0.0928844 13.6283
1107.8 137.355 9.51085 0.0129238 13.6025
188.117 409.08 11.8063 1.05778 12.7717
179.159 379.22 11.8659 0.972826 12.7539
1066 229.921 9.57378 0.218681 13.5973
1027.18 217.977 9.50755 0.0799272 13.174
1039.12 200.061 9.5028 0.0373703 13.1974
1018.22 161.243 9.55423 -0.0855019 13.1179
1116.76 579.281 9.34578 0.913659 13.6015
188.117 525.533 11.7819 1.42774 12.6446
143.327 537.477 11.6824 1.40596 13.0532
238.879 322.486 11.8628 0.752215 12.4979
214.991 283.669 11.8048 0.654579 12.7737
244.851 406.094 11.707 1.02099 12.6274
197.075 409.08 12.1085 1.10212 12.2232
209.019 379.22 11.8517 0.955312 12.6171
1042.11 561.365 9.38258 0.927124 13.3349
214.991 585.253 11.7971 1.68616 12.3898
214.991 89.5795 11.8749 0.0880196 12.8905
1018.22 486.715 9.42025 0.765202 13.1755
164.229 170.201 11.6889 0.423312 13.3488
244.851 238.879 11.8209 0.484705 12.6597
824.132 495.673 9.70882 0.949663 12.0329
794.272 438.94 9.79157 0.770588 11.3978
119.439 421.024 11.6949 1.07255 13.2665
71.6636 421.024 11.6393 1.06674 13.5305
71.6636 388.178 11.7036 0.994093 13.4624
988.361 173.187 9.58865 -0.0845948 12.9606
940.585 167.215 9.64042 -0.19223 12.6222
1068.98 331.444 9.56275 0.452001 13.7269
1039.12 331.444 9.58277 0.441918 13.595
173.187 116.453 11.7953 0.251873 13.2039
176.173 74.6496 11.7619 0.156232 13.281
307.556 259.781 12.1046 0.40747 11.5523
304.57 271.725 12.0764 0.476265 11.6259
328.458 220.963 12.0158 0.226617 11.697
600.183 286.655 12.1794 -1.08859 1.02129
665.875 364.29 10.5605 0.37981 8.47653
868.922 426.996 9.70002 0.670745 12.664
737.538 265.753 10.1709 -0.192161 10.175
961.487 277.697 9.57136 0.198102 12.8714
979.403 217.977 9.54793 0.0160384 12.8601
292.626 334.43 12.0836 0.743246 11.5733
970.445 328.458 9.70487 0.458669 13.5698
985.375 295.612 9.52913 0.244531 12.987
298.598 161.243 12.0823 0.0244907 11.8887
827.118 304.57 9.79582 0.191023 11.8
824.132 307.556 9.79367 0.182888 11.6585
346.374 379.22 12.3297 0.936978 10.1687
824.132 394.15 9.75556 0.54998 11.7258
412.066 334.43 12.7502 0.515707 7.86865
716.636 450.884 10.0825 0.919794 9.61099
232.907 188.117 11.5598 0.428256 13.2454
683.79 331.444 10.4282 0.139792 9.08191
1161.55 373.248 9.34808 0.486959 13.6504
1149.6 594.211 9.25787 0.928392 13.5591
1095.86 298.598 9.50983 0.366955 13.6832
710.664 134.369 10.4966 -0.968338 10.1468
483.729 597.197 11.0599 1.78646 11.2612
594.211 516.575 10.8033 1.5996 8.85038
194.089 501.645 11.7992 1.37177 12.6194
477.758 188.117 12.6847 -0.990366 7.3216
549.421 176.173 12.0274 -1.30139 7.02982
531.505 98.5375 11.5972 -0.983916 10.194
567.337 256.795 12.4222 -1.16384 3.15262
552.407 253.809 12.764 -1.17941 2.80579
101.523 262.767 11.7191 0.691066 13.4477
103.912 555.393 11.6361 1.40424 13.297
809.799 555.393 9.68978 1.17919 11.9078
1064.2 512.395 9.37763 0.801228 13.3964
1139.45 498.062 9.30264 0.742819 13.5656
1089.29 483.73 9.36909 0.729576 13.4662
1132.29 447.898 9.35 0.637779 13.6008
1189.62 265.155 9.36701 0.283106 13.7279
1182.45 236.49 9.3741 0.219223 13.6997
247.24 329.653 12 0.770386 12.1448
204.241 379.817 11.8259 0.962098 12.7031
870.713 480.146 9.60004 0.83045 12.3211
906.545 451.481 9.54116 0.722483 12.5041
999.708 566.143 9.44094 0.974539 13.2162
956.709 519.561 9.47778 0.882492 12.9317
1039.12 197.075 9.50627 0.0367501 13.1974
1074.95 157.66 9.573 0.0764005 13.6344
1014.04 412.066 9.44857 0.586698 13.1754
920.878 318.903 9.60364 0.276213 12.5279
1031.96 447.898 9.44476 0.671413 13.3186
1143.03 143.327 9.43153 -0.0142198 13.5769
1107.2 139.744 9.5329 0.0405599 13.6756
189.909 128.995 11.8055 0.247977 13.1023
175.576 75.2468 11.7578 0.15797 13.2959
956.709 429.982 9.50953 0.639524 12.8978
999.708 372.651 9.46141 0.4753 13.0298
1039.12 333.236 9.59482 0.452056 13.6367
1046.29 311.737 9.56777 0.401154 13.6005
1082.12 232.907 9.54406 0.229873 13.6245
121.828 93.1627 11.7364 0.285004 13.486
186.325 408.483 11.7927 1.0514 12.7993
179.159 379.817 11.8593 0.974723 12.7527
118.245 422.815 11.6818 1.06962 13.2807
71.6636 419.232 11.6657 1.06869 13.4878
304.57 207.825 11.9358 0.245107 12.0265
300.987 161.243 12.0226 0.0465185 12.0183
895.795 240.073 9.67244 -0.0049621 12.2865
978.209 218.574 9.54546 0.0159748 12.862
705.887 379.817 10.2106 0.491908 10.0951
670.055 365.485 10.4901 0.414632 9.30223
1067.79 265.155 9.58145 0.310873 13.6964
1064.2 229.324 9.58932 0.23691 13.6638
1117.95 558.976 9.34499 0.869051 13.595
186.325 526.728 11.7862 1.43524 12.6461
290.238 333.236 12.0682 0.754362 11.6371
949.543 315.32 9.55586 0.306367 12.7618
619.89 372.651 10.9939 0.457484 7.29736
809.799 351.152 9.80779 0.364064 11.5562
849.214 293.821 9.75056 0.140765 11.9907
985.375 171.993 9.5889 -0.0756918 12.9962
673.638 487.313 10.2841 1.28416 8.63748
243.656 240.073 11.9026 0.467969 12.4976
243.656 175.576 12.0675 0.212824 12.2711
856.38 250.823 9.73644 -0.0437331 11.8563
616.307 308.154 11.6125 -0.584965 2.82057
598.391 286.655 12.3367 -1.26688 -0.26149
738.135 268.739 10.1386 -0.0267529 11.0883
752.468 211.408 10.158 -0.512889 10.2275
351.152 286.655 11.9823 0.489105 11.3412
673.638 336.819 10.5114 0.158118 8.58502
648.556 308.154 10.9201 -0.346144 6.02795
1168.12 483.73 9.3259 0.698619 13.7169
1153.78 401.316 9.31131 0.536839 13.5647
996.125 644.973 9.43368 1.14441 13.3094
1150.2 594.808 9.255 0.92663 13.5593
1207.53 512.395 9.35455 0.745281 13.926
867.13 609.141 9.55857 1.254 12.4503
831.298 594.808 9.57355 1.33693 11.7197
877.88 541.06 9.56012 1.0361 12.4098
1031.96 103.912 9.55952 -0.208525 13.2107
1207.53 200.658 9.39159 0.166343 13.7887
1200.37 300.987 9.39554 0.376578 13.8438
1096.45 297.404 9.50676 0.365162 13.6842
684.388 132.578 10.6679 -0.987159 9.98984
867.13 189.909 9.76018 -0.249368 12.0622
906.545 107.495 9.44031 -1.14674 10.6947
573.309 458.647 11.27 1.36303 7.18501
480.146 598.391 10.9584 1.67244 11.7967
594.808 515.978 10.8495 1.63246 8.61696
182.742 505.229 10.632 0.926613 14.8187
189.909 619.89 11.7876 1.77596 12.4919
576.892 103.912 11.53 -1.27773 9.16675
533.894 100.329 11.5177 -0.879504 10.5369
422.815 272.322 12.7957 -0.030541 7.97462
551.81 254.406 12.6874 -1.14217 3.14999
125.411 229.324 11.7187 0.594888 13.4025
1109.35 262.289 9.48678 0.289598 13.6296
1070.65 262.289 9.57617 0.313599 13.6797
1083.55 232.19 9.53701 0.225294 13.6234
1169.55 197.792 9.40709 0.138392 13.6641
670.772 361.185 10.3091 0.668766 13.7979
1195.35 223.591 9.37174 0.197596 13.7285
103.196 554.677 11.6673 1.4175 13.2361
94.596 541.777 11.6594 1.37275 13.3003
232.19 438.581 11.8095 1.17341 12.4845
300.987 159.093 11.9521 0.0703868 12.1638
1044.86 558.976 9.38518 0.921231 13.3447
1001.86 567.576 9.45121 0.961886 13.2624
1036.26 537.477 9.39643 0.876301 13.2949
116.095 391.283 11.7007 0.998286 13.3253
85.9964 386.984 11.5295 0.962126 13.6742
150.494 85.9964 11.7655 0.203367 13.3518
245.09 361.185 11.8449 0.877498 12.4328
675.071 485.879 10.2808 1.23885 9.11454
662.172 451.481 10.4255 1.06171 8.76763
859.964 249.389 9.7583 -0.00666925 12.0157
1040.56 193.492 9.50147 0.0202368 13.1761
1019.06 159.093 9.57042 -0.0636509 13.2046
1083.55 537.477 9.36203 0.848787 13.4631
331.086 335.386 11.864 0.720099 11.7093
296.687 322.486 12.0288 0.665205 11.7279
619.174 374.084 10.9124 0.495723 8.18806
838.465 343.985 9.75278 0.35006 11.9213
808.366 352.585 9.84266 0.40154 11.8482
812.666 515.978 9.68 1.05801 11.6794
1040.56 494.479 9.39799 0.773987 13.237
1019.06 485.879 9.4215 0.774412 13.1818
1001.86 464.38 9.42063 0.720479 12.9926
761.068 257.989 10.0793 -0.149664 10.8388
782.567 249.389 9.99789 -0.117218 11.2264
214.991 283.788 11.8375 0.650114 12.7271
305.287 257.989 12.1136 0.415543 11.5464
713.77 451.481 10.0863 0.913965 9.88019
1040.56 412.783 9.42163 0.584647 13.2532
1169.55 481.58 9.32644 0.694907 13.7187
1139.45 498.779 9.31612 0.740999 13.5743
1156.65 374.084 9.35188 0.500768 13.6501
1079.25 404.183 9.48885 0.570694 13.6225
1066.35 589.075 9.36108 0.978282 13.4129
872.863 477.28 9.64641 0.835229 12.5966
735.269 524.578 9.90799 1.27058 10.5379
1031.96 103.196 9.55666 -0.215946 13.1852
976.059 219.291 9.55547 0.0207916 12.8495
752.468 210.691 10.1509 -0.538379 10.17
868.563 189.192 9.75949 -0.239654 12.1227
821.265 137.594 9.93165 -0.660134 11.3499
920.161 335.386 9.6136 0.357384 12.6371
571.876 455.781 11.2576 1.32922 7.38664
558.976 472.98 11.3683 1.44412 7.22339
305.287 507.379 12.1728 1.58685 10.8179
558.976 171.993 12.0237 -1.34123 6.95257
619.174 305.287 11.9823 -1.2121 -0.822107
124.695 94.596 11.7384 0.282098 13.4938
206.391 348.285 11.7882 0.858266 12.7844
675.931 340.546 10.4982 0.171129 8.79065
897.802 485.02 9.54633 0.828552 12.4792
892.642 433.422 9.63955 0.680669 12.6761
1042.28 412.783 9.42214 0.58214 13.2534
1016.48 402.463 9.4517 0.584835 13.1557
1057.76 201.231 9.4906 0.0650233 13.269
1073.23 159.953 9.5811 0.0785435 13.6358
1176.43 149.634 9.36432 -0.00108063 13.5804
1145.47 139.314 9.42854 -0.0122842 13.5849
299.267 263.149 12.0844 0.442169 11.6699
356.025 242.51 11.8136 0.321389 11.7511
319.906 216.711 12.0831 0.204886 11.5699
350.865 294.108 11.7527 0.517162 11.8937
299.267 314.747 12.0522 0.659663 11.6675
614.014 407.623 11.0003 0.782229 7.4985
892.642 376.664 9.78044 0.56972 13.1056
949.4 227.03 9.59889 0.0139453 12.6856
1037.12 190.912 9.50323 0.0238551 13.1975
990.678 211.551 9.69786 0.19774 13.5745
1037.12 175.433 9.50829 -0.0202652 13.2014
1016.48 154.793 9.56076 -0.0767246 13.154
1006.16 531.458 9.41663 0.876779 13.1713
232.19 443.741 11.8136 1.16415 12.4514
1037.12 335.386 9.56081 0.448932 13.5443
670.772 361.185 10.5521 0.312714 7.78504
841.044 345.705 9.69193 0.302679 11.5768
1042.28 495.339 9.39736 0.768486 13.2738
1016.48 490.179 9.4174 0.769431 13.1642
1052.6 443.741 9.41888 0.649812 13.3217
990.678 433.422 9.48591 0.63271 13.0479
1083.55 500.499 9.37601 0.775446 13.4307
975.199 216.711 9.54644 0.00864613 12.8341
1155.79 376.664 9.35612 0.495207 13.6517
1078.39 402.463 9.47716 0.57625 13.5959
1021.64 608.854 9.42469 1.04024 13.3765
975.199 557.256 9.4564 0.969932 13.0231
712.05 454.061 10.072 0.88525 10.9677
660.452 454.061 10.3891 1.01585 9.30687
722.369 546.937 9.95771 1.35071 10.9979
835.885 598.535 9.57322 1.31741 11.9354
810.086 552.097 9.67178 1.20959 11.5973
1031.96 103.196 9.5333 -0.255249 13.0867
1166.11 201.231 9.42887 0.156297 13.7422
1099.03 299.267 9.5188 0.366386 13.7061
1083.55 232.19 9.57728 0.23621 13.7206
753.328 211.551 10.1358 -0.501597 10.4071
851.364 294.108 10.1286 0.620468 14.6106
557.256 474.7 11.3273 1.44786 7.49704
629.493 531.458 10.4173 1.32261 11.49
201.231 381.824 11.8765 0.961814 12.6017
242.51 361.185 11.9056 0.89004 12.2864
211.551 583.055 11.7136 1.63719 12.5284
149.634 521.138 11.7773 1.37897 12.8944
577.896 108.355 11.5394 -1.28966 9.07629
572.736 232.19 12.3526 -1.34989 3.86966
541.777 227.03 12.5516 -1.24716 4.49016
98.0359 149.634 11.7157 0.44221 13.54
103.196 273.468 11.7263 0.691177 13.4434
1003.06 160.985 9.5682 -0.0960602 13.0464
1077.36 501.531 9.37931 0.781841 13.3972
1139.28 495.339 9.27322 0.724522 13.5126
216.711 222.903 11.8457 0.457641 12.8003
216.711 179.56 11.8649 0.340819 12.8266
662.516 445.805 10.3714 0.965255 10.1566
743.009 476.764 10.106 0.885733 13.3421
705.858 470.572 10.1279 1.02016 10.9709
928.761 532.49 9.49589 0.956116 12.738
705.858 371.504 10.2887 0.420539 8.82199
978.295 216.711 9.6803 0.157439 13.3745
1040.21 185.752 9.5055 0.0191234 13.1763
1003.06 173.369 9.56712 -0.0528865 13.1027
371.504 371.504 12.4739 0.859858 9.43256
1021.64 396.271 9.457 0.549463 13.1366
619.174 377.696 10.9355 0.51145 8.08731
1021.64 451.997 9.47995 0.695268 13.303
959.719 427.23 9.50953 0.639524 12.8978
1126.9 445.805 9.3686 0.636881 13.5834
1157.86 371.504 9.37075 0.500907 13.6457
996.87 563.448 9.40604 0.965258 13.0872
978.295 551.065 9.44876 0.946072 12.992
1145.47 594.407 9.26354 0.935299 13.5552
1064.98 588.215 9.3859 0.972464 13.4969
854.46 427.23 9.67977 0.684065 12.2874
879.227 582.023 9.569 1.14985 12.5684
835.885 594.407 9.53448 1.34953 11.7051
885.419 544.873 9.53866 1.04119 12.4574
811.118 544.873 9.70505 1.16882 11.8978
1089.75 142.41 9.58921 0.0758986 13.7289
1034.02 340.546 9.58634 0.450179 13.5803
959.719 278.628 9.5453 0.190675 12.7551
1071.17 266.245 9.57617 0.313599 13.6797
662.516 130.027 10.7761 -0.895015 10.34
848.268 142.41 9.76524 -0.746556 11.1685
736.817 346.737 10.0955 0.3491 10.8354
674.9 340.546 10.4749 0.210144 9.16764
829.693 297.203 9.79398 0.139326 11.6693
204.327 377.696 11.8381 0.957812 12.682
123.835 421.038 11.729 1.07016 13.1791
340.546 421.038 11.9454 1.14373 11.1792
272.436 526.298 12.3069 1.76317 10.8323
383.888 179.56 12.4564 -0.365232 9.93528
495.339 260.053 13.413 -0.948617 3.1458
600.599 284.82 12.3186 -1.36099 -0.664935
315.779 216.711 12.1403 0.199379 11.482
123.835 340.546 11.8054 0.872984 13.1663
334.354 303.395 11.9988 0.561544 11.3873
297.203 266.245 12.1834 0.419793 11.4562
995.632 497.816 9.42435 0.798475 13.1085
973.341 222.903 9.56217 0.00196052 12.8011
1017.92 156.032 9.55441 -0.0582387 13.1053
980.771 170.892 9.58332 -0.0880529 12.9663
1077.36 401.225 9.43082 0.577324 13.4951
1055.07 401.225 9.49855 0.545183 13.5785
222.903 319.494 11.8246 0.756899 12.6652
401.225 230.333 12.6721 -0.139574 8.96739
824.74 297.203 9.59438 -0.179558 9.51262
795.019 274.913 9.92767 0.0518154 11.6062
1017.92 393.795 9.44277 0.534619 13.1411
1129.37 497.816 9.32652 0.741759 13.5784
787.589 371.504 9.85142 0.464787 11.4843
683.568 549.826 10.2074 1.09477 13.2135
861.89 542.396 9.50529 1.09626 11.8354
809.879 549.826 9.70764 1.18411 11.5997
1099.65 148.602 9.70743 0.205004 14.0039
1069.93 156.032 9.60017 0.0706892 13.6133
951.051 326.924 9.54932 0.293711 12.7677
1099.65 349.214 9.50996 0.478078 13.713
1099.65 252.623 9.53351 0.301183 13.7402
728.148 141.172 10.4026 -1.00785 10.0605
824.74 200.612 9.88098 -0.306019 11.6757
668.708 356.644 10.5867 0.270921 7.55172
445.805 438.375 12.675 1.41137 6.49553
408.655 445.805 12.5383 1.4765 7.9953
557.256 475.526 11.2345 1.44721 7.99796
148.602 520.106 11.3931 1.23498 13.5892
505.246 185.752 10.7261 0.392111 13.7849
549.826 163.462 11.9341 -1.25556 7.70839
156.032 200.612 11.7528 0.494665 13.2698
215.473 252.623 11.7105 0.581645 12.9573
141.172 245.193 12.0055 0.575287 12.8616
289.773 319.494 11.6964 0.699647 12.576
855.946 427.973 9.64232 0.66481 11.7316
882.694 543.882 9.53319 1.05791 12.4588
998.604 543.882 9.42511 0.921885 13.1054
1034.27 508.218 9.39531 0.783914 13.267
731.121 454.721 10.0049 0.908143 10.0929
793.533 374.476 9.85054 0.448302 11.458
731.121 543.882 9.9047 1.32059 10.7056
704.372 472.554 10.117 1.11159 8.92574
847.03 517.134 9.61868 0.955029 12.1777
1052.1 187.238 9.50625 -0.00077836 13.1802
954.023 320.98 9.55073 0.314662 12.8009
918.359 320.98 9.59395 0.29772 12.5503
962.939 276.399 9.55575 0.2239 12.7582
1105.6 258.567 9.50501 0.287137 13.6584
757.869 205.07 10.1537 -0.597225 10.1084
641.96 267.483 10.8717 -0.396585 8.26911
499.302 436.889 10.9709 0.912878 12.2426
633.043 454.721 10.2871 0.794639 15.0161
624.127 526.05 10.4491 1.35506 11.3902
633.043 481.47 10.4718 1.14303 10.8174
561.715 481.47 11.2584 1.50865 7.62205
169.406 401.225 11.7872 1.03727 12.9203
285.315 499.302 11.6908 1.37889 12.2913
410.141 240.735 12.7337 -0.181057 8.61375
508.218 187.238 10.716 0.374477 13.7738
552.798 231.819 12.7376 -1.46111 2.73199
579.547 169.406 10.5425 0.386054 13.8625
427.973 338.812 12.4951 0.593981 8.44077
588.463 320.98 12.4517 -0.70904 -0.20451
187.238 178.322 11.8023 0.349693 12.9894
294.231 258.567 12.0136 0.445372 11.8973
