1187 547 -0.603414 -0.393398 3.70073
1040 421.2 -0.845439 -0.451848 3.86713
1068.6 434.2 -0.817198 -0.443568 3.86148
1166.1 384.8 -0.965968 -0.508964 4.11976
1076.4 562.9 -0.639608 -0.382833 3.69115
1049.1 531.7 -0.712719 -0.389682 3.74789
1203.28 468.13 -0.714457 -0.42579 3.84945
1189.76 459.68 -0.72342 -0.430734 3.85164
1154.27 446.16 -0.761985 -0.438282 3.86724
1204.97 434.33 -0.719509 -0.442582 3.8545
1220.18 637.13 -0.6 -0.364641 3.71309
1190.77 441.597 -0.735364 -0.440565 3.86379
1083.12 175.76 -2.43151 -1.32847 5.49858
1036.98 138.411 -2.16985 -1.26899 5.07859
1116.08 580.008 -0.662726 -0.374952 3.73323
1221.53 637.13 -0.604562 -0.363583 3.71849
1074.33 564.629 -0.671378 -0.380173 3.72018
1021.6 522.886 -0.740478 -0.389309 3.75855
1056.76 419.627 -0.821641 -0.450816 3.85726
1001.83 186.745 -2.63735 -1.31639 5.38717
1139.58 119.956 -1.9587 -1.27954 5.19063
1093.89 59.9781 -1.68635 -1.21339 4.74783
1096.74 494.105 -0.659254 -0.409381 3.71635
1022.48 528.378 -0.734062 -0.389087 3.75167
1190.99 439.839 -0.737904 -0.442077 3.86723
1053.9 388.43 -0.829117 -0.472169 3.8629
1182.43 425.559 -0.71749 -0.447113 3.8381
1016.77 474.113 -0.851815 -0.416012 3.85654
1219.55 636.91 -0.602332 -0.364988 3.71551
1002.49 467.829 -0.838232 -0.420607 3.83038
1154.72 464.116 -0.745306 -0.429648 3.85211
1188.14 594.069 -0.611343 -0.377293 3.70895
1028.11 415.105 -0.829605 -0.452543 3.84343
1153.61 468.2 -0.73308 -0.425972 3.83691
1042.59 135.151 -2.15935 -1.26745 5.07484
1044.14 399.708 -0.9246 -0.476425 3.93864
1027.82 416.023 -0.828512 -0.450554 3.84574
1011.51 522.068 -0.727087 -0.389723 3.73747
1027.82 546.539 -0.691547 -0.382124 3.71969
1101.24 489.438 -0.680121 -0.416106 3.74227
1084.92 513.91 -0.651352 -0.398782 3.70112
1007.43 445.389 -0.799875 -0.432499 3.80468
551.434 381.762 -1.38009 -0.479353 3.70695
583.247 381.762 -0.834695 -0.44843 3.55792
657.479 413.575 -1.27962 -0.453589 3.78481
752.919 434.784 -1.25239 -0.435053 3.88511
657.479 296.926 -1.50983 -0.618648 3.86144
668.083 349.948 -1.59233 -0.556151 3.92819
996.823 509.016 -0.809915 -0.401501 3.80724
922.591 455.993 -0.926312 -0.425629 3.84193
975.614 477.202 -0.792277 -0.407604 3.77664
455.993 466.598 -1.53018 -0.365419 3.64045
593.852 466.598 -1.42537 -0.395344 3.77543
827.151 487.807 -0.95196 -0.401002 3.78221
710.501 487.807 -1.55817 -0.380291 3.97553
519.62 339.344 -1.48509 -0.527363 3.6931
636.27 481.281 -1.45738 -0.371772 3.84155
554.697 440.494 -1.01507 -0.410604 3.60509
823.888 481.281 -0.8228 -0.401425 3.7029
660.742 407.865 -1.47031 -0.4646 3.87169
970.719 440.494 -0.864572 -0.43387 3.82869
489.438 326.292 -1.63148 -0.55362 3.68934
481.281 391.551 -1.5202 -0.46764 3.66239
889.146 464.966 -0.814157 -0.414782 3.73485
545.912 131.772 -2.60742 -1.1558 3.95723
589.836 125.497 -2.08508 -1.02767 3.9248
376.491 150.596 -2.16056 -0.912398 3.55243
589.836 589.836 -0.952918 -0.320416 3.61952
483.163 589.836 -1.56792 -0.233394 3.69703
589.836 426.69 -1.3415 -0.432975 3.73537
552.187 439.24 -1.32205 -0.412668 3.69031
633.76 483.163 -1.39314 -0.370131 3.81455
803.181 326.292 -1.68674 -0.635708 4.19184
734.157 207.07 -2.17585 -0.962516 4.28509
702.783 545.912 -0.936554 -0.35369 3.68587
859.654 432.965 -1.19011 -0.454134 3.97352
665.134 414.14 -1.82285 -0.478733 4.03171
533.362 414.14 -1.59626 -0.442166 3.74596
790.631 376.491 -1.68995 -0.548736 4.18617
483.163 395.316 -1.10889 -0.437924 3.57354
928.678 520.813 -0.723177 -0.389249 3.69311
828.28 483.163 -0.972914 -0.402619 3.79423
540.602 135.151 -2.89009 -1.23714 4.02113
598.524 183.419 -2.96026 -1.16943 4.22801
559.91 622.658 -0.993714 -0.290576 3.61642
458.547 501.988 -1.45106 -0.332829 3.63151
482.681 588.871 -1.5229 -0.230614 3.68522
545.429 448.893 -1.51362 -0.400829 3.74176
781.943 101.363 -2.14943 -1.18085 4.3581
854.345 154.458 -2.30163 -1.18387 4.65876
699.887 540.602 -1.01263 -0.348818 3.72131
728.848 593.697 -0.974713 -0.322854 3.7288
675.753 415.105 -1.62513 -0.469364 3.94892
999.149 530.949 -0.723537 -0.388916 3.73277
545.429 429.586 -1.19314 -0.417941 3.64854
439.24 463.374 -1.37092 -0.375096 3.5942
468.2 463.374 -1.37822 -0.378907 3.62022
444.066 492.334 -1.42879 -0.344857 3.60799
675.753 617.831 -0.922634 -0.313115 3.66324
492.334 362.011 -1.35414 -0.482507 3.62915
434.413 405.452 -1.29687 -0.435111 3.56328
975.015 439.24 -0.834253 -0.434937 3.80431
921.92 468.2 -0.902294 -0.417983 3.82121
970.188 526.122 -0.724656 -0.389683 3.71518
796.423 622.658 -0.913701 -0.315895 3.74122
820.557 506.815 -0.884511 -0.388085 3.73355
597.782 185.646 -3.24201 -1.2442 4.31268
527.236 582.93 -1.51223 -0.236691 3.74185
590.356 590.356 -0.974222 -0.316427 3.62769
876.251 81.6844 -1.9697 -1.19323 4.47334
798.28 163.369 -2.73578 -1.26804 4.73284
920.806 467.829 -0.837068 -0.415202 3.77337
950.51 612.633 -0.832501 -0.334595 3.80149
486.394 397.283 -1.33468 -0.448993 3.61974
846.548 375.006 -1.36523 -0.525762 4.06891
850.261 430.7 -1.36639 -0.460694 4.07893
742.586 430.7 -1.51769 -0.450814 4.0089
798.28 623.772 -0.835559 -0.324492 3.69736
827.983 631.198 -0.797134 -0.327826 3.69268
668.327 616.346 -0.894884 -0.314728 3.64844
694.318 638.624 -0.889028 -0.30541 3.66677
497.533 393.57 -1.37272 -0.454111 3.64118
545.801 430.7 -1.39107 -0.420762 3.706
508.671 594.069 -1.4148 -0.238854 3.69026
560.652 623.772 -1.55832 -0.189031 3.79433
931.945 519.81 -0.743486 -0.388961 3.7063
972.787 527.236 -0.734686 -0.387798 3.7239
441.839 493.82 -1.41841 -0.342957 3.60299
861.4 516.097 -0.799898 -0.387028 3.70872
928.232 538.375 -0.763143 -0.380905 3.72019
868.825 582.93 -0.834527 -0.347102 3.74404
824.27 482.681 -0.914198 -0.400353 3.7573
735.16 594.069 -0.897255 -0.329555 3.68982
698.031 542.088 -0.900454 -0.356786 3.66603
672.04 579.217 -0.887511 -0.336942 3.64354
701.744 579.217 -0.913728 -0.335851 3.67683
883.677 646.05 -0.724729 -0.335921 3.67085
534.662 497.533 -1.41579 -0.345607 3.70547
768.576 542.088 -0.84555 -0.363283 3.68343
731.447 556.939 -0.931176 -0.347589 3.70533
620.059 571.791 -0.821534 -0.345618 3.586
571.791 467.829 -1.48218 -0.386855 3.76287
634.911 482.681 -1.9186 -0.358298 4.02129
602.637 122.812 -2.48229 -1.17201 4.07624
536.947 137.093 -2.48707 -1.10478 3.91256
436.983 57.122 -2.3086 -1.1629 3.65098
479.825 591.213 -1.48287 -0.233541 3.6728
848.262 431.271 -1.4395 -0.462505 4.1222
714.025 388.43 -1.55541 -0.50591 3.98477
739.73 431.271 -1.43707 -0.447419 3.96572
762.579 434.127 -1.45363 -0.447304 4.00625
668.327 616.918 -0.897819 -0.313996 3.64941
685.464 659.759 -0.829754 -0.304489 3.63141
802.564 334.164 -1.69041 -0.623849 4.19232
811.132 628.342 -0.817217 -0.324928 3.69521
828.269 628.342 -0.815198 -0.325492 3.70351
802.564 656.903 -0.788671 -0.317621 3.67363
999.635 465.544 -0.810528 -0.423063 3.80604
956.793 511.242 -0.718474 -0.396078 3.7039
993.923 505.53 -0.764374 -0.398499 3.76149
928.232 522.666 -0.743486 -0.388961 3.7063
968.218 434.127 -0.827642 -0.436164 3.79798
782.571 662.615 -0.777063 -0.31666 3.65475
836.837 499.817 -0.850425 -0.390447 3.72736
556.939 622.63 -1.04232 -0.281777 3.62944
751.154 451.264 -1.53971 -0.427108 4.03651
716.881 482.681 -1.55345 -0.378799 3.99962
751.154 508.386 -0.951077 -0.378392 3.72624
971.074 528.378 -0.714265 -0.388581 3.70613
993.923 531.234 -0.731241 -0.386276 3.73398
422.703 448.408 -1.4212 -0.390832 3.58323
436.983 494.105 -1.39716 -0.342787 3.59736
534.091 499.817 -1.42597 -0.345613 3.70909
976.786 219.92 -3.1003 -1.36685 5.69788
839.693 77.1147 -1.95451 -1.18007 4.37569
811.132 111.388 -2.22582 -1.21575 4.48078
882.535 645.479 -0.717647 -0.33744 3.6669
468.4 611.205 -1.53068 -0.201978 3.67374
451.264 642.622 -1.4201 -0.186695 3.63295
596.925 185.646 -3.2285 -1.23595 4.30584
888.247 231.344 -1.63478 -0.789533 4.29082
478.946 595.387 -1.51163 -0.227112 3.68004
652.509 177.957 -2.91777 -1.2075 4.37729
973.271 529.477 -0.73006 -0.387808 3.72015
993.044 533.871 -0.724712 -0.386745 3.72759
757.965 507.507 -1.07886 -0.375526 3.79838
786.526 410.839 -1.92012 -0.515603 4.30663
696.449 435.006 -1.76772 -0.447812 4.06095
922.74 470.158 -0.85187 -0.413589 3.78309
935.922 485.537 -0.810745 -0.40607 3.7608
929.331 373.49 -1.76902 -0.609504 4.50043
652.509 608.569 -0.906014 -0.317508 3.64166
766.753 542.659 -0.851412 -0.364717 3.68389
718.419 566.826 -0.918996 -0.34222 3.6901
700.843 577.811 -0.913225 -0.335987 3.6749
924.937 527.28 -0.743717 -0.384898 3.70371
872.209 586.599 -0.916619 -0.335056 3.80154
795.314 601.978 -0.905074 -0.325903 3.73906
977.665 219.7 -3.10411 -1.36608 5.69157
841.451 149.396 -2.3855 -1.21274 4.66488
793.117 166.972 -2.7772 -1.27626 4.7441
837.057 76.895 -1.98533 -1.19472 4.39737
757.965 333.944 -1.83999 -0.635472 4.1938
801.905 333.944 -1.73285 -0.627952 4.21622
424.021 445.991 -1.39276 -0.391739 3.57752
472.355 461.37 -1.4325 -0.379706 3.63723
437.203 496.522 -1.40771 -0.34099 3.59957
395.46 461.37 -1.41858 -0.374667 3.55493
391.066 483.34 -1.38904 -0.350432 3.54831
410.839 415.233 -1.34103 -0.420488 3.55016
503.113 456.976 -1.41671 -0.389555 3.66718
542.659 474.552 -1.38825 -0.37697 3.70555
522.886 500.916 -1.40683 -0.344586 3.69194
533.871 498.719 -1.42731 -0.345255 3.71
496.522 393.263 -1.36194 -0.454109 3.63775
485.537 641.524 -1.38082 -0.197034 3.65991
599.781 606.372 -0.925864 -0.315012 3.61575
612.963 674.479 -0.87616 -0.2846 3.61107
536.068 540.462 -1.49049 -0.293846 3.7352
435.006 57.122 -2.11946 -1.0875 3.61732
564.629 118.638 -2.67125 -1.23249 4.03917
533.871 138.411 -2.51485 -1.11265 3.91839
812.89 373.49 -1.58568 -0.546977 4.14534
804.102 382.278 -1.3438 -0.511461 3.99248
650.312 577.811 -0.921654 -0.334447 3.64635
661.297 566.826 -0.93879 -0.337847 3.65908
661.297 595.387 -0.917689 -0.324534 3.65304
364.702 406.445 -1.83434 -0.433439 3.55231
735.995 393.263 -1.58257 -0.506991 4.01973
729.404 628.342 -0.81674 -0.323755 3.64678
790.92 165.62 -2.74258 -1.26721 4.73031
971.75 528.97 -0.752649 -0.38628 3.73759
740.22 432.64 -1.61335 -0.454202 4.05672
694.59 434.33 -1.72972 -0.445814 4.04054
927.81 522.21 -0.739482 -0.390148 3.70271
667.55 618.54 -0.894532 -0.313513 3.64839
735.15 561.08 -0.924172 -0.348004 3.70308
660.79 566.15 -0.940978 -0.338386 3.66051
682.76 567.84 -0.927247 -0.339438 3.66989
924.43 528.97 -0.742581 -0.385506 3.70327
870.35 153.79 -2.42742 -1.23667 4.78716
425.88 446.16 -1.40096 -0.392919 3.57923
473.2 461.37 -1.46618 -0.379447 3.64711
463.06 498.55 -1.4789 -0.335478 3.64088
566.15 446.16 -1.46786 -0.40878 3.75305
503.62 436.02 -1.37583 -0.411398 3.6562
425.88 650.65 -1.37942 -0.186984 3.59967
388.7 659.1 -1.36456 -0.18133 3.56217
410.67 593.19 -1.3931 -0.240509 3.58025
478.27 594.88 -1.4919 -0.228781 3.67353
535.73 540.8 -1.46814 -0.295517 3.72816
515.45 594.88 -1.37157 -0.247165 3.68526
434.33 57.46 -2.23611 -1.13288 3.63673
566.15 116.61 -2.18881 -1.06567 3.89784
606.71 123.37 -2.50644 -1.1817 4.09083
625.3 174.07 -3.06138 -1.24221 4.33594
532.35 138.58 -2.73007 -1.17688 3.96387
488.41 65.91 -2.30985 -1.16673 3.75604
527.28 32.11 -2.01199 -1.13418 3.76487
532.35 226.46 -3.7809 -1.20352 4.25835
735.15 594.88 -0.892943 -0.329068 3.68902
692.9 650.65 -0.828278 -0.309159 3.63298
709.8 643.89 -0.875105 -0.304247 3.66541
452.92 380.25 -1.84425 -0.49026 3.68199
963.3 522.21 -0.738172 -0.389339 3.72171
728.39 457.99 -1.49972 -0.415691 3.98544
701.35 579.67 -0.904208 -0.335198 3.67202
697.97 599.95 -0.899268 -0.324373 3.66804
525.59 380.25 -1.36462 -0.473379 3.67309
498.55 626.99 -1.39748 -0.209342 3.6774
513.76 623.61 -1.44153 -0.205086 3.70701
486.72 648.96 -1.38445 -0.189339 3.66064
632.06 586.43 -0.929512 -0.32564 3.63838
917.67 664.17 -0.695921 -0.332874 3.66868
794.3 407.29 -1.38343 -0.483506 4.00817
881.4 83.2 -2.00574 -1.21442 4.51063
960.7 464.1 -0.844736 -0.419654 3.80671
963.3 403 -1.44966 -0.523672 4.31157
989.3 691.6 -0.667754 -0.33031 3.67886
694.2 435.5 -1.67018 -0.442979 4.01072
899.6 494 -0.777881 -0.39822 3.7147
717.6 633.1 -0.87669 -0.310172 3.67131
668.2 620.1 -0.883823 -0.314093 3.6429
786.5 582.4 -0.926385 -0.335349 3.74264
661.7 565.5 -0.953738 -0.33705 3.66705
683.8 568.1 -0.927081 -0.339591 3.67068
903.5 685.1 -0.69435 -0.326817 3.66078
881.4 533 -0.773869 -0.379469 3.70395
773.5 106.6 -2.26748 -1.22037 4.40463
790.4 166.4 -2.62418 -1.22062 4.65537
839.8 76.7 -1.97725 -1.19134 4.3942
435.5 497.9 -1.41843 -0.338632 3.5995
464.1 499.2 -1.5058 -0.334301 3.64859
566.8 445.9 -1.50502 -0.408342 3.76622
534.3 499.2 -1.46966 -0.344485 3.72303
353.6 625.3 -1.51267 -0.184323 3.54091
478.4 595.4 -1.45012 -0.232022 3.66375
616.2 676 -0.881858 -0.28365 3.61459
536.9 540.8 -1.48257 -0.295093 3.73455
530.4 590.2 -1.45103 -0.242271 3.72403
432.9 58.5 -2.22832 -1.12619 3.63276
608.4 123.5 -2.55285 -1.19943 4.10976
534.3 226.2 -3.63821 -1.17151 4.21996
972.4 388.7 -1.48211 -0.54795 4.34908
803.4 382.2 -1.47938 -0.524662 4.07547
795.6 601.9 -0.933629 -0.321731 3.75358
694.2 681.2 -0.821638 -0.296401 3.63268
794.3 344.5 -1.75056 -0.61583 4.20995
651.3 608.4 -0.891437 -0.319422 3.63504
698.1 574.6 -0.928674 -0.335979 3.68134
516.1 358.8 -1.35646 -0.491802 3.6548
782.6 661.7 -0.75635 -0.320834 3.64297
772.2 685.1 -0.75326 -0.311621 3.63571
633.1 587.6 -0.934159 -0.324794 3.64062
769.6 435.5 -1.43479 -0.448001 4.00656
542.1 430.3 -1.4086 -0.422502 3.70687
544.7 427.7 -1.41177 -0.423465 3.71063
514.8 625.3 -1.39679 -0.212364 3.69497
484.9 642.2 -1.39946 -0.194613 3.66464
737.1 560.3 -0.960182 -0.343808 3.72425
738.4 432.9 -1.47031 -0.447772 3.98233
426.4 651.3 -1.37494 -0.186936 3.59969
522.6 379.6 -1.38144 -0.473618 3.67121
323.7 562.9 -1.69271 -0.227267 3.51402
850.2 590.2 -0.896717 -0.334675 3.77041
855.4 594.1 -0.888046 -0.333966 3.76981
893.1 596.7 -0.84051 -0.340257 3.76413
475 461 -1.5263 -0.378509 3.66187
435 498 -1.41843 -0.338632 3.5995
464 498 -1.49485 -0.335412 3.64685
535 498 -1.514 -0.342592 3.73677
519 427 -1.37484 -0.421959 3.67189
455 650 -1.3711 -0.190324 3.62819
410 595 -1.40456 -0.238356 3.58118
331 571 -1.60817 -0.227628 3.51799
537 540 -1.46974 -0.296049 3.73036
531 140 -2.6652 -1.15567 3.94599
530 31 -1.99673 -1.12972 3.76637
488 68 -2.32621 -1.1731 3.76122
585 400 -2.28138 -0.508121 4.03606
329 464 -2.03767 -0.339645 3.52701
353 476 -1.56854 -0.346513 3.5253
510 341 -1.41667 -0.517661 3.66127
499 627 -1.45644 -0.199358 3.69386
484 642 -1.40786 -0.19327 3.66715
510 648 -1.36258 -0.195744 3.68384
467 389 -1.63715 -0.469523 3.66328
718 432 -1.5471 -0.448608 3.99065
692 553 -0.964286 -0.345377 3.6926
306 448 -2.35936 -0.354113 3.50501
432 630 -1.44802 -0.194536 3.61706
422 646 -1.38619 -0.190239 3.59752
427 652 -1.36501 -0.188877 3.5983
892 597 -0.888952 -0.332929 3.79802
523 379 -1.38003 -0.473818 3.67074
695 681 -0.825799 -0.295645 3.63474
709 699 -0.780726 -0.298514 3.62076
388 453 -1.39849 -0.380105 3.54049
378 486 -1.42308 -0.347222 3.53845
393 487 -1.39046 -0.347728 3.54794
727 489 -1.48471 -0.376834 3.97806
371 647 -1.4263 -0.179175 3.55052
693 436 -1.63518 -0.441372 3.99329
744 643 -0.794621 -0.321154 3.64402
489 365 -1.42028 -0.486792 3.63946
497 390 -1.40801 -0.459457 3.65025
432 419 -1.46877 -0.425032 3.59356
432 431 -1.50795 -0.408206 3.60234
534 609 -1.47227 -0.218544 3.73679
616 675 -0.87577 -0.284854 3.61223
