1018 450 6.58827 0.382315 9.2356
1019 143 6.78041 -0.53309 9.89891
999 142 6.75727 -0.571548 10.042
203 437 4.30415 0.407903 9.4781
197 414 4.24612 0.342006 9.54313
217 593 4.20452 0.930413 9.72301
992 361 6.61556 0.166881 9.58741
1064 310 6.70935 0.0370569 9.2843
1035 283 6.70806 -0.0498423 9.50071
254 107 4.33678 -0.647776 9.6791
1135 232 6.84381 -0.141078 9.19508
108 255 4.45372 -0.0630575 8.86891
131 242 4.45383 -0.102983 8.94773
768 142 6.02847 -0.91496 11.325
970 477 6.50728 0.470967 9.38243
348 362 3.98901 0.17288 11.136
1039 520 6.58346 0.528648 9.06328
833 651 6.20034 1.06536 9.81024
1036 210 6.73601 -0.261059 9.59032
1068 203 6.67925 -0.207236 9.16761
961 402 6.53934 0.283049 9.61609
960 365 6.54354 0.178985 9.65097
159 148 4.45222 -0.354154 9.0449
857 477 6.30506 0.556029 10.0816
408 230 3.10826 -0.945695 14.1658
414 200 2.37547 -1.60595 16.2379
1026 343 6.65609 0.119127 9.4031
211 467 4.29432 0.505862 9.53408
921 380 6.47506 0.225227 9.85278
1144 422 6.73053 0.293749 8.88287
828 482 6.21645 0.588283 10.1643
266 395 4.20599 0.2997 10.0034
185 145 4.34368 -0.433778 9.32187
900 444 6.41196 0.423241 9.86582
1059 320 6.69349 0.0682842 9.26515
197 331 4.38386 0.0937606 9.32072
1003 239 6.686 -0.202141 9.72886
23 215 4.53933 -0.0954627 8.52324
63 301 4.54622 0.0650866 8.62061
138 107 4.46342 -0.431128 8.95331
90 546 4.39079 0.617486 8.90133
191 499 4.15821 0.616938 9.64177
456 615 4.75603 1.20238 10.5043
1237 209 6.89357 -0.132182 8.85164
1178 358 6.77429 0.164277 8.8324
1192 54 6.95533 -0.556532 9.16109
1153 173 6.8712 -0.273902 9.15886
861 560 6.28285 0.776633 9.79512
917 455 6.44314 0.449789 9.75703
1028 613 6.52291 0.704137 8.9416
1211 442 6.75298 0.316654 8.65619
1235 386 6.80923 0.216815 8.68965
1049 379 6.66969 0.211498 9.26276
1018 520 6.56775 0.545045 9.16636
988 522 6.5127 0.558123 9.22425
992.4 181.2 6.68524 -0.399026 9.83727
1030.8 254.4 6.72352 -0.136887 9.58554
1063.2 243.6 6.7566 -0.144294 9.41862
1033.2 237.6 6.72105 -0.176785 9.56792
201.6 438 4.29849 0.410457 9.47751
256.8 136.8 4.35392 -0.549056 9.67222
668.4 240 5.21277 -0.994998 15.1807
776.4 499.2 6.05429 0.756295 10.8979
1053.6 477.6 6.60891 0.431437 9.04569
1039.2 452.4 6.62444 0.386048 9.19275
94.8 124.8 4.69965 -0.263174 8.50684
62.4 114 4.71709 -0.250265 8.41254
226.8 182.4 4.33505 -0.369577 9.53407
216 168 4.31968 -0.411069 9.50787
292.8 507.6 4.0067 0.795788 10.5887
968.4 358.8 6.57928 0.159969 9.68831
832.8 628.8 6.20511 1.01566 9.87036
937.2 117.6 7.10105 -1.37679 12.6841
969.6 476.4 6.51039 0.472532 9.40718
165.6 351.6 4.39457 0.152764 9.17373
152.4 320.4 4.42638 0.0785288 9.06798
912 453.6 6.43101 0.446988 9.75998
958.8 171.6 6.66744 -0.510165 10.1961
1009.2 300 6.64756 -0.000981957 9.52909
266.4 205.2 4.33816 -0.349295 9.76334
871.2 391.2 6.37007 0.271459 10.2574
873.6 103.2 6.39228 -0.80678 10.3714
937.2 384 6.50374 0.23713 9.77928
928.8 429.6 6.46997 0.369389 9.7131
943.2 415.2 6.49551 0.317766 9.64799
1050 340.8 6.67965 0.117769 9.29684
344.4 412.8 3.92703 0.424483 11.2429
628.8 232.8 4.54548 -1.40235 17.3543
345.6 174 3.96199 -0.751976 11.174
348 148.8 3.95971 -0.883127 11.2011
265.2 235.2 4.32836 -0.242729 9.77779
328.8 201.6 4.08941 -0.537936 10.7242
632.4 422.4 4.82037 0.736762 15.7376
523.2 334.8 -2.7267 -1.06407 41.1218
939.6 344.4 6.53426 0.111 9.89194
195.6 351.6 4.3642 0.153114 9.34146
784.8 446.4 6.09088 0.522421 10.7854
220.8 223.2 4.3354 -0.240226 9.51174
241.2 195.6 4.2833 -0.363054 9.70107
380.4 324 3.6238 -0.0739417 12.387
848.4 356.4 6.33225 0.13959 10.6458
138 226.8 4.47514 -0.141339 8.94813
364.8 210 3.94089 -0.621602 11.422
1005.6 260.4 6.67714 -0.125722 9.66933
1003.2 238.8 6.68564 -0.202962 9.73485
1070.4 138 6.84278 -0.473194 9.61627
1090.8 117.6 6.85885 -0.504015 9.51585
391.2 210 3.58384 -0.844229 12.6663
378 199.2 3.67536 -0.831561 12.2225
183.6 183.6 4.53909 -0.256393 9.01661
193.2 158.4 4.36757 -0.390644 9.31255
842.4 312 6.31377 -0.0405199 10.578
388.8 241.2 3.6197 -0.616283 12.5289
807.6 258 6.25354 -0.377422 11.6602
746.4 354 5.92972 0.105384 12.4454
356.4 235.2 3.78922 -0.531828 11.6871
810 391.2 6.19488 0.281551 10.7057
728.4 312 5.80933 -0.203144 13.2269
237.6 298.8 4.66897 0.0304813 9.03726
24 241.2 4.54063 -0.0452438 8.5289
22.8 216 4.54731 -0.0901357 8.51635
22.8 356.4 4.52452 0.177483 8.54471
504 211.2 3.1785 -1.57355 16.91
594 225.6 4.22837 -1.40692 16.8876
584.4 88.8 4.64614 -2.02764 13.9663
591.6 46.8 4.9044 -1.90805 12.7318
615.6 177.6 4.75047 -1.507 14.9041
441.6 132 3.70094 -1.52947 13.2845
217.2 592.8 4.25853 0.909973 9.63377
307.2 540 3.80771 1.03111 11.1146
267.6 530.4 4.02255 0.853397 10.358
172.8 564 4.29729 0.755697 9.35382
126 547.2 4.36445 0.655952 9.06043
188.4 400.8 4.27332 0.298349 9.45646
43.2 438 4.50386 0.339597 8.62683
166.8 360 4.38977 0.183071 9.17466
103.2 448.8 4.39363 0.390078 8.94615
475.2 550.8 3.92038 1.55371 13.4899
369.6 481.2 3.49755 0.934519 12.5559
668.4 192 5.27468 -1.27988 14.3814
924 64.8 6.5819 -0.953339 10.3635
660 75.6 5.45153 -1.40548 11.7967
662.4 187.2 5.15992 -1.43836 15.0096
1131.6 218.4 6.83577 -0.174581 9.20539
1214.4 254.4 6.86462 -0.0506887 8.87393
1237.2 208.8 6.90156 -0.137374 8.86311
1144.8 342 6.77023 0.131633 8.97102
1122 282 6.77886 -0.0105612 9.11286
1202.4 337.2 6.80852 0.125245 8.80785
1244.4 286.8 6.87684 0.0291646 8.78984
1204.8 314.4 6.81897 0.0768676 8.82386
1089.6 238.8 6.78082 -0.140607 9.30565
1068 202.8 6.67757 -0.208163 9.16692
1075.2 307.2 6.71988 0.0384113 9.2355
1036.8 308.4 6.67643 0.029263 9.37075
1192.8 52.8 6.95733 -0.556037 9.16131
1153.2 172.8 6.87021 -0.272109 9.16508
1152 121.2 6.88157 -0.404763 9.20019
1249.2 148.8 6.92429 -0.256082 8.86402
1209.6 123.6 6.91834 -0.343376 9.00132
1102.8 93.6 6.87681 -0.562844 9.47848
1000.8 105.6 7.38907 -1.34812 12.3442
1096.8 157.2 6.74127 -0.310409 9.16419
804 607.2 6.12809 1.01849 10.1264
860.4 565.2 6.27992 0.790781 9.76804
946.8 573.6 6.43377 0.709107 9.31985
943.2 547.2 6.44006 0.655345 9.38783
884.4 553.2 6.33638 0.730662 9.66512
916.8 616.8 6.37201 0.847678 9.38044
891.6 625.2 6.32679 0.893473 9.48341
901.2 490.8 6.38441 0.55035 9.67981
901.2 463.2 6.41316 0.487149 9.85602
674.4 525.6 5.47094 1.21918 12.8135
1108.8 573.6 6.62129 0.580954 8.7626
1242 566.4 6.72072 0.501599 8.49765
1126.8 662.4 6.59057 0.70104 8.61264
1098 609.6 6.60241 0.651865 8.76656
1028.4 613.2 6.52512 0.701763 8.94156
1102.8 651.6 6.58046 0.709698 8.68833
1114.8 516 6.6377 0.469929 8.77483
1048.8 379.2 6.67059 0.211314 9.28673
1016.4 470.4 6.57358 0.434728 9.20814
1065.6 502.8 6.62165 0.479754 8.99599
368.64 480.96 3.49755 0.934519 12.5559
338.4 459.36 3.80946 0.677475 11.4397
1031.04 253.44 6.72507 -0.13665 9.56703
262.08 360 4.27037 0.172941 9.85639
934.56 234.72 6.57532 -0.277493 10.1724
915.84 239.04 6.50005 -0.24496 10.0417
1035.36 171.36 6.78599 -0.406491 9.75643
1116 424.8 6.70756 0.304743 8.96684
848.16 357.12 6.32184 0.144189 10.4996
901.44 311.04 6.48413 -0.0226838 10.3013
276.48 149.76 4.40846 -0.510337 9.69537
937.44 385.92 6.50138 0.238541 9.76268
974.88 236.16 6.65888 -0.244173 9.96793
230.4 367.2 4.25598 0.193787 9.70465
380.16 158.4 3.84586 -0.999034 11.8631
776.16 483.84 6.05823 0.67445 10.7315
763.2 456.48 6.00982 0.596414 11.1108
914.4 336.96 6.49424 0.0787977 10.1041
207.36 241.92 4.35364 -0.171417 9.41255
610.56 433.44 4.24227 0.992555 17.8621
828 214.56 6.35897 -0.633116 11.8129
828 300.96 6.30423 -0.124258 11.2156
813.6 298.08 6.2443 -0.154048 11.3479
152.64 201.6 4.44013 -0.221223 9.04759
216 168.48 4.31806 -0.407107 9.50723
256.32 262.08 4.32161 -0.150546 9.7473
288 243.36 4.26731 -0.253518 10.041
794.88 332.64 6.17052 0.0112775 11.5142
406.08 336.96 3.71508 0.0104143 12.5787
1134.72 383.04 6.73649 0.218644 8.92592
1121.76 393.12 6.70954 0.237481 8.92455
977.76 226.08 6.66304 -0.272018 9.92259
1071.36 136.8 6.84278 -0.472588 9.61628
419.04 241.92 3.296 -0.812804 13.9586
727.2 450.72 5.83348 0.645906 11.8604
855.36 286.56 6.39478 -0.16561 10.888
1005.12 260.64 6.67704 -0.127189 9.67131
1008 300.96 6.65043 -0.00220522 9.53819
1010.88 289.44 6.66515 -0.0351535 9.58696
1000.8 282.24 6.66203 -0.0636476 9.66907
230.4 324 4.49989 0.0732524 9.28
240.48 194.4 4.28424 -0.365708 9.70064
372.96 364.32 3.65422 0.17913 12.1737
627.84 387.36 4.43058 0.456343 18.2825
213.12 178.56 4.31621 -0.374307 9.4973
390.24 241.92 3.84023 -0.544828 11.9714
388.8 241.92 3.67488 -0.598523 12.3926
381.6 442.08 3.46876 0.706205 12.8049
643.68 348.48 4.77097 -0.0274905 17.2176
357.12 234.72 3.78922 -0.531828 11.6871
825.12 273.6 6.30429 -0.270108 11.3887
754.56 282.24 5.98274 -0.344395 12.7011
191.52 312.48 4.34027 0.0368226 9.37068
30.24 214.56 4.47493 -0.114091 8.62351
122.4 266.4 4.49296 -0.0378789 8.85984
129.6 228.96 4.44507 -0.135932 8.96152
155.52 318.24 4.39416 0.0736354 9.12471
201.6 28.8 4.47534 -0.712728 9.18565
277.92 27.36 4.36419 -0.940646 9.76999
191.52 120.96 4.34038 -0.509158 9.35091
315.36 141.12 3.94348 -0.848972 10.8888
37.44 30.24 4.57221 -0.449328 8.5215
142.56 73.44 4.47521 -0.51301 8.94898
159.84 148.32 4.45231 -0.352855 9.04392
583.2 254.88 3.49265 -1.48057 20.1088
413.28 197.28 2.79558 -1.39327 15.137
542.88 82.08 4.32034 -2.05054 13.8569
541.44 123.84 4.02874 -2.064 15.0843
498.24 131.04 4.07079 -1.57595 13.5241
347.04 148.32 3.95971 -0.883127 11.2011
440.64 132.48 3.70094 -1.52947 13.2845
217.44 591.84 4.20411 0.929528 9.72271
233.28 538.56 4.2306 0.770668 9.75823
204.48 627.84 4.2552 1.00409 9.57561
169.92 574.56 4.29011 0.786902 9.35711
125.28 548.64 4.36175 0.655005 9.06563
92.16 619.2 4.32588 0.81684 9.00723
126.72 613.44 4.34539 0.83027 9.09388
241.92 406.08 4.28362 0.324611 9.71128
197.28 413.28 4.24763 0.339687 9.54377
188.64 400.32 4.31021 0.297449 9.39412
106.56 393.12 4.45989 0.256749 8.85963
622.08 473.76 4.71512 1.25208 15.818
345.6 383.04 3.82955 0.281898 11.4622
414.72 444.96 2.65456 0.967144 15.5886
930.24 280.8 6.56189 -0.116811 10.1618
822.24 139.68 6.31046 -0.96725 11.5459
937.44 116.64 7.07787 -1.34408 12.5444
660.96 82.08 5.45388 -1.388 11.8309
731.52 90.72 5.84464 -1.34605 11.9075
660.96 185.76 5.18647 -1.38995 14.6994
793.44 181.44 6.14632 -0.71182 11.2969
722.88 162.72 5.79753 -0.906184 11.7396
730.08 129.6 5.83198 -1.05799 11.6543
1213.92 253.44 6.86528 -0.047819 8.87584
1195.2 204.48 6.86949 -0.161606 8.96217
1105.92 328.32 6.73831 0.095649 9.09802
1164.96 302.4 6.80832 0.0454007 8.95439
1090.08 237.6 6.78082 -0.140607 9.30565
1067.04 201.6 6.67696 -0.209383 9.16684
957.6 319.68 6.57263 0.0411539 9.80762
1059.84 318.24 6.69569 0.0649937 9.26737
1094.4 308.16 6.75705 0.0408629 9.21839
1153.44 90.72 6.93071 -0.509822 9.30552
1228.32 33.12 6.99005 -0.562999 9.0733
1195.2 63.36 6.95739 -0.52502 9.1493
1137.6 149.76 6.86635 -0.345939 9.25194
1249.92 148.32 6.92777 -0.262199 8.86923
1101.6 93.6 6.8791 -0.562852 9.47872
861.12 565.92 6.28278 0.789875 9.77663
884.16 552.96 6.33587 0.738743 9.72691
859.68 637.92 6.26339 0.977936 9.66527
832.32 629.28 6.20584 1.01316 9.87116
738.72 599.04 5.89362 1.26975 11.1942
869.76 391.68 6.36684 0.268863 10.1821
917.28 407.52 6.46002 0.311356 9.86583
797.76 504 6.12559 0.709006 10.4035
928.8 512.64 6.43141 0.587622 9.53705
900 491.04 6.38453 0.554897 9.68389
915.84 480.96 6.41897 0.512416 9.62204
675.36 525.6 5.4668 1.22378 12.8483
676.8 450.72 5.46626 0.753609 13.0002
1179.36 588.96 6.67641 0.566917 8.60243
1251.36 545.76 6.73376 0.467627 8.4869
1107.36 624.96 6.60997 0.669185 8.74365
1213.92 658.08 6.66999 0.64666 8.47504
954.72 600.48 6.43217 0.742491 9.18316
1098.72 610.56 6.60341 0.65446 8.78121
1015.2 682.56 6.48549 0.835721 8.90167
999.36 637.92 6.47677 0.772861 8.99958
1085.76 660.96 6.55311 0.735053 8.69998
1054.08 659.52 6.51598 0.740015 8.74661
1067.04 632.16 6.57343 0.717766 8.8599
1028.16 613.44 6.52625 0.704754 8.94429
1229.76 411.84 6.78379 0.257944 8.65306
1118.88 521.28 6.63797 0.476994 8.75255
1195.2 485.28 6.73314 0.395189 8.67989
997.92 410.4 6.581 0.296229 9.36823
987.84 393.12 6.57294 0.252744 9.46632
1078.56 429.12 6.66292 0.320687 9.04364
1064.16 385.92 6.67608 0.231319 9.19163
987.84 444.96 6.55558 0.384955 9.40954
970.56 450.72 6.51788 0.404644 9.43501
1061.28 525.6 6.60112 0.524607 8.96531
300.672 388.8 4.02975 0.286913 10.6086
392.256 288.576 3.6439 -0.30874 12.5696
751.68 433.728 5.95574 0.534551 11.7253
720.576 425.088 5.78772 0.522665 12.1899
900.288 381.888 6.44531 0.229696 10.1117
902.016 371.52 6.44937 0.202302 10.0305
983.232 276.48 6.64279 -0.0936124 9.79319
323.136 216 4.61427 -0.276397 9.58858
328.32 200.448 4.09812 -0.536779 10.7072
354.24 273.024 3.95478 -0.281871 11.2682
775.872 483.84 6.05868 0.69373 10.8941
974.592 235.008 6.6579 -0.243179 9.96784
1026.43 183.168 6.75888 -0.369936 9.74885
238.464 233.28 4.27349 -0.241356 9.71452
355.968 235.008 3.78922 -0.531828 11.6871
368.064 207.36 3.78537 -0.711041 11.841
715.392 241.92 5.69114 -0.792303 13.9439
684.288 252.288 5.34851 -0.878294 15.2478
777.6 421.632 6.07793 0.437246 11.3176
765.504 311.04 6.03884 -0.16261 12.529
1003.97 260.928 6.67556 -0.126439 9.67116
1002.24 238.464 6.68363 -0.20274 9.73866
732.672 373.248 5.84235 0.22156 12.5392
768.96 355.968 6.05624 0.121201 11.905
317.952 475.2 3.82115 0.72724 11.1845
739.584 345.6 5.86787 0.0336853 13.1565
184.896 184.896 4.30269 -0.329645 9.39124
216 169.344 4.31806 -0.406337 9.50724
822.528 364.608 6.26047 0.176069 11.0555
824.256 273.024 6.30556 -0.265442 11.3457
798.336 267.84 6.17394 -0.296122 11.3362
822.528 252.288 6.31689 -0.425622 11.8221
658.368 371.52 5.1454 0.229968 15.1368
718.848 309.312 5.7224 -0.248815 13.671
395.712 255.744 3.72857 -0.501224 12.376
388.8 241.92 3.74107 -0.570672 12.1829
238.464 254.016 4.33967 -0.158057 9.60002
229.824 323.136 4.2661 0.0558881 9.68178
240.192 300.672 4.2791 -0.0221893 9.71076
122.688 266.112 4.49296 -0.0378789 8.85984
152.064 200.448 4.44013 -0.221223 9.04759
127.872 228.096 4.43891 -0.138869 8.96137
62.208 316.224 4.53224 0.093512 8.63666
115.776 305.856 4.41545 0.046563 8.95052
198.72 53.568 4.46442 -0.644491 9.1854
317.952 34.56 4.21066 -1.14284 10.3556
257.472 136.512 4.33677 -0.559569 9.7103
62.208 115.776 4.71602 -0.251212 8.41065
537.408 198.72 3.30152 -1.93786 18.0376
578.88 254.016 3.49265 -1.48057 20.1088
464.832 209.088 2.63629 -1.65746 17.1784
616.896 179.712 4.78597 -1.45352 14.6675
380.16 157.248 4.23279 -0.788891 10.9343
347.328 148.608 4.05519 -0.835895 10.9761
295.488 601.344 4.018 1.1887 10.6065
267.84 530.496 4.10708 0.822446 10.2046
145.152 547.776 4.3219 0.676418 9.20154
38.016 663.552 4.17199 0.929814 9.0054
79.488 615.168 4.40776 0.763506 8.85079
165.888 613.44 4.29801 0.889031 9.32235
233.28 395.712 4.27942 0.287944 9.68369
219.456 487.296 4.28699 0.570137 9.59818
188.352 497.664 4.15823 0.611752 9.64122
295.488 502.848 4.04431 0.76661 10.5279
43.2 438.912 4.50412 0.339351 8.6271
101.952 364.608 4.2236 0.19381 9.15585
129.6 418.176 4.46603 0.315114 8.93369
107.136 395.712 4.45989 0.256749 8.85963
93.312 502.848 4.35346 0.519539 8.97003
103.68 449.28 4.41949 0.388936 8.9038
179.712 480.384 4.34465 0.515468 9.29447
537.408 563.328 4.78157 1.27718 11.8355
532.224 665.28 5.20942 1.21231 9.95837
527.04 618.624 5.0159 1.24529 10.6583
466.56 577.152 4.4918 1.28323 11.4655
345.6 383.616 3.82955 0.281898 11.4622
338.688 459.648 3.80946 0.677475 11.4397
473.472 444.096 2.42813 1.1824 18.237
839.808 195.264 6.82172 -1.46668 15.646
827.712 216 6.36485 -0.652281 11.9248
841.536 311.04 6.34617 -0.0657121 11.0707
940.032 345.6 6.53426 0.111 9.89194
684.288 222.912 5.40024 -1.08175 14.683
891.648 86.4 6.44877 -0.862488 10.3614
936.576 39.744 6.59243 -0.986001 10.2321
822.528 139.968 6.31569 -1 11.7236
938.304 115.776 7.04394 -1.29695 12.3517
730.944 89.856 5.84464 -1.34605 11.9075
661.824 186.624 3.50787 -4.85642 31.9921
724.032 160.704 5.79753 -0.906184 11.7396
1149.12 252.288 6.8244 -0.0757438 9.08064
1128.38 252.288 6.80063 -0.0825944 9.12528
1130.11 219.456 6.83431 -0.173002 9.20568
1183.68 250.56 6.84365 -0.066765 8.95767
1237.25 207.36 6.90172 -0.137621 8.86489
1104.19 328.32 6.74479 0.0954125 9.10748
1143.94 278.208 6.80722 -0.0141643 9.06281
1204.42 314.496 6.81897 0.0768681 8.82385
998.784 209.088 6.70548 -0.298508 9.82982
1090.37 236.736 6.77107 -0.138965 9.25802
986.688 354.24 6.5961 0.146928 9.54864
957.312 319.68 6.57458 0.0411476 9.80782
986.688 300.672 6.62817 -0.011662 9.69135
974.592 311.04 6.60698 0.0143555 9.73812
1036.8 307.584 6.68201 0.0281982 9.39254
1154.3 172.8 6.85507 -0.265425 9.10314
1150.85 120.96 6.88937 -0.405977 9.21317
1225.15 126.144 6.92076 -0.326877 8.95669
1000.51 105.408 7.33455 -1.28327 12.0731
984.96 98.496 7.28729 -1.38144 12.3125
803.52 608.256 6.12931 1.01807 10.1235
862.272 565.056 6.28366 0.784599 9.77768
943.488 547.776 6.44308 0.655634 9.38063
898.56 527.04 6.37877 0.644876 9.66204
862.272 661.824 6.26282 1.03918 9.63173
829.44 665.28 6.19432 1.12777 9.87509
825.984 611.712 6.1889 0.977324 9.93462
699.84 552.96 5.6773 1.23141 12.0283
851.904 468.288 6.2774 0.511637 9.94682
902.016 492.48 6.38363 0.555806 9.6838
915.84 480.384 6.42267 0.51387 9.65098
902.016 463.104 6.3278 0.429157 9.27651
675.648 525.312 5.48979 1.19906 12.6859
1242.43 566.784 6.72001 0.50017 8.49756
1126.66 661.824 6.59483 0.702174 8.62078
1107.65 625.536 6.61047 0.670677 8.74372
1021.25 532.224 6.55954 0.572205 9.09911
1054.08 660.096 6.53052 0.751676 8.79126
1067.9 632.448 6.57462 0.719061 8.85778
1149.12 385.344 6.73678 0.217957 8.85664
1233.79 411.264 6.78562 0.259316 8.65333
1226.88 364.608 6.80731 0.178832 8.71621
1118.02 521.856 6.64706 0.482715 8.79484
946.944 438.912 6.50103 0.377387 9.62423
953.856 364.608 6.50688 0.175286 9.53384
1078.27 428.544 6.66466 0.323293 9.06041
952.128 449.28 6.50268 0.413464 9.5892
1085.18 485.568 6.64412 0.432789 8.95775
1038.53 499.392 6.5967 0.486657 9.13077
540.864 155.52 3.85548 -1.95389 15.7795
542.592 82.944 4.31967 -2.05152 13.8483
671.846 387.763 5.30617 0.359966 14.5503
748.57 362.88 5.954 0.169964 12.3025
727.834 452.045 5.8136 0.662321 12.067
831.514 267.494 6.34056 -0.297418 11.357
750.643 433.382 5.95808 0.515173 11.4669
719.539 437.53 5.77236 0.59207 12.1809
727.834 410.573 5.80328 0.459045 12.6927
825.293 346.291 6.28498 0.0876955 11.1675
1001.55 261.274 6.67542 -0.128719 9.69149
723.687 358.733 5.72847 0.118951 13.6314
810.778 433.382 6.2013 0.44622 10.7316
808.704 404.352 6.1947 0.339209 10.8462
711.245 346.291 5.68003 0.0351305 13.5264
646.963 352.512 4.80522 0.0213346 17.1404
257.126 261.274 4.33444 -0.147354 9.7227
288.23 242.611 4.45587 -0.2076 9.68056
238.464 298.598 4.29965 -0.0218843 9.66756
211.507 294.451 4.36232 -0.0173781 9.42578
261.274 358.733 4.12544 0.158874 10.1279
122.342 265.421 4.47162 -0.0392355 8.89989
105.754 288.23 4.4392 0.011717 8.88655
64.2816 302.746 4.54568 0.0641628 8.6213
155.52 317.261 4.39416 0.0736354 9.12471
114.048 304.819 4.36681 0.0362976 9.0251
252.979 62.208 4.37852 -0.770831 9.59448
313.114 66.3552 4.18627 -1.01571 10.3645
190.771 122.342 4.3389 -0.508965 9.3635
313.114 141.005 3.97087 -0.835241 10.8256
275.789 151.373 4.32823 -0.53101 9.84844
155.52 55.9872 4.51178 -0.553032 8.95046
58.0608 124.416 4.71296 -0.232284 8.40398
132.71 145.152 4.46272 -0.336292 8.94211
499.738 211.507 3.04987 -1.62947 17.2418
595.123 226.022 4.07647 -1.52298 17.723
524.621 337.997 -3.49005 -1.02153 44.4987
638.669 344.218 4.64012 -0.0865778 17.8547
352.512 271.642 3.95478 -0.281871 11.2682
379.469 323.482 3.70938 -0.0683873 12.173
391.91 286.157 3.6439 -0.30874 12.5696
539.136 122.342 3.96782 -2.11625 15.2664
615.859 178.33 4.78597 -1.45352 14.6675
379.469 157.594 3.83608 -1.0073 11.8774
346.291 149.299 4.02679 -0.847768 11.0394
441.677 132.71 3.64615 -1.56419 13.4614
215.654 590.976 4.17609 0.933993 9.769
263.347 580.608 4.03766 1.03564 10.306
62.208 649.037 4.39048 0.831898 8.83115
163.814 613.786 4.31796 0.881511 9.28076
145.152 628.301 4.3134 0.897469 9.21689
188.698 402.278 4.34573 0.295746 9.33542
300.672 387.763 4.003 0.288658 10.6632
186.624 497.664 4.15726 0.611755 9.64112
329.702 485.222 3.84863 0.793415 11.2557
317.261 472.781 3.86777 0.714287 11.0967
282.01 456.192 3.92962 0.585193 10.6654
43.5456 439.603 4.50493 0.340596 8.62695
107.827 396.058 4.45364 0.262733 8.8715
128.563 416.794 4.4248 0.316204 8.99656
93.312 501.811 4.65459 0.458137 8.56421
141.005 514.253 4.38524 0.577174 9.07792
159.667 466.56 4.18135 0.493142 9.45571
537.062 561.946 4.86248 1.21069 11.503
599.271 574.387 5.16222 1.29908 11.6829
487.296 669.773 5.01136 1.26746 10.0708
350.438 640.742 4.47567 1.19667 10.1474
443.75 651.11 4.75206 1.30257 10.3828
605.491 420.941 4.20693 0.852617 17.8957
636.595 375.322 4.64819 0.276407 17.4805
534.989 512.179 4.55712 1.17014 12.7592
620.006 472.781 4.55296 1.36568 16.7833
344.218 410.573 3.79048 0.437305 11.556
348.365 362.88 4.14622 0.184011 10.7984
340.07 458.266 3.80815 0.677517 11.4561
483.149 522.547 3.89591 1.39721 13.8012
414.72 443.75 2.76732 0.947031 15.2696
825.293 215.654 6.34036 -0.594736 11.6378
893.722 215.654 6.42553 -0.33534 10.1119
841.882 311.04 6.34735 -0.0665729 10.9357
928.973 282.01 6.55083 -0.109226 10.0587
700.877 275.789 5.30427 -1.10787 19.5244
696.73 226.022 5.44117 -1.1926 15.7659
744.422 217.728 5.91808 -1.03402 14.2114
682.214 308.966 5.30063 -0.386368 15.7806
765.159 308.966 6.04745 -0.162337 12.4558
696.73 85.0176 5.6493 -1.38923 11.9405
729.907 89.1648 5.82006 -1.41767 12.1469
723.687 161.741 5.80728 -0.869142 11.5608
1128.04 250.906 6.80063 -0.0825944 9.12528
1130.11 217.728 6.81479 -0.16403 9.14968
1219.28 265.421 6.86859 -0.0203449 8.85467
1233.79 207.36 6.89405 -0.136986 8.84997
1194.39 205.286 6.86538 -0.158507 8.94191
991.181 209.434 6.68926 -0.308242 9.82623
1032.65 252.979 6.72618 -0.13623 9.58589
1065.83 201.139 6.67697 -0.206449 9.16687
1036.8 205.286 6.74331 -0.271421 9.58094
984.96 354.586 6.59919 0.147841 9.5867
1059.61 317.261 6.69464 0.059423 9.27099
1036.8 306.893 6.68544 0.0237786 9.41206
1227.57 176.256 6.89292 -0.20321 8.87903
1206.84 163.814 6.89748 -0.251931 8.96906
1194.39 122.342 6.91533 -0.364659 9.06314
958.003 167.962 6.71678 -0.558734 10.4161
1024.36 180.403 6.76036 -0.373078 9.752
852.25 574.387 6.26071 0.833852 9.84284
904.09 578.534 6.35432 0.756765 9.48979
825.293 611.712 6.19307 0.975737 9.92499
939.341 669.773 6.40025 0.930235 9.25756
872.986 626.227 6.27289 0.90834 9.53664
678.067 537.062 5.50168 1.29096 12.7906
860.544 391.91 6.34287 0.273398 10.326
937.267 385.69 6.49993 0.239432 9.74204
870.912 389.837 6.37543 0.265983 10.2992
854.323 497.664 6.28652 0.619419 10.0152
756.864 431.309 5.96446 0.498939 11.3246
775.526 483.149 6.05566 0.696059 10.9847
1105.23 572.314 6.62184 0.577619 8.77847
1096.93 543.283 6.6298 0.54295 8.85818
1123.89 661.479 6.59483 0.702174 8.62078
1096.93 607.565 6.59317 0.643694 8.74033
1179.88 671.846 6.63338 0.678497 8.50436
1235.87 615.859 6.70183 0.574789 8.4677
1009.84 588.902 6.52432 0.68847 9.08252
1057.54 532.915 6.59636 0.543087 8.98683
1022.28 537.062 6.55516 0.57232 9.09093
999.475 638.669 6.47862 0.775461 8.99984
1053.39 659.405 6.51598 0.740015 8.74661
1028.51 613.786 6.5263 0.706604 8.93872
1128.04 437.53 6.70239 0.326908 8.87716
1096.93 360.806 6.71315 0.169901 9.07858
1206.84 408.499 6.77896 0.260102 8.73518
1134.26 449.971 6.6919 0.343506 8.80936
1179.88 522.547 6.6928 0.457191 8.6321
1003.62 402.278 6.59488 0.273235 9.37441
982.887 367.027 6.60443 0.185192 9.63367
1078.27 427.162 6.66466 0.323293 9.06041
1016.06 479.002 6.5608 0.448719 9.14544
1084.49 483.149 6.64424 0.431874 8.9484
656.917 370.76 5.07399 0.229711 15.659
721.613 358.318 5.76917 0.1242 13.0748
418.038 318.505 3.53484 -0.153649 13.2924
619.592 472.781 4.55296 1.36568 16.7833
266.25 527.524 4.06249 0.814737 10.2337
617.103 179.159 4.79417 -1.44996 14.6228
604.662 617.103 5.25679 1.38188 11.254
510.106 261.274 1.91838 -1.60567 21.9138
59.7197 646.963 4.39486 0.825224 8.81144
79.6263 614.615 4.34301 0.787186 8.94128
365.783 629.545 4.50793 1.17609 10.1877
1211.81 654.428 6.66991 0.640303 8.4815
1204.35 102.021 6.9267 -0.41652 9.05783
1191.91 52.2547 6.96139 -0.561926 9.16146
109.486 395.643 4.44944 0.261573 8.88056
114.463 303.575 4.47951 0.0480834 8.8464
64.6963 303.575 4.54672 0.0641594 8.62141
480.246 136.858 3.90773 -1.55161 13.622
442.921 131.881 3.68689 -1.5494 13.3699
694.241 84.6029 5.64177 -1.39562 11.9391
186.624 403.108 4.28037 0.300606 9.45135
890.819 599.685 6.32616 0.82574 9.50354
94.5562 502.641 4.43131 0.505634 8.86184
97.0445 465.316 4.38413 0.428406 8.93495
154.276 646.963 4.34907 0.949631 9.195
164.229 612.127 4.31796 0.881511 9.28076
1176.98 520.059 6.71746 0.466344 8.72515
1201.86 497.664 6.73715 0.412288 8.65292
1184.44 490.199 6.72979 0.411261 8.7142
1219.28 440.433 6.76806 0.313462 8.66201
1002.79 104.509 7.38209 -1.33735 12.2592
77.1379 136.858 4.7311 -0.220499 8.4266
1089.88 592.22 6.60185 0.624175 8.80796
1114.77 520.059 6.63953 0.479917 8.77641
87.0912 243.855 4.4488 -0.0850331 8.80782
1204.35 311.04 6.81901 0.0745754 8.80923
1164.53 298.598 6.81535 0.0407553 8.97722
940.585 669.358 6.3958 0.918897 9.21168
1229.23 432.968 6.78076 0.299956 8.64716
1226.74 370.76 6.79907 0.191649 8.68562
1147.12 627.057 6.63458 0.651131 8.64157
1097.35 607.15 6.60176 0.650422 8.76949
1229.23 179.159 6.89382 -0.20367 8.87913
1191.91 121.928 6.9225 -0.374687 9.09329
1097.35 325.97 6.73541 0.0893784 9.12829
1007.77 587.244 6.52512 0.687649 9.08259
958.003 597.197 6.46471 0.763097 9.30607
985.375 520.059 6.51762 0.562122 9.25916
943.073 547.43 6.44038 0.653891 9.38133
1152.09 92.0679 6.93022 -0.509354 9.31611
1194.39 206.531 6.87418 -0.163457 8.96925
368.271 480.246 3.51641 0.928627 12.5136
1069.98 624.568 6.57831 0.709078 8.85782
1047.58 363.295 6.67979 0.171073 9.31625
679.311 256.297 5.33617 -0.811069 14.96
681.8 226.437 5.33668 -1.12013 15.1784
875.889 64.6963 6.4163 -0.990059 10.4883
1127.21 251.32 6.80208 -0.0818412 9.12973
1127.21 218.972 6.81498 -0.159674 9.15028
1089.88 233.902 6.78011 -0.147142 9.29435
858.471 639.498 6.25654 0.978089 9.63284
823.634 654.428 6.18869 1.12997 9.90719
803.727 607.15 6.12708 1.01774 10.14
997.816 408.085 6.58725 0.291312 9.4106
945.562 435.456 6.49617 0.387931 9.63487
154.276 54.743 4.50761 -0.557602 8.95736
141.834 77.1379 4.46375 -0.5104 8.97267
223.949 320.993 4.25855 0.0503822 9.68217
211.507 293.622 4.33374 -0.0216605 9.47638
995.328 191.601 6.71884 -0.379787 9.92022
958.003 166.717 6.68788 -0.526398 10.26
530.012 661.893 5.18554 1.23695 10.0467
577.29 253.809 3.52209 -1.47569 20.0307
594.709 226.437 4.07647 -1.52298 17.723
124.416 266.25 4.47901 -0.0368381 8.89097
903.26 577.29 6.35432 0.756765 9.48979
211.507 467.804 4.2941 0.504257 9.53454
216.484 589.732 4.20561 0.918344 9.72251
231.414 537.477 4.17955 0.772896 9.84554
201.554 552.407 4.2299 0.782446 9.59793
410.573 194.089 2.79137 -1.40372 15.0719
360.806 166.717 3.89877 -0.862461 11.4625
1149.6 121.928 6.89229 -0.411969 9.22511
328.458 485.222 3.72136 0.82175 11.537
338.412 457.851 3.86908 0.659747 11.3166
910.725 276.204 6.51865 -0.149533 10.3013
930.632 216.484 6.59552 -0.377566 10.3775
915.702 480.246 6.42401 0.521825 9.71971
900.772 490.199 6.38523 0.551384 9.71939
1017.72 134.369 6.77751 -0.55656 9.89585
465.316 209.019 2.62141 -1.65561 17.1989
604.662 420.526 3.75097 0.942396 20.4387
634.522 375.736 4.63705 0.298695 17.4479
1055.05 268.739 6.73047 -0.0735178 9.41356
1030.16 258.785 6.71276 -0.116708 9.54525
848.517 465.316 6.29016 0.531814 10.1874
997.816 452.874 6.56457 0.402252 9.31246
328.458 199.066 4.09812 -0.536779 10.7072
313.528 139.346 3.97087 -0.835241 10.8256
378.225 323.482 3.66038 -0.0854767 12.297
1015.23 477.758 6.56275 0.441812 9.1753
301.087 206.531 4.39098 -0.36278 9.88875
286.157 430.479 3.97984 0.482946 10.6066
1152.09 383.201 6.74095 0.217445 8.8624
1097.35 360.806 6.71804 0.171024 9.09199
253.809 395.643 4.2502 0.295878 9.8496
311.04 325.97 4.12884 0.0311553 10.5085
343.388 408.085 3.72251 0.422874 11.7378
340.9 380.713 3.81757 0.271264 11.4416
525.036 338.412 -2.75893 -0.996542 41.6766
517.571 298.598 -0.371344 -1.65908 31.261
965.468 256.297 6.63827 -0.182148 9.96357
995.328 209.019 6.6984 -0.308356 9.82771
972.933 236.39 6.64699 -0.240684 9.93879
788.798 390.666 6.12747 0.294852 11.2158
748.984 363.295 5.94466 0.15021 12.3112
233.902 221.461 4.36077 -0.249345 9.52681
261.274 166.717 4.57762 -0.36292 9.2984
191.601 121.928 4.36191 -0.493159 9.32124
395.643 248.832 3.69082 -0.56702 12.5187
350.853 271.227 3.95478 -0.281871 11.2682
609.638 330.947 3.55278 -0.392136 22.5553
938.097 345.877 6.52466 0.113734 9.85444
913.214 405.596 6.44309 0.307968 9.79825
870.912 432.968 6.35333 0.409281 10.145
870.912 388.178 6.37543 0.265983 10.2992
654.428 408.085 5.04311 0.577055 15.5597
793.774 340.9 6.16395 0.0578477 11.4805
783.821 328.458 6.12616 -0.0275768 11.9157
649.452 288.645 4.91611 -0.639747 16.3182
539.966 121.928 4.04869 -2.04258 14.9859
86.5936 241.865 4.46422 -0.081479 8.79209
116.453 167.215 4.41602 -0.284746 8.94188
1203.35 498.659 6.73715 0.412288 8.65292
1218.28 438.94 6.76369 0.311175 8.65409
1167.52 471.786 6.74051 0.38619 8.7971
1122.73 659.903 6.59631 0.704656 8.64523
1146.62 627.057 6.63501 0.642496 8.63594
1098.84 606.155 6.60548 0.649491 8.79474
1176.48 585.253 6.67757 0.562933 8.62667
1116.76 522.547 6.64125 0.482147 8.80321
907.739 119.439 6.52543 -0.757835 10.4079
922.669 68.6776 6.59193 -0.957864 10.4776
874.893 65.6917 6.39616 -0.982498 10.3993
1203.35 319.5 6.82331 0.0723598 8.8304
238.879 298.598 4.28147 -0.027975 9.6982
680.805 226.935 5.21393 -1.23024 16.089
668.861 235.893 5.2297 -1.01091 15.0413
728.58 128.397 5.83198 -1.05799 11.6543
859.964 561.365 6.27918 0.787915 9.81948
797.258 561.365 6.11714 0.910356 10.2962
973.431 570.323 6.47987 0.682402 9.25772
943.571 546.435 6.43816 0.653992 9.3816
1149.6 122.425 6.87688 -0.39816 9.19792
1125.72 62.7057 6.81961 -0.547529 9.21174
140.341 513.589 4.43689 0.559356 8.99843
259.781 107.495 4.32732 -0.664687 9.71991
394.15 456.856 3.0361 0.939959 14.1076
800.244 137.355 6.17782 -0.890123 11.0848
1012.25 570.323 6.53269 0.64638 9.08716
1060.02 525.533 6.5983 0.542593 8.98832
1131.69 250.823 6.80186 -0.0873271 9.13091
1107.8 265.753 6.76452 -0.0503017 9.15367
1218.28 268.739 6.86568 -0.0195888 8.85579
1167.52 223.949 6.84068 -0.114587 9.01386
856.978 641.987 6.25391 0.973922 9.61779
788.3 653.931 6.08879 1.21106 10.2038
827.118 612.127 6.1891 0.975934 9.93463
1054.05 659.903 6.51596 0.738423 8.74395
1033.15 644.973 6.51282 0.751689 8.86205
1048.08 603.169 6.56181 0.678796 8.93949
1125.72 340.402 6.75441 0.128289 9.04685
1104.81 319.5 6.73716 0.0816577 9.12453
191.103 122.425 4.34392 -0.505691 9.35365
636.015 373.248 4.58189 0.250147 17.9065
904.753 579.281 6.3563 0.752437 9.47311
862.95 582.267 6.28007 0.846798 9.75302
865.936 549.421 6.30039 0.747422 9.76735
1006.28 403.108 6.59736 0.272864 9.32727
985.375 394.15 6.56526 0.250606 9.46341
1158.56 137.355 6.88812 -0.368939 9.18618
964.473 322.486 6.58736 0.0400036 9.855
59.7197 125.411 4.7114 -0.231129 8.41614
238.879 406.094 4.31382 0.320027 9.6491
286.655 510.603 4.01553 0.807272 10.5408
340.402 456.856 3.7806 0.665512 11.5302
1134.67 471.786 6.70847 0.387113 8.86408
1116.76 465.814 6.66157 0.384326 8.82027
122.425 265.753 4.50029 -0.0278168 8.85719
125.411 223.949 4.43489 -0.147801 8.9518
313.528 140.341 3.9862 -0.823688 10.7662
1149.6 432.968 6.70283 0.311917 8.77513
1152.59 382.206 6.73946 0.214644 8.85514
1098.84 361.304 6.71315 0.17017 9.05524
179.159 182.145 4.45157 -0.28294 9.12785
164.229 152.285 4.44837 -0.360518 9.05995
203.047 552.407 4.2299 0.782446 9.59793
412.066 191.103 3.49915 -1.05656 13.1424
892.809 334.43 6.46022 0.0621789 10.3896
1042.11 334.43 6.68228 0.0963447 9.36305
1036.14 304.57 6.68106 0.0245647 9.39104
1051.07 421.024 6.63018 0.314344 9.12777
209.019 250.823 4.35662 -0.144205 9.3988
256.795 241.865 4.37519 -0.212488 9.64165
232.907 220.963 4.49906 -0.213419 9.28275
916.697 480.743 6.42221 0.522374 9.72497
310.542 325.472 4.24894 0.0380837 10.2372
358.318 316.514 3.9279 -0.0667068 11.3498
1015.23 477.758 6.57639 0.443115 9.22004
1063.01 465.814 6.62843 0.408423 9.05107
349.36 268.739 4.1543 -0.249571 10.7596
418.038 426.996 2.68919 0.775103 15.5924
848.02 465.814 6.28582 0.530884 10.2126
262.767 167.215 4.27787 -0.486706 9.84866
223.949 137.355 4.35981 -0.491811 9.46978
842.048 313.528 6.34029 -0.0638393 11.1511
806.216 400.122 6.19148 0.337148 10.9072
967.459 253.809 6.6394 -0.186979 9.96113
1015.23 280.683 6.68544 -0.063319 9.6047
1066 200.061 6.67251 -0.208152 9.16613
1063.01 155.271 6.66201 -0.320688 9.14779
647.959 349.36 4.76931 -0.040306 17.378
776.356 421.024 6.07239 0.437964 11.1893
719.622 435.954 5.74998 0.578066 12.271
785.314 328.458 6.12616 -0.0275768 11.9157
713.65 346.374 5.66217 0.0265805 13.7931
1164.53 176.173 6.87151 -0.257981 9.12872
1167.52 110.481 6.92958 -0.435802 9.22192
659.903 77.6356 5.41314 -1.47946 12.1248
621.085 639.001 5.42214 1.3168 10.5633
131.383 406.094 4.43265 0.289672 8.97047
107.495 394.15 4.44944 0.261573 8.88056
170.201 570.323 4.29493 0.778578 9.34357
104.509 516.575 4.44714 0.539237 8.87899
495.673 146.313 4.03621 -1.47131 13.5662
1146.62 125.411 6.86424 -0.386552 9.18641
1107.2 114.662 6.88081 -0.491314 9.47609
1121.54 68.0805 6.80794 -0.537017 9.18872
824.132 515.978 6.19948 0.696364 10.1388
888.629 85.9964 6.4361 -0.846936 10.2769
1028.37 412.066 6.61963 0.293442 9.28108
1046.29 365.485 6.67793 0.174942 9.30678
1010.46 376.234 6.62087 0.208151 9.39427
139.744 515.978 4.38746 0.574524 9.07505
193.492 125.411 4.34392 -0.505691 9.35365
150.494 118.245 4.46674 -0.421109 8.99802
143.327 78.83 4.48155 -0.498689 8.94028
548.227 293.821 0.867431 -1.73986 29.2298
795.466 179.159 6.17082 -0.755742 11.4502
799.049 136.161 6.1964 -0.983014 11.5574
971.042 569.726 6.47934 0.684109 9.25657
942.377 523.145 6.44676 0.582025 9.41299
985.375 394.15 6.56526 0.252042 9.46342
222.157 394.15 4.30768 0.279022 9.58111
1146.62 627.057 6.63598 0.644436 8.63606
1082.12 598.391 6.59641 0.639956 8.83822
1096.45 508.812 6.6294 0.484714 8.89302
182.742 150.494 4.34364 -0.432865 9.30655
627.057 247.24 4.73002 -1.01987 15.903
591.225 222.157 4.04534 -1.54239 17.4999
770.384 480.146 6.04024 0.691723 11.0445
1128.7 250.823 6.79912 -0.0885698 9.13874
1139.45 229.324 6.83738 -0.142795 9.16856
254.406 254.406 4.60182 -0.103428 9.23467
254.406 243.656 4.35954 -0.207412 9.67693
261.572 580.475 4.10026 1.00401 10.1777
229.324 537.477 4.01872 0.819342 10.117
920.878 576.892 6.39225 0.742957 9.44194
705.887 397.733 5.67211 0.388064 12.96
784.717 329.653 6.1247 -0.0102234 11.8457
842.048 311.737 6.38215 -0.0848552 11.4217
1014.04 476.563 6.57428 0.447054 9.20708
1064.2 465.814 6.63162 0.407082 9.05015
1031.96 193.492 6.74265 -0.317823 9.6214
1064.2 164.826 6.64131 -0.26794 9.08823
928.044 207.825 6.58104 -0.37981 10.204
988.958 494.479 6.52867 0.495164 9.33844
1014.04 283.071 6.63818 -0.0442291 9.3857
1146.62 433.565 6.73826 0.324067 8.86388
1100.04 361.901 6.72365 0.177197 9.07383
824.132 268.739 6.31158 -0.295222 11.4635
892.212 257.989 6.42916 -0.189967 10.2361
806.216 397.733 6.17838 0.311519 10.9722
820.549 469.397 6.20687 0.57159 10.5078
956.709 265.155 6.61621 -0.146496 9.98393
265.155 161.243 4.467 -0.442473 9.52518
222.157 139.744 4.35501 -0.491497 9.48545
311.737 139.744 3.96535 -0.825871 10.817
347.569 408.483 3.98717 0.396633 11.1335
347.569 268.739 4.08505 -0.264255 10.9321
644.973 347.569 4.80538 -0.0834609 16.9893
745.302 218.574 5.91499 -1.02835 14.1634
752.468 433.565 5.96556 0.487678 11.5554
892.212 426.399 6.40342 0.367849 9.98651
1157.37 390.567 6.74257 0.216067 8.85423
1010.46 634.223 6.50719 0.764344 8.99985
999.708 641.39 6.47781 0.780899 8.99953
1196.78 587.642 6.69179 0.563869 8.59398
1175.28 584.059 6.67655 0.564712 8.61135
1114.37 523.145 6.63951 0.479538 8.77436
691.554 644.973 5.68895 1.41465 10.9732
1160.95 175.576 6.87151 -0.257981 9.12872
1196.78 211.408 6.87292 -0.151701 8.95484
659.305 78.83 5.42853 -1.47662 12.089
670.055 236.49 5.24729 -1.02043 15.013
365.485 480.146 3.48412 0.931327 12.5474
637.806 372.651 4.70902 0.240954 16.9353
96.7459 505.229 4.75622 0.441054 8.43464
143.327 630.64 4.31323 0.90186 9.21541
82.4132 616.307 4.33668 0.801963 8.9758
408.483 189.909 3.49017 -1.06518 13.1458
619.89 179.159 4.76012 -1.48349 14.8189
494.479 146.91 4.01831 -1.49129 13.6024
111.079 300.987 4.509 0.0460059 8.79307
125.411 268.739 4.48984 -0.0336994 8.87487
207.825 290.238 4.27533 -0.0363328 9.56373
868.563 550.377 6.29658 0.758987 9.86149
997.558 404.183 6.5802 0.286781 9.39785
937.36 404.183 6.49148 0.290494 9.70054
1049.16 520.278 6.60016 0.52571 8.99539
1006.16 533.177 6.54116 0.58545 9.18855
623.474 249.389 4.66842 -1.05866 16.1657
907.262 313.887 6.35593 0.0364565 9.39608
1126.55 429.982 6.69872 0.329118 8.87754
262.289 533.177 4.23226 0.77161 9.91391
343.985 184.892 3.92859 -0.70031 11.26
348.285 150.494 3.99731 -0.859862 11.1117
300.987 146.194 3.91954 -0.804951 10.7767
799.766 417.082 6.13487 0.393588 10.9438
804.066 395.583 6.18591 0.307729 10.9983
825.565 266.589 6.31614 -0.27312 11.3567
821.265 283.788 6.24979 -0.183335 10.9388
1122.25 339.686 6.75141 0.127603 9.03283
1100.75 318.187 6.7471 0.0712703 9.13088
1109.35 275.188 6.76021 -0.0473299 9.15374
343.985 313.887 3.9521 -0.0602928 11.1937
890.062 253.689 6.42916 -0.189967 10.2361
1040.56 262.289 6.72953 -0.121661 9.53375
1036.26 197.792 6.74276 -0.303318 9.62181
958.859 309.587 6.57886 0.0031631 9.87103
894.362 421.382 6.40306 0.373621 9.93489
786.867 331.086 6.12603 -0.0065238 11.7654
842.764 309.587 6.31835 -0.0426399 10.6295
967.459 485.879 6.50376 0.488375 9.35758
967.459 451.481 6.51444 0.41456 9.44474
958.859 451.481 6.47763 0.402272 9.27986
958.859 262.289 6.58132 -0.129907 9.78297
1066.35 464.38 6.6352 0.406111 9.03543
739.569 464.38 5.88821 0.704599 11.7081
223.591 141.894 4.33143 -0.501631 9.51477
847.064 460.081 6.2348 0.50001 9.77985
417.082 305.287 3.44116 -0.25075 13.5485
1044.86 421.382 6.62415 0.321081 9.19734
1160.95 498.779 6.6953 0.427021 8.71672
1156.65 391.283 6.74218 0.230398 8.84422
1053.46 601.975 6.56439 0.679057 8.9277
1070.65 623.474 6.57684 0.702807 8.88034
1178.15 576.176 6.67757 0.562933 8.62667
1113.65 520.278 6.63969 0.488295 8.82493
705.17 395.583 5.68462 0.396185 12.7114
902.962 580.475 6.32753 0.694213 9.24741
1006.16 103.196 7.51694 -1.45967 12.7058
1148.05 124.695 6.8621 -0.384569 9.14613
455.781 434.282 2.0946 1.06094 18.4986
520.278 451.481 3.71354 1.13011 15.6406
171.993 494.479 4.32246 0.545717 9.30438
98.8958 498.779 4.44646 0.505989 8.84234
111.795 395.583 4.43644 0.262534 8.90279
223.591 391.283 4.27603 0.277774 9.64028
171.993 567.576 4.3049 0.769668 9.32301
288.088 511.678 4.15186 0.769709 10.2337
408.483 189.192 3.30337 -1.19391 13.654
477.28 137.594 3.91243 -1.53267 13.4643
356.885 120.395 3.82221 -1.10493 11.593
610.574 171.993 4.76012 -1.48349 14.8189
503.079 206.391 3.01912 -1.7311 17.4664
103.196 141.894 4.71198 -0.236492 8.49636
343.985 85.9964 4.02855 -1.1393 10.9965
249.389 94.596 4.33437 -0.675407 9.66574
107.495 300.987 4.509 0.0460059 8.79307
350.865 407.623 4.2169 0.365211 10.6752
340.546 381.824 3.80332 0.264785 11.4528
892.642 257.989 6.42916 -0.189967 10.2361
872.003 552.097 6.30671 0.750658 9.769
892.642 325.066 6.46223 0.0302703 10.4167
856.524 423.102 6.30408 0.358471 10.0021
1109.35 350.865 6.73063 0.143982 9.07028
257.989 159.953 4.32142 -0.501408 9.78542
294.108 196.072 4.32558 -0.437566 9.96583
345.705 154.793 3.82947 -0.944671 11.4973
541.777 417.942 2.09605 1.17979 24.1397
634.653 263.149 4.84628 -0.858337 15.6479
624.334 247.67 4.51034 -1.16262 17.127
944.24 546.937 6.44235 0.650676 9.38076
985.518 510.818 6.5158 0.526961 9.26333
928.761 515.978 6.44851 0.622342 9.66372
1016.48 479.86 6.5695 0.44919 9.20835
1057.76 273.468 6.73055 -0.0734513 9.40477
1119.67 221.871 6.81388 -0.165191 9.20787
804.926 397.303 6.1847 0.306353 10.8309
784.287 175.433 6.10423 -0.78729 11.5106
340.546 263.149 4.09883 -0.289025 10.8766
428.262 221.871 3.39062 -0.968303 13.8885
386.984 252.829 3.79683 -0.518278 12.0871
696.571 350.865 5.52695 0.0393285 13.9958
959.719 454.061 6.50541 0.415592 9.47873
933.921 376.664 6.4768 0.206645 9.63335
1166.11 407.623 6.74682 0.256357 8.8146
1052.6 577.896 6.56664 0.623462 8.93543
918.441 577.896 6.36559 0.702055 9.27444
1001 536.617 6.53832 0.582059 9.19789
1171.27 583.055 6.68361 0.558099 8.65664
1155.79 500.499 6.69178 0.434667 8.73955
768.807 474.7 6.02847 0.686687 11.2004
675.931 381.824 5.40033 0.298068 14.1942
825.565 614.014 6.18267 0.921737 9.67357
779.127 500.499 6.07252 0.730583 10.5643
1031.96 196.072 6.7435 -0.310906 9.63966
1001 103.196 7.38693 -1.32239 12.1821
1160.95 180.592 6.84079 -0.235415 9.03402
1155.79 128.995 6.89729 -0.383842 9.18257
1037.12 263.149 6.72184 -0.118327 9.54721
1129.99 314.747 6.77934 0.0567959 9.06159
748.168 123.835 5.92583 -0.974275 11.1505
794.606 139.314 6.14359 -0.972731 11.3985
820.405 227.03 6.28348 -0.515774 11.2666
134.154 474.7 4.35686 0.483564 9.10074
185.752 392.143 4.23914 0.266917 9.51315
108.355 397.303 4.45648 0.266253 8.87691
123.835 619.174 4.20319 0.921614 9.29401
412.783 134.154 3.25781 -1.57563 13.7506
608.854 175.433 4.73839 -1.50448 14.8487
500.499 206.391 3.02095 -1.67748 16.9703
103.196 144.474 4.69339 -0.210641 8.5423
221.871 139.314 4.26439 -0.522447 9.65868
154.793 314.747 4.4068 0.0514915 9.10432
108.355 299.267 4.49982 0.0462431 8.79803
227.03 325.066 4.33229 0.0551521 9.54832
891.61 253.861 6.44366 -0.213048 10.3328
947.336 544.873 6.45131 0.641436 9.35271
947.336 489.147 6.47127 0.513011 9.47874
1021.64 328.162 6.66016 0.0915868 9.4514
1040.21 297.203 6.68366 -0.0103242 9.43305
1089.75 303.395 6.74045 0.0467009 9.21818
1089.75 538.681 6.6124 0.525358 8.85283
1151.66 222.903 6.81191 -0.144613 9.03703
1157.86 179.56 6.86881 -0.248806 9.1607
1139.28 167.177 6.85606 -0.299737 9.21836
619.174 402.463 4.54825 0.598421 16.704
631.557 371.504 4.53641 0.246075 18.0166
736.817 402.463 5.85132 0.379708 12.1901
873.035 383.888 6.36353 0.24316 10.1601
953.528 278.628 6.59312 -0.102706 9.97711
1040.21 421.038 6.60629 0.310777 9.09623
743.009 297.203 5.89888 -0.290517 12.7593
352.929 278.628 3.8854 -0.259172 11.4119
334.354 291.012 3.94427 -0.179679 11.1072
526.298 414.846 4.77401 0.464517 11.5612
569.64 365.313 2.30981 0.263382 25.4338
959.719 451.997 6.49417 0.407316 9.3631
934.953 377.696 6.50174 0.205063 9.79333
1064.98 464.38 6.63071 0.409541 9.04895
1151.66 390.08 6.74314 0.207527 8.84599
996.87 532.49 6.50807 0.562715 9.07942
1120.7 563.448 6.63831 0.571462 8.75754
736.817 458.189 5.91976 0.465772 9.52226
879.227 445.805 6.18466 0.325547 8.59555
823.501 464.38 6.21511 0.551524 10.328
1034.02 198.136 6.73746 -0.278295 9.60288
1015.45 136.218 6.72216 -0.518688 9.73678
1145.47 266.245 6.80607 -0.0394244 9.07549
724.433 222.903 5.82408 -0.789461 12.7659
786.351 173.369 6.11461 -0.772993 11.5156
643.941 334.354 4.74485 -0.135668 17.3163
408.655 433.422 3.11847 0.742931 14.1089
520.106 451.997 0.0713418 2.18014 30.0701
136.218 470.572 4.35688 0.458716 9.1189
272.436 464.38 4.00727 0.582402 10.4326
247.67 402.463 4.25504 0.309315 9.79034
173.369 495.339 4.29627 0.562602 9.34496
315.779 526.298 3.81387 0.977483 11.2175
501.531 204.327 2.87908 -1.74735 17.3493
476.764 136.218 4.9406 -0.659026 10.0813
191.944 123.835 4.35289 -0.481857 9.31209
222.903 321.97 4.33229 0.0551521 9.54832
601.837 319.494 3.93204 -0.47596 19.4707
809.879 230.333 6.28611 -0.627756 12.0957
772.729 193.182 6.08381 -0.821534 11.9488
579.547 282.343 1.59268 -2.30722 29.9004
802.449 393.795 6.1715 0.294441 10.5918
958.481 297.203 6.60776 -0.0413513 9.93076
988.202 534.966 6.51627 0.586714 9.27715
1010.49 490.386 6.56995 0.44397 9.22029
988.202 505.246 6.52319 0.528886 9.24641
1010.49 460.665 6.57146 0.406239 9.23654
1062.5 408.655 6.67116 0.242039 9.20237
973.341 557.256 6.46374 0.671563 9.2032
1121.94 564.687 6.63854 0.573009 8.75457
1099.65 497.816 6.65352 0.454211 8.8772
728.148 460.665 5.88759 0.653917 11.2361
690.998 438.375 5.63882 0.596839 11.8811
854.46 423.515 6.33424 0.407512 10.5397
884.18 364.074 6.42741 0.170984 10.3368
876.75 557.256 6.29764 0.708724 9.48045
854.46 490.386 6.2375 0.527376 9.48015
832.17 527.536 6.21 0.78897 10.0806
1003.06 141.172 6.73712 -0.531226 9.79955
1069.93 208.042 6.6915 -0.200116 9.16749
973.341 356.644 6.6175 0.154486 9.86403
951.051 326.924 6.55747 0.115717 9.79918
1040.21 260.053 6.72922 -0.171498 9.54421
676.138 230.333 5.28497 -1.00346 14.8047
705.858 304.634 5.57411 -0.249463 13.7499
720.718 260.053 5.80732 -0.606979 13.3358
690.998 282.343 5.47868 -0.712272 15.3583
817.31 282.343 6.27213 -0.234748 11.5422
520.106 453.235 0.0713418 2.18014 30.0701
193.182 393.795 4.41128 0.269846 9.23439
326.924 378.934 4.10755 0.25823 10.6231
267.483 542.396 4.01437 0.884329 10.3925
609.267 222.903 4.32216 -1.50765 16.9985
624.127 170.892 5.04285 -1.25495 13.2983
408.655 341.784 4.01784 0.0685175 11.7696
542.396 282.343 1.44598 -1.65865 26.3548
222.903 141.172 4.38003 -0.480057 9.44066
141.172 267.483 4.45921 -0.0463304 8.94485
297.203 326.924 4.2785 0.062353 10.1895
597.379 329.896 4.40311 -0.259672 16.3744
748.953 294.231 5.94738 -0.210674 11.7865
829.198 463.637 6.21704 0.553143 10.3958
864.862 178.322 6.53481 -0.751681 11.2727
945.107 205.07 6.64241 -0.393964 10.2498
980.771 356.644 6.59187 0.0814863 9.63784
1016.44 205.07 6.73024 -0.30262 9.72583
1043.18 267.483 6.70659 -0.0190469 9.36703
766.785 419.057 6.00188 0.440026 10.8772
927.275 410.141 6.46213 0.318078 9.79448
891.61 365.56 6.36538 0.177911 9.59846
891.61 463.637 6.40255 0.521015 10.2001
1034.27 427.973 6.6052 0.328716 9.19841
1034.27 401.225 6.61712 0.265274 9.28671
1105.6 526.05 6.6378 0.502944 8.85387
1034.27 481.47 6.60342 0.443126 9.19206
731.121 454.721 5.87521 0.641831 11.302
686.54 436.889 5.42845 0.708206 13.7981
855.946 490.386 6.26796 0.562153 9.81046
775.701 508.218 6.03781 0.709427 10.2831
1096.68 347.728 6.72826 0.179712 9.07126
677.624 231.819 5.30863 -1.04761 14.9149
793.533 178.322 6.09941 -0.472908 10.0609
641.96 329.896 5.12367 -0.115652 14.3675
695.456 276.399 5.51033 -0.693173 15.1252
811.365 276.399 6.1544 -0.254258 11.1241
463.637 445.805 3.04162 1.03231 15.8887
526.05 454.721 -0.0676835 2.2251 30.4422
597.379 401.225 3.81334 0.648233 19.4807
249.651 410.141 4.21951 0.318376 9.86814
347.728 445.805 3.80647 0.727463 11.5529
231.819 534.966 4.18066 0.756122 9.81623
178.322 508.218 4.70022 0.506868 8.73781
276.399 472.554 5.44867 0.305984 7.79298
410.141 178.322 2.57177 -1.68516 15.5059
624.127 249.651 4.73282 -0.994858 15.6064
633.043 169.406 4.87879 -1.62988 15.317
267.483 249.651 4.1704 -0.229144 10.1311
231.819 329.896 4.35417 0.0342207 9.54054
169.406 320.98 4.45574 0.0570362 9.03797
303.148 329.896 3.91819 0.0744849 10.9658
713.288 481.47 5.80382 0.637887 10.3809
