1757 883 0.341911 -1.98844 32.6706
859 74 -2.14376 -5.51507 37.2431
1495.2 586.8 0.449631 -2.60594 34.5809
1748.4 312 0.49737 -3.15532 32.9613
1776 472.8 0.486517 -2.7922 32.8476
1281.6 654 -0.0221788 -2.31947 36.0782
1558.8 183.6 0.508011 -3.80506 34.0832
1425.6 468 0.383975 -3.06879 35.1737
679.2 404.4 -2.21171 -3.17578 34.1954
682.8 512.4 -2.15562 -2.80423 34.026
92.4 958.8 -3.81298 -1.49112 33.767
456 628.8 -3.31306 -2.4445 34.984
664.8 600 -2.07657 -2.53292 33.6247
1063.2 124.8 -0.986924 -5.49498 38.042
1234.08 37.44 0.0262205 -5.96223 37.9715
1405.44 568.8 0.455675 -2.68739 35.7856
1281.6 655.2 -0.023305 -2.3274 36.1497
1343.52 311.04 0.434406 -4.08817 36.9748
1764 292.32 0.463836 -3.15886 32.8235
414.72 426.24 -2.94925 -3.07203 33.8981
112.32 508.32 -5.54576 -3.00489 36.0511
1333.44 439.2 0.368764 -3.41087 36.8724
1363.68 574.56 0.408535 -2.70722 36.4224
1316.16 551.52 0.349738 -2.85245 37.2184
1677.6 620.64 0.451005 -2.49128 33.2289
1395.36 427.68 0.360323 -3.25171 35.5007
1584 635.04 0.381072 -2.45187 33.609
1591.2 341.28 0.339538 -3.1788 33.3926
1440 388.8 0.37047 -3.33201 34.9187
1421.28 646.56 0.424272 -2.37227 35.4068
296.64 502.56 -4.54459 -2.99999 35.9436
766.08 459.36 -2.08343 -3.07024 34.8378
548.64 397.44 -2.63621 -3.18955 34.1536
498.24 312.48 -5.7034 -5.01896 40.6825
679.68 404.64 -2.21326 -3.18051 34.1926
858.24 73.44 -2.09383 -5.39541 36.9531
180 905.76 -3.74525 -1.58205 34.049
355.68 679.68 -3.12074 -2.29171 33.9264
112.32 540 -5.6361 -2.86519 36.1891
550.08 607.68 -2.68857 -2.52485 34.307
525.6 786.24 -2.70787 -1.94091 34.1932
1044 302.4 -1.18169 -5.19398 41.4823
1154.88 384.48 -0.54527 -3.64934 36.6977
1280.16 70.56 0.258469 -5.71119 37.8382
1360.8 264.96 0.268711 -4.00661 35.7441
1663.2 73.44 0.481902 -3.82895 33.3093
1257.12 803.52 -0.144713 -1.68509 35.9539
1169.28 777.6 -0.512298 -1.74956 36.1973
1446.34 494.208 0.382914 -2.93135 34.9255
1363.39 573.696 0.390426 -2.69831 36.3224
1316.74 551.232 0.350765 -2.84325 37.2084
1779.84 684.288 0.5312 -2.35611 32.9533
1845.5 898.56 0.432157 -1.99288 32.5435
1639.87 216 0.472071 -3.5157 33.4479
1171.58 578.88 -0.493891 -2.66315 36.2817
1418.69 715.392 0.100403 -2.20331 34.2067
1439.42 388.8 0.39185 -3.34696 35.006
1524.1 694.656 0.518712 -2.24338 34.5455
317.952 297.216 -6.81952 -4.96189 39.9536
297.216 502.848 -4.50909 -2.99153 35.865
715.392 340.416 -2.12654 -3.40571 34.2908
760.32 74.304 -2.43478 -5.0995 36.1866
860.544 76.032 -2.10077 -5.41343 37.0034
955.584 273.024 -1.82699 -5.13627 40.0543
495.936 983.232 -2.53046 -1.49661 33.6021
665.28 597.888 -2.04134 -2.53219 33.4964
1154.3 385.344 -0.560578 -3.59294 36.3407
1062.72 126.144 -1.00533 -5.50681 38.0977
1567.3 470.016 0.458032 -2.92046 33.9134
1684.8 112.32 0.555802 -3.75695 33.3613
1411.78 587.52 0.399408 -2.61058 35.4438
1740.1 898.56 0.323949 -1.95625 32.7143
1795.39 622.08 0.50605 -2.48441 32.8199
1828.92 435.456 0.536326 -2.86088 32.737
1378.94 329.702 0.428781 -3.79209 36.0291
1806.11 570.24 0.509379 -2.59698 32.7827
1851.73 400.205 0.517429 -2.90841 32.6279
1351.99 516.326 0.385525 -2.97498 36.4991
1611.19 385.69 0.35673 -3.06419 33.3424
1629.85 364.954 0.48933 -3.143 33.5433
1167.44 337.997 -0.478776 -3.88485 36.6706
1422.49 646.963 0.570987 -2.37065 36.0209
1586.3 715.392 0.409022 -2.23407 33.6951
1368.58 286.157 0.280774 -3.88013 35.6032
1573.86 340.07 0.450462 -3.27773 33.8414
1412.12 391.91 0.401158 -3.39699 35.4373
1439.08 389.837 0.434971 -3.35926 35.1867
1169.51 578.534 -0.4947 -2.6626 36.2818
1437.01 304.819 0.384095 -3.64675 34.9891
1457.74 657.331 0.397718 -2.35557 34.8309
1322.96 393.984 0.153804 -3.47485 36.0366
487.296 327.629 -5.39838 -4.69102 39.8093
427.162 458.266 -2.89671 -2.95393 33.877
124.416 296.525 -8.69703 -5.10447 40.355
460.339 205.286 -5.62153 -5.63607 39.8214
547.43 393.984 -2.63845 -3.19319 34.1549
659.405 493.517 -2.24517 -2.86666 34.1058
622.08 474.854 -2.3557 -2.92649 34.0621
866.765 211.507 -2.57917 -5.70773 40.312
180.403 906.163 -3.75713 -1.57919 34.0637
201.139 769.306 -3.73744 -2.01399 34.1072
831.514 899.943 -1.75574 -1.55322 34.4964
700.877 895.795 -2.16362 -1.57211 34.383
771.379 559.872 -2.11374 -2.70146 35.0315
889.575 773.453 -1.79132 -1.75304 36.173
543.283 605.491 -2.63291 -2.52459 34.136
684.288 553.651 -2.13723 -2.6817 34.0194
1293.93 501.811 0.10146 -3.03968 36.5277
1399.68 495.59 0.32782 -2.96476 35.278
1235.87 136.858 0.127429 -5.69401 38.9335
1281.48 70.5024 0.207142 -5.49786 37.3057
1405.9 172.109 -0.0386483 -3.73794 33.7126
1177.8 39.3984 -0.411217 -5.46429 36.8297
1843.43 300.672 0.479811 -3.0844 32.5789
1665.1 495.59 0.339504 -2.76786 33.0115
1571.79 493.517 0.297547 -2.80705 33.4395
1841.36 284.083 0.49536 -3.13321 32.6129
1414.2 588.902 0.381011 -2.6087 35.349
1351.99 667.699 0.102756 -2.30973 35.1904
995.328 727.834 -1.3993 -1.87384 37.6784
1756.34 883.354 0.340666 -1.99084 32.6814
1694.13 858.471 0.389315 -1.9717 33.0351
1045.09 302.746 -1.18683 -5.19556 41.4987
1704.5 761.426 0.43837 -2.18323 33.0997
1672.15 748.984 0.458641 -2.18927 33.2647
1627.36 365.783 0.468503 -3.13506 33.4849
1390.97 283.669 0.434512 -3.97734 35.933
1403.41 617.103 0.369238 -2.48388 35.443
1169.51 338.412 -0.483505 -3.87587 36.5679
1167.02 537.477 -0.523296 -2.84228 35.9523
1647.27 741.519 0.50599 -2.17116 33.5418
1766.71 706.683 0.492103 -2.31293 32.9334
1530.32 699.218 0.413488 -2.25253 34.1133
1669.66 793.774 0.270904 -2.14085 32.863
1376.04 400.62 0.305766 -3.41389 35.6197
1390.97 358.318 0.446782 -3.6298 35.9686
1585.06 716.636 0.427516 -2.23073 33.7596
1037.63 266.25 -1.17664 -5.09035 39.788
74.6496 400.62 -10.1774 -4.48816 41.6853
885.842 144.323 -2.20735 -5.68239 38.8661
860.959 74.6496 -2.166 -5.54846 37.3388
1045.09 301.087 -0.988686 -2.88079 31.5889
296.11 908.237 -3.34727 -1.58202 34.04
704.195 851.006 -2.11082 -1.76175 34.1255
955.515 338.412 -1.75787 -4.4427 39.182
460.339 209.019 -5.6125 -5.63121 39.8009
547.43 393.155 -2.61079 -3.18283 34.0918
549.919 734.055 -2.64663 -2.11934 34.2498
549.919 669.358 -2.67273 -2.31348 34.3258
221.461 972.933 -3.45113 -1.45227 33.8165
353.341 681.8 -3.09181 -2.29148 33.8589
674.335 681.8 -2.23201 -2.29877 34.19
1159.56 796.263 -0.580639 -1.70881 35.9072
654.428 955.515 -2.12218 -1.54186 33.7168
1366.09 156.764 -0.229588 -3.62905 33.289
487.711 325.97 -5.39785 -4.70626 39.8038
1283.97 273.715 -0.135245 -3.83055 35.1984
1283.97 599.685 -0.193018 -2.56146 34.8541
268.739 808.704 -3.42191 -1.91455 33.9694
1647.27 452.874 0.591252 -2.94665 33.6901
1567.64 470.293 0.454572 -2.91976 33.9002
1585.06 599.685 0.473236 -2.535 33.8556
1679.62 619.592 0.403525 -2.49248 33.1017
1445.71 495.176 0.388017 -2.93027 34.9461
223.949 741.519 -3.55612 -2.10956 33.9241
1664.69 495.176 0.373442 -2.77591 33.0981
1684.59 111.974 0.565957 -3.76666 33.3816
1776.66 649.452 0.496444 -2.43296 32.8986
1769.2 766.403 0.483679 -2.18777 32.9124
1841.36 283.669 0.439607 -3.09919 32.4949
1766.71 233.902 0.448707 -3.27218 32.7739
1692.06 855.982 0.377858 -1.97478 33.0445
1791.59 388.178 0.521519 -2.95614 32.8403
1343.69 311.04 0.326834 -3.95901 36.3662
955.515 273.715 -1.82838 -5.13051 40.0421
1367.58 286.655 0.25095 -3.83898 35.4422
1558.68 782.328 0.183409 -2.09541 33.2489
1424.31 644.973 0.57357 -2.37762 36.0216
1454.17 415.052 0.230046 -3.13338 34.2267
1439.24 391.164 0.466477 -3.38719 35.29
1693.05 833.09 0.338303 -2.04932 32.9269
1036.14 265.753 -1.16864 -4.98778 39.3651
1039.12 212.005 -1.18472 -5.66213 40.2059
340.402 295.612 -6.83759 -5.04701 40.2871
289.641 295.612 -7.25886 -5.08236 40.3117
761.426 74.6496 -2.812 -5.80516 37.9058
955.515 271.725 -1.8491 -5.17932 40.2564
883.851 143.327 -2.21629 -5.67729 38.8232
74.6496 400.122 -10.2539 -4.53898 41.8138
424.01 456.856 -2.91472 -2.9578 33.915
504.631 313.528 -5.68494 -5.00508 40.832
665.875 740.524 -2.14397 -2.14267 33.9001
922.669 710.664 -1.78306 -1.95259 37.3145
1283.97 68.6776 0.206033 -5.51751 37.3273
677.818 403.108 -2.17055 -3.14022 34.0037
713.65 340.402 -2.15985 -3.42051 34.3888
170.201 827.118 -3.90916 -1.78292 34.2424
352.346 683.79 -3.11009 -2.28276 33.8872
665.875 788.3 -2.1351 -1.97618 33.8631
949.543 337.416 -1.095 -2.81864 31.52
856.978 343.388 -2.79812 -4.89945 41.6807
1063.01 737.538 -0.991339 -1.84944 36.9275
1188.42 853.992 -0.510671 -1.62656 35.1044
220.963 973.431 -3.47369 -1.44849 33.8478
432.968 316.514 -5.75407 -4.74873 39.6755
1167.52 776.356 -0.542102 -1.8073 35.8899
1289.95 627.057 0.0755911 -2.43891 36.4197
1215.3 286.655 -0.167742 -4.36124 37.4503
656.917 492.687 -2.26317 -2.87656 34.16
1403.41 170.201 -0.0506838 -3.7213 33.6562
209.019 176.173 -6.37083 -5.23302 37.8954
256.795 438.94 -8.46242 -4.11382 41.8637
1600.49 116.453 0.455263 -3.84334 33.6231
1295.92 516.575 0.0110287 -2.96067 35.9417
1289.95 421.024 -0.0454348 -3.33262 35.651
1295.92 346.374 -0.185819 -3.41425 34.6313
1725.9 465.814 0.463281 -2.82042 33.0126
1501.95 483.729 0.362371 -2.90757 34.1764
1466.12 424.01 0.344447 -3.15421 34.5695
1743.81 343.388 0.498006 -3.07762 32.9894
1818.46 618.099 0.535324 -2.4953 32.81
1791.59 385.192 0.459515 -2.95057 32.7204
1400.43 495.673 0.361212 -2.98704 35.4426
1331.75 495.673 0.201163 -3.04605 36.0504
1773.67 176.173 0.603493 -3.49021 33.0617
1334.74 630.043 0.178226 -2.45268 35.8999
1779.65 421.024 0.506356 -2.89919 32.8667
1522.85 403.108 0.369111 -3.11485 34.0004
1060.02 128.397 -1.04616 -5.44213 37.8929
1479.85 684.388 0.446813 -2.2678 34.7834
1605.27 756.051 0.386199 -2.1384 33.4818
164.826 852.797 -3.9238 -1.70557 34.2647
956.709 272.322 -1.8491 -5.17932 40.2564
300.987 913.711 -3.29121 -1.59198 33.9117
666.472 738.135 -2.11968 -2.15179 33.8207
666.472 666.472 -2.09932 -2.335 33.7059
652.139 953.126 -2.1712 -1.52039 33.8621
867.13 859.964 -1.74939 -1.59647 34.9936
859.964 75.2468 -2.44525 -6.2094 38.8964
1741.43 906.545 0.311269 -1.94834 32.6569
361.901 809.799 -3.26413 -1.87657 34.2237
713.053 340.402 -2.16234 -3.41921 34.389
490.896 311.737 -5.46343 -4.8698 40.1132
433.565 315.32 -5.9396 -4.83741 40.0897
759.635 816.965 -2.151 -1.76051 35.0387
1354.44 924.461 -0.147868 -1.60826 34.0249
333.236 705.887 -3.05782 -2.24373 33.6922
544.644 612.724 -2.98704 -2.53047 35.052
247.24 910.128 -3.29262 -1.66692 33.6664
171.993 920.878 -3.79263 -1.52798 34.0866
652.139 476.563 -2.30887 -2.93042 34.2574
770.384 537.477 -2.21323 -2.80414 35.557
766.801 451.481 -2.1141 -3.12848 34.9821
956.709 336.819 -1.88608 -4.72974 40.8348
1282.78 598.391 -0.103938 -2.5621 35.4921
480.146 293.821 -5.32002 -4.87939 39.4077
476.563 207.825 -6.29896 -6.18805 41.5736
315.32 293.821 -6.90445 -5.01799 40.0845
1404.61 168.41 -0.0504068 -3.73125 33.683
1401.02 68.0805 0.739839 -5.31932 36.828
118.245 537.477 -5.90115 -2.87989 36.608
96.7459 476.563 -5.7152 -3.15564 36.2125
1612.43 494.479 0.400548 -2.80599 33.4657
1573.02 490.896 0.336534 -2.80867 33.5355
1569.43 472.98 0.408416 -2.89314 33.7443
1282.78 229.324 -0.192671 -3.92494 34.91
247.24 290.238 -6.88813 -4.76733 39.1243
257.989 437.148 -8.47226 -4.13828 41.9382
1289.95 419.232 0.097763 -3.47605 36.5869
1358.03 662.889 0.126968 -2.29823 35.248
1447.61 490.896 0.326609 -2.9303 34.6787
1501.35 480.146 0.466775 -2.95212 34.5872
1150.2 386.984 -0.557424 -3.62283 36.5562
275.905 702.304 -3.37813 -2.23502 33.9
1666.18 494.479 0.43953 -2.78279 33.2364
1719.93 612.724 0.473442 -2.49891 33.0772
1755.76 881.463 0.344555 -1.98937 32.6713
1838.17 555.393 0.487054 -2.60917 32.6419
1848.92 397.733 0.526116 -2.91883 32.657
1590.93 637.806 0.48347 -2.43874 33.8603
1401.02 494.479 0.286915 -2.95168 35.0585
1762.93 290.238 0.456607 -3.1557 32.8249
1150.2 648.556 -0.554184 -2.29377 37.1652
1411.77 587.642 0.452195 -2.61198 35.7133
1472.69 214.991 0.319808 -3.77006 34.2708
1616.01 365.485 0.520565 -3.16887 33.6735
1544.35 379.817 0.412018 -3.18184 33.9908
1522.85 401.316 0.379918 -3.12306 34.04
1440.44 390.567 0.40921 -3.33705 35.0237
1039.12 265.155 -1.20423 -5.18648 40.0228
1057.04 125.411 -1.05915 -5.49443 38.0457
619.89 437.148 -2.36848 -3.04454 34.0933
372.651 419.232 -3.17018 -3.09961 34.0644
163.393 632.073 -3.85192 -2.41898 34.0861
1354.44 924.461 -0.0163132 -1.47244 34.657
1225.45 786.867 -0.390966 -1.86237 35.1351
1728.53 464.38 0.461862 -2.82617 33.0161
378.384 434.282 -3.11419 -3.06125 34.0349
1732.83 898.662 0.258643 -1.97743 32.5949
1569.43 472.98 0.416792 -2.90086 33.7388
1285.65 232.19 -0.163134 -3.90993 34.9471
1685.53 619.174 0.46775 -2.48691 33.2198
266.589 739.569 -3.39699 -2.1144 33.9039
214.991 735.269 -3.53585 -2.12038 33.8816
270.889 700.87 -3.35061 -2.22825 33.8337
197.792 675.071 -3.58981 -2.3092 33.8533
1083.55 365.485 -0.84694 -4.43242 40.1022
1767.23 632.073 0.501624 -2.47186 32.9281
1836.02 554.677 0.455147 -2.60937 32.5806
1367.34 576.176 0.413548 -2.69165 36.4222
1827.42 434.282 0.51909 -2.86259 32.6922
1457.64 653.572 0.430639 -2.34859 34.9939
1440.44 391.283 0.429524 -3.36006 35.1392
1504.94 335.386 0.335934 -3.35891 34.0293
1311.44 417.082 -0.119566 -3.22176 34.7629
1307.14 326.786 -0.0495667 -3.62391 35.1954
1543.63 748.168 0.346673 -2.14933 33.7981
1169.55 773.967 -0.531785 -1.79793 36.1988
1285.65 597.675 -0.0750536 -2.56769 35.7171
967.459 911.561 -1.26591 -1.61653 33.9482
1169.55 799.766 -0.541841 -1.67367 36.2843
1036.26 262.289 -1.20423 -5.18648 40.0228
1057.76 124.695 -1.04937 -5.44409 37.8853
558.976 666.472 -2.67283 -2.32702 34.343
666.472 610.574 -2.19142 -2.51533 34.0669
245.09 911.561 -3.46771 -1.6058 33.8996
171.993 920.161 -3.7355 -1.55231 33.9813
266.589 808.366 -3.40229 -1.90818 33.9156
300.987 915.861 -3.29971 -1.58465 33.9368
339.686 834.165 -3.07335 -1.8773 33.7356
958.859 275.188 -1.86951 -5.24854 40.5819
769.667 253.689 -2.14791 -3.93487 35.082
881.463 141.894 -2.21629 -5.67729 38.8232
657.872 490.179 -2.28134 -2.89007 34.1515
675.071 404.183 -2.24873 -3.19041 34.3176
554.677 391.283 -2.69798 -3.24081 34.3374
855.664 339.686 -2.4127 -4.37326 38.7778
477.28 210.691 -5.58369 -5.68749 40.0264
412.783 425.682 -2.9447 -3.06781 33.9004
374.084 421.382 -3.08606 -3.07868 33.9094
1573.73 490.179 0.31175 -2.80563 33.4079
1764.65 773.967 0.504989 -2.16604 32.9515
1599.53 180.592 0.620471 -3.80901 34.0665
1351.86 665.612 0.133807 -2.29895 35.3232
1682.09 614.014 0.587181 -2.50042 33.5235
257.989 438.581 -8.2797 -4.11344 41.5565
1589.21 639.813 0.528875 -2.44163 34.0038
1558.25 619.174 0.449222 -2.48969 33.9365
1790.44 510.818 0.4399 -2.69619 32.6972
1800.76 134.154 0.479385 -3.47253 32.7138
1558.25 232.19 0.442134 -3.61306 33.8611
1682.09 108.355 0.537464 -3.73878 33.3214
1331.22 495.339 0.309192 -3.09056 36.5839
1150.63 650.133 -0.577003 -2.30655 36.3299
1434.42 717.21 0.14364 -2.19701 34.1929
1475.7 681.091 0.396318 -2.28138 34.6104
1780.12 712.05 0.390721 -2.31515 32.6864
1460.22 294.108 0.38019 -3.61173 34.6573
1475.7 216.711 0.441504 -3.89719 34.7306
1594.37 717.21 0.539247 -2.21808 34.022
1707.89 758.488 0.381935 -2.19731 32.9122
1279.63 737.849 -0.123691 -2.03118 35.4818
1279.63 598.535 -0.0840607 -2.53843 35.5496
1166.11 773.967 -0.573062 -1.85366 35.3078
1480.86 185.752 0.381009 -3.89865 34.413
1047.44 304.427 -1.14869 -4.98616 40.525
1057.76 123.835 -1.04364 -5.46929 37.9748
959.719 335.386 -1.09342 -2.82328 31.5205
665.612 737.849 -2.35871 -2.05623 34.5514
557.256 665.612 -2.64125 -2.32445 34.2305
696.571 887.482 -2.18554 -1.58733 34.404
557.256 784.287 -2.66765 -1.94015 34.3344
196.072 675.931 -3.68724 -2.30291 34.024
335.386 701.73 -3.00587 -2.24804 33.5949
459.221 614.014 -3.24137 -2.4626 34.8793
242.51 908.122 -3.42142 -1.61351 33.8847
170.273 918.441 -3.7307 -1.54752 33.982
263.149 804.926 -3.39879 -1.91363 33.8946
866.843 211.551 -2.57472 -5.69652 40.2821
768.807 252.829 -2.15068 -3.9431 35.0805
882.323 139.314 -2.22118 -5.65912 38.7662
655.292 490.179 -2.25169 -2.87882 34.055
675.931 402.463 -2.24873 -3.19041 34.3176
768.807 448.901 -2.11567 -3.15058 35.07
768.807 402.463 -2.17086 -3.37099 35.2956
314.747 288.948 -6.76789 -4.94699 39.8146
304.427 479.86 -4.52824 -3.12091 35.9665
485.02 319.906 -5.3848 -4.76777 39.7761
1263.11 297.203 -0.106447 -3.9277 35.9001
1331.22 625.366 0.0413859 -2.483 35.1272
1349.8 191.944 -0.0528931 -3.86662 34.3743
1461.25 606.79 0.412372 -2.56939 34.8433
1411.72 600.599 0.475378 -2.58579 35.9453
1424.1 575.832 0.328774 -2.59458 34.9613
1795.6 284.82 0.438912 -3.12519 32.6377
1746.07 309.587 0.503238 -3.16125 32.9878
1770.84 229.094 0.477217 -3.29013 32.807
1758.45 260.053 0.34701 -3.17899 32.6073
1300.27 705.858 -0.190094 -2.20436 34.6398
1442.68 241.478 1.15404 -4.69012 37.9129
1566.51 390.08 0.392884 -3.08514 33.738
1647 297.203 0.378341 -3.2496 33.1931
1764.65 705.858 0.498269 -2.30883 32.9494
1473.63 681.091 0.41074 -2.27315 34.6902
1690.34 681.091 0.549677 -2.35441 33.4121
1578.89 167.177 0.579222 -3.8622 34.1618
1380.76 408.655 0.374732 -3.3931 35.9262
1368.37 334.354 0.458211 -3.869 36.4963
1591.28 637.749 0.46172 -2.43226 33.7645
1164.05 767.776 -0.573062 -1.85366 35.3078
1195.01 873.035 -0.566272 -1.67139 34.4061
1207.39 780.159 -0.352285 -1.74873 36.4796
1566.51 470.572 0.526266 -2.9451 34.1619
1442.68 489.147 0.351255 -2.9447 34.7582
1671.77 495.339 0.42955 -2.78568 33.2203
959.719 334.354 -1.09079 -2.81714 31.5212
662.516 662.516 -2.10508 -2.34902 33.6957
699.666 891.61 -2.19233 -1.59463 34.4615
699.666 854.46 -2.13492 -1.75054 34.1842
557.256 786.351 -2.66765 -1.94015 34.3344
947.336 953.528 -1.28324 -1.62287 33.3931
266.245 705.858 -3.38187 -2.22073 33.8903
198.136 674.9 -3.67773 -2.31472 33.9969
346.737 687.283 -3.107 -2.26276 33.8302
464.38 612.982 -3.23184 -2.45168 34.829
235.286 910.186 -3.42697 -1.60719 33.8797
198.136 767.776 -3.63043 -2.03138 33.9403
866.843 210.519 -2.57472 -5.69652 40.2821
650.133 482.956 -2.27863 -2.90005 34.1233
674.9 402.463 -2.27071 -3.19987 34.3913
551.065 390.08 -2.69295 -3.2555 34.3463
767.776 445.805 -2.09734 -3.15674 34.9477
854.46 334.354 -2.62955 -4.6436 40.0447
309.587 278.628 -6.71834 -4.94261 39.6839
315.779 291.012 -6.79619 -5.02551 39.8049
371.504 173.369 -6.10552 -5.7457 39.5111
408.655 427.23 -3.05114 -3.08918 34.0811
1760.93 832.17 0.508173 -2.07703 33.0008
1760.93 772.729 0.525703 -2.16549 33.0119
1701.49 750.439 0.57348 -2.18295 33.445
1322.56 141.172 -0.18686 -3.96797 34.1208
1538.03 193.182 0.541557 -3.87729 34.3875
1523.17 401.225 0.392399 -3.16086 34.1168
1575.18 349.214 0.443656 -3.25399 33.7757
1701.49 319.494 0.473434 -3.17106 33.0853
1582.61 594.407 0.422359 -2.54926 33.7189
1530.6 586.977 0.42525 -2.5865 34.1359
1434.01 713.288 0.0148213 -2.24004 33.5756
1478.59 668.708 0.190784 -2.33288 33.904
1389.43 683.568 0.105635 -2.29068 34.6197
1760.93 698.428 0.490743 -2.31542 32.9332
267.483 438.375 -8.90554 -4.24003 42.6719
1456.3 609.267 0.461318 -2.5585 35.0635
1768.36 631.557 0.512674 -2.47901 32.9588
1329.99 624.127 0.301709 -2.46145 36.8023
1567.75 468.095 0.526266 -2.9451 34.1619
1441.44 490.386 0.30462 -2.93172 34.6138
1441.44 393.795 0.371293 -3.31646 34.9107
1723.78 460.665 0.444069 -2.82501 32.9531
1664.34 490.386 0.41231 -2.78165 33.1516
1032.78 215.473 -1.28287 -5.63474 40.1287
958.481 334.354 -1.84788 -4.71726 40.4326
557.256 661.278 -2.65113 -2.35418 34.2981
772.729 564.687 -1.92891 -2.62793 34.1196
698.428 884.18 -2.1611 -1.62669 34.2686
728.148 817.31 -2.11246 -1.81645 34.4206
557.256 780.159 -2.67111 -1.96072 34.3933
267.483 705.858 -3.43333 -2.22597 34.03
200.612 676.138 -3.60267 -2.30181 33.8818
289.773 572.117 -3.33869 -2.58064 33.9461
460.665 616.697 -3.55064 -2.50168 35.5737
876.75 141.172 -2.26806 -5.65332 38.458
646.418 482.956 -2.14203 -2.8553 33.651
646.418 430.945 -2.34764 -3.0543 34.1922
549.826 386.365 -2.67731 -3.21503 34.2816
772.729 438.375 -2.11808 -3.20161 35.127
772.729 401.225 -2.09624 -3.34097 34.9157
505.246 208.042 -4.8609 -5.29247 38.7976
334.354 505.246 -3.85596 -2.92059 35.0985
386.365 430.945 -3.12654 -3.05944 34.0253
557.256 319.494 -2.70271 -3.47631 34.3477
750.439 824.74 -2.18398 -1.69892 35.0983
1444.41 392.309 0.335717 -3.27926 34.7459
1560.32 303.148 0.317236 -3.31606 33.51
1649.48 677.624 0.474247 -2.34078 33.4421
1551.4 695.456 0.0284474 -2.33395 32.7778
1506.82 704.372 0.212763 -2.30196 33.7702
1471.16 668.708 0.401002 -2.2866 34.7332
1702.98 329.896 0.352969 -3.11368 32.8498
1497.91 606.295 0.418886 -2.53727 34.3281
1685.14 615.211 0.574242 -2.49603 33.4919
1640.56 864.862 0.0354347 -2.07114 32.5194
1613.81 829.198 0.253914 -2.01461 33.038
1417.66 320.98 0.358795 -3.65878 35.2307
1506.82 205.07 0.557844 -3.98658 34.8503
1667.31 249.651 0.390304 -3.36524 33.0848
1444.41 490.386 0.341535 -2.94651 34.8002
1729.72 454.721 0.473892 -2.84943 33.0439
1578.15 347.728 0.431606 -3.25747 33.7723
962.939 329.896 -1.08788 -2.81908 31.5235
1025.35 213.987 -1.20827 -5.64279 40.1374
1301.75 463.637 -0.00887224 -3.11877 35.4639
1168.01 534.966 -0.576244 -2.79388 34.7243
1159.09 392.309 -0.621069 -3.50873 35.7481
659.792 588.463 -2.27279 -2.58375 34.1976
650.876 740.037 -2.21825 -2.12809 34.0759
267.483 704.372 -3.37036 -2.22198 33.8015
285.315 570.631 -3.5668 -2.63678 34.3064
954.023 276.399 -1.92331 -5.42022 41.5558
641.96 481.47 -2.28371 -2.90456 34.1009
668.708 401.225 -2.0597 -3.07926 33.4695
641.96 436.889 -2.23812 -3.03136 33.8432
775.701 401.225 -2.3319 -3.53552 36.2001
481.47 312.064 -5.54168 -4.903 40.1465
419.057 445.805 -2.86517 -2.96823 33.7276
383.392 427.973 -3.12886 -3.07702 34.0576
