1020 341 -14.285 -1.3696 3.12474
1002 315 -12.7672 -1.30817 2.89596
1255 289 -12.6743 -1.46286 4.09268
1031 327 -13.4933 -1.35357 3.12053
1074 237 -9.9749 -1.07849 2.85006
1133 309 -13.0545 -1.4006 3.59785
1040 204 -10.3273 -1.25781 2.80187
1055.6 481 -9.09709 -0.448643 2.71302
1190.8 600.6 -8.36016 -0.349076 2.73423
1166.1 211.9 -10.0579 -1.16483 3.08766
1202.5 249.6 -11.2382 -1.338 3.48287
1038.7 204.1 -10.3273 -1.25781 2.80187
1033.5 326.3 -13.4933 -1.35357 3.12053
1080.3 301.6 -12.3953 -1.32888 3.23148
1173.9 67.6 -9.27609 -1.24149 2.92447
1203.8 102.7 -9.49911 -1.25451 3.03579
1133.6 111.8 -9.49463 -1.23424 2.89676
1236.3 161.2 -10.061 -1.30173 3.2563
1014 634.4 -9.02061 -0.199665 2.64406
1088.36 375.18 -9.6187 -0.683913 2.8393
1032.59 488.41 -9.40886 -0.430856 2.71439
1110.33 246.74 -10.0335 -1.06258 2.9427
1164.41 212.94 -10.0145 -1.14706 3.07788
1073.15 236.6 -9.97086 -1.07646 2.84972
1042.73 239.98 -9.98448 -1.07028 2.77631
1088.36 233.22 -9.9499 -1.07799 2.88133
1079.91 300.82 -12.3953 -1.32888 3.23148
1235.39 160.55 -10.0086 -1.28894 3.24518
1189.76 163.93 -10.0466 -1.2921 3.14234
1005.55 540.8 -9.06032 -0.348846 2.63129
1198.21 522.21 -8.31109 -0.424425 2.7276
1132.3 111.54 -9.51151 -1.241 2.89837
1190.77 599.781 -8.27606 -0.358768 2.71621
1111.68 246.064 -10.0054 -1.07076 2.9422
1111.68 294.398 -12.438 -1.37444 3.3755
1036.98 204.321 -10.2709 -1.24267 2.78662
1083.12 300.989 -12.3646 -1.32808 3.22826
1019.41 290.004 -11.8439 -1.27179 2.88883
1133.65 112.047 -9.50142 -1.24096 2.89249
1120.47 74.698 -9.27327 -1.22913 2.83348
1201.76 103.259 -9.50447 -1.25765 3.03708
1171 68.107 -9.25421 -1.23355 2.92003
1192.97 162.578 -10.0466 -1.2921 3.14234
1228.12 136.214 -9.79947 -1.2836 3.16248
1076.53 114.244 -9.54058 -1.24358 2.78378
1111.68 676.676 -8.50245 -0.242523 2.69535
1004.03 608.569 -8.8025 -0.2684 2.61068
1122.67 173.563 -10.0407 -1.26139 2.97735
1193.85 162.798 -10.0466 -1.2921 3.14234
1113.88 74.2586 -9.25819 -1.22492 2.80889
1188.14 596.925 -8.46469 -0.341052 2.75406
1213.84 274.186 -11.9987 -1.39198 3.72425
1176.71 257.049 -10.548 -1.16211 3.21308
1019.63 288.466 -11.7501 -1.25768 2.88072
1076.75 114.244 -9.47302 -1.22755 2.78128
1106.45 293.321 -12.0827 -1.31766 3.27543
1165.86 579.217 -8.3833 -0.363413 2.72041
1177 530.949 -8.33527 -0.415768 2.71642
1028.48 207.924 -10.3011 -1.24548 2.7742
1165.86 70.5457 -9.31143 -1.24443 2.91208
1080.46 111.388 -8.88087 -1.01997 2.70735
1110.17 245.053 -9.99402 -1.07058 2.93894
1081.2 111.017 -9.48877 -1.2361 2.7908
1177.74 255.821 -10.7819 -1.2159 3.26403
1003.98 583.561 -8.89746 -0.295563 2.62371
1142.02 589.836 -8.31474 -0.358376 2.68673
1154.57 250.994 -11.2374 -1.31151 3.35064
1154.57 213.345 -10.3459 -1.2285 3.08777
1093.08 293.663 -11.4571 -1.21892 3.19349
1027.82 285.506 -10.4549 -1.01806 2.80842
477.202 254.508 -9.87726 -0.976953 1.20737
286.321 233.299 -9.90663 -1.04481 0.506962
371.157 318.135 -10.1434 -0.845254 0.671685
604.456 328.739 -9.34225 -0.755584 1.78826
413.575 296.926 -10.1939 -0.936788 0.840944
890.778 328.739 -8.86423 -0.698631 2.44951
816.546 509.016 -9.85797 -0.294594 2.24283
222.694 466.598 -8.08711 -0.405581 1.85014
742.315 413.575 -15.2538 -0.823099 1.08236
625.665 275.717 -10.6568 -1.08978 1.44525
318.135 455.993 -8.02634 -0.445946 2.02787
243.903 402.971 -8.06627 -0.461629 1.93355
668.083 307.53 -11.0109 -1.02014 1.51332
375.236 318.135 -11.1593 -0.951134 0.108171
236.562 277.348 -9.1371 -0.7868 0.977302
154.989 334.449 -10.7532 -0.789217 -0.786841
220.247 309.978 -11.0627 -0.956231 -0.702113
367.079 179.461 -9.36546 -1.0696 1.13989
571.011 261.034 -9.78562 -0.959051 1.55213
416.023 293.663 -10.0662 -0.902661 0.920271
448.652 342.607 -8.77479 -0.621267 1.74039
579.169 212.09 -9.79427 -1.08848 1.5798
220.247 546.539 -7.89129 -0.373631 2.04323
334.449 399.708 -8.37898 -0.486126 1.80456
187.618 432.337 -7.91819 -0.441137 1.98323
228.405 456.809 -7.93772 -0.422888 2.00197
562.854 538.382 -8.91121 -0.278791 1.90918
619.955 383.393 -11.6114 -0.798798 1.10583
864.674 179.461 -9.98349 -1.21303 2.31389
726 236.562 -10.0821 -1.09369 1.9095
897.304 171.303 -8.86556 -0.942678 2.43164
399.708 416.023 -8.71284 -0.485773 1.65858
261.034 456.809 -7.83196 -0.432936 2.10865
318.135 448.652 -7.97969 -0.433402 2.04515
225.895 276.093 -9.93594 -0.915535 0.272139
225.895 313.743 -10.5218 -0.873087 -0.185619
263.544 169.421 -9.08193 -0.999944 1.08668
420.415 294.918 -10.0662 -0.902661 0.920271
552.187 207.07 -9.69785 -1.07722 1.51725
320.017 527.087 -7.97631 -0.369896 2.05737
232.169 571.011 -7.89819 -0.355744 2.04714
263.544 451.789 -7.93153 -0.43058 2.03536
809.456 232.169 -10.2918 -1.15956 2.13625
683.959 125.497 -9.25819 -1.13244 1.9863
727.883 144.322 -9.28652 -1.10848 2.07854
683.959 476.889 -12.4616 -0.364299 1.2686
188.246 439.24 -7.88972 -0.438345 2.00302
232.169 451.789 -7.91927 -0.431097 2.01849
200.795 464.339 -7.89898 -0.427413 2.00536
308.916 241.34 -9.8063 -0.999282 0.694276
231.687 313.743 -9.86119 -0.796163 0.379186
130.324 347.53 -11.1007 -0.782596 -1.25473
260.648 168.938 -8.93527 -0.96968 1.18094
463.374 255.821 -10.1526 -1.03371 1.0451
419.932 294.435 -10.5947 -0.982439 0.642024
371.664 183.419 -9.2962 -1.03316 1.2369
323.396 535.776 -7.99746 -0.368437 2.04923
135.151 448.893 -7.91014 -0.427916 1.94535
492.334 608.178 -9.04634 -0.14808 1.75118
844.691 260.648 -11.0125 -1.21873 2.19353
752.982 289.608 -11.2071 -1.14121 1.76164
863.999 188.246 -9.94202 -1.19019 2.31042
680.58 125.497 -9.23314 -1.12858 1.97774
719.194 120.67 -9.17997 -1.12924 2.07539
690.234 154.458 -9.38796 -1.12955 1.97274
183.419 439.24 -7.89493 -0.440242 1.99491
159.285 482.681 -7.899 -0.405961 1.97675
617.831 376.491 -14.3869 -1.00896 0.201318
506.815 362.011 -12.8013 -0.938576 0.0295631
308.916 468.2 -8.73221 -0.377825 1.54069
347.53 473.027 -8.06742 -0.415912 2.02308
250.994 530.949 -7.9047 -0.378248 2.05737
222.033 550.256 -7.88958 -0.368404 2.0445
248.766 233.915 -9.51927 -0.962934 0.6983
129.953 345.302 -10.6781 -0.738974 -0.792566
159.656 323.025 -10.5568 -0.830206 -0.529573
207.924 74.2586 -8.55177 -0.991058 1.3847
263.618 170.795 -8.96977 -0.96779 1.16558
293.321 163.369 -9.06026 -1.0108 1.16342
501.245 263.618 -10.3151 -1.04691 1.0917
464.116 259.905 -10.1416 -1.02991 1.0319
419.561 297.034 -9.77468 -0.864133 1.08915
549.514 207.924 -9.68973 -1.07892 1.50579
482.681 85.3974 -8.85568 -1.08206 1.71147
378.719 185.646 -9.2962 -1.03316 1.2369
323.025 538.375 -8.02328 -0.359273 2.03264
679.466 122.527 -9.22697 -1.12949 1.97339
742.586 115.101 -9.09776 -1.1004 2.13468
690.605 155.943 -9.45039 -1.13184 1.94218
742.586 137.378 -9.28003 -1.11374 2.10657
972.787 612.633 -9.14121 -0.210572 2.58808
96.5362 363.867 -10.4039 -0.64351 -0.691904
200.498 467.829 -7.90625 -0.419061 2.00525
222.776 549.514 -7.88958 -0.368404 2.0445
89.1103 456.69 -7.90132 -0.420638 1.91019
924.519 549.514 -9.98175 -0.248328 2.50065
330.451 445.552 -8.03925 -0.438378 2.0206
315.599 482.681 -7.98701 -0.417144 2.04184
965.362 271.044 -10.3592 -1.07537 2.58518
928.232 308.173 -11.4818 -1.1507 2.5017
742.586 293.321 -11.2585 -1.13975 1.74078
757.438 289.608 -11.2855 -1.15256 1.81866
237.627 445.552 -7.94211 -0.436304 2.00815
267.331 441.839 -7.90892 -0.439243 2.05291
905.955 170.795 -9.81462 -1.20089 2.42433
902.242 189.359 -9.7761 -1.15187 2.41425
122.812 94.2513 -8.57353 -0.972985 1.2024
54.2659 131.381 -8.73145 -0.973979 0.879427
291.322 616.918 -7.96181 -0.311363 2.05546
859.686 194.215 -9.93232 -1.18032 2.3048
765.435 359.869 -13.8082 -1.11527 1.45603
508.386 494.105 -7.5754 -0.440429 2.3823
351.3 479.825 -8.0833 -0.40968 2.01486
571.22 528.378 -9.26311 -0.286398 1.79379
322.739 359.869 -12.1648 -0.840848 -0.848377
225.632 448.408 -7.90444 -0.432747 2.0267
137.093 454.12 -7.91007 -0.424518 1.94568
165.654 465.544 -7.90309 -0.418087 1.97845
159.942 488.393 -7.90578 -0.402254 1.97422
54.2659 459.832 -7.89882 -0.415088 1.88188
88.5391 456.976 -7.90499 -0.417913 1.90722
71.4025 496.961 -7.88034 -0.391897 1.91783
314.171 482.681 -7.98972 -0.414135 2.04115
57.122 402.71 -10.3342 -0.470133 -0.787584
94.2513 411.278 -9.77536 -0.446361 -0.0295998
159.942 322.739 -10.4528 -0.817967 -0.433096
354.156 319.883 -11.2984 -0.959148 -0.0708018
414.134 297.034 -10.5338 -0.969967 0.663627
377.005 322.739 -10.6597 -0.888507 0.434212
594.069 219.92 -9.84985 -1.09124 1.58053
585.5 262.761 -9.88914 -0.965032 1.55671
619.774 277.042 -10.8126 -1.1015 1.35273
339.876 157.085 -9.07993 -1.02851 1.27397
334.164 191.359 -9.25825 -1.00064 1.14937
219.92 554.083 -7.89118 -0.365516 2.04314
237.056 565.508 -7.90525 -0.356691 2.04635
913.952 311.315 -12.3303 -1.23502 2.42615
491.249 291.322 -9.90893 -0.886272 1.26604
865.398 174.222 -9.77575 -1.18915 2.32706
908.24 168.51 -9.79056 -1.20177 2.43618
759.722 291.322 -11.321 -1.15041 1.81799
751.154 322.739 -12.3734 -1.15997 1.60281
871.11 254.193 -10.7539 -1.19216 2.30429
545.515 205.639 -9.65179 -1.07284 1.50978
217.064 337.02 -10.8667 -0.815879 -0.514027
845.405 262.761 -10.894 -1.18486 2.19133
676.896 122.812 -9.22697 -1.12949 1.97339
379.861 185.646 -9.2962 -1.03316 1.2369
277.042 228.488 -9.49695 -0.971448 0.810161
314.171 245.625 -9.77851 -0.986763 0.738854
205.639 74.2586 -8.54805 -0.991998 1.38608
956.793 148.517 -9.63268 -1.20383 2.54096
971.074 614.061 -8.91753 -0.239012 2.57774
851.118 74.2586 -9.10641 -1.17061 2.33664
745.442 231.344 -10.3732 -1.17217 1.91957
645.479 279.898 -10.7575 -1.0887 1.48717
325.595 536.947 -8.0121 -0.366743 2.04253
111.388 65.6903 -8.50988 -1.00482 1.23009
117.1 91.3952 -8.50957 -0.959487 1.24088
54.2659 217.064 -9.16652 -0.923695 0.41464
54.2659 268.473 -9.60228 -0.869792 -0.0734033
643.721 274.625 -10.6951 -1.10127 1.49022
999.635 316.368 -12.6224 -1.28391 2.87795
676.676 123.032 -9.18988 -1.11976 1.97698
902.967 191.139 -9.98804 -1.19998 2.41447
909.558 169.169 -9.79325 -1.20518 2.43997
861.224 195.533 -9.93232 -1.18032 2.3048
757.965 344.929 -13.2033 -1.15047 1.50945
648.115 281.216 -10.9103 -1.10499 1.44632
696.449 340.535 -12.9419 -1.12577 1.18671
718.419 235.079 -10.243 -1.13473 1.85407
722.813 248.261 -10.4177 -1.13531 1.83305
823.875 349.323 -13.614 -1.18713 1.87618
808.496 241.67 -10.44 -1.17845 2.11288
351.52 481.143 -8.06385 -0.409606 2.02743
566.826 426.218 -9.93648 -0.506741 1.52041
518.492 364.702 -13.3274 -0.969193 -0.13974
571.22 604.175 -9.04197 -0.171138 1.88014
582.205 597.584 -9.25403 -0.152304 1.83476
612.963 601.978 -9.13962 -0.163771 1.93983
136.214 454.779 -7.91299 -0.423462 1.94449
92.274 459.173 -7.88509 -0.419479 1.92814
70.304 498.719 -7.89274 -0.392457 1.90847
140.608 391.066 -10.7294 -0.56166 -0.764487
59.319 402.051 -10.1555 -0.474927 -0.601032
322.959 360.308 -12.1339 -0.837092 -0.815397
327.353 540.462 -8.01472 -0.366177 2.04253
259.246 536.068 -7.90794 -0.377223 2.05896
237.276 566.826 -7.9039 -0.356783 2.04645
428.415 94.471 -8.83019 -1.05753 1.61274
487.734 87.88 -8.87615 -1.0836 1.71149
375.687 41.743 -8.62942 -1.06593 1.63433
465.764 349.323 -12.0464 -0.9375 0.0978494
612.963 336.141 -12.3827 -1.06078 0.845823
597.584 219.7 -9.88196 -1.09303 1.5791
588.796 263.64 -9.7611 -0.939374 1.607
544.856 206.518 -9.71454 -1.08446 1.48378
57.122 134.017 -8.73145 -0.973979 0.879427
112.047 65.91 -8.52475 -1.00817 1.2142
217.503 79.092 -8.56251 -0.989301 1.39297
48.334 353.717 -10.1506 -0.65077 -0.674743
54.925 217.503 -9.16859 -0.922231 0.403907
274.625 285.61 -10.2548 -0.939727 0.251038
320.762 340.535 -11.508 -0.875191 -0.425131
210.912 279.019 -9.96608 -0.913282 0.220634
241.67 232.882 -9.50544 -0.962564 0.693072
193.336 448.188 -7.90652 -0.431237 2.00113
199.927 470.158 -7.90942 -0.419077 2.00373
213.109 465.764 -7.90434 -0.420846 2.0167
488.41 87.88 -8.87615 -1.0836 1.71149
956.54 148.72 -9.62483 -1.20077 2.54252
970.06 32.11 -8.96489 -1.18948 2.53865
696.28 121.68 -9.1564 -1.11101 2.03225
686.14 158.86 -9.44891 -1.12589 1.93799
863.59 172.38 -9.7714 -1.19018 2.32394
897.39 38.87 -8.94012 -1.16744 2.42384
853.45 76.05 -9.11401 -1.17381 2.33855
762.19 294.06 -11.4443 -1.15941 1.81304
648.96 282.23 -10.9103 -1.10499 1.44632
677.69 317.72 -11.8751 -1.10662 1.33619
642.2 354.9 -13.4316 -1.07704 0.710268
697.97 341.38 -12.8038 -1.11033 1.23659
753.74 245.05 -10.4887 -1.16134 1.92253
878.8 353.21 -14.5268 -1.27845 2.18145
861.9 349.83 -13.7215 -1.20012 2.10773
875.42 253.5 -10.6947 -1.18629 2.31869
858.52 196.04 -9.93232 -1.18032 2.3048
807.82 241.67 -10.4823 -1.17422 2.09854
841.62 265.33 -10.9191 -1.18316 2.18458
349.83 481.65 -8.06301 -0.409466 2.02452
571.22 525.59 -9.26633 -0.286843 1.79126
583.05 366.73 -13.4582 -0.993472 0.287554
579.67 599.95 -9.03257 -0.173402 1.90234
136.89 454.61 -7.91299 -0.423462 1.94449
163.93 461.37 -7.88935 -0.421836 1.98619
160.55 491.79 -7.90266 -0.401076 1.97689
59.15 461.37 -7.91882 -0.413229 1.86542
84.5 390.39 -10.2559 -0.530439 -0.566088
324.48 359.97 -11.8594 -0.821531 -0.631914
236.6 398.84 -13.0646 -0.597888 -2.12347
236.6 677.69 -7.89208 -0.286305 2.06276
218.01 556.01 -7.88829 -0.3651 2.04435
444.47 32.11 -8.63771 -1.07895 1.75
471.51 47.32 -8.65351 -1.05671 1.78971
425.88 96.33 -8.86915 -1.07082 1.5929
373.49 40.56 -8.63397 -1.06744 1.62768
615.16 277.16 -10.745 -1.09211 1.3636
598.26 221.39 -9.89333 -1.09026 1.58595
588.12 263.64 -10.0097 -0.983386 1.52625
495.17 196.04 -9.50207 -1.06085 1.44191
505.31 265.33 -10.3946 -1.05451 1.07471
60.84 133.51 -8.72055 -0.969292 0.902821
125.06 96.33 -8.54938 -0.963964 1.22565
133.51 346.45 -10.752 -0.749532 -0.839727
163.93 322.79 -11.0422 -0.886405 -0.96563
98.02 343.07 -10.5058 -0.73214 -0.794379
57.46 218.01 -9.16439 -0.921651 0.42211
55.77 270.4 -9.6221 -0.869103 -0.0770144
275.47 285.61 -10.2548 -0.939727 0.251038
280.54 346.45 -11.3806 -0.83192 -0.561993
209.56 278.85 -9.54095 -0.845115 0.575364
241.67 316.03 -10.6982 -0.885193 -0.233502
277.16 229.84 -9.55248 -0.982664 0.773489
319.41 246.74 -9.7376 -0.979092 0.774258
238.29 275.47 -9.9352 -0.919425 0.335603
934.57 459.68 -10.125 -0.482536 2.5282
310.96 437.71 -8.05615 -0.444143 1.98946
731.77 125.06 -9.26105 -1.13861 2.08178
743.6 113.23 -9.12069 -1.10944 2.1348
745.29 136.89 -9.24599 -1.10832 2.11575
91.26 408.98 -9.78766 -0.451419 -0.044552
767.26 371.8 -13.9351 -1.06217 1.47863
973.7 616.2 -9.01741 -0.223097 2.58277
956.8 148.2 -9.64523 -1.20737 2.5424
972.4 32.5 -8.96793 -1.18581 2.54232
741 154.7 -9.46259 -1.14081 2.06391
674.7 123.5 -9.18988 -1.11976 1.97698
733.2 96.2 -9.06356 -1.12583 2.12379
912.6 167.7 -9.57668 -1.14265 2.44803
864.5 172.9 -9.7714 -1.19018 2.32394
898.3 40.3 -8.94012 -1.16744 2.42384
735.8 289.9 -11.3601 -1.15859 1.70519
748.8 322.4 -12.1023 -1.13037 1.63267
651.3 283.4 -10.8004 -1.08275 1.49161
679.9 318.5 -12.1783 -1.14629 1.27301
715 235.3 -10.0885 -1.10364 1.88194
832 306.8 -12.0464 -1.21081 2.04794
858 299 -11.517 -1.16657 2.20986
822.9 351 -13.8261 -1.20457 1.84409
873.6 263.9 -11.0093 -1.20812 2.29049
482.3 375.7 -13.9014 -0.921208 -0.649141
568.1 425.1 -9.86876 -0.505521 1.54956
556.4 377 -14.3331 -0.970215 -0.242606
529.1 444.6 -9.53368 -0.44232 1.57127
161.2 492.7 -7.90534 -0.400098 1.97511
50.7 379.6 -10.2485 -0.557037 -0.741901
326.3 360.1 -12.2232 -0.844604 -0.856346
176.8 382.2 -12.6172 -0.681598 -2.27075
258.7 655.2 -7.91398 -0.297706 2.06409
269.1 691.6 -7.90965 -0.275813 2.07532
236.6 694.2 -7.89675 -0.273996 2.06086
340.6 157.3 -9.10336 -1.03363 1.2644
444.6 32.5 -8.63771 -1.07895 1.75
473.2 52 -8.64926 -1.04849 1.79394
426.4 96.2 -8.86079 -1.06615 1.59684
373.1 40.3 -8.63397 -1.06744 1.62768
356.2 344.5 -11.7862 -0.899376 -0.383101
456.3 258.7 -10.0968 -1.02323 1.03586
332.8 191.1 -9.30079 -1.01145 1.11837
614.9 276.9 -10.745 -1.09211 1.3636
616.2 338 -12.4887 -1.07237 0.82138
599.3 222.3 -9.89333 -1.09026 1.58595
31.2 119.6 -8.6196 -0.962041 0.94103
172.9 102.7 -8.83321 -1.06171 1.05516
213.2 59.8 -8.55848 -1.0229 1.38498
205.4 76.7 -8.54328 -0.988175 1.38607
218.4 80.6 -8.55533 -0.985423 1.40135
54.6 305.5 -10.0422 -0.82247 -0.547498
97.5 343.2 -10.5726 -0.734709 -0.860533
55.9 270.4 -9.6221 -0.869103 -0.0770144
280.8 347.1 -11.507 -0.843521 -0.644851
318.5 341.9 -11.4616 -0.878166 -0.397794
187.2 312 -10.402 -0.86117 -0.267238
245.7 317.2 -10.7223 -0.889974 -0.244189
219.7 338 -11.1731 -0.837426 -0.73459
282.1 230.1 -9.50117 -0.972537 0.825407
319.8 247 -9.76049 -0.981122 0.768053
240.5 234 -9.50505 -0.962301 0.690409
440.7 507 -9.02276 -0.316703 1.61366
312 436.8 -8.00449 -0.445875 2.02361
989.3 380.9 -9.73112 -0.670458 2.63417
744.9 113.1 -9.12069 -1.10944 2.1348
747.5 135.2 -9.22211 -1.10223 2.12337
663 367.9 -14.0888 -1.06247 0.670338
93.6 409.5 -10.0287 -0.453966 -0.278098
491.4 287.3 -9.83629 -0.883841 1.29398
522.6 293.8 -9.91524 -0.880821 1.35803
312 159.9 -9.06789 -1.01793 1.21876
265.2 166.4 -8.97785 -0.978319 1.16981
283.4 163.8 -9.05256 -1.00719 1.15619
258.7 170.3 -8.96741 -0.96711 1.16407
929.5 514.8 -10.0896 -0.334267 2.51531
938.6 280.8 -11.2467 -1.19942 2.5413
936 306.8 -12.4235 -1.279 2.54057
520 365.3 -13.6238 -0.988383 -0.246521
521.3 384.8 -14.7797 -0.927122 -0.718699
211.9 468 -7.91236 -0.419733 2.01178
113.1 65 -8.53217 -1.01043 1.20843
114.4 89.7 -8.51611 -0.963172 1.23244
126.1 96.2 -8.54699 -0.963974 1.22942
971.1 327.6 -13.1572 -1.28565 2.75035
300.3 449.8 -7.96372 -0.435926 2.04503
314.6 477.1 -8.00093 -0.414824 2.03466
222.3 552.5 -7.87887 -0.367272 2.05141
120.9 379.6 -10.6072 -0.588182 -0.755318
240 234 -9.50683 -0.961923 0.693463
972 32 -8.96793 -1.18581 2.54232
876 682 -12.5592 0.652085 2.32527
984 225 -10.6488 -1.2734 2.66314
998 207 -10.3247 -1.24978 2.68299
685 160 -9.44891 -1.12589 1.93799
733 96 -9.1059 -1.14031 2.11483
914 169 -9.57668 -1.14265 2.44803
865 172 -9.7714 -1.19018 2.32394
862 350 -14.0105 -1.22953 2.08759
904 193 -9.83517 -1.15539 2.42319
161 493 -7.9041 -0.399451 1.97687
71 499 -7.88626 -0.388991 1.91322
239 391 -13.04 -0.665987 -2.11227
270 692 -7.92063 -0.272851 2.06949
237 696 -7.88594 -0.276633 2.06792
341 158 -9.10336 -1.03363 1.2644
427 96 -8.86079 -1.06615 1.59684
490 89 -8.88468 -1.08484 1.70859
438 346 -11.7012 -0.906512 0.136548
470 349 -12.4833 -0.968147 -0.0709859
389 297 -10.5073 -0.955166 0.556305
391 189 -9.35567 -1.03662 1.2356
32 120 -8.65818 -0.975571 0.895681
57 306 -10.0209 -0.818052 -0.513665
60 218 -9.16439 -0.921651 0.42211
208 279 -9.93826 -0.91123 0.223949
867 366 -15.1014 -1.24846 2.07662
258 171 -8.96464 -0.966266 1.16502
271 174 -8.97593 -0.964529 1.18418
535 432 -9.80751 -0.482357 1.48
972 498 -9.83393 -0.393936 2.61614
952 340 -13.733 -1.28314 2.65275
24 269 -9.00871 -0.764668 0.507253
495 363 -13.2235 -0.957372 -0.238069
520 365 -13.5937 -0.983871 -0.22289
262 563 -7.91206 -0.35841 2.05997
943 574 -9.72699 -0.216244 2.55265
37 353 -10.1467 -0.653475 -0.718559
973 617 -9.02793 -0.220576 2.58248
584 202 -9.67284 -1.08794 1.6168
600 222 -9.89333 -1.09026 1.58595
891 338 -13.1006 -1.2121 2.30858
563 422 -9.63056 -0.50851 1.61988
446 32 -8.64337 -1.08019 1.74679
427 294 -10.0422 -0.899658 0.982361
241 276 -10.0012 -0.93492 0.296894
682 318 -11.9935 -1.11733 1.31295
282 383 -13.0346 -0.73655 -1.76041
241 54 -8.61498 -1.05312 1.39195
719 249 -10.2876 -1.10557 1.8542
753 231 -10.174 -1.1346 1.97533
206 76 -8.55107 -0.991143 1.38093
654 315 -11.7774 -1.09841 1.23371
623 287 -10.9912 -1.09691 1.31641
322 247 -9.76049 -0.981122 0.768053
96 344 -10.4016 -0.719085 -0.702962
116 348 -10.7211 -0.731595 -0.909429
