1857 182 0.702395 -3.15718 30.7922
1720 496 0.568741 -2.58631 31.0431
1752 575 0.524916 -2.42369 30.8541
1680 622 0.586811 -2.32977 31.255
1650 370 0.498427 -2.8732 31.1868
1441 327 0.483744 -3.25205 32.5249
1886 770 0.576087 -2.08844 30.5635
1717 250 0.652138 -3.13605 31.1897
1652 154 0.574317 -3.38786 31.3074
1165 427 0.0399925 -3.44056 36.1031
606 410 -2.63396 -3.21826 34.0485
337 786 -3.78023 -1.56203 34.0886
1899 697 0.585044 -2.21218 30.5366
1362 308.4 0.472014 -3.50787 33.3667
1748.4 543.6 0.57608 -2.48886 30.9624
286.8 528 -6.12561 -2.91594 37.9163
1513.2 187.2 0.46644 -3.49924 31.861
1688.4 908.4 0.348938 -1.81569 30.7686
1167.6 530.4 0.0604572 -2.82283 36.1398
1711.2 411.6 0.552611 -2.76185 31.0401
1659.6 303.6 0.569058 -3.04475 31.2842
370.8 495.6 -4.43823 -2.97265 35.6614
1561.2 466.8 0.538818 -2.72494 31.7421
1722 91.2 0.556368 -3.41175 30.9788
1276.8 610.8 0.487784 -2.36403 35.0444
486 234 -5.60962 -5.74297 40.1569
598.8 331.2 -4.7231 -4.97643 40.7104
688.8 469.2 -2.30773 -2.96943 34.2367
844.8 193.2 -2.18338 -5.65321 38.7453
458.4 814.8 -3.04338 -1.51968 33.5857
127.2 607.2 -3.01906 -2.33371 31.488
45.6 783.6 -3.01082 -1.947 31.2264
1290 277.2 0.357833 -3.8274 34.1212
1428 212.4 0.461583 -3.63888 32.5759
1740 510 0.577252 -2.55571 30.99
1846.8 498 0.58053 -2.55544 30.6504
1784.4 490.8 0.575643 -2.57949 30.8293
1735.2 266.4 0.583087 -3.05176 30.9927
1136.4 891.6 -0.541671 -1.63665 31.7622
1848 864 0.60065 -1.90701 30.7127
1738.8 619.2 0.57208 -2.33835 30.9909
1686 558 0.552757 -2.46648 31.1556
1740 727.2 0.600847 -2.11897 31.0557
1532.16 806.4 0.311159 -1.91944 31.3814
1686.24 875.52 0.493911 -1.82135 31.0674
1334.88 309.6 0.486162 -3.6331 33.8668
1749.6 542.88 0.57901 -2.48803 30.9626
1427.04 211.68 0.429284 -3.61411 32.4662
1788.48 564.48 0.527843 -2.43603 30.7352
1213.92 342.72 0.288795 -3.89201 35.8974
1761.12 908.64 0.452419 -1.82966 30.7224
1522.08 635.04 0.427807 -2.29086 31.7274
1589.76 744.48 0.411133 -2.06338 31.3031
1529.28 345.6 0.45844 -3.03066 31.7231
1458.72 496.8 0.422 -2.68124 32.152
1634.4 550.08 0.471407 -2.48511 31.2002
1782.72 394.56 0.535826 -2.74855 30.7523
158.4 492.48 -5.69854 -2.97959 35.7347
1203.84 492.48 0.26224 -3.0345 36.0108
1555.2 499.68 0.474506 -2.63462 31.6152
1692 273.6 0.583144 -3.08055 31.1575
1717.92 249.12 0.655004 -3.13841 31.19
1788.48 30.24 0.572074 -3.4475 30.779
1252.8 413.28 0.359806 -3.3469 34.9843
1717.92 123.84 0.502353 -3.31092 30.8963
1163.52 545.76 0.0359651 -2.73446 36.0958
1494.72 252 0.529797 -3.39382 32.1535
1336.32 385.92 0.340003 -3.1965 33.253
1522.08 498.24 0.424327 -2.63871 31.7016
1661.76 751.68 0.505383 -2.05494 31.1741
1370.88 658.08 0.542912 -2.16501 33.6004
1248.48 547.2 0.52425 -2.71859 36.0785
1275.84 565.92 0.454521 -2.57653 34.9377
1277.28 610.56 0.539451 -2.36267 35.3776
370.08 495.36 -4.32626 -2.95383 35.4207
273.6 433.44 -8.17602 -4.09768 41.3511
40.32 318.24 -9.17243 -4.79004 39.4318
404.64 214.56 -6.15305 -5.78492 39.6775
34.56 244.8 -10.2861 -5.81548 40.8564
243.36 207.36 -7.41963 -5.73626 39.4004
694.08 488.16 -2.27804 -2.87705 34.2155
666.72 473.76 -2.39974 -2.94328 34.2222
411.84 633.6 -3.41258 -2.24889 33.929
457.92 548.64 -3.12535 -2.57917 33.7133
335.52 786.24 -3.75862 -1.56752 34.0396
126.72 607.68 -2.94405 -2.34002 31.3711
122.4 727.2 -2.95464 -2.05891 31.3937
892.8 894.24 -1.24628 -1.4151 32.7254
871.2 996.48 -1.2265 -1.34628 31.7803
1386.72 106.56 -0.32771 -3.08759 30.2255
1739.52 509.76 0.574447 -2.55804 30.9872
1686.24 538.56 0.551104 -2.50617 31.1444
1846.08 498.24 0.580015 -2.55132 30.6503
1784.16 491.04 0.574845 -2.57909 30.8293
1722.24 131.04 0.551859 -3.32264 30.9657
1477.44 105.12 0.322868 -3.66338 31.7196
1457.28 195.84 0.447419 -3.58602 32.2349
1149.12 686.88 -0.0389126 -1.93862 36.1574
1877.76 642.24 0.636166 -2.30009 30.6736
1599.84 600.48 0.486247 -2.37757 31.4079
1463.62 266.112 0.440989 -3.36237 32.1691
1710.72 411.264 0.554341 -2.7622 31.0402
1361.66 307.584 0.450933 -3.49706 33.2961
1760.83 872.64 0.453981 -1.88881 30.723
1465.34 366.336 0.435018 -3.06798 32.1644
1639.87 514.944 0.557884 -2.57877 31.3683
1674.43 127.872 0.606005 -3.44399 31.2643
1833.41 869.184 0.569132 -1.9083 30.7026
1684.8 689.472 0.55473 -2.18744 31.1727
1816.13 62.208 0.577537 -3.34906 30.6973
1197.5 535.68 0.397808 -2.85683 37.2899
425.088 495.936 -4.23352 -2.99464 35.8866
385.344 502.848 -4.44954 -2.92529 35.8811
1334.02 475.2 0.477732 -2.92188 33.863
1434.24 290.304 0.58202 -3.45954 32.881
1631.23 184.896 0.489518 -3.29613 31.229
1358.21 228.096 0.433476 -3.78891 33.2729
1650.24 248.832 0.558495 -3.17356 31.291
1301.18 376.704 0.346371 -3.32163 33.8199
1315.01 558.144 0.446177 -2.56998 34.083
1529.28 509.76 0.467463 -2.61986 31.7777
1287.36 286.848 0.419829 -3.86216 34.4819
1361.66 368.064 0.390607 -3.21826 33.0808
1207.87 554.688 0.294949 -2.69972 36.0987
1608.77 701.568 0.409066 -2.16386 31.2017
1245.89 654.912 0.121717 -2.17502 33.844
274.752 433.728 -8.21976 -4.11192 41.4227
400.896 209.088 -5.87748 -5.61764 39.038
91.584 160.704 -7.62258 -5.59477 37.8191
694.656 489.024 -2.27892 -2.87585 34.2146
760.32 141.696 -2.48495 -5.40941 36.8575
822.528 238.464 -2.38511 -5.36248 38.9006
696.384 812.16 -2.14174 -1.52458 33.7624
699.84 563.328 -2.02769 -2.52703 33.2269
1270.08 497.664 0.400299 -2.92509 34.8886
1382.4 463.104 0.552662 -2.92064 33.3942
1195.78 255.744 -0.0898131 -3.86526 33.9507
1173.31 148.608 0.177416 -5.3575 36.7866
993.6 183.168 -0.983141 -5.42277 37.7638
1721.09 539.136 0.557979 -2.49405 31.0173
1688.26 539.136 0.550539 -2.5057 31.1442
1847.23 497.664 0.578875 -2.5527 30.6507
1783.3 492.48 0.573187 -2.57738 30.8316
1722.82 131.328 0.514091 -3.28645 30.8889
1677.89 212.544 0.629051 -3.25705 31.3102
1035.07 934.848 -0.791162 -1.38477 32.3229
1159.49 620.352 -0.00260711 -2.32111 36.1211
1449.79 844.992 0.108047 -1.83225 31.3379
1776.38 661.824 0.581261 -2.25441 30.8797
1662.34 751.68 0.504043 -2.05359 31.1741
1741.82 706.752 0.573636 -2.16326 31.0017
1885.25 770.688 0.553468 -2.09146 30.5217
1420.42 503.885 0.478313 -2.70721 32.7583
1706.57 715.392 0.467462 -2.1615 30.9247
1650.59 248.832 0.568222 -3.17376 31.3158
1758.41 70.5024 0.572905 -3.40343 30.8708
1775 891.648 0.478398 -1.85979 30.7238
1175.73 425.088 0.0947996 -3.46704 36.0767
1225.5 553.651 0.383053 -2.68092 36.0365
1405.9 607.565 0.410802 -2.38053 32.6576
1439.08 705.024 0.398111 -2.08011 32.2884
1522.02 499.738 0.393821 -2.62983 31.5987
1640.22 514.253 0.559542 -2.57877 31.3684
1277.34 346.291 0.36862 -3.59601 34.449
1287.71 288.23 0.419829 -3.86216 34.4819
1366.5 265.421 0.538847 -3.72874 33.5651
1341.62 564.019 0.449197 -2.53703 33.6257
1314.66 557.798 0.431878 -2.57206 34.0106
1206.84 437.53 0.359804 -3.43646 36.5629
1519.95 232.243 0.438925 -3.33188 31.715
1244.16 385.69 0.397487 -3.5605 35.4464
1387.24 578.534 0.485738 -2.48458 33.1825
1455.67 439.603 0.496506 -2.89689 32.4476
1262.82 646.963 0.34073 -2.18868 34.8435
1416.27 669.773 0.562188 -2.14197 33.0938
371.174 495.59 -4.54954 -2.99256 35.9282
273.715 433.382 -8.53242 -4.16775 42.0334
194.918 354.586 -8.68989 -4.74622 40.9065
398.131 209.434 -6.01505 -5.68319 39.2834
70.5024 205.286 -8.82716 -5.69831 39.2566
904.09 294.451 -1.75181 -4.95045 39.1533
694.656 487.296 -2.28575 -2.88983 34.2943
692.583 437.53 -2.28133 -3.12179 34.2312
825.293 143.078 -2.20068 -5.67296 37.6546
466.56 723.687 -3.05433 -1.89053 33.6293
230.17 698.803 -2.93005 -2.10413 31.7731
609.638 615.859 -2.6094 -2.30305 34.1018
1333.32 311.04 0.571139 -3.7038 34.2826
1271.12 414.72 0.457565 -3.35648 35.141
1335.4 476.928 0.435933 -2.89606 33.6676
1264.9 149.299 0.737764 -5.29792 36.6502
1314.66 182.477 0.0279968 -3.63429 32.2269
1161.22 279.936 -0.218238 -3.77867 34.0028
1868.31 308.966 0.532422 -2.85657 30.5008
1721.09 539.136 0.548092 -2.49593 31.0111
1735.6 447.898 0.553151 -2.67957 30.9655
1466.04 367.027 0.388468 -3.02319 31.9742
1648.51 369.101 0.474368 -2.86679 31.1317
1551.05 381.542 0.407597 -2.90355 31.466
1461.89 499.738 0.392839 -2.66962 32.049
1654.73 416.794 0.586489 -2.80092 31.3566
1826.84 213.581 0.677112 -3.11251 30.8487
1522.02 159.667 0.448509 -3.52721 31.7384
1650.59 151.373 0.525209 -3.35878 31.2038
1428.71 213.581 0.423578 -3.59146 32.4162
1565.57 217.728 0.476115 -3.31735 31.5558
1327.1 850.176 0.0972035 -1.6351 32.3859
1007.77 783.821 -0.873264 -1.65945 33.5739
1683.76 829.44 0.424285 -1.93645 30.9132
1737.68 620.006 0.572081 -2.33751 30.9909
1772.93 665.626 0.574858 -2.25828 30.875
1663.03 752.717 0.503389 -2.05629 31.1737
1741.82 707.098 0.574308 -2.16588 31.0003
1808.18 748.57 0.516926 -2.11546 30.6752
1503.36 566.093 0.623299 -2.49215 32.3844
1634.83 184.136 0.489481 -3.29502 31.2248
1395.95 238.879 0.60573 -3.80778 33.4692
1271.53 415.549 0.369702 -3.2945 34.6284
1430.78 567.337 0.419591 -2.48835 32.4134
1488.02 781.333 0.311043 -1.92383 31.6771
1512.9 736.543 0.572648 -1.99282 32.2107
1468.11 704.195 0.450326 -2.09603 32.2008
1316.32 666.87 0.308297 -2.1528 33.4221
1547.74 330.947 0.434776 -3.03965 31.5581
1385.99 572.314 0.485738 -2.48458 33.1825
1244.16 385.69 0.397487 -3.5605 35.4464
1239.18 358.318 0.383248 -3.76086 35.5812
1520.36 231.414 0.476882 -3.36759 31.8458
1485.53 248.832 0.443754 -3.37732 31.9938
1478.06 763.914 0.441698 -1.92091 32.1084
1279 345.877 0.381829 -3.61561 34.5584
1281.48 296.11 0.410112 -3.86117 34.6144
1286.46 629.545 0.408768 -2.27165 34.532
311.04 353.341 -7.62773 -4.78977 41.0579
423.014 497.664 -4.17122 -2.97126 35.6764
223.949 308.552 -7.9154 -5.01307 39.9888
69.673 206.531 -9.12678 -5.8559 39.7062
903.26 296.11 -1.79957 -5.05582 39.6192
505.129 325.97 -5.48979 -4.93512 40.3784
517.571 437.944 -3.02976 -3.09411 34.095
826.122 238.879 -2.59697 -5.76007 40.5018
64.6963 977.91 -2.95494 -1.52354 31.2314
410.573 637.01 -3.33932 -2.23773 33.7892
427.991 788.798 -3.24157 -1.59353 33.7524
49.7664 622.08 -2.97801 -2.30684 31.175
935.608 679.311 -1.37104 -1.86315 37.3294
527.524 584.755 -3.01339 -2.43222 34.1651
609.638 701.706 -2.69147 -1.92947 34.4364
1395.95 348.365 0.448312 -3.2734 32.9076
1373.55 492.687 0.415393 -2.75544 33.0265
1336.23 477.758 0.421026 -2.89946 33.583
1383.51 465.316 0.589188 -2.93513 33.5535
975.422 291.133 -1.19866 -5.27205 40.3565
1264.07 149.299 0.675963 -5.18042 36.2927
1209.32 79.6263 0.224279 -5.3549 35.7048
1288.95 288.645 0.442359 -3.89148 34.651
1408.39 194.089 0.418775 -3.71694 32.603
1316.32 181.647 0.0294642 -3.63804 32.2381
1174.49 144.323 0.177416 -5.3575 36.7866
1652.24 370.76 0.489715 -2.87767 31.1506
1731.87 482.734 0.574601 -2.61369 31.0133
1552.71 383.201 0.428587 -2.90547 31.5128
1460.64 497.664 0.446827 -2.68014 32.2505
1642.29 418.038 0.458566 -2.76333 31.1292
1585.06 435.456 0.468739 -2.7595 31.4106
1721.92 218.972 0.624147 -3.1956 31.1107
1478.06 104.509 0.297927 -3.63795 31.6421
1567.64 218.972 0.453183 -3.30348 31.4942
1139.65 900.772 -0.448953 -1.42386 32.7125
1293.93 731.566 0.00357077 -1.98537 32.5356
1381.02 766.403 0.0787441 -1.96202 31.7843
1069.98 711.66 -0.543737 -1.83532 35.0906
1761.73 873.4 0.460469 -1.88092 30.7349
1689.57 878.377 0.388718 -1.86205 30.8177
1450.69 846.029 0.112643 -1.83226 31.3598
1751.78 542.454 0.48511 -2.48184 30.773
1689.57 539.966 0.554744 -2.50585 31.1433
1831.4 574.802 0.481152 -2.41138 30.5481
1672.15 739.031 0.400953 -2.1195 30.9031
1744.31 706.683 0.578499 -2.16203 31.0016
1809.01 746.496 0.543915 -2.1093 30.7195
1811.5 726.59 0.570672 -2.14681 30.7606
1557.69 641.987 0.430831 -2.27402 31.5065
1436.26 707.678 0.321183 -2.08161 32.103
1621.39 226.935 0.476794 -3.21 31.2479
1636.32 185.131 0.489481 -3.29502 31.2248
1245.16 653.931 0.131516 -2.19618 33.905
1648.26 247.837 0.574421 -3.18784 31.3346
1582.57 316.514 0.454275 -3.04929 31.395
1421.33 770.384 0.114495 -1.95795 31.5537
253.809 830.104 -3.00951 -1.71651 32.0721
185.131 137.355 -5.88793 -5.1873 36.1003
740.524 943.571 -1.64745 -1.38025 32.2197
1263.07 149.299 0.711429 -5.20147 36.418
59.7197 842.048 -3.00039 -1.81946 31.2522
755.454 734.552 -2.07021 -1.7786 34.5309
1173.49 143.327 0.217294 -5.49422 37.1843
1083.91 134.369 -0.409441 -5.41317 36.623
1388.48 170.201 0.241999 -3.63609 32.1581
1313.83 83.6076 0.733448 -5.12666 35.1975
824.132 143.327 -2.09827 -5.43384 36.8931
468.8 235.893 -5.49092 -5.55896 39.4586
1110.79 836.076 -0.473 -1.49103 33.6199
701.706 698.72 -2.26108 -1.91853 34.3716
668.861 480.743 -2.336 -2.90382 34.0187
665.875 453.87 -2.28016 -3.0056 33.7011
701.706 612.127 -2.24629 -2.29898 34.2777
1478.06 104.509 0.327241 -3.66853 31.7236
223.949 307.556 -8.17941 -5.14718 40.4681
1152.59 692.748 -0.121855 -1.95002 35.2105
229.921 698.72 -3.0073 -2.09486 31.9442
609.141 615.113 -2.67884 -2.33848 34.382
1286.96 289.641 0.442359 -3.89148 34.651
1212.31 235.893 -0.0974516 -3.78881 33.4044
68.6776 665.875 -3.00908 -2.2049 31.2913
1531.81 806.216 0.313115 -1.92378 31.38
471.786 624.071 -3.15692 -2.27686 33.9683
161.243 471.786 -5.72372 -3.11194 35.8082
1182.45 609.141 0.126712 -2.39195 36.1263
1167.52 579.281 -0.126395 -2.49042 34.4513
1827.42 758.44 0.530674 -2.10943 30.6444
1806.52 746.496 0.543042 -2.11176 30.7185
1845.34 680.805 0.598117 -2.23144 30.7012
1678.12 1018.22 0.121037 -1.75512 30.3355
1675.14 910.725 0.323052 -1.82326 30.7507
1839.37 235.893 0.533754 -2.98888 30.5837
1176.48 424.01 0.0947996 -3.46704 36.0767
1651.25 370.262 0.489715 -2.87767 31.1506
1761.73 874.893 0.469461 -1.89072 30.7591
1690.07 540.463 0.462097 -2.49405 30.9355
376.234 519.561 -4.52088 -2.85212 35.885
292.626 435.954 -7.43657 -3.8928 40.424
1334.74 477.758 0.468513 -2.91072 33.8312
1606.46 89.5795 0.506615 -3.5882 31.3908
1848.32 498.659 0.576208 -2.5512 30.6381
1782.63 495.673 0.576224 -2.571 30.8267
206.033 516.575 -5.35708 -2.8289 35.6384
274.711 435.954 -8.19388 -4.08399 41.3903
1325.78 277.697 0.480977 -3.80829 33.9896
1313.83 182.145 0.0643119 -3.70794 32.453
1630.35 755.454 0.45755 -2.05687 31.2346
1269.04 489.701 0.330115 -2.90738 34.401
1737.84 277.697 0.521313 -2.98264 30.8681
1719.93 220.963 0.645144 -3.19556 31.1553
1561.67 498.659 0.472165 -2.62667 31.615
1501.95 567.337 0.613962 -2.49264 32.4011
1427.3 212.005 0.452692 -3.63174 32.5195
1358.62 364.29 0.349454 -3.22024 32.9581
1522.85 498.659 0.442717 -2.63175 31.7268
1295.92 579.281 0.482195 -2.51079 34.6733
1239.18 865.936 -0.0627816 -1.48254 32.9544
570.323 122.425 -3.55693 -5.27191 36.2437
1006.87 913.711 -0.878522 -1.33528 32.9392
272.322 304.57 -7.07811 -4.88186 39.2183
698.72 558.976 -2.25168 -2.58645 34.2895
842.048 189.909 -2.20651 -5.63708 38.6777
408.483 634.223 -3.23981 -2.22171 33.496
501.645 240.073 -5.35663 -5.66217 39.8681
483.73 232.907 -5.74838 -5.82699 40.5455
397.733 207.825 -6.43917 -6.06095 40.2366
609.141 612.724 -2.65505 -2.33367 34.3081
666.472 867.13 -1.98286 -1.49646 32.6516
691.554 813.382 -2.17717 -1.50751 33.9586
687.971 483.73 -2.27448 -2.88839 34.1914
68.0805 670.055 -3.04155 -2.21422 31.331
229.324 698.72 -2.99152 -2.10427 31.914
444.315 329.653 -5.7898 -4.77668 39.7104
257.989 591.225 -2.88133 -2.37532 31.7943
222.157 598.391 -2.98729 -2.36771 31.8365
1178.87 605.558 0.126712 -2.39195 36.1263
1171.7 240.073 -0.138717 -4.05484 34.4016
1755.76 68.0805 0.583983 -3.41503 30.8944
247.24 207.825 -7.37199 -5.74406 39.326
354.735 619.89 -3.64405 -2.30684 33.8859
1114.37 953.126 -0.587875 -1.46165 31.7995
1135.87 723.803 -0.15625 -1.7091 36.01
161.243 472.98 -5.72372 -3.11194 35.8082
601.974 404.9 -2.86894 -3.35842 34.8674
766.801 523.145 -2.16972 -2.78897 35.3476
1565.85 859.964 0.323667 -1.83113 31.2342
1805.92 734.552 0.561242 -2.14339 30.7413
1755.76 544.644 0.460932 -2.48138 30.6987
1809.51 257.989 0.52425 -2.9634 30.6354
1791.59 204.241 0.653685 -3.15644 30.8979
376.234 476.563 -4.49155 -3.10781 35.8147
1651.85 369.068 0.489715 -2.87767 31.1506
1734.26 354.735 0.506728 -2.85064 30.8464
1325.78 275.905 0.480977 -3.80829 33.9896
200.658 476.563 -5.81587 -3.18877 36.3535
1175.28 483.73 0.0774377 -3.08459 36.0359
1307.86 426.399 0.44541 -3.1525 34.2731
1207.53 437.148 0.223609 -3.29232 35.4008
1737.84 619.89 0.570477 -2.33594 30.9912
1684.1 627.057 0.575438 -2.32381 31.2225
1698.43 562.56 0.484237 -2.46218 30.9909
1598.1 594.808 0.475305 -2.39329 31.366
1358.03 716.636 0.191877 -2.03324 32.3346
1723.51 125.411 0.555014 -3.34977 30.9904
1522.85 347.569 0.443778 -3.03615 31.7367
1662.6 297.404 0.492979 -2.99555 31.0955
1429.69 211.408 0.452692 -3.63174 32.5195
1522.85 634.223 0.441667 -2.28932 31.7701
1440.44 630.64 0.461716 -2.29153 32.4698
1594.52 483.73 0.547326 -2.66599 31.6001
1526.44 498.062 0.429026 -2.64847 31.6726
1494.19 498.062 0.485142 -2.68586 32.1143
1429.69 426.399 0.476712 -2.94599 32.5553
1232.61 326.07 0.354956 -3.94017 35.5969
1368.78 612.724 0.361931 -2.35142 32.8296
1307.86 630.64 0.42624 -2.27734 34.1975
1347.28 591.225 0.488674 -2.43475 33.7488
1006.87 781.134 -0.879718 -1.5873 34.6451
1264.86 146.91 0.805996 -5.43335 37.0231
920.878 752.468 -1.27501 -1.67753 34.4012
555.393 992.541 -2.00935 -1.37012 31.7151
913.711 802.633 -1.23715 -1.58691 33.5962
254.406 824.132 -2.91937 -1.74862 31.9059
455.064 827.715 -2.94283 -1.53387 33.3114
573.309 125.411 -3.48519 -5.19055 36.0024
906.545 297.404 -1.85388 -5.2111 40.3596
408.483 640.673 -3.34146 -2.2172 33.7593
1074.95 730.969 -0.588584 -1.79331 34.7167
601.975 404.183 -2.71147 -3.29809 34.2658
563.276 412.783 -3.27974 -3.43676 35.5788
1289.95 270.889 1.6869 -5.4624 40.4096
1745.73 709.47 0.558934 -2.16857 30.9574
219.291 206.391 -7.70614 -5.77954 39.5148
1169.55 236.49 -0.22499 -3.885 33.6407
1169.55 494.479 0.0574049 -2.98288 36.097
1470.54 864.263 0.241417 -1.74874 31.5683
374.084 515.978 -4.38234 -2.85298 35.5832
490.179 447.181 -3.13796 -3.07644 34.0774
1401.74 472.98 0.464733 -2.82681 32.9289
1810.22 623.474 0.488518 -2.32913 30.5982
1758.63 563.276 0.570713 -2.44815 30.9251
1062.06 619.174 -0.585859 -2.29266 35.4315
1573.73 748.168 0.315081 -2.07293 31.15
1741.43 275.188 0.62659 -3.04513 31.0744
980.359 322.486 -1.14464 -5.01097 40.6277
1646.83 417.082 0.492257 -2.77798 31.1967
1556.53 339.686 0.433888 -2.99441 31.4633
1681.23 623.474 0.565223 -2.31624 31.2238
1324.34 275.188 0.489133 -3.82805 34.0974
1393.14 245.09 0.631499 -3.80493 33.496
1203.95 490.179 0.243068 -3.05937 35.7191
1466.24 417.082 0.445206 -2.90979 32.1668
1410.34 348.285 0.433314 -3.22375 32.7274
1608.13 90.2962 0.459856 -3.5258 31.2607
1431.84 537.477 0.47861 -2.57807 32.566
1410.34 584.775 0.379126 -2.43835 32.4126
1461.94 726.669 0.407842 -2.02608 32.1029
1423.24 761.068 0.179438 -1.96213 31.7934
1423.24 670.772 0.39259 -2.16805 32.4096
1560.83 498.779 0.472165 -2.62667 31.615
1547.93 434.282 0.429361 -2.75808 31.5186
1724.23 124.695 0.555906 -3.34978 30.9905
1642.53 120.395 0.504714 -3.43951 31.1875
1728.53 270.889 0.568705 -3.04153 30.9706
1724.23 773.967 0.571257 -2.02402 31.0716
1578.03 227.89 0.485294 -3.30362 31.536
1363.04 404.183 0.471634 -3.14622 33.3853
1277.05 343.985 0.290061 -3.53496 34.1188
1281.35 576.176 0.683619 -2.57663 36.054
1530.74 907.262 2.11868 -0.668347 36.2584
1337.24 988.958 -0.009034 -1.36187 31.8383
971.759 288.088 -1.23848 -5.30461 40.4244
988.958 184.892 -1.03339 -5.40937 37.6998
1311.44 85.9964 0.580107 -4.8664 34.5349
1264.15 146.194 0.834933 -5.47783 37.1733
696.57 662.172 -2.18657 -2.13751 34.0978
610.574 696.57 -2.68673 -1.95985 34.4872
528.878 898.662 -2.33095 -1.48926 32.3109
718.07 778.267 -2.16882 -1.59065 34.3497
786.867 937.36 -1.5829 -1.32899 32.6183
223.591 597.675 -2.98729 -2.36771 31.8365
124.695 610.574 -2.95601 -2.33853 31.3777
369.784 662.172 -3.536 -2.12266 33.8392
352.585 619.174 -3.59268 -2.30263 33.7797
455.781 825.565 -2.94283 -1.53387 33.3114
838.465 189.192 -2.20651 -5.63708 38.6777
687.971 485.879 -2.36743 -2.94349 34.5996
395.583 206.391 -6.13978 -5.7754 39.531
223.591 305.287 -8.17941 -5.14718 40.4681
159.093 305.287 -8.77343 -5.14592 40.4748
481.58 305.287 -5.54912 -5.00418 39.9739
335.386 305.287 -6.45124 -4.83167 39.0016
1718.21 407.623 0.500329 -2.74131 30.8832
1645.97 412.783 0.477442 -2.77161 31.1408
1676.93 366.345 0.518818 -2.86969 31.1484
1651.13 366.345 0.471607 -2.87891 31.086
1811.08 748.168 0.540454 -2.11372 30.6975
1744.01 706.89 0.494383 -2.1736 30.8163
1609.85 701.73 0.429205 -2.15964 31.2426
1625.33 877.163 0.409872 -1.80285 31.1657
1754.33 949.4 0.405797 -1.7642 30.6649
1795.6 340.546 0.714429 -2.88571 31.0379
247.67 206.391 -7.34113 -5.76545 39.3439
1486.02 784.287 0.1714 -1.99253 31.2826
1676.93 624.334 0.581887 -2.33303 31.2358
1800.76 505.659 0.571458 -2.5486 30.7735
1805.92 454.061 0.441557 -2.62137 30.5136
1393.14 660.452 0.548207 -2.13779 33.3174
1315.74 665.612 0.413553 -2.1401 33.9769
1558.25 495.339 0.454634 -2.62174 31.5306
1640.81 185.752 0.506292 -3.29843 31.2379
1713.05 123.835 0.555858 -3.34161 30.991
1357.02 294.108 0.645406 -3.72495 34.178
1393.14 242.51 0.691191 -3.88689 33.8356
1418.94 665.612 0.481418 -2.16666 32.7232
1558.25 639.813 0.454487 -2.2749 31.5651
1594.37 588.215 0.547694 -2.39176 31.5645
490.179 438.581 -3.13796 -3.07644 34.0774
1527.3 144.474 0.488181 -3.57445 31.8112
1542.77 118.675 0.444972 -3.60469 31.6113
201.231 515.978 -5.34776 -2.88414 35.6598
278.628 433.422 -8.23401 -4.10137 41.4712
201.231 474.7 -5.62416 -3.12065 36.0387
1264.15 490.179 0.556984 -3.10335 36.0432
1202.23 485.02 0.446838 -3.24636 37.7379
1233.19 428.262 0.400691 -3.39411 35.9557
1692.41 706.89 0.485715 -2.16859 30.9813
1640.81 686.251 0.540959 -2.19858 31.3441
1171.27 459.221 0.0242824 -3.19336 35.4132
1429.26 536.617 0.470961 -2.57577 32.5232
1455.06 438.581 0.5461 -2.89123 32.5661
1279.63 624.334 0.408768 -2.27165 34.532
1228.03 629.493 -0.19919 -2.29552 32.3663
1191.91 583.055 0.16805 -2.45095 35.8086
1491.18 624.334 0.432432 -2.33177 31.9437
1439.58 629.493 0.557649 -2.30315 32.7965
1408.62 583.055 0.360911 -2.4473 32.3879
1506.66 350.865 0.513437 -3.08588 32.0568
1295.11 629.493 0.401921 -2.27541 34.1361
1243.51 417.942 0.273109 -3.28112 34.5251
1573.73 227.03 0.443132 -3.27152 31.4023
1692.41 536.617 0.560255 -2.50508 31.1401
1031.96 954.56 -0.809232 -1.41999 31.9753
1212.55 913.281 -0.202434 -1.40679 32.6225
1795.6 247.67 0.571302 -3.0258 30.7663
995.838 170.273 -1.01986 -5.22868 37.0471
1387.98 170.273 0.234316 -3.64774 32.144
737.849 727.529 -1.8779 -1.9182 33.167
608.854 696.571 -2.66506 -1.95015 34.3487
531.458 577.896 -3.27794 -2.46121 35.0376
753.328 737.849 -2.17636 -1.7397 35.2175
861.684 975.199 -1.27263 -1.3476 32.0075
159.953 681.091 -2.90791 -2.15321 31.4277
221.871 598.535 -2.98729 -2.36771 31.8365
123.835 608.854 -2.95601 -2.33853 31.3777
402.463 660.452 -3.29399 -2.12088 33.6123
407.623 639.813 -3.34146 -2.2172 33.7593
247.67 970.039 -2.9567 -1.36924 31.9366
454.061 820.405 -3.07936 -1.51408 33.6899
686.251 485.02 -2.36743 -2.94349 34.5996
479.86 304.427 -5.54912 -5.00418 39.9739
392.143 206.391 -5.45626 -5.31911 37.8072
376.664 474.7 -4.74114 -3.17226 36.5048
1318.84 712.05 0.203837 -2.02272 33.1449
1560.32 643.941 0.38609 -2.28155 31.3236
1541.74 117.643 0.444972 -3.60469 31.6113
1486.02 798.734 0.25813 -1.91553 31.5309
1424.1 773.967 0.218829 -1.94157 31.9132
1467.44 712.05 0.425884 -2.03389 32.1251
1733.69 619.174 0.58939 -2.33818 31.0513
1560.32 495.339 0.446533 -2.64 31.5238
1523.17 495.339 0.588247 -2.6859 32.1654
1591.28 482.956 0.304707 -2.6052 30.9837
1541.74 433.422 0.4644 -2.77204 31.6976
1399.33 594.407 0.271858 -2.40123 32.1745
1541.74 402.463 0.576511 -2.93488 31.9548
1349.8 396.271 0.502284 -3.17231 33.5484
1331.22 390.08 0.336721 -3.17903 33.1937
1665.58 291.012 0.522095 -3.04058 31.1807
1677.96 229.094 0.773396 -3.31434 31.5877
1616.04 210.519 0.469907 -3.23662 31.2915
1281.69 619.174 -0.450441 -2.32879 30.3787
1424.1 427.23 0.464473 -2.93594 32.5506
1541.74 284.82 0.17365 -2.99242 30.865
1250.73 359.121 0.397609 -3.69459 35.4371
1176.43 352.929 0.0854743 -3.81886 35.9799
1572.7 743.009 0.314519 -2.0688 31.1403
1671.77 903.994 0.341117 -1.80662 30.7928
1102.13 823.501 -0.498665 -1.51774 33.6723
1380.76 792.543 0.192155 -1.82102 32.1058
1405.52 191.944 0.417653 -3.71778 32.6164
1145.47 334.354 -0.114397 -3.97184 35.8901
1337.42 476.764 0.476952 -2.91328 33.897
687.283 631.557 -2.1883 -2.28345 33.861
612.982 612.982 -2.6256 -2.35108 34.1942
216.711 600.599 -3.00135 -2.36963 31.8567
402.463 662.516 -3.64349 -2.10303 34.4424
526.298 582.023 -3.21752 -2.47875 34.832
594.407 315.779 -4.44581 -4.97557 39.5281
829.693 241.478 -2.47892 -5.52838 39.5435
408.655 421.038 -13.0013 -6.1711 55.6056
1426.58 534.966 0.45911 -2.57012 32.434
1396.86 468.095 0.530003 -2.87683 33.2625
1515.74 341.784 0.513437 -3.08588 32.0568
1634.62 178.322 0.525492 -3.31555 31.2151
1441.44 631.557 0.66194 -2.30514 33.1971
1396.86 594.407 0.619298 -2.43714 33.7134
1619.76 520.106 0.45656 -2.5549 31.2239
1634.62 542.396 0.502698 -2.50499 31.2844
1694.06 698.428 0.553698 -2.18144 31.1676
1329.99 393.795 0.336721 -3.17903 33.1937
1367.14 356.644 0.316862 -3.20616 32.6763
1434.01 676.138 -0.0340426 -2.24894 30.9479
1367.14 616.697 0.460298 -2.34866 33.2592
1292.84 631.557 0.404793 -2.28169 34.6201
1404.29 312.064 0.512127 -3.42024 33.0567
1434.01 274.913 0.3839 -3.34608 32.1664
1538.03 824.74 0.238946 -1.91274 31.106
1493.45 817.31 0.215123 -1.9036 31.4023
1552.89 750.439 0.194934 -2.09375 30.9316
1493.45 750.439 0.328926 -2.01646 31.6976
1656.91 289.773 0.52285 -3.0344 31.187
1590.04 260.053 0.399649 -3.13082 31.1745
1233.39 423.515 0.594295 -3.63944 37.5277
1567.75 743.009 0.314519 -2.0688 31.1403
1552.89 921.331 0.599492 -1.51781 32.061
1760.93 876.75 0.473704 -1.89162 30.7582
1151.66 609.267 -0.14109 -2.39489 34.9205
1374.57 750.439 0.102392 -1.97067 31.9232
1396.86 193.182 -0.130285 -3.15635 30.8979
1738.64 267.483 0.511796 -3.01518 30.8233
1107.08 304.634 -0.160539 -4.88517 38.8318
1233.39 312.064 0.507533 -4.19057 36.4281
1173.95 141.172 0.20849 -5.41766 36.8039
609.267 690.998 -2.6429 -1.99092 34.354
683.568 631.557 -2.26964 -2.26451 34.1548
750.439 743.009 -2.22475 -1.6816 35.4871
215.473 601.837 -3.00135 -2.36963 31.8567
401.225 646.418 -3.27588 -2.21313 33.4708
252.623 765.299 -3.0253 -1.86499 32.1042
371.504 787.589 -3.10748 -1.7052 33.0325
676.138 482.956 -2.2921 -2.90676 34.1517
765.299 468.095 -2.0958 -3.08827 34.9265
482.956 326.924 -5.21663 -4.74728 39.2105
364.074 289.773 -5.98728 -4.81548 38.5137
282.343 438.375 -8.55897 -4.17248 42.2499
252.623 416.085 -10.4588 -4.72889 44.9085
1099.65 824.74 -0.598773 -1.73645 32.1035
1595.98 312.064 0.482353 -3.04505 31.3981
1658.4 294.231 0.67185 -3.1459 31.5075
1595.98 258.567 0.484897 -3.18021 31.4648
1658.4 222.903 0.776881 -3.33335 31.724
1613.81 178.322 0.255943 -3.1506 30.8082
1230.42 419.057 0.41297 -3.43867 36.0461
1488.99 748.953 0.501312 -1.96386 32.2353
1453.32 436.889 0.445376 -2.92114 32.203
1399.83 356.644 0.696133 -3.34833 33.638
1399.83 597.379 0.457042 -2.42238 32.8908
1471.16 722.204 0.383124 -2.09922 31.987
1453.32 704.372 0.347035 -2.07456 32.2001
1640.56 543.882 0.50866 -2.51176 31.2492
1373.08 748.953 0.0272718 -1.9927 31.6041
1720.81 775.701 0.563353 -2.0424 31.0656
1239.34 641.96 -0.0820579 -2.27319 32.6752
1319.58 633.043 0.502749 -2.26204 34.6928
1159.09 588.463 0.0603515 -2.57355 37.7475
1533.57 445.805 0.511079 -2.7971 31.8707
1729.72 454.721 0.554033 -2.68661 31.0037
1230.42 312.064 0.607003 -4.37985 37.1424
962.939 347.728 -1.00611 -2.99318 31.4647
1176.93 463.637 -0.0029848 -3.13939 35.1713
1328.5 401.225 0.42607 -3.22468 33.8035
731.121 722.204 -2.14078 -1.84435 34.5812
615.211 668.708 -2.48694 -2.02618 33.709
222.903 695.456 -3.01836 -2.10486 31.8965
401.225 641.96 -3.42058 -2.20783 33.8361
356.644 793.533 -3.39246 -1.63397 33.6007
829.198 178.322 -2.25823 -5.63817 38.3653
695.456 427.973 -2.33189 -3.2214 34.4055
909.443 347.728 -1.57199 -4.15628 36.8401
178.322 294.231 -10.509 -5.88431 43.0981
481.47 329.896 -4.95232 -4.55404 38.1868
410.141 258.567 -4.22822 -4.298 35.7316
517.134 231.819 -4.8138 -5.2509 38.5682
499.302 445.805 -3.11824 -3.08762 34.0864
410.141 472.554 -4.40344 -3.13583 35.9941
