945 397 29.3306 1.96865 1.05442
1101 207 29.0605 1.26308 0.791633
1138 682 28.5935 2.52307 1.60986
910 438 29.3361 2.12937 1.25924
731 683 29.5007 2.87032 1.7349
919 216 29.6323 1.35215 0.844891
587 512 30.2528 2.62208 1.55826
725 307 30.2596 1.80575 0.981213
1182 53 28.8165 1.02779 1.48966
450 348 31.5098 2.24079 1.17634
1210 45 28.7608 1.02096 1.49434
416 372 31.2217 2.34427 1.58717
528 494 30.6622 2.68088 1.40603
533 349 30.7134 2.1406 1.49347
866 203 30.0325 1.23335 0.424078
1236 398 28.5666 1.81391 1.11539
161 185 29.3983 1.98654 3.50106
272 341 31.1135 2.29655 2.29022
501 222 31.3861 1.6374 1.18109
730 462 29.9125 2.35224 1.2955
711 236 30.1288 1.60658 1.38817
485 57 30.7831 1.21058 1.96148
517 465 31.0114 2.64979 1.11714
913 280 29.4734 1.63596 1.18435
897 588 29.1576 2.49826 1.63058
520.8 358.8 30.6314 2.17755 1.6306
878.4 514.8 29.3521 2.3763 1.32722
566.4 279.6 30.1728 1.89394 2.0102
721.2 546 29.476 2.47244 2.0159
819.6 199.2 30.1508 1.27063 0.626514
892.8 396 29.4761 2.00708 1.12668
890.4 393.6 29.4693 2.01117 1.14952
615.6 392.4 30.3653 2.21931 1.40358
534 339.6 30.6816 2.10746 1.54229
627.6 271.2 30.4133 1.78931 1.42716
732 394.8 29.9674 2.12655 1.27241
651.6 326.4 29.9578 1.97272 1.84372
667.2 385.2 30.4562 2.15611 0.967767
642 392.4 30.0316 2.17172 1.70261
870 204 30.0258 1.23521 0.439668
540 368.4 30.3454 2.18398 1.8435
626.4 332.4 30.2321 1.99661 1.58778
744 318 29.8153 1.88693 1.57875
565.2 391.2 30.5363 2.26264 1.47306
565.2 372 30.5535 2.19305 1.47661
668.4 415.2 28.85 2.0935 3.29294
698.4 255.6 30.1793 1.67749 1.36104
422.4 314.4 31.2936 2.11391 1.55306
730.8 462 29.9159 2.3508 1.27756
769.2 340.8 29.8477 1.93129 1.3286
508.8 375.6 30.8329 2.25525 1.4704
517.2 464.4 31.0112 2.64796 1.11671
757.2 434.4 29.9066 2.2509 1.16319
754.8 440.4 29.8421 2.26097 1.28835
687.6 526.8 29.9371 2.57609 1.4371
705.6 474 29.8781 2.3919 1.46835
1243.2 583.2 28.4499 2.27463 1.17828
1219.2 609.6 28.4712 2.27541 1.94217
1186.8 448.8 28.6283 1.97405 1.26511
516.96 417.6 28.9367 2.12424 3.38987
756 279.36 29.2534 1.86731 2.50272
1026.72 279.36 29.153 1.57445 1.09315
396 434.88 30.8138 2.51956 1.94715
588.96 511.2 30.2297 2.61173 1.58563
591.84 504 30.2363 2.59676 1.55895
789.12 442.08 29.7227 2.2313 1.27763
757.44 444.96 29.7818 2.26902 1.36908
938.88 593.28 29.0443 2.47998 1.63643
1195.2 217.44 28.8452 1.16554 0.391085
429.12 406.08 28.5284 2.05768 3.8421
937.44 349.92 29.3209 1.84925 1.23674
892.8 401.76 29.1837 2.0345 1.89277
891.36 393.12 29.3604 2.00422 1.43612
1141.92 285.12 28.8893 1.48794 0.769325
668.16 384.48 29.9826 2.13613 1.64823
642.24 391.68 29.9934 2.17056 1.75977
717.12 348.48 30.062 1.98403 1.31338
753.12 324 29.8951 1.88066 1.36088
770.4 397.44 29.7259 2.09863 1.45481
770.4 375.84 30.0227 2.03587 0.940198
627.84 270.72 30.4138 1.78758 1.42716
753.12 385.92 29.6479 2.07879 1.71986
725.76 360 30.2343 2.01471 0.923435
961.92 421.92 29.119 2.04313 1.53301
483.84 436.32 30.8523 2.50866 1.50761
694.08 427.68 29.9542 2.25254 1.47813
748.8 296.64 30.046 1.77996 1.18481
871.2 210.24 30.0446 1.23632 0.345263
420.48 315.36 31.2968 2.11387 1.55447
416.16 286.56 31.0666 2.01051 1.79956
724.32 469.44 29.8942 2.38383 1.34273
892.8 339.84 29.2475 1.87946 1.80673
901.44 334.08 29.4708 1.81587 1.16201
269.28 341.28 31.116 2.29589 2.29577
457.92 270.72 31.1744 1.91071 1.54459
564.48 391.68 30.5408 2.26154 1.46728
783.36 270.72 29.8964 1.6734 1.25761
711.36 223.2 30.1388 1.55955 1.39443
738.72 267.84 29.9222 1.7204 1.48792
565.92 279.36 30.4031 1.87726 1.74601
588.96 600.48 29.9028 2.76454 1.91663
509.76 375.84 30.3451 2.21141 1.96145
616.32 391.68 30.3847 2.22132 1.37896
887.04 288 29.5638 1.66914 1.15148
694.08 148.32 30.1037 1.37616 1.63608
1164.96 217.44 28.8712 1.27007 0.784086
1245.6 211.68 28.6694 1.21263 0.727752
1006.56 348.48 29.255 1.75879 0.798063
682.56 529.92 29.9243 2.58096 1.47026
660.96 535.68 29.8208 2.5669 1.7617
833.76 396 29.8129 2.05375 0.838859
688.32 527.04 29.9968 2.59801 1.33818
1137.6 682.56 28.5932 2.52243 1.60946
1251.36 636.48 28.4078 2.38304 1.28329
1092.96 532.8 28.7737 2.24778 1.38048
755.136 392.256 29.6309 2.09229 1.74619
779.328 361.152 29.8235 1.97655 1.28378
886.464 468.288 29.38 2.22066 1.30158
1012.61 259.2 29.0643 1.60747 1.62319
1076.54 406.08 29.0005 1.90881 0.744051
428.544 406.08 31.5392 2.5119 1.19604
444.096 198.72 31.5206 1.59649 1.3885
540.864 419.904 30.5633 2.37944 1.54888
373.248 400.896 29.0062 2.13111 3.48424
438.912 305.856 30.7218 2.0555 1.97327
457.92 260.928 31.1601 1.86815 1.54742
680.832 330.048 29.9768 1.96636 1.67928
1029.89 203.904 29.3006 1.24966 0.757065
1104.19 221.184 29.0383 1.30023 0.821646
1124.93 207.36 28.9804 1.25295 0.832572
160.704 183.168 29.397 1.98665 3.5002
753.408 385.344 29.9279 2.08625 1.22745
779.328 309.312 29.886 1.82081 1.24092
781.056 293.76 29.7593 1.77959 1.46384
812.16 482.112 29.5712 2.32787 1.37998
812.16 456.192 29.6686 2.26557 1.19763
893.376 252.288 29.67 1.50089 0.908379
889.92 347.328 29.5063 1.86453 1.13234
884.736 350.784 29.4923 1.88722 1.20711
921.024 196.992 29.8627 1.16485 0.292678
425.088 238.464 31.059 1.82065 1.80738
558.144 257.472 30.4787 1.81826 1.74234
590.976 380.16 30.3465 2.18321 1.57796
644.544 430.272 30.1083 2.30631 1.53976
667.008 414.72 28.8501 2.09315 3.29296
651.456 509.76 29.9946 2.52528 1.57033
717.12 349.056 28.7268 2.02903 3.43759
753.408 323.136 29.8946 1.87967 1.36055
725.76 267.84 29.9057 1.73697 1.61668
774.144 207.36 29.8996 1.49507 1.3916
831.168 266.112 29.7543 1.62915 1.19765
411.264 188.352 31.3778 1.61952 1.68175
590.976 599.616 29.9646 2.78992 1.83465
589.248 551.232 29.8779 2.62099 1.98283
490.752 404.352 31.2478 2.4331 1.12941
361.152 476.928 30.9456 2.69903 1.94926
824.256 226.368 29.6829 1.54631 1.46759
743.04 533.952 29.8125 2.57233 1.26719
832.896 395.712 29.6334 2.05508 1.23543
869.184 487.296 29.5071 2.312 1.06529
839.808 461.376 29.6236 2.26447 1.08592
730.944 514.944 29.4567 2.38809 2.03177
1121.47 369.792 28.8311 1.79223 1.16154
1123.2 518.4 28.775 2.20749 0.916027
1043.71 430.272 28.9068 2.01517 1.57541
986.688 504.576 29.1833 2.27919 0.847344
752.717 466.56 29.8871 2.35193 1.18749
734.055 474.854 29.8849 2.39116 1.29224
721.613 288.23 29.9347 1.8049 1.53276
717.466 325.555 29.9078 1.92221 1.56331
1047.17 228.096 29.1013 1.44011 1.23834
1045.09 201.139 29.2788 1.21129 0.609931
1030.58 203.213 29.321 1.23401 0.683327
1103.16 209.434 29.0449 1.27385 0.837297
481.075 350.438 30.4055 2.15781 2.05076
460.339 356.659 29.8861 2.15048 2.60376
454.118 325.555 30.582 2.10024 2.01962
812.851 481.075 29.6376 2.33873 1.21254
895.795 479.002 29.4049 2.26954 1.13531
1034.73 257.126 29.1676 1.49461 1.03645
437.53 437.53 30.9928 2.55678 1.60094
588.902 439.603 30.3137 2.38835 1.53995
713.318 348.365 29.6119 1.99967 2.03025
887.501 348.365 29.3288 1.89266 1.64826
1125.96 354.586 28.7276 1.82227 1.81446
1188.17 373.248 28.6715 1.77095 1.14601
711.245 234.317 30.1377 1.5971 1.36771
866.765 205.286 30.2876 1.12442 -0.113416
964.224 431.309 29.1815 2.06571 1.27098
416.794 315.187 30.5124 2.09725 2.23493
651.11 497.664 30.2667 2.57972 1.18184
955.93 205.286 29.51 1.30618 0.862826
564.019 277.862 30.4483 1.86856 1.70587
588.902 246.758 30.542 1.72646 1.51475
752.717 267.494 29.7853 1.72673 1.64764
806.63 379.469 29.6444 2.02497 1.40928
827.367 244.685 29.8071 1.56202 1.16872
315.187 244.685 31.1626 1.94736 2.19135
530.842 340.07 30.4396 2.09551 1.79604
441.677 199.066 31.6825 1.57331 1.2591
313.114 414.72 31.629 2.61585 1.70892
617.933 526.694 29.9501 2.57972 1.7866
512.179 375.322 30.8241 2.25155 1.45887
601.344 404.352 30.244 2.25357 1.62449
617.933 389.837 30.374 2.21035 1.37095
632.448 447.898 29.9087 2.33528 1.86124
360.806 474.854 30.9375 2.69617 1.96188
435.456 491.443 30.6247 2.66793 1.88896
902.016 217.728 29.5341 1.45232 1.25141
837.734 325.555 29.4038 1.87644 1.80499
823.219 331.776 29.76 1.84859 1.13
935.194 350.438 29.3629 1.84867 1.12723
680.141 145.152 30.0007 1.43038 1.83447
1200.61 267.494 28.7523 1.4074 0.734659
1204.76 358.733 28.6729 1.68623 0.801269
1206.84 286.157 28.7035 1.49048 0.882919
991.181 288.23 29.2401 1.62984 1.14606
1217.2 170.035 28.7171 1.21146 1.14712
968.371 167.962 29.3439 1.2832 1.27319
860.544 555.725 29.4398 2.53052 1.17126
897.869 586.829 29.1469 2.49091 1.65806
868.839 526.694 29.5695 2.47458 0.816626
897.869 404.352 29.3895 2.03503 1.28034
700.877 423.014 30.0429 2.24507 1.32425
754.791 396.058 29.6319 2.09155 1.74682
729.907 514.253 29.8374 2.51364 1.35122
1152.92 566.093 28.646 2.29886 1.1816
1134.26 659.405 28.6157 2.48093 1.59512
1142.55 439.603 28.7412 1.97732 1.26262
1198.54 522.547 28.6023 2.17745 0.700118
945.562 396.058 29.3354 1.95904 1.05246
562.36 370.76 30.3579 2.17565 1.7223
537.477 418.038 30.3352 2.34296 1.8002
778.844 291.133 29.2188 1.88128 2.47733
880.865 276.204 29.563 1.64719 1.24802
482.734 437.944 30.8984 2.51617 1.46606
467.804 418.038 30.3854 2.3712 2.05435
457.851 358.318 29.5143 2.12276 2.94785
614.615 328.458 30.1177 1.99699 1.8035
826.122 403.108 29.596 2.08704 1.30261
813.681 241.367 29.7002 1.58607 1.45926
823.634 348.365 29.6614 1.93204 1.29837
987.863 201.554 29.5383 1.19615 0.440097
340.9 233.902 31.077 1.88853 2.14242
413.061 288.645 30.7542 2.021 2.06847
437.944 403.108 31.5724 2.50771 1.15806
811.192 395.643 29.735 2.07059 1.17365
564.849 276.204 30.1038 1.89203 2.09954
589.732 246.344 30.9108 1.67085 1.07929
1112.28 320.993 28.8111 1.7258 1.58059
530.012 340.9 30.2817 2.09091 1.97206
594.709 283.669 30.5699 1.84701 1.41558
423.014 236.39 30.9811 1.82716 1.88129
413.061 358.318 30.8937 2.25767 1.87771
440.433 199.066 31.4002 1.61467 1.50101
539.966 527.524 30.1795 2.64782 1.86478
512.594 527.524 30.2873 2.67285 1.85749
604.662 604.662 29.9124 2.78934 1.83243
592.22 599.685 29.9558 2.788 1.83979
619.592 388.178 30.1444 2.18921 1.67189
532.501 465.316 30.2578 2.47502 1.86918
582.267 442.921 30.1373 2.3679 1.80682
447.898 383.201 30.5761 2.28728 1.99809
373.248 480.246 30.8018 2.66829 2.00048
360.806 475.269 30.925 2.68834 1.95647
437.944 490.199 30.4764 2.62152 2.02465
913.214 216.484 29.827 1.27603 0.424613
796.263 316.017 29.6739 1.84104 1.52596
671.846 325.97 30.0151 1.95179 1.65444
748.984 323.482 29.7677 1.89267 1.58836
721.613 286.157 29.6444 1.8404 2.01083
679.311 144.323 30.0573 1.41362 1.778
719.125 196.577 30.2312 1.45668 1.24792
1137.16 216.484 28.9443 1.26687 0.800094
1122.23 206.531 28.9891 1.25829 0.831788
1184.44 266.25 28.7919 1.4132 0.761819
1191.91 216.484 28.4867 1.89781 3.35094
1226.74 308.552 28.5921 1.66905 1.6383
1047.58 226.437 29.101 1.44134 1.23819
1020.21 308.552 29.076 1.71179 1.42774
1157.07 166.717 28.8614 1.23013 1.19407
1102.33 199.066 29.0455 1.26298 0.84227
1129.7 141.834 28.8916 1.26317 1.46082
1097.35 144.323 28.966 1.26167 1.48039
679.311 532.501 29.9338 2.58713 1.48026
651.94 534.989 29.841 2.57044 1.77016
744.008 532.501 29.8008 2.56566 1.28079
905.749 410.573 29.39 2.05237 1.21873
791.286 440.433 29.4409 2.19152 1.81349
659.405 385.69 29.9809 2.15205 1.71174
748.984 385.69 29.5562 2.07356 1.89531
766.403 445.409 29.9333 2.31015 1.00786
1114.77 530.012 28.7714 2.24048 1.14633
1174.49 644.475 28.5404 2.43021 1.53246
1084.91 649.452 28.7109 2.49578 1.60948
1112.28 365.783 28.8561 1.79924 1.15752
1109.79 517.571 28.803 2.22605 0.939639
1040.12 380.713 29.085 1.87983 0.986952
987.863 502.641 29.0451 2.23318 1.43421
1022.7 507.617 28.9106 2.22877 1.55721
647.959 498.659 29.7639 2.44848 1.92437
674.833 486.715 29.918 2.45852 1.59161
713.65 232.907 30.1317 1.59211 1.35235
746.496 217.977 30.0914 1.5109 1.28874
952.529 480.743 29.1859 2.21162 1.25131
606.155 603.169 29.9126 2.79235 1.83347
722.608 197.075 30.3208 1.39439 1.09241
677.818 146.313 29.8779 1.47596 2.01922
901.767 203.047 29.9114 1.20198 0.398714
301.584 459.842 30.7709 2.6037 2.33644
1158.56 167.215 28.8669 1.23348 1.20189
931.627 349.36 29.2722 1.86862 1.43588
492.687 313.528 31.3263 2.03695 1.13778
907.739 412.066 29.3875 2.05006 1.21773
1119.74 621.085 28.6829 2.43181 1.338
934.613 522.547 29.2445 2.36343 1.16783
868.922 525.533 29.4043 2.40251 1.2738
710.664 349.36 29.8992 2.00167 1.58637
671.846 325.472 30.2461 1.93822 1.32017
659.903 286.655 30.119 1.84502 1.6072
1066 459.842 28.9389 2.07918 1.15253
1021.21 459.842 29.0738 2.11484 1.05165
1209.32 283.669 28.7017 1.49625 0.890129
534.491 465.814 30.5622 2.53124 1.51936
970.445 289.641 29.3002 1.64727 1.16977
567.337 316.514 30.1663 2.00193 1.98317
880.865 274.711 29.5675 1.64511 1.2346
555.393 256.795 30.089 1.84231 2.17475
630.043 268.739 30.4221 1.77806 1.41596
621.085 388.178 30.0899 2.18938 1.75523
624.071 489.701 30.2678 2.54143 1.37606
609.141 441.926 30.2328 2.38064 1.55173
743.51 531.505 29.805 2.56806 1.28272
991.347 501.645 29.0396 2.23181 1.45113
1006.28 459.842 29.0525 2.12333 1.20806
827.118 388.178 29.4901 2.03171 1.62431
812.188 394.15 29.841 2.07391 0.96775
827.118 331.444 29.6925 1.85587 1.24753
1131.69 543.449 28.6749 2.23301 1.45551
755.454 391.164 29.8285 2.08144 1.39933
752.468 465.814 29.8837 2.35771 1.18575
1045.09 429.982 29.0554 2.01096 0.943821
1071.97 519.561 28.8878 2.24683 1.11701
701.706 424.01 30.0915 2.26791 1.23749
659.903 418.038 30.1486 2.2674 1.39927
662.889 382.206 30.0134 2.12225 1.62508
827.118 459.842 29.3301 2.21421 1.82782
997.319 223.949 29.3621 1.32942 0.776452
1146.62 283.669 28.879 1.48831 0.781502
456.856 268.739 31.1781 1.89847 1.53414
421.024 238.879 31.3741 1.80205 1.56356
812.188 244.851 29.7278 1.59151 1.41135
845.034 519.561 29.5455 2.43778 1.15485
424.01 406.094 31.5595 2.51522 1.20445
647.959 232.907 30.1951 1.66485 1.64225
743.51 355.332 29.9148 1.98322 1.37211
779.342 307.556 29.7343 1.82515 1.5322
637.806 343.985 30.2871 2.02574 1.43131
842.048 519.561 29.4546 2.40473 1.34052
885.046 404.9 29.453 2.03776 1.22374
1046.29 308.154 29.0828 1.67229 1.11799
1021.21 308.154 29.2082 1.65558 0.847333
591.225 537.477 29.7874 2.55277 2.12043
945.96 354.735 29.2908 1.8464 1.2254
1121.54 207.825 28.9894 1.25666 0.83198
1107.2 207.825 29.04 1.25813 0.840016
1117.95 437.148 28.78 1.99248 1.34268
845.631 429.982 29.5322 2.14765 1.27317
928.044 351.152 29.2722 1.86862 1.43588
892.212 286.655 29.5051 1.69352 1.23378
1028.37 369.068 29.0793 1.85467 1.19131
1132.29 433.565 28.8192 1.94181 0.841872
1100.04 433.565 28.8751 1.98802 1.06452
1125.12 365.485 28.8667 1.76537 1.00843
498.062 501.645 30.3873 2.63212 1.86446
512.395 462.23 29.0323 2.18531 3.28017
422.815 404.9 30.7939 2.40641 1.88818
770.384 566.143 29.4993 2.54541 1.68933
745.302 533.894 29.803 2.56881 1.28193
730.969 476.563 29.6007 2.32409 1.82488
1035.54 555.393 28.9286 2.34834 1.34114
440.731 490.896 30.5844 2.64703 1.90481
677.221 487.313 30.0082 2.46947 1.42303
673.638 333.236 30.2461 1.93822 1.32017
838.464 229.324 29.7955 1.48925 1.13828
895.795 275.905 29.5978 1.59507 1.07081
877.88 275.905 29.5806 1.64466 1.23681
902.962 218.574 29.7768 1.30253 0.553095
1092.87 351.152 29.0394 1.70473 0.597545
480.146 293.821 31.406 1.95153 1.17241
627.057 408.483 30.0624 2.23281 1.72997
580.475 379.817 29.9507 2.17373 2.12017
648.556 268.739 29.8498 1.82197 2.02998
756.051 211.408 30.0584 1.47414 1.24323
1146.62 283.071 28.89 1.48774 0.769785
1103.62 257.989 29.0264 1.41995 0.798808
1114.37 218.574 29.0109 1.29919 0.818565
978.209 268.739 29.3057 1.56553 1.13136
967.459 429.982 29.1536 2.05785 1.39285
992.541 376.234 29.1555 1.89966 1.23254
777.55 308.154 29.854 1.81005 1.30763
720.219 286.655 29.9757 1.79204 1.45803
917.294 591.225 29.1713 2.53427 1.42111
806.216 601.974 29.3746 2.59014 1.69185
673.638 146.91 30.08 1.40651 1.74938
594.808 601.974 29.9178 2.81233 1.83416
675.071 331.086 30.2119 1.9609 1.35411
735.269 395.583 29.9815 2.14732 1.22401
743.869 223.591 29.9138 1.59258 1.4885
838.465 262.289 29.9458 1.56379 0.819471
838.465 227.89 29.4765 1.58857 1.7258
1152.35 283.788 28.8262 1.54612 1.09652
958.859 266.589 29.3344 1.58784 1.20025
950.26 214.991 29.3802 1.4254 1.20717
339.686 146.194 30.763 1.65043 2.43637
791.167 438.581 29.8093 2.22969 1.06268
812.666 386.984 29.7115 2.04434 1.15087
1019.06 305.287 29.1567 1.67111 1.16155
481.58 292.388 31.406 1.95153 1.17241
705.17 227.89 30.0125 1.61392 1.59237
829.865 331.086 29.3434 1.89388 1.92606
1053.46 365.485 29.1118 1.80649 0.6491
1105.05 257.989 28.948 1.48259 1.14861
356.885 472.98 30.4968 2.57747 2.32581
515.978 503.079 30.3035 2.61631 1.86511
511.678 460.081 31.0477 2.63678 1.09372
679.371 485.879 30.0193 2.46623 1.43043
877.163 275.188 29.5463 1.66181 1.27297
877.163 481.58 29.4007 2.26491 1.30795
902.962 468.68 29.4364 2.22183 0.992611
632.073 266.589 30.4073 1.75657 1.38382
653.572 417.082 30.3322 2.27986 1.2029
675.071 382.684 29.893 2.12118 1.75581
761.068 494.479 29.7065 2.41 1.36494
722.369 472.98 29.9085 2.39018 1.35145
442.881 485.879 30.7101 2.63414 1.78056
464.38 219.291 31.22 1.68781 1.5196
1040.56 554.677 28.9195 2.33338 1.23956
627.773 404.183 29.9168 2.21034 1.90666
945.96 477.28 29.3199 2.22317 0.870763
1195.35 365.485 28.6708 1.75741 1.13602
954.56 507.379 29.1666 2.28765 1.29154
743.869 533.177 29.7385 2.55421 1.42554
765.368 206.391 30.0935 1.43941 1.12554
868.563 348.285 29.5457 1.87687 1.27499
601.975 601.975 29.8571 2.76249 1.9224
589.075 193.492 30.4066 1.55231 1.70796
619.174 322.486 30.3256 1.98263 1.49597
639.813 345.705 30.2774 2.03088 1.42478
897.802 165.113 29.5204 1.30036 1.32973
856.524 232.19 29.7533 1.45963 1.02967
872.003 464.38 29.5048 2.2408 1.14302
1114.51 340.546 28.9424 1.67274 0.773051
1068.07 335.386 29.0299 1.71114 1.01329
423.102 469.54 30.571 2.5754 2.00763
639.813 237.35 29.8867 1.74677 2.06575
629.493 268.309 30.419 1.76678 1.4234
624.334 490.179 30.511 2.60638 1.0138
1114.51 273.468 28.96 1.47996 0.846991
567.576 397.303 30.5508 2.28754 1.45372
1037.12 423.102 29.0215 2.01497 1.17657
1016.48 417.942 28.9495 2.00237 1.6345
990.678 376.664 29.193 1.8997 1.03754
701.73 423.102 30.1073 2.25769 1.1608
794.606 397.303 29.802 2.08714 1.10446
794.606 288.948 29.8415 1.74722 1.28911
779.127 232.19 29.8858 1.55955 1.35116
1016.48 505.659 29.0632 2.24679 1.05609
939.08 479.86 29.2941 2.23682 1.02258
959.719 412.783 28.9763 2.01852 1.95589
1114.51 402.463 28.9005 1.87283 0.758442
1052.6 577.896 28.9614 2.4332 0.754344
933.921 510.818 29.2545 2.31322 1.21911
1109.35 531.458 28.7889 2.25204 1.02487
748.168 438.581 29.7019 2.23417 1.60625
737.849 386.984 29.7626 2.08655 1.61893
820.405 593.375 29.3425 2.55131 1.71255
1114.51 206.391 28.9969 1.25887 0.83251
944.24 350.865 29.2907 1.85486 1.25409
1150.63 283.788 28.8712 1.48468 0.790188
536.617 433.422 30.5845 2.42284 1.537
593.375 603.694 29.9389 2.78776 1.84025
521.138 526.298 29.7726 2.49628 2.41634
356.025 474.7 30.9613 2.71329 1.97351
588.215 196.072 31.2433 1.39212 0.804753
546.937 257.989 30.0985 1.85264 2.19773
520.106 501.531 30.3049 2.6227 1.86048
612.982 439.613 30.1786 2.36399 1.62863
650.133 377.696 30.5047 2.14383 1.03212
656.324 445.805 30.161 2.37651 1.32985
761.584 241.478 29.8998 1.63793 1.39274
1015.45 501.531 29.0698 2.23894 1.06156
996.87 377.696 29.1581 1.88793 1.22466
1052.6 291.012 29.0667 1.61087 1.09897
631.557 266.245 30.4207 1.74312 1.38523
1108.32 526.298 28.7372 2.23135 1.53753
451.997 284.82 31.5561 1.95112 1.2223
1139.28 421.038 28.6398 1.94929 1.98546
1052.6 421.038 28.9861 1.99222 1.25324
749.2 433.422 29.9691 2.2616 1.07107
792.543 458.189 29.5101 2.2581 1.70431
829.693 390.08 29.3592 2.03632 1.82763
755.392 563.448 29.5282 2.56398 1.6931
724.433 513.914 29.8257 2.51165 1.3853
984.486 198.136 29.2905 1.36629 1.22971
1151.66 297.203 28.9053 1.50502 0.670513
402.463 464.38 29.1763 2.22459 3.3097
352.929 470.572 30.9342 2.69975 1.96591
526.298 216.711 30.1475 1.73648 2.26208
619.174 321.97 30.4544 1.92917 1.40285
676.138 520.106 29.8343 2.52565 1.68523
705.858 282.343 30.024 1.78689 1.44005
936.191 475.526 29.3477 2.23766 1.00071
1010.49 304.634 28.92 1.75925 2.07291
1032.78 200.612 29.2317 1.28439 0.90772
951.051 282.343 29.3449 1.6307 1.17782
913.901 282.343 29.4692 1.63124 1.19054
995.632 378.934 29.1435 1.90462 1.22991
1121.94 408.655 28.7621 1.9181 1.59107
1107.08 527.536 28.8039 2.21095 0.92243
735.579 386.365 29.9196 2.14745 1.27364
720.718 512.676 29.8298 2.52558 1.38857
1107.08 208.042 29.0176 1.25369 0.831452
988.202 267.483 29.385 1.53081 0.769893
661.278 148.602 29.8709 1.51123 2.09344
847.03 326.924 29.6913 1.84719 1.15077
847.03 260.053 29.5784 1.62584 1.42056
601.837 378.934 29.304 2.10674 2.82855
549.826 371.504 30.1839 2.15584 1.97899
512.676 505.246 30.6443 2.7045 1.45094
349.214 475.526 30.9675 2.70984 1.97582
438.375 349.214 29.0515 2.09468 3.39296
616.697 319.494 30.7009 1.93852 1.02615
1016.44 499.302 29.0731 2.23985 1.0636
463.637 499.302 30.47 2.64956 1.89821
873.778 401.225 29.4915 2.05035 1.25522
864.862 347.728 29.5532 1.87036 1.27781
855.946 320.98 29.8001 1.74535 0.77681
499.302 231.819 30.1273 1.81264 2.33554
954.023 410.141 29.3072 2.004 1.13428
677.624 383.392 29.9739 2.11478 1.60655
686.54 534.966 29.9952 2.57348 1.39819
722.204 517.134 29.8418 2.50839 1.39638
641.96 508.218 30.1267 2.58949 1.45422
1105.6 205.07 29.0269 1.26725 0.829951
989.688 267.483 29.2037 1.56959 1.16304
1061.02 285.315 29.0457 1.61975 1.19411
757.869 249.651 29.8234 1.6736 1.59924
695.456 196.154 29.6517 1.64135 2.21863
855.946 213.987 29.6413 1.45839 1.43734
757.869 303.148 28.8069 1.97174 3.24332
641.96 267.483 30.2834 1.77686 1.54924
820.282 303.148 29.8589 1.7312 0.9166
570.631 436.889 30.158 2.35532 1.83992
410.141 490.386 30.6919 2.68124 1.92533
615.211 543.882 29.9519 2.64342 1.82936
633.043 490.386 30.3983 2.56789 1.14213
285.315 463.637 30.7277 2.60187 2.394
633.043 240.735 30.6828 1.61816 1.0777
410.141 285.315 30.8712 2.00745 1.99969
