171 644 12.5209 1.67182 8.84069
91 598 12.459 1.43252 9.31788
157 543 12.5559 1.36943 8.95911
1106 360 10.2501 0.41941 9.12645
153 605 12.4897 1.51791 9.02098
990 545 10.3186 0.927269 8.70164
255 202 12.6112 0.369048 8.77382
1136 518 10.1995 0.770154 9.28538
79 306 12.5111 0.769763 9.50229
368 305 12.8485 0.522954 7.31941
221 260 12.5997 0.567651 8.89915
367.2 280.8 12.938 0.402702 7.17493
1176 392.4 10.2032 0.497266 9.38663
295.2 369.6 12.7577 0.869233 8.03148
219.6 213.6 12.6312 0.434274 8.9126
217.2 204 12.6398 0.417404 8.91533
1178.4 135.6 10.3049 -0.00886881 9.43587
178.8 260.4 12.5559 0.603459 9.15056
256.8 187.2 12.6327 0.318403 8.74918
123.6 66 12.5163 0.238693 9.53905
262.8 273.6 12.5481 0.573012 8.74853
466.8 325.2 13.5336 0.340917 3.65394
290.4 416.4 12.6416 1.02685 8.21126
399.6 247.2 12.9534 0.178447 6.84405
831.6 226.8 10.7695 -0.402487 6.48855
1057.2 144 10.3742 -0.161449 8.88205
343.2 200.4 12.8103 0.157354 7.85125
58.8 441.6 12.4378 1.05224 9.56133
249.6 54 12.6725 -0.0530625 8.87704
102 177.6 12.5015 0.489382 9.53374
193.2 217.2 12.6044 0.478238 9.05781
187.2 206.4 12.6245 0.455685 9.06573
1048.8 182.4 10.3587 -0.0723842 8.80586
561.6 441.6 12.0218 1.0413 6.17503
444 282 13.3723 0.122263 4.93421
441.6 481.2 13.4602 1.72184 3.70397
248.4 327.6 12.5528 0.74397 8.76472
40.8 216 12.4385 0.613622 9.7416
165.6 204 12.6125 0.470605 9.1664
98.4 332.4 12.458 0.818044 9.49911
241.2 103.2 12.6016 0.126197 8.97305
207.6 55.2 12.6222 0.0539319 9.12276
255.6 58.8 12.6782 -0.04695 8.83778
223.2 146.4 12.6628 0.24829 8.90951
99.6 49.2 12.5017 0.236037 9.62506
50.4 159.6 12.4541 0.497258 9.73676
100.8 138 12.5199 0.402619 9.54192
405.6 166.8 13.1636 -0.320963 6.49972
408 139.2 13.1277 -0.440731 6.62725
172.8 532.8 12.5503 1.3514 8.91174
135.6 544.8 12.513 1.34799 9.12112
172.8 666 12.5391 1.75508 8.77408
127.2 674.4 12.4734 1.68247 9.09536
78 516 12.3898 1.20285 9.51857
338.4 541.2 12.8732 1.68678 7.00148
937.2 75.6 10.5946 -0.652252 8.06562
909.6 38.4 10.5258 -1.53831 6.40289
660 135.6 12.0448 -1.2896 4.71141
753.6 182.4 11.2671 -1.00277 4.95113
1238.4 258 10.1987 0.239459 9.52407
948 540 10.3987 0.944183 8.59035
946.8 498 10.4263 0.826759 8.63138
1118.4 660 10.1741 1.06869 9.26397
223.2 231.84 12.5994 0.492022 8.9155
252 205.92 12.6163 0.37974 8.77425
86.4 293.76 12.5385 0.741791 9.45461
984.96 381.6 10.3581 0.472902 8.51576
1113.12 110.88 10.3364 -0.178323 9.12454
129.6 162.72 12.4965 0.42981 9.47836
398.88 247.68 13.0687 0.146858 6.5811
184.32 587.52 12.5348 1.51931 8.81197
257.76 77.76 12.6854 -0.0138971 8.79395
394.56 488.16 13.2471 1.63165 5.35499
959.04 201.6 10.4916 -0.115784 8.37598
126.72 90.72 12.527 0.281055 9.49128
256.32 302.4 12.5543 0.668171 8.741
256.32 293.76 12.5715 0.637768 8.73674
272.16 141.12 12.7116 0.131431 8.59659
319.68 167.04 12.8225 0.086028 8.04418
319.68 192.96 12.8346 0.164811 8.00263
266.4 260.64 12.5487 0.53234 8.75202
370.08 459.36 12.8215 1.2713 6.9573
430.56 233.28 13.3181 -0.127767 5.52148
455.04 378.72 13.7852 0.840774 2.89223
699.84 345.6 11.2813 0.43398 7.43238
282.24 401.76 12.6435 0.976451 8.29925
205.92 205.92 12.6338 0.431119 8.96533
187.2 205.92 12.6233 0.452598 9.06679
374.4 413.28 13.2219 1.09874 6.03113
446.4 449.28 13.4556 1.43886 3.76833
257.76 188.64 12.6305 0.322141 8.74902
348.48 218.88 12.8258 0.212896 7.74757
342.72 200.16 12.8394 0.146937 7.78995
423.36 260.64 13.1981 0.106363 5.87342
715.68 290.88 11.567 -0.626006 1.70334
1087.2 128.16 10.3476 -0.174539 8.99295
825.12 239.04 10.781 -0.356423 6.40987
812.16 243.36 10.8389 -0.421406 5.9292
218.88 259.2 12.5906 0.570758 8.92653
184.32 286.56 12.6212 0.66788 8.99192
54.72 342.72 12.4401 0.84925 9.63126
113.76 299.52 12.5037 0.732984 9.41124
207.36 54.72 12.6167 0.0559139 9.13345
214.56 118.08 12.6612 0.183698 8.98727
524.16 197.28 13.6524 -1.1193 2.35173
450.72 201.6 13.3595 -0.424297 5.20322
347.04 146.88 12.8959 -0.104323 7.73084
36 544.32 12.4309 1.26689 9.563
164.16 573.12 12.4797 1.42896 9.01971
145.44 640.8 12.4881 1.61362 9.02225
218.88 427.68 12.5181 1.04172 8.87017
293.76 370.08 12.7241 0.864489 8.10326
509.76 652.32 11.727 1.7294 7.95089
485.28 475.2 13.4013 1.71799 2.56355
696.96 262.08 11.9563 -1.3277 -0.505632
665.28 256.32 12.3452 -1.22209 0.0294777
760.32 228.96 11.1544 -0.618235 5.18782
649.44 302.4 12.7147 -0.877141 -2.33224
937.44 76.32 10.5879 -0.678193 7.99041
659.52 135.36 11.9823 -1.19813 5.07282
1146.24 272.16 10.2543 0.237576 9.27393
789.12 374.4 10.8741 0.451613 7.01121
992.16 682.56 10.2758 1.27112 8.81967
293.76 371.52 12.7629 0.871477 8.02484
266.112 368.064 12.6967 0.86435 8.34536
319.68 492.48 12.6905 1.35229 7.73834
388.8 247.104 12.9193 0.210845 7.06558
380.16 520.128 13.185 1.79734 5.65763
402.624 298.944 12.7819 0.453783 7.07977
717.12 340.416 11.1999 0.402185 7.51635
326.592 260.928 12.7049 0.434326 8.07822
445.824 449.28 13.4138 1.43655 3.89737
317.952 355.968 12.7119 0.791461 7.97743
423.36 260.928 13.2409 0.0995355 5.75466
445.824 243.648 13.4752 -0.183383 4.77594
314.496 224.64 12.8017 0.302649 8.05034
283.392 516.672 12.6802 1.41489 8.02434
288.576 502.848 12.6845 1.36471 7.99343
259.2 492.48 12.698 1.31709 8.19902
342.144 200.448 12.7869 0.162029 7.90985
407.808 407.808 13.2004 1.05279 5.60517
378.432 409.536 12.9822 1.04128 6.58904
380.16 359.424 12.9842 0.775511 6.70456
428.544 343.872 13.4191 0.590606 4.82227
812.16 243.648 10.8479 -0.299363 6.54005
876.096 207.36 10.6764 -0.256898 7.56516
219.456 259.2 12.5946 0.567916 8.91952
224.64 233.28 12.6 0.492921 8.91551
198.72 338.688 12.5699 0.787833 8.971
260.928 336.96 12.6178 0.765763 8.56048
297.216 278.208 12.6872 0.538756 8.29331
91.584 300.672 12.526 0.7508 9.45016
41.472 281.664 12.4599 0.735264 9.68256
114.048 298.944 12.5103 0.73183 9.40489
207.36 53.568 12.6114 0.0545654 9.14181
331.776 112.32 12.974 -0.217784 7.76788
84.672 95.04 12.4996 0.341861 9.63176
100.224 48.384 12.5043 0.235015 9.62436
60.48 50.112 12.4487 0.302201 9.77763
50.112 158.976 12.4465 0.496496 9.74588
108.864 177.984 12.4802 0.492498 9.5457
634.176 200.448 12.431 -1.22243 2.77619
599.616 203.904 12.7851 -1.13118 2.68539
592.704 126.144 12.7729 -1.56119 3.81698
407.808 138.24 13.137 -0.460372 6.62848
210.816 584.064 12.5806 1.55541 8.60154
86.4 546.048 12.4689 1.30871 9.35466
36.288 544.32 12.4308 1.26746 9.56296
174.528 532.224 12.5643 1.35661 8.8756
41.472 658.368 12.3382 1.47594 9.59242
101.952 627.264 12.4585 1.51058 9.24952
145.152 641.088 12.4806 1.60603 9.03612
58.752 440.64 12.4346 1.0481 9.56853
95.04 388.8 12.5278 0.948426 9.36554
150.336 432 12.5202 1.04638 9.15793
138.24 440.64 12.5195 1.075 9.18944
525.312 580.608 11.9268 1.69186 6.92452
637.632 597.888 11.3247 1.5325 7.51319
511.488 648 11.6867 1.68716 8.09366
430.272 535.68 12.794 1.79479 5.82818
404.352 670.464 11.9685 1.74743 8.40685
537.408 525.312 12.3035 1.72708 4.98656
492.48 480.384 13.4231 1.80952 2.05301
589.248 456.192 12.8466 1.52232 -0.391958
345.6 490.752 12.8737 1.42762 7.03117
393.984 470.016 13.0331 1.41097 6.0662
696.384 262.656 12.0062 -1.38769 -0.909535
727.488 259.2 11.371 -0.615957 3.91546
791.424 214.272 10.9806 -0.587429 5.80678
848.448 176.256 10.7637 -0.543635 6.96504
870.912 162.432 10.6985 -0.549039 7.19746
751.68 53.568 11.2995 -0.864263 7.51897
682.56 174.528 11.8021 -1.00249 4.85586
753.408 181.44 11.3095 -1.0882 4.61508
1159.49 250.56 10.2587 0.191188 9.3196
1140.48 330.048 10.2578 0.363237 9.29366
1206.14 286.848 10.2313 0.29285 9.49335
1016.06 219.456 10.4308 0.0438201 8.81952
1178.5 145.152 10.3063 0.00490355 9.43904
933.12 618.624 10.3828 1.18503 8.53698
819.072 383.616 10.6906 0.438827 6.58073
696.384 392.256 11.2501 0.635778 7.56931
1118.02 537.408 10.201 0.818106 9.21707
1230.34 578.88 10.1452 0.840579 9.56889
946.944 646.272 10.3597 1.23369 8.65225
1187.14 373.248 10.2042 0.456138 9.41912
1156.03 456.192 10.2481 0.637116 9.43673
988.416 421.632 10.3763 0.586142 8.69932
1050.62 521.856 10.2387 0.822072 8.89484
429.235 344.218 13.2343 0.602014 5.36415
296.525 277.862 12.7342 0.532205 8.20936
267.494 261.274 12.5492 0.53249 8.75231
348.365 217.728 12.8356 0.205263 7.73408
342.144 199.066 12.851 0.138639 7.76399
445.824 306.893 13.3689 0.287421 4.78515
205.286 265.421 12.6092 0.589532 8.97007
188.698 215.654 12.5768 0.484275 9.12513
313.114 223.949 12.8191 0.300309 8.01835
250.906 327.629 12.5527 0.744622 8.76467
261.274 335.923 12.6475 0.765387 8.50278
45.6192 242.611 12.4665 0.654714 9.685
39.3984 215.654 12.4421 0.609564 9.74392
91.2384 300.672 12.5249 0.753827 9.4519
41.472 279.936 12.4586 0.734991 9.68244
114.048 298.598 12.5138 0.731703 9.40348
331.776 111.974 13.0153 -0.23602 7.67864
199.066 163.814 12.5661 0.35349 9.14065
60.1344 47.6928 12.4736 0.287524 9.75893
101.606 138.931 12.5171 0.401929 9.53966
130.637 159.667 12.5047 0.426112 9.45429
630.375 265.421 12.4144 -0.644071 2.33365
582.682 246.758 12.9701 -0.758973 2.21364
420.941 211.507 13.1677 -0.152346 6.13179
350.438 304.819 12.865 0.536007 7.45619
485.222 288.23 13.6599 -0.0696354 3.00841
588.902 159.667 12.7167 -1.24696 3.84539
593.05 126.49 12.7585 -1.53936 3.8996
360.806 178.33 12.9153 -0.0167868 7.54524
286.157 599.271 12.6548 1.76723 7.88355
39.3984 568.167 12.4181 1.3206 9.55386
103.68 551.578 12.4505 1.32507 9.33208
174.182 532.915 12.559 1.35399 8.88063
101.606 626.227 12.4596 1.51405 9.24919
132.71 607.565 12.4871 1.50929 9.10068
244.685 420.941 12.568 1.03672 8.63629
284.083 445.824 12.7097 1.15418 8.08241
58.0608 439.603 12.4322 1.04553 9.57585
95.3856 389.837 12.5295 0.947333 9.36476
138.931 439.603 12.5388 1.07447 9.15549
143.078 387.763 12.5548 0.941177 9.16486
70.5024 501.811 12.427 1.18267 9.50275
537.062 524.621 12.3009 1.72405 5.01256
522.547 605.491 11.9247 1.82647 6.85705
489.37 479.002 13.3281 1.75423 2.62166
360.806 414.72 12.8803 1.06239 7.03133
391.91 470.707 13.0475 1.41837 6.02405
458.266 476.928 13.4547 1.72402 3.19127
831.514 226.022 10.7699 -0.371104 6.63607
665.626 257.126 12.3635 -1.28358 -0.3088
736.128 257.126 11.2928 -0.543374 4.37633
790.042 215.654 10.9843 -0.460948 6.408
682.214 344.218 11.3895 0.42906 7.1329
646.963 300.672 13.0119 -1.01288 -3.90106
937.267 76.7232 10.5889 -0.653445 8.02412
858.471 170.035 10.7635 -0.409405 7.58323
816.999 190.771 10.8785 -0.554204 6.61128
870.912 161.741 10.7034 -0.511685 7.36291
779.674 70.5024 11.1775 -0.904299 7.22463
752.717 180.403 11.2643 -0.987285 5.05822
962.151 269.568 10.4747 0.121491 8.47085
1016.06 217.728 10.4223 0.0305002 8.77352
1045.09 207.36 10.4001 0.0312601 8.94202
1177.8 145.152 10.305 0.00579709 9.43886
1072.05 107.827 10.3788 -0.228711 8.95216
839.808 555.725 10.5406 1.18966 7.46875
875.059 578.534 10.4977 1.15874 8.18099
933.12 617.933 10.3626 1.1991 8.40984
692.583 564.019 11.1244 1.35609 7.53128
731.981 460.339 11.0463 0.886147 7.58584
1140.48 543.283 10.1877 0.817852 9.29804
1208.91 568.167 10.1505 0.833555 9.51521
1125.96 617.933 10.21 0.964308 9.34518
945.562 580.608 10.3606 1.07543 8.47904
987.034 555.725 10.2813 0.976732 8.54173
945.562 644.89 10.3575 1.23529 8.61232
1155 456.192 10.243 0.635546 9.41669
1067.9 364.954 10.2849 0.430455 8.96371
1049.24 520.474 10.2417 0.821336 8.91747
938.097 74.6496 10.5912 -0.654086 8.03989
637.01 594.709 11.3329 1.53105 7.45892
751.473 52.2547 11.2984 -0.890511 7.43892
681.8 171.694 11.9564 -1.33657 3.61174
656.917 136.858 12.0377 -1.23873 4.87544
194.089 656.917 12.5205 1.74837 8.71145
169.206 432.968 12.5921 1.05727 8.98536
139.346 437.944 12.5246 1.06815 9.17773
141.834 388.178 12.5021 0.937776 9.25717
694.241 564.849 11.1353 1.36437 7.41022
811.192 194.089 10.8968 -0.526704 6.5902
691.753 261.274 12.0665 -1.41761 -1.13805
659.405 263.762 12.6732 -1.45868 -2.36128
980.398 77.1379 10.4488 -0.648336 8.09647
59.7197 437.944 12.4322 1.04553 9.57585
94.5562 388.178 12.5291 0.950555 9.36555
910.725 186.624 10.6179 -0.206922 8.10168
870.912 159.253 10.7124 -0.51167 7.39445
681.8 627.057 11.1211 1.57661 7.6169
1216.79 502.641 10.1344 0.711265 9.47319
559.872 243.855 13.1679 -0.704559 2.48105
1082.42 597.197 10.2539 0.959465 9.23849
59.7197 47.2781 12.4847 0.279378 9.74535
582.267 246.344 12.9304 -0.728341 2.37297
632.033 201.554 12.4538 -1.19259 2.81705
599.685 201.554 12.8387 -1.18364 2.42406
102.021 552.407 12.4513 1.32523 9.33223
943.073 641.987 10.3524 1.24331 8.56153
1065 669.358 10.199 1.15988 9.0562
758.938 228.925 11.1548 -0.653286 5.00456
1107.3 579.779 10.2051 0.90789 9.20032
1117.26 534.989 10.2003 0.816685 9.20726
875.889 577.29 10.5023 1.15245 8.22853
1179.46 144.323 10.3066 0.00705463 9.43895
261.274 335.923 12.6574 0.763249 8.4876
159.253 353.341 12.5669 0.851083 9.11022
121.928 355.83 12.4648 0.854112 9.41131
335.923 72.1613 12.8634 -0.301427 8.03154
174.182 532.501 12.5644 1.36029 8.86344
383.201 174.182 13.0078 -0.139948 7.11492
460.339 475.269 13.4875 1.74611 3.08838
987.863 557.384 10.2817 0.974524 8.54138
129.393 159.253 12.4922 0.430676 9.4867
238.879 99.5328 12.6737 0.0943012 8.87031
248.832 52.2547 12.6725 -0.0604655 8.8787
206.531 52.2547 12.6072 0.0620574 9.15613
368.271 301.087 12.8961 0.511605 7.21344
57.2314 343.388 12.4085 0.848779 9.67178
114.463 296.11 12.5142 0.731999 9.40531
106.998 176.671 12.5026 0.481741 9.52168
49.7664 156.764 12.4464 0.495243 9.74619
1142.14 368.271 10.2369 0.44737 9.27267
940.585 373.248 10.4788 0.457453 8.38352
385.69 462.828 13.0789 1.37982 6.0128
420.526 211.507 13.2847 -0.185487 5.79184
940.585 161.741 10.5462 -0.291961 8.17308
950.538 154.276 10.5424 -0.274201 8.33527
186.624 213.996 12.6052 0.46725 9.10073
131.881 238.879 12.512 0.596519 9.38942
171.694 669.358 12.5131 1.74947 8.82067
189.112 609.638 12.5374 1.58993 8.77649
465.316 370.76 13.6605 0.756957 3.13459
209.019 584.755 12.5728 1.56099 8.62658
696.73 345.877 11.351 0.403184 6.87279
644.475 301.087 12.7151 -0.84781 -1.93196
323.482 418.038 12.7783 1.06477 7.66099
1002.79 253.809 10.3994 0.0917625 8.59977
405.596 408.085 13.1022 1.05626 5.8947
467.804 320.993 13.3206 0.349626 4.35558
445.409 281.18 13.4432 0.0990613 4.68955
933.12 617.103 10.37 1.19142 8.48754
751.473 179.159 11.287 -1.03465 4.90114
592.22 126.904 12.717 -1.4876 4.07693
559.872 199.066 13.2207 -1.12854 2.67667
462.828 474.772 13.5992 1.74103 2.57796
149.299 426.996 12.5162 1.04753 9.15795
140.341 388.178 12.5519 0.945415 9.17235
943.571 107.495 10.5539 -0.515443 8.08381
982.389 74.6496 10.4372 -0.687266 8.02519
182.145 119.439 12.6785 0.23058 9.08174
158.257 92.5655 12.5519 0.24337 9.38535
1158.56 444.912 10.2283 0.609823 9.37924
1164.53 549.421 10.1678 0.823701 9.36121
877.879 576.295 10.4621 1.18426 7.91586
146.313 636.015 12.4776 1.59735 9.03742
1179.46 143.327 10.2947 0.00207451 9.40352
1098.84 268.739 10.2956 0.203065 9.11225
59.7197 346.374 12.436 0.846877 9.62899
128.397 158.257 12.4954 0.425685 9.48217
185.131 209.019 12.5144 0.484805 9.23694
131.383 238.879 12.5175 0.59763 9.3716
680.805 388.178 11.3328 0.633567 7.42971
761.426 229.921 11.146 -0.551112 5.50715
979.403 474.772 10.3429 0.736406 8.51753
1179.46 223.949 10.2266 0.129188 9.29445
259.781 331.444 12.607 0.758952 8.59209
220.963 343.388 12.6114 0.807832 8.76919
238.879 98.5375 12.5942 0.118282 8.99943
217.977 119.439 12.6173 0.189723 9.03666
256.795 86.5936 12.68 0.0208539 8.79659
1018.22 217.977 10.4236 0.0325432 8.78955
104.509 176.173 12.5014 0.48255 9.52152
101.523 137.355 12.5163 0.406328 9.5383
217.977 424.01 12.4772 1.02537 8.94944
214.991 388.178 12.5115 0.920721 8.93336
406.094 128.397 13.0738 -0.472978 6.83868
268.739 262.767 12.5459 0.530216 8.75136
206.033 265.753 12.6178 0.590819 8.94342
203.047 235.893 12.5321 0.527301 9.11877
209.019 585.253 12.5531 1.54805 8.66934
964.473 268.739 10.4591 0.107216 8.37571
1018.22 424.01 10.3599 0.589286 8.91545
421.024 406.094 13.2606 1.05802 5.17161
1158.56 295.612 10.2751 0.307869 9.37972
271.725 292.626 12.5352 0.613706 8.72297
217.977 489.701 12.5517 1.24267 8.71605
307.556 271.725 12.6374 0.510042 8.3715
277.697 412.066 12.6708 1.01329 8.24952
391.164 244.851 12.962 0.195184 6.95646
385.192 226.935 12.8781 0.13718 7.27755
256.795 191.103 12.6232 0.329939 8.76702
214.991 203.047 12.649 0.410237 8.90604
200.061 164.229 12.582 0.352206 9.10447
1077.94 447.898 10.2797 0.637327 9.0882
1191.41 615.113 10.1604 0.920072 9.49114
656.917 137.355 12.0362 -1.24798 4.85647
913.711 185.131 10.6072 -0.222721 8.04735
815.174 194.089 10.8814 -0.588694 6.48659
435.954 618.099 12.1616 1.79947 7.48808
639.001 570.323 11.3518 1.42919 7.299
516.575 250.823 13.8643 -0.684245 1.38365
1160.95 548.227 10.1706 0.810481 9.35942
75.2468 501.645 12.4237 1.18108 9.49924
257.989 329.653 12.5529 0.744271 8.75289
361.901 154.077 12.8164 -0.0736749 7.77482
691.554 386.984 11.2598 0.633063 7.58568
1182.45 143.327 10.3006 0.00265604 9.43861
71.6636 573.309 12.4373 1.35288 9.42118
197.075 336.819 12.5667 0.789544 8.98016
164.826 304.57 12.5336 0.724327 9.18394
1064.2 390.567 10.3002 0.498349 9.02274
1110.79 637.806 10.1686 1.04106 9.21045
1128.7 616.307 10.1584 0.977318 9.26278
164.826 569.726 12.4933 1.42393 8.99468
175.576 530.311 12.5878 1.35921 8.83772
268.739 265.155 12.448 0.553766 8.93393
204.241 265.155 12.6026 0.580203 8.94504
487.313 290.238 13.7453 -0.0843861 2.66689
494.479 293.821 13.7045 -0.0583986 2.41569
1110.79 304.57 10.2937 0.307941 9.19749
103.912 139.744 12.5147 0.401899 9.54071
465.814 369.068 13.7303 0.748324 2.85559
802.633 275.905 10.8854 -0.0605182 6.84653
1096.45 175.576 10.3492 -0.00194396 9.14412
218.574 118.245 12.6168 0.19347 9.04341
379.817 343.985 12.8029 0.686771 7.18638
365.485 300.987 12.8571 0.512136 7.36204
942.377 161.243 10.5498 -0.275748 8.30341
308.154 272.322 12.7258 0.49556 8.16798
1207.53 283.071 10.2481 0.304429 9.54598
1196.78 214.991 10.2199 0.128926 9.37334
1178.87 222.157 10.2462 0.16318 9.38226
422.815 268.739 13.2816 0.0953944 5.64086
1089.29 390.567 10.2541 0.491442 9.0357
257.989 193.492 12.5945 0.342351 8.76734
1121.54 103.912 10.3238 -0.160178 9.17649
93.1627 103.912 12.4502 0.369939 9.66574
992.541 257.989 10.4159 0.105628 8.57965
963.876 265.155 10.4709 0.108081 8.39921
379.817 365.485 12.9725 0.797893 6.71582
1078.54 447.898 10.2756 0.630682 9.10626
935.21 616.307 10.3484 1.19213 8.3801
1103.62 580.475 10.2088 0.913759 9.20111
698.72 634.223 11.0326 1.56051 7.83726
942.377 107.495 10.5654 -0.537807 8.0509
1017.62 214.991 10.4325 0.0405731 8.84642
745.302 179.159 11.2993 -1.01051 5.10727
157.66 487.313 12.5366 1.21118 9.02307
447.898 204.241 13.4097 -0.439808 5.06911
601.974 200.658 12.768 -1.18279 2.78367
594.808 128.995 12.4503 -1.15177 5.17954
515.978 247.24 13.8119 -0.674038 1.6028
114.662 297.404 12.4662 0.731896 9.4795
103.196 176.293 12.5051 0.48097 9.52172
313.887 343.985 12.5088 0.766436 8.46824
632.073 296.687 12.9579 -0.859446 -2.29836
988.958 417.082 10.3706 0.584966 8.67495
1096.45 270.889 10.3042 0.209759 9.10215
1070.65 240.79 10.3431 0.123699 8.98486
193.492 472.98 12.5548 1.19005 8.87393
343.985 429.982 12.6812 1.08363 7.70128
318.187 421.382 12.7176 1.05187 7.85091
408.483 292.388 12.8736 0.42513 6.75637
171.993 253.689 12.4738 0.608569 9.31223
270.889 266.589 12.5787 0.536492 8.67807
214.991 279.488 12.574 0.621836 8.9838
223.591 288.088 12.6403 0.63636 8.78343
262.289 197.792 12.619 0.339306 8.7392
275.188 490.179 12.6506 1.31632 8.1929
1053.46 171.993 10.3619 -0.0974867 8.81682
1014.76 159.093 10.4129 -0.201044 8.5818
219.291 116.095 12.6599 0.181578 8.95981
227.89 94.596 12.5775 0.12926 9.06844
967.459 262.289 10.4652 0.100332 8.39095
644.973 619.174 11.3285 1.76683 6.77918
945.96 103.196 10.5606 -0.529302 8.12541
1182.45 141.894 10.2993 0.00287916 9.42001
748.168 176.293 11.3264 -1.0274 5.08148
816.965 189.192 10.8911 -0.603393 6.40926
120.395 498.779 12.4498 1.20375 9.28673
141.894 386.984 12.5523 0.950734 9.1726
146.194 632.073 12.4852 1.58297 9.03668
103.196 550.377 12.4422 1.33411 9.34463
606.274 197.792 12.7505 -1.17834 2.80611
593.375 128.995 12.491 -1.20509 4.99036
520.278 245.09 13.3074 -0.452934 3.45871
197.792 163.393 12.5903 0.346961 9.08158
309.587 103.196 13.6453 -0.505024 6.73315
116.095 348.285 12.3767 0.842584 9.55159
304.427 268.309 12.6621 0.497846 8.32589
371.504 417.942 12.993 1.07604 6.62792
701.73 448.901 11.2706 0.883604 5.92905
201.231 263.149 12.5083 0.58668 9.13228
159.953 278.628 12.5714 0.661871 9.18197
340.546 433.422 12.7025 1.09462 7.63868
469.54 464.38 13.7672 1.75803 1.99379
959.719 196.072 10.4648 -0.165327 8.25395
1037.12 185.752 10.3905 -0.0645237 8.80925
990.678 417.942 10.3651 0.577779 8.60623
1083.55 448.901 10.2778 0.626833 9.10447
753.328 454.061 10.9703 0.830376 7.01608
686.251 386.984 11.264 0.633112 7.94457
644.973 567.576 11.3479 1.43831 7.36459
835.885 593.375 10.4875 1.35361 7.32587
835.885 552.097 10.5534 1.14705 7.63226
944.24 103.196 10.5578 -0.49548 8.19552
1176.43 144.474 10.3019 0.00270475 9.43316
1155.79 299.267 10.2377 0.286778 9.3044
686.251 165.113 11.8297 -1.05946 4.62665
650.133 139.314 12.0442 -1.27044 4.75611
815.246 190.912 10.8905 -0.52557 6.74229
686.251 350.865 11.2483 0.533119 8.44999
686.251 288.948 12.4711 -1.56294 -4.60516
464.38 366.345 13.6348 0.721496 3.15737
381.824 510.818 12.7619 1.55344 6.8317
206.391 588.215 12.5823 1.55134 8.63348
165.113 567.576 12.5467 1.43355 8.90908
526.298 201.231 13.5752 -1.0595 2.6373
593.375 128.995 12.4866 -1.19882 5.02457
624.334 263.149 12.5462 -0.771489 1.80793
190.912 211.551 12.599 0.466575 9.10068
154.793 98.0359 12.551 0.239925 9.38577
159.953 356.025 12.4499 0.874353 9.26263
118.675 350.865 12.4636 0.857096 9.41028
247.67 335.386 12.4679 0.764061 8.93089
383.888 179.56 12.623 0.0256129 7.94768
575.832 421.038 11.9312 0.921597 6.23435
897.802 315.779 10.6093 0.294083 8.28721
1052.6 198.136 10.3884 0.0138624 8.93664
216.711 408.655 12.4987 0.975569 8.94621
173.369 396.271 14.0481 1.21295 6.78768
216.711 371.504 12.6449 0.913936 8.70008
272.436 266.245 12.5429 0.557759 8.73249
235.286 284.82 12.6441 0.638029 8.7832
210.519 278.628 12.6552 0.594875 8.87235
229.094 241.478 12.5363 0.507807 9.0264
891.61 284.82 10.6404 0.187657 8.2246
978.295 476.764 10.3401 0.747835 8.55638
1083.55 445.805 10.285 0.625958 9.10571
1071.17 377.696 10.2725 0.427735 8.88846
959.719 526.298 10.423 0.887358 8.8526
1095.94 575.832 10.2573 0.909274 9.31278
761.584 365.313 11.0214 0.451158 7.04958
681.091 383.888 11.2578 0.62222 8.00578
1064.98 241.478 10.3414 0.120002 8.93196
743.009 173.369 11.3297 -1.02687 5.08592
687.283 167.177 11.7699 -0.961772 5.05905
402.463 464.38 13.2347 1.43956 5.39716
606.79 198.136 12.7397 -1.20914 2.66083
625.366 260.053 12.3942 -0.632028 2.61303
191.944 210.519 12.534 0.472274 9.20295
123.835 148.602 12.497 0.408628 9.50142
359.121 154.793 12.8503 -0.0800475 7.75644
136.218 241.478 12.4846 0.599458 9.41978
683.568 289.773 12.3536 -1.42676 -2.63906
1003.06 356.644 10.4 0.424765 8.8506
289.773 260.053 12.8474 0.469788 8.01762
839.6 245.193 10.6958 -0.33792 6.48407
980.771 475.526 10.3368 0.745083 8.60124
1077.36 445.805 10.2816 0.616883 9.10779
1062.5 378.934 10.2917 0.477068 8.97649
921.331 549.826 10.6602 0.905981 9.59733
638.987 572.117 11.3326 1.44918 7.47089
943.621 156.032 10.552 -0.295468 8.28665
1062.5 245.193 10.3417 0.115486 8.94079
884.18 208.042 10.6577 -0.0955075 8.2327
809.879 193.182 10.9257 -0.546469 6.61217
802.449 245.193 10.919 -0.403508 5.82468
393.795 460.665 13.2221 1.46147 5.42838
141.172 430.945 12.5401 1.04749 9.16574
215.473 408.655 12.6109 1.01523 8.74898
297.203 534.966 12.74 1.56807 7.71514
445.805 215.473 12.9147 -0.169007 6.37152
393.795 245.193 12.7915 0.197727 7.30531
245.193 141.172 12.6138 0.206049 8.93143
148.602 163.462 12.6387 0.363811 9.21321
341.784 208.042 12.4493 0.292113 8.61337
267.483 200.612 12.5692 0.35683 8.794
245.193 334.354 12.4164 0.774755 8.99976
163.462 356.644 12.5059 0.84596 9.19124
200.612 252.623 12.6125 0.547745 8.95477
472.554 481.47 13.2267 1.67763 3.66604
740.037 169.406 11.3925 -1.08803 4.88845
989.688 481.47 10.3377 0.757807 8.59737
1078.85 445.805 10.2715 0.583281 9.10837
1078.85 490.386 10.2247 0.740234 9.08452
410.141 303.148 11.8048 0.614029 9.55208
526.05 231.819 13.9319 -1.16645 1.03998
945.107 249.651 10.399 -0.0698653 7.8458
971.855 178.322 10.4532 -0.222392 8.27748
936.191 169.406 10.5699 -0.260192 8.19497
213.987 463.637 12.5822 1.16938 8.73745
365.56 419.057 13.0585 1.11097 6.64719
713.288 445.805 11.127 0.808269 7.70878
722.204 365.56 11.166 0.489937 7.39588
998.604 419.057 10.4064 0.582603 8.8729
205.07 276.399 12.6882 0.617024 8.79813
196.154 249.651 12.565 0.559751 9.11242
383.392 499.302 13.0776 1.58863 6.02338
1105.6 169.406 10.3334 -0.0302268 9.12953
1061.02 187.238 10.3468 -0.0820061 8.78788
668.708 543.882 11.3547 1.35131 6.68197
659.792 481.47 11.3217 1.02627 7.2307
615.211 427.973 11.2325 0.784318 9.96763
543.882 419.057 11.9712 0.971439 7.06803
294.231 347.728 12.182 0.771671 9.21613
463.637 454.721 13.5406 1.56362 3.08318
918.359 258.567 10.5697 0.0180334 7.96527
