1687 441 0.296524 -0.519863 3.63126
174 711 -1.91923 0.0612522 3.77448
164 549 -1.9222 -0.193002 3.7234
1651 757 0.327386 -0.0878162 3.75394
1627.2 316.8 0.260302 -0.715086 3.79078
1599.6 366 0.280981 -0.669036 3.94381
157.2 466.8 -1.92279 -0.322032 3.68757
657.6 684 -2.03979 0.249922 6.4965
1740 123.6 0.318002 -0.934855 3.59436
135.6 478.8 -1.89233 -0.296239 3.60882
783.6 81.6 -1.99056 -2.27994 7.33304
666 706.8 -2.05586 0.340304 6.63975
1347.6 427.2 0.220384 -0.776809 5.84412
1366.8 232.8 0.175227 -1.27996 5.52174
1474.8 352.8 0.223231 -0.773395 4.46425
1650 757.2 0.330129 -0.0861425 3.76485
1650.24 784.8 0.34485 -0.0468989 3.79328
296.64 976.32 -2.4076 0.906955 4.99902
596.16 243.36 -2.16954 -1.21197 5.89276
1117.44 601.92 -0.378937 -0.164759 9.33495
1503.36 355.68 0.227064 -0.73408 4.27394
1578.24 272.16 0.252474 -0.825022 3.98373
1730.88 126.72 0.332674 -0.953176 3.66383
596.16 326.88 -2.11713 -0.937159 5.81952
774.72 576 -2.22284 -0.14128 8.79713
1239.84 344.16 0.036339 -1.33738 7.63439
1236.96 388.8 0.0340159 -1.13593 7.57296
1751.04 217.44 0.342425 -0.816162 3.60724
77.76 485.28 -1.85431 -0.281044 3.45037
624.96 720 -2.09942 0.364486 6.35311
1046.88 172.8 -1.01535 -2.68393 9.76145
1703.52 576 0.358762 -0.345723 3.70968
155.52 531.36 -1.96497 -0.222203 3.75991
1569.6 329.76 0.251855 -0.734932 4.01017
1536.48 466.56 0.268453 -0.529844 4.19407
1703.52 254.88 0.293153 -0.763952 3.62007
1594.08 430.56 0.274056 -0.569731 3.93335
1206.72 208.8 -0.0987102 -2.2884 8.98275
1044 125.28 -0.9338 -2.43062 8.20705
1363.68 555.84 0.249478 -0.402132 5.59775
1608.77 419.904 0.273406 -0.570048 3.86212
1650.24 756.864 0.315475 -0.0911522 3.7265
772.416 81.216 -2.06348 -2.29435 7.36763
1150.85 186.624 -0.383797 -2.6869 9.94192
1140.48 176.256 -0.455189 -2.79692 10.0997
1605.31 646.272 0.296448 -0.234557 3.87776
1582.85 679.104 0.284317 -0.18201 3.91923
148.608 476.928 -1.89005 -0.302358 3.63047
1591.49 430.272 0.272825 -0.569007 3.93239
554.688 236.736 -2.04761 -1.09377 5.30157
753.408 260.928 -2.52384 -1.85117 8.92821
1213.06 273.024 -0.0417235 -1.91647 8.84409
1339.2 537.408 0.21912 -0.45574 5.84087
1384.13 587.52 0.225983 -0.309232 5.14391
1372.03 544.32 0.264467 -0.428304 5.60962
1506.82 665.28 0.273333 -0.18257 4.28891
1626.05 317.952 0.285676 -0.729209 3.85624
77.76 487.296 -1.89543 -0.28037 3.50212
559.872 357.696 -2.04338 -0.772901 5.38846
654.912 115.776 -2.21362 -1.80876 6.42799
739.584 601.344 -2.16999 -0.0179417 7.98768
1043.71 127.872 -0.937835 -2.42085 8.19479
1237.25 388.8 0.0693838 -1.21144 8.0975
1207.87 390.528 -0.025816 -1.26725 8.51887
1353.02 340.416 0.202573 -1.02801 5.74809
1361.66 295.488 0.195173 -1.13582 5.64971
1366.85 233.28 0.187693 -1.29918 5.55478
1724.54 376.704 0.317985 -0.602321 3.5892
480.384 850.176 -1.84801 0.485038 4.77342
698.112 122.688 -2.29263 -2.01413 7.12209
1361.66 430.272 0.218138 -0.752543 5.64392
1629.5 409.536 0.283778 -0.582025 3.80575
772.416 117.504 -2.31868 -2.4552 8.35231
1591.49 516.672 0.289314 -0.436181 3.96258
895.104 518.4 -1.82858 -0.533478 10.286
1479.17 592.704 0.258296 -0.306622 4.44141
1480.9 568.512 0.251571 -0.353793 4.41592
1703.81 254.016 0.296837 -0.765536 3.62861
1712.45 473.472 0.343548 -0.483245 3.66957
1738.37 124.416 0.315817 -0.933964 3.59317
661.824 705.024 -2.12707 0.358141 6.85509
1499.9 425.088 0.25725 -0.630185 4.4061
787.968 523.584 -0.951613 -0.311573 3.79066
1563.84 321.408 0.250954 -0.758316 4.04633
1702.08 575.424 0.350285 -0.345095 3.6888
730.944 632.448 -2.1877 0.122039 7.99446
1104.19 573.696 -0.466583 -0.306498 9.90583
1152.92 176.256 -0.378576 -2.71547 9.7946
1445.3 431.309 0.208652 -0.633895 4.58726
1609.11 418.867 0.275398 -0.57288 3.87926
1739.75 138.931 0.32146 -0.917181 3.60835
1347.84 416.794 0.211711 -0.812779 5.7975
1681.69 532.915 0.314401 -0.40059 3.68672
1702.43 323.482 0.304165 -0.677666 3.63144
1692.06 335.923 0.28787 -0.655192 3.61494
1716.94 304.819 0.323468 -0.705762 3.64065
1607.04 644.89 0.298695 -0.234235 3.89103
1706.57 547.43 0.352883 -0.379205 3.6847
1687.91 543.283 0.326661 -0.385522 3.68183
1721.09 348.365 0.353216 -0.661551 3.69726
1704.5 296.525 0.303412 -0.712416 3.62325
151.373 530.842 -1.8744 -0.222853 3.62378
595.123 244.685 -2.16364 -1.20516 5.86661
555.725 236.39 -2.08662 -1.11747 5.39308
586.829 479.002 -2.05849 -0.449828 5.72076
574.387 483.149 -2.02847 -0.4234 5.55019
1171.58 547.43 -0.0657081 -0.506415 10.2976
1519.95 344.218 0.243295 -0.763863 4.24529
1727.31 282.01 0.329371 -0.731243 3.61531
775.526 576.461 -2.00189 -0.145766 8.02662
740.275 601.344 -1.7544 -0.0744417 6.47327
765.159 145.152 -2.301 -2.259 8.12573
1584.23 678.067 0.29279 -0.182467 3.9439
1069.98 174.182 -0.89923 -2.71826 9.91667
1043.02 124.416 -0.930284 -2.38488 8.00068
1210.98 327.629 -0.0337854 -1.62311 8.83334
1213.06 300.672 -0.0362512 -1.7547 8.77094
1451.52 636.595 0.340172 -0.195951 4.96402
1598.75 412.646 0.29648 -0.60489 3.99876
1627.78 514.253 0.29881 -0.427559 3.83477
1621.56 528.768 0.300281 -0.415546 3.87105
1654.73 485.222 0.26831 -0.46197 3.65133
1443.23 545.357 0.242194 -0.40383 4.70557
1590.45 514.253 0.278861 -0.433797 3.93392
557.798 356.659 -2.03305 -0.764211 5.35024
1750.12 157.594 0.342573 -0.901146 3.61184
1569.72 327.629 0.257196 -0.739795 4.02073
1555.2 346.291 0.247048 -0.713133 4.04569
1615.33 634.522 0.304123 -0.256765 3.85592
147.226 491.443 -1.90338 -0.282593 3.64183
1538.61 269.568 0.237912 -0.866931 4.16527
1700.35 576.461 0.351423 -0.34547 3.69661
78.7968 489.37 -1.89818 -0.277745 3.50458
729.907 632.448 -2.18791 0.118558 7.97901
1337.47 537.062 0.223489 -0.460782 5.86205
1725.24 377.395 0.338921 -0.606821 3.63296
1625.7 319.334 0.280385 -0.725131 3.84037
1604.97 273.715 0.260223 -0.799802 3.88642
1206.84 209.434 -0.103801 -2.28907 9.02866
655.258 682.214 -2.08628 0.253708 6.63251
846.029 118.195 -1.88166 -2.37828 8.03624
1734.36 258.785 0.343374 -0.768559 3.63427
1734.36 308.552 0.345731 -0.703038 3.65128
1716.94 301.087 0.316003 -0.704065 3.62897
1749.29 156.764 0.329575 -0.890182 3.58634
134.369 485.222 -1.90812 -0.294964 3.62727
1035.14 228.925 -1.35338 -3.35873 13.6525
1152.09 186.624 -0.384855 -2.70221 9.97676
1607.45 644.475 0.289205 -0.235425 3.84604
1704.5 253.809 0.283792 -0.755917 3.59754
594.709 328.458 -2.14095 -0.942431 5.86896
594.709 291.133 -2.20115 -1.07668 5.98932
594.709 243.855 -2.1662 -1.20901 5.87944
659.405 706.683 -2.06966 0.341822 6.67065
739.031 599.685 -2.14811 -0.0299643 7.91495
831.099 114.463 -1.95926 -2.39356 8.07632
1366.09 380.713 0.205255 -0.874725 5.49948
1480.55 574.802 0.254965 -0.338462 4.43276
146.811 569.825 -1.90575 -0.16565 3.66947
656.917 116.951 -2.18388 -1.78101 6.3442
763.914 79.6263 -1.99517 -2.16505 6.98755
758.938 395.643 -2.48113 -1.1521 9.13324
1385.99 587.244 0.225053 -0.311046 5.14195
1363.6 554.895 0.249811 -0.403449 5.59986
1366.09 233.902 0.193173 -1.31296 5.67508
1420.83 176.671 0.190739 -1.2626 4.94763
584.755 368.271 -2.09451 -0.782759 5.69848
1353.65 368.271 0.202142 -0.925287 5.70547
1585.06 676.823 0.289339 -0.186132 3.9148
1405.9 136.858 0.192621 -1.43259 5.16206
1398.44 126.904 0.145053 -1.40957 5.04274
1689.57 209.019 0.286608 -0.833388 3.65017
1211.81 328.458 -0.0336754 -1.67032 9.03107
1629.85 435.456 0.289401 -0.546843 3.81958
116.951 520.059 -1.96023 -0.238255 3.67123
1587.55 445.409 0.280555 -0.546057 3.98191
146.811 475.269 -1.92304 -0.310536 3.67601
786.309 490.199 -2.55698 -0.668112 10.3146
1682.1 487.711 0.306826 -0.457087 3.6609
1473.09 505.129 0.244553 -0.475188 4.49199
1172 547.43 -0.0695119 -0.504745 10.1956
1633.33 719.622 0.307923 -0.138386 3.76688
1648.26 758.44 0.313984 -0.0898867 3.7213
1027.18 206.033 -1.36025 -3.29572 12.6947
1021.21 134.369 -1.0174 -2.38994 8.20096
1027.18 122.425 -0.976767 -2.32199 7.77962
1143.63 176.173 -0.445143 -2.76509 9.9845
403.108 274.711 -2.11795 -0.840768 4.67264
573.309 370.262 -2.01363 -0.739836 5.40993
1104.81 576.295 -0.460864 -0.30391 9.83217
1361.61 552.407 0.228777 -0.395333 5.45564
1448.2 206.033 0.199963 -1.12327 4.71391
1472.09 504.631 0.243945 -0.475364 4.48238
1418.34 507.617 0.228655 -0.495721 4.90435
1528.82 441.926 0.250967 -0.570913 4.16369
1498.96 421.024 0.250226 -0.630714 4.37299
1478.06 594.211 0.262885 -0.307488 4.48387
1481.05 567.337 0.265766 -0.357725 4.49701
1534.8 265.753 0.251935 -0.888902 4.23495
597.197 352.346 -2.12981 -0.857979 5.8802
1352.65 388.178 0.210953 -0.891943 5.76952
1364.59 400.122 0.22398 -0.845276 5.66989
1361.61 289.641 0.200351 -1.14295 5.67116
1397.44 128.397 0.189393 -1.48009 5.23841
1504.94 665.875 0.276505 -0.182757 4.29056
776.356 119.439 -2.21793 -2.36474 8.05875
1699.03 576.295 0.345177 -0.343417 3.68103
1722.91 152.285 0.299177 -0.896926 3.59055
1012.25 364.29 -2.36978 -3.93022 25.2621
1066 176.173 -0.918645 -2.7655 10.0819
1239.18 346.374 0.046175 -1.3801 7.87503
1209.32 328.458 -0.0304947 -1.65874 8.97581
1576.6 450.884 0.279666 -0.538226 4.02081
1543.75 453.87 0.264458 -0.560283 4.1435
1555.7 447.898 0.262322 -0.556456 4.07244
1642.29 507.617 0.300322 -0.442802 3.80699
1728.89 331.444 0.339434 -0.67252 3.64402
576.295 480.743 -2.08854 -0.437896 5.70289
585.253 477.758 -2.03004 -0.446437 5.63226
331.444 946.557 -2.24535 0.775041 4.85465
1337.72 537.477 0.234386 -0.46599 5.98142
1361.61 426.996 0.228232 -0.767409 5.74766
1702.01 474.772 0.33584 -0.483664 3.67995
1239.18 680.805 0.16704 0.119243 7.8625
653.931 680.805 -2.11472 0.253277 6.71008
77.6356 489.701 -1.84669 -0.272444 3.43275
1143.03 204.241 -0.438515 -2.87134 10.9852
1232.61 128.995 -0.0345389 -2.44041 8.04693
1236.2 383.4 0.0559354 -1.19458 7.91398
1447.61 207.825 0.230847 -1.13879 4.79142
1512.1 677.221 0.260575 -0.165792 4.17982
1504.94 662.889 0.276505 -0.182757 4.29056
1601.68 283.071 0.27037 -0.794247 3.9237
1612.43 634.223 0.302344 -0.255519 3.85422
1626.76 691.554 0.304643 -0.172761 3.77613
1476.27 343.985 0.239114 -0.791832 4.53505
1583.77 687.971 0.289676 -0.175047 3.91883
1659.01 763.218 0.335107 -0.0849437 3.74974
1741.43 136.161 0.323002 -0.915724 3.61268
372.651 906.545 -2.20518 0.691821 4.99005
576.892 476.563 -2.01122 -0.433077 5.51476
655.722 118.245 -2.16671 -1.76384 6.28711
730.969 171.993 -2.22382 -1.90543 7.37347
788.3 490.896 -2.2005 -0.586711 8.86709
1350.86 412.066 0.218863 -0.832086 5.8132
1354.44 386.984 0.207497 -0.871895 5.66912
1365.19 143.327 0.177503 -1.57516 5.65334
143.327 494.479 -1.90117 -0.281119 3.63897
594.808 351.152 -2.07089 -0.837174 5.71
591.225 290.238 -2.13451 -1.04936 5.79541
770.384 390.567 -2.37358 -1.16395 8.92503
1605.27 361.901 0.273212 -0.673629 3.89993
773.967 576.892 -2.29755 -0.141052 9.14847
741.719 594.808 -2.06702 -0.0551658 7.62384
756.051 143.327 -2.23604 -2.1835 7.90772
1057.04 168.41 -0.89988 -2.46311 8.89688
1042.71 128.995 -0.947934 -2.40965 8.16679
1619.6 447.898 0.285412 -0.540863 3.85887
727.386 630.64 -2.22837 0.119466 8.09141
1365.19 236.49 0.198842 -1.32217 5.7702
1684.1 193.492 0.280141 -0.859491 3.65819
1168.12 541.06 -0.0741103 -0.520554 10.2468
1350.86 433.565 0.211819 -0.761311 5.7372
555.393 236.49 -2.11081 -1.12771 5.4578
1479.85 566.143 0.26889 -0.346542 4.50512
75.2468 487.313 -1.88672 -0.28192 3.48691
569.726 372.651 -2.04089 -0.748123 5.51763
558.976 354.735 -2.00081 -0.764614 5.28315
691.554 107.495 -2.24183 -2.00302 6.87443
1497.77 419.232 0.240378 -0.62701 4.32447
1203.95 601.974 -0.0431502 -0.194628 7.258
1504.94 666.472 0.228064 -0.184381 4.12386
1724.23 305.287 0.330396 -0.701333 3.62356
571.876 374.084 -2.08987 -0.754523 5.6469
593.375 352.585 -2.14414 -0.869099 5.89135
593.375 326.786 -2.1484 -0.937027 5.86288
662.172 700.87 -2.10333 0.341707 6.77451
653.572 679.371 -2.15084 0.255538 6.79714
976.059 279.488 -2.06988 -3.29254 15.6712
1031.96 206.391 -1.25321 -3.06493 11.7786
1109.35 576.176 -0.444158 -0.298497 9.76718
1212.55 339.686 -0.0243729 -1.55529 8.67131
1436.14 197.792 0.22647 -1.22821 5.00349
1479.14 343.985 0.238615 -0.801576 4.53628
1603.83 283.788 0.27037 -0.794247 3.9237
1612.43 662.172 0.301243 -0.214164 3.86561
1608.13 356.885 0.273212 -0.673629 3.89993
1582.33 348.285 0.269702 -0.700095 4.01443
1595.23 503.079 0.285522 -0.44603 3.94672
765.368 81.6965 -2.06424 -2.24543 7.21697
778.267 558.976 -2.09485 -0.225934 8.37001
1397.44 128.995 0.188688 -1.48147 5.25122
1354.44 365.485 0.205919 -0.930011 5.71325
1715.63 421.382 0.335789 -0.553324 3.64054
1384.54 584.775 0.230222 -0.322412 5.21057
1363.04 550.377 0.230713 -0.4052 5.52964
1143.75 206.391 -0.430934 -2.76036 10.5626
1117.95 240.79 -0.664918 -3.865 15.948
1169.55 537.477 -0.0814546 -0.545659 10.2313
1203.95 601.975 0.0340302 -0.191946 8.90365
1474.84 601.975 0.261473 -0.287198 4.46847
1479.14 567.576 0.278437 -0.353725 4.55853
1500.64 417.082 0.265348 -0.649553 4.46056
1642.53 507.379 0.29584 -0.438576 3.79034
1681.23 460.081 0.307372 -0.505909 3.6732
1238.35 343.985 0.0464057 -1.36781 7.84716
1225.45 137.594 -0.0707155 -2.5047 8.45669
460.081 902.962 -1.95671 0.661321 4.97149
477.28 842.764 -1.94335 0.514219 4.99379
141.894 494.479 -1.92201 -0.279522 3.66295
479.86 835.885 -1.94335 0.514219 4.99379
768.807 386.984 -2.28612 -1.1249 8.55208
887.482 510.818 -2.10374 -0.614688 11.7264
144.474 464.38 -1.96102 -0.319909 3.72106
1233.19 381.824 0.0520537 -1.20638 7.88485
1238.35 345.705 0.0464169 -1.3533 7.81068
1357.02 546.937 0.191084 -0.40699 5.2732
1367.34 139.314 0.180594 -1.57987 5.67897
1475.7 598.535 0.257239 -0.2903 4.44374
773.967 118.675 -2.17714 -2.33443 7.96956
1398.3 128.995 0.188102 -1.48581 5.276
1584.05 686.251 0.293895 -0.18241 3.94294
593.375 350.865 -2.08613 -0.852534 5.72607
732.689 165.113 -2.60724 -2.24421 8.60917
691.411 108.355 -2.31322 -2.06337 7.09998
789.447 490.179 -2.5571 -0.665433 10.3538
1604.69 278.628 0.27037 -0.794247 3.9237
975.199 278.628 -2.09846 -3.34652 15.8928
1609.85 634.653 0.286095 -0.254921 3.80827
1692.41 577.896 0.347655 -0.344956 3.70102
1181.59 598.535 -0.0234735 -0.218822 9.1141
1733.69 128.995 0.307714 -0.922172 3.58108
1475.7 345.705 0.232206 -0.79823 4.51452
1145.47 175.433 -0.422564 -2.73861 9.89294
1202.23 216.711 -0.112938 -2.34126 9.28179
727.529 629.493 -2.26462 0.106852 8.18018
366.345 902.962 -2.21007 0.69378 4.99964
402.463 283.788 -2.15902 -0.855206 4.75937
650.133 674.9 -2.09553 0.236358 6.60504
656.324 123.835 -2.32638 -1.89081 6.75445
1207.39 600.599 0.084222 -0.202173 9.28808
1473.63 340.546 0.253138 -0.832375 4.673
1603.66 278.628 0.271326 -0.812929 3.91848
1560.32 427.23 0.276551 -0.597184 4.13804
1622.24 414.846 0.254167 -0.561077 3.73446
365.313 903.994 -2.21801 0.692012 5.01626
767.776 582.023 -2.29416 -0.125864 9.09007
773.967 563.448 -2.10626 -0.252603 8.31754
835.885 489.147 -2.13677 -0.65669 9.88733
1578.89 352.929 0.253728 -0.685646 3.9691
1034.02 130.027 -1.07209 -2.68841 9.0762
1727.5 154.793 0.287681 -0.863788 3.53933
588.215 284.82 -2.09931 -1.04196 5.6615
557.256 241.478 -2.10123 -1.12449 5.45058
730.625 612.982 -2.44181 0.0600802 8.76442
668.708 625.366 -2.30089 0.0970795 7.4318
743.009 582.023 -2.18265 -0.081043 8.08036
1393.14 130.027 0.22025 -1.57992 5.58977
1547.93 439.613 0.221318 -0.542876 3.93346
1647 780.159 0.326962 -0.0587271 3.75118
321.97 953.528 -2.11942 0.723139 4.64646
557.256 346.737 -1.97406 -0.766064 5.22368
1027.83 229.094 -1.35756 -3.20861 12.9268
972.103 241.478 -1.86489 -3.09061 13.1381
1368.37 136.218 0.201794 -1.61127 5.78231
1219.77 142.41 -0.085656 -2.5903 8.78076
1164.05 532.49 -0.0961856 -0.592969 10.3497
458.189 897.802 -1.96784 0.632953 4.91674
476.764 835.885 -1.92421 0.471226 4.95565
575.832 470.572 -2.04537 -0.452976 5.61255
1612.33 423.515 0.210539 -0.537866 3.61652
1248.25 705.858 0.175734 0.20713 7.0366
586.977 341.784 -2.15743 -0.887395 5.88818
586.977 245.193 -2.08577 -1.15022 5.62443
646.418 676.138 -2.13091 0.225231 6.65389
765.299 579.547 -2.44123 -0.111341 9.57381
765.299 156.032 -2.32104 -2.24482 8.21622
1114.51 579.547 -0.399437 -0.291323 9.88958
1196.24 215.473 -0.110387 -2.59067 10.2784
1173.95 594.407 -0.0434661 -0.242717 9.31986
1233.39 371.504 0.0382057 -1.23281 7.79281
1567.75 393.795 0.234738 -0.600085 3.91288
1575.18 349.214 0.25684 -0.694321 3.97879
668.708 624.127 -2.27951 0.0681536 7.37638
728.148 163.462 -2.29237 -1.95863 7.55673
1025.35 200.612 -1.31061 -3.14767 12.0827
1582.61 505.246 0.204238 -0.4427 3.72869
787.589 490.386 -1.75971 -0.464215 7.08142
453.235 899.04 -1.97109 0.656332 4.97612
364.074 906.471 -2.19395 0.684168 4.96871
1159.09 520.106 -0.128954 -0.674157 10.5458
579.547 468.095 -2.00607 -0.449516 5.50037
1478.59 653.848 0.255826 -0.194058 4.3385
1471.16 341.784 0.237134 -0.799941 4.54654
765.299 386.365 -1.98974 -1.0031 7.40985
401.225 282.343 -2.15902 -0.855206 4.75937
141.172 557.256 -1.86122 -0.178773 3.58553
1671.77 772.729 0.353507 -0.0685668 3.73166
