1110 100 -7.08733 -1.5427 -0.129102
1013 196 -7.25071 -1.26484 -0.231137
1078 289 -7.337 -1.10236 0.0671474
1093 75 -7.10162 -1.59269 -0.185488
1079 157 -7.28716 -1.43795 -0.0775894
1164 661 -6.13291 -0.366028 -0.13527
1079 387 -7.28006 -0.837061 0.138416
1028.5 256.3 -7.36965 -1.1497 -0.0894558
1081.3 122.1 -7.31171 -1.53734 -0.0962604
1031.8 110 -7.23424 -1.49518 -0.264629
1141.8 625.9 -6.06504 -0.417954 -0.232228
1199 690.8 -5.6542 -0.424831 -0.41373
1034 390.5 -7.31368 -0.787559 0.0326786
1016.4 491.7 -7.37483 -0.503458 0.114944
1012.77 360.58 -7.30586 -0.847871 -0.056269
1080.53 146.41 -7.29006 -1.46787 -0.0837375
1098.68 242 -7.19904 -1.21484 0.0162088
1078.11 157.3 -7.38316 -1.4673 -0.0432713
1164.02 661.87 -6.12526 -0.366178 -0.139364
1141.03 624.36 -6.11579 -0.412903 -0.202643
1078.11 387.2 -7.33434 -0.840764 0.162809
1094.08 74.536 -7.08332 -1.58794 -0.192582
1012.89 126.445 -7.24016 -1.43899 -0.297942
1031.53 110.473 -7.16251 -1.47041 -0.289189
1164.63 662.838 -6.12125 -0.366215 -0.14161
1014.22 412.61 -7.27042 -0.706653 -0.0164882
1032.86 403.293 -7.43508 -0.760649 0.0950483
1163.96 663.237 -6.04962 -0.374486 -0.185605
1143.46 631.027 -6.05524 -0.410312 -0.231463
1140.53 623.707 -6.09286 -0.416426 -0.216261
1013.16 412.876 -7.28882 -0.707178 -0.00842349
1010.23 393.843 -7.28235 -0.756477 -0.0410868
1093.68 74.6691 -7.16594 -1.62078 -0.161025
1030.73 95.1665 -7.22148 -1.52914 -0.28275
1092.22 57.0999 -7.16434 -1.66118 -0.179507
1061.47 36.6025 -7.30808 -1.74181 -0.225003
1013.16 226.936 -7.31468 -1.19809 -0.178055
1079.04 146.41 -7.22044 -1.44594 -0.111032
1095.15 222.543 -7.16964 -1.25493 -0.021852
1001.74 491.206 -7.36597 -0.488588 0.0684841
1093.54 74.0835 -7.05393 -1.57965 -0.202639
1093.54 56.3679 -7.11278 -1.6427 -0.197103
1033.95 402.628 -7.37019 -0.756852 0.0676445
1077.43 386.522 -7.38444 -0.844883 0.182368
1013.01 227.082 -7.24971 -1.18522 -0.201589
1009.79 351.091 -7.31253 -0.869653 -0.0722058
1009.79 152.998 -7.21243 -1.36096 -0.290422
1077.43 288.281 -7.25924 -1.08748 0.0284525
1033.95 296.334 -7.29987 -1.03369 -0.0638595
1079.04 156.219 -7.20981 -1.41553 -0.109621
1079.04 146.556 -7.16295 -1.42721 -0.133531
1033.95 141.725 -7.28128 -1.43565 -0.214962
1095.15 222.25 -7.22427 -1.26838 -0.000247514
1013.33 411.002 -7.22031 -0.710298 -0.0390339
1077.11 386.2 -7.35405 -0.844156 0.166579
1032.82 93.8927 -7.18315 -1.51817 -0.293049
1013.33 248.019 -7.30207 -1.14082 -0.163244
1015.1 226.76 -7.21548 -1.17912 -0.211514
1032.82 338.368 -7.40681 -0.936643 0.0217928
1034.59 295.851 -7.31463 -1.0407 -0.0536757
1078.88 155.897 -7.19926 -1.41259 -0.114134
1032.82 162.984 -7.34149 -1.39291 -0.176569
1078.88 145.268 -7.28974 -1.46801 -0.0867753
1032.82 274.592 -7.44549 -1.11904 -0.0300383
1075.69 385.846 -7.39047 -0.847261 0.180742
1032.82 391.692 -7.29787 -0.781887 0.0294117
1015.28 411.179 -7.16915 -0.708157 -0.059419
1009.44 393.641 -7.32482 -0.759835 -0.0236351
1095.18 72.1025 -7.20753 -1.64183 -0.143794
1013.33 259.179 -7.08513 -1.07645 -0.231378
1007.49 339.077 -7.37804 -0.906502 -0.0607926
1009.44 296.205 -7.33406 -1.01542 -0.117399
1032.82 305.949 -7.2715 -1.00431 -0.064267
1034.77 152 -7.28637 -1.4052 -0.20203
1165.33 662.564 -6.04034 -0.377659 -0.192132
1138.25 47.159 -6.29637 -1.34628 -0.451795
1033.21 274.379 -7.39588 -1.11202 -0.0465964
1005.34 175.774 -7.11495 -1.27371 -0.312098
1078.23 342.974 -7.36194 -0.962859 0.130281
1078.23 278.667 -7.28916 -1.12168 0.0332915
1108.24 336.543 -6.72666 -0.913933 -0.0995631
1076.08 156.482 -7.3097 -1.44184 -0.0755906
1033.21 173.631 -7.2585 -1.34263 -0.193224
1078.23 145.764 -7.34516 -1.48458 -0.0693367
1108.24 248.656 -7.20271 -1.20836 0.0485773
1013.92 411.569 -7.21862 -0.710543 -0.0383809
1163.97 664.513 -5.98392 -0.382441 -0.227007
1096.45 73.0964 -7.28489 -1.67146 -0.115194
1035.14 306.533 -7.52652 -1.043 0.0371437
1079.94 167.414 -7.24159 -1.39651 -0.0900423
1075.22 384.346 -7.57661 -0.862569 0.261844
1006.84 306.533 -7.37528 -0.993599 -0.0918629
200.426 240.511 -5.19364 -0.570846 -1.39791
299.459 238.153 -5.26515 -0.587665 -1.36842
337.187 346.618 -5.24403 -0.53363 -1.31818
58.9487 231.079 -5.09454 -0.559172 -1.42035
207.499 96.6759 -5.17731 -0.648124 -1.41302
323.039 99.0338 -5.26302 -0.675507 -1.3818
66.0225 87.2441 -5.09832 -0.625969 -1.43993
63.6646 132.045 -5.09736 -0.604765 -1.43408
150.909 160.34 -5.19859 -0.603983 -1.44079
431.504 231.079 -5.52728 -0.624058 -1.34447
308.891 608.351 -5.30845 -0.342702 -1.29786
110.824 535.254 -4.99236 -0.470511 -1.31074
132.045 662.583 -5.09732 -0.374338 -1.32707
221.647 396.135 -5.09988 -0.5114 -1.32475
139.119 450.368 -5.02384 -0.495429 -1.32465
995.054 73.0964 -7.16511 -1.53132 -0.413938
657.867 539.97 -7.08997 -0.0870997 -0.862789
858.293 386.703 -9.61915 -0.655061 0.194265
761.617 391.419 -9.87481 -0.467359 -0.251499
657.867 518.749 -7.16822 -0.134957 -0.869907
992.696 462.158 -7.24627 -0.557803 -0.0388827
771.049 264.09 -9.83224 -1.12542 -0.443338
853.577 240.511 -9.6623 -1.36298 -0.103171
601.277 464.516 -6.59451 -0.307944 -1.08504
282.954 124.971 -5.25575 -0.651788 -1.39824
318.323 186.278 -5.28173 -0.624464 -1.37171
891.304 278.238 -9.55295 -1.22143 0.140846
450.368 306.533 -5.47035 -0.568204 -1.29503
464.516 292.386 -5.4708 -0.57995 -1.29088
516.391 594.203 -5.74629 -0.257647 -1.16074
403.209 391.419 -5.54285 -0.474905 -1.3247
773.407 299.459 -9.62198 -0.937951 -0.402695
297.101 502.243 -5.34016 -0.40356 -1.33478
325.397 490.453 -5.3505 -0.411714 -1.32345
601.277 179.204 -6.67788 -0.867479 -1.27434
572.981 200.426 -6.29806 -0.764536 -1.28796
587.129 297.101 -6.13766 -0.61791 -1.20846
601.277 346.618 -6.52159 -0.534388 -1.16394
639.004 346.618 -6.66903 -0.55714 -1.08892
542.328 290.028 -5.79893 -0.604432 -1.25292
495.169 384.346 -5.65953 -0.496372 -1.25644
497.527 429.147 -5.6528 -0.454498 -1.23798
495.169 63.6646 -5.67081 -0.814526 -1.36178
471.59 535.254 -5.61651 -0.346484 -1.22553
431.504 572.981 -5.56271 -0.316445 -1.24485
841.787 157.983 -10.0523 -1.83259 -0.242683
568.266 587.129 -5.86055 -0.257589 -1.10048
933.747 292.386 -7.95454 -1.0346 -0.136931
381.988 448.01 -5.49087 -0.429851 -1.31673
341.902 492.811 -5.37852 -0.408009 -1.31643
386.703 490.453 -5.45435 -0.403891 -1.29532
457.442 617.782 -5.59001 -0.266802 -1.21559
443.294 445.652 -5.56572 -0.435572 -1.27402
431.504 516.391 -5.55822 -0.367546 -1.26461
476.306 497.527 -5.67123 -0.373134 -1.23633
492.811 139.119 -5.73565 -0.747502 -1.35376
549.402 143.835 -6.07116 -0.807532 -1.33386
506.959 167.414 -5.82562 -0.732456 -1.34323
426.789 174.488 -5.52406 -0.670865 -1.36345
591.845 381.988 -6.5949 -0.461491 -1.15878
662.583 377.272 -7.84622 -0.457136 -0.935639
676.731 419.715 -7.89746 -0.332293 -0.838438
655.51 257.016 -7.52633 -0.803947 -1.09562
502.243 504.601 -5.61481 -0.386203 -1.20614
400.851 68.3805 -5.40182 -0.733474 -1.38322
410.283 299.459 -5.463 -0.56477 -1.32622
311.249 551.76 -5.31651 -0.377827 -1.30936
440.936 367.84 -5.34992 -0.529887 -1.26764
459.8 393.777 -5.58964 -0.48089 -1.28152
438.578 436.22 -5.55614 -0.440437 -1.28302
346.618 591.845 -5.37634 -0.336723 -1.28705
516.391 233.437 -5.94295 -0.665467 -1.31705
539.97 231.079 -6.09645 -0.685993 -1.30797
235.795 351.549 -5.2878 -0.501507 -1.39139
304.39 310.82 -5.27539 -0.542867 -1.35269
57.8769 233.651 -5.09034 -0.559676 -1.41882
145.764 203.641 -5.1869 -0.580758 -1.43065
165.056 338.687 -5.21502 -0.509773 -1.40896
321.538 100.749 -5.26546 -0.676627 -1.38264
66.4513 87.8871 -5.09885 -0.626383 -1.44022
152.195 83.6 -5.17137 -0.644749 -1.44178
152.195 160.769 -5.20072 -0.604703 -1.44065
396.564 212.215 -5.48814 -0.63168 -1.36866
220.79 591.631 -5.22018 -0.370458 -1.33342
308.677 608.779 -5.32003 -0.338398 -1.29949
109.323 535.897 -4.98866 -0.471254 -1.30999
137.19 450.154 -5.02668 -0.494458 -1.32609
833.856 387.99 -9.79903 -0.617167 0.095193
763.118 394.42 -9.88256 -0.458587 -0.249223
990.338 463.015 -7.34628 -0.557696 0.000536111
600.205 467.302 -6.50134 -0.319794 -1.09046
846.718 216.502 -9.76837 -1.50463 -0.15566
450.154 306.533 -5.45067 -0.568607 -1.29399
465.159 293.672 -5.51636 -0.581091 -1.29463
473.733 323.682 -5.72389 -0.543684 -1.30037
752.4 300.102 -10.1999 -0.935342 -0.432148
730.964 319.395 -9.85399 -0.77795 -0.543303
568.051 265.805 -6.41438 -0.659004 -1.26404
514.461 593.774 -5.75717 -0.254963 -1.16102
600.205 347.261 -6.5394 -0.535515 -1.16219
638.79 347.261 -6.59171 -0.557044 -1.08943
495.169 64.3077 -5.59106 -0.799317 -1.34751
392.277 143.62 -5.47665 -0.682757 -1.38548
381.559 190.779 -5.44687 -0.640749 -1.37855
930.318 237.938 -8.06852 -1.22045 -0.171999
508.031 362.267 -5.67101 -0.516933 -1.25398
559.477 364.41 -6.20733 -0.500472 -1.21701
405.138 392.277 -5.53977 -0.473904 -1.32455
844.574 327.969 -9.6376 -0.933336 0.00457326
340.831 480.164 -5.38313 -0.419292 -1.31823
340.831 493.025 -5.38422 -0.408362 -1.31642
385.846 490.882 -5.42235 -0.409571 -1.29151
282.954 126.472 -5.2409 -0.64998 -1.39358
317.251 186.492 -5.28245 -0.624035 -1.37201
591.631 381.559 -6.54652 -0.465028 -1.15871
891.733 282.954 -9.74072 -1.24708 0.188263
812.42 167.2 -9.93845 -1.71371 -0.38986
433.005 572.338 -5.57568 -0.313224 -1.24516
430.861 516.605 -5.56497 -0.365191 -1.26607
475.877 497.313 -5.64287 -0.378606 -1.23431
445.867 638.79 -5.50195 -0.278907 -1.21019
437.292 130.759 -5.54737 -0.715438 -1.37416
486.595 117.897 -5.61975 -0.751558 -1.34713
426.574 173.631 -5.54983 -0.672654 -1.36848
617.354 531.61 -6.12759 -0.286679 -1.04596
930.318 145.764 -7.89467 -1.49811 -0.331111
310.82 503.743 -5.35243 -0.401902 -1.3284
454.441 40.7282 -5.44974 -0.781006 -1.36153
385.846 660.225 -5.47921 -0.25346 -1.25227
394.42 96.4615 -5.40838 -0.712872 -1.38169
550.902 145.764 -6.05584 -0.807163 -1.32881
664.513 377.272 -7.61931 -0.468396 -0.946357
677.374 420.143 -7.77929 -0.340019 -0.849969
199.354 242.226 -5.19542 -0.569909 -1.39844
377.272 538.041 -5.4547 -0.361518 -1.28978
347.261 593.774 -5.3828 -0.335854 -1.28687
533.754 625.928 -5.77853 -0.221087 -1.12971
385.846 338.687 -5.3352 -0.539015 -1.31001
255.087 128.615 -5.23154 -0.642127 -1.40451
540.184 231.508 -6.04679 -0.682676 -1.30063
495.169 237.938 -5.80576 -0.642374 -1.32681
460.872 210.072 -5.62382 -0.656258 -1.34064
450.154 246.513 -5.55523 -0.615526 -1.32712
298.154 237.744 -5.26704 -0.587884 -1.36873
304 309.846 -5.27871 -0.542801 -1.35379
60.4102 231.897 -5.09555 -0.559842 -1.42145
206.564 95.4872 -5.17602 -0.648411 -1.41256
152 83.7948 -5.17508 -0.644949 -1.44344
307.897 609.949 -5.31508 -0.33885 -1.29834
111.077 535.897 -4.99563 -0.469729 -1.31319
222.154 395.59 -5.09306 -0.511831 -1.32307
313.743 370.256 -5.19996 -0.521062 -1.31433
658.666 541.743 -7.2225 -0.0614927 -0.846628
834.051 387.795 -9.66914 -0.615047 0.0663474
933.436 372.205 -8.24756 -0.776013 0.0537547
991.897 463.795 -7.32229 -0.556478 -0.00854525
746.359 231.897 -10.976 -1.3908 -0.498984
600.205 465.743 -6.45286 -0.324525 -1.08927
520.308 335.179 -5.60888 -0.55639 -1.24379
391.692 144.205 -5.46133 -0.681173 -1.38217
512.513 604.102 -5.6107 -0.290225 -1.16241
771.692 300.102 -9.52528 -0.92904 -0.419601
732.718 319.59 -10.109 -0.788292 -0.507068
931.487 241.641 -8.01414 -1.20663 -0.181865
627.487 270.872 -6.51272 -0.690629 -1.16254
865.231 296.205 -9.86465 -1.1373 0.105539
606.051 284.513 -6.09717 -0.638266 -1.18893
760 171.487 -10.6141 -1.72456 -0.583279
617.743 163.692 -7.36316 -1.00398 -1.28098
933.436 294.256 -7.89939 -1.02364 -0.147962
880.82 331.282 -9.3136 -0.947999 0.106904
442.359 446.256 -5.58806 -0.428691 -1.27963
430.667 516.41 -5.56252 -0.364771 -1.26516
494.974 383.897 -5.62654 -0.498242 -1.25375
438.461 553.436 -5.57626 -0.329527 -1.24739
473.538 547.59 -5.61987 -0.333174 -1.21863
286.461 173.436 -5.25592 -0.623089 -1.38781
317.641 187.077 -5.28281 -0.62355 -1.37196
563.179 532 -6.24557 -0.234862 -1.12799
570.974 586.564 -5.86094 -0.258166 -1.0993
504.718 502.769 -5.73481 -0.366648 -1.21053
446.256 639.179 -5.49198 -0.280603 -1.20949
457.949 615.795 -5.58358 -0.275321 -1.20933
473.538 652.82 -5.47863 -0.282237 -1.1808
311.795 502.769 -5.3482 -0.403432 -1.32709
929.538 144.205 -7.91343 -1.50351 -0.325327
654.769 399.487 -7.31019 -0.416804 -0.973436
678.154 418.974 -7.90674 -0.334266 -0.836874
436.513 128.615 -5.54742 -0.715882 -1.37275
424.82 173.436 -5.53647 -0.672454 -1.367
337.128 60.4102 -5.26814 -0.702777 -1.38354
656.718 255.282 -7.23606 -0.78147 -1.09614
487.179 116.923 -5.61761 -0.751885 -1.34562
549.538 144.205 -6.06403 -0.807505 -1.33071
448.205 364.41 -5.35884 -0.529638 -1.26752
456 389.743 -5.61199 -0.480575 -1.28293
430.667 231.897 -5.57124 -0.623427 -1.35118
459.897 212.41 -5.6347 -0.654721 -1.3422
424.82 37.0256 -5.51047 -0.786948 -1.40196
407.282 637.231 -5.52862 -0.261063 -1.24458
572.923 639.179 -5.68804 -0.253693 -1.08823
494.974 237.744 -5.84657 -0.642553 -1.33169
570.974 68.2051 -6.12208 -0.935045 -1.34243
615.795 105.231 -6.61819 -1.00438 -1.29935
378.051 537.846 -5.50361 -0.349018 -1.29538
346.872 592.41 -5.36141 -0.341109 -1.28517
198.769 241.641 -5.18828 -0.57073 -1.39628
664.513 298.154 -7.67624 -0.698798 -1.02737
697.641 280.615 -8.53279 -0.849468 -0.889434
335.179 304 -5.32219 -0.551038 -1.34717
385.846 337.128 -5.29583 -0.541365 -1.30158
280.615 97.4359 -5.26044 -0.668855 -1.40635
323.487 99.3846 -5.25068 -0.674872 -1.3783
255.282 128.615 -5.21668 -0.640962 -1.39838
202.667 190.974 -5.17939 -0.597537 -1.40035
395.59 212.41 -5.47261 -0.62922 -1.36396
354.667 255.282 -5.26827 -0.586709 -1.33464
154.126 161.212 -5.19629 -0.604192 -1.43956
136.41 449.977 -5.02554 -0.495192 -1.32526
933.613 372.028 -8.01691 -0.766177 -0.0150855
763.543 395.058 -10.0404 -0.457412 -0.217088
772.401 299.394 -9.66725 -0.937802 -0.399763
767.086 350.769 -10.4392 -0.696434 -0.204848
501.352 53.1468 -5.60744 -0.813896 -1.35125
488.951 310.023 -5.54482 -0.571 -1.27355
800.746 294.079 -10.2479 -1.06739 -0.171097
866.293 295.851 -9.88931 -1.14366 0.11737
845.035 327.739 -9.66314 -0.930326 0.010657
448.205 304.709 -5.42801 -0.568497 -1.29216
465.921 292.308 -5.54544 -0.581269 -1.29782
474.778 322.424 -5.52799 -0.555587 -1.2819
442.89 448.205 -5.56209 -0.4308 -1.27742
430.489 517.296 -5.56252 -0.364771 -1.26516
471.235 506.666 -5.62225 -0.371867 -1.23458
382.657 189.557 -5.45939 -0.64185 -1.37879
439.347 554.499 -5.57626 -0.329527 -1.24739
474.778 547.412 -5.64198 -0.3282 -1.21936
639.534 347.226 -6.6967 -0.557848 -1.08822
559.813 364.942 -6.25465 -0.495128 -1.22035
446.433 639.534 -5.5132 -0.273318 -1.21035
458.834 616.503 -5.56285 -0.280394 -1.20844
441.119 653.706 -5.48885 -0.270399 -1.20859
473.007 653.706 -5.48912 -0.278744 -1.18134
455.291 38.9743 -5.42624 -0.775043 -1.35487
382.657 448.205 -5.4251 -0.441916 -1.30612
550.956 143.496 -6.09744 -0.813206 -1.33043
520.839 232.075 -5.97469 -0.668811 -1.31913
465.921 155.897 -5.58955 -0.705035 -1.34979
311.795 503.123 -5.34269 -0.406117 -1.32595
375.571 637.762 -5.51417 -0.254891 -1.27312
387.972 657.249 -5.46012 -0.260666 -1.25027
400.373 67.3193 -5.44739 -0.741508 -1.39334
395.058 95.6643 -5.40996 -0.713876 -1.38247
894.638 150.583 -9.78975 -1.91439 -0.0196393
930.07 143.496 -7.83977 -1.48618 -0.342181
448.205 364.942 -5.37705 -0.529389 -1.26871
439.347 437.576 -5.56113 -0.440601 -1.28104
430.489 232.075 -5.58549 -0.623754 -1.35375
449.977 246.247 -5.58147 -0.61592 -1.33148
286.993 554.499 -5.30739 -0.373844 -1.3232
315.338 552.727 -5.31563 -0.377972 -1.30757
226.76 248.019 -5.20753 -0.569826 -1.38849
533.24 625.361 -5.76613 -0.224996 -1.13006
572.214 637.762 -5.69677 -0.251176 -1.08839
377.343 538.555 -5.46085 -0.358785 -1.29014
348.998 591.701 -5.3801 -0.336222 -1.28781
951.328 435.804 -8.04309 -0.582513 0.131417
655.478 400.373 -7.28652 -0.416368 -0.9745
678.508 418.088 -7.80194 -0.345434 -0.845475
336.597 304.709 -5.32158 -0.550524 -1.34676
379.114 341.911 -5.2751 -0.54 -1.30243
147.04 203.73 -5.18562 -0.580421 -1.42868
150.583 248.019 -5.1909 -0.557501 -1.42315
676.736 455.291 -7.6951 -0.239254 -0.822988
248.019 446.433 -5.08438 -0.495185 -1.30127
862.75 386.2 -9.9811 -0.662487 0.288722
67.3193 85.0349 -5.09065 -0.62595 -1.43661
311.795 683.823 -5.42896 -0.233851 -1.30115
56.69 258.648 -5.08628 -0.547892 -1.41429
299.394 237.389 -5.2712 -0.58825 -1.37039
753.719 301.165 -10.0688 -0.924009 -0.436853
487.985 310.828 -5.53849 -0.570505 -1.27335
558.847 309.218 -5.84223 -0.588242 -1.22965
856.791 239.966 -10.0919 -1.43615 -0.000810593
475.1 323.713 -5.52193 -0.555883 -1.28103
798.813 338.207 -9.9297 -0.800594 -0.15299
607.162 285.06 -6.15951 -0.640015 -1.18818
639.372 347.87 -6.83778 -0.552357 -1.08072
388.133 460.606 -5.45679 -0.426194 -1.30362
343.039 491.206 -5.36646 -0.414287 -1.31293
871.286 235.134 -9.79018 -1.44668 0.0143211
392.964 144.946 -5.43422 -0.679117 -1.37648
383.301 190.04 -5.40055 -0.639066 -1.36588
525.026 423.564 -6.0784 -0.406864 -1.23531
813.308 167.493 -9.17865 -1.55578 -0.493372
563.679 533.079 -6.04023 -0.274843 -1.12561
571.731 587.836 -5.8629 -0.258316 -1.0976
934.096 294.723 -8.03705 -1.03741 -0.105906
882.56 331.765 -9.52471 -0.965609 0.167401
439.669 554.016 -5.57143 -0.330831 -1.24644
431.617 573.342 -5.51917 -0.324752 -1.24294
446.111 640.983 -5.5171 -0.271438 -1.21044
458.995 616.825 -5.55441 -0.282327 -1.20838
487.985 117.567 -5.60679 -0.750226 -1.34405
505.7 165.883 -5.83477 -0.734238 -1.34503
555.626 151.388 -6.14362 -0.812783 -1.32568
454.164 38.6522 -5.46755 -0.783088 -1.36301
434.838 436.448 -5.57491 -0.438334 -1.28687
467.048 431.617 -5.66744 -0.435025 -1.27139
317.27 186.819 -5.27284 -0.622787 -1.36999
436.448 128.841 -5.59129 -0.720418 -1.38054
481.543 157.83 -5.62007 -0.712059 -1.33857
653.867 293.113 -7.69902 -0.70421 -1.06036
307.607 610.383 -5.31455 -0.33794 -1.29831
375.249 639.372 -5.49079 -0.260826 -1.27118
984.022 62.8099 -7.35217 -1.61348 -0.40184
536.3 626.488 -5.79301 -0.217968 -1.12789
320.492 99.8516 -5.2558 -0.675878 -1.38075
336.597 305.997 -5.29674 -0.55173 -1.34029
336.597 346.26 -5.2357 -0.533871 -1.31723
378.47 343.039 -5.29399 -0.537842 -1.30552
676.414 455.774 -7.77837 -0.229212 -0.814867
396.185 212.587 -5.46297 -0.628406 -1.36243
856.791 386.522 -9.80802 -0.665401 0.225695
206.145 95.0201 -5.18307 -0.649123 -1.41549
149.777 204.535 -5.19543 -0.580398 -1.4322
149.777 248.019 -5.19439 -0.557436 -1.42419
992.074 463.827 -7.31963 -0.555203 -0.00932318
222.25 589.447 -5.22 -0.372661 -1.33227
206.145 135.283 -5.18261 -0.627679 -1.40898
202.924 191.651 -5.17424 -0.597865 -1.39864
658.699 542.742 -7.39053 -0.0293359 -0.825244
304.386 310.828 -5.26839 -0.543821 -1.35149
293.113 268.955 -5.24534 -0.568899 -1.36018
297.944 236.745 -5.25877 -0.587886 -1.36781
59.5889 231.913 -5.09093 -0.560575 -1.41969
56.3679 259.292 -5.08192 -0.547465 -1.41249
67.6414 85.357 -5.09267 -0.626308 -1.43786
132.062 663.53 -5.0872 -0.377794 -1.32463
111.125 534.689 -4.98679 -0.472811 -1.30887
162.662 115.957 -5.1957 -0.630003 -1.44063
133.672 162.662 -5.18275 -0.600463 -1.44238
871.14 235.72 -9.58937 -1.41266 -0.0338952
732.05 279.643 -10.6914 -1.04173 -0.519638
767.188 351.384 -10.2954 -0.692192 -0.233901
587.104 300.141 -6.2326 -0.616042 -1.20876
601.745 289.892 -6.2797 -0.639108 -1.19331
570.999 329.423 -6.27045 -0.557316 -1.22091
636.884 342.599 -6.61816 -0.559033 -1.09408
472.904 508.043 -5.61925 -0.372544 -1.23416
844.786 327.958 -9.44678 -0.912662 -0.0375962
382.13 448.015 -5.43666 -0.439928 -1.30768
582.712 240.112 -6.41975 -0.717044 -1.25645
606.137 556.358 -5.87068 -0.304971 -1.07
557.822 364.561 -6.27344 -0.493182 -1.22224
496.33 427.517 -5.67624 -0.453446 -1.2395
486.081 118.592 -5.58711 -0.748049 -1.34121
554.894 152.266 -6.18574 -0.816394 -1.33052
442.158 654.453 -5.4824 -0.272502 -1.20866
459.727 617.85 -5.57574 -0.275919 -1.20812
898.957 307.461 -9.52173 -1.10587 0.20997
882.852 330.887 -9.56382 -0.966053 0.177965
639.812 348.456 -6.7247 -0.550453 -1.08315
519.756 273.787 -5.79644 -0.614304 -1.28552
464.12 155.195 -5.61274 -0.70693 -1.35305
431.91 573.927 -5.55159 -0.315525 -1.24531
467.048 426.053 -5.62057 -0.449376 -1.26642
459.727 212.295 -5.60976 -0.65269 -1.33876
399.699 67.3486 -5.45169 -0.742504 -1.39594
307.461 611.994 -5.3109 -0.337938 -1.2972
374.81 639.812 -5.47327 -0.266499 -1.26912
386.522 660.309 -5.4239 -0.273887 -1.24729
676.414 455.335 -7.67254 -0.241367 -0.824498
982.411 62.9563 -7.41959 -1.6373 -0.384831
983.875 89.3101 -7.28981 -1.52203 -0.390182
994.124 74.6691 -7.17624 -1.53042 -0.411335
377.738 540.253 -5.45497 -0.359138 -1.28941
199.118 243.041 -5.18007 -0.569272 -1.39383
395.307 212.295 -5.46297 -0.628406 -1.36243
355.776 254.753 -5.32669 -0.586665 -1.34642
408.484 245.969 -5.44548 -0.603397 -1.34189
336.743 305.997 -5.31899 -0.55023 -1.34583
387.987 339.671 -5.30316 -0.540262 -1.30206
320.638 99.5588 -5.25509 -0.675554 -1.38066
614.922 105.415 -6.60103 -1.00178 -1.29124
238.648 352.848 -5.28241 -0.501919 -1.38913
133.233 229.864 -5.18497 -0.56461 -1.43251
222.543 588.568 -5.19471 -0.380801 -1.32665
204.974 136.161 -5.17534 -0.627196 -1.4071
254.753 128.841 -5.22055 -0.641607 -1.4012
203.51 190.333 -5.1867 -0.598027 -1.40323
139.09 86.3819 -5.17146 -0.6404 -1.44761
62.9563 133.233 -5.08569 -0.603934 -1.42878
40.9948 162.515 -5.086 -0.587718 -1.43327
762.796 396.771 -10.4606 -0.428581 -0.13911
83.4537 32.2102 -5.10864 -0.653442 -1.44737
65.8845 84.9178 -5.0871 -0.626078 -1.43555
978.019 459.727 -7.68001 -0.549013 0.0987118
991.196 464.12 -7.32335 -0.552887 -0.00803098
298.676 237.184 -5.26133 -0.588803 -1.36853
303.069 310.389 -5.25718 -0.544865 -1.34946
311.853 685.199 -5.4208 -0.23744 -1.30085
153.731 111.272 -5.17949 -0.630603 -1.43938
111.272 535.861 -4.98938 -0.471842 -1.30967
57.0999 259.146 -5.08436 -0.547969 -1.41342
657.381 543.181 -7.10367 -0.0800851 -0.857881
221.079 398.235 -5.0898 -0.512207 -1.32257
105.415 366.025 -5.27407 -0.466568 -1.46732
792.078 229.864 -10.0016 -1.36464 -0.359361
771.581 263.538 -9.37316 -1.08249 -0.50699
979.616 459.195 -7.65805 -0.546494 0.0926216
991.595 464.519 -7.34006 -0.552726 -0.00197072
983.609 515.097 -7.33713 -0.403026 0.0292688
700.106 439.23 -7.97872 -0.289616 -0.73515
935.693 372.68 -8.11308 -0.7734 0.0179848
994.257 74.536 -7.14773 -1.52007 -0.420838
830.544 169.037 -9.52199 -1.64509 -0.358666
770.649 300.806 -9.58196 -0.927483 -0.415545
693.451 300.806 -8.14374 -0.732804 -0.902115
640.211 224.939 -7.55819 -0.882069 -1.17247
882.453 298.144 -9.54083 -1.13943 0.114
934.362 296.813 -8.18675 -1.05452 -0.059692
883.784 331.419 -9.43798 -0.95835 0.148516
845.185 328.757 -9.21055 -0.89235 -0.0920807
472.505 507.111 -5.60676 -0.374372 -1.23298
467.181 425.92 -5.63504 -0.447975 -1.26745
597.619 507.111 -6.09577 -0.32074 -1.08814
606.936 503.118 -6.08027 -0.333462 -1.07841
525.745 423.258 -6.0684 -0.407616 -1.23441
467.181 672.155 -5.4515 -0.275616 -1.18041
387.321 658.845 -5.4229 -0.275217 -1.24711
472.505 539.055 -5.59047 -0.348787 -1.22225
572.33 638.88 -5.63096 -0.269565 -1.09232
609.598 666.831 -5.89849 -0.158468 -1.01419
572.33 586.971 -5.83584 -0.263488 -1.0999
312.785 500.456 -5.33724 -0.408296 -1.32484
220.946 397.969 -5.08767 -0.512495 -1.32166
111.804 535.062 -4.98441 -0.473717 -1.30801
210.298 638.88 -5.19749 -0.351127 -1.32412
223.608 586.971 -5.20909 -0.376444 -1.3299
383.328 190.333 -5.46362 -0.642698 -1.37869
520.421 137.093 -5.92746 -0.786984 -1.35334
552.365 145.079 -6.09437 -0.813739 -1.32838
505.78 166.375 -5.81776 -0.732868 -1.34283
467.181 292.82 -5.51652 -0.581435 -1.29385
475.167 323.433 -5.45446 -0.560381 -1.27087
335.412 346.06 -5.22266 -0.534969 -1.31415
459.195 212.96 -5.60519 -0.651707 -1.33799
356.708 256.883 -5.31596 -0.586755 -1.34418
62.557 133.1 -5.09294 -0.603601 -1.43235
204.974 137.093 -5.20268 -0.628246 -1.41741
133.1 230.263 -5.18492 -0.564189 -1.43271
149.072 248.897 -5.19029 -0.557083 -1.4229
55.902 259.545 -5.09676 -0.546391 -1.4188
303.468 310.123 -5.26203 -0.544862 -1.35048
306.13 343.398 -5.24343 -0.527207 -1.33905
238.249 352.715 -5.28582 -0.501789 -1.38967
654.852 256.883 -7.05936 -0.769136 -1.11099
980.1 516.67 -7.42692 -0.395005 0.0661794
763.51 396.88 -9.91342 -0.440908 -0.230974
832.48 387.2 -9.60372 -0.613059 0.0422853
649.77 692.12 -6.36675 0.0323931 -0.871503
983.73 89.54 -7.36597 -1.54774 -0.372749
640.09 349.69 -6.7247 -0.550453 -1.08315
844.58 327.91 -9.70055 -0.923875 0.0206807
857.89 232.32 -9.52327 -1.39386 -0.116642
429.55 520.3 -5.51624 -0.372491 -1.26075
526.35 423.5 -6.05579 -0.408849 -1.23288
441.65 654.61 -5.48022 -0.272189 -1.2086
459.8 617.1 -5.5607 -0.280615 -1.20757
467.06 672.76 -5.45609 -0.273185 -1.18142
471.9 539.66 -5.60236 -0.345796 -1.22284
611.05 695.75 -6.15655 -0.0227854 -0.965867
536.03 624.36 -5.80809 -0.213118 -1.12652
606.21 556.6 -5.91296 -0.29603 -1.06595
131.89 663.08 -5.08864 -0.377631 -1.32602
111.32 533.61 -4.98575 -0.473294 -1.30833
427.13 87.12 -5.49973 -0.742018 -1.38363
335.17 54.45 -5.26758 -0.706405 -1.38433
520.3 136.73 -5.92185 -0.785549 -1.35249
567.49 78.65 -5.86748 -0.864678 -1.31278
471.9 297.66 -5.47305 -0.579918 -1.28175
333.96 346.06 -5.21912 -0.535291 -1.31383
134.31 162.14 -5.18011 -0.600713 -1.44134
142.78 58.08 -5.17696 -0.656053 -1.45317
317.02 187.55 -5.263 -0.621682 -1.3675
278.3 59.29 -5.23931 -0.688294 -1.40866
59.29 231.11 -5.10203 -0.559909 -1.42442
55.66 260.15 -5.08932 -0.546927 -1.41536
199.65 217.8 -5.18345 -0.58392 -1.39877
227.48 246.84 -5.20506 -0.570768 -1.38735
695.75 273.46 -8.38593 -0.845004 -0.903765
768.35 246.84 -10.1338 -1.24795 -0.444984
653.4 292.82 -7.52784 -0.698245 -1.06528
631.62 417.45 -7.01641 -0.377756 -1.03378
998.25 389.62 -7.34929 -0.760391 -0.0506915
665.5 376.31 -8.01042 -0.459274 -0.916406
655.82 400.51 -7.28146 -0.419074 -0.972718
677.6 455.4 -7.69924 -0.240401 -0.821485
749.1 379.5 -9.83406 -0.503977 -0.348941
764.5 390.5 -9.97905 -0.47376 -0.227891
699.6 440 -7.94525 -0.28931 -0.739266
983.4 89.1 -7.31965 -1.53205 -0.385319
994.4 75.9 -7.18394 -1.53215 -0.408832
640.2 224.4 -7.56118 -0.882516 -1.17456
886.6 328.9 -9.14749 -0.951603 0.0822051
872.3 298.1 -9.65773 -1.12142 0.0934048
429 521.4 -5.53504 -0.368368 -1.26211
611.6 696.3 -6.13561 -0.0299685 -0.968331
536.8 625.9 -5.74144 -0.23366 -1.12892
606.1 556.6 -6.09363 -0.255061 -1.05256
341 146.3 -5.26704 -0.652381 -1.36305
337.7 306.9 -5.3233 -0.549715 -1.34613
459.8 213.4 -5.59196 -0.650806 -1.33629
357.5 257.4 -5.31263 -0.586353 -1.34342
201.3 190.3 -5.17613 -0.598134 -1.39972
227.7 247.5 -5.21879 -0.570474 -1.39157
754.6 302.5 -10.0756 -0.920838 -0.424961
771.1 301.4 -9.78964 -0.939296 -0.385641
581.9 298.1 -5.97976 -0.611802 -1.21137
821.7 240.9 -10.5913 -1.44454 -0.0825837
998.8 390.5 -7.32528 -0.757857 -0.0596252
656.7 400.4 -7.29543 -0.417712 -0.969744
467.5 452.1 -5.6318 -0.423594 -1.25765
594 344.3 -6.41709 -0.538342 -1.17641
572 365.2 -6.27203 -0.501049 -1.20047
866.8 240.9 -10.0184 -1.44646 0.0438221
980 517 -7.34786 -0.397888 0.0322752
833 388 -9.49745 -0.610562 0.0187847
856 373 -9.78232 -0.72912 0.180314
994 76 -7.22407 -1.54461 -0.398276
842 294 -9.85249 -1.10571 -0.0209494
606 556 -5.89941 -0.299306 -1.06762
401 321 -5.35877 -0.550548 -1.30876
295 270 -5.27064 -0.567208 -1.36581
771 301 -9.68947 -0.933267 -0.401847
883 220 -9.65548 -1.51888 0.0127248
885 295 -9.61336 -1.15598 0.142096
618 107 -6.60647 -1.00268 -1.2895
