958 342 23.4386 1.91022 27.4517
253 463 25.8431 2.88024 26.4468
1032 148 23.4653 1.44354 27.8349
1089 49 23.4451 1.26736 28.0367
911 183 23.5943 1.34328 27.0798
774 356 23.783 1.88436 25.6406
1018 448 23.2624 2.19212 27.6063
856 536 23.4465 2.57818 26.7436
1119 696 23.2227 2.66176 28.2635
1107 85 23.4277 1.38659 28.1311
707 377 24.0714 2.01922 25.0134
833 297 23.6617 1.64019 26.2851
1079 105 23.4544 1.41361 28.0692
639 259 25.0378 0.473941 19.6823
792 222 23.796 1.04413 25.0581
130.8 387.6 26.0313 2.63136 27.0793
878.4 421.2 23.4092 2.13703 26.491
296.4 378 26.1511 2.52274 25.5205
1033.2 465.6 23.2578 2.23682 27.7266
1042.8 252 23.3636 1.68336 27.7819
762 272.4 23.9087 1.35816 24.9882
978 370.8 23.4095 2.00453 27.5869
958.8 360 23.448 1.98279 27.542
1106.4 652.8 23.2335 2.58967 28.2122
1117.2 626.4 23.2391 2.53257 28.2475
787.2 435.6 23.6207 2.25189 25.5306
24 304.8 25.8421 2.41469 27.9188
86.4 188.4 25.9147 2.07633 27.7339
880.8 554.4 23.357 2.61799 26.7529
1083.6 98.4 23.4492 1.40134 28.0806
1131.6 513.6 23.1594 2.30818 28.0576
1124.4 495.6 23.1761 2.26926 28.0432
812.4 289.2 23.7107 1.58682 26.0576
24 345.6 25.8626 2.52491 27.8551
880.8 309.6 23.5817 1.77258 26.9547
1132.8 675.6 23.2092 2.61672 28.275
118.8 519.6 25.7507 2.99343 27.4237
964.8 218.4 23.4236 1.46278 27.1916
242.4 505.2 25.8513 3.05493 26.4001
603.6 456 24.9056 2.82012 19.6479
1062 660 23.2855 2.63882 28.1461
1066.8 489.6 23.302 2.28647 28.0425
780 582 23.5819 2.8962 26.0992
763.2 592.8 23.6294 2.97423 25.9698
982.8 157.2 23.5126 1.40297 27.5883
879.6 192 23.5884 1.20677 26.4426
768 559.2 23.6362 2.83153 25.9303
907.2 402 23.5219 2.09993 27.36
873.6 373.2 23.5337 1.99486 26.8734
1111.2 91.2 23.4172 1.40416 28.1398
1123.2 82.8 23.3924 1.38634 28.1369
1201.2 73.2 23.325 1.42798 28.3336
1030.8 650.4 23.2797 2.66316 27.9688
847.2 277.2 23.5913 1.51566 26.1561
1092 622.8 23.2429 2.54803 28.1445
934.8 696 23.2927 2.92426 27.4511
931.2 679.2 23.2794 2.89834 27.3494
1080 105.6 23.4525 1.41322 28.0708
1027.2 505.2 23.2695 2.33842 27.7542
997.2 490.8 23.3304 2.32068 27.706
298.8 319.2 25.9074 2.23915 26.2414
52.8 240 25.8861 2.23164 27.8317
638.4 259.2 25.0871 0.388625 19.1557
626.4 66 25.1024 -0.0626125 24.0027
582 490.8 25.0636 3.25396 19.7555
754.8 330 23.8767 1.72456 25.2561
710.4 124.8 24.3893 0.503874 24.8321
1204.8 260.4 23.3618 1.85806 28.5298
988.8 271.2 23.4846 1.76346 27.7783
1124.4 26.4 23.4129 1.24159 28.1235
1173.6 160.8 23.1755 1.46214 27.9789
1243.2 112.8 23.2118 1.46519 28.2955
978 98.4 23.6064 1.31411 27.7725
999.6 147.6 23.5072 1.4153 27.7205
849.6 634.8 23.461 2.88189 27.0316
714 595.2 23.7721 3.17899 25.0671
655.2 564 24.1217 3.10559 25.0145
758.4 626.4 23.6445 3.0845 26.2096
854.4 441.6 23.4774 2.23257 26.509
916.8 406.8 23.4868 2.1236 27.3472
764.4 507.6 23.6466 2.63212 25.3753
1118.4 552 23.1981 2.39448 28.1153
1074 531.6 23.2855 2.37321 28.0728
1239.6 364.8 23.2128 2.00624 28.4317
1107.6 464.4 23.1982 2.20635 27.9936
947.52 149.76 23.5879 1.35605 27.4643
239.04 342.72 25.9496 2.39985 26.6314
345.6 460.8 26.1804 3.01552 24.3896
792 256.32 23.8141 1.39399 25.732
813.6 551.52 23.5704 2.68021 26.6922
869.76 499.68 23.504 2.43218 27.0905
856.8 535.68 23.4424 2.58054 26.7369
846.72 548.64 23.4788 2.62445 26.7769
885.6 538.56 23.356 2.56003 26.7595
1020.96 133.92 23.4818 1.40679 27.7963
1154.88 662.4 23.1847 2.5783 28.2994
787.68 436.32 23.6208 2.25137 25.4972
1015.2 87.84 23.528 1.29374 27.8105
996.48 83.52 23.5804 1.28892 27.8125
1031.04 656.64 23.2806 2.67114 27.9809
793.44 596.16 23.5236 2.92634 26.1681
779.04 583.2 23.5698 2.91394 25.9718
763.2 591.84 23.6191 2.9782 25.914
977.76 371.52 23.4188 2.00776 27.6311
959.04 360 23.4468 1.98202 27.544
1062.72 564.48 23.3467 2.44398 28.2035
1064.16 542.88 23.299 2.40304 28.0779
1218.24 37.44 23.2825 1.3128 28.2831
848.16 184.32 23.7267 1.23152 26.5526
1008 459.36 23.2948 2.2288 27.6419
1131.84 512.64 23.1585 2.30953 28.0574
790.56 560.16 23.5375 2.80208 25.9894
881.28 218.88 23.6328 1.4463 26.9165
905.76 345.6 23.4283 1.85268 26.7691
1097.28 684 23.2673 2.64953 28.2677
211.68 325.44 26.0179 2.36436 26.7163
688.32 436.32 24.0996 2.37702 25.0176
711.36 410.4 24.014 2.18085 24.9783
705.6 378.72 24.0717 2.01767 25.0248
931.68 679.68 23.2763 2.90028 27.3491
944.64 655.2 23.422 2.7383 27.8527
763.2 469.44 23.7265 2.4423 25.8032
907.2 581.76 23.3218 2.6637 27.0274
1110.24 92.16 23.4214 1.40904 28.1529
907.2 401.76 23.5184 2.10069 27.366
1041.12 614.88 23.257 2.57303 27.9374
1065.6 489.6 23.3028 2.28618 28.0416
812.16 401.76 23.6486 2.09992 26.3191
1026.72 505.44 23.2974 2.33658 27.8267
963.36 502.56 23.312 2.36716 27.4035
1078.56 640.8 23.2697 2.59047 28.1489
607.68 397.44 25.0168 2.14464 19.8018
833.76 316.8 23.6635 1.77034 26.5343
864 279.36 23.514 1.49403 26.0648
846.72 276.48 23.5923 1.5197 26.1732
177.12 367.2 25.9845 2.53572 26.9176
390.24 277.92 26.7529 1.64502 22.8187
868.32 604.8 23.4637 2.74917 27.1998
866.88 478.08 23.4508 2.36529 26.7658
148.32 365.76 25.9273 2.54035 27.1992
331.2 329.76 25.6491 2.26873 26.502
1022.4 496.8 23.2808 2.32082 27.7514
288 336.96 26.2071 2.33118 25.6387
36 246.24 25.8719 2.25814 27.8973
43.2 218.88 25.8787 2.18705 27.8892
152.64 216 25.91 2.08302 27.4069
100.8 355.68 25.9093 2.52125 27.4769
227.52 151.2 26.0342 1.7137 26.9056
200.16 162.72 26.0046 1.81482 27.0997
277.92 188.64 26.0384 1.7358 26.4466
145.44 159.84 25.929 1.91666 27.495
637.92 259.2 25.0871 0.388625 19.1557
348.48 227.52 25.7614 1.8077 26.3221
570.24 106.56 25.5479 0.0739722 23.3291
486.72 172.8 26.6694 0.168572 21.0316
564.48 151.2 25.7532 0.0662269 22.0398
303.84 580.32 25.8176 3.50391 25.5963
267.84 581.76 25.7234 3.37321 26.2736
103.68 550.08 25.6712 3.04621 27.6074
318.24 430.56 25.7739 2.72702 26.064
322.56 377.28 25.7538 2.47566 26.1719
266.4 377.28 26.0473 2.53288 26.0741
99.36 456.48 25.873 2.82586 27.4017
552.96 588.96 24.606 3.2875 25.4205
936 302.4 23.4319 1.73241 27.0956
879.84 309.6 23.5817 1.77258 26.9547
792 221.76 23.796 1.04413 25.0581
789.12 283.68 23.7899 1.51468 25.6673
711.36 125.28 24.4005 0.43123 24.599
730.08 139.68 24.2637 0.500323 24.6192
1212.48 230.4 23.3456 1.79394 28.5128
1009.44 276.48 23.4523 1.78208 27.8292
1157.76 50.4 23.3157 1.26963 28.0975
1056.96 167.04 23.3264 1.4086 27.6394
927.36 528.48 23.199 2.49412 26.7293
866.88 676.8 23.4096 2.97527 27.1536
848.16 633.6 23.4519 2.89012 26.9656
938.88 635.04 23.3878 2.71788 27.6764
743.04 648 23.6753 3.2071 26.1292
804.96 407.52 23.6767 2.14043 26.3646
938.88 472.32 23.3933 2.29716 27.3887
741.6 397.44 23.8485 2.06626 24.8041
681.12 504 24.0587 2.75152 24.9114
689.76 452.16 24.0754 2.45812 24.9845
763.2 506.88 23.6521 2.62451 25.4611
738.72 527.04 23.7217 2.79026 25.1051
740.16 446.4 23.8019 2.35796 24.9571
1117.44 551.52 23.1715 2.39695 28.0534
1205.28 593.28 23.2723 2.41932 28.5619
1046.88 601.92 23.2673 2.54397 27.9707
1154.88 362.88 23.1385 1.95456 27.9998
1177.92 472.32 23.1119 2.19804 28.1246
1242.72 450.72 23.3078 2.18478 28.6507
957.6 403.2 23.4878 2.12276 27.772
1000.8 367.2 23.3644 1.99056 27.6533
804.96 76.32 23.8904 -0.0872902 24.4376
1133.57 675.648 23.219 2.61082 28.3018
1102.46 672.192 23.2374 2.63347 28.2131
1202.69 39.744 23.291 1.29975 28.2348
791.424 561.6 23.538 2.8062 25.9882
758.592 537.408 23.6905 2.74942 25.8218
772.416 357.696 23.7811 1.87764 25.5608
786.24 335.232 23.7839 1.81609 26.0156
902.016 219.456 23.5786 1.44772 26.9709
883.008 216 23.6328 1.4463 26.9165
1097.28 554.688 23.3275 2.4064 28.2906
100.224 378.432 25.9379 2.58943 27.4042
203.904 387.072 26.1147 2.61742 26.4452
196.992 390.528 26.0247 2.61539 26.6862
247.104 456.192 25.936 2.87344 26.2825
848.448 184.896 23.7219 1.22897 26.5297
869.184 160.704 23.6653 1.10674 26.5135
874.368 169.344 23.6605 1.20193 26.7278
910.656 511.488 23.4466 2.42649 27.385
934.848 492.48 23.4028 2.36056 27.4237
907.2 658.368 23.3427 2.86413 27.2843
134.784 248.832 25.9035 2.18483 27.4778
794.88 478.656 23.6284 2.43346 26.1213
827.712 457.92 23.4651 2.31713 25.9266
825.984 250.56 23.7607 1.52158 26.6218
812.16 373.248 23.6744 1.98649 26.2336
867.456 399.168 23.5695 2.10394 27.0285
981.504 183.168 23.4805 1.44038 27.5183
1131.84 513.216 23.1582 2.30822 28.0575
1112.83 506.304 23.2006 2.29734 28.0406
881.28 587.52 23.4303 2.69149 27.1635
1026.43 506.304 23.2916 2.33789 27.8099
1028.16 504.576 23.3098 2.33857 27.8661
1185.41 110.592 23.2249 1.3879 28.0816
836.352 203.904 23.7371 1.25681 26.3414
867.456 478.656 23.4485 2.3666 26.7376
862.272 463.104 23.4695 2.31051 26.6911
962.496 502.848 23.3155 2.36958 27.4039
369.792 304.128 26.4455 1.9662 23.9643
648 514.944 24.2034 2.90735 24.2641
1017.79 521.856 23.3141 2.38021 27.8448
995.328 504.576 23.3363 2.36121 27.7168
1097.28 642.816 23.2525 2.57578 28.2076
1078.27 641.088 23.2837 2.58129 28.1911
1090.37 623.808 23.2636 2.54357 28.1959
796.608 603.072 23.5548 2.91048 26.491
371.52 437.184 26.2014 2.85916 24.0623
342.144 432 26.2463 2.84451 24.422
1081.73 514.944 23.2736 2.33857 28.0717
663.552 352.512 24.4233 1.70053 22.1094
228.096 224.64 25.9815 1.97956 26.8642
321.408 266.112 26.2317 1.90347 25.4068
250.56 302.4 26.0712 2.2248 26.3458
198.72 288.576 25.9966 2.23459 26.9008
286.848 336.96 26.1829 2.32126 25.6862
51.84 240.192 25.8878 2.23599 27.8311
136.512 196.992 25.9306 2.02665 27.4837
100.224 355.968 25.9426 2.52445 27.4157
114.048 357.696 25.8957 2.52177 27.4357
177.984 281.664 25.9053 2.24094 27.2105
240.192 103.68 25.713 1.66899 27.4552
200.448 164.16 26.0079 1.81467 27.0974
300.672 177.984 26.0367 1.64001 26.2846
279.936 190.08 26.0716 1.72073 26.3765
65.664 177.984 25.9305 2.07391 27.7875
146.88 162.432 25.9365 1.91657 27.4775
639.36 260.928 25.1058 0.35498 18.8868
601.344 302.4 26.0203 0.321873 13.6799
349.056 228.096 25.7595 1.81327 26.335
570.24 112.32 25.524 0.117229 23.3899
336.96 152.064 25.8642 1.52085 26.3666
302.4 580.608 25.7397 3.44142 25.8292
95.04 546.048 25.6646 3.02581 27.6448
34.56 641.088 25.4314 3.11099 28.1703
219.456 371.52 25.9598 2.52404 26.6799
266.112 376.704 26.0439 2.53806 26.0841
243.648 504.576 25.8707 3.06225 26.3473
311.04 504.576 25.7845 3.09444 25.8624
471.744 532.224 25.3224 3.30185 24.2259
577.152 487.296 25.0547 3.18845 20.4441
343.872 451.008 26.1028 2.92627 24.7001
793.152 222.912 23.8009 1.06722 25.1498
919.296 241.92 23.4591 1.45762 26.7688
865.728 335.232 23.5738 1.84061 26.747
819.072 345.6 23.6268 1.82006 25.9201
677.376 219.456 24.6048 0.409838 21.8246
762.048 271.296 23.9043 1.34393 24.9773
907.2 77.76 23.2545 -0.155634 24.6098
758.592 76.032 24.1701 0.307208 25.2571
1206.14 259.2 23.3645 1.86037 28.5496
1194.05 336.96 23.0785 1.8741 28.0104
1010.88 274.752 23.4528 1.78226 27.8503
950.4 290.304 23.5213 1.79649 27.6109
1157.76 50.112 23.3127 1.26221 28.0845
1114.56 51.84 23.4135 1.29695 28.1032
1157.76 117.504 23.3059 1.43547 28.1243
1244.16 112.32 23.1975 1.45291 28.2617
1199.23 119.232 23.2328 1.44596 28.1747
1081.73 69.12 23.4573 1.33293 28.075
865.728 566.784 23.4059 2.67353 26.7761
927.936 530.496 23.2122 2.49458 26.8011
881.28 551.232 23.3665 2.60522 26.7841
867.456 675.648 23.4066 2.97434 27.1357
796.608 667.008 23.5235 3.12889 26.5557
940.032 635.904 23.3806 2.71866 27.6592
713.664 594.432 23.7716 3.17513 25.1018
654.912 565.056 24.1176 3.10526 24.9885
737.856 527.04 23.7462 2.76383 25.3749
805.248 407.808 23.6767 2.14043 26.3646
876.096 423.36 23.434 2.15262 26.6466
943.488 388.8 23.4836 2.07531 27.578
940.032 471.744 23.3894 2.2989 27.3725
772.416 404.352 23.6758 2.07707 24.8053
734.4 454.464 23.8318 2.40283 25.1395
1116.29 625.536 23.2338 2.53116 28.2323
965.952 530.496 23.3965 2.43791 27.7335
1017.79 682.56 23.2985 2.73029 27.9847
1060.99 658.368 23.2859 2.6369 28.1438
1242.43 451.008 23.298 2.18156 28.6273
1000.51 366.336 23.3644 1.99056 27.6533
955.584 451.008 23.3607 2.22556 27.3841
1071.36 471.744 23.3171 2.24474 28.0986
457.92 86.4 26.2728 0.265498 23.8254
499.392 226.368 27.2442 0.0721057 17.7255
999.475 367.027 23.3746 1.99146 27.6919
1032.65 232.243 23.3549 1.60925 27.6628
1101.08 271.642 23.28 1.75347 27.9638
1107.3 646.963 23.2439 2.5802 28.2338
1132.19 512.179 23.1615 2.30545 28.0574
49.7664 80.8704 25.8838 1.85527 27.9974
688.435 435.456 24.1013 2.36839 24.9745
1078.27 518.4 23.2783 2.34468 28.0739
1090.71 501.811 23.2554 2.3003 28.0589
812.851 369.101 23.6449 1.95159 26.1289
846.029 632.448 23.4485 2.89248 26.9247
928.973 661.479 23.276 2.86109 27.3014
906.163 657.331 23.3195 2.88245 27.1588
1016.06 520.474 23.3143 2.37888 27.8472
993.255 503.885 23.3362 2.36287 27.7036
970.445 522.547 23.3984 2.41516 27.7592
1032.65 651.11 23.2779 2.66141 27.9668
763.085 468.634 23.7271 2.43954 25.7916
868.839 159.667 23.6667 1.11365 26.532
190.771 474.854 25.7834 2.88762 27.0129
371.174 304.819 26.5529 1.95168 23.6657
663.552 354.586 24.4308 1.69903 22.0501
659.405 331.776 24.539 1.43766 21.3687
226.022 240.538 26.1346 2.00605 26.5462
228.096 223.949 25.9985 1.97221 26.8351
271.642 242.611 26.1299 1.94102 26.1747
263.347 236.39 26.033 1.95293 26.4385
240.538 329.702 26.0244 2.35064 26.4843
51.84 238.464 25.8662 2.23524 27.8601
47.6928 221.875 25.8894 2.19257 27.8682
134.784 248.832 25.8987 2.19232 27.4797
151.373 215.654 25.9647 2.06039 27.3441
58.0608 323.482 25.8535 2.44273 27.7591
114.048 315.187 25.9309 2.39805 27.4395
192.845 161.741 25.9133 1.84959 27.265
298.598 176.256 25.9577 1.68135 26.4923
279.936 188.698 26.1139 1.70601 26.2835
87.0912 62.208 25.9286 1.75363 27.8421
85.0176 178.33 25.8903 2.04278 27.7747
147.226 161.741 25.9484 1.91194 27.4595
499.738 226.022 27.2608 0.0797777 17.6699
638.669 261.274 25.1301 0.329461 18.6871
601.344 157.594 25.4136 0.0157809 21.9381
564.019 151.373 25.6819 0.155659 22.4027
302.746 578.534 25.8572 3.52014 25.4711
294.451 545.357 25.7243 3.23644 26.0557
203.213 675.994 25.4405 3.43215 27.2938
215.654 630.375 25.7184 3.50483 26.636
292.378 642.816 25.393 3.44483 26.7267
159.667 673.92 25.646 3.51256 27.1444
39.3984 389.837 25.8509 2.63113 27.7644
153.446 460.339 25.9578 2.88404 26.9624
541.21 555.725 24.8665 3.37698 23.905
470.707 530.842 25.3156 3.28638 24.3572
595.123 468.634 24.8822 2.91864 20.9968
344.218 449.971 26.2081 2.95424 24.3809
829.44 250.906 23.7165 1.45598 26.316
792.115 221.875 23.7933 1.04082 25.0412
864.691 333.85 23.5738 1.84061 26.747
819.072 344.218 23.6387 1.84031 26.1261
870.912 306.893 23.6122 1.78327 27.0201
698.803 223.949 24.3833 0.477713 22.0193
667.699 215.654 24.629 0.567975 22.6044
783.821 234.317 23.8253 1.10025 24.9295
754.791 327.629 23.8701 1.65554 24.8429
790.042 284.083 23.7879 1.50682 25.6098
715.392 306.893 24.0917 1.55432 24.6982
848.103 184.55 23.7251 1.22738 26.5188
711.245 124.416 24.4005 0.43123 24.599
1096.93 215.654 23.2039 1.53879 27.6739
1204.76 259.2 23.3636 1.85909 28.5462
1213.06 230.17 23.3441 1.7939 28.5067
976.666 331.776 23.4111 1.89049 27.5213
1030.58 344.218 23.3079 1.91372 27.6741
1146.7 124.416 23.3309 1.45843 28.1361
991.181 87.0912 23.5821 1.29294 27.7948
1082.42 68.4288 23.4555 1.3249 28.0546
980.813 182.477 23.4907 1.45764 27.5612
1092.79 163.814 23.2466 1.40724 27.7111
866.765 675.994 23.4015 2.98158 27.0982
819.072 613.786 23.509 2.88894 26.731
713.318 593.05 23.7719 3.16077 25.1697
777.6 582.682 23.5706 2.92451 25.9675
756.864 622.08 23.6087 3.13513 25.8506
854.323 441.677 23.4961 2.23844 26.6374
906.163 402.278 23.5158 2.10683 27.3406
887.501 371.174 23.4855 1.97171 26.8627
939.341 470.707 23.3914 2.29598 27.3795
729.907 516.326 23.7683 2.7643 24.8263
1167.44 545.357 23.1868 2.35843 28.2637
1094.86 553.651 23.2946 2.40676 28.2083
1161.22 642.816 23.1753 2.53961 28.3006
1223.42 613.786 23.2687 2.44196 28.6094
991.181 537.062 23.3692 2.43741 27.825
1082.42 534.989 23.2685 2.3816 28.0716
1018.14 678.067 23.292 2.73285 27.9558
1150.85 362.88 23.1536 1.96042 28.0123
987.034 402.278 23.4342 2.10673 27.8244
958.003 402.278 23.4652 2.11135 27.6617
943.488 387.763 23.4838 2.07444 27.578
955.93 449.971 23.3652 2.22457 27.416
1022.28 495.59 23.2907 2.31194 27.7505
1061.68 468.634 23.3178 2.24177 28.042
1082.42 534.989 23.2699 2.38263 28.0721
1065 490.199 23.3164 2.28903 28.0832
181.647 487.711 25.7718 2.92172 27.0824
1002.79 510.106 23.3371 2.36444 27.7906
992.84 502.641 23.3332 2.35814 27.7015
997.816 490.199 23.329 2.31732 27.7046
982.887 492.687 23.3355 2.32152 27.6583
114.463 355.83 25.8876 2.52008 27.4488
131.881 505.129 25.764 2.96091 27.3449
821.146 579.779 23.4884 2.79199 26.5226
1087.4 622.08 23.25 2.54835 28.1445
1069.98 599.685 23.2744 2.52387 28.1069
1057.54 656.917 23.2968 2.64962 28.1355
661.893 330.947 24.5432 1.41671 21.1798
485.222 171.694 26.9029 0.00438172 20.1934
1191.91 338.412 23.0846 1.88304 28.0131
637.01 261.274 25.1301 0.329461 18.6871
711.66 124.416 24.4013 0.411653 24.5298
739.031 119.439 24.2352 0.422825 24.8141
1226.74 189.112 23.2888 1.68775 28.4278
1189.42 126.904 23.2278 1.43845 28.1179
266.25 579.779 25.7052 3.35154 26.3349
49.7664 632.033 25.5125 3.1481 27.9734
1094.86 131.881 23.3662 1.43013 27.9572
744.008 646.963 23.6904 3.17496 26.289
773.868 261.274 23.8327 1.27212 24.9583
669.358 216.484 24.6605 0.465808 22.1269
796.263 139.346 23.8749 0.405702 24.6326
1149.6 363.295 23.188 1.97247 28.0937
1089.88 530.012 23.2667 2.36337 28.1043
1206.84 256.297 23.3636 1.85909 28.5462
967.957 530.012 23.4008 2.43198 27.7262
348.365 228.925 25.8133 1.79234 26.1747
714.148 592.22 23.7705 3.17888 25.0238
656.917 562.36 24.1187 3.10684 24.9478
1030.16 345.877 23.2983 1.90651 27.6362
1221.77 612.127 23.2654 2.44164 28.5982
990.352 87.0912 23.5881 1.29188 27.7971
955.515 116.951 23.6168 1.31321 27.6062
1062.51 405.596 23.3753 2.1135 28.1218
1050.07 403.108 23.3856 2.10661 28.0685
151.788 530.012 25.7256 3.04254 27.2633
955.515 400.62 23.4688 2.10925 27.6756
987.863 398.131 23.44 2.10977 27.8319
144.323 345.877 25.9059 2.47264 27.2755
181.647 308.552 25.994 2.33287 26.9656
1097.35 216.484 23.2023 1.52998 27.6688
1179.46 530.012 23.1461 2.31823 28.2278
753.961 325.97 23.8723 1.69284 25.0293
751.473 343.388 23.8672 1.7769 24.8493
788.798 283.669 23.784 1.49016 25.5066
716.636 308.552 24.0961 1.56298 24.6799
865.935 398.131 23.5671 2.10046 27.0101
1122.23 666.87 23.239 2.60404 28.3063
880.865 213.996 23.6314 1.43721 26.9275
602.174 303.575 26.0346 0.318847 13.5183
801.239 375.736 23.6731 1.97339 25.9913
1052.56 231.414 23.3516 1.63304 27.7864
97.0445 452.874 25.8954 2.82802 27.3638
77.1379 124.416 25.9251 1.91968 27.8096
1017.72 520.059 23.3012 2.37805 27.7889
223.949 432.968 26.1094 2.81228 26.1852
228.925 393.155 26.03 2.62475 26.403
226.437 370.76 25.9936 2.52663 26.5361
679.311 487.711 24.0562 2.68315 24.8137
766.403 398.131 23.7942 2.10793 25.7643
57.2314 320.993 25.837 2.43873 27.8018
82.1146 303.575 25.9684 2.38139 27.5178
286.157 335.923 26.1603 2.32592 25.7434
796.263 664.382 23.5194 3.13188 26.5197
846.029 632.033 23.4885 2.86588 27.0903
796.263 599.685 23.5376 2.91857 26.3352
1157.07 49.7664 23.3133 1.26107 28.0822
1119.74 54.743 23.4071 1.30778 28.1293
136.858 194.089 25.9767 2.01622 27.4107
209.019 323.482 25.9321 2.35644 26.8852
246.344 296.11 26.0663 2.21174 26.3922
196.577 286.157 26.0028 2.23023 26.888
833.587 485.222 23.573 2.42068 26.7386
796.263 477.758 23.6348 2.43785 26.2123
878.377 549.919 23.3724 2.60084 26.8314
980.398 181.647 23.4893 1.45933 27.5734
958.003 166.717 23.5463 1.41921 27.5224
102.021 276.204 25.8686 2.2918 27.6381
64.6963 278.692 25.898 2.33152 27.7235
47.2781 221.461 25.8462 2.1955 27.9286
99.5328 378.225 25.9126 2.6134 27.4464
1062.51 470.293 23.3178 2.24177 28.042
836.076 579.779 23.5039 2.74975 26.8009
997.816 462.828 23.3045 2.24071 27.6157
186.624 455.363 25.8456 2.84165 26.9768
828.611 248.832 23.6933 1.39004 26.0359
1047.58 646.963 23.2541 2.63884 27.9723
709.171 311.04 24.112 1.59279 24.8201
666.87 301.087 24.5387 1.10064 21.1911
674.335 365.783 24.2854 1.8993 23.548
803.727 74.6496 23.8942 -0.0508934 24.5339
457.851 84.6029 26.2479 0.273094 23.9191
574.802 57.2314 25.2276 0.368358 25.1375
737.538 119.439 24.2475 0.353199 24.5824
755.454 86.5936 24.1824 0.298029 25.0323
1173.49 471.786 23.1474 2.20342 28.1833
197.075 83.6076 25.7688 1.67868 27.6195
773.37 259.781 23.8604 1.29007 25.1327
785.314 229.921 23.8324 1.14878 25.1408
767.398 633.029 23.5738 3.15146 25.8957
746.496 647.959 23.651 3.25772 25.8399
1209.32 256.795 23.3631 1.8606 28.546
1122.73 388.178 23.2411 2.02881 28.0784
994.333 537.477 23.3795 2.43745 27.8596
991.347 214.991 23.3166 1.4078 27.0875
340.402 191.103 25.8002 1.66869 26.4079
298.598 185.131 25.949 1.6864 26.4658
340.402 155.271 25.7796 1.5465 26.5417
848.02 188.117 23.7287 1.22968 26.4897
1033.15 346.374 23.3211 1.91832 27.7303
883.851 212.005 23.7325 1.60492 27.5859
1051.07 403.108 23.3841 2.10536 28.0685
1018.22 403.108 23.3921 2.10403 27.8989
955.515 119.439 23.6199 1.32281 27.6257
1155.58 567.337 23.217 2.40402 28.297
346.374 250.823 25.8444 1.87161 26.0895
349.36 229.921 25.8911 1.76685 25.9577
576.295 486.715 25.0695 3.19533 20.255
683.79 567.337 23.964 3.06407 25.3089
650.945 540.463 24.1739 2.99146 24.8104
997.319 346.374 23.3831 1.92678 27.6185
1000.3 364.29 23.3761 1.98534 27.6614
1197.38 522.547 23.1371 2.30091 28.2745
1182.45 528.519 23.1324 2.31538 28.1994
101.523 453.87 25.9269 2.83418 27.3123
848.02 400.122 23.5734 2.08081 26.596
803.23 406.094 23.6714 2.13148 26.2606
848.02 376.234 23.5669 1.98884 26.5181
1012.25 271.725 23.4945 1.79786 27.9847
1054.05 229.921 23.3459 1.62405 27.7854
1152.59 659.903 23.1888 2.57539 28.2908
1116.76 624.071 23.2369 2.53029 28.2368
740.524 462.828 23.7931 2.44292 25.0891
904.753 373.248 23.4742 1.98847 27.1234
865.936 397.136 23.5622 2.09129 26.9467
86.5936 179.159 25.8754 2.04627 27.7951
65.6917 167.215 25.8901 2.04889 27.8593
755.454 325.472 23.8723 1.69284 25.0293
197.075 286.655 25.9738 2.23328 26.9719
223.949 238.879 26.0828 2.01883 26.6683
212.005 140.341 26.0877 1.69408 26.9248
1083.91 534.491 23.254 2.3635 28.0669
1152.59 98.5375 23.347 1.42721 28.1921
1122.73 77.6356 23.4087 1.3846 28.161
134.369 191.103 25.8516 2.04642 27.6437
842.048 567.337 23.482 2.70711 26.6737
1027.18 656.917 23.2972 2.68161 27.996
1164.53 56.7337 23.3105 1.29053 28.1128
146.313 367.276 25.9822 2.54049 27.1115
552.407 400.122 26.5994 2.31732 12.2459
680.805 489.701 24.0791 2.66268 25.0597
113.467 355.332 25.8785 2.51795 27.462
62.7057 313.528 25.821 2.42045 27.8237
271.725 235.893 26.0121 1.93062 26.442
289.641 424.01 25.8734 2.71864 26.1095
313.528 501.645 25.871 3.14176 25.6222
304.57 486.715 25.7752 2.98385 25.9635
603.169 304.57 25.9257 0.419176 14.486
779.342 585.253 23.5618 2.94416 25.859
722.608 567.337 23.7549 3.01775 25.2282
731.566 519.561 23.7879 2.72833 25.4405
985.375 173.187 23.5074 1.44174 27.5861
955.515 450.884 23.37 2.22753 27.4174
856.978 438.94 23.461 2.22533 26.3981
907.739 358.318 23.45 1.92274 26.9897
886.837 528.519 23.3865 2.50576 26.8905
158.257 271.725 25.9525 2.23019 27.2219
247.837 456.856 25.9199 2.87231 26.3353
824.132 346.374 23.5757 1.7641 25.7545
791.286 283.669 23.7837 1.49725 25.5333
152.285 462.828 26.0749 2.91555 26.7459
662.889 331.444 24.5432 1.41671 21.1798
668.861 301.584 24.5054 1.1622 21.7411
830.104 250.823 23.7366 1.4685 26.4452
707.678 406.094 24.0431 2.17562 24.8414
1206.34 349.36 23.0934 1.92203 28.1221
459.842 80.6216 25.983 0.49717 24.7348
576.295 56.7337 25.2048 0.395749 25.2189
1021.21 143.327 23.445 1.38835 27.6825
1103.62 268.739 23.2582 1.73268 27.8878
1207.53 254.406 23.3647 1.8582 28.558
1196.78 128.995 23.2084 1.43049 28.0922
1128.7 498.062 23.1983 2.27495 28.114
182.742 369.068 25.9281 2.53333 26.997
902.962 275.905 23.53 1.62834 27.0176
1182.45 530.311 23.1584 2.31865 28.2586
437.148 562.56 24.4618 2.60448 28.8746
1114.37 623.474 23.2257 2.53059 28.1976
100.329 71.6636 25.9747 1.71858 27.7145
82.4132 85.9964 25.9159 1.81212 27.8459
114.662 354.735 25.8503 2.51066 27.5092
670.055 573.309 24.0527 3.1724 24.6418
652.139 541.06 24.1779 3.0107 24.72
766.801 358.318 23.7993 1.87299 25.4619
713.053 311.737 24.1131 1.51476 24.0864
874.296 304.57 23.5722 1.72993 26.837
1028.37 512.395 23.2925 2.35423 27.8545
1010.46 272.322 23.4945 1.79786 27.9847
1031.96 232.907 23.3545 1.61489 27.6674
1078.54 515.978 23.3272 2.34095 28.1956
759.635 401.316 23.8151 2.11999 25.8564
838.464 501.645 23.478 2.47391 26.4712
802.633 404.9 23.6699 2.11407 26.0241
845.631 376.234 23.5705 1.9895 26.5746
992.541 537.477 23.384 2.43044 27.8827
971.042 111.079 23.6027 1.30472 27.678
598.391 469.397 24.9965 3.03627 18.7826
723.803 569.726 23.744 3.05467 24.9346
1092.87 132.578 23.3922 1.45871 28.0463
1082.12 68.0805 23.4644 1.32569 28.0739
186.325 458.647 25.77 2.82374 27.1208
204.241 508.812 25.7898 3.0279 26.8261
247.24 455.064 25.9559 2.88171 26.2641
641.39 505.229 24.299 2.9633 23.0906
426.399 286.655 26.2312 1.70093 23.6856
985.375 171.993 23.4749 1.41294 27.4695
254.406 225.74 26.2259 1.88319 26.1998
308.154 487.313 25.7601 2.97565 26.0087
311.737 437.148 25.7304 2.75205 26.1426
146.91 161.243 25.8901 1.92737 27.5671
318.903 286.655 26.1751 2.03301 25.4177
290.238 311.737 26.544 2.18211 24.8406
784.717 336.819 23.7745 1.78985 25.7978
791.883 286.655 23.7875 1.50873 25.6125
842.048 566.143 23.6396 2.61794 27.616
870.713 566.143 23.4055 2.65967 26.863
920.878 179.159 23.5977 1.3434 27.1774
204.241 386.984 26.0462 2.60324 26.5919
605.558 390.567 25.0895 2.10004 19.485
680.805 433.565 24.1471 2.34485 24.9758
652.139 376.234 24.5201 1.87087 21.4148
831.298 268.739 23.6768 1.49854 26.2062
784.717 229.324 23.8404 1.15288 25.3535
1171.7 472.98 23.0657 2.19188 27.9884
698.72 598.391 23.8549 3.23344 24.9547
1031.96 343.985 23.2469 1.88927 27.4748
734.552 118.245 24.2656 0.331173 24.5155
849.214 164.826 23.7231 1.09969 26.3919
770.384 261.572 23.8817 1.33436 25.3398
150.494 530.311 25.8324 3.08581 27.0928
483.73 175.576 26.9498 -0.0305953 20.0542
458.647 78.83 26.2386 0.255742 23.9947
347.569 232.907 25.8133 1.79234 26.1747
132.578 111.079 26.0283 1.75908 27.4621
336.819 189.909 25.8002 1.66869 26.4079
211.408 139.744 26.0461 1.7046 26.9962
243.656 103.912 25.617 1.70986 27.634
512.395 630.64 25.8629 6.0994 15.3977
821.265 580.475 23.498 2.79056 26.6071
804.066 404.183 23.6714 2.13148 26.2606
847.064 378.384 23.5863 1.9999 26.6004
799.766 374.084 23.6556 1.94354 25.5842
1057.76 558.976 23.3369 2.44213 28.1323
1044.86 382.684 23.2721 2.00948 27.7055
748.168 399.883 23.822 2.10946 25.3883
915.861 597.675 23.3078 2.70357 27.0605
937.36 128.995 23.6372 1.3627 27.592
1113.65 214.991 23.1798 1.52494 27.7012
141.894 202.091 26.1842 2.0082 27.0369
804.066 541.777 23.5377 2.7058 26.1354
954.56 399.883 23.453 2.0954 27.5614
180.592 309.587 26.1317 2.32766 26.7289
219.291 429.982 25.8796 2.76137 26.7226
730.969 520.278 23.7723 2.77122 25.1945
872.863 563.276 23.3974 2.65282 26.8645
1019.06 447.181 23.2658 2.19402 27.599
116.095 417.082 25.9565 2.72467 27.2623
133.294 503.079 25.8229 2.96069 27.2474
133.294 111.795 25.991 1.77228 27.527
825.565 343.985 23.6361 1.87382 26.3502
786.867 335.386 23.7451 1.72298 25.3981
1031.96 120.395 23.4509 1.34754 27.7534
257.989 490.179 25.8616 3.02412 26.2545
245.09 455.781 26.0141 2.88664 26.1473
606.274 386.984 24.9564 2.08816 20.8205
640.673 503.079 24.2851 3.00671 22.7871
223.591 240.79 26.0828 2.01883 26.6683
877.163 189.192 23.6592 1.30914 26.8564
924.461 176.293 23.5958 1.41558 27.3913
356.885 296.687 26.1945 1.99279 24.9451
786.867 262.289 23.791 1.30629 25.3188
993.258 503.079 23.3377 2.36031 27.6979
1169.55 472.98 23.0889 2.202 28.0215
1087.85 494.479 23.3338 2.29084 28.219
1152.35 361.185 23.1716 1.97043 28.0432
1031.96 343.985 23.2469 1.88927 27.4748
997.558 343.985 23.4276 1.92345 27.7366
1148.05 253.689 23.3056 1.77606 28.2402
730.969 150.494 24.2247 0.500562 24.4699
597.675 464.38 24.8897 2.93665 20.3436
468.68 528.878 25.3531 3.30289 24.2026
279.488 507.379 25.8237 3.09869 26.1483
627.773 249.389 25.1395 0.469287 20.288
240.79 103.196 25.7286 1.65496 27.4038
1093.87 134.154 23.4084 1.4734 28.0743
1083.55 536.617 23.2396 2.36402 28.0215
103.196 448.901 25.8752 2.80764 27.3919
196.072 237.35 26.0882 2.04028 26.8716
294.108 185.752 26.1869 1.63068 25.9939
799.766 485.02 23.6268 2.45146 26.378
784.287 454.061 23.6172 2.31712 25.611
273.468 376.664 25.6671 2.4856 26.839
227.03 366.345 25.8568 2.51632 26.7432
557.256 294.108 27.1455 0.0631141 12.2315
954.56 454.061 23.3676 2.22607 27.4204
985.518 159.953 23.493 1.43569 27.613
170.273 490.179 25.9182 2.96391 26.8972
201.231 454.061 25.9589 2.86201 26.6638
691.411 469.54 24.0606 2.57002 23.9077
665.612 335.386 24.4126 1.54879 22.7715
841.044 510.818 23.4873 2.49746 26.6265
882.323 211.551 23.6224 1.39934 26.8378
1021.64 464.38 23.3027 2.20003 27.7421
1052.6 562.416 23.3297 2.44274 28.1383
1021.64 546.937 23.2431 2.46476 27.722
990.678 505.659 23.3566 2.35602 27.794
221.871 242.51 26.0869 2.01651 26.6604
340.546 288.948 25.8708 2.04106 25.8098
350.865 237.35 25.7627 1.81183 26.2922
784.287 263.149 23.7841 1.26641 25.1189
784.287 227.03 23.8465 1.12618 25.2474
1062.92 598.535 23.2673 2.53386 28.0678
748.168 402.463 23.8303 2.10887 25.2233
794.606 371.504 23.6597 1.92458 25.6339
820.405 583.055 23.4711 2.79409 26.5318
985.518 340.546 23.4368 1.90911 27.7251
1047.44 247.67 23.376 1.69436 27.8492
980.359 273.468 23.4782 1.76024 27.6973
1150.63 252.829 23.3146 1.7777 28.2527
650.133 211.551 24.7523 0.690371 23.1435
696.571 128.995 24.4896 0.454267 24.5082
841.044 340.546 23.5897 1.82394 26.3208
598.535 464.38 24.9536 2.96529 19.6359
531.458 495.339 25.574 3.43702 19.9595
180.592 397.303 25.9239 2.62977 26.9861
139.314 366.345 26.1631 2.54469 26.8332
190.912 521.138 25.7143 3.02377 27.0811
98.0359 546.937 25.6893 3.02987 27.6013
283.788 557.256 25.7319 3.25391 26.1152
629.493 247.67 25.2962 0.35151 19.2603
242.51 103.196 25.6896 1.66006 27.466
118.675 356.025 25.8609 2.50766 27.4812
232.19 330.226 26.1014 2.3531 26.3716
631.557 352.929 24.922 1.44506 18.8021
780.159 588.215 23.5551 2.97308 25.9144
866.843 334.354 23.5727 1.83185 26.7433
1027.83 352.929 23.3184 1.92222 27.7172
990.678 346.737 23.4072 1.93215 27.6316
1089.75 136.218 23.3922 1.45315 27.9724
1064.98 117.643 23.4415 1.39826 27.9573
222.903 241.478 26.0607 2.03087 26.7304
309.587 266.245 26.3084 1.94975 25.2456
668.708 371.504 24.3345 2.01742 24.2624
755.392 346.737 23.8239 1.7948 25.0371
761.584 309.587 23.8953 1.74689 25.8916
1083.55 495.339 23.3357 2.29167 28.224
842.076 445.805 23.5345 2.28492 26.5778
551.065 371.504 25.2607 2.10315 22.7696
972.103 210.519 23.4411 1.41021 27.1779
972.103 167.177 23.5686 1.48613 27.7616
990.678 396.271 23.4174 2.08272 27.7346
1046.4 377.696 23.3016 2.01871 27.8379
928.761 594.407 23.4903 2.60333 27.8136
1064.98 594.407 23.2673 2.53386 28.0678
1126.9 495.339 23.1722 2.26686 28.0147
699.666 582.023 23.8577 3.19959 24.715
804.926 538.681 23.5829 2.67269 26.428
996.87 173.369 23.4801 1.42025 27.5328
941.144 136.218 23.6386 1.34717 27.5172
1151.66 117.643 23.3198 1.40426 28.1208
656.324 210.519 24.8379 0.386336 21.8323
730.625 148.602 24.2499 0.519679 24.5101
489.147 439.613 24.5068 2.4591 28.5942
582.023 482.956 25.2136 3.31338 18.767
130.027 538.681 25.7075 3.03727 27.4375
272.436 526.298 25.7692 3.14846 26.2446
222.903 204.327 25.9636 1.91964 27.0045
334.354 185.752 25.7714 1.64857 26.5322
117.643 352.929 25.9007 2.50499 27.4045
136.218 266.245 25.7029 2.24567 27.7795
637.749 495.339 24.2336 2.77651 24.4976
1025.35 520.106 23.3081 2.38276 27.9107
965.911 527.536 23.3994 2.42726 27.727
356.644 245.193 25.9056 1.79431 25.7804
638.987 416.085 24.4437 2.31664 23.3443
743.009 460.665 23.7753 2.44232 25.0789
780.159 260.053 23.886 1.34359 25.3493
876.75 534.966 23.4201 2.52871 26.9499
928.761 170.892 23.5867 1.39468 27.3148
936.191 141.172 23.4966 1.05279 26.6482
958.481 482.956 23.3461 2.34306 27.4093
988.202 393.795 23.373 2.04955 27.6177
1084.79 475.526 23.3631 2.25452 28.2153
1047.64 378.934 23.2614 1.99135 27.6817
1017.92 542.396 23.3499 2.42402 28.0145
1129.37 557.256 23.2101 2.39603 28.2311
1055.07 557.256 23.3273 2.42156 28.1293
839.6 564.687 23.5898 2.63248 27.3894
1069.93 148.602 23.3543 1.40122 27.8097
720.718 148.602 24.269 0.568118 24.6998
847.03 163.462 23.7218 1.10662 26.4045
765.299 260.053 23.886 1.34359 25.3493
631.557 497.816 24.3436 2.92747 23.3852
527.536 490.386 25.439 3.33271 20.9967
237.763 460.665 25.9852 2.89432 26.2559
185.752 393.795 25.8223 2.59963 27.1371
349.214 386.365 25.8826 2.51771 25.6612
193.182 148.602 25.9775 1.79903 27.2339
252.623 222.903 26.5307 1.8022 25.6449
282.343 178.322 26.204 1.6342 26.045
230.333 326.924 25.9343 2.35359 26.7606
185.752 267.483 25.985 2.18499 27.0211
962.939 169.406 23.5662 1.47504 27.7436
1034.27 240.735 23.3863 1.64648 27.7634
606.295 312.064 25.291 0.983297 19.0888
829.198 240.735 23.6925 1.2715 25.5997
945.107 356.644 23.4299 1.92655 27.301
766.785 258.567 23.9966 1.74584 27.3857
847.03 445.805 23.6141 2.28787 27.0265
847.03 419.057 23.5542 2.17246 26.6771
954.023 454.721 23.3636 2.22557 27.3849
998.604 392.309 23.4007 2.07342 27.7328
1016.44 454.721 23.278 2.22353 27.648
1069.93 534.966 23.3272 2.4266 28.1386
695.456 427.973 24.065 2.30469 24.68
748.953 401.225 23.8371 2.10615 25.1927
740.037 526.05 23.7761 2.74336 25.6006
650.876 543.882 24.1423 2.99119 25.0992
873.778 534.966 23.4438 2.52619 27.003
891.61 205.07 23.6995 1.51359 27.2836
1078.85 231.819 23.2314 1.55759 27.6766
980.771 347.728 23.4156 1.91758 27.6281
891.61 294.231 23.5623 1.73764 27.0193
1034.27 347.728 23.2991 1.9173 27.6126
802.449 205.07 23.7775 0.812427 24.2945
855.946 169.406 23.803 1.39774 27.3706
641.96 276.399 25.0322 0.579242 19.17
864.862 347.728 23.5835 1.90007 26.65
419.057 543.882 24.7748 2.78143 27.7161
633.043 490.386 24.3998 2.95141 22.9754
526.05 499.302 25.4805 3.38443 20.7013
231.819 463.637 25.9015 2.87154 26.4841
267.483 526.05 25.4388 3.02975 27.0659
187.238 267.483 25.5858 2.21924 27.7776
285.315 320.98 25.968 2.2824 26.2605
312.064 267.483 26.2687 1.95538 25.3983
624.127 249.651 25.0697 0.471768 20.5999
