1251 345 10.6152 0.350378 7.06209
180 317 12.842 0.722579 7.04584
1049 38 10.9025 -0.571375 6.32808
1212 265 10.6427 0.165076 6.90545
1209 190 10.6685 0.00053464 6.90874
358 200 13.3419 0.0702539 5.27768
1157 136 10.7053 -0.195569 6.6689
329 178 13.2792 0.0772667 5.6924
1056 692 10.6783 1.19665 6.5743
660 291.6 12.8026 -0.848499 -2.34307
1207.2 88.8 10.6756 -0.253944 6.83994
1197.6 316.8 10.6485 0.280228 6.90265
1196.4 204 10.6566 0.0103865 6.82711
483.6 242.4 15.27 -1.0747 -2.53636
680.4 276 12.6805 -1.25621 -3.35132
1256.4 144 10.6381 -0.0754353 7.00506
1231.2 105.6 10.6703 -0.179259 6.943
186 60 12.9832 0.133164 7.02554
1137.6 104.4 10.7311 -0.29916 6.60016
1219.2 180 10.6582 -0.0176002 6.92116
1201.2 165.6 10.6769 -0.0634165 6.869
182.4 280.8 12.8584 0.635623 7.03906
68.4 202.8 12.9392 0.54838 7.31599
1063.2 105.6 10.8505 -0.359119 6.38151
147.6 349.2 12.9677 0.813868 6.94816
132 283.2 12.9556 0.670269 7.07192
289.2 84 13.3425 -0.165778 5.97746
175.2 152.4 12.9843 0.344801 6.98631
517.2 274.8 14.7053 -0.725503 -2.39906
511.2 133.2 13.5426 -1.05942 2.75127
615.6 144 12.6987 -1.00632 3.12594
598.8 130.8 12.897 -1.17141 2.827
58.8 613.2 12.8853 1.38052 7.13996
22.8 694.8 12.8811 1.53262 7.19278
758.4 56.4 11.7965 -0.977777 4.93606
1240.8 272.4 10.6314 0.194762 7.0059
1203.6 240 10.6512 0.104699 6.88137
1053.6 291.6 11.1035 0.386155 7.38042
1183.2 98.4 10.7 -0.253667 6.77517
1226.4 156 10.6578 -0.0699672 6.93092
1056 691.2 10.6771 1.19699 6.57418
69.12 203.04 12.9398 0.545366 7.31549
197.28 54.72 12.9602 0.120806 7.01844
205.92 27.36 13.1067 -0.0254173 6.81914
385.92 479.52 13.5716 1.4347 3.60084
311.04 429.12 13.3153 1.06611 5.29276
201.6 339.84 13.0213 0.769978 6.65024
538.56 469.44 13.6797 1.60904 -1.40017
286.56 452.16 13.1695 1.12599 5.75638
181.44 498.24 13.0276 1.20738 6.56859
1209.6 190.08 10.6676 -0.00184933 6.90403
1200.96 165.6 10.6748 -0.0655325 6.87095
724.32 430.56 11.6286 0.722938 2.82506
884.16 289.44 11.3835 0.436371 7.37016
1071.36 148.32 10.8868 -0.145189 6.61624
334.08 182.88 13.4547 0.0208684 5.30568
358.56 200.16 13.3063 0.078693 5.34936
370.08 264.96 13.2224 0.337257 5.28487
218.88 213.12 12.8558 0.465463 6.96907
148.32 349.92 12.9658 0.811757 6.94812
120.96 282.24 12.9255 0.676853 7.14597
289.44 83.52 13.3352 -0.163841 5.98424
223.2 181.44 12.8849 0.382275 6.93422
542.88 195.84 13.2235 -0.654049 2.72374
538.56 178.56 13.1901 -0.696273 3.06193
361.44 76.32 13.4739 -0.48579 5.20416
141.12 626.4 13.0154 1.54245 6.63455
27.36 488.16 12.899 1.10682 7.29155
540 532.8 12.7688 1.71383 2.60638
387.36 528.48 13.5202 1.74246 3.51184
416.16 527.04 13.4267 1.73112 3.33135
689.76 270.72 12.527 -1.32012 -3.16213
689.76 231.84 12.4514 -1.35396 -0.833044
659.52 290.88 12.8668 -0.919975 -2.89434
802.08 48.96 11.603 -1.03382 4.96562
872.64 70.56 11.2689 -1.02786 4.84998
888.48 165.6 11.1475 -0.526887 5.07479
689.76 79.2 12.2351 -1.29246 3.68321
768.96 129.6 11.7082 -1.2846 3.11333
1241.28 272.16 10.6266 0.195647 6.9986
1203.84 240.48 10.6503 0.102897 6.88145
1196.64 203.04 10.6553 0.00844511 6.82713
1140.48 286.56 10.6834 0.185055 6.67299
1231.2 105.12 10.6687 -0.179051 6.94284
1183.68 97.92 10.6981 -0.256159 6.77214
1198.08 57.6 10.6935 -0.346252 6.7957
1064.16 106.56 10.8526 -0.351161 6.40275
1241.28 410.4 10.6049 0.479835 7.0369
1200.96 527.04 10.5924 0.725552 6.92996
347.328 433.728 13.2201 1.07271 5.1467
1183.68 134.784 10.6928 -0.162068 6.78568
1204.42 117.504 10.6793 -0.17994 6.84533
400.896 432 13.6801 1.14943 3.23117
390.528 425.088 13.5056 1.08139 3.91774
385.344 184.896 13.4254 -0.106402 4.88439
782.784 257.472 11.4863 -0.473702 2.93491
359.424 198.72 13.3932 0.0468331 5.15149
419.904 324.864 13.2804 0.506794 4.40233
1140.48 117.504 10.7317 -0.252896 6.63513
369.792 328.32 13.3779 0.584614 4.80181
374.976 390.528 13.3664 0.885432 4.61175
219.456 214.272 12.8542 0.466269 6.96611
297.216 267.84 13.1948 0.470037 5.93548
158.976 259.2 12.9239 0.599769 7.0389
314.496 77.76 13.2488 -0.195543 6.00267
222.912 181.44 12.8649 0.385745 6.97129
212.544 193.536 12.8489 0.43095 7.01702
319.68 155.52 13.2124 0.0532087 5.91869
542.592 196.992 13.1832 -0.628246 2.91872
502.848 210.816 13.677 -0.625849 2.07043
558.144 69.12 13.0483 -1.23674 3.65717
604.8 65.664 12.6859 -1.18162 4.04017
539.136 181.44 13.2782 -0.770865 2.70271
511.488 134.784 13.5336 -1.04699 2.78288
309.312 585.792 13.1535 1.69452 5.33409
229.824 646.272 12.9838 1.69954 6.21902
60.48 615.168 12.8862 1.3793 7.13914
141.696 627.264 13.0151 1.54367 6.63448
65.664 369.792 12.8601 0.861921 7.32648
527.04 613.44 12.2908 1.6763 5.02706
385.344 599.616 13.0301 1.82818 4.75361
442.368 632.448 12.5931 1.76891 5.2523
884.736 331.776 11.3674 0.506005 7.36671
943.488 295.488 11.2813 0.42366 7.36136
665.28 292.032 12.7199 -0.880727 -2.41935
831.168 53.568 11.472 -1.06612 4.87661
872.64 70.848 11.2724 -1.00833 4.89437
874.368 55.296 11.2775 -1.0693 4.93039
1242.43 271.296 10.6273 0.19551 7.01354
1204.42 240.192 10.652 0.105436 6.89326
1216.51 226.368 10.6449 0.0783842 6.90781
1140.48 286.848 10.6869 0.187938 6.68601
1219.97 355.968 10.615 0.367717 6.94117
1225.15 314.496 10.637 0.285332 6.99308
1055.81 288.576 11.1035 0.38658 7.3804
1121.47 100.224 10.7454 -0.338616 6.50718
1207.87 88.128 10.677 -0.2539 6.8458
1154.3 181.44 10.6929 -0.0828057 6.66548
1137.02 152.064 10.7179 -0.171993 6.59653
1062.72 105.408 10.8483 -0.359401 6.38089
1063.76 120.269 10.8294 -0.334207 6.32431
410.573 381.542 13.6566 0.835736 3.32452
781.747 257.126 11.4754 -0.427148 3.22983
391.91 273.715 13.4621 0.273587 4.46441
404.352 252.979 13.4748 0.130367 4.34764
333.85 284.083 13.2756 0.459807 5.47777
327.629 271.642 13.214 0.435681 5.68017
296.525 267.494 13.2106 0.46444 5.9021
201.139 340.07 13.018 0.773585 6.65908
47.6928 313.114 12.873 0.757555 7.37825
161.741 294.451 12.836 0.679783 7.14037
236.39 109.901 13.0605 0.136004 6.698
196.992 53.9136 12.9887 0.106948 6.98815
313.114 78.7968 13.2478 -0.193203 6.00361
288.23 80.8704 13.2946 -0.146512 6.06934
261.274 130.637 13.1069 0.139091 6.47658
172.109 128.563 12.9837 0.29938 7.02239
358.733 199.066 13.2911 0.0807137 5.38466
561.946 136.858 13.0858 -1.03102 3.05388
510.106 134.784 13.5826 -1.07471 2.62635
360.806 76.7232 13.5465 -0.525294 5.0704
398.131 151.373 13.4948 -0.320586 4.6541
275.789 572.314 13.1133 1.57029 5.74043
304.819 543.283 13.2383 1.54937 5.25612
161.741 628.301 12.8999 1.50248 6.74177
141.005 626.227 13.0174 1.54418 6.63447
234.317 445.824 13.0117 1.06114 6.39158
389.837 528.768 13.4677 1.71466 3.68587
441.677 630.375 12.58 1.75749 5.30355
595.123 476.928 13.1132 1.61127 -2.03866
350.438 367.027 13.2694 0.782542 5.16456
398.131 483.149 13.5183 1.45253 3.55994
443.75 472.781 13.5124 1.42252 2.69353
883.354 331.776 11.3671 0.507241 7.36609
885.427 288.23 11.3692 0.430758 7.35638
688.435 232.243 12.4662 -1.38159 -0.957907
642.816 286.157 13.0554 -0.917334 -2.63689
802.483 51.84 11.5981 -1.02446 4.95886
663.552 138.931 12.4541 -1.25235 2.64247
1198.54 201.139 10.6723 0.0211812 6.88395
1206.84 87.0912 10.6772 -0.259257 6.8318
1134.26 186.624 10.7073 -0.084628 6.58415
1136.33 153.446 10.728 -0.155479 6.64743
1016.06 45.6192 10.9329 -0.654002 6.06907
1161.22 443.75 10.8987 0.606495 7.38502
605.491 66.3552 12.6922 -1.18935 3.99718
350.853 320.993 13.3067 0.599176 5.13963
380.713 228.925 13.1162 0.204032 5.45013
801.239 49.7664 11.6019 -1.03793 4.90916
530.012 584.755 12.4567 1.71212 4.24343
1162.05 442.921 10.8986 0.600482 7.3736
418.038 522.547 13.5323 1.7599 2.92739
661.893 139.346 12.4588 -1.24518 2.64338
943.073 360.806 11.2672 0.535375 7.36384
457.851 512.594 13.3914 1.71569 2.59692
435.456 442.921 13.4633 1.18808 3.18181
510.106 134.369 13.5336 -1.04699 2.78288
74.6496 201.554 12.9185 0.546245 7.33673
390.666 527.524 13.4463 1.70319 3.73511
435.456 189.112 13.7318 -0.420483 3.44198
74.6496 562.36 12.9077 1.27509 7.09955
74.6496 557.384 12.9077 1.2751 7.09952
92.0679 69.673 12.8342 0.319447 7.46465
527.524 462.828 14.0303 1.65698 -2.35907
502.641 209.019 13.6685 -0.603762 2.1132
139.346 627.057 13.0181 1.54618 6.63423
617.103 144.323 12.7755 -1.13598 2.74267
597.197 129.393 12.9567 -1.23896 2.57907
1119.74 99.5328 10.7678 -0.315622 6.56238
681.8 243.855 12.5672 -1.37117 -1.55602
689.265 231.414 12.4198 -1.31962 -0.628474
659.405 228.925 12.3809 -0.612248 2.52589
1062.51 104.509 10.8516 -0.355645 6.38727
1015.23 47.2781 10.9317 -0.659471 6.05289
1204.35 236.39 10.6562 0.105961 6.90026
1196.88 201.554 10.6548 0.00257733 6.82784
134.369 216.484 12.9606 0.528623 7.08678
313.528 79.6263 13.1896 -0.161716 6.12134
1164.53 403.108 10.8996 0.538804 7.3687
1134.67 186.624 10.7063 -0.0853792 6.58438
1137.16 151.788 10.7169 -0.172116 6.60077
186.624 62.208 12.98 0.139653 7.0249
196.577 52.2547 12.9444 0.1237 7.06446
1206.84 87.0912 10.6759 -0.257605 6.83149
119.439 502.641 13.0093 1.18779 6.84459
141.834 450.386 12.914 1.04607 6.9551
253.809 572.314 13.0579 1.52316 6.00962
724.101 238.879 12.0651 -1.42682 -1.09517
218.972 216.484 12.7925 0.478908 7.0723
385.69 330.947 13.521 0.569474 4.25135
1176.98 171.694 10.6927 -0.0667007 6.811
358.318 199.066 13.2496 0.0963731 5.47356
398.131 149.299 13.4882 -0.321507 4.68136
340.9 131.881 13.2187 -0.0903937 5.79571
445.409 405.596 13.5126 0.930912 3.00066
395.643 482.734 13.5204 1.45386 3.56122
325.97 510.106 13.1953 1.40854 5.22674
333.435 181.647 13.2848 0.0811038 5.65221
320.993 156.764 13.1758 0.0694816 5.99671
400.62 430.479 13.7254 1.15757 3.14417
348.365 432.968 13.2187 1.07412 5.12161
1017.72 154.276 10.932 -0.208478 6.36435
348.365 271.227 13.2105 0.409815 5.51205
333.435 283.669 13.2461 0.458326 5.54481
758.938 54.743 11.7889 -0.967969 4.97212
604.662 64.6963 12.7307 -1.24784 3.82806
1092.87 325.472 11.0619 0.445415 7.4454
361.304 74.6496 13.5817 -0.546343 5.00298
441.926 468.8 13.5883 1.42241 2.47848
531.505 274.711 14.2581 -0.639024 -1.36168
391.164 528.519 13.5049 1.73114 3.5274
68.6776 418.038 12.8823 0.954476 7.25568
119.439 370.262 13.0425 0.876402 6.92668
119.439 501.645 13.0137 1.18967 6.84503
555.393 197.075 13.1222 -0.686116 2.64557
229.921 641.987 12.9959 1.69876 6.19585
594.211 203.047 12.8318 -0.662483 2.83529
618.099 140.341 12.7765 -1.12184 2.73707
600.183 128.397 12.9193 -1.1974 2.74413
982.389 92.5655 10.9865 -0.558316 5.92575
1209.32 86.5936 10.6783 -0.261263 6.83945
1182.45 62.7057 10.7154 -0.333287 6.78076
1042.11 110.481 10.8884 -0.362106 6.30303
137.355 462.828 12.9159 1.07177 6.94702
259.781 128.397 13.0919 0.138267 6.51039
277.697 570.323 13.1073 1.56921 5.75344
274.711 537.477 13.1148 1.43641 5.81989
164.229 235.893 12.9322 0.543993 7.02693
644.973 286.655 13.0262 -0.878786 -2.46272
143.327 331.444 12.974 0.771211 6.97428
173.187 307.556 12.8202 0.699869 7.10677
122.425 283.669 12.9285 0.67648 7.13536
827.118 206.033 11.3188 -0.594706 3.90384
806.216 209.019 11.4154 -0.812331 3.02154
1143.63 113.467 10.7226 -0.275349 6.58795
229.921 558.379 13.0034 1.40599 6.28765
295.612 268.739 13.181 0.466452 5.98036
385.192 331.444 13.3281 0.585872 4.74387
352.346 325.472 13.3204 0.597965 5.11383
352.346 137.355 13.3413 -0.136755 5.47716
1137.66 149.299 10.721 -0.176113 6.62424
444.912 409.08 13.578 0.957551 2.76982
477.758 268.739 14.1621 -0.295028 0.851681
421.024 241.865 13.5998 -0.025967 3.84512
289.641 361.304 13.1841 0.810747 5.83644
352.346 432.968 13.2149 1.07377 5.11645
758.44 56.7337 11.7798 -0.968075 5.00768
683.79 77.6356 12.2489 -1.30571 3.66644
853.992 173.187 11.2417 -0.653782 4.46661
659.903 226.935 12.3712 -0.607551 2.63488
534.491 56.7337 13.1444 -1.19781 3.88007
573.309 214.991 12.9899 -0.584886 2.64542
74.6496 200.061 12.9119 0.546597 7.34732
56.7337 262.767 12.9276 0.667386 7.31451
558.976 197.075 13.0896 -0.689497 2.66082
501.645 207.825 13.5082 -0.519287 2.68643
558.976 136.161 13.1957 -1.11628 2.72318
877.88 297.404 11.3872 0.447395 7.37099
942.377 351.152 11.2666 0.524002 7.36434
985.375 311.737 11.2351 0.459043 7.46381
956.709 293.821 11.2753 0.423593 7.42898
1200.37 197.075 10.6569 0.00165489 6.82722
168.41 128.995 13.0081 0.289853 6.99053
386.984 340.402 13.5195 0.5715 4.2234
322.486 85.9964 13.1906 -0.16335 6.04463
1157.37 480.146 10.9074 0.670301 7.40956
644.973 286.655 13.0043 -0.886247 -2.58416
229.324 558.976 12.9026 1.37507 6.48569
1143.03 114.662 10.7329 -0.252797 6.64556
1132.29 68.0805 10.7736 -0.369073 6.64912
257.989 365.485 13.163 0.821368 6.09201
333.236 182.742 13.2243 0.104407 5.78061
361.901 200.658 13.2907 0.078431 5.35508
379.817 279.488 13.1612 0.395318 5.31617
720.219 236.49 12.0231 -1.41182 -1.08884
304.57 429.982 13.2559 1.06741 5.43655
347.569 361.901 13.2586 0.779316 5.20434
426.399 383.4 13.6205 0.814149 3.10052
867.13 68.0805 11.2835 -1.02994 4.84606
533.894 558.976 12.7594 1.81746 2.72406
168.41 551.81 12.8387 1.27717 6.90345
229.324 641.39 12.9969 1.69833 6.1965
128.995 154.077 12.9627 0.398515 7.15132
68.0805 261.572 12.9215 0.65527 7.31594
395.583 481.58 13.3491 1.38988 4.09341
399.883 434.282 13.7085 1.19482 3.19731
1195.35 197.792 10.6561 -0.000245774 6.83197
1182.45 167.693 10.6911 -0.0805831 6.81235
1178.15 438.581 10.6264 0.533885 6.87347
322.486 85.9964 13.2076 -0.158683 6.06095
528.878 477.28 13.7138 1.71167 -0.947725
799.766 214.991 11.4209 -0.668939 3.58606
1062.06 116.095 10.8476 -0.328068 6.39034
275.188 571.876 13.1159 1.57789 5.7204
270.889 537.477 13.0449 1.36948 6.01294
257.989 365.485 13.076 0.815394 6.27556
257.989 339.686 13.0131 0.741299 6.44978
348.285 352.585 13.2668 0.763071 5.19961
352.585 322.486 13.3181 0.600247 5.1273
408.483 382.684 13.5548 0.831397 3.79945
1191.05 90.2962 10.7003 -0.25527 6.81155
1066.35 322.486 11.1076 0.469605 7.51579
1096.45 322.486 11.0633 0.448235 7.45425
683.671 81.6965 12.2659 -1.31246 3.64496
137.594 627.773 12.9355 1.50621 6.78851
395.583 111.795 13.5243 -0.487837 4.74963
558.976 133.294 13.2313 -1.14049 2.68127
584.775 214.991 12.9222 -0.586065 2.66063
141.894 210.691 13.0379 0.501377 6.95485
128.995 150.494 12.9452 0.403456 7.18236
120.395 283.788 12.9208 0.679293 7.15285
1150.63 108.355 10.7199 -0.278882 6.59934
350.865 325.066 13.3419 0.598632 5.06164
686.251 242.51 12.6107 -1.41056 -1.89606
118.675 288.948 12.9243 0.689499 7.15024
170.273 304.427 12.9222 0.678981 6.98038
381.824 283.788 13.153 0.390298 5.32634
1099.03 123.835 10.8088 -0.279763 6.54174
1057.76 118.675 10.8773 -0.292479 6.48948
227.03 211.551 12.8253 0.462126 6.99094
304.427 433.422 13.1649 1.06715 5.69994
1176.43 443.741 10.8822 0.60805 7.3876
1171.27 428.262 10.9123 0.573802 7.46616
851.364 371.504 11.3975 0.593714 7.37955
954.56 294.108 11.285 0.432108 7.42903
1155.79 335.386 10.9743 0.451415 7.51081
1093.87 330.226 11.0567 0.445525 7.4378
397.303 438.581 13.5159 1.17415 3.76149
459.221 521.138 13.3521 1.75976 2.52737
185.752 448.901 12.9494 1.0578 6.69624
118.675 366.345 13.0119 0.86434 6.98204
118.675 505.659 13.0106 1.19202 6.84408
361.185 175.433 13.4613 -0.0791565 5.00974
619.174 139.314 12.7812 -1.1915 2.70565
216.711 149.634 12.9074 0.304227 6.98813
335.386 190.912 13.2871 0.114244 5.62259
216.711 247.67 12.7742 0.577352 7.09402
390.08 229.094 13.1519 0.180392 5.43065
520.106 464.38 12.5473 1.13301 4.4596
352.929 321.97 13.3502 0.599291 5.04064
990.678 315.779 11.2311 0.468771 7.47403
1157.86 334.354 10.9521 0.437439 7.43433
1095.94 328.162 11.049 0.444173 7.40505
656.324 222.903 12.4155 -0.667848 2.6834
656.324 142.41 12.5071 -1.21383 2.70216
829.693 198.136 11.3152 -0.552013 4.31462
130.027 458.189 12.9082 1.06222 6.97666
266.245 544.873 13.1384 1.46973 5.77572
625.366 136.218 12.7686 -1.18864 2.71115
513.914 136.218 13.5617 -1.0532 2.68732
142.41 210.519 12.9271 0.509267 7.13159
198.136 352.929 12.9631 0.795748 6.74321
216.711 247.67 12.8124 0.556045 7.00672
378.934 312.064 13.4524 0.487157 4.51431
943.621 408.655 11.2691 0.628365 7.46597
913.901 564.687 11.2371 0.892753 7.24241
1129.37 178.322 10.7124 -0.105224 6.61637
988.202 319.494 11.2149 0.458852 7.40371
1099.65 326.924 11.0464 0.443993 7.44917
646.418 141.172 12.842 -1.50411 1.347
453.235 520.106 13.3384 1.72518 2.76834
430.945 505.246 13.2736 1.57289 3.75624
349.214 557.256 13.431 1.77877 4.23748
215.473 245.193 12.7973 0.557296 7.0481
213.987 463.637 13.0004 1.07864 6.52856
900.527 401.225 11.3287 0.625983 7.37097
722.204 508.218 11.5458 1.19214 3.35895
695.456 490.386 11.7243 1.17195 3.43368
998.604 312.064 11.2035 0.463156 7.46115
864.862 169.406 11.1649 -0.96488 3.62817
606.295 445.805 11.7584 0.804709 7.53186
579.547 187.238 12.7273 -0.544382 3.76151
213.987 240.735 12.7711 0.560423 7.10109
178.322 240.735 12.8972 0.554285 7.02301
231.819 329.896 13.0076 0.735877 6.57816
196.154 356.644 12.9512 0.789081 6.77585
303.148 267.483 12.9589 0.490978 6.36533
