1122 262 -5.37472 -0.169108 4.60852
1121.25 262.2 -5.36723 -0.1686 4.61349
1212.73 462.875 -5.30815 -0.0123484 4.76253
1122.41 261.59 -5.39632 -0.169376 4.59588
1121.11 262.351 -5.36331 -0.167459 4.61356
1033.66 153.913 -5.49944 -0.28158 4.40725
1184.69 653.691 -5.32045 0.152126 4.77191
1210.84 464.623 -5.29521 -0.0147269 4.76972
1120.33 263.488 -5.35265 -0.167932 4.62088
1033.84 152.863 -5.51534 -0.282514 4.39491
1105.64 592.143 -5.39596 0.146454 4.65515
1184.29 652.283 -5.33895 0.155605 4.7618
1013.12 235.932 -5.52809 -0.186513 4.37983
1008.49 90.2094 -5.77252 -0.399734 4.15427
1130.51 66.5005 -5.40729 -0.3597 4.55389
1210.31 465.503 -5.28929 -0.0136381 4.76919
1208.31 464.971 -5.27429 -0.0148547 4.77768
1128.78 67.2985 -5.43096 -0.363584 4.53771
1116.54 263.076 -7.15803 -0.235575 3.58562
1104.61 429.181 -5.41565 -0.00226872 4.61183
1079.99 168.858 -5.54415 -0.266229 4.43872
1011.39 242.733 -5.50961 -0.183273 4.38972
1108.48 428.829 -5.42783 -0.0002088 4.60385
1051.84 570.424 -5.47482 0.16577 4.55266
1100.39 598.742 -5.33622 0.139947 4.6854
1076.12 169.913 -5.5959 -0.272218 4.39899
1107.27 428.02 -5.47065 0.00351952 4.57679
1079.35 167.486 -5.52696 -0.269273 4.45308
1118.2 267.512 -5.36344 -0.165202 4.60454
1102.15 428.02 -5.39418 -0.00544251 4.612
1002.9 276.875 -5.50048 -0.136377 4.39526
1101.35 596.82 -5.38756 0.149688 4.65152
1113.65 264.57 -5.34973 -0.162507 4.6183
750.64 492.223 -6.31613 0.423846 3.33777
239.959 264.57 -4.85651 0.000610951 3.76736
289.181 313.792 -4.94242 0.0622796 3.73605
166.125 252.264 -4.74674 0.0112318 3.81934
356.862 381.473 -5.30997 0.231078 3.22466
203.042 473.764 -4.7686 0.215936 3.95654
375.32 535.292 -5.59704 0.636528 2.917
436.848 504.528 -6.14059 0.783112 2.23163
430.695 473.764 -5.7055 0.509728 2.88494
664.501 270.723 -10.5617 0.186753 -2.08126
830.626 141.514 -6.46643 -0.405436 3.18629
941.376 283.028 -5.67054 -0.11591 4.18077
953.682 153.82 -5.69365 -0.299558 4.14537
990.599 141.514 -5.61022 -0.312066 4.27021
812.168 572.209 -6.13511 0.497527 3.68497
892.154 455.306 -5.8855 0.167519 3.98718
750.64 412.237 -6.91573 0.373177 2.66076
978.293 596.82 -5.66495 0.277394 4.34767
812.168 178.431 -6.47812 -0.311697 3.13811
775.251 295.334 -6.17543 -0.0288538 3.40969
775.251 510.681 -6.50657 0.51825 3.21267
824.473 498.376 -6.22314 0.362986 3.59136
738.334 443.001 -6.54041 0.388876 3.00952
744.487 430.695 -6.64126 0.370892 2.89793
732.182 467.612 -7.16817 0.637524 2.35998
799.862 363.014 -6.11428 0.0745798 3.5552
824.473 363.014 -6.04737 0.0864484 3.66627
436.848 264.57 -5.81137 0.0489515 2.57783
461.459 270.723 -6.31826 0.124078 1.88912
941.376 190.736 -5.51865 -0.237439 4.28039
886.001 307.639 -5.74435 -0.0640554 4.05144
842.932 350.709 -5.77356 0.0311126 3.95123
892.154 356.862 -5.78891 0.0126477 4.03941
516.834 307.639 -7.89542 0.401429 -0.0915177
516.834 166.125 -7.48519 -0.280418 0.324999
559.904 172.278 -7.46105 -0.297664 0.709156
541.445 209.195 -7.01839 -0.104236 1.27205
412.237 129.208 -5.79091 -0.273484 2.37593
350.709 178.431 -5.22374 -0.118523 3.27127
775.251 332.25 -6.25232 0.0617145 3.34267
744.487 246.111 -6.50126 -0.127709 2.96274
609.126 239.959 -10.6748 0.0607525 -2.99398
387.626 363.014 -5.5544 0.247412 2.88219
155.157 283.563 -4.66101 0.00423638 4.06044
240.761 107.005 -4.81568 -0.182992 3.8026
181.908 101.655 -4.69354 -0.166826 3.98194
411.969 128.406 -5.85583 -0.266379 2.26502
267.512 599.228 -4.9298 0.416789 3.8082
133.756 551.076 -4.66162 0.258205 4.08793
353.116 449.421 -5.4884 0.437839 2.93506
203.309 476.172 -4.78352 0.221322 3.92795
941.644 288.913 -5.60637 -0.117631 4.24847
882.791 390.568 -5.58595 0.036518 4.20808
845.339 454.771 -6.16113 0.248619 3.67647
679.482 379.868 -8.28724 0.585257 0.83402
979.096 593.878 -5.61581 0.254295 4.38024
834.639 406.619 -6.11244 0.162076 3.67333
839.989 433.37 -5.90515 0.161955 3.87152
786.487 481.522 -6.31156 0.380069 3.40755
754.385 379.868 -6.82305 0.264451 2.73035
722.284 422.67 -7.61553 0.582327 1.82964
374.517 214.01 -5.25408 -0.0552866 3.30305
829.289 235.411 -6.07131 -0.167063 3.605
353.116 321.015 -5.2524 0.123034 3.26914
342.416 347.766 -5.27284 0.17529 3.22589
353.116 181.908 -5.2405 -0.115507 3.25351
321.015 214.01 -5.0053 -0.0596018 3.65609
331.715 197.959 -5.1416 -0.080002 3.38808
920.243 101.655 -5.89514 -0.392373 3.90391
904.192 107.005 -5.72742 -0.371224 4.01186
872.091 139.106 -6.04302 -0.352571 3.69031
829.289 535.025 -6.19458 0.429298 3.66547
781.136 540.375 -6.39716 0.55109 3.32639
813.238 551.076 -6.24372 0.488424 3.57359
508.274 230.061 -6.85801 0.0252374 1.2319
497.573 246.111 -7.03251 0.0472632 0.976905
465.472 272.863 -6.02173 0.0843945 2.36197
230.061 331.715 -4.83193 0.0822255 3.81839
347.766 551.076 -5.32174 0.552155 3.25572
241.924 265.186 -4.839 -0.00127221 3.82059
158.181 283.796 -4.69098 0.0139426 3.99738
241.924 176.791 -4.80086 -0.103435 3.85363
609.463 241.924 -10.6748 0.0607525 -2.99398
358.234 116.31 -5.25329 -0.228536 3.21459
260.534 539.677 -4.9538 0.360944 3.72444
232.62 628.073 -4.88014 0.434234 3.8389
344.277 623.42 -5.30677 0.67835 3.30735
88.3954 511.763 -4.5907 0.188957 4.1891
255.881 367.539 -4.94024 0.14562 3.66115
195.4 432.672 -4.75433 0.166245 3.95574
502.458 548.982 -7.31081 1.37652 0.958576
595.506 595.506 -10.0015 2.64988 -1.62223
437.325 507.111 -5.8441 0.643729 2.70046
367.539 600.158 -5.51882 0.736417 3.03318
883.954 302.405 -5.97018 -0.0667208 3.85254
856.04 158.181 -6.12847 -0.326466 3.57752
665.292 162.834 -7.72 -0.396379 1.08661
995.612 200.053 -5.42362 -0.217337 4.42755
767.644 507.111 -6.49219 0.514518 3.20488
930.478 516.415 -5.79399 0.228067 4.15547
790.906 395.453 -6.48597 0.23033 3.20479
800.211 423.368 -6.36749 0.252879 3.35054
753.687 381.496 -6.85205 0.269423 2.70574
414.063 325.667 -5.46277 0.144207 3.14159
367.539 334.972 -5.37964 0.159508 3.12154
395.453 334.972 -5.38117 0.15165 3.21585
944.435 288.448 -5.74514 -0.111512 4.12596
907.216 102.353 -5.65247 -0.365166 4.08458
786.254 539.677 -6.52652 0.590577 3.20671
828.125 535.025 -6.0858 0.399517 3.75209
302.405 311.71 -5.09655 0.0860946 3.47145
353.582 321.015 -5.22743 0.113069 3.33598
953.74 153.529 -5.69578 -0.297717 4.14651
776.949 297.753 -6.26303 -0.0239234 3.3208
539.677 214.01 -6.87175 -0.106293 1.43819
497.806 241.924 -7.09639 0.0514764 0.880153
237.272 474.544 -4.80956 0.22444 3.93898
990.959 144.224 -5.57614 -0.301516 4.29392
469.891 209.358 -6.51 -0.0654987 1.56066
242.733 267.007 -4.82117 -0.00450354 3.8565
161.822 267.007 -4.73619 0.0113475 3.84873
161.822 287.235 -4.66542 0.00456226 4.05869
242.733 178.005 -4.86287 -0.0971807 3.72924
186.096 105.184 -4.69023 -0.16645 3.99667
606.834 242.733 -11.0521 0.109625 -3.45449
550.196 76.8656 -6.1821 -0.48499 2.39009
343.872 623.016 -5.36982 0.705288 3.20993
89.0023 517.831 -4.59467 0.188506 4.18226
202.278 477.376 -4.73802 0.198065 4.02684
594.697 582.56 -8.96651 2.06081 -0.351419
554.241 384.328 -11.086 1.50219 -3.94561
898.114 182.05 -5.8942 -0.274202 3.89176
716.064 80.9111 -6.55093 -0.54182 2.65447
958.797 84.9567 -5.7041 -0.395988 4.12607
728.2 521.877 -7.05899 0.761266 2.53303
914.296 489.512 -5.98047 0.232247 3.98266
934.524 517.831 -5.57614 0.179601 4.32915
833.385 234.642 -6.29457 -0.176535 3.41568
792.929 396.465 -6.42585 0.216048 3.27503
833.385 404.556 -6.15812 0.163371 3.62457
772.701 445.011 -6.69407 0.41201 2.98083
732.246 473.33 -7.03602 0.599394 2.51449
764.61 505.695 -6.43654 0.492753 3.24249
372.191 222.506 -5.31465 -0.0465432 3.202
356.009 319.599 -5.40352 0.147973 3.03966
364.1 335.781 -5.33088 0.154161 3.20993
364.1 169.913 -5.28832 -0.13499 3.19422
954.751 153.731 -5.63181 -0.29075 4.19885
991.161 145.64 -5.51337 -0.287571 4.33763
950.706 206.323 -5.60461 -0.219741 4.23162
788.884 481.421 -6.34123 0.386438 3.38616
821.248 493.558 -6.29237 0.378224 3.5311
461.194 400.51 -6.30589 0.503419 1.98143
364.1 360.055 -5.37437 0.212369 3.14633
238.688 101.139 -4.80104 -0.187195 3.82687
242.733 137.549 -4.81551 -0.147206 3.8295
922.387 97.0934 -5.70268 -0.37965 4.06731
380.282 558.287 -5.37487 0.563224 3.28312
327.69 194.187 -5.17889 -0.0834186 3.3063
509.74 169.913 -7.41575 -0.265957 0.413609
558.287 173.959 -7.48023 -0.298193 0.692395
347.918 404.556 -5.30887 0.281491 3.22385
319.599 214.415 -5.14786 -0.056113 3.36028
283.189 271.052 -4.99661 0.0238812 3.57937
991.161 335.781 -5.54684 -0.0608122 4.37826
877.886 388.373 -5.93605 0.0795141 3.90585
922.387 408.601 -5.67989 0.0593028 4.20476
432.875 173.959 -5.71066 -0.166385 2.67541
469.285 210.369 -6.43679 -0.0756789 1.67728
242.733 267.359 -4.87114 0.00673629 3.74816
488.985 66.8396 -6.05639 -0.473482 2.28833
263.841 538.235 -4.89957 0.331379 3.83655
232.18 626.182 -4.8787 0.435173 3.84312
270.876 390.484 -4.9376 0.166018 3.70941
193.483 436.217 -4.76879 0.177988 3.92704
84.429 510.092 -4.5965 0.187701 4.16339
506.574 552.306 -6.31009 0.872783 2.3814
605.075 647.289 -5.77886 0.690797 3.49043
471.395 633.218 -5.67599 0.765915 3.18631
921.683 98.5005 -5.74441 -0.383299 4.02484
714.129 80.9111 -6.57952 -0.540188 2.61707
851.326 598.039 -6.02268 0.472797 3.85993
914.648 488.985 -5.94305 0.226029 4.01119
935.755 520.646 -5.70542 0.210297 4.22573
932.237 647.289 -5.76519 0.401307 4.21846
816.147 147.751 -6.48846 -0.384035 3.1273
819.665 186.447 -6.40558 -0.28391 3.25206
812.629 545.271 -6.29652 0.494735 3.5169
819.665 566.378 -6.18467 0.495958 3.64454
837.254 232.18 -6.04761 -0.173698 3.63509
795.04 401.038 -6.50746 0.229828 3.19639
735.236 471.395 -7.3171 0.653113 2.23586
717.647 503.056 -7.26881 0.776788 2.22622
376.413 225.144 -5.30912 -0.0440963 3.21864
365.859 172.376 -5.1666 -0.133745 3.41353
281.43 309.573 -4.8725 0.0441311 3.87703
773.933 344.752 -6.3135 0.0829287 3.27872
953.344 207.555 -5.55445 -0.217283 4.27226
471.395 211.073 -6.38809 -0.0748279 1.76143
823.183 467.877 -6.1588 0.300849 3.64079
840.772 478.431 -6.19924 0.310644 3.65311
668.396 228.662 -9.76398 -0.132501 -1.18623
668.396 267.359 -10.43 0.165132 -1.89725
534.717 401.038 -8.73759 1.0814 -1.02275
513.61 168.858 -7.4395 -0.261169 0.339757
541.753 165.34 -7.15663 -0.297345 0.948127
538.235 207.555 -6.88587 -0.0961557 1.42006
432.699 172.376 -5.85325 -0.164638 2.43169
358.823 443.252 -5.33516 0.360799 3.21228
365.859 506.574 -5.52164 0.543654 2.95957
939.273 401.038 -5.68036 0.0455689 4.2112
837.254 320.127 -5.9035 -0.0245236 3.81351
784.486 200.519 -6.59197 -0.251832 2.95981
344.752 527.681 -5.31031 0.496716 3.27008
344.752 225.144 -5.24239 -0.0448422 3.25342
520.034 67.2985 -6.11752 -0.481963 2.34868
58.1214 403.791 -4.55038 0.0908406 4.19919
82.5936 507.798 -4.58731 0.183326 4.18305
743.342 82.5936 -6.64713 -0.555824 2.67419
706.634 633.218 -6.09876 0.703583 3.44685
893.235 455.794 -5.84303 0.168172 4.03696
706.634 489.444 -7.628 0.8594 1.8167
755.579 382.378 -6.67225 0.240496 2.89187
770.874 400.732 -6.68285 0.276968 2.96466
364.024 281.43 -5.20672 0.0417569 3.40616
737.224 471.089 -7.21442 0.62701 2.33952
718.87 504.739 -7.31295 0.793523 2.19633
764.756 501.68 -6.7313 0.570634 2.95891
734.165 217.191 -7.21284 -0.202843 2.13475
770.874 256.958 -6.36255 -0.108532 3.1846
816.759 562.86 -6.22479 0.509613 3.60827
804.523 146.833 -6.55778 -0.382318 3.05116
498.621 241.663 -6.91264 0.0396321 1.14184
495.562 247.781 -6.86471 0.0565312 1.21181
379.319 434.381 -5.42958 0.356956 3.11964
416.027 137.656 -5.82273 -0.244911 2.36795
385.437 180.482 -5.40925 -0.12802 3.0503
838.172 434.381 -6.17626 0.22079 3.62924
333.433 489.444 -5.26574 0.419826 3.29804
281.43 308.961 -4.87968 0.0440992 3.86154
945.238 287.548 -5.52116 -0.116474 4.31203
275.312 416.027 -4.98444 0.215232 3.65067
324.256 168.246 -5.18998 -0.126926 3.24714
929.943 305.902 -5.75303 -0.0777476 4.11206
792.287 483.326 -6.38316 0.399229 3.35463
477.207 455.794 -6.8129 0.846183 1.38449
351.788 526.152 -5.3643 0.519247 3.20263
379.319 559.801 -5.50614 0.638367 3.06054
357.906 440.499 -5.38243 0.371385 3.13297
994.182 204.954 -5.45206 -0.213952 4.40456
220.25 345.67 -4.83913 0.10305 3.78544
926.884 409.909 -5.88182 0.0844922 4.05234
896.294 180.482 -5.89981 -0.268975 3.88858
715.811 168.246 -7.5146 -0.391332 1.67356
339.551 97.8887 -5.14997 -0.240127 3.35573
321.197 211.073 -5.17379 -0.0537786 3.29899
315.079 556.742 -5.06511 0.425635 3.65963
217.191 76.4756 -4.78276 -0.207162 3.81526
214.132 91.7707 -4.74655 -0.19004 3.8998
541.447 162.128 -7.26579 -0.316878 0.840447
431.322 171.305 -5.85325 -0.164638 2.43169
936.061 520.034 -5.64889 0.199485 4.27572
850.408 596.509 -6.02819 0.472249 3.85892
244.722 140.715 -4.84031 -0.142663 3.77464
238.604 266.135 -4.84227 0.00255219 3.79923
566.584 172.901 -7.48023 -0.298193 0.692395
454.863 71.8205 -6.0009 -0.444249 2.21485
58.5204 404.323 -4.56248 0.0958912 4.17614
175.561 367.083 -4.70647 0.0896436 4.01242
712.885 82.4606 -6.51223 -0.535161 2.68877
696.925 164.921 -7.81787 -0.409347 1.2044
707.565 635.745 -6.17188 0.734043 3.37386
731.505 367.083 -7.07745 0.281942 2.38664
758.106 383.043 -6.66017 0.241526 2.92264
734.165 428.263 -7.25874 0.506584 2.26173
771.406 401.663 -6.74217 0.288968 2.90077
774.066 311.222 -6.32292 0.0168651 3.25771
473.483 212.802 -6.43961 -0.066618 1.68539
800.666 239.402 -6.42519 -0.154379 3.18939
771.406 258.022 -6.70468 -0.0949872 2.83905
441.563 396.343 -6.01087 0.41905 2.38124
393.683 311.222 -5.35221 0.10334 3.25755
399.003 340.483 -5.36099 0.147604 3.27765
800.666 524.024 -6.37473 0.478847 3.40764
819.286 566.584 -6.29634 0.530763 3.54707
795.346 412.303 -6.30326 0.222737 3.40865
835.246 406.983 -6.32772 0.192302 3.47412
465.503 500.084 -6.36741 0.817321 2.02805
377.723 561.264 -5.53748 0.652812 3.00691
321.862 313.882 -5.083 0.0892325 3.52248
497.424 239.402 -6.8686 0.0268641 1.20954
537.324 204.822 -6.7864 -0.135617 1.54084
396.343 406.983 -5.46059 0.308988 3.11834
287.282 478.804 -4.99509 0.298353 3.67484
250.042 473.483 -4.8907 0.254898 3.80496
260.682 489.444 -4.89132 0.271604 3.83
840.566 308.562 -5.97588 -0.0434871 3.74746
196.841 329.842 -4.77096 0.0689645 3.89419
880.466 303.242 -5.94954 -0.0681095 3.86283
670.325 228.762 -9.75483 -0.130603 -1.16332
399.003 468.163 -5.65937 0.508914 2.82259
329.842 380.383 -5.19774 0.215842 3.35757
843.226 478.804 -6.30688 0.330819 3.5672
957.607 156.941 -5.65709 -0.280484 4.18109
949.627 327.182 -5.59771 -0.0640126 4.27161
875.146 391.023 -5.87648 0.0774108 3.94832
931.007 375.063 -5.68897 0.0105904 4.18755
928.347 409.643 -5.79922 0.0718215 4.11681
872.486 63.8405 -6.1705 -0.519551 3.54142
936.327 58.5204 -5.81883 -0.456986 3.9843
885.787 98.4207 -5.93775 -0.413291 3.79966
917.707 98.4207 -5.71029 -0.380033 4.05508
430.923 170.241 -5.84099 -0.163539 2.44674
316.542 561.264 -5.09101 0.443593 3.61139
978.887 53.2004 -5.65843 -0.432657 4.18398
268.662 53.2004 -4.95836 -0.277592 3.49387
215.462 77.1406 -4.78276 -0.207162 3.81526
263.342 106.401 -4.90771 -0.193326 3.64206
542.644 199.501 -6.8253 -0.157437 1.52443
332.502 665.005 -5.15997 0.629122 3.57642
489.444 66.5005 -6.05363 -0.469914 2.27572
553.284 77.1406 -6.40886 -0.527381 2.06121
71.8205 478.804 -4.58025 0.159833 4.17291
82.4606 508.064 -4.59574 0.187448 4.16197
869.826 667.665 -5.97819 0.563961 3.9722
931.007 649.045 -5.68481 0.377611 4.27913
340.483 619.785 -5.3581 0.69072 3.21886
242.062 175.561 -4.87226 -0.0988502 3.71288
553.284 651.705 -5.12589 0.376278 4.16369
399.003 69.1605 -5.85565 -0.419154 2.16689
361.763 117.041 -5.2743 -0.227727 3.18491
904.407 585.204 -5.77691 0.339247 4.15439
843.226 635.745 -6.05914 0.558429 3.83133
566.7 173.48 -7.32367 -0.286131 0.944667
728.614 518.126 -7.08845 0.762872 2.49874
749.432 228.993 -7.18381 -0.171248 2.24062
363.151 316.889 -5.31887 0.125947 3.20932
407.099 314.576 -5.29945 0.0901613 3.40809
365.464 337.707 -5.30797 0.159132 3.24636
360.837 224.367 -5.30882 -0.040175 3.16716
543.569 198.923 -6.87741 -0.150999 1.45926
490.369 272.941 -6.70601 0.150924 1.44685
476.49 457.986 -6.81728 0.843871 1.3736
360.837 365.464 -5.31801 0.208 3.22825
358.524 439.482 -5.31783 0.345131 3.25156
846.58 534.317 -6.21588 0.418951 3.67446
818.823 564.387 -6.25846 0.518464 3.57952
353.898 529.691 -5.32851 0.503065 3.27376
818.823 185.045 -6.50518 -0.294144 3.15044
802.632 453.36 -6.4184 0.331535 3.33437
795.693 483.43 -6.41667 0.41342 3.32991
337.707 453.36 -5.25335 0.358955 3.30529
416.351 141.097 -5.75783 -0.236683 2.49081
316.889 559.761 -5.1651 0.486705 3.47664
326.142 575.952 -5.01403 0.401646 3.79338
828.076 296.072 -5.9167 -0.0554483 3.77292
330.768 457.986 -5.25591 0.362629 3.29224
291.446 511.186 -4.99694 0.340234 3.69997
370.09 185.045 -5.30952 -0.114019 3.18073
892.841 185.045 -5.98326 -0.271823 3.81223
705.483 261.376 -8.9601 0.0116601 0.0734756
231.306 74.0179 -4.79269 -0.213766 3.82699
187.358 108.714 -4.69529 -0.162765 3.98574
261.376 106.401 -4.91625 -0.191471 3.62626
198.923 330.768 -4.76957 0.0685596 3.89678
742.492 534.317 -7.0254 0.775836 2.61451
788.754 587.517 -6.44463 0.661795 3.34726
622.213 548.195 -6.58064 0.826168 2.57814
626.839 587.517 -6.368 0.817383 2.8593
309.95 67.0788 -5.07092 -0.274115 3.40247
238.245 261.376 -4.8559 -0.00114902 3.76596
259.063 534.317 -4.89297 0.324364 3.84371
249.811 474.177 -4.8907 0.254898 3.80496
892.841 418.664 -5.88925 0.117916 3.98322
980.738 50.8873 -5.61382 -0.425091 4.22148
191.984 434.855 -4.75437 0.173113 3.95442
71.7049 476.49 -4.5789 0.158505 4.1765
106.401 451.047 -4.62524 0.150384 4.11141
543.569 166.54 -7.29527 -0.303392 0.829784
865.085 69.3918 -6.06132 -0.480439 3.61569
360.837 115.653 -5.26817 -0.228664 3.19549
245.184 141.097 -4.82487 -0.142752 3.80866
895.154 455.673 -5.85458 0.168785 4.02471
939.103 518.126 -5.73644 0.209153 4.21403
520.439 69.3918 -6.14296 -0.483067 2.32739
342.333 617.587 -5.36648 0.693353 3.20439
377.029 608.335 -5.5462 0.758704 3.02228
747.119 83.2702 -6.62849 -0.553366 2.70213
774.875 92.5224 -6.79422 -0.560884 2.64069
934.476 522.752 -5.68998 0.20631 4.23579
892.841 578.265 -5.94973 0.387302 4.0048
175.793 365.464 -4.7045 0.0880097 4.02051
57.8265 402.473 -4.55919 0.0931742 4.18656
744.805 608.335 -6.3997 0.741723 3.25727
677.727 164.227 -7.62207 -0.396555 1.30142
608.335 67.0788 -7.02045 -0.676885 1.51568
764.316 502.839 -6.63102 0.544143 3.05108
748.225 229.295 -7.21238 -0.173631 2.21836
726.1 255.442 -7.71642 -0.0592758 1.58946
484.737 345.953 -6.61153 0.382051 1.63358
530.998 400.26 -8.90838 1.12251 -1.26531
498.817 410.317 -7.34811 0.798484 0.689651
808.566 199.124 -6.36785 -0.251888 3.26204
406.294 315.783 -5.41809 0.11594 3.19245
364.056 339.919 -5.29421 0.156991 3.26925
498.817 237.34 -7.00897 0.0251891 1.00122
535.021 205.158 -6.88538 -0.130568 1.4033
424.396 480.714 -5.81073 0.573707 2.679
476.692 458.589 -6.81312 0.842166 1.37967
360.033 223.261 -5.32277 -0.0391832 3.14202
798.509 412.328 -6.38761 0.240396 3.32752
834.713 404.283 -6.18278 0.165478 3.60542
818.622 565.191 -6.2526 0.516098 3.58362
844.77 535.021 -6.22143 0.422935 3.66809
852.815 597.373 -6.02044 0.46957 3.8683
802.531 193.09 -6.31434 -0.25832 3.2868
649.668 227.283 -9.70685 -0.112715 -1.31386
705.986 261.476 -8.86458 0.0226035 0.224323
319.806 313.772 -5.06529 0.0791803 3.5683
428.419 170.965 -5.84099 -0.163539 2.44674
880.974 301.704 -5.93297 -0.0683707 3.87538
913.156 323.828 -5.83213 -0.0456404 4.0277
374.112 514.907 -5.45461 0.52723 3.11227
263.488 553.123 -4.96385 0.3875 3.71288
323.828 577.259 -5.12881 0.486982 3.5672
329.863 378.135 -5.19287 0.211349 3.36523
372.101 185.045 -5.336 -0.112479 3.13178
217.227 46.2612 -4.79488 -0.243875 3.77531
217.227 76.4316 -4.78874 -0.209824 3.80427
619.498 557.146 -7.36095 1.15769 1.67989
213.204 211.192 -4.82226 -0.0575788 3.75898
891.031 420.374 -5.89342 0.119393 3.98002
233.317 629.555 -4.818 0.393723 3.97263
263.488 106.602 -4.89813 -0.190637 3.66596
313.772 82.4656 -4.99046 -0.243043 3.59193
166.943 291.647 -4.70394 0.0200904 3.97986
718.054 170.965 -7.84274 -0.398639 1.32087
937.292 522.953 -5.64408 0.199635 4.28039
637.6 227.283 -9.49552 -0.114763 -1.17242
820.634 619.498 -6.15627 0.584215 3.69692
866.895 633.577 -5.97588 0.506334 3.95044
714.032 448.533 -7.43557 0.643647 2.00866
510.885 174.988 -7.17732 -0.241758 0.734163
530.998 172.977 -7.3751 -0.267537 0.600198
504.851 553.123 -6.34551 0.894358 2.33214
339.919 96.5451 -5.15527 -0.240319 3.34399
720.066 659.725 -6.05892 0.725335 3.54581
56.318 66.3748 -4.49866 -0.163902 4.30859
635.589 657.714 -5.86808 0.717026 3.48676
611.453 458.589 -7.45421 0.839261 1.40609
748.225 84.477 -6.62849 -0.553366 2.70213
776.384 92.5224 -6.6729 -0.542914 2.77554
522.953 68.3861 -6.14296 -0.483067 2.32739
484.737 68.3861 -6.03473 -0.462603 2.30288
60.3407 404.283 -4.55648 0.0919986 4.19334
106.602 426.408 -4.60275 0.118628 4.16284
569.214 174.988 -7.32367 -0.286131 0.944667
732.134 368.078 -6.95227 0.264335 2.51209
480.714 406.294 -6.91246 0.680091 1.20184
720.066 454.567 -7.31544 0.627677 2.17221
732.134 426.408 -7.16658 0.485656 2.36288
752.248 356.01 -6.83192 0.202922 2.69378
715.344 449.495 -8.12012 0.798755 1.30726
893.742 458.24 -5.86141 0.171048 4.02256
937.467 524.702 -5.66457 0.205609 4.26824
799.296 412.765 -6.39396 0.241569 3.32305
836.025 405.769 -6.20906 0.170648 3.58161
764.316 671.618 -5.92403 0.635998 3.78254
640.136 685.61 -5.71489 0.686542 3.68041
736.332 528.2 -7.04008 0.766311 2.57175
783.555 529.949 -6.50631 0.551993 3.24399
790.551 591.164 -6.32344 0.617523 3.46183
680.363 557.933 -6.82012 0.850369 2.56611
818.535 564.929 -6.23686 0.510098 3.59913
853.515 598.16 -5.99936 0.463958 3.89148
792.3 190.642 -6.42968 -0.27075 3.14076
701.351 166.156 -7.62169 -0.402674 1.4563
748.575 83.9523 -6.62849 -0.553366 2.70213
778.308 82.2033 -6.69395 -0.575474 2.75222
683.861 66.4622 -6.46678 -0.561408 2.60018
711.846 82.2033 -6.49288 -0.534931 2.70681
804.543 190.642 -6.44303 -0.272613 3.16818
918.228 96.1953 -5.70553 -0.379706 4.05816
912.981 323.566 -5.74193 -0.0520316 4.10447
428.507 486.224 -5.7587 0.562258 2.79353
466.985 500.216 -6.45805 0.86113 1.8959
376.036 517.706 -5.37587 0.48728 3.25257
358.546 367.291 -5.32517 0.212425 3.21108
557.933 624.395 -5.85634 0.735409 3.23799
503.714 668.12 -5.48215 0.667953 3.58397
328.813 379.534 -5.19103 0.208612 3.36888
229.12 536.945 -4.80517 0.287412 3.96123
428.507 171.403 -5.8468 -0.16584 2.425
362.044 115.434 -5.23758 -0.226735 3.25123
363.793 162.658 -5.29692 -0.148563 3.1671
402.271 68.2112 -5.8331 -0.420403 2.22283
339.307 96.1953 -5.1745 -0.2492 3.29368
606.905 106.689 -9.01527 -0.79648 -1.10117
458.24 271.096 -6.2159 0.101716 2.03723
360.295 223.873 -5.32277 -0.0391832 3.14202
491.471 229.12 -6.94398 -0.00376049 1.03395
328.813 174.901 -5.1505 -0.118344 3.34769
232.618 162.658 -4.84781 -0.115705 3.72505
264.1 108.438 -4.90214 -0.190246 3.66149
216.877 45.4742 -4.78314 -0.242895 3.80583
253.606 68.2112 -4.87942 -0.242402 3.66555
71.7093 206.383 -4.5208 -0.0729832 4.30629
197.638 244.861 -4.79397 -0.016041 3.78666
774.81 407.518 -6.75552 0.310264 2.90413
732.834 369.04 -7.03193 0.276773 2.43964
498.467 236.116 -6.99764 0.020767 1.01203
760.818 480.977 -6.77682 0.525887 2.88443
708.347 337.558 -7.62957 0.271514 1.65718
813.288 269.347 -6.10337 -0.0971466 3.55306
498.467 439.001 -7.1203 0.860955 1.04017
465.236 447.746 -6.4574 0.696068 1.83248
475.73 458.24 -6.82875 0.847763 1.34891
484.475 346.303 -6.63818 0.39076 1.58498
853.515 234.367 -6.03361 -0.1736 3.69716
787.053 199.387 -6.57046 -0.254665 2.98442
764.316 503.714 -6.75449 0.57778 2.93148
776.559 522.953 -6.48825 0.537171 3.2334
720.591 505.463 -7.26764 0.787782 2.25815
999.215 547.515 -5.60165 0.188089 4.39808
657.018 489.722 -7.62737 0.943557 1.51822
894.274 457.783 -5.8643 0.171728 4.02085
892.754 419.762 -5.86908 0.116325 3.99896
845.607 371.094 -5.93905 0.0648478 3.8223
834.96 404.553 -6.2008 0.166235 3.59088
730.02 687.435 -5.87696 0.67435 3.74529
790.855 590.099 -6.47993 0.675535 3.31982
672.227 558.161 -6.71716 0.825249 2.65152
822.793 620.517 -6.18399 0.599049 3.6801
868.42 632.684 -6.05421 0.52886 3.89129
854.732 597.704 -6.04359 0.478813 3.85521
678.31 164.255 -7.56591 -0.387453 1.36318
711.769 82.1273 -6.63289 -0.549086 2.54202
821.272 184.026 -6.4726 -0.292154 3.18524
777.167 349.801 -6.37034 0.110915 3.23959
374.135 485.159 -5.49116 0.485806 3.03065
438.012 395.427 -5.96584 0.409857 2.43829
334.592 667.664 -5.14179 0.61868 3.61283
413.678 565.766 -5.8477 0.803827 2.64344
550.557 682.873 -5.58541 0.703119 3.58585
567.286 555.119 -17.0434 5.64861 -10.8553
623.559 556.64 -6.61954 0.848459 2.53936
73.002 476.034 -4.57874 0.157301 4.17899
331.551 457.783 -5.24743 0.360276 3.30873
261.59 517.097 -4.90388 0.309772 3.81837
260.07 533.827 -4.90152 0.329461 3.82594
421.282 65.3976 -5.92455 -0.450326 2.14397
454.742 59.3141 -5.99185 -0.474569 2.21901
485.159 68.4394 -6.03473 -0.462603 2.30288
371.094 100.378 -5.24101 -0.255586 3.2704
605.308 159.692 -6.69545 -0.319423 2.02879
511.014 174.901 -7.1964 -0.237363 0.713987
527.744 171.859 -7.4427 -0.268064 0.485894
609.871 66.9185 -7.17015 -0.695258 1.32367
445.616 261.59 -5.92637 0.0566355 2.42836
360.447 223.569 -5.31328 -0.0403208 3.15943
232.694 162.734 -4.84757 -0.116035 3.72571
167.296 292.008 -4.70508 0.0217224 3.97887
30.4175 225.089 -4.48965 -0.0570198 4.33664
319.384 311.779 -5.11439 0.0905363 3.46022
202.276 330.03 -4.79543 0.0766089 3.84131
319.384 199.235 -5.05688 -0.081342 3.51972
215.964 209.881 -4.82153 -0.0560908 3.76415
197.714 244.861 -4.79985 -0.0140766 3.77331
524.702 270.716 -8.37318 0.261619 -0.779597
713.29 398.469 -7.68422 0.51586 1.69556
468.43 343.718 -6.27928 0.32652 2.04338
774.125 406.074 -6.55854 0.27265 3.093
757.396 425.845 -6.74405 0.375757 2.86301
476.034 456.262 -6.82875 0.847763 1.34891
777.167 521.66 -6.54355 0.55234 3.18284
766.521 460.825 -6.90064 0.497792 2.7719
809.105 200.755 -6.31752 -0.24392 3.30567
726.978 253.986 -7.51902 -0.0705669 1.80063
704.165 355.885 -7.57658 0.342966 1.71643
827.356 576.412 -6.11356 0.484567 3.73001
754.354 486.68 -6.85065 0.569741 2.78765
730.02 517.097 -7.22237 0.800148 2.35531
416.72 176.421 -5.69205 -0.14417 2.64595
372.614 310.258 -5.3588 0.119138 3.16852
396.948 313.3 -5.33371 0.101325 3.29524
375.656 161.213 -5.36939 -0.158331 3.06762
789.334 555.119 -6.41907 0.576908 3.35947
377.177 433.449 -5.47734 0.378088 3.03184
998.487 547.515 -5.59365 0.185912 4.40395
894.01 457.585 -5.83856 0.169334 4.03897
796.145 488.003 -6.38181 0.407863 3.37095
892.688 420.555 -5.96834 0.129229 3.91935
741.922 532.967 -7.01969 0.767476 2.62041
673.152 558.095 -6.65698 0.802072 2.71297
872.85 673.152 -5.95671 0.557094 3.99282
845.078 535.612 -6.21216 0.422687 3.67407
854.335 597.77 -6.13576 0.508387 3.78012
978.65 58.19 -5.71649 -0.431837 4.13858
702.247 165.312 -7.63739 -0.401884 1.44355
867.56 124.315 -5.94379 -0.368177 3.76439
897.977 26.45 -6.06389 -0.562084 3.68341
880.785 301.53 -5.92332 -0.066626 3.88284
408.652 531.645 -5.57863 0.595392 3.03521
283.015 453.617 -4.96739 0.253569 3.71893
236.727 641.412 -4.83964 0.422288 3.93736
268.467 605.705 -4.90284 0.405764 3.87294
228.792 536.935 -4.80909 0.289734 3.95267
454.94 59.5125 -5.95583 -0.469056 2.27649
454.94 74.06 -5.95356 -0.434979 2.29059
371.622 100.51 -5.24101 -0.255586 3.2704
604.383 175.893 -6.89481 -0.276309 1.77305
510.485 175.893 -7.1964 -0.237363 0.713987
609.672 67.4475 -7.19946 -0.701171 1.29091
495.938 66.125 -6.02907 -0.472221 2.36712
525.032 68.77 -6.09932 -0.478999 2.39308
363.688 341.205 -5.29801 0.158144 3.26542
361.043 223.503 -5.32717 -0.0389937 3.13222
170.602 72.7375 -4.68713 -0.193684 3.95897
327.98 174.57 -5.13794 -0.119126 3.37286
198.375 157.378 -4.81652 -0.11336 3.69874
301.53 51.5775 -5.01836 -0.285304 3.48758
166.635 292.272 -4.70057 0.0204007 3.98959
177.215 309.465 -4.71695 0.0374715 3.97698
226.147 358.397 -4.81891 0.107207 3.85877
318.723 199.697 -5.10522 -0.0770417 3.426
488.003 412.62 -6.90882 0.699112 1.2632
478.745 219.535 -6.43956 -0.0546804 1.73175
726.052 464.198 -7.17292 0.623781 2.34404
773.662 406.008 -6.86934 0.326699 2.79087
460.23 269.79 -6.25597 0.103756 1.9719
398.073 540.902 -5.66682 0.667358 2.85517
744.568 244.662 -7.24382 -0.117598 2.16858
453.617 375.59 -6.21114 0.413021 2.09889
806.725 587.19 -6.34463 0.601925 3.48889
826.562 576.61 -6.29663 0.544515 3.57087
733.987 425.845 -7.30412 0.512016 2.2297
818.628 162.667 -6.33322 -0.332431 3.30046
771.018 478.745 -6.58961 0.462425 3.09496
417.91 177.215 -5.70939 -0.146095 2.61465
383.525 429.812 -5.51556 0.384653 2.98369
700.925 480.068 -7.76297 0.872561 1.62767
424.522 484.035 -5.85209 0.60012 2.62194
349.14 375.59 -5.24201 0.211135 3.33569
367.655 392.783 -5.35302 0.263416 3.20576
845.078 449.65 -6.05632 0.222594 3.75943
847.722 474.777 -6.35813 0.336211 3.52346
376.913 517.097 -5.37587 0.48728 3.25257
845.078 283.015 -5.95471 -0.0857803 3.76938
871.527 301.53 -5.89821 -0.0646698 3.88478
388.815 349.14 -5.31515 0.163633 3.32272
672.75 558.9 -6.71716 0.825249 2.65152
933.8 654.35 -5.64499 0.369392 4.3124
676.2 165.6 -7.60219 -0.3837 1.32209
778.55 94.3 -6.70091 -0.541688 2.75289
898.15 26.45 -6.06579 -0.562507 3.68157
948.75 290.95 -5.6803 -0.109106 4.19492
627.9 587.65 -6.23812 0.766702 3.01387
480.7 185.15 -6.82822 -0.161526 1.0882
362.25 185.15 -5.28711 -0.110439 3.19564
454.25 74.75 -5.95356 -0.434979 2.29059
339.25 95.45 -5.17934 -0.249759 3.28398
606.05 135.7 -8.11886 -0.539299 0.117028
509.45 175.95 -7.2554 -0.241014 0.616814
591.1 50.6 -6.80637 -0.688734 1.70141
612.95 32.2 -7.8686 -1.00282 0.355784
524.4 69 -6.09671 -0.479709 2.40005
361.1 221.95 -5.28926 -0.0441387 3.20138
277.15 324.3 -4.93357 0.0787872 3.72852
487.6 414 -6.90882 0.699112 1.2632
808.45 201.25 -6.35757 -0.244426 3.26621
392.15 226.55 -5.36573 -0.0429043 3.17879
771.65 479.55 -6.70545 0.491549 2.98586
832.6 579.6 -6.12366 0.488021 3.73399
808.45 599.15 -6.27077 0.59798 3.55899
799.25 443.9 -6.37519 0.304002 3.3578
431.25 322 -5.78697 0.189665 2.64908
832.6 363.4 -5.97766 0.0610621 3.75841
430.1 484.15 -5.88987 0.617172 2.58076
802.7 450.8 -6.39346 0.325446 3.35596
828 470.35 -6.30721 0.328974 3.51571
374.9 592.25 -5.39104 0.636086 3.26111
779 95 -6.72804 -0.544851 2.72455
660 28 -6.54486 -0.687745 2.38374
585 685 -5.66217 0.709402 3.59532
370 91 -5.77348 -0.350045 2.17995
277 324 -4.91715 0.0738096 3.76158
291 494 -4.98973 0.31145 3.71007
289 515 -4.97398 0.330442 3.74629
863 149 -6.13926 -0.344318 3.5909
652 203 -8.76432 -0.253814 -0.197977
