642 722 -11.7817 -1.06798 14.4705
1552 364 -15.4844 -2.58906 12.1403
1685 815 -14.6327 -1.59533 16.3493
490 636 -11.8319 -1.62187 15.7204
190 770 -11.3679 -1.37189 16.2583
530 500 -11.2518 -1.82994 14.275
1615 461 -15.7293 -2.14718 12.4802
296 430 -10.0734 -2.01232 13.9159
1744 598 -16.7371 -1.4413 11.598
124 754 -11.3644 -1.46184 16.4625
781 973 -12.6724 -0.791209 15.7621
1227 977 -13.8372 -0.87524 15.6848
1714.8 486 -16.6828 -1.99812 11.2141
760.8 589.2 -11.1366 -0.928505 10.6784
760.8 553.2 -11.1272 -1.17689 10.6938
404.4 600 -11.6939 -1.74216 15.909
1720.8 823.2 -14.6582 -1.61618 16.4364
1776 459.6 -17.8299 -2.12438 9.31129
1848 454.8 -17.7761 -2.19823 10.3204
1892.4 424.8 -18.3546 -2.38864 9.61405
1843.2 427.2 -17.9216 -2.3556 9.91605
541.2 597.6 -11.7795 -1.66074 15.2984
501.6 585.6 -11.6727 -1.68938 15.3255
1702.8 463.2 -16.6649 -2.10824 11.0402
489.6 636 -11.8306 -1.62301 15.7212
194.4 866.4 -11.3607 -1.13134 16.2447
528 499.2 -11.2461 -1.82974 14.2677
158.4 526.8 -10.976 -1.87146 15.8565
1615.2 460.8 -15.723 -2.153 12.4784
375.6 518.4 -11.2972 -1.86343 15.3757
1646.4 594 -15.9648 -1.52685 12.396
1741.2 520.8 -17.1353 -1.76478 10.5167
412.8 801.6 -11.8206 -1.2749 16.0875
259.2 1009.2 -11.4173 -0.711511 16.0964
130.8 901.2 -11.3667 -1.12486 16.4513
304.8 732 -11.533 -1.42532 16.0718
110.4 710.4 -11.3399 -1.55508 16.4643
895.2 933.6 -12.9221 -0.794563 15.4572
577.2 832.8 -11.8828 -0.917047 15.2489
547.2 753.6 -11.8285 -1.19077 15.3587
607.2 721.2 -11.8419 -1.19438 14.948
1094.4 156 -13.0985 -3.86735 9.95002
1603.2 330 -16.1163 -2.84601 10.8654
1227.6 978 -13.8438 -0.859616 15.652
1002 804 -13.0766 -0.686673 13.8688
1012.8 973.2 -13.2782 -0.824587 15.6957
1851.6 852 -14.7429 -1.66675 16.7298
1468.8 796.8 -14.7315 -1.02679 14.3825
436.32 694.08 -11.8227 -1.52135 15.9856
754.56 645.12 -11.1258 -0.566595 10.7157
760.32 624.96 -11.1433 -0.706951 10.6904
1435.68 479.52 -15.0059 -1.9997 12.103
568.8 635.04 -11.8104 -1.51602 15.1789
1846.08 1025.28 -14.7738 -1.36955 16.7336
527.04 499.68 -11.2415 -1.82948 14.268
295.2 430.56 -10.0716 -2.01352 13.9156
542.88 596.16 -11.781 -1.6601 15.2984
292.32 616.32 -11.4495 -1.69673 15.9954
1850.4 574.56 -17.7653 -1.49489 10.5559
459.36 489.6 -11.2138 -1.89614 14.7273
1740.96 521.28 -16.9291 -1.80152 11.0257
734.4 529.92 -10.9462 -1.32652 10.6844
357.12 501.12 -11.223 -1.9107 15.3507
293.76 924.48 -11.5194 -0.947408 16.1025
259.2 1009.44 -11.4167 -0.710455 16.0984
138.24 839.52 -11.3485 -1.24692 16.4066
390.24 623.52 -11.7281 -1.6972 16.0249
341.28 712.8 -11.6422 -1.48849 16.0901
132.48 558.72 -10.9812 -1.79875 15.9504
247.68 560.16 -11.2982 -1.82098 15.9446
138.24 734.4 -11.3475 -1.47873 16.3973
197.28 721.44 -11.3492 -1.47057 16.2113
881.28 1019.52 -12.9854 -0.818462 16.0068
894.24 933.12 -12.9206 -0.789589 15.4433
577.44 832.32 -11.8523 -0.892352 15.1784
547.2 753.12 -11.7513 -1.13447 15.187
1094.4 155.52 -13.1046 -3.82832 10.1952
1670.4 532.8 -17.2903 -1.55036 9.01531
1503.36 488.16 -15.1557 -2.01545 12.7784
1465.92 79.2 -14.9806 -3.94966 12.0768
1002.24 900 -13.2068 -0.79631 15.1358
1717.92 822.24 -14.6334 -1.63386 16.5002
1846.08 918.72 -14.7486 -1.55238 16.7258
1637.28 812.16 -14.5571 -1.57957 16.3124
1713.6 560.16 -16.7039 -1.58262 11.2469
1768.32 688.32 -14.9224 -1.7902 15.9882
1821.6 671.04 -14.8898 -1.88726 16.2578
1562.4 665.28 -15.6889 -1.10541 12.1601
295.488 552.96 -11.3712 -1.83179 15.8642
1444.61 421.632 -15.5852 -2.23411 9.40619
1852.42 575.424 -17.8095 -1.47705 10.4929
387.072 523.584 -11.2898 -1.84935 15.286
527.04 499.392 -11.241 -1.83236 14.2694
1791.94 547.776 -17.2626 -1.64601 10.9115
444.096 509.76 -11.2359 -1.84164 14.8698
445.824 494.208 -11.2167 -1.88958 14.829
305.856 532.224 -11.3163 -1.86947 15.7261
376.704 518.4 -11.2943 -1.86766 15.3678
357.696 501.12 -11.23 -1.91209 15.3583
319.68 504.576 -11.2252 -1.9206 15.5292
499.392 266.112 -9.861 -2.85876 11.794
724.032 169.344 -11.6087 -3.24408 13.1861
347.328 905.472 -11.655 -0.999637 16.0972
305.856 941.76 -11.5519 -0.900002 16.0995
407.808 997.056 -11.8239 -0.796127 16.1056
257.472 827.712 -11.4 -1.16609 16.0631
285.12 611.712 -11.4418 -1.70873 16.012
480.384 665.28 -11.845 -1.5544 15.7939
345.6 751.68 -11.6549 -1.38886 16.0935
342.144 711.936 -11.6405 -1.48876 16.0887
110.592 710.208 -11.3405 -1.55354 16.4644
254.016 725.76 -11.3844 -1.42511 16.0543
808.704 898.56 -12.5835 -0.72344 15.0992
881.28 1019.52 -12.9967 -0.817268 16.005
893.376 933.12 -12.9181 -0.790188 15.4432
544.32 825.984 -11.8558 -0.997983 15.428
616.896 844.992 -11.8341 -0.718867 14.8083
648 1019.52 -12.5196 -0.91684 16.3307
692.928 933.12 -12.3518 -0.772554 15.547
635.904 948.672 -12.2794 -0.806942 15.7516
767.232 630.72 -11.2073 -0.667327 10.6956
889.92 558.144 -12.8215 -1.82946 15.2127
606.528 634.176 -11.8201 -1.4783 14.9147
501.12 585.792 -11.6776 -1.68821 15.349
715.392 561.6 -10.9247 -1.13215 10.987
547.776 753.408 -11.8206 -1.19618 15.3425
561.6 686.016 -11.8282 -1.38212 15.2611
616.896 777.6 -11.8378 -0.977779 14.8528
639.36 722.304 -11.8282 -1.10266 14.6091
1093.82 155.52 -13.1147 -3.82288 10.28
1670.98 532.224 -17.3309 -1.53859 8.88653
1878.34 520.128 -18.1589 -1.78936 9.9664
1871.42 457.92 -18.4991 -2.17002 9.1062
1598.4 423.36 -15.8827 -2.31419 11.7086
1608.77 129.6 -15.8168 -3.83691 11.5918
1461.89 172.8 -15.1644 -3.62614 11.2154
1620.86 247.104 -16.7456 -3.52272 9.06581
1285.63 927.936 -13.9923 -0.975677 15.5774
1002.24 900.288 -13.2067 -0.791788 15.1242
1000.51 803.52 -13.07 -0.68073 13.8555
1168.13 846.72 -13.6922 -0.934672 14.9228
1114.56 1021.25 -13.5481 -0.839807 15.922
1368.58 784.512 -14.4398 -0.963653 14.0801
1702.08 1045.44 -14.7585 -1.08394 16.2623
1638.14 812.16 -14.5556 -1.57939 16.3126
1772.93 675.648 -14.9224 -1.82661 16.0042
1845.5 701.568 -14.7105 -1.9243 16.7236
1821.31 670.464 -14.891 -1.88986 16.2574
1636.42 665.28 -16.1178 -1.09852 11.9356
1563.84 665.28 -15.49 -1.22317 12.8025
228.096 532.915 -11.211 -1.87753 15.9025
240.538 503.885 -11.2118 -1.94891 15.8537
319.334 503.885 -11.2221 -1.92257 15.5292
277.862 497.664 -11.2394 -1.95753 15.7407
304.819 603.418 -11.4471 -1.71267 15.9391
294.451 553.651 -11.3684 -1.82866 15.8648
275.789 551.578 -11.3424 -1.83278 15.9111
1648.51 593.05 -16.0786 -1.49381 12.0673
1598.75 545.357 -15.9075 -1.69285 11.84
798.336 593.05 -11.3758 -0.914417 10.6427
377.395 518.4 -11.2815 -1.85741 15.3359
1764.63 487.296 -17.0952 -1.98811 10.8594
445.824 510.106 -11.2309 -1.84089 14.8463
736.128 182.477 -11.4836 -3.25862 12.6342
723.687 167.962 -11.6276 -3.23836 13.2366
346.291 906.163 -11.6572 -1.00075 16.0969
441.677 891.648 -11.8348 -1.01019 15.9752
352.512 1005.7 -11.6818 -0.757288 16.1136
410.573 1024.36 -11.8448 -0.734002 16.1237
138.931 798.336 -11.3545 -1.33549 16.4047
194.918 858.471 -11.3615 -1.14535 16.2453
217.728 989.107 -11.5236 -0.908913 16.3934
286.157 611.712 -11.4437 -1.71066 16.0122
466.56 568.167 -11.2537 -1.62558 14.7492
360.806 734.055 -11.6867 -1.43485 16.0881
423.014 779.674 -11.8471 -1.33361 16.082
466.56 725.76 -11.7952 -1.38449 15.7796
437.53 692.583 -11.822 -1.53182 15.9819
244.685 559.872 -11.2808 -1.81533 15.9273
143.078 787.968 -11.3651 -1.37079 16.406
109.901 711.245 -11.3411 -1.55357 16.4644
893.722 933.12 -12.922 -0.791483 15.4429
692.583 933.12 -12.3506 -0.772951 15.546
767.232 630.375 -11.1846 -0.675653 10.6938
889.575 557.798 -12.8233 -1.83261 15.2114
767.232 667.699 -11.1234 -0.343477 10.3707
935.194 727.834 -12.3596 -0.197706 10.9782
541.21 655.258 -11.8163 -1.50311 15.3884
543.283 595.123 -11.78 -1.66266 15.2982
715.392 561.946 -10.8037 -1.08105 10.6257
630.375 541.21 -11.4685 -1.63294 13.8244
547.43 752.717 -11.9027 -1.25633 15.5215
559.872 686.362 -11.8206 -1.36744 15.2602
615.859 775.526 -11.7653 -0.905174 14.6451
1013.99 157.594 -12.6721 -3.65311 11.2116
1092.79 157.594 -13.1098 -3.81299 10.3206
1175.73 174.182 -13.6416 -3.80138 9.75478
1669.25 532.915 -16.5748 -1.72806 10.9496
1459.81 329.702 -15.115 -2.76381 11.7906
1434.93 476.928 -15.277 -1.91489 10.6684
1563.49 526.694 -15.6026 -1.80651 12.2049
1617.41 460.339 -15.6868 -2.15913 12.5936
1463.96 78.7968 -15.3043 -4.35462 10.3368
1459.81 199.066 -15.0387 -3.39235 11.9094
1607.04 205.286 -15.9627 -3.50118 11.223
1196.47 902.016 -13.784 -0.829497 15.0742
1849.65 852.25 -14.7426 -1.67347 16.7295
1445.3 980.813 -14.3346 -1.00761 15.8795
1828.92 634.522 -14.9059 -1.96299 16.2338
1795.74 555.725 -17.3479 -1.62645 10.7484
1768.78 686.362 -14.92 -1.78921 15.9875
1847.58 765.159 -14.7264 -1.81984 16.71
1482.62 561.946 -15.4268 -1.50078 11.3803
1636.07 665.626 -16.0991 -1.10998 11.9914
1565.57 665.626 -15.4836 -1.23753 12.8357
1714.45 485.222 -16.6746 -2.01199 11.2931
318.505 502.641 -11.242 -1.92531 15.5648
278.692 497.664 -11.2392 -1.96057 15.7369
1015.23 156.764 -12.6682 -3.70262 10.9018
1607.45 126.904 -16.1399 -4.06711 10.4617
1716.94 890.819 -14.6918 -1.45522 16.3837
1721.92 823.634 -14.6862 -1.59857 16.3661
1488.02 719.125 -15.0546 -1.0486 13.2467
1092.37 156.764 -13.0912 -3.8591 9.96293
1012.75 191.601 -12.6363 -3.52917 10.7507
1072.47 753.961 -13.2956 -0.556955 12.5919
1460.64 201.554 -14.9903 -3.35151 12.1698
1848.82 1012.75 -14.7744 -1.38021 16.726
1226.74 975.422 -13.8425 -0.836431 15.567
579.779 985.375 -12.1552 -0.73869 15.8495
694.241 933.12 -12.3384 -0.739596 15.4692
734.055 768.891 -11.9082 -0.671679 13.7032
731.566 671.846 -10.9958 -0.397971 10.8112
258.785 826.122 -11.3991 -1.16445 16.0633
159.253 831.099 -11.3855 -1.26388 16.3889
1012.75 975.422 -13.2788 -0.846017 15.7488
243.855 559.872 -11.2666 -1.81444 15.9124
1642.29 1002.79 -14.6107 -1.17808 16.2877
442.921 982.887 -11.957 -0.881786 16.1866
430.479 982.887 -11.8358 -0.801509 16.0236
1139.65 768.891 -13.6332 -0.505617 12.5442
1649.76 748.984 -14.5487 -1.72645 16.3518
1846.33 763.914 -14.7317 -1.80875 16.7013
1846.33 704.195 -14.7122 -1.92077 16.7102
1774.17 676.823 -14.7479 -1.90129 16.4035
194.089 724.101 -11.3426 -1.46202 16.2102
709.171 773.868 -11.7201 -0.564036 13.4756
350.853 1005.28 -11.6695 -0.756392 16.1066
716.636 559.872 -10.8171 -1.08462 10.6251
736.543 870.912 -12.2021 -0.601251 14.6217
141.834 788.798 -11.3647 -1.37423 16.4141
139.346 796.263 -11.3543 -1.33861 16.4044
358.318 734.055 -11.6863 -1.43882 16.0875
485.222 808.704 -11.8995 -1.19686 15.8705
1460.64 328.458 -14.9496 -2.7398 12.5278
544.942 826.122 -11.8731 -1.02006 15.4764
1572.62 388.178 -15.7893 -2.48323 11.5243
1204.35 756.449 -13.9755 -0.413883 11.8753
1706.99 559.872 -17.0173 -1.51659 10.3943
612.127 734.055 -11.6792 -1.01142 14.4711
547.43 751.473 -11.7183 -1.12497 15.0848
465.316 726.59 -11.8636 -1.42739 15.9186
1794.08 547.43 -17.37 -1.64509 10.7152
995.328 482.734 -13.1387 -2.08319 15.305
766.403 629.545 -11.1884 -0.659736 10.6817
1634.83 664.382 -16.0863 -1.12056 12.0065
1567.64 664.382 -15.5738 -1.19712 12.5707
1649.76 592.22 -16.2808 -1.42163 11.5213
388.178 624.568 -11.7159 -1.69522 16.0277
400.62 599.685 -11.7034 -1.74415 15.9448
1831.4 534.989 -17.9788 -1.66975 9.81919
1781.64 485.222 -16.6252 -2.06074 12.1479
1781.64 457.851 -17.3046 -2.18007 10.5827
534.989 641.987 -11.7327 -1.49434 15.2404
604.662 567.337 -11.6865 -1.63091 14.6174
544.942 594.709 -11.6414 -1.59917 14.9478
166.717 532.501 -11.0288 -1.86243 15.8887
1527.83 445.409 -15.541 -2.17772 11.686
1433.27 475.269 -15.1689 -1.94713 11.1804
1647.27 510.106 -16.2123 -1.85894 11.5313
1617.41 457.851 -15.8933 -2.13969 12.0583
1408.39 624.568 -15.1274 -1.09033 11.0841
353.341 609.638 -11.5953 -1.71647 15.9755
627.057 534.989 -11.5843 -1.68603 14.1379
1403.41 480.246 -14.7615 -2.00597 12.5144
722.608 167.215 -11.7651 -3.1791 13.7004
1463.13 979.403 -14.3171 -1.09227 16.0688
1430.29 970.445 -14.3058 -1.01648 15.8518
1719.93 824.132 -14.6731 -1.60808 16.4021
1842.35 916.697 -14.7553 -1.53937 16.712
579.281 173.187 -10.9243 -3.18536 13.1948
1012.25 191.103 -12.6309 -3.56155 10.5985
1089.88 155.271 -13.1146 -3.7816 10.525
495.673 265.753 -10.3948 -2.78684 12.9281
764.412 665.875 -11.6783 -0.806866 12.3902
853.992 803.23 -12.4512 -0.602391 13.7632
1173.49 173.187 -13.6372 -3.75554 9.95851
1227.24 976.417 -13.8425 -0.836431 15.567
1098.84 934.613 -13.4925 -0.842546 15.4098
1367.58 818.16 -14.5265 -0.706263 13.6281
1752.77 137.355 -17.4011 -4.23909 9.36761
188.117 782.328 -11.3435 -1.33409 16.2422
194.089 725.594 -11.3446 -1.4612 16.2144
734.552 185.131 -11.414 -3.2892 12.3958
412.066 1021.21 -11.9867 -0.874329 16.3833
438.94 922.669 -11.8425 -0.940488 16.0068
352.346 997.319 -11.6638 -0.761812 16.0989
731.566 868.922 -12.3275 -0.766289 15.0425
1003.29 898.781 -13.2187 -0.873626 15.3316
692.748 931.627 -12.3298 -0.733903 15.448
659.903 916.697 -12.1746 -0.713537 15.3138
113.467 710.664 -11.3388 -1.55451 16.4645
1845.34 764.412 -14.7267 -1.80567 16.7014
1773.67 677.818 -14.9307 -1.81956 16.0005
244.851 561.365 -11.2837 -1.81445 15.9486
716.636 561.365 -10.8113 -1.07784 10.6269
1546.74 364.29 -15.4466 -2.59573 12.1811
140.341 797.258 -11.3879 -1.36458 16.4521
486.715 895.795 -11.9434 -1.0058 15.9586
486.715 809.202 -11.8093 -1.13156 15.7018
346.374 815.174 -11.6417 -1.23388 16.0773
322.486 803.23 -11.5868 -1.25932 16.0908
1478.06 621.085 -14.9859 -1.46654 13.1687
1830.41 636.015 -14.9181 -1.95493 16.2362
1794.58 549.421 -17.5616 -1.59664 10.2651
310.542 755.454 -11.545 -1.37387 16.0736
549.421 749.482 -11.7897 -1.17297 15.2577
558.379 689.762 -11.7335 -1.30867 15.0506
591.225 307.556 -10.4193 -2.65577 11.8425
465.814 728.58 -11.8142 -1.38554 15.8181
851.006 349.36 -12.3017 -2.487 13.4476
764.412 630.043 -11.7828 -1.09329 12.8472
600.183 624.071 -11.1669 -1.18541 13.3841
534.491 641.987 -11.7578 -1.50808 15.2944
1636.32 662.889 -16.0379 -1.13516 12.126
1576.6 633.029 -15.8181 -1.23683 11.8502
1860.27 507.617 -17.5198 -1.94202 11.0938
501.645 585.253 -11.6527 -1.6837 15.3143
286.655 612.127 -11.4447 -1.71175 16.012
1648.26 510.603 -16.1887 -1.86197 11.657
1696.04 462.828 -17.249 -2.05447 9.37597
1618.4 459.842 -15.8297 -2.15244 12.2774
627.057 537.477 -11.5596 -1.67607 14.07
1406.4 627.057 -15.1282 -1.07956 11.0855
447.898 492.687 -11.2404 -1.90695 14.8854
444.912 510.603 -11.2355 -1.83339 14.8478
585.253 495.673 -11.6467 -1.89126 14.6977
519.561 501.645 -11.5971 -1.9103 15.1156
1484.03 525.533 -15.4523 -1.70838 11.2461
1525.84 444.912 -15.3397 -2.21505 12.2923
376.234 498.659 -10.9021 -1.83645 14.7171
1842.35 853.992 -14.7343 -1.6713 16.7374
1015.23 158.257 -12.598 -3.75245 10.4871
1203.35 98.5375 -13.7507 -4.04099 11.0335
214.991 991.347 -11.5981 -0.954743 16.4953
191.103 859.964 -11.3714 -1.14849 16.2684
745.302 250.823 -11.3656 -2.9825 12.0059
1619.6 247.24 -16.878 -3.56193 8.50579
1207.53 756.051 -13.9934 -0.34015 11.5671
1426.11 827.715 -14.5246 -1.01601 14.7535
587.642 852.797 -11.8018 -0.74706 14.9602
537.477 852.797 -11.831 -0.911093 15.4116
573.309 834.881 -11.8437 -0.886052 15.1638
541.06 820.549 -11.8649 -1.02514 15.4748
1845.34 702.304 -14.7011 -1.92937 16.7262
1777.26 677.221 -14.9358 -1.81996 16.0008
114.662 849.214 -11.3737 -1.26028 16.4994
139.744 795.466 -11.3923 -1.36483 16.4518
501.645 917.294 -11.7281 -0.705109 15.4008
437.148 920.878 -11.8421 -0.942984 16.0091
634.223 659.305 -11.8159 -1.32522 14.6818
634.223 573.309 -11.6951 -1.58091 14.3968
1003.29 895.795 -13.2365 -0.897724 15.3811
1003.29 799.049 -13.0382 -0.598399 13.5409
1343.69 849.214 -14.1664 -1.11957 15.3528
483.73 895.795 -11.6566 -0.77268 15.385
440.731 885.046 -11.8426 -1.02674 15.9805
483.73 809.799 -11.8576 -1.17422 15.8017
440.731 802.633 -11.9013 -1.28237 16.1103
243.656 558.976 -11.256 -1.81781 15.9032
1483.44 415.649 -14.4086 -2.35364 15.4501
1458.35 326.07 -15.6555 -2.92368 9.10873
1831.01 634.223 -14.7109 -2.01469 16.6285
1795.17 548.227 -17.6892 -1.59079 10.0199
347.569 1006.87 -11.6613 -0.760358 16.1086
333.236 988.958 -11.609 -0.789892 16.084
343.985 913.711 -11.6482 -0.983912 16.094
311.737 942.377 -11.5613 -0.895795 16.0854
1479.85 566.143 -15.4755 -1.4692 11.2425
1544.35 365.485 -15.6737 -2.61565 11.2971
573.309 680.805 -11.7109 -1.29022 14.8819
558.976 687.971 -11.6747 -1.2849 14.9266
340.402 752.468 -11.6235 -1.38609 16.0613
308.154 752.468 -11.5419 -1.38461 16.0764
340.402 720.219 -11.6248 -1.46454 16.0834
311.737 849.214 -11.5634 -1.12725 16.0935
340.402 813.382 -11.6409 -1.23261 16.076
326.07 799.049 -11.5854 -1.27515 16.0743
533.894 641.39 -11.2825 -1.28944 14.2914
612.724 594.808 -11.4666 -1.4288 13.9786
548.227 591.225 -11.77 -1.64759 15.2637
480.146 670.055 -11.8498 -1.55107 15.8186
627.057 533.894 -11.6441 -1.7101 14.3028
1633.93 659.305 -16.034 -1.14197 12.1356
1565.85 591.225 -15.8153 -1.43552 11.6624
1565.85 523.145 -15.5494 -1.83262 12.3849
1619.6 458.647 -15.8622 -2.15015 12.1824
351.152 609.141 -11.5668 -1.7183 15.923
290.238 609.141 -11.4308 -1.7065 15.9792
333.236 573.309 -11.4431 -1.77352 15.8045
501.645 584.059 -11.6744 -1.69014 15.3498
1404.61 623.474 -15.1646 -1.0508 10.9332
1404.61 584.059 -15.1174 -1.28408 10.9615
444.315 508.812 -11.0402 -1.78291 14.479
587.642 494.479 -11.3778 -1.8343 14.048
523.145 498.062 -11.3205 -1.84835 14.4781
541.06 458.647 -10.7777 -1.89072 13.199
1483.44 523.145 -15.1902 -1.8021 12.3451
1522.85 440.731 -15.7442 -2.1645 10.7367
1429.69 476.563 -14.96 -2.00168 12.2974
186.325 476.563 -10.9314 -1.98154 15.699
383.4 523.145 -11.3019 -1.85806 15.3226
1841.76 913.711 -14.7612 -1.53316 16.6936
1845.34 849.214 -14.7361 -1.67671 16.7438
1719.93 824.132 -14.6023 -1.64859 16.5731
1458.35 154.077 -15.4007 -3.98884 9.79221
1014.04 157.66 -12.6628 -3.66323 11.0719
637.806 788.3 -11.8004 -0.834199 14.5289
777.55 971.042 -12.6311 -0.76785 15.7058
186.325 777.55 -11.3425 -1.34247 16.2393
214.991 988.958 -11.4383 -0.853594 16.2773
189.909 859.964 -11.3688 -1.15064 16.2681
637.806 161.243 -10.8093 -3.39029 12.2229
580.475 175.576 -10.8267 -3.2134 12.959
738.135 175.576 -11.9245 -3.07039 14.0034
494.479 265.155 -10.1985 -2.81559 12.5351
240.79 558.976 -11.2929 -1.82152 15.9636
1466.24 361.185 -14.5401 -2.52066 14.6132
1543.63 365.485 -15.5127 -2.59725 11.9379
356.885 730.969 -11.6714 -1.43914 16.0775
322.486 769.667 -11.5854 -1.3368 16.0679
339.686 718.07 -11.6188 -1.47143 16.0651
464.38 726.669 -11.8536 -1.41296 15.9091
1470.54 623.474 -15.4739 -1.1264 11.0207
1406.04 623.474 -14.9918 -1.1829 11.8561
1483.44 567.576 -15.152 -1.62947 12.5333
339.686 816.965 -11.6365 -1.2372 16.0913
627.773 537.477 -11.6782 -1.73087 14.409
644.973 451.481 -11.5658 -2.00692 14.0067
537.477 614.874 -11.7136 -1.57567 15.2104
546.077 593.375 -11.7724 -1.65351 15.2775
795.466 606.274 -11.3786 -0.796617 10.6645
752.468 546.077 -11.0466 -1.25598 10.6024
1569.43 520.278 -15.7872 -1.76743 11.5812
1621.03 455.781 -15.9637 -2.14429 11.9102
550.377 743.869 -11.8286 -1.2155 15.3409
576.176 683.671 -11.8299 -1.35906 15.1967
1431.84 472.98 -15.1536 -1.9662 11.1398
408.483 653.572 -11.79 -1.63753 16.0652
485.879 567.576 -11.2382 -1.61267 14.5998
412.783 541.777 -11.305 -1.76997 15.2001
352.585 606.274 -11.5582 -1.72492 15.9071
300.987 601.975 -11.446 -1.72328 15.9444
520.278 498.779 -11.8021 -1.96219 15.5267
1573.73 632.073 -15.3365 -1.47903 13.4127
1621.03 546.077 -16.1794 -1.65171 11.386
1780.12 455.781 -17.5968 -2.15668 9.82122
1732.83 524.578 -16.8971 -1.78325 11.0081
1707.03 455.781 -17.2357 -2.12866 9.53256
447.181 511.678 -11.2588 -1.84835 14.8871
1238.35 455.781 -13.978 -2.08077 12.9156
236.49 503.079 -11.1997 -1.95156 15.8533
382.684 520.278 -11.2879 -1.85075 15.3137
322.486 524.578 -11.2948 -1.88798 15.6287
1775.82 675.071 -14.9253 -1.82574 16.004
1371.64 816.965 -14.4989 -0.811161 13.9149
1212.55 821.265 -13.8507 -0.931387 14.6132
1621.03 245.09 -16.6408 -3.49009 9.307
1087.85 159.093 -13.1501 -3.63968 11.4024
1203.95 98.8958 -13.757 -4.02734 11.1341
632.073 571.876 -11.7748 -1.62536 14.5732
533.177 898.662 -11.877 -0.796262 15.4934
541.777 821.265 -11.8334 -1.00672 15.3949
855.664 799.766 -12.4997 -0.691788 14.0354
193.492 726.669 -11.3393 -1.4578 16.213
116.095 713.77 -11.3509 -1.5493 16.4722
214.991 988.958 -11.3621 -0.801116 16.1725
189.192 864.263 -11.3556 -1.13029 16.2459
137.594 791.167 -11.3557 -1.38875 16.42
343.985 911.561 -11.649 -0.996346 16.0847
1455.06 325.066 -14.6926 -2.69266 13.7676
701.73 490.179 -11.7887 -1.86546 13.932
288.948 608.854 -11.4438 -1.71044 15.9913
278.628 577.896 -11.4075 -1.79594 15.9995
510.818 361.185 -10.8416 -2.3332 13.6547
485.02 722.369 -11.8233 -1.39607 15.7257
1661.45 541.777 -15.915 -1.82438 12.652
407.623 650.133 -11.7942 -1.64778 16.0607
350.865 603.694 -11.5476 -1.72546 15.8883
330.226 572.736 -11.425 -1.77821 15.8121
552.097 737.849 -11.841 -1.22151 15.3648
469.54 603.694 -11.3583 -1.55175 14.9317
485.02 567.576 -11.7614 -1.77523 15.6033
763.648 619.174 -11.172 -0.663349 10.5664
763.648 546.937 -11.1707 -1.19253 10.6808
964.879 485.02 -13.1331 -2.12105 15.9039
1470.54 619.174 -15.3923 -1.17932 11.3616
1475.7 588.215 -15.5909 -1.27638 10.5086
1434.42 562.416 -15.0614 -1.5597 12.0385
1573.73 629.493 -15.4863 -1.39457 12.8696
1573.73 562.416 -15.8652 -1.54832 11.5448
598.535 624.334 -11.7684 -1.5126 14.9121
541.777 588.215 -11.7589 -1.65978 15.251
1563.41 521.138 -15.8301 -1.77308 11.4269
1594.37 474.7 -15.5986 -2.09181 12.7222
1522.14 438.581 -15.2799 -2.24328 12.5414
624.334 536.617 -11.8653 -1.79929 14.9203
1217.71 505.659 -13.939 -1.87469 12.8545
1651.13 510.818 -16.2272 -1.87485 11.6295
1707.89 454.061 -17.2001 -2.17552 9.79798
1620.17 459.221 -15.8908 -2.14853 12.0916
1774.96 454.061 -17.28 -2.18395 10.5026
448.901 510.818 -11.2279 -1.85116 14.8325
1480.86 521.138 -15.43 -1.71136 11.3362
1403.46 515.978 -15.1225 -1.67764 10.8791
1424.1 474.7 -15.2754 -1.91668 10.3803
237.35 531.458 -11.2345 -1.87218 15.9032
381.824 521.138 -11.2816 -1.84807 15.3169
1816.24 665.612 -14.8861 -1.90606 16.2492
1465.38 975.199 -14.5031 -0.851443 15.439
1001 970.039 -13.213 -0.650492 15.219
1228.03 975.199 -13.8338 -0.83926 15.5664
1455.06 154.793 -15.1793 -3.81078 10.9897
1083.55 159.953 -13.134 -3.68934 11.2228
1202.23 98.0359 -13.7625 -4.1737 10.1462
691.411 928.761 -12.3417 -0.754893 15.4598
531.458 897.802 -11.8482 -0.778587 15.4203
541.777 820.405 -11.8327 -1.0145 15.3982
113.515 712.05 -11.3521 -1.55405 16.4715
139.314 789.447 -11.3462 -1.34644 16.3943
438.581 882.323 -11.8501 -1.04614 16.016
340.546 908.122 -11.6499 -0.994926 16.095
340.546 815.246 -11.6291 -1.22871 16.0722
639.813 159.953 -11.2522 -3.23678 13.3737
748.168 252.829 -11.4608 -2.94878 12.2641
490.179 263.149 -10.3641 -2.79943 12.9181
779.127 970.039 -12.647 -0.79977 15.7573
612.982 767.776 -11.8014 -0.982559 14.7786
594.407 625.366 -11.824 -1.51632 15.016
1467.44 619.174 -15.1804 -1.32591 12.3208
1473.63 588.215 -15.4259 -1.3869 11.2426
1436.48 563.448 -15.254 -1.43134 11.1817
1591.28 421.038 -16.0275 -2.30685 11.1081
755.392 532.49 -11.0756 -1.26139 10.5712
1554.13 495.339 -15.6535 -1.93261 11.9239
1591.28 470.572 -15.971 -2.04464 11.3055
1523.17 439.613 -15.2036 -2.23351 12.8702
1572.7 631.557 -14.9855 -1.65228 14.5453
1572.7 563.448 -15.9547 -1.53961 11.2113
1659.39 507.723 -16.3755 -1.85779 11.1624
1622.24 458.189 -16.1442 -2.12581 11.3239
1479.83 520.106 -15.3719 -1.73476 11.4143
1405.52 513.914 -15.1932 -1.66467 10.2692
1424.1 470.572 -14.846 -2.0387 12.7805
520.106 501.531 -10.9434 -1.77018 13.7134
445.805 507.723 -11.2306 -1.84079 14.8389
458.189 476.764 -11.2107 -1.93762 14.7244
1795.6 544.873 -17.7816 -1.58341 9.83756
1275.5 786.351 -14.032 -1.11175 14.7153
1455.06 321.97 -14.9656 -2.77616 12.325
1083.55 160.985 -13.1174 -3.71007 11.0382
1238.35 458.189 -13.9742 -2.07795 12.9163
724.433 662.516 -11.8796 -1.09739 13.812
643.941 612.982 -11.8247 -1.48288 14.6531
953.528 544.873 -13.094 -1.93154 15.7635
297.203 612.982 -11.4452 -1.70424 15.9935
458.189 730.625 -11.8532 -1.42078 15.9224
489.147 569.64 -11.7718 -1.77231 15.6133
185.752 773.967 -11.3612 -1.35889 16.2731
439.613 885.419 -11.8476 -1.04616 16.0165
340.546 903.994 -11.6429 -0.994579 16.0899
588.215 303.395 -10.6767 -2.65745 12.4964
736.817 185.752 -11.914 -3.08861 13.962
637.749 160.985 -11.2836 -3.22509 13.4611
1225.96 460.665 -13.9787 -2.08291 12.9153
490.386 572.117 -11.6149 -1.72983 15.3097
1560.32 490.386 -15.7528 -1.91284 11.548
1590.04 423.515 -15.9969 -2.30152 11.1325
1419.15 475.526 -14.81 -2.03691 12.8006
378.934 520.106 -11.2801 -1.85258 15.3308
1723.78 824.74 -14.6326 -1.6344 16.5284
1040.21 586.977 -13.2567 -1.74624 15.1455
1322.56 668.708 -14.6515 -0.877309 11.7606
1448.87 319.494 -15.2287 -2.89021 10.9148
1708.92 453.235 -17.001 -2.19213 10.249
720.718 661.278 -11.6602 -0.928312 13.0602
549.826 728.148 -11.8217 -1.25545 15.3252
676.138 809.879 -12.2017 -1.01086 15.3073
564.687 765.299 -11.8424 -1.11446 15.2092
297.203 609.267 -11.4482 -1.70769 15.9813
416.085 631.557 -11.7825 -1.68784 15.9962
438.375 884.18 -11.8557 -1.0794 16.0414
334.354 899.04 -11.6196 -1.0069 16.0903
534.966 772.729 -11.8861 -1.20005 15.5909
334.354 809.879 -11.6195 -1.25764 16.086
735.579 185.752 -11.7747 -3.12713 13.5089
638.987 163.462 -11.5825 -3.11735 14.2335
624.127 534.966 -11.8659 -1.80066 14.9368
527.536 185.752 -10.2081 -3.27713 12.198
766.785 517.134 -12.5247 -1.96805 15.613
1506.82 499.302 -15.5498 -1.8659 11.3622
1471.16 445.805 -14.9656 -2.21255 12.9156
1667.31 392.309 -15.9279 -2.50032 12.5049
1480.07 561.715 -15.4047 -1.45976 11.1946
1658.4 570.631 -15.4866 -1.80973 13.8408
1729.72 829.198 -14.6589 -1.61311 16.443
1649.48 748.953 -14.5561 -1.7207 16.3222
1096.68 704.372 -13.4372 -0.66258 11.9882
1604.9 320.98 -16.9326 -3.1139 7.87117
1515.74 436.889 -15.8009 -2.21878 10.4119
1016.44 169.406 -12.7924 -3.47654 12.2474
1301.75 320.98 -14.288 -2.70048 12.4549
668.708 659.792 -11.853 -1.24731 14.4749
552.798 722.204 -11.8263 -1.29489 15.3415
588.463 624.127 -11.8412 -1.51736 15.0915
588.463 855.946 -11.8508 -0.809558 15.1641
677.624 811.365 -11.9615 -0.781292 14.596
606.295 748.953 -11.8357 -1.02199 14.8794
329.896 704.372 -11.6197 -1.48019 16.0769
294.231 606.295 -11.4408 -1.71977 15.9797
499.302 650.876 -11.8471 -1.59109 15.7047
410.141 633.043 -11.7851 -1.68299 16.0416
338.812 900.527 -11.6281 -1.01857 16.0983
329.896 802.449 -11.6118 -1.26093 16.086
481.47 900.527 -11.8384 -0.914367 15.7813
436.889 873.778 -11.8417 -1.07999 16.0299
748.953 249.651 -11.8584 -2.87457 13.5869
731.121 187.238 -13.0857 -2.56273 17.6798
704.372 490.386 -12.0254 -1.92842 14.5806
374.476 517.134 -11.2782 -1.8754 15.3339
