254 908 -17.0779 0.353844 31.2736
1571 657 -15.683 -0.0722161 33.3248
1195.2 685.2 -18.3451 0.589315 37.7551
378 693.6 -16.9996 0.0456679 31.3897
481.2 625.2 -17.053 -0.0464903 31.6014
393.6 627.6 -16.9926 -0.0505624 31.4022
452.4 564 -17.0465 -0.138806 31.5366
352.8 702 -17.0424 0.0644278 31.3781
481.2 492 -17.0466 -0.256657 31.578
1483.2 758.4 -15.8284 0.157467 33.2147
574.8 406.8 -17.2744 -0.43278 31.9521
908.4 555.6 -19.2652 -0.0896924 35.9596
808.8 628.8 -17.9818 0.100356 33.595
294 666 -17.138 0.0249481 31.3406
800.4 924 -17.8043 0.983459 33.4181
1844.4 590.4 -15.2037 -0.261828 33.1153
1083.6 274.8 -21.0055 -2.61349 40.8653
896.4 802.8 -18.7378 1.02508 35.253
976.32 292.32 -22.0381 -2.46419 40.7437
704.16 766.08 -17.4753 0.364562 32.606
704.16 727.2 -17.564 0.280356 32.6745
1778.4 581.76 -15.3076 -0.267765 33.2148
1524.96 640.8 -15.7686 -0.106883 33.2599
352.8 702.72 -17.0424 0.0650655 31.3781
276.48 632.16 -17.1452 -0.0268167 31.3161
555.84 668.16 -17.1572 0.0487812 31.8525
522.72 610.56 -17.098 -0.06139 31.7157
885.6 240.48 -19.0098 -1.57344 35.2259
1483.2 758.88 -15.83 0.157673 33.2182
1572.48 754.56 -15.6604 0.128656 33.3099
329.76 816.48 -17.0808 0.237005 31.3836
923.04 688.32 -19.2285 0.600849 36.1378
1448.64 305.28 -16.6217 -1.34705 36.0011
895.68 802.08 -18.7803 1.03785 35.3156
246.24 756 -17.1926 0.160666 31.3126
480.96 624.96 -17.0533 -0.0461196 31.6012
276.48 632.448 -17.1454 -0.0271075 31.316
1781.57 418.176 -15.3266 -0.590208 33.3075
304.128 464.832 -17.1202 -0.280391 31.325
523.584 608.256 -17.0991 -0.0584524 31.7191
768.96 770.688 -17.728 0.46974 33.1419
774.144 642.816 -17.7217 0.101618 33.1026
841.536 552.96 -17.9613 -0.14656 33.7
902.016 231.552 -19.1106 -1.66568 35.4824
860.544 172.8 -18.5935 -1.64245 34.4643
800.064 250.56 -18.3522 -1.19364 33.8224
1565.57 991.872 -15.6485 0.648364 33.3603
596.16 525.312 -17.3624 -0.210238 32.1079
495.936 476.928 -17.0743 -0.282579 31.6257
532.224 468.288 -17.1388 -0.306579 31.7483
907.2 554.688 -19.2733 -0.0989999 35.97
895.104 292.032 -18.8016 -1.28663 35.0412
1451.52 756.864 -15.8731 0.150058 33.1291
1824.77 844.992 -15.2038 0.232117 33.2504
1339.2 798.336 -16.1813 0.322126 33.3841
972.864 278.208 -20.541 -2.04686 38.326
556.416 668.736 -17.1574 0.0483734 31.8533
729.216 964.224 -17.4495 0.856084 32.7051
870.912 834.624 -18.3038 0.963396 34.4472
352.512 703.296 -17.0418 0.0634845 31.3785
190.08 468.288 -17.2906 -0.253113 31.2508
352.512 705.024 -17.0413 0.0682873 31.3793
290.304 715.392 -17.1353 0.0925703 31.3382
1719.01 427.162 -15.4408 -0.5881 33.3917
524.621 607.565 -17.1256 -0.0688226 31.7432
773.453 640.742 -17.7598 0.110992 33.1544
787.968 545.357 -17.9775 -0.159787 33.4443
785.895 557.798 -18.015 -0.1309 33.4928
769.306 769.306 -17.7399 0.46957 33.159
1779.15 580.608 -15.3056 -0.270716 33.2182
1756.34 221.875 -15.4121 -1.01792 33.4048
1669.25 205.286 -15.5815 -1.08999 33.5031
524.621 396.058 -17.0952 -0.42188 31.683
800.41 250.906 -18.6534 -1.28124 34.1815
1596.67 750.643 -15.6304 0.118844 33.3849
1557.27 723.687 -15.7005 0.0646931 33.2927
922.752 688.435 -19.1564 0.589571 36.0124
1532.39 178.33 -16.0657 -1.46398 34.5406
1395.53 466.56 -17.0028 -0.70917 36.7047
902.016 508.032 -19.1272 -0.358478 35.6776
891.648 462.413 -18.7295 -0.52344 34.9989
1482.62 758.938 -15.8294 0.158283 33.2185
1826.84 846.029 -15.2038 0.232705 33.2504
1339.55 798.336 -16.1669 0.311743 33.3516
1082.42 275.789 -20.8514 -2.5639 40.5802
555.725 669.773 -17.1585 0.0506664 31.8516
651.11 1020.21 -17.3027 0.847921 32.2972
640.742 841.882 -17.3965 0.48267 32.3315
525.036 607.15 -17.102 -0.0719471 31.7216
634.522 206.531 -18.5332 -1.21386 33.2248
788.798 544.942 -17.9591 -0.157811 33.4229
786.309 554.895 -17.9944 -0.122032 33.464
1856.29 589.732 -15.1921 -0.260048 33.1442
1674.64 251.32 -15.5607 -0.968384 33.466
798.751 248.832 -18.4144 -1.21334 33.8909
525.036 395.643 -17.0945 -0.422788 31.6856
676.823 403.108 -17.3485 -0.474057 32.2763
651.94 380.713 -17.4264 -0.530939 32.2893
684.288 328.458 -17.6329 -0.691035 32.5759
1395.95 465.316 -16.843 -0.660394 36.1534
940.585 731.566 -19.5435 0.922375 36.8114
895.795 291.133 -18.7154 -1.27235 34.9036
746.496 316.017 -17.5155 -0.73848 32.659
935.608 485.222 -19.1472 -0.478382 35.9815
390.666 256.297 -17.2552 -0.626354 31.5224
1530.32 1017.72 -15.6761 0.65384 33.1087
1343.69 691.753 -16.1982 0.0692204 33.4172
1418.34 977.91 -15.9418 0.658946 33.263
1856.29 405.596 -15.2123 -0.579789 32.9001
1132.19 273.715 -20.7179 -2.69658 41.2279
975.422 293.622 -21.8015 -2.39199 40.3639
557.384 669.358 -17.158 0.0514258 31.8547
724.101 579.779 -17.6365 -0.0839119 32.7941
641.987 841.052 -17.4161 0.477588 32.3527
261.274 748.984 -17.1644 0.149053 31.3211
375.736 694.241 -17.0017 0.045608 31.3893
380.713 218.972 -17.2622 -0.690442 31.5086
773.37 639.001 -17.7548 0.0910404 33.1502
1669.17 206.033 -15.5763 -1.0838 33.4754
537.477 483.729 -17.1045 -0.276083 31.7351
531.505 468.8 -17.121 -0.304454 31.7299
456.856 146.313 -17.4467 -0.88913 31.78
426.996 98.5375 -17.3443 -0.930997 31.6269
1445.22 361.304 -16.5423 -1.03378 35.6537
540.463 197.075 -17.5474 -0.864799 32.0481
913.711 331.444 -19.2575 -1.25675 35.8341
483.729 283.669 -17.3879 -0.658073 31.8076
1854.3 588.239 -15.1961 -0.263697 33.0941
1779.65 973.431 -15.2621 0.47425 33.1958
1654.24 465.814 -15.5564 -0.509464 33.3976
1848.32 403.108 -15.2248 -0.586454 32.9574
1131.69 274.711 -20.6767 -2.69042 41.2144
997.319 415.052 -21.1608 -1.2295 39.8244
549.421 668.861 -17.1585 0.0490123 31.8372
522.547 609.141 -17.0966 -0.0593644 31.7187
262.767 749.482 -17.1658 0.149161 31.3202
191.103 588.239 -17.2947 -0.0737281 31.272
525.533 397.136 -17.0943 -0.421074 31.6836
797.258 462.828 -17.968 -0.424222 33.4416
65.6917 334.43 -16.6308 -0.365456 30.7881
874.296 386.984 -18.5842 -0.81236 34.6399
892.212 315.32 -18.9521 -1.24618 35.2417
1397.44 465.814 -16.8198 -0.674375 36.1619
938.794 483.73 -18.8248 -0.456906 35.5167
401.316 186.325 -17.2906 -0.763268 31.554
1379.52 311.737 -17.2016 -1.5329 36.9535
745.302 311.737 -17.531 -0.746648 32.675
576.892 211.408 -18.5626 -1.1584 33.0297
1777.26 756.051 -15.2899 0.0766837 33.2766
1784.42 573.309 -15.299 -0.272651 33.2176
1537.18 902.962 -15.6787 0.410329 33.0855
1719.93 928.044 -15.3735 0.479838 33.5053
1848.92 788.3 -15.175 0.146643 33.4753
1132.29 275.905 -20.6714 -2.67159 41.1922
1035.54 89.5795 -18.4754 -2.32643 35.5405
573.309 766.801 -17.3114 0.270314 32.0486
720.219 580.475 -17.6199 -0.0806288 32.7705
867.13 827.715 -18.4793 1.02701 34.7049
501.645 756.051 -17.0587 0.177388 31.6745
394.15 666.472 -16.9881 0.00826913 31.4023
422.815 566.143 -16.9801 -0.136927 31.431
85.9964 981.792 -16.9262 0.349975 30.9886
275.905 877.88 -17.0658 0.318485 31.3002
584.059 523.145 -17.3714 -0.209521 32.085
204.241 490.896 -17.2664 -0.233924 31.2569
390.567 422.815 -17.0256 -0.342251 31.3879
743.869 309.587 -17.5368 -0.748437 32.679
494.479 223.591 -17.4054 -0.757488 31.8306
911.561 326.786 -19.0089 -1.22316 35.4579
911.561 619.174 -18.9321 0.197606 35.5418
1487.74 773.967 -15.7918 0.169683 33.1289
1483.44 653.572 -15.8366 -0.0604544 33.1834
1530.74 778.267 -15.7027 0.164529 33.0647
1440.44 859.964 -15.9172 0.405501 33.2804
1780.12 963.159 -15.2692 0.482067 33.2489
1552.23 442.881 -15.854 -0.597186 33.9735
1724.23 421.382 -15.4321 -0.598145 33.3861
997.558 417.082 -20.5892 -1.15464 38.8348
1397.44 464.38 -16.7924 -0.672786 35.9909
589.075 713.77 -17.2802 0.159273 32.0506
722.369 580.475 -17.8317 -0.0569068 33.0243
890.062 700.87 -18.6937 0.551001 35.0587
791.167 550.377 -17.9706 -0.154112 33.4463
640.673 829.865 -17.4388 0.475996 32.3786
799.766 915.861 -17.795 0.957395 33.3909
395.583 627.773 -17.006 -0.0384439 31.4189
713.77 266.589 -17.561 -0.842797 32.5837
799.766 249.389 -18.5561 -1.26016 34.0689
945.96 85.9964 -18.8734 -2.29517 35.3778
580.475 331.086 -17.6956 -0.645081 32.3095
890.062 511.678 -18.9022 -0.337011 35.252
262.289 146.194 -17.4422 -0.797905 31.4009
425.682 94.596 -17.3645 -0.942578 31.6324
348.285 137.594 -17.333 -0.805139 31.4852
335.386 339.686 -16.8653 -0.43358 31.2049
1341.54 794.606 -16.1692 0.299366 33.3601
1527.3 779.127 -15.7027 0.164529 33.0647
376.664 913.281 -16.9708 0.362702 31.4064
376.664 877.163 -16.9355 0.303007 31.3561
1093.87 619.174 -19.067 0.271399 37.8019
392.143 665.612 -16.9905 0.00613356 31.4023
1124.83 428.262 -21.1439 -1.48787 42.2842
975.199 319.906 -20.3251 -1.7119 38.0218
257.989 144.474 -17.4429 -0.794694 31.4005
1723.37 732.689 -15.4039 0.0439825 33.4147
572.736 897.802 -17.2662 0.522733 32.0336
572.736 768.807 -17.315 0.276729 32.0464
402.463 500.499 -16.9981 -0.230757 31.409
335.386 335.386 -16.7893 -0.426371 31.151
712.05 263.149 -17.561 -0.842797 32.5837
799.766 247.67 -18.4058 -1.22304 33.8862
1202.23 675.931 -18.4103 0.554342 38.0017
562.416 443.741 -17.1762 -0.352446 31.8453
675.931 402.463 -17.356 -0.471127 32.2925
577.896 330.226 -17.6686 -0.631096 32.2892
1547.93 438.581 -15.8131 -0.582792 33.7561
1800.76 526.298 -15.2782 -0.384258 33.217
1723.37 417.942 -15.4448 -0.619508 33.4865
639.813 665.612 -17.411 0.101637 32.3048
588.215 706.89 -17.2611 0.149593 32.0339
1728.53 159.953 -15.4744 -1.15864 33.4111
495.339 221.871 -17.379 -0.766655 31.8163
459.221 185.752 -17.348 -0.796785 31.6971
345.705 139.314 -17.2966 -0.79919 31.454
794.606 686.251 -17.8627 0.257767 33.378
794.606 459.221 -17.9812 -0.422181 33.4468
841.044 350.865 -18.4106 -0.916214 34.1944
252.829 949.4 -17.0372 0.397951 31.2553
1529.36 780.159 -15.6916 0.156966 32.9973
1492.21 767.776 -15.798 0.181375 33.1985
253.861 148.602 -17.4498 -0.77889 31.3884
390.08 662.516 -16.9905 0.00613356 31.4023
575.832 891.61 -17.2568 0.51508 32.0218
575.832 204.327 -18.5153 -1.16628 32.9792
334.354 334.354 -16.8657 -0.437293 31.2035
1721.3 730.625 -15.4175 0.0584195 33.4978
1628.43 445.805 -15.6162 -0.5572 33.4245
1343.61 687.283 -16.2304 0.0633208 33.5223
1219.77 544.873 -18.553 -0.246893 38.5075
1479.83 656.324 -15.8178 -0.0639049 33.0578
693.475 693.475 -17.6028 0.214549 32.688
588.215 705.858 -17.2533 0.145555 32.0166
563.448 606.79 -17.1805 -0.0569048 31.8777
489.147 216.711 -17.387 -0.767273 31.8059
346.737 309.587 -16.8622 -0.466474 31.2159
885.419 705.858 -18.6623 0.539146 34.9968
1368.37 328.162 -17.245 -1.4368 36.997
885.419 513.914 -18.8803 -0.311504 35.1991
371.504 879.227 -17.0011 0.30783 31.3897
253.861 947.336 -17.0569 0.409519 31.268
1120.7 427.23 -21.604 -1.58274 43.1841
1374.57 253.861 -17.5101 -2.01664 37.7611
1343.61 792.543 -16.2084 0.313673 33.4715
572.117 891.61 -17.2456 0.49726 32.0072
698.428 772.729 -17.516 0.403307 32.614
586.977 512.676 -17.1425 -0.230094 31.8676
1396.86 468.095 -16.4714 -0.605036 34.9373
393.795 423.515 -17.0068 -0.347506 31.367
341.784 312.064 -16.815 -0.464096 31.1731
542.396 252.623 -17.4837 -0.773748 31.9938
586.977 185.752 -18.4237 -1.2007 32.9352
1515.74 683.568 -15.7787 -0.0167945 33.2489
1478.59 661.278 -15.8475 -0.0634427 33.1759
586.977 705.858 -17.2523 0.149916 32.0189
720.718 579.547 -17.7193 -0.0763881 32.885
557.256 616.697 -17.1597 -0.0495639 31.8528
884.18 698.428 -18.7405 0.548073 35.0867
795.019 549.826 -17.9962 -0.150929 33.5074
795.019 468.095 -17.8966 -0.406523 33.3218
839.6 341.784 -18.5686 -0.969664 34.3734
326.924 334.354 -16.807 -0.433314 31.15
371.504 884.18 -16.9565 0.312064 31.3753
386.365 638.987 -16.9845 -0.0428755 31.3873
326.924 594.407 -17.1025 -0.0998971 31.357
780.159 802.449 -17.7958 0.588498 33.2872
1121.94 423.515 -22.6032 -1.80799 45.1346
1337.42 787.589 -16.2023 0.313547 33.4512
1716.35 921.331 -15.3816 0.483327 33.5214
