202 28 -12.1237 -0.767246 21.3424
669 537 -13.4454 0.493513 24.3604
481 301 -12.609 -0.37288 22.4718
368 468 -12.2031 0.0342028 21.7693
213 525 -12.2701 0.14278 21.4615
306 82 -12.1686 -0.731209 21.5882
312 158 -11.9194 -0.550528 21.4084
122 130 -12.1039 -0.55964 21.1849
63 27 -11.9373 -0.668656 20.9964
218 144 -12.0409 -0.558389 21.3151
510 282 -12.7227 -0.445973 22.6886
643 491 -13.3464 0.26405 24.0553
616 410 -13.7162 -0.0387215 24.3136
594 256 -13.2019 -0.614325 23.5842
124 804 -12.1472 0.621495 21.2038
200 913 -12.0492 0.826542 21.2768
136 888 -12.2084 0.807235 21.2591
197 813 -11.9997 0.619347 21.2403
179 977 -11.8419 0.833516 21.1024
369 597 -12.1208 0.296984 21.7041
409 691 -12.2236 0.551902 21.9022
47 755 -12.2646 0.537447 21.1407
184 788 -12.0639 0.590319 21.2609
929 1043 -10.9608 1.14987 22.1357
1262 519 -10.8022 0.14922 24.0266
1421 513 -10.1408 -0.00932224 22.611
1402 60 -10.3126 -0.998505 22.9384
1339 157 -10.4898 -0.840989 23.2196
1132 167 -12.5313 -1.56723 27.3527
1579 355 -9.85912 -0.31569 22.0836
1660 328 -9.75156 -0.345744 21.8449
1526 505 -9.93055 -0.0572472 22.3629
1531 465 -9.92833 -0.127654 22.3827
1635 533 -9.74971 -0.0405754 22.1219
1768 250 -9.64688 -0.429174 21.6485
1685 201 -9.74014 -0.512318 21.8081
1833 223 -9.59484 -0.445508 21.5377
1647 133 -9.79533 -0.629982 21.9455
1449 237 -10.11 -0.542779 22.4176
1528 192 -9.97015 -0.596753 22.2508
1663 245 -9.75803 -0.457572 21.8404
1366 900 -10.2203 0.935648 22.9221
1421 823 -10.0955 0.663913 22.7159
1203 1015 -10.4836 1.12099 22.5139
1393 1009 -10.107 1.05128 22.6304
1009 1009 -10.8634 1.12577 22.3184
1390 666 -10.2066 0.358911 22.8645
1359 742 -10.3088 0.615252 23.1588
1385 736 -10.2066 0.517424 22.8478
1329 715 -10.3913 0.56826 23.1905
1056 606 -11.9982 0.726598 25.2769
986 724 -11.964 1.10962 24.5187
1742 887 -9.59321 0.35708 21.6346
1699 841 -9.63852 0.338444 21.7423
1821 885 -9.51981 0.315849 21.5646
1759 1027 -9.55909 0.525903 21.6188
1811 1049 -9.50989 0.513724 21.5585
1794 934 -9.54791 0.369084 21.517
1515 914 -9.87227 0.65782 22.2358
1635 911 -9.69541 0.522281 21.9645
1507 981 -9.87527 0.796967 22.2725
1433 980 -10.0247 0.946607 22.5703
1557 1047 -9.78048 0.801704 22.058
1630 995 -9.69155 0.640864 21.9314
1678 622 -9.69186 0.0471167 21.7529
1791 611 -9.58333 -0.00120548 21.5807
1884 554 -9.5184 -0.0868415 21.457
1837 591 -9.5482 -0.0367048 21.5245
1721 785 -9.62455 0.249826 21.7119
1735 725 -9.61691 0.165587 21.6991
1817 791 -9.53236 0.211825 21.595
1532 548 -9.90105 0.00295748 22.1785
1456 548 -10.0557 0.0459507 22.5047
1655 608 -9.71882 0.0420161 21.8296
1568 664 -9.82581 0.178962 22.0912
1593 553 -9.80938 -0.00806607 22.0538
1497 735 -9.93666 0.359721 22.3121
1599 737 -9.77209 0.292349 22.1129
1612 723 -9.75552 0.263735 22.0908
692.4 1017.6 -11.482 1.17966 22.0164
289.2 277.2 -12.8379 -0.393193 22.0584
1740 498 -9.6116 -0.109225 22.1158
1669.2 453.6 -9.70813 -0.165532 22.4129
928.8 1042.8 -10.9565 1.14405 22.1259
1003.2 930 -11.0212 1.09118 22.6342
24 921.6 -12.3362 0.862259 21.1369
124.8 806.4 -12.1431 0.623396 21.2055
46.8 802.8 -12.2963 0.635303 21.1564
90 788.4 -12.2551 0.611408 21.2093
46.8 754.8 -12.2977 0.546443 21.1583
816 987.6 -11.3094 1.1624 22.245
246 758.4 -11.9715 0.532431 21.3154
807.6 676.8 -13.1965 1.20008 25.1169
1485.6 885.6 -9.9358 0.668677 22.3949
1430.4 831.6 -10.0658 0.666054 22.6669
132 981.6 -12.116 0.945234 21.1988
1420.8 512.4 -10.144 -0.0115794 22.6098
1608 531.6 -9.7906 -0.0405526 22.0847
1586.4 652.8 -9.80377 0.172055 22.1991
1614 550.8 -9.77917 -0.0112993 22.1024
1592.4 553.2 -9.80817 -0.00317613 22.0894
1692 597.6 -9.67794 0.0153811 21.7732
1794 933.6 -9.54658 0.365554 21.5271
666 676.8 -13.2814 1.04979 24.1668
1518 216 -9.97741 -0.546358 22.1901
385.2 946.8 -12.0969 1.06861 21.7319
1334.4 381.6 -10.518 -0.288484 23.5165
298.8 949.2 -11.9322 0.911304 21.3931
334.8 654 -12.1108 0.402632 21.6133
294 668.4 -11.9578 0.380541 21.407
232.8 373.2 -12.7524 -0.147936 21.8448
1866 103.2 -9.58439 -0.561302 21.4642
1876.8 63.6 -9.58569 -0.592502 21.4188
1828.8 34.8 -9.62321 -0.645119 21.5036
123.6 532.8 -11.5697 0.045788 20.8504
1509.6 381.6 -9.96975 -0.272761 22.2467
1543.2 658.8 -9.86759 0.191323 22.1975
1455.6 547.2 -10.0536 0.0414057 22.4749
1759.2 1028.4 -9.55834 0.526603 21.6191
1719.6 1011.6 -9.59115 0.564112 21.746
1630.8 996 -9.69046 0.628275 21.8916
1573.2 944.4 -9.77269 0.62318 22.0502
154.8 1005.6 -11.8101 0.850522 21.0415
199.2 952.8 -11.8854 0.824974 21.1654
178.8 976.8 -11.8511 0.835837 21.1089
1390.8 666 -10.2073 0.359867 22.8641
1620 139.2 -9.8357 -0.663356 22.1518
1597.2 139.2 -9.86663 -0.67015 22.1832
1584 70.8 -9.8961 -0.770651 22.1417
753.6 609.6 -14.2432 1.13111 26.1592
1384.8 735.6 -10.1926 0.498438 22.7631
1358.4 741.6 -10.3072 0.61318 23.1509
322.8 866.4 -12.0239 0.806779 21.5188
309.6 802.8 -12.0498 0.678372 21.5068
1742.4 886.8 -9.5924 0.360424 21.6449
1878 339.6 -9.55212 -0.312486 21.4388
1825.2 296.4 -9.5919 -0.364879 21.5464
1600.8 259.2 -9.84138 -0.456469 22.01
1558.8 172.8 -9.91815 -0.609229 22.1463
618 108 -13.2281 -1.16764 23.7026
1731.6 742.8 -9.61625 0.189643 21.6976
1720.8 786 -9.62251 0.255083 21.7357
1735.2 724.8 -9.61731 0.165981 21.6995
1711.2 699.6 -9.62951 0.183567 21.966
1832.4 223.2 -9.594 -0.446614 21.5376
1884 198 -9.5544 -0.466521 21.4954
1041.6 649.2 -12.1827 0.995215 25.5713
478.8 468 -12.5716 0.0776646 22.4403
1430.4 954 -10.0399 0.911364 22.6226
1497.6 735.6 -9.93615 0.361507 22.3121
1462.8 799.2 -10.0154 0.593746 22.7108
1490.4 730.8 -9.95169 0.363578 22.3587
1256.4 752.4 -10.8115 0.958578 24.2144
1237.2 730.8 -10.9398 0.956233 24.4643
344.4 764.4 -12.1056 0.640238 21.6365
309.6 798 -12.0472 0.668285 21.5092
366 728.4 -12.1852 0.602284 21.7571
303.6 709.2 -12.0404 0.482833 21.4867
384 854.4 -12.1403 0.878422 21.7669
1402.8 106.8 -10.2999 -0.894072 22.9277
1389.6 73.2 -10.3495 -0.984957 22.9932
1444.8 49.2 -10.1988 -0.974531 22.7673
1429.2 810 -10.0769 0.626793 22.6933
1782 76.8 -9.6572 -0.621906 21.5896
1696.8 81.6 -9.73721 -0.71802 22.0097
367.2 468 -12.2081 0.0344988 21.7658
303.6 462 -12.1206 0.0087726 21.5493
441.6 133.2 -12.6594 -0.800367 22.3745
439.2 73.2 -12.7244 -0.968599 22.4235
1185.6 664.8 -11.3202 0.875684 25.0866
1230 108 -11.1008 -1.21388 24.3288
493.2 768 -12.4796 0.896839 22.4213
1734 382.8 -9.66413 -0.268544 21.669
1684.8 308.4 -9.7262 -0.36729 21.7795
616.8 400.8 -13.7434 -0.0783286 24.3465
1246.8 304.8 -10.9836 -0.550544 24.3238
478.8 634.8 -12.4847 0.518946 22.3649
476.4 543.6 -12.511 0.275905 22.3714
1732.8 278.4 -9.67702 -0.400073 21.7006
1707.6 268.8 -9.70476 -0.41819 21.7452
1684.8 200.4 -9.73976 -0.513422 21.8084
1257.6 661.2 -10.8164 0.639801 24.1777
147.6 24 -12.1087 -0.748295 21.235
1033.2 520.8 -10.0926 -0.129061 20.4732
531.6 488.4 -12.7277 0.161522 22.7989
528 372 -12.691 -0.189524 22.7349
561.6 294 -12.7989 -0.434214 22.9802
1189.2 490.8 -11.4437 0.173404 25.3384
1101.6 492 -11.7302 0.186515 25.0504
541.2 598.8 -12.6627 0.490942 22.7766
646.8 607.2 -13.2944 0.736271 24.0359
607.2 562.8 -13.1573 0.503776 23.6331
643.2 490.8 -13.3491 0.271279 24.0627
1192.8 180 -11.1815 -0.959846 24.2273
1816.8 790.8 -9.53444 0.206785 21.577
1074 22.8 -12.8093 -2.31494 27.0025
849.6 129.6 -15.7589 -2.29859 29.4191
620.64 686.88 -13.1039 0.979051 23.6712
1607.04 531.36 -9.78976 -0.0432982 22.0385
859.68 825.12 -11.831 1.16769 23.3153
200.16 607.68 -12.3071 0.312744 21.4592
188.64 658.08 -12.0477 0.346645 21.2624
207.36 601.92 -12.2931 0.299676 21.4654
1513.44 912.96 -9.87511 0.663184 22.2582
1486.08 885.6 -9.93545 0.668729 22.3951
1545.12 828 -9.84635 0.549949 22.459
1428.48 810.72 -10.0793 0.628044 22.6986
334.08 653.76 -12.1108 0.402632 21.6133
370.08 597.6 -12.1298 0.299678 21.7138
439.2 277.92 -12.6978 -0.427191 22.4115
1333.44 381.6 -10.5068 -0.288746 23.4647
1543.68 659.52 -9.86611 0.189436 22.1705
1486.08 650.88 -9.9713 0.216199 22.3511
1532.16 548.64 -9.90303 0.00540826 22.1995
1455.84 547.2 -10.0552 0.0422839 22.4851
1654.56 606.24 -9.72002 0.0367253 21.8052
1614.24 550.08 -9.7795 -0.0140721 22.0754
1450.08 236.16 -10.1328 -0.563614 22.5844
1517.76 216 -9.98427 -0.55983 22.2687
1185.12 89.28 -11.6781 -1.58191 25.5999
1130.4 28.8 -12.6622 -2.40176 27.5059
221.76 953.28 -11.9009 0.847961 21.2185
178.56 976.32 -11.8508 0.83462 21.1092
1690.56 970.56 -9.63011 0.516348 21.744
1510.56 380.16 -9.97065 -0.276209 22.265
1527.84 288 -9.95762 -0.43664 22.2801
1640.16 1035.36 -9.67793 0.657572 21.8291
1558.08 1046.88 -9.78137 0.805098 22.0583
1648.8 934.56 -9.68069 0.522688 21.8668
1576.8 976.32 -9.76397 0.65427 21.9969
1836 205.92 -9.58983 -0.470619 21.5657
807.84 1018.08 -11.2546 1.17074 22.1261
832.32 626.4 -13.2569 1.00623 25.4337
753.12 610.56 -14.1599 1.1022 26.03
750.24 540 -14.4044 0.744694 26.3035
737.28 77.76 -14.8265 -2.01317 26.6082
126.72 74.88 -11.9685 -0.625034 21.1126
66.24 36 -11.9474 -0.657666 21.0073
1859.04 354.24 -9.56055 -0.29982 21.4892
1824.48 296.64 -9.59221 -0.366215 21.5484
259.2 365.76 -12.7029 -0.170122 21.88
1333.44 610.56 -10.4403 0.321341 23.3854
403.2 912.96 -12.1586 1.0408 21.8374
383.04 853.92 -12.1239 0.869502 21.7516
1539.36 141.12 -9.95841 -0.674604 22.2164
1432.8 99.36 -10.2177 -0.884986 22.8149
1523.52 46.08 -10.0133 -0.874579 22.3861
1618.56 138.24 -9.83642 -0.663692 22.1515
1640.16 77.76 -9.81674 -0.747463 22.1155
1584 70.56 -9.89607 -0.765368 22.1282
1329.12 715.68 -10.4134 0.592828 23.3039
322.56 865.44 -12.022 0.805223 21.5176
282.24 895.68 -12.0042 0.831175 21.4181
309.6 802.08 -12.0601 0.684166 21.517
473.76 368.64 -12.5084 -0.192336 22.3498
417.6 331.2 -12.6009 -0.278568 22.2512
1867.68 869.76 -9.4915 0.266724 21.48
1870.56 826.56 -9.49148 0.218789 21.4941
1818.72 858.24 -9.52249 0.294062 21.5992
1772.64 871.2 -9.56399 0.322297 21.6083
1709.28 881.28 -9.62505 0.379845 21.7117
1697.76 842.4 -9.63872 0.335471 21.7351
298.08 750.24 -12.0075 0.551051 21.4523
367.2 728.64 -12.1862 0.602337 21.7579
292.32 714.24 -12.0151 0.481024 21.4418
1730.88 743.04 -9.61677 0.189676 21.6973
1733.76 724.32 -9.61621 0.166434 21.7107
1710.72 699.84 -9.63004 0.183601 21.9657
1661.76 244.8 -9.76022 -0.458884 21.8414
1601.28 257.76 -9.8387 -0.456868 21.9916
1621.44 156.96 -9.82818 -0.630091 22.1332
1558.08 172.8 -9.92118 -0.613017 22.1636
868.32 780.48 -11.8067 1.02963 23.318
884.16 712.8 -12.3517 1.09725 24.3845
479.52 499.68 -12.5374 0.161096 22.4066
478.08 468 -12.5234 0.0731302 22.3893
1517.76 1044 -9.84404 0.861842 22.1684
1473.12 1031.04 -9.94116 1.0322 22.5675
1506.24 980.64 -9.87595 0.800006 22.2818
1429.92 953.28 -10.0372 0.911336 22.613
365.76 468 -12.2384 0.0371621 21.7947
305.28 460.8 -12.1208 0.00701915 21.551
1236.96 730.08 -10.9182 0.932893 24.3783
1883.52 624.96 -9.51148 -0.0110945 21.4521
1831.68 560.16 -9.55531 -0.0679596 21.5346
1746.72 87.84 -9.68375 -0.644575 21.7423
1690.56 123.84 -9.742 -0.626287 21.8801
1697.76 80.64 -9.73577 -0.710647 21.9923
1488.96 731.52 -9.95169 0.363578 22.3587
1365.12 900 -10.2262 0.945564 22.9524
1402.56 106.56 -10.3058 -0.88943 22.9246
1388.16 73.44 -10.3498 -0.98273 22.9928
439.2 72 -12.7188 -0.969979 22.4167
433.44 721.44 -12.1553 0.611945 21.9143
1638.72 348.48 -9.77465 -0.322034 21.9177
1658.88 328.32 -9.75201 -0.345702 21.8578
1581.12 338.4 -9.85738 -0.339693 22.0745
1684.8 308.16 -9.72549 -0.373371 21.8253
348.48 59.04 -12.3389 -0.844372 21.8218
279.36 31.68 -12.185 -0.815899 21.5418
479.52 635.04 -12.4926 0.521107 22.3729
391.68 599.04 -12.2213 0.330058 21.8518
1185.12 663.84 -11.4551 0.954474 25.5295
1247.04 303.84 -11.0588 -0.585373 24.6196
1229.76 108 -11.1441 -1.24088 24.4573
1689.12 221.76 -9.73262 -0.484886 21.8048
1728 210.24 -9.69191 -0.487111 21.713
1689.12 205.92 -9.73278 -0.506411 21.8065
1193.76 420.48 -11.468 -0.140844 25.4177
217.44 144 -12.014 -0.555359 21.2961
181.44 120.96 -11.9558 -0.571134 21.1946
514.08 290.88 -12.7021 -0.420793 22.6881
1290.24 188.64 -10.7101 -0.831338 23.6575
1033.92 521.28 -10.0918 -0.128991 20.4736
1188 489.6 -11.5004 0.176024 25.5129
1185.12 469.44 -11.4643 0.071406 25.3332
573.12 629.28 -12.8416 0.650154 23.1205
665.28 426.24 -13.5822 0.0196451 24.4854
718.56 247.68 -14.021 -0.85527 25.4006
836.64 396 -10.7248 -0.189572 21.269
819.36 262.08 -15.7102 -1.15689 28.9849
750.24 192.96 -14.8903 -1.36934 26.8868
1140.48 321.12 -12.2984 -0.654664 27.0192
1192.32 180 -11.2043 -0.971278 24.2959
1131.84 168.48 -12.5494 -1.57073 27.4035
1817.28 790.56 -9.53378 0.20819 21.5837
1690.56 597.6 -9.67791 0.0143193 21.7683
1635.84 912.96 -9.69608 0.51067 21.9319
1422.72 967.68 -10.0544 0.950472 22.6342
1828.8 34.56 -9.62326 -0.644765 21.5035
1055.52 132.48 -14.2452 -2.37974 30.2019
1332 491.04 -10.5159 0.017676 23.6328
743.04 787.68 -12.3321 1.16725 23.3941
928.8 1042.56 -10.9565 1.14355 22.1259
840.96 900 -11.3463 1.01668 22.3914
89.28 787.68 -12.1368 0.57506 21.1408
326.88 937.44 -11.9862 0.941706 21.4975
862.56 116.64 -15.5103 -2.3355 29.2271
1518.91 214.272 -9.99522 -0.573965 22.3435
1442.88 214.272 -10.2484 -0.719614 23.3862
1845.5 243.648 -9.58508 -0.421112 21.521
1833.41 222.912 -9.59455 -0.447266 21.542
1539.65 141.696 -9.95846 -0.675084 22.2164
214.272 525.312 -12.2698 0.143869 21.4615
257.472 1043.71 -11.9928 1.09878 21.353
848.448 870.912 -11.6614 1.18024 22.9679
283.392 896.832 -11.9554 0.808629 21.3786
335.232 805.248 -12.0756 0.705527 21.5899
309.312 801.792 -12.0591 0.683669 21.5164
1721.09 786.24 -9.62162 0.256697 21.7459
1712.45 751.68 -9.63276 0.223771 21.7871
1734.91 724.032 -9.61503 0.16654 21.6999
1836.86 317.952 -9.58068 -0.341072 21.5278
1826.5 295.488 -9.59656 -0.361142 21.4897
473.472 368.064 -12.5098 -0.192112 22.3547
416.448 331.776 -12.6063 -0.278261 22.2567
945.216 691.2 -12.2511 1.05778 24.7263
889.92 698.112 -12.3951 1.06852 24.502
1867.97 870.912 -9.49171 0.267005 21.4799
1810.94 915.84 -9.53132 0.343281 21.5258
1795.39 815.616 -9.55111 0.250624 21.6144
679.104 81.216 -13.7342 -1.50815 24.6974
264.384 768.96 -11.9582 0.558029 21.3389
1384.13 736.128 -10.1893 0.492685 22.7324
1601.86 257.472 -9.83854 -0.456862 21.9912
1641.6 176.256 -9.79548 -0.561622 21.9051
1558.66 172.8 -9.92089 -0.61445 22.1639
1722.82 860.544 -9.61092 0.352443 21.7238
1708.99 879.552 -9.62485 0.372083 21.6932
1698.62 841.536 -9.63731 0.332925 21.7189
1527.55 732.672 -9.88884 0.343258 22.2952
1451.52 763.776 -10.0384 0.519376 22.6831
1489.54 730.944 -9.94954 0.352628 22.307
1475.71 701.568 -9.98409 0.326098 22.4294
1836.86 589.248 -9.54782 -0.0370662 21.5248
1833.41 561.6 -9.55405 -0.070154 21.5335
1339.2 155.52 -10.4985 -0.855681 23.2665
1365.12 50.112 -10.4647 -1.1126 23.2702
1603.58 684.288 -9.77378 0.19601 22.0348
1562.11 691.2 -9.8294 0.219728 22.0581
428.544 127.872 -12.6697 -0.807675 22.3396
438.912 72.576 -12.7213 -0.972625 22.4164
1254.53 749.952 -10.7838 0.928289 24.107
478.656 499.392 -12.4886 0.153479 22.3593
433.728 487.296 -12.598 0.128368 22.311
428.544 470.016 -12.6064 0.0843124 22.2996
603.072 736.128 -12.8967 1.06851 23.352
494.208 767.232 -12.4448 0.882729 22.3867
1691.71 124.416 -9.74089 -0.629118 21.8826
1745.28 88.128 -9.68347 -0.654653 21.7932
1696.9 81.216 -9.73719 -0.7204 22.0212
618.624 324.864 -13.8951 -0.414487 24.5147
1472.26 1029.89 -9.92861 0.950206 22.3811
1506.82 981.504 -9.87563 0.799275 22.2748
1432.51 978.048 -10.0247 0.946607 22.5703
1415.23 862.272 -10.0942 0.75515 22.7116
1728 381.888 -9.67275 -0.270291 21.6662
1759.1 343.872 -9.64409 -0.316128 21.6412
1684.8 307.584 -9.72417 -0.370286 21.7947
1657.15 333.504 -9.75419 -0.341895 21.8557
292.032 495.936 -12.1275 0.0773507 21.5274
366.336 468.288 -12.2356 0.0372278 21.7909
279.936 32.832 -12.2284 -0.827675 21.5748
1157.76 546.048 -11.5054 0.401737 25.1495
1249.34 141.696 -11.0351 -1.10586 24.3526
1302.91 311.04 -10.5877 -0.468731 23.3928
1249.34 300.672 -11.0707 -0.591697 24.6653
217.728 143.424 -12.0388 -0.560088 21.3127
179.712 119.232 -12.0163 -0.582443 21.2312
198.72 34.56 -12.1135 -0.754346 21.3301
1689.98 221.184 -9.73305 -0.47981 21.7691
1728 209.088 -9.6926 -0.487432 21.7127
1689.98 205.632 -9.73227 -0.503974 21.795
1263.17 518.4 -10.8075 0.154543 24.0462
1194.05 419.904 -11.4177 -0.141021 25.2463
1209.6 221.184 -10.9968 -0.767519 23.8421
532.224 487.296 -12.7179 0.158186 22.7891
532.224 461.376 -12.8538 0.0898074 22.928
509.76 281.664 -12.7393 -0.446297 22.7048
594.432 191.808 -13.0367 -0.807614 23.3857
508.032 177.984 -12.7139 -0.735666 22.6676
1035.07 520.128 -10.0914 -0.128785 20.4738
606.528 561.6 -13.2263 0.516953 23.7176
525.312 587.52 -12.6274 0.438856 22.6805
599.616 362.88 -13.9083 -0.241241 24.4255
760.32 490.752 -14.3662 0.446485 26.3559
694.656 623.808 -13.599 0.947812 24.7659
646.272 604.8 -13.3153 0.732633 24.0594
665.28 546.048 -13.464 0.534012 24.3598
665.28 425.088 -13.5796 0.0137187 24.4778
737.856 378.432 -14.494 -0.211297 26.2791
867.456 290.304 -19.38 -1.51639 35.9805
732.672 183.168 -14.6191 -1.33932 26.3079
1544.83 552.96 -9.88245 0.0113822 22.1811
1817.86 789.696 -9.53337 0.208732 21.5856
1689.98 597.888 -9.67842 0.0192661 21.813
1574.21 945.216 -9.77189 0.62236 22.0382
1422.14 965.952 -10.0491 0.937889 22.6011
1598.4 138.24 -9.86522 -0.66332 22.1467
1840.32 53.568 -9.61229 -0.619806 21.4888
1608.77 532.224 -9.78841 -0.0405716 22.0916
1512 380.16 -9.97065 -0.276209 22.265
1028.16 129.6 -14.5353 -2.40437 30.2836
1335.74 380.16 -10.4853 -0.287521 23.3577
207.36 601.344 -12.2916 0.298899 21.4657
371.52 596.16 -12.1427 0.30137 21.7272
387.072 1000.51 -12.2009 1.2584 21.8315
326.592 936.576 -11.9949 0.943079 21.5049
848.448 129.6 -15.7056 -2.27079 29.3231
737.856 77.76 -14.6573 -1.95848 26.3912
252.288 281.664 -12.7716 -0.367037 21.9101
126.144 74.304 -12.0678 -0.646525 21.1706
438.912 278.208 -12.5281 -0.413454 22.2481
311.04 157.248 -11.9178 -0.550143 21.4057
44.928 378.432 -11.5576 -0.15394 20.7482
273.024 292.032 -12.7478 -0.342185 21.9502
678.067 80.8704 -13.7339 -1.5071 24.6976
321.408 866.765 -12.0257 0.807238 21.5187
1034.73 188.698 -15.9355 -2.49415 33.6842
433.382 487.296 -12.5702 0.1265 22.2836
479.002 468.634 -12.5082 0.0739358 22.3725
1509.58 984.96 -9.87747 0.819186 22.3249
1472.26 1028.51 -9.93612 0.988142 22.4489
1507.51 982.887 -9.8745 0.794832 22.2674
1432.86 976.666 -10.0255 0.940521 22.557
1559.35 740.275 -9.8288 0.308152 22.102
1602.89 684.288 -9.77369 0.190907 22.0379
1397.61 120.269 -10.3235 -0.877442 22.9876
1339.55 155.52 -10.5067 -0.856412 23.2908
1364.43 49.7664 -10.4523 -1.09831 23.2139
1685.84 367.027 -9.71372 -0.290673 21.7826
1685.84 306.893 -9.72457 -0.374954 21.8205
1766.71 143.078 -9.66505 -0.544329 21.5762
1766.71 68.4288 -9.67214 -0.636316 21.6015
626.227 373.248 -13.8707 -0.198194 24.5441
617.933 325.555 -13.8064 -0.406225 24.4066
1488.84 729.907 -9.94895 0.351046 22.3012
1476.4 700.877 -9.98613 0.329529 22.428
346.291 779.674 -12.0463 0.654235 21.5903
340.07 678.067 -12.1144 0.45442 21.6314
294.451 669.773 -12.0473 0.409024 21.4679
493.517 767.232 -12.4792 0.894452 22.4236
439.603 103.68 -12.5983 -0.859806 22.3089
429.235 126.49 -12.6594 -0.802578 22.3284
1414.2 862.618 -10.0942 0.75515 22.7116
1325.03 831.514 -10.3959 0.902956 23.2977
1602.89 257.126 -9.83906 -0.462078 22.0236
1542.76 269.568 -9.92947 -0.460467 22.2058
1642.29 176.256 -9.79518 -0.56298 21.9046
1559.35 172.109 -9.91699 -0.604176 22.1056
1296 690.509 -10.5801 0.622595 23.6911
1237.94 727.834 -10.8949 0.907821 24.2983
1565.57 371.174 -9.87278 -0.291797 22.0645
1615.33 348.365 -9.80661 -0.321847 21.9687
1582.16 340.07 -9.85788 -0.339668 22.0729
1107.3 613.786 -11.7153 0.715621 25.168
311.04 155.52 -11.9034 -0.549479 21.3934
279.936 41.472 -12.2057 -0.811288 21.5627
167.962 51.84 -12.1121 -0.708266 21.2731
479.002 634.522 -12.4906 0.52012 22.3719
408.499 617.933 -12.2508 0.384846 21.9221
404.352 599.271 -12.2452 0.342224 21.9077
1756.34 277.862 -9.65426 -0.398401 21.6644
1689.98 221.875 -9.7327 -0.488091 21.8188
1225.5 605.491 -11.0447 0.530784 24.5526
1210.98 590.976 -11.2012 0.53546 24.9142
1190.25 491.443 -11.4779 0.175577 25.4492
532.915 460.339 -12.7218 0.0766229 22.7918
508.032 282.01 -12.7648 -0.451095 22.7284
1279.41 149.299 -10.972 -1.12381 24.5504
1285.63 74.6496 -10.7785 -1.17681 23.7558
1262.82 518.4 -10.8179 0.151268 24.0783
1283.56 420.941 -10.6823 -0.168972 23.6699
528.768 371.174 -12.71 -0.190353 22.7604
746.496 501.811 -14.4984 0.520282 26.3633
526.694 588.902 -12.6146 0.438168 22.6676
1036.8 520.474 -10.0909 -0.129373 20.4752
837.734 396.058 -10.7242 -0.189292 21.2692
576.461 74.6496 -13.1615 -1.21003 23.4229
675.994 435.456 -13.5537 0.0626856 24.5312
717.466 246.758 -14.0048 -0.862605 25.3698
651.11 252.979 -13.2964 -0.675112 23.9973
750.643 261.274 -14.6322 -0.909676 26.5448
837.734 199.066 -17.2363 -2.04828 31.6826
1132.19 167.962 -12.5959 -1.59012 27.5203
1532.39 549.504 -9.90507 0.008352 22.2201
1818.55 790.042 -9.53203 0.210744 21.5953
1735.6 725.76 -9.61382 0.16907 21.7155
1841.36 572.314 -9.54895 -0.0572943 21.5197
1689.98 597.197 -9.68005 0.0130839 21.7525
1513.73 912.384 -9.87516 0.662672 22.2582
1673.4 943.488 -9.64603 0.509014 21.8173
1810.25 916.531 -9.53132 0.343281 21.5258
1109.38 667.699 -11.7196 0.973042 25.2669
1198.54 1013.99 -10.4855 1.09656 22.4682
1522.02 41.472 -10.0221 -0.892994 22.439
1841.36 51.84 -9.61278 -0.619479 21.4886
1607.04 530.842 -9.78802 -0.0426319 22.0703
1534.46 503.885 -9.90195 -0.0724505 22.1128
1801.96 522.547 -9.55337 -0.0900777 21.8662
1837.21 317.261 -9.58419 -0.338923 21.4894
1186.1 91.2384 -11.6091 -1.53688 25.3947
1333.32 491.443 -10.4766 0.00795282 23.4468
663.552 675.994 -13.2839 1.04677 24.1517
742.349 787.968 -12.3385 1.16781 23.395
611.712 1028.51 -11.6009 1.18886 21.8952
263.347 769.306 -11.9582 0.558029 21.3389
180.403 974.592 -11.8973 0.855443 21.1423
49.7664 1026.43 -11.8775 0.852443 20.921
194.918 810.778 -11.9345 0.595522 21.2017
132.71 885.427 -12.1115 0.763089 21.1962
387.763 1001.55 -12.1387 1.22023 21.7744
325.555 920.679 -11.992 0.906685 21.503
738.202 78.7968 -14.9038 -2.03249 26.7462
252.979 282.01 -12.7693 -0.367759 21.909
126.49 72.576 -12.0089 -0.634914 21.1365
439.603 277.862 -12.5769 -0.420996 22.3022
213.581 524.621 -12.2685 0.141107 21.463
261.274 364.954 -12.7283 -0.170928 21.9002
445.824 375.322 -12.5856 -0.169268 22.3408
1599.99 734.055 -9.77109 0.284043 22.0747
1540.27 741.519 -9.85912 0.326315 22.1555
1602.48 256.297 -9.84086 -0.462071 22.0192
442.921 104.509 -12.6058 -0.861386 22.3229
427.991 124.416 -12.6536 -0.80966 22.323
447.898 97.0445 -12.7037 -0.908472 22.4342
437.944 69.673 -12.662 -0.956039 22.3666
1597.5 320.993 -9.83539 -0.364683 22.0132
1256.6 748.984 -10.7956 0.931631 24.1517
1241.67 666.87 -10.9228 0.713152 24.3909
311.04 156.764 -11.9135 -0.549991 21.4007
308.552 79.6263 -12.0153 -0.706036 21.4772
435.456 719.125 -12.1712 0.615565 21.932
1264.07 517.571 -10.7803 0.13865 23.9417
1662.2 248.832 -9.76068 -0.45571 21.84
1692.06 218.972 -9.72862 -0.484405 21.7864
562.36 296.11 -12.951 -0.434729 23.164
1114.77 497.664 -11.6476 0.200825 24.9753
1184.44 470.293 -11.4478 0.0684791 25.2358
1191.91 405.596 -11.3748 -0.204379 25.045
1249.14 301.087 -10.9657 -0.567573 24.2803
1241.67 303.575 -11.0458 -0.569801 24.4687
604.662 430.479 -13.8454 0.0508388 24.3873
1191.91 174.182 -11.2078 -0.992659 24.2983
622.08 632.033 -13.2288 0.800312 23.8296
1249.14 141.834 -11.0472 -1.10904 24.3894
1211.81 134.369 -11.2197 -1.16294 24.5178
1286.46 74.6496 -10.8136 -1.20965 23.8889
838.564 395.643 -10.7244 -0.188354 21.2687
734.055 378.225 -14.6603 -0.21087 26.5025
731.566 311.04 -14.5604 -0.610403 26.3227
574.802 629.545 -12.9322 0.672549 23.2257
552.407 632.033 -12.7594 0.623212 22.9361
1037.63 520.059 -12.1923 0.36918 25.4617
597.197 136.858 -13.2429 -1.0485 23.6251
716.636 243.855 -14.0305 -0.8879 25.3957
666.87 423.014 -13.5727 0.0118061 24.4732
756.449 256.297 -14.6831 -0.961304 26.6756
731.566 184.136 -14.6813 -1.33839 26.3913
1527.83 731.566 -9.88318 0.330296 22.2365
1525.34 562.36 -9.91933 0.0382646 22.2431
1781.64 751.473 -9.57395 0.169952 21.5868
1838.87 589.732 -9.5477 -0.0376086 21.5198
1430.78 955.515 -10.0373 0.912415 22.5961
1430.78 811.192 -10.076 0.61723 22.6576
1813.99 915.702 -9.53132 0.343281 21.5258
1674.64 943.073 -9.64453 0.508534 21.817
1796.57 816.169 -9.55319 0.246068 21.5998
1127.21 669.358 -11.6229 0.959269 25.2128
1186.93 644.475 -11.443 0.860304 25.4894
1057.54 544.942 -12.0719 0.47485 25.4202
1323.79 724.101 -10.444 0.63722 23.3638
995.328 938.097 -11.0698 1.14852 22.7017
992.84 865.935 -11.322 1.18636 23.2342
1199.37 1015.23 -10.4771 1.09741 22.4558
1522.85 211.507 -9.97842 -0.568698 22.2679
1841.36 52.2547 -9.6131 -0.615708 21.4612
1692.06 121.928 -9.74062 -0.629978 21.8832
1607.45 530.012 -9.78979 -0.0371828 22.1616
1435.76 383.201 -10.1486 -0.270562 22.6679
1804.03 522.547 -9.55215 -0.090628 21.8669
1184.44 92.0679 -11.7001 -1.58088 25.6973
1338.72 266.25 -10.4686 -0.568642 23.2168
1341.2 154.276 -10.4924 -0.853701 23.2432
612.127 1027.68 -11.6923 1.2606 22.0011
699.218 870.912 -11.9436 1.1472 22.6407
811.192 1015.23 -11.2727 1.17524 22.1738
938.097 826.122 -11.5679 1.1361 23.3472
261.274 768.891 -11.9505 0.553752 21.3253
293.622 669.358 -12.0479 0.410792 21.4674
370.76 597.197 -12.1618 0.306544 21.7467
204.042 793.774 -12.0401 0.604198 21.2838
131.881 885.842 -12.0983 0.758317 21.1853
848.517 131.881 -15.7554 -2.26543 29.3906
739.031 82.1146 -14.8956 -2.02146 26.7485
166.717 52.2547 -12.1208 -0.708362 21.2779
440.433 278.692 -12.5342 -0.413085 22.256
288.645 276.204 -12.8454 -0.396281 22.0627
291.133 495.176 -12.1376 0.0782977 21.5344
283.669 293.622 -12.8672 -0.348543 22.0674
862.95 292.626 -19.652 -1.54396 36.4153
1292.93 415.052 -10.6121 -0.183821 23.504
1191.41 403.108 -11.4853 -0.2162 25.4157
1248.14 301.584 -10.9657 -0.567573 24.2803
1188.42 421.024 -11.4323 -0.138101 25.259
1600.49 734.552 -9.7699 0.285198 22.0899
1537.78 740.524 -9.86381 0.3263 22.1557
1603.47 683.79 -9.77723 0.19729 22.0816
1743.81 265.753 -9.66706 -0.419093 21.7072
1660.21 247.837 -9.75973 -0.452267 21.8395
1755.76 209.019 -9.6606 -0.474341 21.6453
710.664 570.323 -13.9872 0.781745 25.3774
1292.93 185.131 -10.6795 -0.827714 23.5567
1200.37 214.991 -11.1703 -0.849315 24.3007
507.617 283.669 -12.7829 -0.45257 22.7421
555.393 232.907 -12.8516 -0.624282 22.9944
809.202 495.673 -15.7869 0.721702 29.1158
743.51 501.645 -14.5305 0.527215 26.4111
671.846 265.753 -13.5488 -0.669161 24.4463
704.692 197.075 -14.3456 -1.15705 25.7303
1283.97 71.6636 -10.8085 -1.21137 23.8714
1242.17 92.5655 -11.0395 -1.24503 24.2452
570.323 588.239 -12.8824 0.520357 23.1424
737.538 379.22 -14.8969 -0.224906 26.8248
597.197 137.355 -13.1793 -1.03011 23.5446
603.169 62.7057 -13.1997 -1.29679 23.5972
641.987 489.701 -13.3036 0.252598 24.004
818.16 250.823 -16.483 -1.38762 30.1596
1522.85 564.351 -9.91574 0.0375123 22.1926
1779.65 749.482 -9.57455 0.172876 21.6031
1839.37 588.239 -9.54552 -0.0371646 21.5353
1669.17 591.225 -9.70506 0.0118231 21.81
1573.61 946.557 -9.77161 0.62606 22.0427
1513.89 910.725 -9.87343 0.656918 22.2471
1812.49 916.697 -9.53202 0.34274 21.5226
1648.26 1015.23 -9.67015 0.621625 21.8257
1699.03 845.034 -9.63751 0.340245 21.7409
1036.14 650.945 -12.136 0.974733 25.4202
1295.92 689.762 -10.525 0.546307 23.4027
1334.74 612.127 -10.4265 0.322827 23.3233
994.333 943.571 -11.045 1.1279 22.6389
1412.37 859.964 -10.0978 0.74052 22.6727
1522.85 212.005 -9.97304 -0.567202 22.2423
1845.34 241.865 -9.58088 -0.424839 21.5327
1764.72 68.6776 -9.67173 -0.647626 21.6526
1693.05 122.425 -9.74062 -0.629978 21.8832
1418.34 507.617 -10.1511 -0.021781 22.6168
1534.8 325.472 -9.93616 -0.368723 22.2554
1836.38 316.514 -9.58155 -0.33994 21.5175
1687.08 304.57 -9.72297 -0.374156 21.815
1337.72 265.753 -10.4931 -0.578903 23.3291
1304.88 307.556 -10.6014 -0.483108 23.4709
662.889 674.833 -13.3296 1.05209 24.2032
600.183 734.552 -12.8922 1.06472 23.3355
907.739 621.085 -13.3627 1.12007 26.4335
621.085 1006.28 -11.5901 1.14317 21.9187
698.72 871.907 -12.0058 1.18155 22.7234
880.865 976.417 -11.1946 1.14011 22.3396
833.09 931.627 -11.427 1.1455 22.5076
259.781 770.384 -11.9535 0.556369 21.3246
435.954 719.622 -12.1929 0.622538 21.9551
325.472 546.435 -12.081 0.176582 21.568
131.383 886.837 -12.0718 0.747798 21.1662
385.192 1003.29 -12.298 1.32499 21.8994
740.524 83.6076 -14.84 -2.01127 26.668
603.169 429.982 -13.596 0.0297829 24.0968
627.057 370.262 -14.0464 -0.208855 24.7668
561.365 295.612 -12.9383 -0.438445 23.1394
203.047 122.425 -11.9996 -0.584484 21.256
134.369 77.6356 -12.0582 -0.645486 21.1841
438.94 277.697 -12.6359 -0.423313 22.355
382.206 176.173 -12.0769 -0.566556 21.6912
424.01 92.5655 -12.6722 -0.89493 22.3265
289.641 495.673 -12.0771 0.0682881 21.4882
444.912 373.248 -12.5725 -0.1725 22.3165
1293.53 182.742 -10.6824 -0.830556 23.5646
1200.37 214.991 -11.1305 -0.825479 24.2037
745.302 397.733 -14.475 -0.0862255 26.3159
1246.95 143.327 -11.0152 -1.08584 24.2636
1286.36 71.6636 -10.7933 -1.19945 23.8226
1239.78 93.1627 -11.0902 -1.25757 24.3572
573.309 627.057 -12.6492 0.595265 22.8928
573.309 587.642 -13.0032 0.5471 23.2921
670.055 265.155 -13.5755 -0.677038 24.4762
816.965 250.823 -16.165 -1.33007 29.6421
748.885 193.492 -14.9135 -1.3635 26.9132
1526.44 730.969 -9.88419 0.335225 22.2509
1526.44 562.56 -9.91438 0.0382413 22.2248
1780.84 748.885 -9.58058 0.166761 21.6035
1737.84 727.386 -9.61547 0.174289 21.7207
1841.76 587.642 -9.54494 -0.0397071 21.5164
1669.76 591.225 -9.70484 0.0156793 21.8107
1813.09 913.711 -9.53132 0.343281 21.5258
1820.26 784.717 -9.52929 0.207708 21.6072
1698.43 842.048 -9.63944 0.345503 21.7496
1110.79 666.472 -11.6994 0.960879 25.2217
992.541 938.794 -11.0124 1.09637 22.5596
1132.29 816.965 -11.0237 1.07233 23.6015
1297.11 795.466 -10.5242 0.896865 23.5448
1551.52 182.742 -9.92745 -0.598176 22.1627
1426.11 78.83 -10.2369 -0.924668 22.8063
1848.92 240.073 -9.57946 -0.425443 21.5292
1691.26 218.574 -9.72895 -0.487756 21.7968
1698.43 75.2468 -9.73613 -0.725063 22.0138
1630.35 530.311 -9.76194 -0.0485898 22.0986
1515.69 379.817 -9.96287 -0.274043 22.26
1838.17 315.32 -9.57964 -0.342898 21.5439
1103.62 161.243 -13.2823 -1.87814 28.8316
1340.11 265.155 -10.4502 -0.562878 23.1383
1175.28 469.397 -11.5332 0.0831389 25.4291
1332.94 490.896 -10.4815 0.0123417 23.4666
1246.95 300.987 -11.0053 -0.574744 24.3989
662.889 673.638 -13.2771 1.03534 24.1354
601.974 730.969 -12.8922 1.06472 23.3355
820.549 974.625 -11.3176 1.14632 22.2777
257.989 770.384 -11.9535 0.556369 21.3246
293.821 670.055 -12.0141 0.40019 21.4423
451.481 555.393 -12.509 0.30585 22.2979
322.486 548.227 -12.1033 0.182859 21.5784
265.155 906.545 -11.9478 0.812682 21.3344
157.66 999.708 -11.815 0.845776 21.0514
128.995 885.046 -12.0841 0.748082 21.1717
383.4 913.711 -12.1022 0.995612 21.7385
318.903 867.13 -12.0198 0.807167 21.5057
558.976 297.404 -12.9412 -0.433675 23.133
677.221 75.2468 -13.7655 -1.52121 24.7177
849.214 132.578 -15.9439 -2.30373 29.7029
641.39 494.479 -13.4829 0.293911 24.2129
601.974 422.815 -13.8246 0.0394088 24.3672
616.307 326.07 -13.9114 -0.413082 24.5297
136.161 75.2468 -12.0353 -0.638747 21.1622
286.655 275.905 -12.8183 -0.39127 22.0375
361.901 71.6636 -12.4526 -0.856722 21.9552
96.7459 472.98 -11.5978 -0.0277102 20.8321
472.98 361.901 -12.521 -0.20592 22.3633
333.236 415.649 -12.7847 -0.0499708 22.1538
640.673 197.792 -13.5898 -0.942047 24.2794
752.468 197.792 -14.5216 -1.27475 26.3665
1526.44 735.269 -9.86749 0.314188 22.1077
1479.14 709.47 -9.99187 0.348438 22.4596
1526.44 558.976 -9.91438 0.0382413 22.2248
1741.43 730.969 -9.6106 0.169929 21.6966
1664.03 606.274 -9.70917 0.0373672 21.8017
1565.13 778.267 -9.81451 0.366165 22.0868
1513.54 890.062 -9.87981 0.6199 22.2598
1814.52 915.861 -9.53033 0.353026 21.5636
1698.43 847.064 -9.63687 0.340828 21.7347
1036.26 601.975 -12.1552 0.738196 25.4078
1328.64 722.369 -10.4232 0.610032 23.3287
1332.94 614.874 -10.4308 0.331037 23.3094
993.258 941.66 -11.0288 1.10969 22.5948
1401.74 847.064 -10.1405 0.751461 22.7886
1556.53 180.592 -9.91179 -0.586634 22.0471
1689.83 300.987 -9.72258 -0.378318 21.8131
1801.62 120.395 -9.63186 -0.566497 21.5625
1694.13 120.395 -9.7399 -0.631912 21.8796
1418.94 503.079 -10.1629 -0.0291885 22.6567
1599.53 318.187 -9.83225 -0.367262 22.0124
1496.34 365.485 -10.0197 -0.305444 22.4745
1105.05 163.393 -13.3245 -1.886 28.9533
1307.14 300.987 -10.5763 -0.49492 23.3775
1246.95 300.987 -10.9904 -0.570126 24.3475
1294.25 180.592 -10.763 -0.885948 23.9175
1173.85 468.68 -11.4237 0.0628447 25.0502
1332.94 494.479 -10.4729 0.0237136 23.3839
601.975 730.969 -12.854 1.03678 23.2866
644.973 614.874 -13.4164 0.803556 24.1843
743.869 541.777 -14.5261 0.767176 26.4724
675.071 924.461 -11.8483 1.19206 22.4182
847.064 872.863 -11.5056 1.06829 22.6951
257.989 769.667 -11.9535 0.556369 21.3246
292.388 670.772 -12.0301 0.405995 21.459
451.481 554.677 -12.4462 0.296965 22.2343
322.486 546.077 -12.0558 0.167095 21.5381
275.188 898.662 -11.9543 0.812085 21.3684
128.995 885.763 -12.0841 0.748082 21.1717
318.187 868.563 -12.0208 0.805985 21.5035
558.976 296.687 -12.943 -0.438688 23.1407
730.969 184.892 -14.702 -1.35247 26.3955
593.375 137.594 -13.3658 -1.07385 23.7457
872.863 116.095 -15.688 -2.43826 29.6403
644.973 481.58 -13.3258 0.232918 24.0424
739.569 498.779 -14.6049 0.540413 26.4912
150.494 103.196 -11.9443 -0.583423 21.1343
309.587 283.788 -12.7705 -0.381573 22.0721
288.088 494.479 -12.1623 0.0743348 21.5409
94.596 472.98 -11.5911 -0.0283813 20.8248
262.289 331.086 -12.7093 -0.252932 21.8853
447.181 503.079 -12.5987 0.182438 22.3731
283.788 278.628 -12.8395 -0.389756 22.0516
196.072 118.675 -11.8877 -0.572695 21.1715
149.634 103.196 -11.9441 -0.582047 21.1341
1625.33 526.298 -9.7716 -0.0475891 22.1807
1754.33 325.066 -9.65339 -0.345831 21.6705
1676.93 366.345 -9.72338 -0.299433 21.8444
123.835 882.323 -12.1646 0.776803 21.2187
257.989 768.807 -11.9457 0.552118 21.311
134.154 810.086 -12.1353 0.632436 21.211
1274.47 768.807 -10.6696 0.937646 23.9191
1805.92 918.441 -9.53166 0.363493 21.5624
1635.65 918.441 -9.6913 0.529857 21.9618
1692.41 861.684 -9.6458 0.370722 21.7601
1573.73 964.879 -9.77968 0.66513 22.1122
1506.66 897.802 -9.88027 0.646285 22.2436
1558.25 773.967 -9.82977 0.362817 22.112
1429.26 815.246 -10.0799 0.636326 22.69
1109.35 665.612 -11.7911 0.99127 25.4696
1057.76 655.292 -11.9586 0.958288 25.2717
1062.92 603.694 -11.9688 0.696124 25.2996
1516.98 743.009 -9.88911 0.347499 22.2747
1475.7 706.89 -9.98339 0.332831 22.4285
1527.3 557.256 -9.91267 0.026324 22.3261
443.741 892.642 -12.2296 1.07864 22.0194
314.747 866.843 -12.0933 0.83499 21.552
1553.09 500.499 -9.87691 -0.0744315 22.2001
1429.26 433.422 -10.1376 -0.168826 22.6141
1542.77 263.149 -9.93252 -0.473242 22.201
433.422 717.21 -12.1734 0.604567 21.9457
448.901 557.256 -12.4393 0.290977 22.2123
319.906 546.937 -12.1327 0.181597 21.5986
350.865 448.901 -12.1618 -0.0039182 21.6995
335.386 412.783 -12.7624 -0.0582237 22.1327
500.499 278.628 -12.7916 -0.451885 22.745
356.025 128.995 -11.9947 -0.625243 21.555
856.524 376.664 -18.0855 -0.336536 33.6462
1331.22 614.014 -10.4321 0.329147 23.3291
1274.47 546.937 -10.7228 0.225254 23.916
1687.25 299.267 -9.7234 -0.378451 21.8155
1795.6 118.675 -9.63725 -0.569432 21.5714
598.535 732.689 -12.7699 1.00004 23.1779
737.849 614.014 -14.3886 1.18587 26.2309
1243.51 299.267 -11.0337 -0.582649 24.4818
624.334 366.345 -14.4854 -0.221436 25.3461
634.653 139.314 -13.4219 -1.14167 24.053
1320.9 407.623 -10.5306 -0.201554 23.4471
1269.31 325.066 -10.8138 -0.466592 23.9625
1129.99 459.221 -11.8506 0.0604385 25.7171
985.518 856.524 -11.5045 1.27712 23.6073
1666.61 593.375 -9.70554 0.0282391 21.7766
291.012 668.708 -12.0421 0.40224 21.4736
191.944 668.708 -11.9745 0.351558 21.2186
198.136 557.256 -12.3247 0.217344 21.4622
1510.78 897.802 -9.88466 0.634094 22.3033
1430.29 953.528 -10.0564 0.949963 22.6926
1424.1 817.31 -10.083 0.652971 22.7034
1473.63 712.05 -9.98631 0.337859 22.3763
1529.36 557.256 -9.90207 0.0270398 22.1667
1448.87 538.681 -10.0707 0.0240551 22.5182
1541.74 260.053 -9.9373 -0.481286 22.2654
1560.32 173.369 -9.91708 -0.614677 22.1881
1578.89 501.531 -9.85078 -0.0635028 22.3907
1411.72 495.339 -10.1629 -0.0291885 22.6567
1535.55 321.97 -9.93961 -0.377549 22.2362
346.737 278.628 -12.7308 -0.379659 22.1534
352.929 130.027 -11.9702 -0.619662 21.5403
1690.34 210.519 -9.72999 -0.48809 21.7441
402.463 668.708 -12.2301 0.493587 21.8858
743.009 538.681 -14.6732 0.793916 26.6344
557.256 631.557 -12.8968 0.660237 23.1325
433.422 365.313 -12.6299 -0.180082 22.334
334.354 408.655 -12.7396 -0.0662464 22.1239
996.87 185.752 -16.7952 -2.65338 34.497
1331.22 612.982 -10.4482 0.336715 23.3998
1300.27 117.643 -10.7733 -1.07695 23.9245
1232.16 130.027 -11.106 -1.15217 24.3855
1300.27 433.422 -10.6328 -0.142363 23.7303
1244.54 482.956 -10.9618 0.0743887 24.4575
198.136 117.643 -11.9997 -0.58833 21.2482
1677.96 365.313 -9.72994 -0.300445 21.8416
1362.18 879.227 -10.6059 1.79508 25.4813
438.375 289.773 -12.6118 -0.403009 22.337
512.676 170.892 -12.696 -0.754234 22.6698
1471.16 705.858 -9.98723 0.331363 22.4282
1523.17 557.256 -9.91106 0.0225748 22.2141
557.256 631.557 -12.885 0.665863 23.0959
1062.5 653.848 -12.0036 0.954751 25.4062
1567.75 505.246 -9.86227 -0.0627019 22.4758
445.805 512.676 -12.6375 0.205926 22.4075
349.214 453.235 -12.1648 -0.00566466 21.7033
334.354 408.655 -12.7266 -0.0766214 22.1169
438.375 705.858 -12.2227 0.607794 21.9942
401.225 668.708 -12.221 0.490444 21.8744
438.375 557.256 -12.4696 0.299294 22.2446
1322.56 720.718 -10.4486 0.631676 23.4349
1329.99 616.697 -10.4339 0.322121 23.3095
1716.35 141.172 -9.71682 -0.581352 21.7752
1686.63 215.473 -9.73179 -0.4996 21.8327
1121.94 453.235 -11.5058 -0.00693569 24.5278
735.579 237.763 -13.9057 -0.898878 25.3889
557.256 297.203 -13.0296 -0.435216 23.2351
735.579 497.816 -14.7029 0.552921 26.5857
631.557 364.074 -14.7227 -0.248261 25.6628
1315.13 408.655 -10.515 -0.238644 23.3691
1181.38 378.934 -11.3527 -0.286716 24.8431
371.504 854.46 -12.0976 0.852294 21.6977
245.193 772.729 -11.9781 0.562075 21.3311
1545.46 260.053 -9.96535 -0.502568 22.4738
1359.71 876.75 -10.2446 0.911912 22.9784
980.771 847.03 -11.4394 1.19683 23.422
1694.06 854.46 -9.64603 0.362135 21.745
1664.34 601.837 -9.70297 0.022525 21.7849
