1246 667 2.61605 0.72403 7.10985
1258 695 2.22785 0.636265 6.05302
313 353 -0.0326258 -0.39451 3.69643
1458 1007 0.8483 0.0832433 2.48477
278 519 -0.0728144 -0.187566 3.63909
483 301 0.182804 -0.457654 3.68525
779 167 0.746403 -1.21088 6.45361
305 556 -0.0625274 -0.135805 3.70264
811 606 0.8137 0.342005 7.11536
486 597.6 0.147102 -0.0588967 3.7537
873.6 501.6 1.11335 -0.0524897 7.38146
81.6 339.6 -0.118954 -0.375057 3.24587
228 650.4 -0.1023 -0.0387966 3.51951
1257.6 694.8 2.241 0.642608 6.10732
826.8 583.2 0.837944 0.199207 6.51034
811.2 604.8 0.736376 0.223185 6.03335
327.6 898.8 -0.089336 0.341517 3.7781
1215.6 651.6 1.85777 0.378935 5.45701
1488 1039.2 1.80356 0.885167 4.01189
1468.8 1012.8 1.83203 0.891978 4.1215
618 942 0.229072 0.692704 4.48043
555.6 343.2 0.23957 -0.424209 3.97955
513.6 477.6 0.186382 -0.223094 3.81125
672 888 0.301507 0.832818 5.25135
1858.8 667.2 1.72047 0.0547856 3.11422
646.56 937.44 0.265922 0.771947 4.70324
645.12 940.32 0.265922 0.771947 4.70324
1008 290.88 1.87131 -0.983345 8.06201
313.92 148.32 -0.00598869 -0.651012 3.65995
486.72 682.56 0.136524 0.0561052 3.77644
550.08 462.24 0.220196 -0.24166 3.96462
555.84 453.6 0.213126 -0.260856 4.12649
770.4 272.16 0.664996 -0.79116 5.92121
825.12 77.76 0.945406 -1.59899 6.79481
817.92 335.52 0.896518 -0.703085 7.14475
819.36 277.92 0.897168 -0.918333 6.94066
950.4 420.48 2.14554 -0.444768 11.3061
992.16 335.52 2.62793 -1.09723 11.9753
1088.64 335.52 1.8511 -0.628963 6.58733
1139.04 518.4 2.46352 0.131589 7.99722
1186.56 588.96 2.4772 0.415752 7.41684
1177.92 576 2.42592 0.356313 7.36447
1254.24 720 2.11415 0.655754 5.81795
324 640.8 -0.0679693 -0.0150169 3.76442
632.16 917.28 0.248297 0.691471 4.61134
552.96 426.24 0.219416 -0.300347 4.02056
1337.76 822.24 2.45709 1.06445 5.94378
332.64 672.48 -0.0609089 0.0321446 3.7743
328.32 671.04 -0.0636007 0.0250961 3.7789
802.08 637.92 0.745623 0.414192 6.62783
810.72 604.8 0.819824 0.339436 7.16772
528.48 444.96 0.20491 -0.267182 3.84574
514.08 466.56 0.195063 -0.238553 3.77421
767.52 704.16 0.602107 0.61754 6.47169
754.56 326.88 0.603112 -0.617128 5.71538
555.84 342.72 0.234278 -0.429402 3.99968
514.08 476.64 0.186382 -0.223094 3.81125
725.76 756 0.457126 0.920803 7.13912
1300.32 397.44 2.17036 -0.3451 5.52565
1088.64 312.768 1.93441 -0.741802 6.85203
774.144 164.16 0.709867 -1.15285 6.10974
530.496 437.184 0.206894 -0.280159 3.84217
528.768 437.184 0.20682 -0.278846 3.84202
921.024 423.36 1.88896 -0.423084 11.0933
1017.79 342.144 2.61784 -0.967284 11.0295
514.944 466.56 0.195063 -0.238553 3.77421
549.504 463.104 0.219313 -0.24215 3.98627
528.768 445.824 0.203442 -0.266937 3.85902
328.32 665.28 -0.0634117 0.013847 3.76645
670.464 851.904 0.255835 1.0192 6.18515
677.376 839.808 0.349237 0.524853 4.58382
805.248 635.904 0.776256 0.46609 7.1271
1266.62 34.56 2.49732 -1.67049 6.42137
1308.1 77.76 2.24044 -1.27471 5.56448
1207.87 616.896 2.42068 0.4824 7.01473
1133.57 157.248 3.44429 -2.20536 10.7944
1356.48 63.936 2.07969 -1.14596 4.94285
1112.83 471.744 3.08648 -0.053939 10.417
774.144 642.816 0.651802 0.419321 6.5943
571.968 1021.25 0.158092 0.750361 4.25833
324.864 718.848 -0.0694156 0.0863308 3.76222
768.96 274.752 0.670486 -0.79653 6.05004
767.232 371.52 0.635821 -0.492009 5.93178
312.768 148.608 -0.0176917 -0.663292 3.70512
554.688 397.44 0.219887 -0.350708 4.0935
554.688 343.872 0.234278 -0.429402 3.99968
520.128 345.6 0.207806 -0.408955 3.80645
1306.37 95.04 2.38096 -1.30938 5.88803
1289.09 739.584 1.99754 0.607599 5.2896
228.096 649.728 -0.108154 -0.0353197 3.53665
1024.36 346.291 2.50864 -0.871558 10.3455
228.096 649.037 -0.104944 -0.0387838 3.5219
321.408 555.725 -0.0525281 -0.126812 3.73814
530.842 437.53 0.20583 -0.278893 3.84191
551.578 412.646 0.222949 -0.325857 4.00542
294.451 508.032 -0.0603291 -0.201725 3.67114
553.651 441.677 0.218383 -0.281717 4.03891
553.651 427.162 0.221797 -0.300703 3.98331
1310.52 304.819 2.25752 -0.62801 5.65552
962.151 342.144 2.31023 -1.01863 11.6005
1090.71 313.114 1.91552 -0.728566 6.7716
1088.64 319.334 2.05168 -0.74763 7.27593
1320.88 223.949 2.07562 -0.784486 5.16081
1254.53 719.539 2.21501 0.7098 6.08151
1094.86 441.677 2.87246 -0.248002 10.0617
1045.09 418.867 2.67389 -0.40635 10.5635
1088.64 335.923 2.17625 -0.712738 7.69564
991.181 335.923 2.36173 -0.994633 10.823
740.275 725.76 0.49532 0.516724 5.6625
636.595 955.93 0.250851 0.775655 4.64128
827.367 128.563 0.959125 -1.49668 7.02031
321.408 510.106 -0.0440317 -0.191782 3.73165
555.725 342.144 0.233769 -0.429408 3.98877
323.482 541.21 -0.0460041 -0.152741 3.73825
329.702 671.846 -0.0635855 0.0232874 3.77683
1260.75 39.3984 2.43699 -1.63379 6.3225
1030.16 139.346 2.52905 -2.14841 10.0553
1030.16 59.7197 1.97875 -2.00201 7.92177
990.352 251.32 2.64127 -1.78363 11.934
1010.26 251.32 2.06976 -1.29577 8.7925
1037.63 47.2781 1.72497 -1.72901 6.7508
323.482 539.966 -0.0184491 -0.159682 3.63445
293.622 490.199 -0.0683147 -0.220704 3.70488
549.919 462.828 0.21424 -0.248084 4.09137
554.895 452.874 0.220721 -0.26345 4.01289
962.98 335.923 2.16729 -1.00344 10.808
1089.88 313.528 1.99375 -0.746467 7.05224
1030.16 49.7664 1.84248 -1.86868 7.27813
1055.05 62.208 1.91959 -1.80042 7.2251
1055.05 52.2547 1.9007 -1.82955 7.14715
1251.63 671.846 2.44564 0.659579 6.67082
1050.07 368.271 2.78885 -0.759 10.8235
646.963 938.097 0.268332 0.793841 4.80164
515.082 465.316 0.18184 -0.23465 3.88304
530.012 435.456 0.205877 -0.279521 3.84188
554.895 343.388 0.233769 -0.429408 3.98877
950.538 420.526 2.24209 -0.450988 11.8623
923.167 423.014 1.90556 -0.431641 11.1021
948.05 358.318 2.34483 -0.959014 12.4249
1017.72 141.834 2.5168 -2.23039 10.4039
1261.58 109.486 2.50889 -1.42753 6.53128
485.222 674.335 0.141978 0.0429227 3.74525
848.517 151.788 1.1104 -1.5133 7.62083
766.403 370.76 0.641721 -0.500586 5.99634
1024.19 346.374 2.49834 -0.87993 10.3676
1131.69 161.243 3.57606 -2.28463 11.2419
1018.22 143.327 2.51352 -2.2112 10.3464
1310.85 307.556 2.25752 -0.62801 5.65552
537.477 421.024 0.212491 -0.305555 3.90006
528.519 444.912 0.202584 -0.273468 3.88731
295.612 492.687 -0.0634514 -0.22108 3.67168
543.449 403.108 0.215825 -0.333884 3.96888
552.407 444.912 0.218383 -0.281717 4.03891
322.486 540.463 -0.0173458 -0.160212 3.63137
247.837 639.001 -0.092724 -0.0488587 3.54195
229.921 644.973 -0.106342 -0.0486293 3.53904
1060.02 412.066 3.0315 -0.471647 11.3983
1319.81 200.061 2.13417 -0.870901 5.28989
1313.83 191.103 2.29138 -0.965843 5.65778
1254.11 719.622 2.21191 0.706585 6.06673
1009.26 203.047 2.30534 -1.68041 9.78188
1089.88 316.514 2.16934 -0.798422 7.64645
1048.08 367.276 2.76169 -0.75247 10.7356
803.23 636.015 0.77712 0.469319 7.13617
931.627 182.145 2.11068 -2.20481 11.4217
516.575 465.814 0.188625 -0.24306 3.84287
549.421 343.388 0.233769 -0.429408 3.98877
516.575 349.36 0.205346 -0.403598 3.77278
776.356 639.001 0.665222 0.433492 6.74026
1301.89 394.15 2.25931 -0.357651 5.74221
1039.12 253.809 2.21048 -1.26586 8.67807
1095.86 292.626 2.95578 -1.21461 10.106
1298.9 86.5936 2.27375 -1.29353 5.66576
967.459 254.406 2.55945 -1.85103 12.4215
1125.12 204.241 3.25463 -1.82284 10.4528
1046.29 68.0805 1.83081 -1.72437 7.01262
963.876 340.402 2.2831 -1.02159 11.3686
881.463 487.313 1.41051 -0.0304674 9.52775
766.801 369.068 0.648703 -0.513381 6.09793
555.393 347.569 0.233769 -0.429408 3.98877
551.81 343.985 0.233769 -0.429408 3.98877
1014.04 254.406 2.35824 -1.45565 9.95182
1010.46 200.658 2.33068 -1.75935 9.84806
1211.12 644.973 2.403 0.591604 6.91957
1207.53 609.141 2.42338 0.469173 7.03506
1006.87 214.991 2.82662 -2.09325 12.1936
1304.28 293.821 2.30346 -0.672297 5.7928
1307.86 250.823 2.28813 -0.801614 5.69978
1297.11 103.912 2.33604 -1.2702 5.83756
1261.28 111.079 2.55154 -1.44646 6.63401
1114.37 469.397 3.29975 -0.0553459 11.0841
1089.29 315.32 1.94064 -0.734352 6.88452
308.154 551.81 -0.0274946 -0.150068 3.60898
548.227 455.064 0.213514 -0.250106 4.07338
515.978 465.814 0.18184 -0.23465 3.88304
533.894 440.731 0.198903 -0.281289 3.98432
863.547 523.145 0.992569 0.0175308 6.83486
308.154 483.73 -0.0583156 -0.229041 3.72418
824.132 78.83 0.902194 -1.52644 6.54062
813.382 594.808 0.820128 0.325098 7.13619
1300.69 394.15 2.30335 -0.364947 5.83982
738.135 723.803 0.499579 0.547816 5.83278
329.653 670.055 -0.0625309 0.0273072 3.7733
766.801 275.905 0.658973 -0.776608 5.91518
318.187 541.777 -0.0415189 -0.152252 3.71314
322.486 558.976 -0.0469561 -0.127671 3.70807
971.759 253.689 2.47144 -1.77542 11.906
1259.85 705.17 2.18029 0.631363 5.9561
1014.76 180.592 2.40428 -1.94261 10.0703
1320.04 202.091 2.13417 -0.870901 5.28989
1019.06 343.985 2.17511 -0.796219 9.20961
1049.16 417.082 2.72767 -0.419344 10.6748
515.978 464.38 0.189233 -0.243243 3.83293
533.177 438.581 0.198903 -0.281289 3.98432
550.377 343.985 0.23084 -0.42714 3.99555
515.978 348.285 0.188713 -0.409742 3.9385
877.163 498.779 1.31505 -0.0095976 8.95758
945.96 421.382 2.3604 -0.496575 12.7253
924.461 421.382 1.83127 -0.429263 10.5735
1302.84 391.283 2.19001 -0.35568 5.58676
1311.44 309.587 2.28018 -0.628387 5.69712
967.459 339.686 1.63076 -0.706951 7.70891
1096.45 288.088 2.91708 -1.22405 10.0242
1289.95 735.269 2.15891 0.685241 5.6851
1130.85 159.093 3.64859 -2.34335 11.5077
1070.65 417.082 3.31711 -0.45281 12.2445
739.569 722.369 0.498234 0.550525 5.84607
812.666 593.375 0.841578 0.303542 7.27029
773.967 167.693 0.702438 -1.11597 5.94675
769.667 382.684 0.661392 -0.478895 6.13849
300.987 524.578 -0.0542406 -0.17959 3.66234
515.978 464.38 0.189233 -0.243243 3.83293
768.807 257.989 0.660822 -0.795035 5.87685
319.906 557.256 -0.0468394 -0.127829 3.6998
1042.28 366.345 2.48371 -0.694427 9.71811
1258.99 706.89 2.27771 0.686587 6.21163
1248.67 665.612 2.31375 0.553097 6.38059
1001 242.51 2.09471 -1.40216 9.16156
975.199 252.829 2.22714 -1.57974 10.6606
1006.16 216.711 2.5009 -1.85826 10.7699
1016.48 330.226 2.16017 -0.869766 9.06697
758.488 123.835 0.6446 -1.19159 5.6726
763.648 361.185 0.638213 -0.509042 5.98171
1310.58 309.587 2.12911 -0.618579 5.37155
1315.74 201.231 2.1144 -0.870559 5.25277
1011.32 257.989 2.083 -1.26657 8.88703
1042.28 252.829 2.50203 -1.43926 9.751
1202.23 603.694 2.41005 0.427397 7.02093
1088.71 423.102 3.24897 -0.374396 11.4395
763.648 691.411 0.588167 0.543405 6.27186
552.097 448.901 0.217627 -0.268065 4.02169
552.097 345.705 0.23084 -0.42714 3.99555
882.323 485.02 0.933976 -0.177631 5.6082
515.978 345.705 0.199442 -0.414194 3.8757
247.67 639.813 -0.110037 -0.0382068 3.6089
551.065 346.737 0.229812 -0.424801 3.95945
551.065 334.354 0.227285 -0.427441 3.99603
972.103 340.546 2.07719 -0.929756 10.1085
1095.94 241.478 3.16918 -1.68446 10.7514
1052.6 235.286 0.950101 -0.529775 3.72622
1040.21 365.313 2.27617 -0.652868 8.99537
1064.98 414.846 2.93802 -0.426007 10.9666
1058.79 377.696 2.27879 -0.541949 8.62495
811.118 582.023 0.833037 0.262236 7.13226
229.094 637.749 -0.0970572 -0.0622051 3.5148
247.67 594.407 -0.0952716 -0.0923803 3.57598
922.569 414.846 1.92337 -0.460745 11.1144
1015.45 179.56 2.23296 -1.79605 9.37524
1021.64 142.41 2.12696 -1.84152 8.62339
1034.02 272.436 1.92783 -1.0289 7.80067
1089.75 421.038 2.84992 -0.376529 10.1343
773.967 167.177 0.697955 -1.10344 5.98496
520.106 346.737 0.20007 -0.409163 3.85144
1201.2 600.599 2.3768 0.442137 6.9135
1084.79 416.085 3.08006 -0.439912 10.9918
1047.64 237.763 2.2722 -1.31637 8.84616
1003.06 208.042 2.25094 -1.73089 9.70205
1062.5 416.085 2.79996 -0.422421 10.5952
1017.92 141.172 2.34118 -2.00975 9.39684
1292.84 735.579 2.19231 0.688677 5.75719
1203.67 594.407 2.41005 0.427397 7.02093
757.869 705.858 0.522379 0.369024 5.07715
809.879 579.547 0.865477 0.248433 7.4791
549.826 445.805 0.199624 -0.257123 4.09782
520.106 460.665 0.187116 -0.238633 3.91742
520.106 349.214 0.20007 -0.409163 3.85144
289.773 534.966 -0.0679168 -0.156596 3.65332
921.331 416.085 1.72561 -0.437413 9.90967
735.579 720.718 0.507256 0.568764 5.95369
