1080.3 53.3 -16.6449 -1.71377 8.61953
1002.17 245.05 -17.1738 -1.19521 7.98403
1015.69 321.1 -17.1942 -1.09145 7.9225
1078.22 54.08 -16.6168 -1.73478 8.67256
1078.73 54.925 -16.6158 -1.73595 8.67442
1185.28 396.998 -17.5252 -0.982151 7.15644
1019.63 279.898 -17.1895 -1.13938 7.92075
1002.49 460.403 -17.282 -0.929722 7.8087
837.755 381.762 -17.3378 -1.06465 8.19197
795.337 424.18 -17.5257 -0.986801 7.69088
615.061 286.321 -17.6815 -1.11736 7.683
604.456 328.739 -17.686 -1.0803 7.64202
678.688 392.366 -17.6614 -1.02032 7.61579
710.501 381.762 -17.5978 -1.03602 7.70489
710.501 413.575 -17.5847 -0.999329 7.80789
381.762 212.09 -18.2394 -1.78385 9.96644
562.038 498.411 -17.7554 -0.942426 7.38133
636.27 477.202 -17.6939 -0.946428 7.49992
636.27 445.389 -17.6854 -0.974291 7.60278
434.784 243.903 -17.9628 -1.50171 9.16461
286.321 487.807 -18.1004 -0.957134 8.11514
890.778 509.016 -17.4898 -0.895439 7.54447
858.964 445.389 -17.437 -0.964294 7.77236
795.337 487.807 -17.4732 -0.894842 7.95781
678.688 349.948 -17.6275 -1.05932 7.71597
905.461 358.921 -17.3316 -1.05035 7.94039
840.202 383.393 -17.4018 -1.04515 7.9567
848.36 440.494 -17.3798 -0.959658 8.02688
611.798 285.506 -17.6972 -1.1049 7.60219
791.259 473.124 -17.4708 -0.923379 7.96567
864.674 546.539 -17.4451 -0.847968 7.76032
652.584 342.607 -17.6307 -1.07296 7.77251
701.528 432.337 -17.6303 -0.976492 7.59688
628.112 440.494 -17.695 -0.973977 7.52837
228.405 473.124 -18.1265 -0.964226 8.02325
872.832 228.405 -17.3427 -1.20077 7.94497
823.888 407.865 -17.4259 -1.01694 7.94974
807.573 456.809 -17.6023 -0.95344 7.39223
301.193 150.596 -18.4924 -1.9105 9.90124
608.66 288.643 -17.6918 -1.12381 7.73013
489.438 533.362 -17.7861 -0.928438 7.34721
633.76 439.24 -17.7055 -0.974561 7.4228
834.555 320.017 -17.3136 -1.13628 8.29118
953.777 144.322 -16.8078 -1.61771 8.93127
991.426 125.497 -15.8608 -2.21134 10.6637
640.035 520.813 -17.6841 -0.899742 7.64822
790.631 376.491 -17.4797 -1.03923 7.892
840.83 382.766 -17.3847 -1.04377 8.00443
828.28 414.14 -17.42 -1.002 7.94005
640.035 489.438 -17.7007 -0.939473 7.49021
677.684 470.614 -17.6491 -0.940435 7.64446
853.38 508.263 -17.4308 -0.876122 7.87945
897.304 520.813 -17.3358 -0.868296 7.99695
903.578 370.216 -17.3153 -1.04991 7.97194
665.134 345.117 -17.5772 -1.12915 8.32697
633.76 357.666 -17.6729 -1.05275 7.68653
574.39 613.005 -17.7359 -0.803778 7.81571
405.452 487.508 -17.8116 -0.960103 7.22696
839.865 318.569 -17.3734 -1.13011 8.03648
801.25 477.854 -17.5033 -0.922637 7.81731
796.423 376.491 -17.4846 -1.04172 7.84204
835.038 376.491 -17.363 -1.05206 8.09919
791.596 429.586 -17.4917 -0.976046 7.84876
714.368 415.105 -17.5872 -0.998039 7.78121
902.613 366.837 -17.3214 -1.04676 7.95515
555.083 453.72 -17.7533 -0.970887 7.30626
878.479 342.703 -17.3862 -1.07933 7.85485
917.094 328.223 -17.2955 -1.09473 7.98224
777.116 482.681 -17.4684 -0.918084 7.97707
274.757 512.384 -17.8205 -0.961318 7.06176
638.624 516.097 -17.6716 -0.895842 7.80159
668.327 159.656 -17.2443 -2.07301 10.6207
857.687 545.801 -17.4393 -0.850449 7.80683
694.318 423.274 -17.6204 -0.989552 7.73607
868.825 233.915 -17.3191 -1.23586 8.05635
809.419 482.681 -17.4991 -0.91854 7.7419
850.261 311.886 -17.3694 -1.11906 8.02894
891.103 508.671 -17.3335 -0.868117 8.02031
564.365 475.255 -17.7504 -0.958288 7.32252
950.51 148.517 -16.987 -1.48919 8.51016
969.075 137.378 -17.1286 -1.38888 8.12496
736.874 177.078 -16.3111 -2.77008 13.4776
908.24 217.064 -17.2481 -1.26026 8.09026
962.506 391.286 -17.2661 -1.01051 7.92585
948.225 228.488 -17.2036 -1.23849 8.07629
876.823 305.603 -17.3188 -1.13505 8.03703
628.342 442.695 -17.6852 -0.971224 7.67996
819.701 439.839 -17.449 -0.964383 7.8823
536.947 591.213 -17.7653 -0.884442 7.42289
274.186 514.098 -17.8238 -0.962996 7.07029
339.876 514.098 -17.8317 -0.952853 7.18629
694.032 459.832 -17.6188 -0.951361 7.72084
302.747 519.81 -17.8332 -0.954141 7.13962
731.161 479.825 -17.5792 -0.928861 7.75304
388.43 199.927 -18.3169 -1.87549 10.4978
909.558 375.687 -17.3111 -1.03161 7.97623
672.282 424.021 -17.6327 -0.98853 7.77969
852.436 388.869 -17.3276 -1.03064 8.13546
793.117 419.627 -17.4646 -0.988231 7.94291
720.616 430.612 -17.567 -0.977725 7.85732
555.841 525.083 -17.7527 -0.922167 7.46939
489.931 590.993 -17.7881 -0.904767 7.32101
639.327 465.764 -17.6739 -0.951489 7.68636
832.663 500.916 -17.4317 -0.886441 7.92299
955.695 452.582 -17.3049 -0.937921 7.86383
731.601 483.34 -17.5558 -0.918998 7.8782
788.723 483.34 -17.4925 -0.914902 7.87404
617.357 138.411 -17.4615 -1.98875 10.0431
676.676 485.537 -17.6364 -0.924632 7.73548
731.77 485.03 -17.5646 -0.918121 7.82864
745.29 486.72 -17.57 -0.92247 7.72671
655.72 459.68 -17.6702 -0.955331 7.59316
676 486.72 -17.6381 -0.92433 7.7201
662.48 393.77 -17.6477 -1.01601 7.72028
878.8 392.08 -17.3381 -1.01795 8.00343
937.95 366.73 -17.2761 -1.04243 7.96245
885.56 528.97 -17.3762 -0.85665 7.89817
626.99 432.64 -17.6855 -0.97922 7.66963
608.4 133.51 -17.499 -1.97651 9.98061
373.49 201.11 -18.2999 -1.79346 10.0987
851.76 388.7 -17.3353 -1.02984 8.10973
875.42 310.96 -17.3063 -1.13414 8.08831
738.53 408.98 -17.5448 -1.00221 7.87007
718.25 429.26 -17.5674 -0.97881 7.87201
652.34 407.29 -17.6609 -1.0018 7.68143
672.62 408.98 -17.6312 -1.00222 7.77055
672.62 424.19 -17.6384 -0.986591 7.72185
798.2 488.8 -17.478 -0.90755 7.88183
820.3 436.8 -17.4245 -0.963513 7.97106
483.6 652.6 -17.7923 -0.868379 7.34685
634.4 146.9 -17.4432 -1.89807 9.85539
908.7 423.8 -17.3317 -0.975262 7.92498
852.8 430.3 -17.3637 -0.969523 8.02782
627.9 434.2 -17.6862 -0.978561 7.6619
490.1 612.3 -17.7872 -0.890605 7.33581
950.3 392.6 -17.2788 -1.00981 7.92971
876.2 349.7 -17.3494 -1.0708 7.9635
718.9 430.3 -17.5677 -0.979076 7.86456
798.2 382.2 -17.4471 -1.03463 7.98043
673.4 425.1 -17.6326 -0.985919 7.76015
530.4 568.1 -17.7685 -0.903382 7.39438
681.2 425.1 -17.62 -0.98583 7.78161
930.8 384.8 -17.2886 -1.02223 7.96528
830.7 447.2 -17.4165 -0.951127 7.95505
686 166 -17.1622 -2.02312 10.534
852 388 -17.353 -1.02686 8.05745
821 379 -17.4018 -1.03994 8.03
797 382 -17.4493 -1.03393 7.97107
540 591 -17.764 -0.88703 7.41257
795 421 -17.463 -0.98507 7.93672
