1143 365 -1.86757 -0.489063 3.58159
1195 497 -1.81571 -0.422229 3.59223
1033 476 -1.9671 -0.422147 3.55256
1037 462 -1.96236 -0.431156 3.553
1052 290 -7.21933 -1.42314 4.81568
1220 197 -4.38635 -1.27653 4.60808
1138 482 -1.83136 -0.426142 3.57013
1072 213 -3.70155 -1.02264 4.00489
1036 205 -3.7736 -1.05496 3.94061
1017 519 -1.98736 -0.392463 3.54924
1208 454 -1.82193 -0.443643 3.59887
1168 163 -3.98177 -1.24748 4.31037
1097 181 -3.97631 -1.18438 4.13469
1053 183 -3.68271 -1.08834 3.9537
1105 500 -1.86639 -0.414214 3.56623
1042 503 -1.94847 -0.406979 3.5546
1198 185 -4.15245 -1.2443 4.4581
1159.6 364 -1.86077 -0.489108 3.58703
1218.1 197.6 -4.56241 -1.32213 4.67648
1056.9 214.5 -3.68837 -1.01659 3.96668
1033.5 215.8 -3.71444 -1.01444 3.91948
1054.3 204.1 -3.72741 -1.04674 3.97029
1028.3 205.4 -3.78462 -1.0517 3.91496
1072.5 213.2 -3.77091 -1.04093 4.02202
1088.1 202.8 -3.72919 -1.05924 4.0506
1027 464.1 -1.97347 -0.428705 3.549
1062.1 560.3 -1.98447 -0.368835 3.57942
1017.9 518.7 -1.98736 -0.392463 3.54924
1192.1 481 -1.81299 -0.429354 3.5893
1137.5 646.1 -1.83598 -0.344974 3.57784
1006.2 542.1 -2.2728 -0.351429 3.6052
1105 205.4 -3.69588 -1.04493 4.07741
1001 245.7 -3.96843 -0.985767 3.90219
1027 214.5 -3.7489 -1.02136 3.9113
1011.4 143 -3.8016 -1.21365 3.87078
1098.5 180.7 -4.11661 -1.22417 4.17127
1053 183.3 -3.7113 -1.09706 3.96016
1094.6 114.4 -3.54953 -1.21354 4.00235
1043.9 115.7 -3.50087 -1.18911 3.88102
1069.9 564.2 -2.04352 -0.361971 3.5991
1058.2 639.6 -1.8397 -0.342924 3.54068
1138.8 483.6 -1.82499 -0.425897 3.56951
1098.5 471.9 -1.86851 -0.428127 3.56285
1185.6 187.2 -4.26623 -1.2671 4.46529
1017.38 549.25 -2.32248 -0.34116 3.62612
1199.9 456.3 -1.83141 -0.442297 3.59835
1135.68 645.58 -1.84098 -0.344637 3.57859
1117.09 630.37 -1.86427 -0.347588 3.57689
1161.03 209.56 -4.03018 -1.12949 4.31538
1100.19 214.63 -3.77084 -1.0371 4.0876
1216.8 197.73 -4.29514 -1.24932 4.56437
1000.48 246.74 -3.92447 -0.976179 3.89272
1046.11 256.88 -5.19304 -1.2162 4.30401
1025.83 212.94 -3.74469 -1.02196 3.91001
1166.1 162.24 -3.97997 -1.24712 4.30973
1123.85 163.93 -3.93336 -1.22447 4.19201
1194.83 185.9 -4.32886 -1.28583 4.50204
1012.31 141.96 -3.58932 -1.14941 3.83436
1098.5 180.83 -3.57145 -1.06875 4.02504
1052.87 182.52 -3.7113 -1.09706 3.96016
1091.74 114.92 -3.59073 -1.22905 4.01242
1157.65 601.64 -1.78916 -0.374719 3.56874
1149.2 659.1 -1.82949 -0.3404 3.58094
1157.65 363.35 -1.85598 -0.488965 3.58582
1203.28 381.94 -1.81904 -0.478074 3.5932
1115.4 507 -1.86117 -0.411104 3.5705
1161.03 466.44 -1.82613 -0.434999 3.5791
1022.45 490.1 -2.0069 -0.410964 3.55527
1032.59 474.89 -1.97001 -0.422399 3.55256
1012.82 142.805 -3.72837 -1.19541 3.86037
1164.41 162.578 -3.92775 -1.22703 4.28403
1100.7 180.154 -3.608 -1.08409 4.04344
1001.83 248.261 -3.91071 -0.966975 3.89545
1072.14 182.351 -3.72436 -1.10476 4.00178
1091.91 116.441 -3.67467 -1.25628 4.02763
1045.77 116.441 -3.53346 -1.19711 3.88958
1122.67 597.584 -1.81042 -0.370994 3.56185
1144.64 527.28 -1.83212 -0.40459 3.57601
1043.57 496.522 -1.96936 -0.409488 3.55861
1087.51 248.261 -4.93913 -1.20582 4.38569
1047.97 257.049 -5.32199 -1.24231 4.33607
1028.2 206.518 -3.68684 -1.02954 3.90048
1056.76 648.115 -1.82574 -0.340547 3.53647
1061.15 639.327 -1.85227 -0.341422 3.54518
1063.35 300.989 -1.98657 -0.537361 3.56905
1135.85 645.918 -1.85942 -0.341537 3.58478
1113.88 645.918 -1.82301 -0.345221 3.56411
1162.21 208.715 -4.51999 -1.25716 4.47508
1102.89 208.715 -3.76949 -1.0587 4.09391
1217.14 197.73 -4.40968 -1.28076 4.60411
1184.18 498.719 -1.82458 -0.420831 3.58953
1008.42 593.19 -1.93737 -0.349063 3.53874
1135.85 487.734 -1.84867 -0.425378 3.57572
1006.23 384.475 -2.35489 -0.506691 3.61042
1213.84 197.071 -4.40968 -1.28076 4.60411
1190.99 188.503 -4.2182 -1.25544 4.46449
1162.43 162.798 -3.99869 -1.25011 4.30153
1173.86 602.637 -1.80206 -0.373064 3.58125
1153.86 191.359 -3.74725 -1.1045 4.20367
1102.45 177.078 -4.16169 -1.23885 4.19075
1122.45 162.798 -4.00588 -1.24295 4.20808
1125.3 591.213 -2.03245 -0.349783 3.63595
1142.44 525.522 -1.84267 -0.404466 3.57752
1008.2 642.622 -1.84213 -0.337345 3.51939
1031.05 214.207 -3.7437 -1.02282 3.90808
1119.59 634.054 -1.85638 -0.347144 3.5737
1108.17 408.422 -1.86362 -0.46243 3.56574
1219.55 328.451 -1.80151 -0.502151 3.58971
1053.9 565.508 -2.00456 -0.362977 3.58298
1162.43 208.495 -4.14246 -1.15929 4.35824
1133.87 488.393 -1.82699 -0.423451 3.5683
1105.31 494.105 -1.8719 -0.415271 3.5673
1136.73 474.113 -1.83438 -0.429632 3.57079
1190.99 459.832 -1.78502 -0.438902 3.57799
1013.92 139.949 -3.71818 -1.19671 3.86443
1042.48 114.244 -3.49729 -1.18449 3.88159
1088.17 114.244 -3.52822 -1.20531 3.98797
1080.46 248.766 -4.96972 -1.20801 4.36424
1032.19 471.542 -1.99389 -0.427358 3.55331
1154.72 222.776 -3.72924 -1.02038 4.20205
1206.7 326.738 -1.83029 -0.505218 3.59759
1143.58 419.561 -1.90949 -0.463092 3.59914
1143.58 386.145 -1.88775 -0.478305 3.58844
1091.6 445.552 -1.87594 -0.438778 3.55803
1113.88 631.198 -1.84571 -0.347754 3.57271
1013.63 512.384 -2.00017 -0.39419 3.55031
1143.58 527.236 -1.8239 -0.404843 3.57165
1017.34 141.091 -3.75207 -1.2111 3.87604
1043.33 115.101 -3.49912 -1.18861 3.87793
1165.86 207.924 -4.49335 -1.25812 4.47721
1087.89 115.101 -3.52822 -1.20531 3.98797
1050.76 256.192 -5.15039 -1.2243 4.32483
1037.76 492.334 -1.93983 -0.410142 3.55051
1023.28 497.161 -1.9987 -0.406745 3.55647
1172.91 603.351 -1.73615 -0.380556 3.55719
1139.13 526.122 -1.82019 -0.407463 3.57245
1028.11 207.553 -3.76345 -1.04126 3.91119
1018.46 139.977 -3.80588 -1.2281 3.88778
1105.34 173.765 -4.07174 -1.22578 4.18242
1081.2 115.843 -3.53691 -1.20546 3.96908
1158.43 357.184 -1.83678 -0.491396 3.57836
1104.37 401.59 -1.90586 -0.472555 3.56937
1022.8 495.713 -1.98344 -0.406099 3.5518
1085.55 483.163 -1.85294 -0.422569 3.55431
1022.8 363.941 -2.43345 -0.536485 3.63688
1041.63 489.438 -2.04178 -0.412731 3.57274
1010.25 596.111 -2.08037 -0.324357 3.57297
1047.9 558.462 -2.18346 -0.348233 3.61699
1142.02 527.087 -1.83408 -0.408031 3.57316
1022.8 138.047 -3.98008 -1.28112 3.91604
1110.65 175.696 -4.14848 -1.25547 4.21227
1148.3 163.146 -3.88254 -1.21577 4.23297
1073 119.222 -3.46211 -1.18204 3.94848
1060.45 326.292 -1.89294 -0.508757 3.54437
1003.35 522.068 -2.04767 -0.389475 3.55662
1084.92 448.652 -1.88757 -0.435782 3.55822
1027.82 448.652 -2.0745 -0.439347 3.56797
1076.76 481.281 -1.8692 -0.433131 3.55251
1044.14 481.281 -1.89122 -0.420753 3.53729
1035.98 179.461 -3.68052 -1.08569 3.90986
1101.24 334.449 -2.48086 -0.582156 3.73949
1117.55 456.809 -1.82817 -0.441063 3.56632
1028.64 424.18 -2.01898 -0.45135 3.55364
1049.85 328.739 -2.23288 -0.551576 3.61635
1071.05 487.807 -1.86234 -0.418073 3.54839
1071.05 455.993 -1.83765 -0.432593 3.54375
1018.03 509.016 -2.22416 -0.385717 3.60832
699.897 222.694 -4.90887 -1.19764 2.98133
625.665 318.135 -6.66705 -1.00951 2.39719
784.733 392.366 -2.37505 -0.478634 3.38841
784.733 424.18 -6.41114 -0.509432 3.30857
625.665 381.762 -3.53791 -0.505065 3.03034
551.434 434.784 -1.68028 -0.425081 3.30533
593.852 434.784 -3.38967 -0.379252 2.93353
901.382 381.762 -2.14546 -0.481439 3.48656
954.405 434.784 -1.87822 -0.444272 3.48684
668.083 392.366 -4.92387 -0.517063 2.924
699.897 445.389 -4.13899 -0.360003 3.125
996.823 477.202 -1.98846 -0.433647 3.53405
752.919 455.993 -2.55051 -0.414704 3.35381
742.315 509.016 -3.68766 -0.21163 3.29219
509.016 434.784 -2.84934 -0.379272 2.96367
689.292 265.112 -5.30427 -1.05459 2.91406
752.919 296.926 -3.99338 -0.811069 3.25989
668.083 318.135 -4.51076 -0.776612 2.99095
487.807 477.202 -2.09401 -0.356258 3.14716
286.321 339.344 -3.80589 -0.582225 1.98978
530.225 487.807 -1.47391 -0.417799 3.35797
551.434 509.016 -1.73754 -0.384574 3.30099
509.016 265.112 -5.51243 -1.04871 2.0673
296.926 201.485 -3.7362 -0.934378 1.98797
562.038 360.553 -3.28839 -0.552704 2.87744
975.614 360.553 -2.10786 -0.495617 3.54079
965.009 509.016 -1.86744 -0.393625 3.50309
890.778 466.598 -2.17122 -0.41386 3.48434
869.569 487.807 -2.24398 -0.393782 3.47201
827.151 434.784 -1.87297 -0.433958 3.42111
774.128 498.411 -2.79526 -0.335526 3.37612
742.315 402.971 -7.92484 -0.648432 3.06022
646.874 466.598 -3.54788 -0.327596 3.08095
840.202 358.921 -2.22718 -0.505142 3.4344
815.73 432.337 -2.63234 -0.437278 3.42309
554.697 432.337 -1.92678 -0.417599 3.24862
660.742 391.551 -7.08396 -0.568305 2.6655
644.427 464.966 -4.70392 -0.261438 2.88759
758.629 440.494 -4.05235 -0.402967 3.28105
987.034 546.539 -2.16959 -0.351743 3.56876
774.944 489.438 -3.09299 -0.327788 3.37191
774.944 530.225 -2.74959 -0.265285 3.39437
832.045 546.539 -1.98956 -0.361697 3.4314
481.281 473.124 -2.12201 -0.382411 3.1351
489.438 554.697 -1.99452 -0.320192 3.19521
970.719 334.449 -2.32021 -0.549805 3.57047
758.629 293.663 -2.84356 -0.674125 3.32724
154.989 326.292 -2.94453 -0.525787 2.1908
742.315 513.91 -3.34245 -0.218569 3.3134
628.112 318.135 -5.16413 -0.819532 2.68807
391.551 252.876 -5.40629 -1.0646 1.53942
554.697 187.618 -3.95347 -1.05472 2.66585
636.27 203.933 -3.65619 -0.961835 2.95747
938.09 212.09 -4.10287 -1.11225 3.73748
848.36 179.461 -3.90745 -1.11409 3.44137
701.528 220.247 -4.35969 -1.09216 3.04265
375.236 163.146 -4.5608 -1.27107 1.8428
309.978 203.933 -3.84577 -0.953437 1.96016
872.832 432.337 -2.30307 -0.440196 3.4757
832.045 464.966 -2.14968 -0.408092 3.4235
962.562 489.438 -2.12078 -0.397756 3.52233
938.09 432.337 -2.20805 -0.438896 3.52356
244.719 238.444 -4.72007 -0.969404 1.25125
200.795 263.544 -4.69409 -0.850959 1.10408
357.666 144.322 -3.72397 -1.08449 2.1768
313.743 207.07 -3.93783 -0.961444 1.9348
520.813 269.819 -5.82937 -1.0754 1.97179
401.59 257.269 -5.79265 -1.09788 1.38162
577.286 194.52 -4.43785 -1.14677 2.6216
401.59 163.146 -3.61818 -1.02925 2.34129
150.596 545.912 -2.2284 -0.248476 2.75271
144.322 458.064 -2.23045 -0.338462 2.73903
470.614 545.912 -2.11565 -0.301272 3.13992
489.438 558.462 -2.38829 -0.262693 3.07208
589.836 439.24 -2.9845 -0.371959 3.05771
828.28 188.246 -4.26637 -1.19086 3.42943
853.38 181.971 -3.83044 -1.11394 3.49439
696.508 144.322 -3.84108 -1.16329 3.06601
721.608 138.047 -3.61796 -1.1319 3.16519
709.058 219.62 -4.55298 -1.1257 3.04783
903.578 545.912 -2.317 -0.33493 3.51633
778.081 589.836 -2.80137 -0.19848 3.39676
771.807 508.263 -2.24865 -0.357752 3.38778
752.982 564.737 -2.1078 -0.318973 3.38159
752.982 439.24 -2.28885 -0.423688 3.36297
972.602 596.111 -1.95682 -0.341752 3.51825
790.631 395.316 -2.53964 -0.464048 3.39424
834.555 363.941 -2.2548 -0.505566 3.43446
508.263 432.965 -2.48839 -0.399368 3.05853
558.462 432.965 -1.97516 -0.419338 3.22988
552.187 470.614 -2.547 -0.341722 3.09172
520.813 552.187 -2.22737 -0.287769 3.15422
552.187 539.637 -2.34048 -0.288059 3.15267
840.83 432.965 -2.3326 -0.439242 3.44381
840.83 464.339 -2.36124 -0.409184 3.44701
495.713 451.789 -2.89097 -0.347108 2.88518
255.821 241.34 -4.73525 -0.968829 1.26969
328.223 275.128 -3.68659 -0.731422 2.14911
207.553 265.474 -5.02106 -0.902719 0.877692
101.363 111.017 -2.9995 -0.937741 1.9674
149.631 106.19 -3.04782 -0.965558 2.03003
603.351 250.994 -5.79005 -1.20019 2.43686
381.318 255.821 -4.10841 -0.866907 2.09747
477.854 231.687 -4.67056 -1.05161 2.20414
540.602 91.7094 -3.24009 -1.09058 2.80507
555.083 193.072 -4.15441 -1.0972 2.6076
579.217 197.899 -4.25028 -1.10728 2.67
405.452 159.285 -3.76715 -1.05927 2.29197
347.53 593.697 -2.49832 -0.175827 2.85253
825.384 188.246 -4.21732 -1.16915 3.42212
728.848 135.151 -3.59305 -1.13405 3.18429
728.848 149.631 -1.63157 -0.525203 3.36975
950.881 207.553 -4.2782 -1.14666 3.78735
888.133 579.217 -2.02622 -0.334442 3.4726
762.636 506.815 -3.0521 -0.304381 3.35497
772.289 584.044 -2.11042 -0.308018 3.40016
970.188 598.524 -1.94467 -0.343289 3.51948
555.083 434.413 -1.92404 -0.416988 3.24944
844.691 366.837 -2.19 -0.499803 3.43702
796.423 410.279 -2.40653 -0.462579 3.39814
791.596 497.161 -2.73766 -0.354719 3.40204
839.865 468.2 -2.41519 -0.409697 3.45261
588.871 424.759 -2.13566 -0.420624 3.2264
902.613 376.491 -2.48193 -0.521192 3.51546
526.122 555.083 -2.32408 -0.272339 3.13162
550.256 540.602 -2.26466 -0.294374 3.16979
738.502 497.161 -3.6231 -0.25589 3.29096
830.211 511.642 -2.36518 -0.357423 3.44429
830.211 555.083 -2.2982 -0.31939 3.44397
743.328 405.452 -3.70609 -0.490537 3.26892
907.44 463.374 -2.44351 -0.406532 3.52302
873.652 473.027 -2.36217 -0.402475 3.48407
902.613 473.027 -2.38355 -0.406914 3.51454
975.015 487.508 -2.24022 -0.399265 3.56763
323.025 274.757 -5.90729 -0.990622 0.96104
271.044 196.785 -3.80936 -0.948799 1.87675
152.23 111.388 -3.11162 -0.978828 1.99897
96.5362 174.508 -3.74326 -0.968723 1.37439
508.671 271.044 -6.24354 -1.13183 1.81598
586.643 248.766 -5.4928 -1.15147 2.41392
482.681 233.915 -4.60153 -1.03256 2.2403
445.552 289.608 -6.47304 -1.04431 1.39279
542.088 96.5362 -3.1278 -1.04795 2.85822
553.226 189.359 -4.23265 -1.11363 2.57945
582.93 200.498 -4.30216 -1.10982 2.66857
478.968 70.5457 -3.07189 -1.07818 2.7293
408.422 163.369 -3.79684 -1.06407 2.28847
293.321 590.356 -2.74646 -0.108934 2.65338
490.107 556.939 -2.27283 -0.273386 3.1068
349.015 594.069 -6.9906 0.831521 0.797402
868.825 259.905 -5.6143 -1.22077 3.64447
701.744 267.331 -5.67171 -1.15413 2.91569
894.816 81.6844 -3.43599 -1.2258 3.54857
861.4 178.221 -1.76888 -0.555346 3.42259
690.605 133.665 -3.58562 -1.12477 3.08682
690.605 152.23 -3.89811 -1.16085 3.05126
731.447 152.23 -3.74498 -1.12825 3.17071
943.084 81.6844 -3.31355 -1.18117 3.63531
842.835 642.337 -2.29507 -0.239314 3.46195
809.419 393.57 -2.14998 -0.468409 3.41403
850.261 430.7 -2.57988 -0.444848 3.4645
879.964 400.996 -2.74139 -0.486669 3.51771
831.696 445.552 -2.36319 -0.424359 3.44073
787.141 508.671 -2.8269 -0.320586 3.39961
501.245 486.394 -2.18238 -0.354249 3.13785
252.479 378.719 -3.22311 -0.431465 2.25457
553.226 542.088 -2.38668 -0.280437 3.14715
293.321 356.441 -3.66521 -0.503755 2.08877
879.964 449.264 -2.37152 -0.426007 3.48884
909.668 467.829 -2.34525 -0.404898 3.51733
902.242 475.255 -2.30556 -0.405144 3.51071
805.706 356.441 -2.31344 -0.512856 3.40193
827.983 349.015 -2.30585 -0.521151 3.4253
865.112 631.198 -2.291 -0.246747 3.48567
917.094 646.05 -1.90483 -0.314919 3.48149
163.369 623.772 -2.3047 -0.149602 2.73491
983.926 553.226 -2.14599 -0.353504 3.56093
742.586 527.236 -3.84666 -0.191013 3.28078
772.289 564.365 -3.18906 -0.185343 3.37927
155.943 319.312 -3.91391 -0.574817 1.51127
493.82 311.886 -7.85201 -1.08746 1.2434
549.514 297.034 -6.86648 -1.08914 1.90749
983.926 282.183 -4.5032 -0.996879 3.97399
65.6903 219.92 -4.07507 -0.889344 0.977027
202.783 94.2513 -2.47475 -0.804157 2.5784
268.473 197.071 -4.03931 -0.992736 1.73345
94.2513 74.2586 -2.90612 -0.978307 2.02668
154.229 111.388 -3.14609 -0.984793 1.98377
99.9635 174.222 -3.56677 -0.929099 1.51877
525.522 274.186 -5.80433 -1.07337 2.046
585.5 248.481 -4.45646 -0.972565 2.65874
551.227 188.503 -3.83468 -1.02617 2.68712
476.969 62.8342 -3.15808 -1.11791 2.69007
559.796 648.335 -2.38065 -0.177263 3.1677
891.103 82.8269 -3.31256 -1.1712 3.52694
822.557 191.359 -4.23038 -1.16746 3.41722
862.542 177.078 -4.01537 -1.16522 3.52823
688.32 154.229 -3.84977 -1.14172 3.04912
734.018 131.381 -3.51584 -1.11313 3.2005
942.513 82.8269 -3.28378 -1.17078 3.63477
879.679 448.408 -2.32802 -0.425781 3.48779
899.671 454.12 -2.28444 -0.422564 3.50349
816.844 448.408 -2.28774 -0.420553 3.42482
793.996 485.537 -2.72192 -0.354077 3.40698
833.981 511.242 -2.30053 -0.362733 3.44593
762.579 508.386 -2.67232 -0.331283 3.37102
816.844 348.444 -2.31225 -0.520573 3.41565
845.405 345.588 -2.3322 -0.528583 3.44617
542.659 511.242 -2.25994 -0.3293 3.16274
254.193 379.861 -3.25751 -0.438719 2.23319
62.8342 405.566 -2.21428 -0.381967 2.6456
788.284 516.954 -3.15318 -0.272942 3.39372
828.269 554.083 -2.29322 -0.318823 3.44294
408.422 302.747 -6.76927 -0.976637 1.05126
279.898 282.754 -3.27626 -0.650929 2.25142
294.178 354.156 -3.67275 -0.513655 2.08288
988.21 325.595 -2.38705 -0.56895 3.59121
911.096 545.515 -2.34181 -0.333565 3.52459
736.874 516.954 -3.83973 -0.206108 3.26982
756.866 548.371 -3.06115 -0.221812 3.35095
774.003 562.652 -3.17609 -0.186215 3.38652
711.169 219.92 -4.46159 -1.10941 3.06623
702.601 265.617 -5.77971 -1.17213 2.91772
145.661 662.615 -2.2371 -0.129259 2.76244
445.552 319.883 -8.14521 -1.01079 0.782062
462.688 291.322 -7.05464 -1.10645 1.28697
976.786 596.925 -1.92999 -0.346759 3.51773
825.413 605.493 -2.30645 -0.267079 3.44648
845.405 648.335 -2.37169 -0.215432 3.47494
742.586 291.322 -4.02841 -0.819344 3.22247
479.825 539.803 -2.23335 -0.29582 3.10853
94.2513 619.774 -2.23611 -0.164835 2.69363
531.234 59.9781 -3.06036 -1.09027 2.83985
496.961 99.9635 -3.40168 -1.11666 2.66223
542.659 97.1074 -3.25828 -1.09082 2.81375
951.081 208.495 -4.18179 -1.12718 3.78214
916.808 219.92 -4.60588 -1.19116 3.74665
865.398 262.761 -5.19023 -1.13763 3.61224
351.3 279.898 -5.94631 -0.990036 1.08784
585.5 199.927 -4.35959 -1.11748 2.669
631.198 165.654 -3.76979 -1.08993 2.91598
188.503 262.761 -3.89613 -0.763834 1.57634
79.9708 299.89 -3.75949 -0.609732 1.34209
114.244 354.156 -2.11961 -0.439751 2.76434
811.132 239.912 -5.05512 -1.18242 3.40443
788.284 245.625 -5.51174 -1.23708 3.29584
616.918 79.9708 -3.11103 -1.07682 2.99571
451.264 228.488 -4.74735 -1.06993 2.06524
348.444 145.661 -3.50855 -1.0281 2.25702
391.286 142.805 -3.56966 -1.05459 2.33945
374.149 168.51 -3.81169 -1.04709 2.18294
411.278 165.654 -3.79684 -1.06407 2.28847
291.322 211.351 -4.26359 -0.994894 1.69005
325.595 211.351 -4.26668 -1.01226 1.79517
211.351 234.2 -4.32644 -0.91714 1.35381
242.768 234.2 -4.42491 -0.942891 1.41076
214.207 268.473 -5.11134 -0.899167 0.850087
259.905 242.768 -4.7835 -0.968297 1.2668
549.25 188.942 -4.20532 -1.10936 2.57493
867.815 175.76 -4.01537 -1.16522 3.52823
804.102 395.46 -2.31182 -0.474392 3.40964
834.86 445.991 -2.32691 -0.425512 3.44012
834.86 511.901 -2.2948 -0.362662 3.44684
744.783 435.006 -3.64906 -0.418398 3.28155
938.119 487.734 -2.37017 -0.394145 3.55097
285.61 290.004 -3.65691 -0.669826 2.04586
294.398 351.52 -3.71702 -0.5228 2.0641
63.713 413.036 -2.19395 -0.377013 2.66146
749.177 547.053 -3.27086 -0.20162 3.33086
885.391 573.417 -1.98632 -0.347048 3.4673
353.717 281.216 -5.94643 -0.986271 1.09924
410.839 305.383 -6.99952 -0.991401 0.98352
823.875 606.372 -2.27745 -0.271029 3.4454
887.588 298.792 -7.01058 -1.26394 3.84349
573.417 316.368 -8.26854 -1.12356 1.70594
553.644 298.792 -7.25737 -1.12549 1.82285
742.586 292.201 -4.1166 -0.83048 3.21409
487.734 562.432 -2.27816 -0.270056 3.10746
217.503 645.918 -2.4053 -0.111163 2.73966
918.346 652.509 -1.94246 -0.307139 3.48608
687.661 228.488 -4.94526 -1.16226 2.91654
643.721 257.049 -5.21879 -1.10315 2.73978
705.237 265.837 -5.82035 -1.18189 2.91986
65.91 542.659 -2.20417 -0.246865 2.67681
465.764 292.201 -6.58091 -1.05175 1.46475
617.357 112.047 -3.36207 -1.09537 2.94847
584.402 248.261 -5.52018 -1.1566 2.39415
610.766 254.852 -5.45215 -1.13581 2.5254
821.678 193.336 -4.2944 -1.17479 3.40866
643.721 551.447 -2.97012 -0.205768 3.16266
700.843 584.402 -2.04085 -0.31491 3.34358
79.092 300.989 -3.64053 -0.599805 1.44249
65.91 443.794 -2.20059 -0.347804 2.66433
955.695 208.715 -4.20372 -1.13907 3.7946
918.346 219.7 -4.71603 -1.21148 3.7483
894.179 257.049 -5.69078 -1.25866 3.75725
927.134 276.822 -5.75661 -1.20541 3.92676
619.554 665.691 -6.30501 0.85413 2.60453
496.522 61.516 -1.83889 -0.629234 3.21107
531.674 59.319 -3.0527 -1.08973 2.84483
496.522 101.062 -3.31906 -1.09228 2.6857
547.053 96.668 -3.29416 -1.10027 2.81136
96.668 74.698 -2.86797 -0.967573 2.05493
65.91 76.895 -2.88939 -0.968273 1.96428
689.858 155.987 -3.80714 -1.13636 3.05928
582.205 186.745 -4.13086 -1.10788 2.70285
632.736 164.775 -3.73475 -1.08364 2.92284
558.038 204.321 -4.38301 -1.10101 2.55593
505.31 272.428 -6.01897 -1.10411 1.86602
527.28 274.625 -5.93584 -1.08872 2.02132
347.126 145.002 -3.54387 -1.03609 2.23372
391.066 142.805 -3.51384 -1.0416 2.36328
413.036 261.443 -5.45129 -1.03665 1.62273
265.837 197.73 -4.0823 -0.999875 1.6971
327.353 210.912 -4.3327 -1.02022 1.7749
263.64 243.867 -4.66885 -0.949908 1.34545
320.762 276.822 -5.98387 -0.996136 0.904842
735.995 131.82 -3.60374 -1.14127 3.1957
450.385 228.488 -4.84814 -1.08697 2.01626
913.952 43.94 -3.07962 -1.16536 3.55316
891.982 83.486 -3.40183 -1.20971 3.54063
927.134 79.092 -3.31442 -1.18562 3.60179
979.862 41.743 -3.04622 -1.16328 3.65792
944.71 81.289 -3.33831 -1.19169 3.63989
815.087 239.473 -5.05525 -1.18601 3.41446
865.618 263.64 -5.67556 -1.22056 3.63642
786.526 248.261 -5.41292 -1.20913 3.29011
188.942 294.398 -3.70218 -0.63837 1.73335
123.032 109.85 -3.06097 -0.960789 1.96446
158.184 112.047 -3.14609 -0.984793 1.98377
52.728 153.79 -3.37053 -0.932713 1.53583
103.259 175.76 -3.61867 -0.939933 1.48432
415.233 166.972 -3.79018 -1.05653 2.30822
474.552 63.713 -3.05897 -1.08453 2.72756
290.004 129.623 -3.31243 -1.00621 2.20608
303.186 195.533 -3.98524 -0.998054 1.87379
65.91 219.7 -4.07646 -0.887121 0.989972
41.743 250.458 -4.49579 -0.833876 0.524549
224.094 428.415 -2.38944 -0.369776 2.72279
766.753 492.128 -2.9859 -0.332944 3.36171
764.556 507.507 -3.16059 -0.290453 3.35127
788.723 507.507 -2.8865 -0.313973 3.39738
547.053 467.961 -2.42875 -0.36574 3.12066
848.042 428.415 -2.60728 -0.445445 3.46224
797.511 485.537 -2.70336 -0.35655 3.4109
845.845 380.081 -2.39606 -0.496162 3.44759
755.768 538.265 -3.30197 -0.222585 3.34031
900.77 454.779 -2.32567 -0.421646 3.50842
889.785 474.552 -2.34874 -0.401638 3.4973
949.78 363.35 -2.3495 -0.521205 3.55073
980.2 684.45 -1.7809 -0.328927 3.49412
981.89 596.57 -1.97548 -0.341165 3.52742
834.86 508.69 -2.34103 -0.360811 3.44788
740.22 532.35 -3.68243 -0.187078 3.29279
779.09 589.81 -2.90062 -0.181018 3.40032
817.96 662.48 -2.35783 -0.200274 3.44335
848.38 652.34 -2.28484 -0.2281 3.47056
912.6 547.56 -2.27013 -0.33785 3.51981
936.26 601.64 -1.97819 -0.334373 3.50104
828.1 556.01 -2.30425 -0.316833 3.44304
978.51 38.87 -3.05853 -1.16855 3.66539
978.51 285.61 -2.85271 -0.689098 3.66191
956.54 207.87 -3.87019 -1.05775 3.75812
735.15 131.82 -3.60374 -1.14127 3.1957
777.4 111.54 -3.44786 -1.14592 3.29905
731.77 155.48 -3.81829 -1.14265 3.17268
687.83 133.51 -3.61472 -1.1338 3.07851
687.83 157.17 -3.84466 -1.13658 3.04946
828.1 177.45 -4.18989 -1.19788 3.42995
914.29 42.25 -3.11419 -1.18117 3.55956
888.94 82.81 -3.32831 -1.17402 3.52609
944.71 82.81 -3.28701 -1.17224 3.6376
716.56 218.01 -4.73061 -1.16839 3.05551
642.2 246.74 -4.9025 -1.08365 2.76762
686.14 270.4 -6.13287 -1.20213 2.77895
905.84 295.75 -7.60132 -1.378 4.02709
817.96 349.83 -2.33245 -0.522076 3.41626
914.29 221.39 -4.4683 -1.15359 3.71944
894.01 256.88 -5.58976 -1.24519 3.75999
926.12 275.47 -5.85909 -1.21521 3.9254
819.65 194.35 -4.2944 -1.17479 3.40866
853.45 194.35 -4.26126 -1.17515 3.51472
816.27 239.98 -5.05525 -1.18601 3.41446
863.59 263.64 -5.59817 -1.20356 3.62603
425.88 539.11 -3.36858 -0.118503 2.62412
626.99 632.06 -5.10711 0.40371 2.81717
633.75 588.12 -3.89653 0.0190053 3.01279
126.75 481.65 -2.21834 -0.314156 2.72696
33.8 466.44 -2.20535 -0.317859 2.62393
179.14 361.66 -3.61777 -0.460859 1.78415
67.6 442.78 -2.19423 -0.348653 2.66912
278.85 512.07 -2.61987 -0.243227 2.68109
299.13 403.91 -3.20136 -0.391595 2.37223
92.95 618.54 -2.24835 -0.162061 2.68526
415.74 165.62 -3.80785 -1.05825 2.30968
346.45 145.34 -3.52835 -1.0335 2.23631
392.08 143.65 -3.54707 -1.05059 2.35315
473.2 62.53 -3.07723 -1.08586 2.71768
583.05 187.59 -4.10566 -1.10407 2.71482
628.68 172.38 -3.8337 -1.08752 2.89653
547.56 189.28 -4.20532 -1.10936 2.57493
618.54 79.43 -3.13104 -1.08614 3.00233
522.21 60.84 -2.93975 -1.05227 2.85812
534.04 60.84 -3.0527 -1.08973 2.84483
495.17 101.4 -3.28809 -1.08305 2.69368
547.56 98.02 -3.3784 -1.12668 2.78743
439.4 288.99 -6.64074 -1.0591 1.29083
466.44 292.37 -6.69612 -1.0611 1.44626
442.78 321.1 -8.2054 -1.0064 0.7356
451.23 321.1 -8.24102 -1.01206 0.789289
354.9 280.54 -6.03327 -0.994596 1.06847
449.54 228.15 -3.323 -0.81194 2.61024
414.05 261.95 -4.38818 -0.883008 2.07973
343.07 275.47 -5.76548 -0.988738 1.1342
376.87 255.19 -5.08554 -0.999743 1.60812
500.24 312.65 -7.83563 -1.07758 1.28384
523.9 326.17 -8.61083 -1.05875 1.24068
589.81 202.8 -4.34612 -1.10892 2.68215
637.13 211.25 -4.32425 -1.09193 2.83277
610.09 255.19 -5.50234 -1.13722 2.53183
554.32 204.49 -4.23054 -1.07053 2.59677
488.41 236.6 -4.86516 -1.07231 2.1674
528.97 275.47 -6.10499 -1.10723 1.98183
158.86 111.54 -3.15217 -0.984824 1.98784
104.78 177.45 -3.59037 -0.931279 1.51464
103.09 113.23 -3.08786 -0.957762 1.90188
52.39 153.79 -3.36492 -0.93085 1.53994
35.49 77.74 -2.8838 -0.961446 1.91561
290.68 130.13 -3.34213 -1.01333 2.1915
223.08 108.16 -3.84747 -1.21529 1.66715
136.89 282.23 -5.41746 -0.835045 0.239367
52.39 348.14 -3.55599 -0.457451 1.44878
267.02 288.99 -3.46486 -0.653651 2.10432
327.86 211.25 -4.1947 -0.993615 1.85309
263.64 243.36 -4.26042 -0.888639 1.59733
319.41 275.47 -5.78515 -0.974052 0.993481
209.56 234.91 -4.40212 -0.926187 1.2889
219.7 234.91 -4.59025 -0.958397 1.21048
219.7 268.71 -5.16573 -0.902989 0.827879
765.57 430.95 -3.24158 -0.432135 3.3432
828.1 520.52 -2.32347 -0.35012 3.44094
880.49 447.85 -2.36161 -0.427364 3.48879
877.11 468.13 -2.33431 -0.407686 3.48681
900.77 468.13 -2.29339 -0.41074 3.50467
452.92 408.98 -3.77005 -0.407661 2.50632
887.25 371.8 -2.42738 -0.51144 3.49183
894.01 424.19 -2.39338 -0.455839 3.50388
855.14 351.52 -2.37129 -0.524774 3.45496
466.44 523.9 -3.72381 -0.121731 2.59158
145.34 667.55 -2.21675 -0.129552 2.77299
175.76 669.24 -2.26862 -0.114784 2.77614
348.14 522.21 -2.71492 -0.230782 2.74254
745.29 471.51 -3.20236 -0.352303 3.31554
346.45 476.58 -2.64078 -0.304515 2.76686
826.41 361.66 -2.3345 -0.50918 3.42582
757.12 539.11 -3.09421 -0.238607 3.35058
784.16 527.28 -2.78029 -0.298189 3.40133
789.23 500.24 -2.91298 -0.326002 3.40075
763.88 515.45 -3.13783 -0.276396 3.35949
307.58 326.17 -3.7766 -0.589433 2.05984
312.65 351.52 -3.86959 -0.532745 2.03301
839.93 640.51 -2.28735 -0.239416 3.46039
975.13 327.86 -2.38502 -0.564271 3.58169
736.84 520.52 -3.54385 -0.221733 3.28872
837.2 462.8 -2.34138 -0.41043 3.44589
741 533 -3.12015 -0.242571 3.31843
832 638.3 -2.30642 -0.235846 3.45376
828.1 555.1 -2.25575 -0.324147 3.44158
980.2 39 -3.1776 -1.21775 3.68295
958.1 208 -3.81569 -1.04572 3.75273
958.1 270.4 -5.47605 -1.19056 4.02235
737.1 131.3 -3.42422 -1.0892 3.21654
756.6 179.4 -4.09923 -1.15558 3.21678
689 133.9 -3.61472 -1.1338 3.07851
687.7 157.3 -3.84466 -1.13658 3.04946
869.7 175.5 -4.04641 -1.17406 3.5405
916.5 41.6 -3.05296 -1.15749 3.55243
889.2 83.2 -3.32831 -1.17402 3.52609
926.9 80.6 -3.2594 -1.16459 3.5946
742.3 291.2 -3.9433 -0.808907 3.22589
718.9 218.4 -4.46944 -1.1183 3.09165
716.3 228.8 -4.89656 -1.16527 3.04056
683.8 270.4 -6.04201 -1.1788 2.78257
885.3 299 -6.46727 -1.18522 3.80215
925.6 276.9 -5.97062 -1.2342 3.94375
829.4 291.2 -2.9284 -0.674715 3.43696
854.1 287.3 -6.10098 -1.17778 3.61906
915.2 221 -4.71682 -1.20721 3.74277
895.7 257.4 -5.71667 -1.26458 3.77249
934.7 270.4 -5.81023 -1.23453 3.95654
819 195 -4.2944 -1.17479 3.40866
855.4 193.7 -4.18676 -1.15604 3.51391
819 239.2 -5.41683 -1.25647 3.42335
861.9 265.2 -4.73804 -1.05148 3.58384
341.9 617.5 -2.70093 -0.090383 2.75849
427.7 539.5 -3.31371 -0.128931 2.6458
627.9 633.1 -6.56622 0.725351 2.59948
33.8 468 -2.20722 -0.31668 2.623
37.7 442 -2.20185 -0.344418 2.62841
66.3 542.1 -2.20603 -0.246519 2.67581
418.6 167.7 -3.81405 -1.06112 2.30572
345.8 145.6 -3.50775 -1.02913 2.24688
585 187.2 -4.06407 -1.09307 2.72985
634.4 163.8 -3.77815 -1.09366 2.92069
609.7 54.6 -2.90769 -1.05127 3.0262
620.1 80.6 -3.07885 -1.06778 3.01374
533 59.8 -3.05563 -1.09157 2.84566
495.3 101.4 -3.28996 -1.08243 2.6938
549.9 98.8 -3.31025 -1.10129 2.80965
466.7 292.5 -6.03566 -0.9883 1.68025
357.5 282.1 -5.71618 -0.956825 1.23411
448.5 227.5 -4.50299 -1.02955 2.13444
416 262.6 -5.39741 -1.02664 1.65429
460.2 237.9 -4.92147 -1.06425 2.03906
377 211.9 -4.29481 -1.0257 1.96872
403 253.5 -5.12789 -1.02271 1.70877
501.8 312 -7.88083 -1.07823 1.28791
556.4 300.3 -7.28622 -1.12133 1.83963
591.5 204.1 -4.34612 -1.10892 2.68215
638.3 211.9 -4.23481 -1.07044 2.85782
582.4 248.3 -5.39659 -1.1396 2.41408
525.2 270.4 -5.89908 -1.10843 2.01965
159.9 111.8 -3.04097 -0.952828 2.07152
98.8 24.7 -2.83422 -1.04871 2.07796
35.1 78 -2.88087 -0.960873 1.91552
96.2 75.4 -2.89436 -0.974963 2.03751
135.2 282.1 -5.17886 -0.812839 0.416397
163.8 283.4 -3.95382 -0.694305 1.46583
24.7 275.6 -4.82973 -0.766031 0.156168
46.8 332.8 -3.45062 -0.488702 1.51893
79.3 357.5 -3.5515 -0.436882 1.53921
165.1 260 -3.95125 -0.770279 1.45827
31.2 208 -3.73701 -0.864322 1.14991
70.2 221 -3.98854 -0.872128 1.06948
44.2 250.9 -4.38753 -0.820406 0.625675
267.8 289.9 -3.58518 -0.664098 2.03991
265.2 197.6 -4.00672 -0.986652 1.73776
328.9 211.9 -4.47079 -1.04553 1.71095
266.5 244.4 -4.62349 -0.941472 1.38237
189.8 260 -4.04722 -0.785873 1.4759
219.7 269.1 -5.29049 -0.915516 0.757355
451.1 436.8 -3.70403 -0.338057 2.53176
765.7 516.1 -2.93544 -0.294462 3.36533
825.5 432.9 -2.29129 -0.437487 3.43081
462.8 460.2 -3.62305 -0.284247 2.59445
894.4 423.8 -2.80819 -0.467003 3.5432
850.2 444.6 -2.31918 -0.427369 3.45604
423.8 436.8 -3.23203 -0.348685 2.64345
819 447.2 -2.2631 -0.422567 3.42391
799.5 486.2 -2.71578 -0.35653 3.41546
371.8 513.5 -2.83721 -0.23207 2.72535
180.7 361.4 -3.6484 -0.458771 1.77159
764.4 572 -3.06667 -0.184992 3.36854
356.2 546 -2.68797 -0.200228 2.77255
833.3 509.6 -2.29194 -0.363385 3.44344
458.9 529.1 -3.6529 -0.114003 2.59997
399.1 443.3 -3.19869 -0.330738 2.60204
241.8 373.1 -3.55495 -0.443112 2.01143
846.3 380.9 -2.32457 -0.493046 3.44688
847.6 349.7 -2.34774 -0.525214 3.44444
828.1 364 -2.26736 -0.502767 3.42569
804.7 395.2 -2.34428 -0.474648 3.40642
950.3 364 -2.32065 -0.517066 3.54762
538.2 530.4 -2.37919 -0.295945 3.13154
817.7 348.4 -2.2849 -0.519163 3.41442
889.2 371.8 -2.35571 -0.507379 3.49065
144.3 670.8 -2.21666 -0.127098 2.7749
959.4 460.2 -2.30698 -0.423561 3.56144
929.5 343.2 -2.32268 -0.537445 3.52476
847.6 546 -2.2811 -0.330725 3.46037
842.4 555.1 -2.21957 -0.327273 3.45297
817.7 661.7 -2.3237 -0.207814 3.44374
282.1 384.8 -3.2924 -0.424805 2.27808
989.3 351 -2.32707 -0.535442 3.58463
309.4 301.6 -3.91218 -0.674556 1.98434
963.3 596.7 -1.97523 -0.339629 3.51603
984.1 596.7 -1.9696 -0.341273 3.52841
847.6 633.1 -2.24564 -0.25372 3.46541
165.1 496.6 -2.26738 -0.297428 2.73649
761.8 301.6 -4.29627 -0.823713 3.25783
334.1 382.2 -3.32462 -0.444601 2.38733
299 404.3 -3.22543 -0.389176 2.36049
328.9 408.2 -3.17655 -0.388848 2.45076
977 699 -1.79989 -0.317589 3.49617
888 627 -2.00331 -0.308853 3.47464
914 549 -2.29403 -0.334459 3.52428
982 39 -3.07433 -1.17605 3.66983
687 158 -3.7156 -1.10235 3.06824
830 177 -4.03784 -1.16256 3.43337
888 85 -3.24942 -1.14745 3.52324
946 83 -3.28701 -1.17224 3.6376
784 250 -5.25405 -1.17592 3.28713
685 219 -4.71905 -1.15842 2.94422
914 222 -4.71682 -1.20721 3.74277
819 195 -4.29716 -1.17208 3.4063
559 653 -2.23194 -0.201471 3.19754
344 145 -3.35792 -0.989626 2.32047
374 169 -3.73817 -1.03008 2.21535
595 19 -2.77466 -1.05698 3.02907
621 80 -3.03145 -1.0524 3.02401
550 100 -3.31025 -1.10129 2.80965
416 306 -7.21371 -1.00921 0.915507
468 293 -6.24579 -1.00817 1.60622
386 302 -6.44642 -0.941346 1.05795
416 263 -5.39741 -1.02664 1.65429
330 213 -4.1947 -0.993615 1.85309
374 210 -2.74509 -0.717741 2.70945
374 255 -5.22229 -1.01913 1.53512
592 204 -4.42091 -1.12318 2.66833
581 248 -5.45804 -1.15481 2.39763
547 189 -4.10403 -1.09004 2.59924
492 237 -4.95838 -1.08426 2.14727
526 270 -5.89919 -1.10516 2.02363
105 115 -3.14933 -0.972998 1.85686
161 113 -3.10232 -0.969621 2.02738
108 178 -3.59037 -0.931279 1.51464
87 102 -3.19456 -1.01125 1.76685
53 155 -3.33147 -0.923768 1.56922
35 78 -2.85345 -0.953198 1.93921
135 282 -5.32706 -0.825033 0.301196
84 298 -3.53882 -0.596043 1.53776
165 261 -4.85179 -0.876967 0.802325
71 221 -4.0673 -0.883717 1.00735
45 251 -4.4786 -0.830097 0.556655
255 340 -3.57169 -0.531239 2.02901
187 295 -3.62672 -0.635164 1.78242
264 198 -3.88015 -0.962589 1.80821
304 196 -4.01248 -1.00297 1.86292
267 244 -4.62349 -0.941472 1.38237
208 234 -4.40212 -0.926187 1.2889
221 269 -5.18193 -0.900904 0.834963
450 435 -3.72627 -0.338006 2.52295
766 516 -3.01935 -0.288803 3.36174
826 434 -2.29749 -0.436658 3.43045
421 429 -3.30102 -0.361668 2.60862
397 444 -3.17563 -0.331042 2.61166
750 527 -3.16859 -0.252181 3.33237
889 371 -2.30686 -0.504877 3.48639
749 327 -3.63135 -0.678166 3.26887
363 416 -3.14996 -0.381829 2.54372
151 694 -2.20485 -0.10921 2.79255
828 558 -2.24494 -0.320925 3.44226
903 456 -2.28807 -0.42182 3.50556
92 75 -2.90356 -0.978551 2.01769
838 510 -2.25229 -0.364109 3.4473
885 572 -2.01067 -0.343952 3.47058
958 537 -2.2391 -0.353922 3.55635
655 281 -6.10495 -1.12456 2.63189
317 276 -5.59184 -0.951658 1.09029
301 301 -3.77953 -0.660068 2.02442
916 42 -3.13294 -1.1888 3.56017
393 329 -8.93928 -0.960769 0.01883
415 331 -9.14273 -0.982205 0.127222
442 321 -8.16699 -1.01049 0.746821
935 461 -2.31132 -0.418846 3.53891
484 335 -10.0752 -1.06735 0.436465
244 340 -3.63637 -0.530849 1.95831
455 323 -8.44991 -1.02416 0.737678
995 608 -1.9226 -0.342177 3.52697
577 319 -8.21526 -1.11174 1.74242
287 284 -3.62685 -0.686065 2.06596
188 330 -3.64542 -0.546041 1.78344
910 295 -6.86101 -1.2705 3.95936
34 468 -2.21397 -0.316409 2.61871
854 287 -6.17581 -1.19219 3.62365
686 231 -4.94526 -1.16226 2.91654
635 164 -3.77815 -1.09366 2.92069
632 174 -3.79606 -1.07317 2.91226
603 22 -2.80737 -1.06589 3.03401
536 298 -7.3575 -1.13543 1.67008
