1158 578 -0.546391 0.197457 -2.74503
1457 991 -1.25123 -0.206272 1.65376
763 481 1.40667 -0.0252078 -2.94382
1424 816 -1.21067 -0.354105 1.52929
1702 378 -2.82915 -0.848706 -3.60728
1610 596 -1.59466 -0.482458 0.587278
1663 916 -1.36646 -0.416082 1.89178
1323 449 -1.22077 -0.354449 -3.76532
873 281 0.942602 -1.00795 -3.0908
589 367 2.16694 -0.514197 -2.64607
552 86 2.28685 -1.75807 -2.47525
857 645 0.791185 0.633259 -2.64503
1596 184 -2.21298 -1.62833 -3.29538
1422 870 -1.21662 -0.285868 1.52365
1864.8 561.6 -3.3541 -0.152512 -2.94797
962.4 350.4 0.394586 -0.73443 -2.64662
978 615.6 0.22933 0.443766 -2.69525
424.8 506.4 2.98269 0.210531 -2.56141
864 529.2 0.861374 0.139624 -2.88609
1488 372 -1.97105 -0.785809 -3.94266
924 465.6 0.556336 -0.198371 -2.75525
937.2 440.4 0.433273 -0.350784 -2.49086
1408.8 536.4 -1.57295 -0.102744 -2.73413
1400.4 518.4 -1.6076 -0.0629413 -3.69606
907.2 573.6 0.541152 0.260676 -2.52914
612 594 2.08559 0.570152 -2.77679
633.6 558 2.01433 0.39123 -2.81895
915.6 288 0.7033 -1.00266 -2.93374
1479.6 501.6 -1.95496 -0.200237 -3.60253
982.8 412.8 0.146588 -0.510134 -2.10742
799.2 466.8 1.25943 -0.106846 -3.06841
806.4 585.6 1.23449 0.503226 -3.16942
1546.8 518.4 -2.18949 -0.175227 -3.26648
498 404.4 2.56262 -0.324876 -2.50695
513.6 589.2 2.52653 0.57595 -2.62308
832.8 368.4 1.09157 -0.599905 -2.98877
676.8 466.8 1.74229 -0.0902458 -2.68056
480 108 2.3342 -1.58861 -1.99005
877.2 334.8 0.852289 -0.770349 -2.90507
726 411.6 1.47989 -0.377709 -2.64305
517.2 332.4 2.35227 -0.668299 -2.31803
756 42 2.13228 -2.32438 -4.39998
772.8 621.6 1.34144 0.667273 -3.01917
765.6 541.2 1.40104 0.26914 -3.01689
601.2 552 2.12438 0.369383 -2.69707
1053.6 441.6 -0.145228 -0.422764 -2.11043
1252.8 170.4 -0.737027 -1.65203 -3.5721
1172.4 93.6 -0.049171 -2.45605 -6.36057
1581.6 418.8 -2.2906 -0.619644 -3.30728
984 585.6 0.209564 0.28221 -2.61208
1712.4 848.4 -1.39207 -0.489645 1.90429
424.8 506.88 2.9828 0.209394 -2.56158
937.44 440.64 0.502472 -0.320525 -2.80241
977.76 410.4 0.232183 -0.493686 -2.41695
1258.56 485.28 -0.923015 -0.177782 -3.44359
1429.92 360 -1.69878 -0.824975 -4.1607
1542.24 273.6 -2.05981 -1.2476 -3.33548
918.72 397.44 0.53917 -0.522391 -2.53949
997.92 465.12 0.0636402 -0.313567 -2.08724
892.8 453.6 0.607589 -0.282702 -2.41839
884.16 414.72 0.72566 -0.43333 -2.64673
1350.72 557.28 -1.39036 0.150473 -3.6872
1408.32 537.12 -1.5915 -0.0671063 -3.00389
1356.48 472.32 -1.39839 -0.251406 -3.89211
1311.84 440.64 -1.16445 -0.424014 -3.3652
616.32 591.84 2.03423 0.542453 -2.71682
1349.28 401.76 -1.32273 -0.598537 -3.81747
1356.48 348.48 -1.32744 -0.857814 -3.93447
1624.32 720 -1.52389 -0.378117 1.05543
907.2 573.12 0.564393 0.273492 -2.59851
1287.36 420.48 -1.02459 -0.468567 -4.04382
668.16 591.84 1.72967 0.489903 -2.60564
830.88 514.08 0.975821 0.0567609 -2.71567
823.68 496.8 0.922802 -0.0475837 -2.47788
1424.16 322.56 -1.62613 -1.00185 -3.87295
672.48 525.6 1.79106 0.20708 -2.79528
688.32 495.36 1.6539 0.0455296 -2.64856
694.08 364.32 1.67354 -0.577035 -2.67731
1265.76 388.8 -0.900916 -0.628161 -4.16193
626.4 515.52 1.99873 0.182322 -2.72786
895.68 380.16 0.592843 -0.60452 -2.38111
858.24 354.24 0.871279 -0.674902 -2.69611
832.32 368.64 0.959793 -0.618344 -2.56085
665.28 372.96 1.81394 -0.522182 -2.69791
614.88 371.52 1.97299 -0.523751 -2.5232
532.8 367.2 2.3788 -0.49525 -2.50231
286.56 341.28 3.74897 -0.531653 -2.5565
479.52 108 2.55829 -1.62721 -2.35033
878.4 335.52 0.778711 -0.775414 -2.65552
725.76 472.32 1.3589 -0.134158 -2.3748
933.12 518.4 0.455012 0.00925224 -2.58489
593.28 329.76 2.17555 -0.708676 -2.69481
516.96 332.64 2.35227 -0.668299 -2.31803
627.84 328.32 1.98164 -0.723262 -2.65296
923.04 108 2.66334 -2.80595 -9.80549
921.6 276.48 0.565814 -1.04486 -2.51735
564.48 102.24 2.20079 -1.67847 -2.41305
429.12 554.4 2.86487 0.409137 -2.43215
797.76 889.92 0.139836 0.66975 -0.146663
856.8 645.12 0.756802 0.606271 -2.51656
855.36 557.28 0.861465 0.267434 -2.77828
770.4 753.12 0.754654 0.812539 -1.5443
601.92 552.96 2.12311 0.369372 -2.69443
1275.84 89.28 -0.800431 -2.06836 -3.89264
1287.36 264.96 -0.931471 -1.27669 -4.41097
1411.2 192.96 -1.47156 -1.5797 -3.58624
1631.52 309.6 -2.44139 -1.12032 -3.36614
1458.72 262.08 -1.77782 -1.30428 -4.00964
1277.28 542.88 -1.03333 0.105733 -3.65053
983.52 584.64 0.22919 0.294958 -2.71476
1712.16 848.16 -1.39197 -0.489565 1.90483
1560.96 884.16 -1.29978 -0.408099 1.81747
1631.52 963.36 -1.35296 -0.361894 1.87214
1432.8 725.76 -1.20891 -0.461914 1.5314
1259.71 485.568 -0.92007 -0.170279 -3.52422
1287.36 419.904 -1.02503 -0.493567 -3.78958
1430.78 359.424 -1.69854 -0.823559 -4.20066
997.056 463.104 0.0528546 -0.327534 -2.01358
969.408 445.824 0.297329 -0.327181 -2.51388
991.872 437.184 0.0752253 -0.430998 -1.96364
841.536 527.04 0.855445 0.0893819 -2.57618
832.896 459.648 1.04636 -0.173661 -2.92391
910.656 404.352 0.562372 -0.489497 -2.44268
940.032 350.784 0.463968 -0.729118 -2.57118
903.744 373.248 0.64518 -0.603433 -2.64617
806.976 585.792 1.09915 0.419882 -2.75004
705.024 578.88 1.65164 0.467496 -2.88891
891.648 454.464 0.667247 -0.256361 -2.62903
870.912 414.72 0.752141 -0.435041 -2.50327
1373.76 489.024 -1.47741 -0.213397 -3.50706
1646.78 706.752 -1.56986 -0.387687 1.00338
1634.69 682.56 -1.59795 -0.384958 0.814227
1465.34 499.392 -1.8431 -0.221495 -3.32287
1442.88 502.848 -1.76128 -0.188132 -3.33472
922.752 317.952 0.582247 -0.861433 -2.68098
667.008 590.976 1.74473 0.496375 -2.64043
1503.36 518.4 -2.01567 -0.152135 -3.21667
858.816 354.24 0.867818 -0.67481 -2.68397
305.856 504.576 3.62712 0.27286 -2.55625
1494.72 418.176 -1.95341 -0.591412 -3.43889
806.976 411.264 1.14114 -0.398247 -2.78177
805.248 355.968 1.15938 -0.66356 -2.75231
1531.01 359.424 -2.1924 -0.867663 -4.20651
1562.11 399.168 -2.24007 -0.715633 -3.53856
1366.85 489.024 -1.44447 -0.182554 -3.87636
644.544 480.384 1.88544 -0.0189244 -2.63488
1429.06 418.176 -1.72653 -0.527816 -4.22509
665.28 373.248 1.79562 -0.52879 -2.63551
615.168 371.52 1.97774 -0.523443 -2.53056
456.192 518.4 2.80327 0.237586 -2.56535
623.808 454.464 2.11582 -0.0863123 -2.92941
478.656 107.136 2.55127 -1.62606 -2.33508
734.4 298.944 1.36995 -0.883473 -2.42084
772.416 537.408 1.39591 0.267111 -3.12981
862.272 528.768 0.757015 0.0809864 -2.50152
912.384 471.744 0.536165 -0.217661 -2.47959
590.976 368.064 2.18977 -0.514306 -2.69965
599.616 528.768 2.14102 0.246691 -2.71069
743.04 115.776 4.14923 -2.5587 -8.99789
672.192 79.488 3.89776 -2.54066 -6.9848
772.416 620.352 1.24967 0.607431 -2.76585
765.504 540.864 1.35934 0.247477 -2.88836
941.76 641.088 0.328579 0.4938 -2.37772
853.632 559.872 0.790167 0.220967 -2.51085
523.584 611.712 2.35647 0.6227 -2.42049
601.344 552.96 2.02341 0.332025 -2.5225
1356.48 349.056 -1.32671 -0.85813 -3.87835
1055.81 374.976 -0.134684 -0.672269 -2.08818
1157.76 378.432 -0.480318 -0.679567 -2.60368
1060.99 478.656 -0.085506 -0.218937 -2.63727
1368.58 32.832 -1.32881 -3.22334 -8.06715
1835.14 393.984 -3.24298 -0.831665 -3.20925
1460.16 262.656 -1.7655 -1.29489 -3.88277
1276.99 542.592 -1.03688 0.0578421 -3.27702
1339.2 546.048 -1.32781 0.00980686 -3.04822
1242.43 724.032 -0.983752 0.585245 -2.0055
978.048 615.168 0.218504 0.427136 -2.59685
1712.45 848.448 -1.3927 -0.489912 1.90645
1847.23 903.744 -1.46752 -0.482511 1.98021
1427.33 864 -1.21635 -0.302873 1.5394
1456.7 803.52 -1.2292 -0.405899 1.63152
1657.15 661.824 -1.63662 -0.418691 0.781739
1546.56 784.512 -1.28312 -0.487004 1.76968
667.699 590.976 1.7893 0.515297 -2.76181
615.859 555.725 2.06531 0.391282 -2.75471
516.326 454.118 2.59302 -0.0724544 -2.767
1519.95 381.542 -2.07449 -0.755579 -3.77191
518.4 590.976 2.48873 0.572932 -2.60999
553.651 557.798 2.29688 0.377231 -2.57426
1300.15 373.248 -1.07987 -0.729689 -3.52052
806.63 410.573 1.15659 -0.396331 -2.85705
831.514 367.027 1.11971 -0.602187 -3.03545
1461.89 325.555 -1.79451 -1.00745 -3.78758
452.045 464.486 2.36683 -0.108071 -1.87182
1517.88 483.149 -2.07551 -0.311817 -3.38681
1484.7 501.811 -1.91265 -0.242517 -3.09485
1488.84 337.997 -1.91709 -0.962491 -3.89712
311.04 514.253 3.5803 0.305087 -2.51212
680.141 466.56 1.76906 -0.0835692 -2.75618
510.106 404.352 2.56403 -0.316383 -2.62604
541.21 369.101 2.43319 -0.500884 -2.69519
659.405 489.37 1.81169 0.0181173 -2.6557
698.803 524.621 1.55549 0.140256 -2.51401
727.834 481.075 1.39953 -0.0833003 -2.49011
520.474 530.842 2.47552 0.277224 -2.57312
617.933 373.248 1.98385 -0.516684 -2.538
885.427 373.248 0.724565 -0.61516 -2.61368
713.318 404.352 1.53389 -0.401656 -2.60765
723.687 362.88 1.52413 -0.589168 -2.73937
694.656 362.88 1.60799 -0.589056 -2.53555
624.154 431.309 2.00839 -0.237268 -2.6757
354.586 337.997 3.27407 -0.580248 -2.46508
383.616 474.854 3.12271 0.0662197 -2.47227
761.011 360.806 1.21298 -0.641003 -2.3502
933.12 350.438 0.496449 -0.723622 -2.54793
881.28 337.997 0.788911 -0.773055 -2.69581
758.938 416.794 1.27481 -0.376071 -2.49763
862.618 528.768 0.775095 0.0825325 -2.56475
912.384 470.707 0.613524 -0.181098 -2.78485
866.765 414.72 0.795467 -0.425026 -2.64421
590.976 369.101 2.19447 -0.513381 -2.71664
595.123 329.702 2.08679 -0.707164 -2.5193
516.326 331.776 2.27435 -0.678039 -2.193
595.123 425.088 2.1596 -0.247905 -2.69225
922.752 105.754 2.35132 -2.65819 -8.64324
958.003 62.208 1.50258 -2.68154 -6.54912
920.679 275.789 0.617258 -1.05157 -2.70992
555.725 167.962 2.22659 -1.40296 -2.40223
263.347 995.328 1.0125 0.682154 0.786773
846.029 962.151 -0.139374 0.643738 0.264711
806.63 584.755 1.07257 0.405395 -2.69217
767.232 595.123 1.2829 0.486563 -2.75018
935.194 566.093 0.445173 0.219999 -2.65599
854.323 559.872 0.79928 0.230261 -2.53113
603.418 553.651 2.1487 0.379937 -2.79226
590.976 673.92 2.11791 0.960807 -2.64405
1221.35 327.629 -0.698641 -0.914581 -3.18726
1208.91 435.456 -0.71099 -0.462766 -2.66836
1407.97 472.781 -1.61055 -0.306193 -3.41063
1055.46 375.322 -0.130794 -0.682614 -2.169
982.887 410.573 0.166732 -0.51088 -2.12628
962.151 350.438 0.353959 -0.739014 -2.51723
1179.88 317.261 -0.488219 -0.938355 -3.43991
972.519 505.958 0.241805 -0.0887691 -2.43172
1049.24 462.413 -0.152221 -0.33956 -2.04558
1287.71 265.421 -0.945535 -1.25567 -4.00457
1300.15 161.741 -0.949786 -1.72488 -3.89116
1184.03 143.078 -0.416003 -1.75991 -3.52057
1173.66 228.096 -0.338372 -1.39903 -4.10886
1600.82 358.733 -2.34087 -0.896585 -3.33088
1710.72 201.139 -2.81729 -1.62362 -3.81362
1482.62 157.594 -1.84488 -1.81907 -4.16658
1592.53 265.421 -2.21601 -1.29233 -3.16765
1057.54 902.016 -0.546161 0.664639 -0.345055
1242.09 663.552 -0.922789 0.692113 -3.37603
1221.35 763.085 -0.929718 0.573736 -1.40288
1422.49 763.085 -1.20122 -0.407766 1.49038
1061.68 653.184 -0.190755 0.512227 -2.44298
984.96 584.755 0.185165 0.275651 -2.59634
1161.22 767.232 -0.738681 0.579931 -1.35268
1777.08 908.237 -1.4358 -0.456785 1.94148
1631.92 798.336 -1.46534 -0.36083 1.3646
1609.11 920.679 -1.33478 -0.392655 1.86078
1754.27 761.011 -1.71966 -0.334348 1.0026
1179.88 445.824 -0.523625 -0.329059 -3.57859
671.846 78.7968 3.89776 -2.54066 -6.9848
534.989 368.271 2.43695 -0.488861 -2.62495
704.195 420.526 1.6158 -0.31894 -2.70419
691.753 425.503 1.59673 -0.30987 -2.48413
1664.69 517.571 -2.63362 -0.249038 -3.07968
298.598 378.225 3.65037 -0.352395 -2.55436
311.04 512.594 2.69636 0.0736702 -1.43517
537.477 467.804 2.45715 -0.016296 -2.71888
880.865 413.061 0.759669 -0.420672 -2.75599
868.424 413.061 0.854355 -0.41213 -2.83466
885.842 373.248 0.749858 -0.604564 -2.6992
477.758 385.69 2.61652 -0.413705 -2.43276
457.851 388.178 2.83783 -0.359321 -2.64137
1261.58 390.666 -0.883819 -0.599457 -4.46876
1264.07 380.713 -0.906543 -0.69722 -3.30228
696.73 363.295 1.69724 -0.576531 -2.80075
455.363 492.687 2.79252 0.119825 -2.53251
592.22 674.335 2.18123 1.008 -2.78334
674.335 79.6263 4.03324 -2.57848 -7.24892
261.274 995.328 0.999459 0.674751 0.804168
923.167 106.998 2.35132 -2.65819 -8.64324
1557.69 736.543 -1.44009 -0.337953 1.03978
890.819 895.795 -0.0775873 0.716381 -0.303531
1644.78 915.702 -1.35537 -0.407083 1.86903
1172 226.437 -0.359848 -1.4133 -4.03294
1154.58 691.753 -0.610805 0.586782 -2.28488
1408.39 191.601 -1.4717 -1.60019 -3.82925
1361.11 191.601 -1.25935 -1.57725 -3.70015
1271.53 87.0912 -0.832853 -1.95074 -3.04869
1704.5 841.052 -1.38923 -0.48896 1.90015
1244.16 726.59 -0.991188 0.57326 -1.95005
1286.46 263.762 -0.944473 -1.24991 -3.91398
1298.9 194.089 -0.953083 -1.5314 -3.31177
495.176 106.998 2.57297 -1.64657 -2.49905
990.352 656.917 0.127947 0.589168 -2.53845
1659.71 654.428 -1.6838 -0.39604 0.592173
1801.54 124.416 -3.18063 -2.00637 -3.95374
1517.88 97.0445 -1.91582 -2.08523 -3.82078
1706.99 768.891 -1.65285 -0.318868 1.04844
1724.41 684.288 -1.74743 -0.379803 0.759706
522.547 612.127 2.2713 0.585122 -2.26569
602.174 552.407 2.1487 0.379937 -2.79226
552.407 554.895 2.29688 0.377231 -2.57426
430.479 554.895 2.88417 0.420738 -2.46943
1055.05 373.248 -0.14321 -0.686217 -2.01119
1037.63 291.133 0.0134376 -1.00325 -2.37868
962.98 350.853 0.353959 -0.739014 -2.51723
1221.77 562.36 -0.758426 0.260693 -3.83262
714.148 557.384 1.46692 0.278247 -2.50163
634.522 554.895 2.00088 0.383178 -2.81037
1562.67 156.764 -2.17072 -1.80917 -3.99688
1779.15 363.295 -3.2512 -0.93164 -4.03119
1779.15 350.853 -3.16967 -0.996699 -3.77024
1527.83 174.182 -1.95298 -1.69185 -3.56249
972.933 505.129 0.292827 -0.0609407 -2.67033
592.22 365.783 1.98226 -0.551703 -2.30821
594.709 328.458 2.15989 -0.701864 -2.67116
806.216 408.085 1.11539 -0.415093 -2.68631
768.891 320.993 1.36974 -0.804195 -2.81089
806.216 584.755 1.02402 0.37606 -2.53169
766.403 594.709 1.41571 0.557861 -3.08179
1356.13 348.365 -1.31758 -0.863964 -3.92202
1709.48 368.271 -2.85268 -0.891526 -3.60839
940.585 639.498 0.378373 0.536705 -2.60665
940.585 569.825 0.419372 0.251179 -2.65419
1599.99 358.318 -2.32054 -0.910702 -3.30108
1580.08 311.04 -2.0704 -1.08055 -2.46854
796.263 442.921 1.17027 -0.24292 -2.77493
758.938 415.549 1.27945 -0.375089 -2.49336
1209.32 435.456 -0.708318 -0.466775 -2.69748
1871.22 415.549 -3.44336 -0.734116 -3.36141
699.218 328.458 1.53377 -0.749655 -2.40798
893.307 452.874 0.748009 -0.235032 -2.93314
938.097 350.853 0.451671 -0.727065 -2.45512
599.685 527.524 2.14102 0.246691 -2.71069
614.615 460.339 2.03804 -0.0999102 -2.64565
452.874 465.316 2.91516 0.0146928 -2.72611
1420.83 408.085 -1.64807 -0.612277 -3.54036
1497.97 308.552 -1.94697 -1.09881 -3.75692
1445.71 502.641 -1.7642 -0.196211 -3.30432
659.405 487.711 1.80439 0.0131308 -2.63639
668.861 77.6356 3.92117 -2.54236 -6.95724
262.767 1000.3 1.02646 0.693012 0.769282
591.225 674.833 2.18123 1.008 -2.78334
848.02 958.501 -0.116734 0.67175 0.180155
749.482 668.861 1.52207 0.965745 -3.15963
958.501 62.7057 1.57317 -2.72295 -6.86755
880.865 68.6776 2.21956 -2.68047 -7.00385
1161.55 758.44 -0.71787 0.628364 -1.51827
1080.93 713.65 -0.350131 0.676492 -2.13759
468.8 698.72 2.17021 0.837797 -1.75392
979.403 86.5936 1.30343 -2.49063 -6.57739
1024.19 976.417 -0.535256 0.669122 0.0931398
1373.55 985.375 -1.2834 0.322553 0.562723
1346.68 973.431 -1.22359 0.280154 0.630968
1158.56 382.206 -0.452406 -0.659476 -2.94455
1015.23 677.818 -0.0577916 0.574562 -2.19237
1283.97 262.767 -0.93774 -1.25968 -4.10508
1227.24 223.949 -0.643315 -1.39638 -3.49685
1361.61 191.103 -1.2554 -1.58327 -3.76595
1298.9 161.243 -0.958025 -1.68868 -3.43407
561.365 98.5375 2.00803 -1.64759 -2.07032
555.393 89.5795 2.25234 -1.73136 -2.45386
1690.07 659.903 -1.73868 -0.393768 0.594662
1648.26 540.463 -2.596 -0.143683 -3.09176
1484.03 158.257 -1.8494 -1.83809 -4.23637
1507.92 95.5515 -2.07738 -2.35942 -5.59883
570.323 226.935 2.66402 -1.201 -3.31283
1343.69 125.411 -1.15567 -1.98661 -4.51048
1355.64 74.6496 -1.29702 -3.07307 -8.94852
522.547 612.127 2.24637 0.580337 -2.22979
603.169 552.407 2.34192 0.456734 -3.21
988.361 656.917 0.127947 0.589168 -2.53845
985.375 546.435 0.152174 0.0582146 -2.32578
1054.05 373.248 -0.126639 -0.682858 -2.12079
982.389 406.094 0.234842 -0.491471 -2.43788
961.487 349.36 0.353959 -0.739014 -2.51723
713.65 555.393 2.05448 0.559697 -3.94802
1669.17 56.7337 -2.71122 -2.43628 -4.61892
591.225 367.276 2.16445 -0.530078 -2.6754
534.491 367.276 2.41113 -0.502302 -2.63209
594.211 328.458 2.07035 -0.700837 -2.50877
516.575 331.444 2.55406 -0.654859 -2.675
1779.65 352.346 -3.11339 -0.993855 -3.5334
991.347 525.533 0.0810304 -0.0539042 -2.11786
988.361 435.954 0.17583 -0.399808 -2.35945
1194.39 504.631 -0.626646 -0.0416762 -3.59415
1528.82 250.823 -2.06405 -1.3413 -3.77426
1463.13 265.753 -1.7496 -1.27713 -3.59023
1421.33 217.977 -1.5677 -1.49787 -4.02679
1588.54 495.673 -2.31998 -0.297219 -3.0846
1355.64 316.514 -1.32748 -1.00831 -4.19351
418.038 334.43 2.98259 -0.610947 -2.51345
809.202 615.113 1.08012 0.557082 -2.76952
770.384 618.099 1.25576 0.596433 -2.75869
794.272 358.318 1.07784 -0.655791 -2.39381
758.44 361.304 1.28745 -0.626979 -2.50619
1316.82 492.687 -1.2031 -0.198283 -3.17837
827.118 498.659 0.94377 -0.0320459 -2.5475
919.683 459.842 0.524428 -0.248438 -2.58283
892.809 453.87 0.61165 -0.279469 -2.41604
292.626 337.416 3.548 -0.553727 -2.33109
940.585 639.001 0.37757 0.539052 -2.63223
856.978 644.973 0.930138 0.719493 -3.04431
940.585 570.323 0.400115 0.214225 -2.60451
851.006 561.365 0.816177 0.23747 -2.57147
615.113 480.743 1.95636 -0.00775988 -2.48835
549.421 534.491 2.38825 0.32203 -2.70939
615.113 459.842 2.05218 -0.0881382 -2.71806
432.968 421.024 2.93782 -0.193918 -2.5744
618.099 373.248 2.04527 -0.493427 -2.68148
633.029 328.458 1.98473 -0.719007 -2.69902
845.034 373.248 0.890844 -0.611661 -2.51223
934.613 352.346 0.534925 -0.71521 -2.78147
1666.18 516.575 -2.72018 -0.22684 -3.44369
1492.99 373.248 -1.97738 -0.785351 -3.96031
1445.22 504.631 -1.75942 -0.192231 -3.29105
1152.59 647.959 -0.53303 0.535376 -2.93935
1709.18 838.464 -1.39224 -0.490809 1.90381
1361.61 189.909 -1.25332 -1.58971 -3.80413
1558.68 734.552 -1.4495 -0.344546 1.04341
913.711 275.905 0.617258 -1.05157 -2.70992
874.296 279.488 0.821106 -1.01209 -2.67613
1039.12 290.238 -0.00364166 -1.0007 -2.28018
981.792 297.404 0.351928 -0.958205 -2.75922
1028.37 716.636 -0.160532 0.65518 -1.88157
1110.79 759.635 -0.599634 0.439302 -0.923491
1150.2 691.554 -0.55922 0.692663 -2.7669
1078.54 713.053 -0.321762 0.705559 -2.26474
1831.01 974.625 -1.46278 -0.425259 1.97623
1838.17 906.545 -1.46571 -0.478886 1.96104
462.23 236.49 3.27667 -1.09534 -3.31511
1243.36 723.803 -0.98128 0.622764 -2.13966
480.146 580.475 2.78897 0.577099 -2.76524
1243.36 609.141 -0.928308 0.292727 -2.56521
1225.45 627.057 -0.851586 0.529369 -3.38213
1293.53 157.66 -0.958025 -1.68868 -3.43407
1343.69 125.411 -1.15779 -1.93453 -4.10454
1354.44 71.6636 -1.28633 -3.09856 -9.23279
1483.44 157.66 -1.8494 -1.83809 -4.23637
612.724 555.393 2.00475 0.355147 -2.57664
551.81 551.81 2.35257 0.394205 -2.68209
1060.62 652.139 -0.189225 0.521102 -2.52695
1587.35 265.155 -2.33843 -1.33261 -3.93657
1590.93 182.742 -2.26503 -1.67929 -3.81977
1297.11 193.492 -0.956545 -1.5613 -3.67222
1225.45 222.157 -0.628318 -1.41373 -3.75113
1802.34 125.411 -3.27832 -2.06588 -4.32263
1053.46 372.651 -0.0820779 -0.679552 -2.34504
985.375 401.316 0.144441 -0.556676 -2.12673
963.876 351.152 0.369511 -0.735899 -2.62828
1684.1 132.578 -2.60928 -1.91167 -3.66982
379.817 551.81 3.05074 0.426084 -2.37363
1612.43 128.995 -2.48508 -2.0248 -4.53136
1562.27 157.66 -2.15531 -1.79131 -3.77546
537.477 369.068 2.38739 -0.506129 -2.54631
598.391 329.653 2.18862 -0.697918 -2.73826
827.715 498.062 0.99395 0.000787318 -2.72925
759.635 476.563 1.38911 -0.0715129 -2.83432
1214.7 476.563 -0.754928 -0.307113 -2.46955
1461.94 265.155 -1.6426 -1.2257 -2.56402
1630.35 429.982 -2.32824 -0.624036 -2.59797
902.962 637.806 0.558638 0.602197 -2.67543
852.797 558.976 0.797662 0.225648 -2.4839
1053.46 483.73 -0.145329 -0.242908 -2.22135
1809.51 397.733 -3.26095 -0.801789 -3.48688
863.547 354.735 0.814325 -0.689855 -2.51817
1662.6 369.068 -2.71144 -0.878705 -3.82438
1748.59 308.154 -3.15746 -1.19387 -4.30888
770.384 616.307 1.28417 0.595721 -2.81971
799.049 551.81 1.12752 0.25544 -2.67473
770.384 541.06 1.17152 0.174962 -2.40507
619.89 519.561 1.944 0.130389 -2.54984
616.307 458.647 1.98897 -0.103407 -2.56023
806.216 404.9 1.1742 -0.41478 -2.86103
759.635 361.901 1.27445 -0.623731 -2.46057
795.466 354.735 1.09776 -0.662514 -2.46083
781.134 358.318 1.22071 -0.637954 -2.66842
910.128 523.145 0.633032 0.094696 -2.93991
877.88 494.479 0.700008 -0.0696079 -2.49942
888.629 451.481 0.900207 -0.183356 -3.35775
451.481 462.23 2.91068 0.0214372 -2.72515
1795.17 526.728 -3.32049 -0.219411 -3.62136
458.647 386.984 2.88548 -0.352189 -2.75276
419.232 333.236 2.9706 -0.597052 -2.52018
634.223 326.07 1.95636 -0.720684 -2.66507
1264.86 315.32 -0.867584 -1.00263 -4.12972
687.971 483.73 1.78089 0.0189116 -2.97131
670.055 422.815 1.78743 -0.291502 -2.75066
379.817 490.896 3.19566 0.156237 -2.57667
1175.28 71.6636 -0.124307 -2.38342 -5.30402
1178.87 451.481 -0.551348 -0.348427 -3.28892
831.298 981.792 -0.153528 0.612721 0.442922
666.472 75.2468 4.17835 -2.62713 -7.45438
885.046 68.0805 2.19825 -2.67059 -6.96304
610.574 550.377 2.00475 0.355147 -2.57664
537.477 253.689 2.98056 -1.03395 -3.51613
1487.74 159.093 -1.86854 -1.86365 -4.49061
1509.24 94.596 -1.96119 -2.18164 -4.53637
1014.76 675.071 -0.0368136 0.561497 -2.24507
967.459 713.77 0.166996 0.779456 -2.34339
1350.14 163.393 -1.21476 -1.74273 -3.7618
1294.25 159.093 -0.935929 -1.71327 -3.62691
1345.84 124.695 -1.16813 -1.93003 -4.09695
1479.14 214.991 -1.88106 -1.57436 -4.28957
1281.35 262.289 -0.93774 -1.25968 -4.10508
1186.75 128.995 -0.465801 -1.8028 -3.45848
1272.75 85.9964 -0.804533 -2.05083 -3.71339
1805.92 124.695 -3.26546 -2.06639 -4.24496
1762.93 94.596 -2.96088 -2.08921 -3.72915
460.081 554.677 2.92368 0.48129 -2.83617
988.958 653.572 0.163206 0.595705 -2.65382
378.384 554.677 3.09362 0.438839 -2.39192
300.987 554.677 3.68003 0.532667 -2.60078
993.258 528.878 0.0974427 -0.060626 -2.05239
1053.46 455.781 -0.155422 -0.380486 -1.96149
997.558 460.081 0.0714674 -0.320028 -2.11053
1586.63 266.589 -2.35519 -1.35 -4.0878
1560.83 257.989 -2.14922 -1.34721 -3.48779
1616.73 128.995 -2.45357 -1.99726 -4.36791
1565.13 159.093 -2.08578 -1.73995 -3.39298
1535.04 111.795 -2.14837 -2.14925 -4.58531
593.375 365.485 2.16445 -0.530078 -2.6754
537.477 369.784 2.39827 -0.501925 -2.60349
515.978 331.086 2.38476 -0.676407 -2.35438
709.47 610.574 1.99846 0.83788 -3.73019
713.77 554.677 1.6694 0.365331 -3.01516
662.172 563.276 1.7799 0.359271 -2.61375
1277.05 533.177 -1.05623 -0.0673692 -2.48077
1195.35 503.079 -0.659059 -0.123428 -3.00374
1212.55 472.98 -0.746922 -0.302323 -2.66138
1354.44 481.58 -1.35988 -0.276507 -3.07688
1320.04 455.781 -1.20938 -0.410079 -2.65721
1633.93 378.384 -2.34783 -0.848949 -2.66033
804.066 515.978 0.986176 0.040056 -2.35895
765.368 511.678 1.62526 0.230682 -3.56514
915.861 524.578 0.711842 0.149644 -3.28272
864.263 520.278 0.769161 0.0502094 -2.57913
937.36 442.881 0.467731 -0.326023 -2.69919
890.062 451.481 0.900207 -0.183356 -3.35775
1307.14 391.283 -1.1137 -0.617319 -4.02981
1324.34 322.486 -1.1651 -0.985396 -4.66518
1771.53 417.082 -2.94599 -0.714234 -2.91303
1784.42 348.285 -2.97108 -0.990801 -3.019
898.662 636.373 0.60241 0.588504 -2.69079
937.36 563.276 0.482853 0.252378 -2.83266
851.364 558.976 0.797662 0.225648 -2.4839
348.285 335.386 3.30516 -0.578826 -2.47423
619.174 460.081 1.98897 -0.103407 -2.56023
1268.45 318.187 -0.92098 -0.976062 -3.5827
1221.15 356.885 -0.727396 -0.779366 -3.01422
451.481 460.081 2.84817 -0.0260469 -2.6132
412.783 369.784 2.99819 -0.424686 -2.54829
455.781 331.086 2.76548 -0.632454 -2.49076
1590.93 417.082 -2.34216 -0.628757 -3.44521
1595.23 356.885 -2.39556 -0.898537 -3.91209
1414.64 331.086 -1.57028 -0.94446 -3.69884
696.57 326.786 1.53865 -0.751967 -2.38754
915.861 395.583 0.454149 -0.555576 -2.13659
894.362 369.784 0.742565 -0.5944 -2.93042
933.06 348.285 0.469029 -0.732548 -2.49636
864.263 352.585 0.813128 -0.687293 -2.64958
378.384 494.479 3.10777 0.149059 -2.41167
1487.74 464.38 -1.96846 -0.356908 -3.76853
726.669 528.878 1.42364 0.150648 -2.52775
1560.83 735.269 -1.44985 -0.345675 1.04032
1436.14 554.677 -1.6987 -0.0530586 -2.65589
1758.63 752.468 -1.72136 -0.339873 0.995187
1638.23 795.466 -1.47291 -0.364201 1.36189
1152.35 644.973 -0.53303 0.535376 -2.93935
1173.85 227.89 -0.311663 -1.44168 -4.45712
1160.95 382.684 -0.452406 -0.659476 -2.94455
597.675 670.772 2.18123 1.008 -2.78334
718.07 937.36 0.195084 0.652828 0.251319
958.859 902.962 -0.3404 0.604633 -0.046566
279.488 988.958 1.06395 0.729871 0.698254
911.561 279.488 0.56876 -1.04468 -2.43225
939.08 443.741 0.427261 -0.34052 -2.4707
995.838 459.221 0.0650533 -0.32479 -2.10436
1486.02 288.948 -1.89093 -1.18833 -4.11086
1413.78 288.948 -1.52193 -1.13673 -3.51145
804.926 515.978 1.02643 0.0396121 -2.44919
815.246 428.262 1.02113 -0.326158 -2.60291
789.447 454.061 1.06293 -0.239015 -2.36566
1372.5 485.02 -1.43903 -0.266807 -3.00489
1563.41 154.793 -2.11058 -1.75555 -3.41724
1615.01 128.995 -2.47121 -2.02081 -4.42344
1527.3 103.196 -2.01139 -2.06764 -4.27131
619.174 515.978 2.05899 0.200874 -2.77606
1264.15 485.02 -0.981231 -0.320965 -2.29151
1212.55 469.54 -0.756987 -0.343762 -2.39967
1336.38 407.623 -1.26912 -0.573348 -3.07048
1351.86 314.747 -1.28549 -1.00735 -3.61959
1326.06 319.906 -1.17501 -0.995886 -4.74487
614.014 423.102 2.02458 -0.277332 -2.60475
536.617 371.504 2.5436 -0.485509 -2.86883
949.4 619.174 0.359767 0.478582 -2.69254
1811.08 397.303 -3.24219 -0.79329 -3.36346
1269.31 412.783 -0.918362 -0.503354 -4.18265
1573.73 479.86 -2.21192 -0.409337 -2.73489
768.807 608.854 1.31818 0.572088 -2.87773
784.287 412.783 1.32035 -0.362144 -2.93483
758.488 361.185 1.28292 -0.622061 -2.46068
706.89 417.942 1.50392 -0.336941 -2.50822
639.813 330.226 1.98646 -0.718336 -2.75347
1589.21 412.783 -2.37372 -0.609992 -3.64347
1527.3 392.143 -2.10912 -0.697731 -3.77505
1594.37 361.185 -2.31588 -0.89757 -3.22419
1413.78 397.303 -1.66127 -0.647462 -3.9633
1408.62 330.226 -1.61154 -0.950311 -4.5295
510.818 386.984 2.57066 -0.382542 -2.66121
412.783 371.504 3.03179 -0.430454 -2.60964
454.061 330.226 2.77264 -0.624829 -2.52194
361.185 469.54 3.37505 0.0950553 -2.64866
887.482 371.504 0.605319 -0.642399 -2.19538
918.441 330.226 0.529604 -0.80958 -2.37452
861.684 356.025 0.774935 -0.686485 -2.42082
706.89 459.221 1.53366 -0.157108 -2.54591
1563.41 732.689 -1.45205 -0.345846 1.03989
1754.33 753.328 -1.73201 -0.329317 0.976486
1563.41 887.482 -1.30536 -0.392114 1.77603
1073.23 712.05 -0.282191 0.70472 -2.30977
1145.47 639.813 -0.540519 0.452475 -2.67803
1584.05 268.309 -2.34894 -1.3502 -4.08366
1480.86 154.793 -1.85155 -1.85619 -4.3136
985.518 294.108 0.291802 -0.966099 -2.57058
1176.43 454.061 -0.562219 -0.344062 -3.10301
1155.79 381.824 -0.505925 -0.675608 -2.41325
985.518 402.463 0.240813 -0.508521 -2.58104
567.576 665.612 1.96914 0.81698 -2.13975
608.854 552.097 2.08571 0.356865 -2.72409
763.648 660.452 1.22289 0.746575 -2.53604
779.127 815.246 0.383468 0.712419 -0.650775
438.581 552.097 2.86871 0.436801 -2.52336
376.664 552.097 3.08187 0.442818 -2.37001
644.973 227.03 2.41926 -1.22575 -3.64388
562.416 165.113 2.39142 -1.46535 -2.75567
908.122 278.628 0.592472 -1.04176 -2.4357
789.447 278.628 1.27607 -0.980939 -2.88119
923.601 103.196 2.26885 -2.63707 -8.2464
1696.54 365.313 -2.78878 -0.917018 -3.75555
507.723 390.08 2.75027 -0.334861 -3.02734
458.189 390.08 2.81141 -0.364896 -2.57961
656.324 390.08 1.77657 -0.443986 -2.49957
693.475 328.162 1.54309 -0.76116 -2.35893
767.776 606.79 1.31818 0.572088 -2.87773
842.076 563.448 0.840004 0.237226 -2.52864
767.776 544.873 1.77301 0.486629 -4.00661
916.377 520.106 0.638204 0.085842 -2.97965
941.144 445.805 0.50076 -0.308065 -2.80094
1312.65 451.997 -1.18012 -0.356834 -3.54149
1455.06 507.723 -1.68493 -0.328949 -1.98256
1467.44 482.956 -1.85133 -0.277313 -3.38227
1424.1 433.422 -1.76748 -0.478876 -4.59
1411.72 396.271 -1.68544 -0.60085 -4.87438
1337.42 408.655 -1.2693 -0.60543 -3.02201
1349.8 352.929 -1.30332 -0.846998 -4.46111
1585.09 526.298 -2.25639 -0.209572 -2.65096
1560.32 458.189 -2.34787 -0.36277 -4.18488
835.885 507.723 0.906449 0.0215075 -2.53669
767.776 507.723 1.30287 0.0903634 -2.71541
842.076 458.189 1.08466 -0.150463 -3.27708
903.994 563.448 0.571938 0.24145 -2.54938
594.407 371.504 2.13582 -0.519853 -2.62358
804.926 365.313 1.22126 -0.627938 -2.93816
755.392 359.121 1.26073 -0.618478 -2.40077
1529.36 390.08 -2.16022 -0.710386 -3.94881
1523.17 321.97 -2.08045 -1.0368 -4.00061
687.283 489.147 1.65938 -0.00840242 -2.60996
947.336 377.696 0.385317 -0.620976 -2.43295
866.843 421.038 0.806566 -0.377452 -2.74558
1566.51 730.625 -1.45845 -0.349221 1.04577
1504.59 854.46 -1.25215 -0.40161 1.75424
1145.47 637.749 -0.509834 0.497982 -2.92923
984.486 594.407 0.240939 0.38111 -2.80945
1201.2 538.681 -0.706566 0.119885 -3.38267
1585.09 266.245 -2.34894 -1.3502 -4.08366
1566.51 154.793 -2.22236 -1.85654 -4.39655
1702.73 297.203 -3.22357 -1.27948 -5.44325
1609.85 130.027 -2.50683 -2.06783 -4.74211
1677.96 520.106 -2.73478 -0.237684 -3.19648
1349.8 315.779 -1.28117 -1.02699 -4.27186
1287.88 154.793 -0.931853 -1.7076 -3.4543
1157.86 383.888 -0.492364 -0.675557 -2.54823
1263.11 489.147 -0.948335 -0.19599 -3.12335
600.599 668.708 2.20748 0.974397 -2.83228
712.05 551.065 1.81071 0.408516 -3.31297
470.572 953.528 0.769596 0.719418 0.383633
643.941 229.094 2.34973 -1.22483 -3.42955
656.324 185.752 2.45411 -1.49524 -3.80786
563.448 167.177 2.70966 -1.4312 -3.34072
903.994 278.628 0.519316 -1.03483 -2.03454
792.543 278.628 1.36332 -0.977062 -3.10409
1760.93 416.085 -3.21556 -0.650826 -4.13587
594.407 371.504 2.24985 -0.495808 -2.88445
1270.54 445.805 -1.00276 -0.480343 -2.16402
1560.32 326.924 -2.1652 -1.03425 -3.16432
1575.18 267.483 -2.34894 -1.3502 -4.08366
1686.63 364.074 -2.8989 -0.915185 -4.0281
1738.64 497.816 -3.06204 -0.334019 -3.49983
802.449 364.074 1.01907 -0.636551 -2.30234
631.557 520.106 2.05291 0.190986 -2.96098
713.288 364.074 1.66297 -0.581006 -2.9109
951.051 416.085 0.386176 -0.449516 -2.6495
861.89 423.515 0.793485 -0.395812 -2.5674
928.761 371.504 0.516942 -0.656601 -2.62047
861.89 356.644 0.706863 -0.69989 -2.19228
1582.61 408.655 -2.40805 -0.641108 -4.01686
1567.75 728.148 -1.46778 -0.349742 1.06268
1612.33 705.858 -1.54226 -0.362418 0.921024
1701.49 869.32 -1.38318 -0.476677 1.91414
1760.93 750.439 -1.73201 -0.329317 0.976486
1144.23 638.987 -0.509834 0.497982 -2.92923
1634.62 312.064 -2.49634 -1.11895 -3.52682
1649.48 193.182 -2.58027 -1.65671 -3.84007
1523.17 497.816 -2.15131 -0.190082 -3.72291
1471.16 482.956 -1.86138 -0.293331 -3.30118
1471.16 401.225 -1.95749 -0.609053 -4.70385
1671.77 520.106 -2.66664 -0.283273 -2.89301
988.202 297.203 0.218552 -0.96301 -2.46234
1344.85 312.064 -1.22589 -1.04212 -3.67421
1285.41 156.032 -0.935929 -1.71327 -3.62691
980.771 393.795 0.240813 -0.508521 -2.58104
1344.85 356.644 -1.20955 -0.83819 -1.80894
705.858 579.547 1.45516 0.438761 -2.57666
891.61 631.557 0.627463 0.588079 -2.7676
765.299 601.837 1.29726 0.522019 -2.83397
564.687 215.473 2.67378 -1.23745 -3.32537
795.019 282.343 1.20798 -0.988437 -2.70901
720.718 520.106 1.47897 0.150262 -2.65298
765.299 505.246 1.27118 0.0501636 -2.6374
416.085 371.504 2.90376 -0.442043 -2.41227
829.198 427.973 0.987314 -0.364604 -2.63295
820.282 374.476 1.2139 -0.582851 -2.92172
766.785 499.302 1.20007 -0.0192099 -2.39371
784.617 445.805 1.16043 -0.276836 -2.54637
864.862 508.218 0.782873 -0.0175723 -2.5975
936.191 445.805 0.45726 -0.328086 -2.66585
1266.09 490.386 -0.947252 -0.11792 -3.695
855.946 427.973 0.797614 -0.388146 -2.59939
1569.23 731.121 -1.45211 -0.351879 1.04042
1560.32 891.61 -1.29892 -0.402256 1.83119
1702.98 873.778 -1.38641 -0.470102 1.89849
1061.02 650.876 -0.169805 0.542667 -2.60966
971.855 641.96 0.152325 0.522095 -2.41308
1141.26 633.043 -0.502668 0.425294 -2.68049
1408.74 320.98 -1.52763 -1.00814 -3.30999
1488.99 178.322 -1.76013 -1.645 -3.07403
1578.15 267.483 -2.29242 -1.32265 -3.67145
1364.16 490.386 -1.45951 -0.0540045 -4.70562
1694.06 463.637 -2.56345 -0.563647 -2.48701
1685.14 356.644 -2.69571 -0.925667 -3.45513
1587.07 401.225 -2.38458 -0.673826 -3.72919
989.688 294.231 0.179594 -0.967863 -2.2245
1337.42 312.064 -1.22589 -1.04212 -3.67421
1292.84 196.154 -0.911582 -1.65695 -4.89465
980.771 392.309 0.240813 -0.508521 -2.58104
1212.59 463.637 -0.755887 -0.369535 -2.30872
1337.42 401.225 -1.25809 -0.645259 -2.55883
704.372 579.547 1.49611 0.403466 -2.52075
606.295 543.882 2.17887 0.327189 -2.86208
766.785 641.96 1.52809 0.870476 -3.45706
784.617 855.946 -0.151291 0.200287 0.737696
775.701 748.953 1.04692 1.08067 -2.35911
686.54 329.896 2.05952 -0.753295 -3.67205
570.631 213.987 2.66204 -1.24573 -3.29894
802.449 276.399 1.27607 -0.980939 -2.88119
722.204 508.218 1.49663 0.0974733 -2.6894
704.372 365.56 1.53957 -0.576665 -2.48934
303.148 526.05 3.68114 0.373481 -2.6239
