369 297 45.2931 3.29957 24.2223
372 281 45.2386 3.18131 24.1925
1187 493 42.4912 3.63895 19.4137
673 558 42.4701 4.24881 21.6608
695 608 42.7545 4.5558 21.5183
639 437 42.6907 3.74907 21.8988
679 625 42.7132 4.63163 21.591
1105 622 42.4972 4.26903 19.683
1195 347 48.9483 2.66258 15.8977
861 545 43.9147 4.38145 20.507
904 496 43.3491 3.97035 20.4254
987 605 42.6616 4.32049 20.1501
1240 601 42.1514 4.00993 19.3223
694 429 42.8672 3.70245 21.6382
692 419 42.8723 3.65428 21.6624
817 80 43.087 1.85121 21.2439
431 644 41.7641 4.54034 22.5621
737 282 43.1755 2.91542 21.5057
800 556 44.8882 4.7348 20.699
1255 232 45.4205 1.92969 17.5411
1077 179 42.8738 2.23322 19.9433
1144 415 42.9322 3.3405 19.4228
252 587 41.8474 4.44845 23.3252
113 329 44.1142 3.72076 25.4692
1096 614 42.6466 4.28274 19.6511
1100 596 42.7367 4.21118 19.6065
1260 571 42.1391 3.87678 19.2658
1168 218 43.6393 2.22262 19.106
379 445 41.9918 3.84426 22.9335
861 485 43.9563 4.02212 20.5456
892 612 43.2163 4.5661 20.4482
1020 458 43.5268 3.67616 19.7696
678 380 42.6123 3.45047 21.757
1169 616 42.4027 4.18073 19.4599
900 571 43.2411 4.34463 20.4242
310 666 41.3339 4.50434 22.8549
1126 601 42.6196 4.18805 19.5309
641 605 42.5211 4.50568 21.7801
676 578 42.7566 4.43454 21.6354
645 585 42.5557 4.42726 21.7819
1021 602 42.6271 4.26749 20.0178
1008 585 42.7467 4.22623 20.0415
1155 676 42.3705 4.45195 19.4914
1087 684 42.5126 4.58181 19.701
1094 665 42.5538 4.49135 19.6777
1087 671 42.6712 4.56484 19.6324
1120 514 42.7462 3.81018 19.57
1114 494 42.9358 3.74494 19.5135
1108 666 42.6389 4.52525 19.5688
937 624 42.7789 4.47478 20.3349
1049 601 42.504 4.21329 19.9375
995 568 42.624 4.12734 20.154
994 542 42.9027 4.07315 20.0728
1126 446 42.9258 3.49532 19.4998
708 397 42.8968 3.53061 21.6008
711 379 42.828 3.44395 21.5892
953 418 43.4089 3.49803 20.2109
1164 561 42.5514 3.96854 19.4379
1135 542 42.5453 3.89308 19.5789
1065 515 42.622 3.82936 19.8738
1030 518 42.5205 3.85568 20.0673
920 479 43.2325 3.83532 20.3965
187 186 49.1039 2.31329 28.0007
136 154 46.7816 2.27268 27.1652
625 33 43.0003 1.75587 22.2477
527 118 45.0823 1.83094 23.1243
255 619 41.7622 4.54248 23.2576
105 439 43.5371 4.3095 25.0789
627 545 42.6435 4.27168 21.889
950 313 48.1657 2.68222 18.9441
904 182 45.2069 1.91811 20.2702
1116 247 43.3218 2.46791 19.5121
1139 115 43.4682 1.72256 19.4263
851 692 41.7189 4.47162 20.9517
1252 491 43.3797 3.66813 18.568
974.4 234 46.5392 2.05127 19.2915
1178.4 308.4 49.597 2.21024 15.8304
1246.8 602.4 42.1829 4.02338 19.2761
91.2 327.6 43.6638 3.6778 25.3254
80.4 117.6 45.4913 2.15544 26.8292
679.2 625.2 42.6975 4.64181 21.5904
871.2 560.4 42.3575 4.11436 20.7931
1048.8 129.6 43.1342 1.94627 20.0154
516 411.6 42.812 3.73403 22.5301
944.4 580.8 42.84 4.26511 20.3159
1028.4 321.6 50.0506 2.5781 17.3794
56.4 321.6 48.056 4.0849 28.6766
181.2 640.8 41.6476 4.62526 23.4702
441.6 249.6 51.3353 2.56224 25.4226
688.8 540 42.353 4.13991 21.603
961.2 666 42.7977 4.68336 20.191
481.2 268.8 52.353 2.76089 25.0423
452.4 264 51.8752 2.74024 25.3735
474 232.8 48.881 2.43014 24.3912
475.2 290.4 52.435 3.11396 25.1206
639.6 436.8 42.7314 3.75819 21.905
619.2 340.8 42.331 3.30268 22.0324
751.2 568.8 44.9535 4.89705 21.0319
730.8 554.4 44.6621 4.75568 21.2079
842.4 388.8 45.2066 3.5146 20.505
976.8 573.6 42.7024 4.18351 20.2059
1166.4 631.2 42.2154 4.19897 19.5595
1237.2 555.6 42.4886 3.8842 19.1561
692.4 346.8 43.1225 3.30441 21.7043
1094.4 434.4 42.9847 3.46626 19.6235
1164 686.4 42.0861 4.39975 19.6104
636 640.8 42.4932 4.66216 21.7862
624 380.4 42.3528 3.47844 21.9904
894 506.4 43.4246 4.03262 20.464
168 348 44.0774 3.78083 25.0733
147.6 348 44.0158 3.78871 25.1646
904.8 550.8 43.3226 4.25984 20.396
1083.6 606 42.7134 4.26944 19.6808
84 288 44.2302 3.47763 25.7669
258 351.6 44.828 3.81443 24.8419
902.4 613.2 43.165 4.55516 20.4095
1052.4 664.8 42.6127 4.53831 19.8348
1224 418.8 57.9165 3.66223 10.0862
148.8 372 43.9673 3.94453 25.1139
1051.2 171.6 43.2019 2.14407 19.9566
1039.2 183.6 42.6782 2.30744 20.1922
1057.2 148.8 43.2651 2.01352 19.9192
1051.2 648 42.694 4.47911 19.8142
381.6 393.6 44.3116 3.9297 23.7081
508.8 290.4 52.0186 3.03037 24.4971
759.6 424.8 46.66 4.01512 20.9504
379.2 471.6 41.911 3.94142 22.8925
372 458.4 41.9405 3.89199 22.9304
682.8 522 42.8088 4.15979 21.6354
951.6 570 41.9056 4.00348 20.5961
201.6 360 44.2371 3.84826 24.9069
193.2 375.6 44.0916 3.94131 24.8796
1105.2 690 42.378 4.54362 19.6944
482.4 400.8 41.4405 3.54253 22.4135
363.6 373.2 44.2326 3.7836 23.8258
956.4 517.2 43.119 4.00521 20.2097
135.6 369.6 43.6585 3.8981 25.0178
1027.2 512.4 42.5328 3.83888 20.0854
998.4 511.2 42.6673 3.86177 20.1605
668.4 588 42.6992 4.4626 21.6702
556.8 284.4 52.0439 2.84798 23.7806
792 465.6 44.7198 4.0764 20.8621
938.4 558 42.9013 4.18811 20.3337
939.6 546 42.8673 4.10589 20.3418
678 427.2 42.7021 3.69111 21.7277
664.8 404.4 42.6089 3.57624 21.7981
646.8 408 42.6855 3.61055 21.8887
981.6 625.2 42.8908 4.47467 20.0755
994.8 567.6 42.9135 4.18929 20.0543
1063.2 604.8 42.5718 4.23742 19.844
1063.2 576 42.5527 4.09661 19.8619
1140 518.4 42.5841 3.79324 19.5488
1141.2 495.6 42.669 3.71182 19.5229
481.2 439.2 42.2248 3.7923 22.572
936 645.6 42.7976 4.57936 20.3272
1152 519.6 42.6543 3.80307 19.4621
1152 489.6 42.5573 3.65381 19.5386
864 444 44.3409 3.81246 20.4925
916.8 500.4 43.3051 3.97093 20.3816
1003.2 614.4 42.6631 4.35352 20.0748
1132.8 556.8 42.4449 3.94578 19.6254
1135.2 542.4 42.5132 3.89604 19.5902
1128 484.8 42.5604 3.65369 19.6491
1125.6 486 42.7195 3.67161 19.5763
289.2 372 44.378 3.86471 24.4088
708 396 42.8969 3.53032 21.5987
711.6 379.2 42.8522 3.44185 21.5854
933.6 480 42.7789 3.77541 20.448
920.4 478.8 43.241 3.83425 20.3953
942 421.2 43.4824 3.54299 20.257
974.4 440.4 43.3022 3.61831 20.1102
968.4 440.4 43.2991 3.6112 20.1586
954 418.8 43.4213 3.50192 20.2045
958.8 450 43.2267 3.66039 20.219
198 194.4 50.2257 2.30472 28.4664
261.6 254.4 44.7136 3.08546 24.8281
40.8 255.6 53.6574 3.50727 33.0998
116.4 250.8 48.89 3.19704 28.618
314.4 97.2 44.9653 1.88973 24.6922
264 97.2 45.1906 1.88142 25.201
187.2 186 49.0926 2.32361 27.9706
140.4 92.4 45.5555 1.90623 26.3784
135.6 153.6 46.5422 2.28113 27.0299
574.8 199.2 45.9295 2.25975 22.836
625.2 34.8 43.1335 1.72411 22.2627
37.2 626.4 41.3593 4.51812 23.8366
212.4 453.6 43.812 4.35681 24.5493
105.6 439.2 43.5371 4.3095 25.0789
139.2 502.8 43.476 4.63815 24.8012
358.8 559.2 42.4508 4.473 23.1111
550.8 435.6 41.917 3.70263 22.2235
498 493.2 42.0831 3.98622 22.4338
428.4 493.2 41.8311 3.96698 22.6589
866.4 268.8 47.7038 2.35873 19.9866
738 282 40.4531 3.07755 21.6408
801.6 135.6 43.7487 2.00037 21.22
674.4 27.6 43.107 1.67572 22.0193
1116 247.2 43.3852 2.45819 19.4861
1230 219.6 45.3334 1.8645 17.8099
1212 225.6 43.3998 2.27246 18.9858
1024.8 271.2 47.5873 2.20402 18.4182
972 314.4 51.2978 2.51328 17.7211
1215.6 147.6 43.733 1.78438 18.8619
1092 96 42.7969 1.84516 19.961
842.4 688.8 41.9426 4.55577 20.9343
656.4 501.6 42.5873 4.02523 21.7837
1105.2 621.6 42.6503 4.30607 19.612
1252.8 490.8 43.2471 3.65912 18.6454
1186.8 493.2 42.5768 3.64058 19.3702
1050 468 43.491 3.71783 19.6102
72 154.08 47.9306 2.24136 28.637
364.32 344.16 43.5433 3.55052 23.6047
900 568.8 43.2412 4.34529 20.4208
1056.96 148.32 43.074 2.04957 19.9858
1247.04 601.92 42.2239 4.03102 19.2546
309.6 665.28 41.4675 4.55766 22.9124
367.2 298.08 43.9139 3.27526 23.7462
354.24 289.44 45.2723 3.25062 24.3349
347.04 276.48 44.8796 3.15429 24.2631
397.44 691.2 40.5651 4.19665 22.3473
452.16 264.96 52.1035 2.74561 25.4289
630.72 429.12 42.7243 3.72906 21.9521
635.04 407.52 42.7624 3.62424 21.9403
636.48 639.36 42.4769 4.65514 21.7866
632.16 616.32 42.521 4.56842 21.8203
751.68 181.44 44.7346 2.12626 21.4182
806.4 482.4 44.698 4.15886 20.7513
816.48 80.64 43.4084 1.77233 21.2156
967.68 354.24 51.2372 3.07227 17.6836
1051.2 171.36 43.2427 2.137 19.9355
1097.28 688.32 42.3966 4.54763 19.7205
1098.72 673.92 42.6388 4.55174 19.6059
1065.6 514.08 42.432 3.79666 19.9486
1186.56 491.04 42.5549 3.62655 19.3769
83.52 288 44.1305 3.46797 25.6945
442.08 249.12 52.7078 2.47175 25.8217
426.24 234.72 50.4589 2.42582 25.4235
701.28 429.12 42.8861 3.70075 21.602
694.08 429.12 42.8715 3.70067 21.6435
696.96 558.72 42.8062 4.32773 21.5462
678.24 531.36 42.7247 4.18379 21.6625
851.04 596.16 43.8221 4.67904 20.5367
905.76 498.24 43.349 3.97275 20.4251
986.4 604.8 42.7673 4.33707 20.1154
976.32 573.12 42.7296 4.18447 20.2034
1199.52 557.28 42.4356 3.90883 19.3375
1211.04 547.2 43.0053 3.94732 18.9562
1248.48 568.8 50.9826 5.51613 13.5983
648 339.84 43.0646 3.30111 21.9337
727.2 360 42.9571 3.3311 21.5237
1100.16 596.16 42.733 4.21155 19.6139
1100.16 617.76 42.4549 4.24894 19.7277
1124.64 619.2 42.5653 4.26523 19.5604
695.52 606.24 42.5561 4.49814 21.5278
1160.64 606.24 42.4689 4.16375 19.4559
498.24 292.32 51.9508 3.08008 24.6321
666.72 371.52 42.6703 3.42978 21.8181
1088.64 555.84 43.0714 4.09678 19.5274
1068.48 557.28 42.6662 4.03192 19.8133
378.72 470.88 41.6979 3.89324 22.8222
403.2 457.92 42.038 3.88124 22.8343
803.52 545.76 44.4985 4.5837 20.7377
979.2 531.36 42.9441 4.0283 20.1404
1026.72 650.88 42.7562 4.53919 19.907
1042.56 617.76 42.5622 4.30523 19.9234
47.52 276.48 53.965 3.89656 33.1823
168.48 348.48 43.9705 3.76864 25.0155
139.68 334.08 43.9135 3.70927 25.1752
216 322.56 44.4198 3.60426 24.9466
784.8 305.28 48.8391 2.78091 20.6591
777.6 129.6 44.2479 1.87798 21.3349
910.08 571.68 43.1444 4.32093 20.4021
175.68 286.56 48.9277 3.53281 27.8769
192.96 375.84 44.0489 3.93237 24.8613
682.56 522.72 42.4914 4.10103 21.631
705.6 493.92 42.8113 3.98734 21.5373
885.6 473.76 43.3375 3.8432 20.5372
901.44 450.72 43.3158 3.70733 20.4805
969.12 639.36 42.7292 4.51144 20.1877
969.12 627.84 42.9262 4.50885 20.1274
100.8 384.48 43.5824 4.00403 25.1687
243.36 378.72 43.9701 3.9123 24.5093
231.84 377.28 43.956 3.90199 24.5769
640.8 607.68 42.5272 4.53738 21.7895
668.16 587.52 42.6635 4.44514 21.6755
649.44 437.76 42.6645 3.75577 21.8555
646.56 408.96 42.6996 3.61354 21.8862
1023.84 515.52 42.6225 3.85495 20.0596
1038.24 547.2 42.733 4.01495 19.9323
1127.52 607.68 42.4 4.16956 19.6312
1117.44 439.2 42.9454 3.47386 19.5333
482.4 400.32 42.2302 3.62839 22.5802
995.04 567.36 42.9142 4.18673 20.0532
1105.92 689.76 42.4196 4.55229 19.6716
1108.8 666.72 42.4703 4.46717 19.6425
1131.84 555.84 42.4261 3.93892 19.6551
1134.72 542.88 42.6868 3.92004 19.517
1103.04 548.64 42.7244 3.98955 19.6353
1003.68 596.16 42.6271 4.25272 20.0929
1048.32 518.4 42.778 3.87711 19.892
1035.36 506.88 42.5366 3.7948 20.039
960.48 475.2 42.8151 3.74697 20.3082
933.12 479.52 42.8946 3.78875 20.4154
920.16 478.08 43.2325 3.83408 20.3973
921.6 462.24 43.1971 3.74856 20.4008
707.04 396 42.4591 3.49498 21.5992
711.36 378.72 42.8437 3.4429 21.5802
678.24 378.72 42.5974 3.44625 21.7554
944.64 414.72 43.1451 3.47795 20.3225
1149.12 489.6 42.4991 3.64872 19.5685
972 424.8 43.2373 3.50672 20.1599
953.28 417.6 43.402 3.50679 20.2116
161.28 263.52 50.5898 3.33184 29.0956
141.12 92.16 45.3508 1.93632 26.2702
583.2 275.04 52.7461 2.64456 23.4723
475.2 289.44 52.2003 3.09906 25.0661
434.88 289.44 53.1985 3.19011 25.9314
624.96 34.56 42.8401 1.80725 22.2317
574.56 146.88 45.5789 1.90091 22.8202
311.04 600.48 41.6321 4.38923 22.9863
156.96 576 42.2147 4.59754 23.9292
142.56 646.56 41.3724 4.53711 23.4677
180 403.2 43.7011 4.05458 24.7257
318.24 449.28 41.9238 3.88078 23.1508
146.88 446.4 43.4677 4.29277 24.7854
558.72 573.12 43.4348 4.69096 22.2867
626.4 544.32 42.6256 4.27053 21.8909
357.12 686.88 41.061 4.43008 22.6092
633.6 391.68 42.7846 3.54465 21.9562
573.12 371.52 42.2521 3.46905 22.2049
498.24 492.48 42.2334 4.0131 22.4591
630.72 473.76 42.7109 3.92562 21.9152
465.12 516.96 42.0666 4.09519 22.5544
882.72 260.64 48.3134 2.2056 19.7078
800.64 135.36 43.856 1.98842 21.2224
1228.32 218.88 45.1568 1.90061 17.907
1211.04 224.64 43.3547 2.27951 19.0072
1169.28 347.04 49.0526 2.69394 16.1162
1177.92 309.6 48.8991 2.26112 16.1563
1193.76 344.16 49.401 2.63685 15.6809
1036.8 231.84 42.8622 2.50858 20.0944
1186.56 27.36 42.5098 1.596 19.7228
1156.32 172.8 44.5089 1.78369 18.8073
1139.04 115.2 43.5985 1.68604 19.3733
1091.52 96.48 42.8113 1.84091 19.9564
822.24 577.44 44.4843 4.75302 20.6056
871.2 560.16 43.4662 4.37043 20.527
643.68 614.88 42.5179 4.54552 21.7689
1215.36 656.64 42.5695 4.38389 19.1218
960.48 665.28 42.6353 4.62003 20.2306
673.92 556.416 41.6106 4.03205 21.6749
677.376 530.496 42.6965 4.18099 21.6676
646.272 362.88 42.7308 3.39225 21.9209
855.36 466.56 43.915 3.90939 20.595
836.352 471.744 44.4055 4.01251 20.6114
864 444.096 44.1598 3.79186 20.5248
900.288 559.872 43.3501 4.30275 20.4104
1090.37 672.192 42.6532 4.55761 19.6342
1161.22 686.016 42.3567 4.48167 19.4672
1244.16 565.056 42.3811 3.90551 19.1874
1226.88 563.328 42.3973 3.91254 19.2534
373.248 425.088 42.0845 3.77989 22.9934
793.152 471.744 44.9154 4.13124 20.822
993.6 554.688 42.9218 4.12268 20.0727
995.328 544.32 42.5597 4.00067 20.184
136.512 369.792 43.6057 3.89623 24.9879
222.912 349.056 44.26 3.75652 24.7968
300.672 359.424 44.1719 3.75007 24.2462
485.568 286.848 51.8063 3.00133 24.8076
456.192 279.936 51.8291 2.97705 25.2667
138.24 335.232 44.1482 3.73201 25.3061
112.32 330.048 44.19 3.72219 25.5229
153.792 383.616 43.2135 3.90671 24.6322
373.248 345.6 45.0657 3.65984 24.0682
718.848 383.616 42.5826 3.43881 21.545
815.616 81.216 43.5092 1.73888 21.2215
969.408 387.072 42.9448 3.31631 20.281
950.4 387.072 43.4158 3.34999 20.2488
983.232 369.792 52.386 3.27287 17.1004
1118.02 438.912 42.9844 3.47398 19.5159
772.416 281.664 48.6299 2.54675 20.8283
969.408 637.632 42.668 4.48222 20.208
969.408 628.992 42.4805 4.38752 20.273
1017.79 456.192 43.5634 3.66998 19.7663
993.6 463.104 42.6137 3.63976 20.2277
1126.66 608.256 42.4694 4.19288 19.6005
1104.19 582.336 42.5898 4.11123 19.6631
1183.68 506.304 42.4381 3.69093 19.4326
1185.41 490.752 42.5909 3.63753 19.3735
1242.43 418.176 53.062 3.54826 12.7255
1221.7 406.08 53.4323 3.30007 12.8593
110.592 309.312 44.1597 3.59352 25.53
177.984 342.144 44.109 3.7383 25.0288
202.176 359.424 44.2161 3.83809 24.8921
775.872 461.376 45.0088 4.09318 20.9617
452.736 264.384 52.4002 2.75655 25.5089
646.272 590.976 42.3352 4.3837 21.765
668.736 587.52 42.7051 4.46437 21.6706
646.272 584.064 42.5544 4.42622 21.7811
888.192 618.624 43.0907 4.56267 20.5016
943.488 578.88 42.9079 4.27538 20.3019
1029.89 552.96 42.8216 4.07063 19.9415
1052.35 648 42.5385 4.42672 19.8712
1041.98 618.624 42.6553 4.34981 19.8935
1131.84 556.416 42.358 3.92672 19.6644
1104.19 551.232 42.6353 3.97284 19.6709
1166.4 628.992 42.704 4.3202 19.2974
902.016 451.008 43.3158 3.70733 20.4805
931.392 419.904 43.5201 3.53848 20.3015
1093.82 433.728 42.9763 3.46181 19.6298
214.272 397.44 43.8228 4.00288 24.6012
241.92 380.16 44.27 3.94541 24.6396
231.552 378.432 44.0282 3.9053 24.6016
317.952 393.984 44.0691 3.94092 24.0414
309.312 368.064 44.2073 3.80838 24.1874
336.96 425.088 42.2966 3.84536 23.2163
736.128 478.656 45.2221 4.30952 21.2153
739.584 459.648 44.7646 4.10013 21.2266
921.024 641.088 42.7432 4.55442 20.4028
936.576 623.808 42.8707 4.49484 20.3149
922.752 620.352 42.9065 4.49684 20.3674
976.32 508.032 42.7529 3.87681 20.2393
1059.26 590.976 42.5414 4.16088 19.8868
1024.7 601.344 42.5548 4.2429 20.0408
1036.8 573.696 42.8291 4.17091 19.8836
361.152 373.248 44.5583 3.81543 23.9508
404.352 475.2 42.1326 3.96919 22.8455
945.216 497.664 43.0246 3.89138 20.307
921.024 476.928 42.8888 3.78844 20.4785
929.664 454.464 43.2531 3.7034 20.3661
995.328 506.304 43.0074 3.90223 20.0598
1002.24 485.568 42.8727 3.77446 20.0899
1161.22 447.552 42.8879 3.46406 19.3511
1156.03 449.28 42.8937 3.49573 19.3685
684.288 501.12 42.321 3.96048 21.6614
1152.58 520.128 42.7775 3.82089 19.3973
1149.12 489.024 42.7076 3.66797 19.4725
480.384 438.912 41.9501 3.75208 22.5178
1126.66 483.84 42.7625 3.66697 19.5614
1133.57 456.192 42.6806 3.5356 19.5649
1109.38 447.552 42.9839 3.51704 19.5613
706.752 395.712 42.8524 3.52426 21.5997
713.664 378.432 42.8439 3.44311 21.5817
1175.04 561.6 42.3287 3.92129 19.5077
1152.58 554.688 42.5595 3.96016 19.4745
976.32 449.28 42.9312 3.61218 20.2035
257.472 352.512 44.1548 3.73889 24.5321
260.928 300.672 44.4224 3.40221 24.6552
126.144 195.264 48.5224 2.53734 28.3654
134.784 153.792 46.881 2.24759 27.2461
554.688 247.104 50.4443 2.3941 23.6493
584.064 274.752 52.6806 2.64532 23.4609
440.64 250.56 50.9973 2.57741 25.3449
475.2 233.28 50.635 2.35488 24.7911
425.088 235.008 50.8178 2.41087 25.5473
371.52 281.664 43.4918 3.19402 23.5954
480.384 188.352 47.4668 2.09277 24.0026
432 122.688 45.1937 1.91367 23.8741
224.64 668.736 41.2565 4.51227 23.11
205.632 494.208 43.8527 4.63278 24.5749
331.776 457.92 41.9387 3.90521 23.0911
179.712 402.624 43.7801 4.06552 24.769
146.88 445.824 43.4677 4.29277 24.7854
513.216 594.432 42.4198 4.52571 22.3632
632.448 587.52 42.5693 4.44629 21.8389
627.264 544.32 42.5907 4.25281 21.8951
516.672 672.192 41.5436 4.50389 22.1966
552.96 649.728 42.4419 4.75317 22.1764
340.416 608.256 41.5765 4.38355 22.8668
359.424 558.144 42.4507 4.47489 23.1098
432 642.816 40.9105 4.20273 22.3539
551.232 435.456 41.9173 3.69758 22.2222
525.312 385.344 42.962 3.60594 22.5254
525.312 492.48 44.2987 4.45192 22.6521
535.68 463.104 42.0085 3.8268 22.2857
630.72 473.472 42.68 3.93393 21.9161
371.52 457.92 41.722 3.84915 22.8659
428.544 492.48 41.7836 3.95959 22.647
941.76 245.376 47.6082 2.08656 19.2954
881.28 260.928 47.6138 2.29388 19.8235
774.144 252.288 48.4636 2.24622 20.8439
770.688 235.008 47.7977 2.1531 20.9853
801.792 134.784 43.765 1.99232 21.2221
1114.56 247.104 43.5185 2.4456 19.4344
1228.61 219.456 45.3954 1.85328 17.7852
1169.86 347.328 49.0526 2.69394 16.1162
1135.3 345.6 48.4235 2.77616 16.84
990.144 264.384 48.1978 2.13923 18.5855
1028.16 321.408 50.3729 2.52899 17.2884
1067.9 298.944 48.9081 2.31061 17.3911
1168.13 114.048 43.1868 1.78053 19.3983
1078.27 176.256 42.7462 2.24709 19.9863
820.8 577.152 44.4843 4.75302 20.6056
841.536 566.784 43.6585 4.48636 20.633
919.296 660.096 42.744 4.65167 20.4037
696.384 559.872 42.826 4.34021 21.5505
642.816 615.168 42.5487 4.57187 21.7774
905.472 508.032 43.0762 3.98295 20.4834
694.656 428.544 42.7134 3.67516 21.646
777.6 485.568 44.8435 4.22844 20.9414
1245.89 601.344 42.3677 4.05786 19.1631
1213.06 656.64 42.6317 4.4019 19.0859
1099.01 618.624 42.6531 4.2971 19.6392
147.226 346.291 44.2615 3.80971 25.2944
404.352 472.781 41.7531 3.89095 22.7464
377.395 472.781 41.9238 3.93854 22.8896
402.278 447.898 42.0171 3.83596 22.8333
375.322 458.266 41.29 3.74474 22.7056
441.677 435.456 42.3811 3.8266 22.7663
646.963 588.902 42.5667 4.45583 21.7716
644.89 582.682 42.5641 4.42353 21.7821
763.085 456.192 44.7393 4.05049 21.0624
854.323 466.56 43.8483 3.91062 20.6061
976.666 570.24 42.6382 4.16743 20.2282
958.003 570.24 43.1654 4.27621 20.1578
978.739 622.08 42.6472 4.40391 20.1804
1038.87 547.43 42.4656 3.97126 20.0186
1036.8 555.725 42.4126 3.99773 20.072
145.152 373.248 43.9701 3.94551 25.1089
116.122 377.395 43.6138 3.95761 25.0883
190.771 375.322 43.945 3.92049 24.8322
273.715 393.984 43.7768 3.91936 24.2151
371.174 282.01 45.238 3.19391 24.2055
354.586 288.23 45.2946 3.25475 24.3432
381.542 391.91 44.1599 3.91182 23.6533
379.469 373.248 43.9957 3.74905 23.6334
485.222 398.131 42.218 3.62679 22.5837
617.933 327.629 42.1349 3.23169 22.0231
941.415 578.534 42.6867 4.23011 20.364
910.311 570.24 43.1983 4.32982 20.3907
1018.14 599.271 42.5497 4.24007 20.0487
1001.55 580.608 42.8679 4.23044 20.0264
1107.3 675.994 42.4068 4.48984 19.666
937.267 557.798 42.8162 4.16734 20.3456
937.267 543.283 42.8919 4.1118 20.3366
906.163 499.738 43.1189 3.96458 20.4756
976.666 489.37 43.0302 3.82565 20.1751
1088.64 557.798 42.7658 4.04384 19.6665
1059.61 549.504 42.5627 3.98902 19.8986
1200.61 476.928 43.248 3.62803 18.9161
734.055 479.002 44.9154 4.25941 21.2308
736.128 458.266 44.7464 4.08721 21.2373
1028.51 642.816 42.7666 4.50009 19.8927
1117.67 437.53 42.979 3.46545 19.5211
1181.95 505.958 42.7702 3.73757 19.2911
1184.03 489.37 42.2895 3.60216 19.5412
315.187 393.984 43.8913 3.90817 23.9904
1001.55 485.222 42.7725 3.7679 20.1185
984.96 487.296 43.112 3.82313 20.1081
646.963 437.53 42.6594 3.74589 21.8576
1020.21 514.253 42.5831 3.87035 20.0866
1146.7 605.491 42.3328 4.13322 19.5794
362.88 441.677 42.1201 3.86147 23.0451
897.869 634.522 41.5405 4.16896 20.8489
887.501 617.933 43.2894 4.62281 20.4566
1130.11 553.651 42.6161 3.96605 19.5697
1103.16 549.504 42.542 3.94589 19.7118
1163.29 557.798 42.4535 3.94572 19.4843
1150.85 555.725 42.5802 3.94948 19.4773
524.621 383.616 41.7647 3.4927 22.3242
678.067 377.395 42.623 3.44197 21.7473
1167.44 489.37 42.5057 3.6469 19.4813
933.12 640.742 42.8681 4.59315 20.3207
912.384 615.859 42.9262 4.49942 20.4122
479.002 437.53 42.2381 3.79113 22.576
464.486 437.53 42.243 3.80358 22.637
970.445 425.088 42.9993 3.50373 20.235
947.635 439.603 43.0802 3.59039 20.302
974.592 420.941 43.3562 3.49614 20.114
949.709 470.707 43.0581 3.77089 20.3007
1125.96 483.149 42.7022 3.65992 19.5798
219.802 244.685 50.0779 2.97108 28.0019
244.685 308.966 44.3843 3.4731 24.7494
313.114 97.4592 44.7789 1.90631 24.625
116.122 72.576 45.3259 1.83084 26.4218
574.387 199.066 47.0526 2.11509 22.9897
348.365 277.862 45.1973 3.17179 24.3627
371.174 344.218 45.2651 3.67468 24.1249
485.222 286.157 51.7897 3.00994 24.8065
481.075 188.698 47.4668 2.09277 24.0026
284.083 530.842 42.12 4.29515 23.3376
172.109 675.994 41.2674 4.56411 23.29
238.464 406.426 43.7124 4.03092 24.3622
630.375 586.829 42.5172 4.42227 21.8386
626.227 543.283 42.6542 4.2634 21.8878
630.375 429.235 42.7375 3.73077 21.957
524.621 491.443 42.7931 4.09117 22.4404
620.006 493.517 42.6992 4.04841 21.9542
367.027 518.4 42.4046 4.28198 23.0827
804.557 346.291 51.5817 3.26681 19.9343
775.526 252.979 48.4636 2.24622 20.8439
740.275 269.568 43.1762 2.84039 21.5067
740.275 282.01 43.1753 2.91805 21.5077
1113.52 246.758 43.9763 2.37767 19.2507
1225.5 219.802 45.1568 1.90061 17.907
1192.32 344.218 49.3099 2.62735 15.7361
1057.54 246.758 46.3144 2.06797 18.6432
1026.43 321.408 50.3676 2.53888 17.285
1140.48 114.048 43.5155 1.70627 19.4061
1049.24 128.563 43.2858 1.91163 19.9753
821.146 574.387 44.4949 4.75329 20.6102
804.557 545.357 44.6757 4.60137 20.7249
899.943 566.093 42.9267 4.26545 20.4925
694.656 559.872 42.528 4.269 21.5559
839.808 387.763 45.3559 3.52616 20.4874
829.44 375.322 44.9077 3.40601 20.6387
682.214 418.867 42.8209 3.65639 21.7141
661.479 474.854 41.9366 3.79889 21.7499
787.968 499.738 44.7229 4.32554 20.8522
960.077 665.626 42.7075 4.63621 20.2173
987.034 605.491 42.751 4.34218 20.1238
1051.32 646.963 42.5777 4.44648 19.8677
1190.25 369.101 49.3852 2.92098 15.6754
1215.13 147.226 44.0026 1.71081 18.7079
246.344 350.853 44.2582 3.74436 24.637
340.9 360.806 44.0767 3.72446 23.9408
465.316 437.944 42.1298 3.78374 22.6082
487.711 408.085 42.2241 3.66388 22.5563
903.26 505.129 43.133 3.98683 20.4785
972.933 420.526 43.3102 3.49065 20.1286
1002.79 617.103 42.8167 4.40616 20.0152
992.84 607.15 42.8592 4.3705 20.0699
1042.61 592.22 42.8019 4.27646 19.8349
1017.72 597.197 42.5709 4.24471 20.0442
1022.7 572.314 42.8468 4.17617 19.9354
701.706 505.129 42.8465 4.08006 21.5571
701.706 492.687 42.7909 3.99964 21.5424
701.706 393.155 42.7359 3.51283 21.6459
696.73 390.666 42.7519 3.51156 21.6492
679.311 375.736 42.6173 3.43699 21.7571
962.98 455.363 42.9471 3.66132 20.2691
948.05 455.363 43.1449 3.6868 20.2904
1002.79 594.709 43.0442 4.33904 19.9537
995.328 584.755 42.8964 4.26911 20.0577
1000.3 577.29 42.8596 4.22413 20.0398
1002.79 487.711 46.684 4.29261 18.6699
1114.77 467.804 42.7774 3.60673 19.6054
734.055 477.758 44.3008 4.15659 21.2675
1157.07 515.082 42.5385 3.78329 19.5204
900.772 447.898 43.8269 3.7505 20.3993
930.632 477.758 41.8847 3.65033 20.7226
930.632 445.409 43.3395 3.67675 20.3557
913.214 450.386 43.3474 3.70904 20.4157
1132.19 455.363 42.6457 3.51386 19.5882
311.04 664.382 41.5328 4.56991 22.9227
432.968 121.928 45.316 1.87021 23.9057
920.679 251.32 47.7512 2.13952 19.458
878.377 258.785 48.7915 2.18326 19.6816
1112.28 246.344 44.1814 2.35438 19.1717
413.061 661.893 41.5675 4.52586 22.5688
340.9 604.662 40.9934 4.15663 22.6681
427.991 104.509 44.8623 1.85923 23.8043
905.749 181.647 45.3785 1.89065 20.2361
1139.65 114.463 43.4962 1.71373 19.4208
116.951 72.1613 45.1192 1.85425 26.3055
348.365 278.692 44.9699 3.16516 24.2918
206.531 487.711 43.8893 4.5928 24.5907
246.344 204.042 48.7842 2.44199 27.0997
320.993 238.879 50.6045 2.63969 26.9172
751.473 564.849 44.9175 4.84718 21.0485
629.545 427.991 42.7225 3.72875 21.959
189.112 186.624 50.1669 2.25197 28.5222
313.528 97.0445 44.7995 1.91496 24.6368
639.498 308.552 43.0774 3.15598 21.9947
972.933 338.412 52.3386 2.83636 17.3348
146.811 445.409 43.7749 4.35209 24.9431
1050.07 126.904 43.2217 1.92065 19.9865
1214.3 330.947 51.1818 2.3053 14.4693
758.938 174.182 43.2799 2.31642 21.484
771.379 154.276 44.684 1.97525 21.3177
1084.91 213.996 42.6738 2.43108 19.9606
266.25 301.087 44.7863 3.41874 24.7633
311.04 450.386 40.9271 3.69904 22.791
619.592 492.687 42.7014 4.04441 21.9601
641.987 614.615 42.5227 4.55726 21.7753
358.318 517.571 41.6335 4.05217 22.8618
403.108 447.898 42.0212 3.84835 22.8331
1167.02 368.271 48.9222 2.97365 16.1534
629.545 584.755 42.5799 4.44275 21.846
627.057 542.454 42.5688 4.24295 21.8908
517.571 410.573 42.8089 3.73791 22.5301
739.031 281.18 43.1753 2.91805 21.5077
181.647 373.248 43.7614 3.8806 24.7914
410.573 350.853 44.9405 3.62787 23.7065
370.76 281.18 45.5582 3.18095 24.3163
617.103 325.97 45.2045 3.29611 22.2794
646.963 500.152 42.5958 4.02871 21.8178
706.683 447.898 42.8741 3.79546 21.5835
967.957 627.057 42.6438 4.44565 20.2197
231.414 378.225 43.6403 3.86452 24.4195
460.339 278.692 49.9248 2.94624 24.7915
933.12 641.987 42.7241 4.56073 20.3474
1020.21 385.69 50.2939 3.41473 17.2964
913.214 552.407 43.3649 4.26647 20.3466
900.772 557.384 43.3322 4.30751 20.4115
1065 500.152 42.3238 3.72464 19.9919
1050.07 507.617 42.6037 3.80495 19.955
435.456 288.645 52.541 3.15626 25.7624
497.664 291.133 51.6092 3.04442 24.5915
691.753 559.872 42.8147 4.32627 21.5663
681.8 522.547 42.2605 4.06256 21.6594
286.157 413.061 43.7864 4.04762 24.1146
308.552 368.271 44.3658 3.81791 24.2308
980.398 532.501 42.9421 4.02635 20.1486
975.422 544.942 43.0489 4.10579 20.135
363.295 405.596 43.1326 3.85613 23.4388
681.8 420.526 42.8444 3.65364 21.687
1057.54 592.22 42.54 4.16839 19.8872
1057.54 549.919 42.802 4.03126 19.8256
1037.63 552.407 42.4015 3.98964 20.0887
1214.3 146.811 44.0026 1.71082 18.7079
1157.07 171.694 44.0287 1.87436 19.0068
656.917 64.6963 43.6095 1.72719 22.1065
418.038 664.382 41.7151 4.58775 22.5964
59.7197 184.136 49.0871 2.46134 29.5095
862.95 421.024 44.6033 3.68796 20.444
916.697 468.8 43.2547 3.79848 20.4182
931.627 444.912 42.9063 3.6201 20.4523
1131.69 471.786 42.7552 3.611 19.559
859.964 591.225 43.6642 4.59637 20.5297
1140.65 498.659 42.7221 3.71764 19.5122
1173.49 489.701 42.4138 3.62481 19.5168
474.772 435.954 41.7894 3.72683 22.506
489.701 406.094 41.2423 3.54261 22.3472
1113.77 480.743 42.7139 3.65742 19.6578
958.501 453.87 43.1952 3.67783 20.1935
949.543 453.87 43.0096 3.65581 20.3429
83.6076 656.917 41.1101 4.47322 23.4993
140.341 92.5655 45.7917 1.87511 26.5113
456.856 650.945 41.9025 4.58949 22.4837
812.188 125.411 43.6942 1.95789 21.1795
1158.56 170.201 44.3453 1.79748 18.8496
1089.88 200.061 42.9003 2.32059 19.8595
1095.86 104.509 42.9989 1.81293 19.8912
101.523 438.94 43.2895 4.27562 24.9587
140.341 641.987 41.5099 4.5771 23.5387
143.327 618.099 41.8195 4.61765 23.7182
262.767 107.495 44.5886 2.05186 24.8735
250.823 564.351 41.8689 4.38005 23.3404
412.066 659.903 41.707 4.58577 22.6026
343.388 606.155 41.5833 4.38565 22.8749
462.828 519.561 41.8324 4.06245 22.5162
429.982 104.509 45.0246 1.84553 23.8545
576.295 131.383 44.761 1.91209 22.6938
880.865 164.229 44.9782 1.87564 20.5136
119.439 74.6496 45.3259 1.83084 26.4218
209.019 489.701 43.7388 4.55604 24.5176
346.374 277.697 45.1634 3.17105 24.3471
513.589 555.393 44.072 4.79327 22.6386
558.379 549.421 44.2835 4.80276 22.4163
588.239 594.211 42.2999 4.4528 22.0156
146.313 444.912 43.368 4.28379 24.7259
465.814 438.94 42.2582 3.80999 22.6487
644.973 656.917 41.9983 4.55997 21.7223
641.987 618.099 42.5229 4.55336 21.778
1080.93 238.879 43.5755 2.41138 19.5997
1039.12 226.935 42.8111 2.50176 20.0979
1149.6 280.683 48.4168 2.06918 16.8272
280.683 561.365 42.3824 4.51621 23.4188
582.267 268.739 51.0048 2.64028 23.3262
740.524 268.739 43.1761 2.84069 21.509
194.089 188.117 49.0352 2.33066 27.92
128.397 197.075 48.591 2.52351 28.3789
316.514 307.556 44.6899 3.42472 24.3693
286.655 304.57 45.0883 3.4368 24.7465
791.286 283.669 48.0028 2.55103 20.7059
382.206 555.393 43.0949 4.62417 23.1819
519.561 412.066 42.8208 3.72689 22.5323
627.057 540.463 42.6503 4.25576 21.8976
630.043 429.982 42.264 3.67076 21.9239
627.057 388.178 42.3723 3.47015 21.9759
647.959 337.416 43.0724 3.29705 21.9422
976.417 313.528 52.1656 2.45484 17.3775
1036.14 188.117 43.3757 2.18428 19.9611
1170.51 370.262 48.9222 2.97365 16.1534
403.108 447.898 41.9928 3.84003 22.833
376.234 456.856 41.8693 3.86229 22.8999
621.085 492.687 42.7029 4.02531 21.9564
567.337 465.814 40.9537 3.64858 22.0456
707.678 501.645 43.5505 4.16931 21.5106
707.678 447.898 42.9152 3.79871 21.5864
1170.51 558.379 42.6585 3.97446 19.3514
1191.41 543.449 42.1042 3.79349 19.578
934.613 641.987 42.7747 4.55633 20.3404
877.879 639.001 43.0549 4.66975 20.5458
889.823 618.099 43.2439 4.6065 20.4557
892.809 519.561 43.2836 4.0934 20.5013
988.361 606.155 42.8909 4.37051 20.0718
597.197 325.472 52.2606 3.35259 23.1523
1018.22 513.589 42.3873 3.81844 20.166
265.753 409.08 43.8016 4.05502 24.2388
235.893 379.22 44.631 3.98639 24.8344
459.842 277.697 50.9972 2.93317 25.0472
477.758 232.907 50.5728 2.35674 24.7606
692.748 561.365 42.8194 4.33258 21.5721
1101.83 615.113 42.7162 4.29793 19.6226
1021.21 388.178 50.2939 3.41473 17.2964
1051.07 656.917 42.284 4.39254 19.9929
1048.08 644.973 42.274 4.35894 20.004
1057.04 591.225 42.4738 4.15417 19.9198
1060.02 552.407 42.3151 3.95375 20.0004
1039.12 522.547 42.3965 3.84435 20.0681
370.262 283.669 45.9975 3.198 24.4354
677.818 391.164 43.0267 3.5306 21.7274
334.43 429.982 42.2159 3.85571 23.1971
931.627 477.758 42.948 3.79218 20.4117
895.795 477.758 43.1046 3.83581 20.5381
880.865 450.884 43.3788 3.74084 20.5632
173.187 349.36 44.0455 3.76283 25.0378
931.627 415.052 43.4939 3.52788 20.2887
982.389 435.954 42.8228 3.53894 20.2233
382.206 391.164 44.2976 3.92923 23.699
376.234 373.248 44.2395 3.77637 23.7579
985.375 489.701 42.962 3.8135 20.1457
800.244 131.383 43.7499 1.98045 21.2322
382.206 77.6356 44.636 1.77932 24.0721
451.481 551.81 43.092 4.57114 22.7919
777.55 250.823 49.1664 2.19058 20.7842
784.717 121.828 43.674 1.95404 21.3205
809.799 93.1627 43.5979 1.73666 21.2299
906.545 537.477 43.3539 4.18291 20.3793
462.23 490.896 40.8858 3.73303 22.3155
462.23 440.731 42.2711 3.80645 22.6439
533.894 462.23 41.9934 3.81721 22.3002
587.642 236.49 49.568 2.29792 23.1222
799.049 329.653 51.6595 3.0197 20.003
659.305 340.402 43.0828 3.29685 21.8952
752.468 179.159 41.9316 2.55919 21.5563
992.541 265.155 47.6135 2.17826 18.7309
978.209 232.907 45.4936 2.16173 19.5412
268.739 111.079 45.6023 1.91441 25.2931
376.234 458.647 41.9219 3.88411 22.9068
1071.37 297.404 48.9206 2.29145 17.3339
1021.21 318.903 50.4356 2.53317 17.3185
519.561 279.488 50.8515 2.81953 24.199
548.227 243.656 49.5995 2.37733 23.6066
630.64 429.982 42.776 3.71649 21.9647
630.64 584.059 42.6207 4.42644 21.8562
584.059 576.892 43.2859 4.66301 22.1581
627.057 537.477 42.6516 4.23236 21.9014
673.638 587.642 41.5192 4.12973 21.6631
1168.12 369.068 55.6808 2.82954 12.7102
1168.12 343.985 48.7127 2.65756 16.255
308.154 451.481 40.962 3.70838 22.8074
730.969 555.393 44.8364 4.77241 21.1972
186.325 376.234 43.738 3.88114 24.7573
139.744 372.651 44.0444 3.93984 25.1758
594.808 326.07 43.108 3.23963 22.2017
569.726 318.903 48.4508 3.21102 23.031
888.629 619.89 43.085 4.5699 20.5003
1006.87 501.645 42.9259 3.84397 20.03
487.313 286.655 52.976 3.00975 24.9131
630.64 487.313 42.6688 3.98651 21.9059
1143.03 612.724 42.6736 4.25425 19.4327
802.633 444.315 45.0543 3.95361 20.7864
1039.12 619.89 42.198 4.2225 20.068
268.739 358.318 44.0141 3.74872 24.4068
372.651 340.402 45.6213 3.65119 24.2495
687.971 562.56 42.8366 4.3424 21.5997
677.221 530.311 42.6467 4.17592 21.6909
827.715 576.892 44.2499 4.68623 20.5989
806.216 558.976 44.7897 4.73813 20.6688
842.048 541.06 42.6476 4.10809 20.8605
967.459 630.64 42.9377 4.52431 20.1355
988.958 605.558 42.8911 4.37015 20.069
476.563 232.907 49.0702 2.38207 24.4209
1189.62 487.313 42.4236 3.60437 19.4428
1182.45 498.062 42.4211 3.65078 19.4506
1064.2 580.475 42.5002 4.09642 19.8705
1039.12 519.561 42.7793 3.89372 19.9294
748.885 455.064 44.7848 4.04826 21.1652
928.044 476.563 43.0843 3.79989 20.4155
935.21 573.309 42.4326 4.15339 20.4544
981.792 533.894 42.9741 4.04878 20.1384
548.227 286.655 51.114 2.88228 23.6765
684.388 419.232 42.8056 3.65734 21.6928
698.72 390.567 42.9 3.51901 21.6479
662.889 372.651 42.6627 3.43076 21.8269
472.98 433.565 42.2075 3.77728 22.5941
1143.03 480.146 42.708 3.6453 19.4887
1143.03 472.98 42.5517 3.58464 19.5689
981.792 433.565 43.2277 3.57962 20.0997
945.96 455.064 43.1404 3.67754 20.3041
1089.29 100.329 42.9798 1.84369 19.9115
788.3 283.071 47.0244 2.64085 20.7564
555.393 648.556 42.0028 4.56408 22.1029
211.408 487.313 43.4939 4.50004 24.393
139.744 616.307 41.4036 4.46045 23.5241
154.077 573.309 42.1277 4.55759 23.8853
257.989 616.307 41.7986 4.54298 23.2825
429.982 103.912 44.6586 1.88696 23.7586
573.309 204.241 47.3704 2.12891 23.0432
573.309 132.578 44.761 1.91209 22.6938
128.995 197.075 48.4509 2.53415 28.2999
326.786 331.086 43.1178 3.49952 23.6554
464.38 438.581 42.2448 3.81508 22.6332
799.766 128.995 43.4935 2.01723 21.2369
812.666 81.6965 42.9049 1.87557 21.2712
967.459 627.773 42.956 4.54138 20.1334
988.958 606.274 42.4033 4.26827 20.2078
98.8958 382.684 43.1627 3.94218 24.9197
120.395 266.589 49.4498 3.34379 28.9338
550.377 382.684 42.0929 3.50741 22.2795
786.867 546.077 44.4812 4.60733 20.8482
1100.75 606.274 42.8524 4.29973 19.563
1173.85 369.784 50.3746 2.92389 15.4078
941.66 507.379 42.849 3.93305 20.3826
141.894 369.784 43.8224 3.9226 25.0892
348.285 279.488 45.5374 3.1855 24.4685
520.278 490.179 41.4294 3.85905 22.2425
567.576 468.68 41.092 3.68016 22.0512
533.177 460.081 41.6954 3.77008 22.2574
700.87 623.474 43.3336 4.79971 21.4851
640.673 619.174 42.5323 4.58799 21.7807
687.971 597.675 42.767 4.51764 21.5293
670.772 589.075 42.5981 4.43071 21.6971
782.567 558.976 44.7681 4.772 20.8399
687.971 494.479 42.3219 3.95497 21.6619
700.87 447.181 42.9221 3.8138 21.6069
662.172 438.581 42.5849 3.73429 21.7958
687.971 558.976 42.5166 4.26843 21.6004
679.371 528.878 42.7223 4.19711 21.6522
1186.75 554.677 41.87 3.8105 19.7191
391.283 477.28 41.967 3.96164 22.8514
404.183 447.181 42.0112 3.84914 22.8125
378.384 455.781 41.9451 3.87964 22.9251
872.863 580.475 42.7735 4.32033 20.656
1062.06 498.779 42.6868 3.77789 19.8726
1130.85 546.077 42.3616 3.89972 19.6877
1126.55 318.187 48.0274 2.49207 17.1318
1186.75 494.479 42.3985 3.63121 19.4616
1143.75 477.28 42.585 3.603 19.5685
907.262 498.779 42.757 3.90976 20.5319
313.887 365.485 44.8757 3.85029 24.4077
429.982 245.09 55.3776 2.41959 26.7266
687.971 417.082 42.8304 3.65711 21.6804
679.371 391.283 42.669 3.52407 21.7415
1036.26 614.874 42.8402 4.38792 19.8882
1066.35 580.475 42.3274 4.07197 19.9502
1113.65 472.98 42.7655 3.61838 19.6124
885.763 395.583 45.8893 3.5935 20.0899
756.768 429.982 45.7809 3.99643 21.0359
778.267 395.583 46.9557 3.72823 20.6857
399.883 429.982 41.0712 3.62719 22.5652
980.359 429.982 43.2858 3.59935 20.0907
937.36 412.783 43.511 3.51531 20.29
967.459 369.784 50.0188 3.32173 17.9879
928.761 472.98 43.2233 3.80785 20.3999
1057.76 550.377 42.7957 4.03832 19.8362
1006.16 541.777 42.347 3.96016 20.1966
1053.46 124.695 43.0703 1.90956 20.0091
1092.15 197.792 43.5634 2.16934 19.6138
1148.05 111.795 43.2184 1.76966 19.5022
997.558 262.289 47.1032 2.21276 18.8661
640.673 305.287 44.4792 3.16095 22.1043
872.863 257.989 48.3104 2.19246 19.7632
804.066 283.788 50.7201 2.4378 20.2007
636.373 632.073 42.5138 4.62068 21.7827
141.894 503.079 43.2925 4.61677 24.6994
335.386 447.181 41.5754 3.79255 22.9783
339.686 597.675 41.5484 4.36459 22.8693
257.989 610.574 41.8646 4.56023 23.2961
429.982 103.196 44.6586 1.88696 23.7586
576.176 202.091 46.2614 2.17715 22.8702
197.792 189.192 49.0531 2.2966 27.9285
133.294 146.194 46.9069 2.21757 27.2598
266.589 107.495 45.1109 1.9302 25.155
146.194 283.788 49.2004 3.53891 28.5116
376.664 314.747 45.3124 3.43653 24.1834
515.978 412.783 42.7969 3.72017 22.5207
644.973 392.143 42.7465 3.57256 21.945
201.231 376.664 44.6981 4.01652 25.1243
675.931 552.097 42.6847 4.24122 21.6492
691.411 521.138 42.8435 4.16437 21.5853
330.226 366.345 45.0554 3.8631 24.4403
386.984 479.86 40.8601 3.74459 22.5123
407.623 454.061 41.9912 3.83122 22.8179
376.664 459.221 41.8444 3.85534 22.8896
1052.6 552.097 42.7617 4.04028 19.8608
1129.99 350.865 47.7895 2.79892 17.121
882.323 479.86 43.7124 3.96113 20.4855
877.163 448.901 43.6267 3.76075 20.5455
490.179 428.262 42.2207 3.72562 22.548
454.061 417.942 42.2817 3.73286 22.7087
784.287 474.7 45.3291 4.18985 20.8559
835.885 438.581 44.1454 3.78462 20.7439
1114.51 505.659 42.7748 3.76548 19.6029
1057.76 500.499 42.4366 3.7422 19.9786
438.581 252.829 48.7528 2.68496 24.7168
985.518 490.179 42.971 3.81403 20.1162
923.601 474.7 43.2019 3.80434 20.4089
933.921 412.783 43.4693 3.43383 20.2792
1031.96 619.174 42.3691 4.26461 20.0176
990.678 608.854 42.9094 4.38473 20.0562
1099.03 608.854 42.6266 4.25348 19.651
1166.11 557.256 42.515 3.92246 19.461
670.772 593.375 42.6108 4.44381 21.6957
732.689 552.097 44.35 4.64259 21.1905
887.482 619.174 43.5233 4.67895 20.3829
830.725 583.055 44.6675 4.78669 20.5211
902.962 562.416 43.3128 4.30526 20.4033
1031.96 185.752 43.0801 2.21929 20.0854
1047.44 123.835 43.0703 1.90956 20.0091
1145.47 113.515 43.5323 1.69176 19.367
753.328 175.433 44.3285 2.17025 21.5065
644.973 309.587 43.0751 3.10351 21.9843
743.009 263.149 45.041 2.6781 21.3059
474.7 433.422 42.2083 3.77629 22.5888
624.334 392.143 42.3145 3.5178 21.9891
459.221 526.298 41.8059 4.0682 22.5389
98.0359 443.741 43.0704 4.23203 24.8457
340.546 598.535 41.5381 4.35524 22.8579
257.989 614.014 41.4234 4.38858 23.1099
433.422 108.355 45.1069 1.84894 23.8516
577.896 206.391 46.5636 2.16403 22.9228
567.576 134.154 45.476 1.86055 22.8388
619.174 325.066 44.1754 3.28003 22.1924
577.896 268.309 52.8305 2.53619 23.6058
196.072 185.752 51.0545 2.21596 28.9043
134.154 149.634 47.1059 2.17564 27.4119
263.149 108.355 44.8212 2.00204 25.0047
356.025 283.788 45.2835 3.18948 24.3495
1077.36 297.203 48.2271 2.42818 17.6558
1120.7 315.779 48.3401 2.48515 17.0568
383.888 359.121 44.2143 3.69989 23.7108
854.46 470.572 43.9526 3.92148 20.6154
879.227 445.805 43.5047 3.72076 20.4963
978.295 445.805 43.2844 3.5701 20.1017
984.486 532.49 42.9577 4.03447 20.1341
990.678 489.147 42.7185 3.75334 20.1977
1064.98 588.215 42.7374 4.15434 19.8185
1157.86 544.873 42.6875 3.94189 19.388
253.861 532.49 41.3377 4.10305 23.1267
359.121 278.628 45.2778 3.19436 24.3216
743.009 408.655 42.8738 3.54926 21.4635
984.486 346.737 52.9549 2.91401 17.183
749.2 464.38 44.3789 3.99704 21.145
482.956 272.436 51.8618 2.80198 24.9081
439.613 284.82 51.5113 3.10871 25.4673
458.189 247.67 48.8024 2.58394 24.5668
551.065 328.162 40.4148 3.22002 22.0363
941.144 507.723 41.925 3.79717 20.6371
693.475 451.997 41.7944 3.6862 21.6261
804.926 445.805 44.1886 3.87327 20.8256
780.159 557.256 44.6869 4.62517 20.8531
1157.86 167.177 43.4695 1.98219 19.3095
1003.06 260.053 48.8547 2.07603 18.3663
643.941 303.395 43.0912 3.12623 21.9955
866.843 260.053 49.0434 2.15737 19.7581
470.572 427.23 42.2239 3.76157 22.6052
408.655 451.997 42.0291 3.85237 22.8262
637.749 476.764 42.7868 3.94845 21.9329
625.366 396.271 42.0859 3.52506 21.9796
520.106 408.655 42.7905 3.70495 22.5086
458.189 520.106 41.0247 3.8969 22.3685
328.162 427.23 41.9236 3.80344 23.1472
247.67 557.256 42.0602 4.43507 23.4489
569.64 136.218 45.9409 1.80702 22.9384
198.136 185.752 48.2158 2.31923 27.4743
272.436 198.136 48.5725 2.32721 26.8037
222.903 247.67 52.6044 3.00016 29.1103
272.436 241.478 50.6846 2.70317 27.7809
433.422 117.643 45.0222 1.86921 23.7985
891.61 423.515 44.697 3.68682 20.2193
1017.92 222.903 43.0946 2.38633 20.0753
772.729 297.203 44.42 2.87925 21.1054
787.589 252.623 48.1721 2.23151 20.7158
1010.49 445.805 42.9433 3.58425 19.9937
980.771 430.945 43.3128 3.60044 20.098
1047.64 497.816 42.7907 3.78957 19.8657
572.117 267.483 47.6651 2.59773 22.9818
906.471 564.687 42.5234 4.12544 20.5597
1114.51 542.396 42.7538 3.94185 19.5911
683.568 401.225 43.0903 3.57976 21.7263
787.589 430.945 45.7689 3.96088 20.7856
676.138 572.117 45.2179 5.03472 21.5112
720.718 482.956 43.1058 3.9917 21.3836
869.32 572.117 42.8732 4.33289 20.6386
780.159 564.687 45.1542 4.85016 20.8082
638.987 193.182 46.2166 2.07693 22.3368
683.568 356.644 43.1047 3.35508 21.7347
468.095 423.515 41.265 3.63249 22.4298
386.365 430.945 41.9715 3.79055 22.8627
416.085 393.795 43.4458 3.82822 23.2428
572.117 475.526 42.4978 3.89931 22.1605
616.697 393.795 42.9881 3.59842 22.0856
579.547 572.117 42.3653 4.41209 22.0573
549.826 564.687 43.3193 4.63292 22.3368
148.602 445.805 42.2565 4.06631 24.1223
215.473 386.365 40.1936 3.44888 22.725
326.924 430.945 42.0566 3.82539 23.2012
297.203 453.235 41.8229 3.88856 23.1603
364.074 393.795 43.6613 3.8289 23.6214
564.687 141.172 46.1733 1.7968 22.9992
200.612 185.752 47.5075 2.3501 27.0718
185.752 297.203 46.5448 3.64536 26.4935
156.032 260.053 52.0034 3.27777 29.9382
349.214 334.354 43.514 3.52808 23.6692
356.644 282.343 40.0704 3.19656 22.3871
971.855 410.141 43.307 3.44669 20.1203
954.023 374.476 51.1764 3.29898 17.6477
1105.6 347.728 47.1492 2.73921 17.6442
561.715 338.812 42.3068 3.30543 22.3043
526.05 347.728 42.0304 3.35039 22.4056
579.547 205.07 46.2606 2.16234 22.7492
998.604 490.386 42.943 3.81721 20.1057
954.023 481.47 40.9602 3.54657 20.9062
1043.18 410.141 47.8636 3.56069 17.8064
1016.44 445.805 42.2937 3.50032 20.2778
980.771 543.882 42.9514 4.07356 20.1494
900.527 526.05 42.9049 3.99143 20.5514
1105.6 526.05 42.6986 3.93668 19.6102
1052.1 534.966 42.1056 3.91292 20.1009
1052.1 499.302 42.7899 3.79374 19.8711
811.365 374.476 44.3627 3.40147 20.8005
740.037 543.882 43.8977 4.53365 21.1979
686.54 543.882 41.5939 4.02728 21.6283
989.688 222.903 44.3135 2.22942 19.7985
1007.52 258.567 45.8484 2.29237 19.0508
713.288 312.064 43.4338 3.09473 21.6261
650.876 294.231 43.0893 3.10567 21.9821
820.282 329.896 50.2673 2.94896 19.9424
526.05 463.637 41.701 3.78216 22.2781
615.211 401.225 42.1 3.54137 21.9702
552.798 383.392 42.022 3.49807 22.2576
561.715 499.302 39.266 3.35954 21.8357
320.98 365.56 44.4872 3.79281 24.229
534.966 240.735 47.4952 2.43586 23.3363
445.805 285.315 47.1809 3.02461 24.3426
606.295 267.483 41.8832 2.99803 22.0971
347.728 329.896 45.243 3.5565 24.3211
320.98 312.064 42.9909 3.39194 23.6833
356.644 285.315 45.9127 3.2459 24.5682
