1054 143 -5.66306 0.215909 25.9548
49 473 -7.78118 0.924117 25.8478
19 513 -7.81778 1.00634 25.8185
277 344 -10.5167 0.352312 31.5869
909 530 -5.93641 1.00902 26.0149
1009 222 -5.7338 0.362808 26.0178
1136 160 -5.60333 0.315099 25.7014
1206 338 -5.53927 0.630753 25.6107
845 123 -6.00946 -0.0554342 26.7074
40 189 -7.78889 0.313797 25.8056
418 311 -13.51 -0.902345 42.4489
842 388 -6.05269 0.711804 26.2632
1009.2 222 -5.73155 0.357698 26.0306
840 452.4 -6.05651 0.867071 26.2708
890.4 570 -5.96632 1.10204 26.0505
991.2 510 -5.70542 0.991558 26.2662
1137.6 130.8 -5.60181 0.262801 25.7057
78 86.4 -7.70732 0.0928299 25.804
132 308.4 -7.66438 0.550947 25.9368
110.4 302.4 -7.67004 0.55122 25.875
98.4 285.6 -7.7009 0.507566 25.8787
1032 553.2 -5.70425 1.03853 25.9534
975.6 631.2 -5.83293 1.17601 25.8773
775.2 408 -6.11653 0.858704 30.769
1128 424.8 -5.57475 0.774589 25.8228
1114.8 434.4 -5.58229 0.796619 25.8593
38.4 453.6 -7.74389 0.873331 25.7745
883.2 657.6 -5.98347 1.29135 26.0562
876 627.6 -5.98737 1.23784 26.1142
1119.6 637.2 -5.58864 1.16183 25.8223
1142.4 625.2 -5.57672 1.12287 25.7524
734.4 472.8 -6.39296 1.29151 30.3239
886.8 529.2 -5.96591 1.01993 26.1225
1214.4 518.4 -5.54121 0.914726 25.5818
1059.6 396 -5.62872 0.724039 26.0215
1183.2 652.8 -5.55818 1.14125 25.649
892.8 596.4 -5.96512 1.15367 26.0384
885.6 595.2 -5.97419 1.15638 26.0616
1112.4 564 -5.58513 1.03536 25.8643
837.6 313.2 -6.06592 0.534495 26.2756
112.8 208.8 -7.68123 0.338271 25.8856
300 417.6 -10.3399 1.0292 31.6807
661.2 477.6 -6.86101 1.29082 29.8642
1039.2 170.4 -5.67277 0.25571 26.02
524.4 280.8 -9.34062 -0.719465 35.6276
1051.2 93.6 -5.65471 0.104416 25.995
174 46.8 -7.7759 -0.152196 26.2092
837.6 229.2 -6.06653 0.328123 26.2852
640.8 543.6 -7.05441 1.79387 30.3435
424.8 440.4 -11.5046 1.6011 37.8851
88.8 250.8 -7.73228 0.433936 25.8803
33.6 206.4 -7.74162 0.358992 25.7431
129.6 236.4 -7.6422 0.401611 25.8885
64.8 344.4 -7.74801 0.644447 25.851
176.4 94.8 -7.81359 -0.0580797 26.2791
85.2 37.2 -7.69495 -0.0112358 25.8038
162 153.6 -7.59586 0.200772 25.9282
620.4 205.2 -7.6183 -1.06466 32.6868
507.6 283.2 -9.82847 -0.791487 36.4559
417.6 310.8 -13.51 -0.902345 42.4489
392.4 176.4 -9.2363 -1.00931 31.0227
80.4 544.8 -7.82973 1.10537 26.0083
48 688.8 -7.96399 1.4714 26.0862
823.2 352.8 -6.09647 0.630749 26.2593
877.2 286.8 -5.97008 0.470938 26.301
1023.6 349.2 -5.64652 0.62116 26.2324
915.6 597.6 -5.93952 1.12476 25.9019
1130.4 614.4 -5.58525 1.11316 25.7808
1167.6 686.4 -5.55563 1.21461 25.7116
1110 673.2 -5.59915 1.2318 25.8384
1002 544.8 -5.75972 1.02661 25.9664
1112.4 456 -5.58862 0.834016 25.8548
1026 398.4 -5.65568 0.730046 26.1638
1008 454.8 -5.67611 0.863424 26.2419
1095.6 524.4 -5.61044 0.969915 25.8878
1030.8 447.6 -5.65275 0.836729 26.1369
940.32 542.88 -5.89823 1.01003 25.8706
125.28 321.12 -7.6925 0.584841 25.9513
129.6 236.16 -7.64408 0.394251 25.895
478.08 315.36 -9.55078 -0.0956837 34.3286
619.2 504 -7.21026 1.53627 30.3682
1051.2 191.52 -5.67274 0.319177 25.9442
1101.6 648 -5.60057 1.19842 25.8728
1090.08 620.64 -5.61745 1.15687 25.8983
1097.28 192.96 -5.63389 0.35419 25.807
1120.32 636.48 -5.5875 1.16052 25.8221
1134.72 159.84 -5.60389 0.315491 25.7031
334.08 475.2 -10.1085 1.54671 31.936
776.16 407.52 -6.11643 0.856092 30.6422
1032.48 148.32 -5.68839 0.205228 26.0172
1123.2 89.28 -5.60715 0.173952 25.7613
1114.56 433.44 -5.58213 0.796217 25.8598
1130.4 416.16 -5.57536 0.755217 25.802
1154.88 640.8 -5.56833 1.1492 25.7319
1202.4 80.64 -5.48554 0.176136 25.7253
165.6 144 -7.60745 0.170153 25.9559
632.16 475.2 -7.09944 1.29739 30.2237
622.08 548.64 -7.15254 1.83554 30.2083
1008 221.76 -5.73129 0.356504 26.0431
1012.32 175.68 -5.72349 0.26237 26.0422
1055.52 604.8 -5.64796 1.14627 26.0012
1029.6 401.76 -5.65136 0.737287 26.1616
112.32 208.8 -7.68191 0.337512 25.8865
413.28 470.88 -11.3565 1.95611 37.0122
629.28 439.2 -7.14151 1.0875 30.3824
1038.24 31.68 -5.58585 -0.149173 26.3149
300.96 417.6 -10.2101 1.01866 31.4355
828 362.88 -6.08843 0.652128 26.2585
345.6 419.04 -10.0928 1.05009 32.0604
1038.24 653.76 -5.69138 1.23784 25.9617
172.8 46.08 -7.77743 -0.153219 26.2087
168.48 37.44 -7.78579 -0.170571 26.1962
891.36 596.16 -5.96283 1.1529 26.0465
1033.92 89.28 -5.68056 0.0853085 26.0287
859.68 234.72 -5.99455 0.301733 26.4824
407.52 469.44 -10.7777 1.83336 35.2626
600.48 293.76 -8.27488 -0.494512 35.3616
838.08 228.96 -6.06493 0.327532 26.2856
655.2 535.68 -6.93871 1.73827 30.3234
419.04 404.64 -11.5463 1.00173 37.6386
276.48 342.72 -10.3621 0.360344 31.2978
97.92 285.12 -7.7009 0.507566 25.8787
84.96 37.44 -7.69508 -0.0129392 25.8033
552.96 262.08 -8.79429 -0.853209 34.9012
588.96 267.84 -8.16932 -0.69058 34.21
619.2 205.92 -7.45841 -0.865257 31.6655
444.96 250.56 -10.1219 -0.953905 34.7761
401.76 295.2 -11.787 -0.720805 37.3331
465.12 322.56 -9.79161 -0.051209 34.5384
417.6 311.04 -13.51 -0.902345 42.4489
349.92 171.36 -9.84648 -1.14605 31.5021
610.56 576 -7.22394 1.99918 30.1896
372.96 488.16 -10.6319 1.87183 33.9833
876.96 286.56 -5.96847 0.470362 26.3014
708.48 270.72 -6.63422 -0.213256 30.9416
675.36 324 -7.61963 -0.361297 38.939
876.96 100.8 -5.97586 0.0274819 26.2325
1205.28 303.84 -5.51477 0.570024 25.66
964.8 243.36 -5.76327 0.364858 26.2856
1056.96 358.56 -5.61874 0.647235 26.0888
1143.36 102.24 -5.59497 0.215719 25.6979
1141.92 158.4 -5.60066 0.31764 25.698
915.84 581.76 -5.93754 1.09428 25.9158
908.64 537.12 -5.93859 1.0214 26.0009
865.44 672.48 -6.00462 1.35325 26.1625
838.08 646.56 -6.05466 1.32683 26.268
925.92 688.32 -5.92431 1.29375 25.8653
887.04 681.12 -5.9722 1.33957 26.0734
842.4 387.36 -6.05163 0.711267 26.2636
740.16 397.44 -6.36577 0.776103 30.6997
678.24 488.16 -6.7642 1.38821 29.9562
1154.88 564.48 -5.56569 1.01522 25.7421
1183.68 650.88 -5.55709 1.13833 25.6491
967.68 541.44 -5.84835 1.00484 25.8637
977.76 665.28 -5.82809 1.24148 25.8845
1140.48 391.68 -5.57704 0.717196 25.7522
1117.44 463.68 -5.58892 0.850777 25.8398
1072.8 416.16 -5.61048 0.762196 26.0109
989.28 509.76 -5.70541 0.992074 26.2662
1006.56 455.04 -5.6751 0.863413 26.242
1094.4 524.16 -5.61044 0.969915 25.8878
1031.04 446.4 -5.65711 0.833752 26.127
891.648 642.816 -5.96618 1.25099 26.0178
895.104 628.992 -5.96114 1.20812 26.0062
1209.6 88.128 -5.47013 0.188133 25.736
293.76 468.288 -10.1896 1.45619 31.3531
447.552 471.744 -10.9293 2.0634 37.3913
174.528 89.856 -7.81547 -0.0701482 26.2761
603.072 470.016 -7.39656 1.33482 30.73
660.096 480.384 -6.89214 1.32219 30.1412
978.048 630.72 -5.82996 1.17612 25.8779
1090.37 620.352 -5.61343 1.16266 25.8952
1081.73 115.776 -5.6404 0.192054 25.8586
1100.74 649.728 -5.6026 1.19641 25.8725
343.872 418.176 -10.0928 1.05009 32.0604
620.352 364.608 -8.34505 0.290317 37.6123
1007.42 221.184 -5.73326 0.360789 26.0198
1014.34 203.904 -5.72258 0.317981 26.0328
1057.54 409.536 -5.63163 0.754558 26.0266
1026.43 419.904 -5.65632 0.782435 26.1634
1173.31 648 -5.54638 1.14513 25.6996
1152.58 634.176 -5.56643 1.13852 25.7424
345.6 445.824 -10.0898 1.30522 32.0899
663.552 521.856 -6.94621 1.71663 30.8374
660.096 501.12 -6.97868 1.5667 30.92
858.816 254.016 -5.99815 0.375228 26.3522
1085.18 63.936 -5.62255 0.0843747 25.8912
1099.01 48.384 -5.61787 0.072517 25.8388
172.8 44.928 -7.78002 -0.154632 26.2086
1029.89 637.632 -5.70744 1.20605 25.9594
1041.98 622.08 -5.68497 1.17551 25.9667
891.648 596.16 -5.96339 1.15347 26.0464
889.92 571.968 -5.9664 1.10333 26.0522
457.92 407.808 -11.1418 1.06449 38.3178
597.888 314.496 -8.30879 -0.196299 35.4674
1052.35 164.16 -5.66654 0.262899 25.9543
656.64 554.688 -6.89572 1.8221 30.0181
673.92 533.952 -6.77224 1.66217 29.9712
656.64 537.408 -6.93878 1.73555 30.317
846.72 179.712 -6.04624 0.2107 26.2841
843.264 122.688 -6.01195 -0.0547796 26.7071
406.08 470.016 -11.3824 1.98967 36.8695
388.8 480.384 -11.2658 2.02689 35.9388
383.616 451.008 -11.1396 1.5725 35.4425
665.28 442.368 -6.85738 1.08727 30.0899
276.48 342.144 -10.3621 0.360344 31.2978
88.128 250.56 -7.72351 0.432209 25.8825
36.288 221.184 -7.73198 0.392931 25.7326
124.416 229.824 -7.65881 0.383775 25.8986
98.496 285.12 -7.70565 0.508185 25.885
46.656 295.488 -7.74946 0.54564 25.7927
82.944 36.288 -7.6966 -0.0150924 25.8028
120.96 93.312 -7.65987 0.0835607 25.8691
39.744 188.352 -7.77211 0.313996 25.7811
162.432 153.792 -7.58609 0.210321 25.9106
552.96 262.656 -8.79429 -0.853209 34.9012
618.624 205.632 -7.45841 -0.865257 31.6655
523.584 279.936 -9.20813 -0.677697 35.0941
395.712 177.984 -9.27058 -1.01789 31.1074
295.488 625.536 -8.43808 1.86144 28.149
65.664 587.52 -7.83556 1.19872 25.9861
79.488 546.048 -7.82484 1.10471 26.0002
96.768 516.672 -7.83867 1.04998 26.0707
46.656 473.472 -7.75923 0.922769 25.8175
525.312 530.496 -8.13272 1.91073 31.3413
929.664 285.12 -5.8477 0.461413 26.303
706.752 271.296 -6.68661 -0.286975 31.5833
729.216 195.264 -6.47938 -0.732745 30.7606
1204.42 304.128 -5.50841 0.568243 25.6777
1040.26 207.36 -5.67404 0.335182 26.0087
1161.22 148.608 -5.57313 0.293631 25.6893
1137.02 131.328 -5.60309 0.264444 25.7066
1022.98 74.304 -5.61042 -0.0575559 26.3553
1086.91 162.432 -5.63799 0.285289 25.8341
881.28 532.224 -5.97157 1.03235 26.1632
858.816 679.104 -6.01341 1.37351 26.1966
825.984 686.016 -6.03277 1.62411 26.9173
884.736 682.56 -5.98261 1.324 26.0149
708.48 584.064 -6.56469 2.02992 30.2105
644.544 578.88 -6.9535 1.95162 29.8764
844.992 383.616 -6.05048 0.703704 26.2601
839.808 452.736 -6.0539 0.871745 26.2821
724.032 504.576 -6.43559 1.42098 29.552
1140.48 686.016 -5.58023 1.22674 25.746
1102.46 682.56 -5.60561 1.25503 25.8609
1185.41 632.448 -5.55604 1.10275 25.6354
1031.62 537.408 -5.70353 1.00755 25.9546
991.872 611.712 -5.78169 1.15672 25.9672
1142.21 419.904 -5.5704 0.766038 25.7589
1128.38 423.36 -5.5805 0.770364 25.8007
1225.15 361.152 -5.51738 0.666291 25.5835
1150.85 454.464 -5.56901 0.824338 25.7312
1214.78 518.4 -5.53825 0.913468 25.5901
1007.42 368.064 -5.66942 0.662775 26.2834
1073.09 414.72 -5.6256 0.757349 25.9667
1059.26 395.712 -5.62982 0.724603 26.0214
990.144 509.76 -5.70541 0.992074 26.2662
1095.55 523.584 -5.6194 0.959163 25.8547
361.152 86.4 -9.41969 -1.65103 30.8079
1088.64 66.3552 -5.62409 0.0953496 25.8778
1078.27 39.3984 -5.62604 0.0231863 25.9211
1082.42 186.624 -5.64367 0.335479 25.8476
1084.49 161.741 -5.63927 0.283525 25.8336
1128.04 180.403 -5.6095 0.342876 25.7257
1099.01 190.771 -5.63337 0.35298 25.8055
1111.45 564.019 -5.58392 1.03375 25.8624
138.931 103.68 -7.6491 0.0895111 25.9152
120.269 93.312 -7.68804 0.0727535 25.9099
335.923 474.854 -9.89047 1.51156 31.5015
348.365 460.339 -10.325 1.46702 32.7268
344.218 416.794 -10.1172 1.03411 32.1041
435.456 416.794 -11.492 1.22341 38.31
1011.92 176.256 -5.72532 0.259647 26.0415
1051.32 636.595 -5.67971 1.18445 25.9073
1028.51 640.742 -5.70869 1.22233 25.9584
1051.32 622.08 -5.6551 1.18178 26.0077
1028.51 605.491 -5.73382 1.12349 25.853
329.702 412.646 -9.97537 0.953987 31.5182
298.598 418.867 -9.98403 0.997846 30.9859
410.573 429.235 -11.1501 1.32337 36.3461
412.646 375.322 -10.996 0.602044 35.9785
454.118 441.677 -10.9331 1.57897 37.6256
823.219 454.118 -6.0639 0.900775 26.6204
172.109 45.6192 -7.78163 -0.154615 26.2085
1007.77 219.802 -5.73892 0.362123 26.026
354.586 387.763 -10.2485 0.740751 32.5578
841.882 167.962 -6.02933 0.0763243 26.6686
1049.24 192.845 -5.6732 0.318202 25.9524
1051.32 165.888 -5.6664 0.260189 25.9585
406.426 470.707 -11.3111 1.98671 36.6733
387.763 479.002 -10.6185 1.84297 34.3045
383.616 452.045 -11.021 1.57187 35.1994
860.544 232.243 -5.98312 0.298155 26.4639
864.691 211.507 -6.00884 0.299028 26.2421
404.352 364.954 -11.0018 0.422867 35.7403
646.963 439.603 -7.02866 1.085 30.4015
841.882 122.342 -6.01689 -0.0522478 26.7063
128.563 234.317 -7.64174 0.400528 25.8954
45.6192 294.451 -7.74763 0.543402 25.7866
143.078 41.472 -7.73232 -0.104615 26.043
39.3984 188.698 -7.78374 0.310019 25.792
165.888 143.078 -7.60716 0.170472 25.9506
553.651 259.2 -8.81803 -0.866014 34.9839
588.902 267.494 -8.53388 -0.886123 36.0539
617.933 207.36 -7.51678 -0.906705 31.9639
570.24 199.066 -8.044 -1.08049 32.3959
441.677 248.832 -10.1394 -0.978217 34.6691
400.205 294.451 -12.3877 -0.862118 38.709
464.486 321.408 -9.82789 -0.0770909 34.6405
414.72 308.966 -13.0512 -0.82543 41.1331
350.438 170.035 -9.82415 -1.17254 31.4794
78.7968 545.357 -7.82482 1.1047 26.0002
47.6928 564.019 -7.79615 1.12316 25.8735
109.901 572.314 -7.82313 1.18691 26.1095
74.6496 400.205 -7.74944 0.767697 25.8716
78.7968 454.118 -7.82438 0.896096 25.9968
43.5456 472.781 -7.8216 0.93791 25.8907
526.694 530.842 -8.13272 1.91073 31.3413
398.131 624.154 -7.95682 1.87021 28.2642
609.638 362.88 -8.58547 0.268142 38.2942
626.227 491.443 -7.12663 1.43289 30.2115
603.418 468.634 -7.40113 1.33321 30.7697
348.365 501.811 -10.4153 1.92784 32.9493
707.098 271.642 -6.73725 -0.358915 32.18
883.354 120.269 -5.95268 0.0454265 26.3635
1138.41 331.776 -5.57039 0.611337 25.7823
1107.3 344.218 -5.58515 0.62769 25.8789
1061.68 91.2384 -5.65992 0.126031 25.9049
1032.65 87.0912 -5.68086 0.0801674 26.0364
970.445 188.698 -5.76156 0.251069 26.2429
974.592 122.342 -5.73631 0.0674407 26.3158
833.587 570.24 -6.04763 1.18751 26.4434
914.458 582.682 -5.93578 1.10091 25.9248
889.575 572.314 -5.96498 1.1061 26.0516
939.341 543.283 -5.89946 1.01129 25.8705
881.28 530.842 -5.9752 1.04964 26.1718
839.808 605.491 -6.05354 1.21296 26.1965
707.098 582.682 -6.60301 2.15202 30.8061
642.816 576.461 -6.95175 1.95089 29.8782
678.067 541.21 -6.76658 1.75367 30.1892
655.258 537.062 -6.90626 1.71756 30.0855
843.955 383.616 -6.05227 0.711905 26.2633
837.734 452.045 -6.05538 0.868027 26.271
740.275 402.278 -6.35544 0.789071 30.1382
659.405 497.664 -6.88809 1.4687 30.1298
1163.29 576.461 -5.55437 1.03249 25.7208
1229.65 593.05 -5.51066 1.02964 25.5934
1107.3 671.846 -5.60338 1.23222 25.8252
1184.03 632.448 -5.55662 1.10679 25.6377
966.298 541.21 -5.84995 1.00505 25.863
1084.49 601.344 -5.61707 1.12722 25.9182
1045.09 597.197 -5.68056 1.12375 25.9728
1061.68 541.21 -5.63079 1.0213 26.0134
976.666 630.375 -5.82889 1.17345 25.8772
1040.95 653.184 -5.68503 1.23806 25.9639
1088.64 617.933 -5.61515 1.14927 25.8873
1140.48 418.867 -5.57644 0.767753 25.7489
1128.04 420.941 -5.57223 0.773534 25.822
1225.5 360.806 -5.5153 0.666232 25.5978
1136.33 505.958 -5.58826 0.916163 25.739
1150.85 454.118 -5.57007 0.822438 25.7255
1111.45 464.486 -5.58902 0.854207 25.8499
1016.06 418.867 -5.66184 0.786197 26.2231
1026.43 418.867 -5.65731 0.781526 26.1565
1022.28 398.131 -5.65721 0.733723 26.2073
1030.58 445.824 -5.65255 0.837505 26.1369
1069.98 79.6263 -5.63873 0.100298 25.9338
1077.44 47.2781 -5.6283 0.0388846 25.9235
1129.7 121.928 -5.60834 0.249803 25.7298
860.959 231.414 -5.99218 0.308851 26.4709
383.201 370.76 -10.206 0.563994 33.1403
410.573 405.596 -10.4748 0.952268 34.6157
664.382 420.526 -6.88974 0.946931 30.3131
405.596 470.293 -11.3071 1.99165 36.6843
405.596 450.386 -10.7686 1.54676 35.1499
418.038 400.62 -10.6293 0.951188 35.1571
629.545 435.456 -7.14159 1.08165 30.3825
676.823 539.966 -6.76359 1.73827 30.1634
569.825 196.577 -7.82769 -0.888175 31.3951
669.358 74.6496 -6.86181 -1.35495 29.979
928.143 283.669 -5.8477 0.461413 26.303
1007.77 340.9 -5.66553 0.59917 26.2395
544.942 544.942 -7.85017 1.92377 30.8181
1194.39 440.433 -5.55404 0.785279 25.6095
410.573 179.159 -9.09652 -0.998192 31.0553
350.853 171.694 -9.59029 -1.04774 30.9737
987.863 507.617 -5.71484 0.979728 26.2883
1137.16 330.947 -5.56736 0.610049 25.7947
440.433 248.832 -10.1394 -0.978217 34.6691
1206.84 664.382 -5.56181 1.13031 25.5463
1181.95 649.452 -5.55798 1.13518 25.6491
97.0445 323.482 -7.71198 0.599316 25.8946
74.6496 323.482 -7.66556 0.600901 25.7623
47.2781 293.622 -7.73953 0.540739 25.7721
622.08 544.942 -7.15358 1.80293 30.2259
885.842 62.208 -5.93318 -0.110875 26.3879
92.0679 221.461 -7.70729 0.372016 25.8535
74.6496 129.393 -7.68613 0.201764 25.7672
378.225 273.715 -12.1941 -1.04429 37.4176
462.828 318.505 -9.76908 -0.089516 34.3953
552.407 261.274 -8.40834 -0.64052 33.2612
522.547 278.692 -9.20813 -0.677697 35.0941
564.849 201.554 -7.93416 -0.922395 31.6496
863.447 669.358 -6.00704 1.34777 26.1366
1040.12 340.9 -5.62984 0.607071 26.1422
1204.35 408.085 -5.54627 0.743367 25.609
1224.25 360.806 -5.5171 0.669357 25.5991
1184.44 388.178 -5.55971 0.713115 25.631
1189.42 549.919 -5.55909 0.970593 25.6111
1020.21 497.664 -5.66995 0.952623 26.152
1055.05 554.895 -5.64436 1.05087 26.0139
1211.81 47.2781 -5.50488 0.145339 25.6569
79.6263 579.779 -7.83723 1.1966 26.0352
84.6029 557.384 -7.83004 1.14259 26.0374
77.1379 544.942 -7.82726 1.10774 26.0007
84.6029 482.734 -7.81974 0.961782 26.0035
1181.95 124.416 -5.54237 0.264469 25.6843
1162.05 574.802 -5.55842 1.02849 25.7202
1092.37 522.547 -5.6194 0.959163 25.8547
1069.98 413.061 -5.62571 0.759123 25.9656
1022.7 398.131 -5.65806 0.735198 26.1879
124.416 457.851 -7.80484 0.917678 26.1085
734.055 470.293 -6.40109 1.30009 30.5007
913.214 646.963 -5.94649 1.23048 25.9315
920.679 604.662 -5.92695 1.13758 25.8812
980.398 661.893 -5.81048 1.23894 25.9154
965.468 646.963 -5.86863 1.17979 25.7684
987.863 629.545 -5.79004 1.19105 25.9651
965.468 614.615 -5.85684 1.13972 25.8637
659.405 497.664 -6.90009 1.46446 30.1808
664.382 440.433 -6.87041 1.07413 30.1479
1149.6 452.874 -5.56939 0.820285 25.7282
1122.23 452.874 -5.58457 0.825768 25.8308
413.061 308.552 -12.9014 -0.795001 40.6175
1082.42 617.103 -5.62238 1.15064 25.8962
1027.68 604.662 -5.71303 1.14466 25.956
970.445 189.112 -5.76422 0.250206 26.2425
1132.19 644.475 -5.58584 1.16331 25.7738
1107.3 669.358 -5.60299 1.23327 25.8323
1119.74 632.033 -5.58849 1.15371 25.8203
273.715 340.9 -10.8337 0.302585 32.1519
1124.72 79.6263 -5.60237 0.163645 25.7616
880.865 530.012 -5.97214 1.03353 26.1632
385.69 480.246 -10.8427 1.90591 34.7982
1062.51 92.0679 -5.64547 0.116343 25.9636
1030.16 47.2781 -5.6001 -0.107207 26.3217
134.369 176.671 -7.63297 0.266084 25.8988
166.717 141.834 -7.60894 0.171091 25.9505
121.928 144.323 -7.72683 0.175718 25.9758
843.541 383.201 -6.05048 0.703704 26.2601
1050.07 164.229 -5.67418 0.266843 25.9343
1065 144.323 -5.65064 0.235275 25.9256
335.923 383.201 -9.92715 0.706117 31.5393
350.853 368.271 -10.1871 0.572466 32.3576
818.16 591.225 -6.08803 1.24035 26.456
441.926 406.094 -11.2817 1.04468 37.8163
594.211 313.528 -8.30465 -0.249002 35.2534
600.183 295.612 -8.5945 -0.590096 36.7733
564.351 203.047 -7.84969 -0.817885 31.2549
1212.31 513.589 -5.53854 0.913972 25.5906
928.641 283.669 -5.85492 0.464393 26.2965
880.865 283.669 -5.9625 0.463368 26.3147
549.421 543.449 -7.85017 1.92377 30.8181
525.533 531.505 -8.13272 1.91073 31.3413
1003.29 462.828 -5.67928 0.882791 26.2665
77.6356 83.6076 -7.70887 0.0873191 25.8024
555.393 101.523 -7.67676 -1.25874 30.1426
516.575 98.5375 -8.00036 -1.35076 30.3123
1042.11 340.402 -5.6306 0.600079 26.1433
438.94 247.837 -10.1394 -0.978217 34.6691
1191.41 549.421 -5.56366 0.967039 25.603
612.127 570.323 -7.23279 2.00086 30.2366
624.071 543.449 -7.19741 1.82105 30.493
591.225 543.449 -7.62802 2.06161 31.6404
836.076 641.987 -6.06445 1.3206 26.2931
877.879 116.453 -5.96123 0.0520764 26.3178
886.837 62.7057 -5.9349 -0.120271 26.4258
964.473 573.309 -5.86303 1.06327 25.8601
940.585 543.449 -5.90291 1.0132 25.8726
1101.83 573.309 -5.59817 1.06032 25.8906
1092.87 522.547 -5.6105 0.968153 25.8882
376.234 271.725 -11.9476 -0.975856 36.7484
621.085 262.767 -7.73625 -0.687088 33.739
588.239 265.753 -8.39285 -0.811426 35.1112
113.467 137.355 -7.75552 0.162699 25.9839
409.08 179.159 -9.12464 -0.989173 31.1037
352.346 173.187 -9.82415 -1.17254 31.4794
98.5375 289.641 -7.70152 0.511236 25.8724
113.467 256.795 -7.62355 0.45332 25.8221
910.725 647.959 -5.94369 1.2147 25.9019
892.809 650.945 -5.96441 1.26289 26.0542
895.795 624.071 -5.96072 1.20131 26.0055
119.439 388.178 -7.80888 0.743142 26.0792
83.6076 579.281 -7.83773 1.18991 26.0404
740.524 397.136 -6.34087 0.760772 29.2072
1063.01 540.463 -5.63529 1.02226 26.0136
1137.66 507.617 -5.58522 0.919408 25.753
1074.95 492.687 -5.61581 0.924363 25.9855
1021.21 495.673 -5.6708 0.950144 26.1518
1033.15 441.926 -5.64694 0.830072 26.152
1206.34 424.01 -5.55513 0.766648 25.584
1185.44 388.178 -5.55959 0.713117 25.6353
1063.01 391.164 -5.62861 0.714114 26.0245
677.818 498.659 -6.77403 1.4684 30.1772
683.79 441.926 -6.74589 1.08714 30.0971
665.875 438.94 -6.87041 1.07413 30.1479
468.8 462.828 -10.6207 1.87951 37.4384
1128.7 418.038 -5.58032 0.768116 25.8109
1137.66 394.15 -5.57528 0.718405 25.7741
1113.77 361.304 -5.58289 0.660444 25.8723
1185.44 89.5795 -5.53658 0.206667 25.6892
1188.42 80.6216 -5.53197 0.186121 25.6932
973.431 253.809 -5.72914 0.382432 26.3904
967.459 647.959 -5.84831 1.21434 25.865
970.445 188.117 -5.75684 0.233434 26.2585
1003.29 152.285 -5.73115 0.207857 26.0622
510.603 283.669 -9.85293 -0.778777 36.6776
677.818 540.463 -6.76359 1.73827 30.1634
1116.76 639.001 -5.60569 1.163 25.7727
1140.65 621.085 -5.5797 1.11995 25.7697
1137.66 95.5515 -5.59635 0.205375 25.7171
1125.72 80.6216 -5.60154 0.162795 25.7616
1107.8 56.7337 -5.60259 0.0937755 25.8316
836.076 477.758 -6.04635 0.945279 26.479
134.369 310.542 -7.66222 0.551375 25.9328
122.425 95.5515 -7.64161 0.0910928 25.8485
170.201 86.5936 -7.8205 -0.0688264 26.2755
170.201 170.201 -7.58103 0.249983 25.9338
167.215 143.327 -7.6069 0.168906 25.9534
833.09 435.954 -6.06608 0.837332 26.2782
845.034 382.206 -6.05236 0.704339 26.2596
895.795 558.379 -5.95414 1.08176 26.0914
1045.09 650.945 -5.67113 1.24666 25.9968
1054.05 621.085 -5.65519 1.17889 26.0073
1030.16 606.155 -5.7189 1.13746 25.9463
400.122 358.318 -10.9019 0.340722 35.311
385.192 480.743 -11.2858 2.03291 35.9537
358.318 492.687 -10.7485 1.99331 33.9378
409.08 471.786 -11.3071 1.99165 36.6843
647.959 435.954 -7.02508 1.05385 30.3362
340.402 352.346 -9.88992 0.430464 31.4732
274.711 340.402 -10.6934 0.296985 31.8705
1015.23 83.6076 -5.70781 0.0664224 26.0482
462.828 379.22 -10.5039 0.647609 36.6184
346.374 412.066 -10.1763 1.00429 32.2378
382.206 370.262 -10.6106 0.537099 34.0098
376.234 394.15 -10.2897 0.806704 33.1683
704.692 274.711 -6.63482 -0.101953 30.3162
573.309 197.075 -7.92307 -0.955631 31.8221
1207.53 333.236 -5.53712 0.620688 25.5958
1203.95 311.737 -5.52872 0.580196 25.6413
1189.62 551.81 -5.55844 0.967458 25.6009
1207.53 526.728 -5.54398 0.921699 25.5847
100.329 286.655 -7.69951 0.521616 25.8857
75.2468 322.486 -7.66359 0.599349 25.7579
75.2468 128.995 -7.70313 0.185713 25.8053
437.148 247.24 -10.1864 -1.00749 34.7218
738.135 397.733 -6.39104 0.784384 30.9598
827.715 293.821 -6.09085 0.494701 26.292
888.629 573.309 -5.96428 1.11658 26.0766
609.141 573.309 -7.19874 1.97422 30.0576
591.225 544.644 -7.64088 2.08046 31.7452
867.13 136.161 -5.9802 0.0791777 26.3227
1200.37 408.483 -5.54659 0.740381 25.6119
408.483 179.159 -9.12464 -0.989173 31.1037
379.817 193.492 -9.73823 -1.06143 31.8575
354.735 171.993 -9.59029 -1.04774 30.9737
584.059 265.155 -8.53388 -0.886123 36.0539
605.558 229.324 -6.52252 0.431965 25.6233
698.72 333.236 -6.73517 0.209939 31.5826
895.795 648.556 -5.96509 1.25962 26.0066
885.046 591.225 -5.96534 1.14199 26.058
963.876 612.724 -5.86141 1.13781 25.8603
992.541 558.976 -5.7936 1.04811 25.9096
999.708 544.644 -5.79605 1.00629 25.8369
938.794 544.644 -5.9041 1.01439 25.883
924.461 283.071 -5.86011 0.467247 26.2902
881.463 283.071 -5.9625 0.463368 26.3147
863.547 211.408 -5.98771 0.253792 26.3627
1092.87 519.561 -5.61611 0.96184 25.8815
734.552 465.814 -6.36886 1.22786 30.1947
1031.96 641.39 -5.70426 1.21302 25.96
1028.37 605.558 -5.71274 1.14122 25.957
1135.87 508.812 -5.58481 0.913155 25.7383
1182.45 89.5795 -5.53293 0.202403 25.6907
125.411 458.647 -7.804 0.920392 26.1094
75.2468 458.647 -7.8298 0.896249 25.9849
702.304 573.309 -6.57645 1.92151 30.036
673.638 551.81 -6.79181 1.82595 30.1545
1071.37 490.896 -5.61038 0.914992 25.9882
1017.62 437.148 -5.66752 0.826551 26.221
1085.7 157.66 -5.63837 0.27686 25.8408
1110.79 361.901 -5.5877 0.667898 25.8732
82.4132 361.901 -7.74562 0.679603 25.907
121.828 143.327 -7.65844 0.193509 25.8844
530.311 286.655 -10.0897 -0.942877 38.7906
978.209 250.823 -5.76034 0.402326 26.1734
677.221 498.062 -6.7964 1.47498 30.323
136.161 179.159 -7.63227 0.264013 25.8993
164.826 139.744 -7.60988 0.165462 25.9509
336.819 351.152 -9.79692 0.441757 31.2648
275.905 336.819 -10.6934 0.296985 31.8705
408.483 472.98 -11.3071 1.99165 36.6843
365.485 455.064 -10.3471 1.43726 33.1138
243.656 501.645 -11.2691 1.86639 32.4799
401.316 358.318 -10.8773 0.347372 35.1792
1082.12 648.556 -5.62351 1.21525 25.892
1125.12 616.307 -5.58506 1.12227 25.8085
1082.12 616.307 -5.61687 1.1444 25.8968
458.647 379.817 -11.0011 0.639843 38.0509
75.2468 265.155 -7.78106 0.458981 25.9169
89.5795 222.157 -7.75769 0.362574 25.9246
1035.54 179.159 -5.68783 0.276937 26.0188
1114.37 96.7459 -5.60964 0.175349 25.7615
1132.29 93.1627 -5.59947 0.199242 25.7266
386.984 408.483 -10.5076 0.969323 34.0113
343.985 412.066 -10.1351 0.978848 32.1577
691.554 587.642 -6.30176 0.881478 24.8078
1010.46 340.402 -5.66878 0.591588 26.2639
859.964 293.821 -5.98806 0.43409 26.6719
279.488 637.806 -8.25971 1.79066 27.6495
612.724 207.825 -7.55593 -0.907028 32.0268
562.56 204.241 -7.83261 -0.796474 31.1295
555.393 100.329 -7.73568 -1.34903 30.3908
555.393 257.989 -8.48197 -0.697307 33.5676
705.17 571.876 -6.60395 1.9914 30.4045
120.395 490.179 -7.81369 1.00086 26.114
98.8958 490.179 -7.82941 0.991026 26.0724
124.695 455.781 -7.79919 0.914147 26.1126
81.6965 124.695 -7.68834 0.196545 25.7844
124.695 98.8958 -7.62619 0.0998397 25.8427
81.6965 576.176 -7.83819 1.19205 26.0529
111.795 528.878 -7.82136 1.09652 26.1072
584.775 262.289 -7.44653 -0.205266 30.2864
589.075 541.777 -7.69607 2.09996 31.9677
838.465 597.675 -6.04747 1.24468 26.3894
924.461 614.874 -5.92902 1.15045 25.8819
907.262 584.775 -5.94538 1.11249 25.9739
890.062 589.075 -5.96575 1.14292 26.0483
1130.85 417.082 -5.57401 0.768075 25.8224
1139.45 395.583 -5.57371 0.730484 25.7771
1074.95 485.879 -5.61116 0.911152 25.99
1130.85 442.881 -5.5822 0.803463 25.7854
1105.05 460.081 -5.59267 0.843647 25.8596
1186.75 124.695 -5.53475 0.273423 25.6864
1195.35 404.183 -5.5539 0.738193 25.5963
1148.05 391.283 -5.57414 0.711681 25.7459
632.073 429.982 -7.1403 1.02903 30.3921
928.761 283.788 -5.85949 0.46037 26.2979
1066.35 408.483 -5.6205 0.749815 26.0124
601.975 468.68 -7.39062 1.32529 30.6819
1019.06 503.079 -5.67564 0.966127 26.1599
1036.26 438.581 -5.64478 0.829246 26.1371
1031.96 464.38 -5.66099 0.883331 26.1395
1049.16 550.377 -5.67881 1.03365 25.9729
1010.46 550.377 -5.75712 1.03547 25.9711
1062.06 541.777 -5.63174 1.02116 26.0133
137.594 176.293 -7.63875 0.268018 25.8978
275.188 335.386 -10.4991 0.302344 31.5122
434.282 412.783 -11.6006 1.19328 38.5241
451.481 378.384 -11.0146 0.601507 37.7673
1053.46 128.995 -5.65955 0.183772 26.0041
1014.76 81.6965 -5.61444 -0.0666216 26.405
1049.16 210.691 -5.67301 0.359404 25.947
1010.46 180.592 -5.74036 0.285767 25.9538
1083.55 614.874 -5.6217 1.15133 25.8953
1135.15 597.675 -5.5828 1.08326 25.7727
1083.55 606.274 -5.61557 1.13368 25.9015
838.465 159.093 -6.03619 0.0672492 26.6749
584.775 305.287 -8.45347 -0.314824 35.6748
1079.25 107.495 -5.64145 0.151174 25.8992
1100.75 90.2962 -5.61861 0.169117 25.7968
103.196 283.788 -7.6904 0.516339 25.8775
90.2962 223.591 -7.76232 0.362298 25.9311
1126.55 176.293 -5.61173 0.338149 25.7044
1083.55 167.693 -5.64115 0.290187 25.8429
421.382 399.883 -10.6293 0.951188 35.1571
666.472 429.982 -6.90239 1.05161 30.3322
984.658 503.079 -5.71925 0.975368 26.3245
1156.65 447.181 -5.55926 0.808888 25.7321
967.459 610.574 -5.85338 1.14213 25.8654
1195.35 550.377 -5.55843 0.969631 25.6009
1092.15 515.978 -5.61458 0.961418 25.9093
1156.65 159.093 -5.57759 0.324191 25.6901
877.163 120.395 -5.96907 0.0725305 26.2208
524.578 528.878 -8.22198 1.96944 31.6859
356.885 171.993 -9.55684 -1.02664 30.9918
610.574 210.691 -7.52239 -0.904223 31.9615
554.677 98.8958 -7.59167 -1.19178 29.7914
438.581 245.09 -10.1864 -1.00749 34.7218
511.678 283.788 -9.66455 -0.734476 36.0628
510.818 283.788 -9.74004 -0.754067 36.4192
681.091 479.86 -6.78756 1.32939 30.2853
681.091 438.581 -6.73616 1.03404 30.0111
815.246 356.025 -6.11176 0.64132 26.2624
1176.43 397.303 -5.5542 0.723639 25.6576
170.273 170.273 -7.49003 0.278344 25.8057
361.185 175.433 -10.051 -1.27166 32.1669
366.345 454.061 -10.3471 1.43726 33.1138
603.694 469.54 -7.48656 1.44542 31.0825
737.849 464.38 -6.33114 1.16999 29.5011
830.725 216.711 -6.07426 0.286012 26.2894
1026.8 505.659 -5.66545 0.964901 26.1037
128.995 361.185 -7.8151 0.667508 26.1115
1042.28 402.463 -5.6388 0.741119 26.0936
1021.64 412.783 -5.66021 0.760115 26.1641
1031.96 386.984 -5.64271 0.706983 26.1524
1068.07 149.634 -5.64841 0.24487 25.9103
340.546 469.54 -10.0415 1.45104 31.9241
1047.44 211.551 -5.67595 0.356051 25.9506
1037.12 180.592 -5.69233 0.28698 25.9352
1124.83 175.433 -5.60847 0.332067 25.7275
1078.39 165.113 -5.6463 0.304121 25.8257
392.143 423.102 -11.8581 1.34103 37.8271
1150.63 448.901 -5.56566 0.813342 25.7322
1047.44 608.854 -5.71851 1.11007 25.8438
1088.71 515.978 -5.61423 0.958566 25.9346
706.89 572.736 -6.68637 2.15024 31.3858
887.482 588.215 -5.9672 1.1354 26.0526
887.482 505.659 -5.96987 0.968469 26.2214
975.199 175.433 -5.75233 0.182791 26.2647
1155.79 159.953 -5.58205 0.319491 25.69
1011.32 340.546 -5.66298 0.595665 26.2702
1001 227.03 -5.75296 0.37924 26.0712
980.359 247.67 -5.76953 0.410203 26.069
1083.55 335.386 -5.59369 0.599858 26.0199
681.091 211.551 -6.97965 -0.940491 32.4056
841.044 123.835 -6.06984 0.148654 25.9988
490.179 583.055 -8.52769 2.42056 31.7033
629.493 531.458 -7.0895 1.66818 30.1737
526.298 531.458 -8.3118 1.99856 32.0026
608.854 211.551 -7.54414 -0.861013 31.8128
562.416 206.391 -7.76585 -0.750329 30.914
515.978 98.0359 -7.98026 -1.33881 30.2419
433.422 242.51 -10.0499 -0.971599 34.2102
366.345 268.309 -11.3557 -0.83045 35.1523
583.055 263.149 -8.12586 -0.670215 33.5501
108.355 196.072 -7.73628 0.275437 25.9621
139.314 314.747 -7.66167 0.549428 25.9414
712.05 359.121 -6.40426 0.605667 27.5518
712.05 569.64 -6.55939 1.88756 29.8503
842.076 142.41 -6.01748 0.0171422 26.6188
879.227 117.643 -5.9687 0.0593745 26.2659
842.076 123.835 -6.01806 -0.054287 26.7061
1102.13 365.313 -5.58833 0.665063 25.9046
1089.75 210.519 -5.63728 0.358657 25.8309
1064.98 210.519 -5.71545 0.400506 25.7718
582.023 303.395 -8.49919 -0.33309 35.3732
885.419 278.628 -5.95464 0.4584 26.2279
1151.66 476.764 -5.56913 0.868725 25.7377
136.218 359.121 -7.81873 0.660413 26.1126
123.835 260.053 -7.65261 0.430353 25.8885
421.038 470.572 -13.0146 2.42444 41.7465
396.271 470.572 -10.4509 1.73284 34.0124
978.295 123.835 -5.74676 0.0873323 26.2515
315.779 402.463 -10.2922 0.88206 31.9213
1095.94 160.985 -5.63799 0.293713 25.8282
1052.6 123.835 -5.6597 0.12822 26.0223
1034.02 464.38 -5.65903 0.845729 26.1227
1027.83 408.655 -5.66047 0.756284 26.172
934.953 557.256 -5.90476 1.04923 25.8844
1089.75 569.64 -5.62044 1.05899 25.8501
1089.75 513.914 -5.60491 0.971883 25.9816
848.268 451.997 -6.03884 0.875107 26.246
674.9 538.681 -6.75287 1.72173 29.7561
891.61 582.023 -5.96184 1.11448 25.9901
885.419 501.531 -5.96598 0.967221 26.2039
1009.25 340.546 -5.66298 0.595665 26.2702
1077.36 352.929 -5.60109 0.62866 26.0016
612.982 569.64 -7.22611 1.99551 30.2438
538.681 532.49 -8.36668 2.03778 32.3127
563.448 204.327 -6.52956 0.469772 25.3662
482.956 297.203 -9.97839 -0.435233 35.7237
396.271 352.929 -11.6138 0.286176 36.92
142.41 179.56 -7.62227 0.273263 25.8971
142.41 136.218 -7.62374 0.177393 25.8938
326.924 401.225 -9.95011 0.933065 31.7153
371.504 482.956 -9.71904 1.64423 31.8721
430.945 237.763 -9.96653 -0.968997 33.857
401.225 178.322 -9.79712 -1.29904 32.5919
616.697 572.117 -7.22611 1.99551 30.2438
616.697 557.256 -7.13381 1.94309 30.1544
579.547 557.256 -7.69656 2.02762 31.6141
1040.21 200.612 -5.67459 0.331746 25.9718
334.354 468.095 -9.69391 1.40846 31.095
824.74 468.095 -6.1304 0.880816 26.1903
1092.22 163.462 -5.63621 0.293973 25.8272
393.795 356.644 -10.2673 0.360561 33.434
401.225 304.634 -9.76625 -0.153395 32.1957
1025.35 386.365 -5.65367 0.710026 26.1693
1084.79 512.676 -5.63614 0.945003 25.8111
676.138 430.945 -6.73456 1.03603 30.0283
668.708 542.396 -6.58921 1.38058 27.9732
676.138 490.386 -6.61724 1.21742 28.5087
884.18 505.246 -5.95569 0.976424 26.1414
1099.65 193.182 -5.63512 0.358634 25.8311
973.341 245.193 -5.76953 0.410203 26.069
1077.36 349.214 -5.60764 0.640339 26.0026
676.138 208.042 -6.83983 -0.657485 30.8138
839.6 141.172 -6.02358 0.032823 26.6188
884.18 274.913 -5.98206 0.482117 26.1056
601.837 215.473 -7.68798 -0.942912 32.3993
609.267 163.462 -7.29972 -0.962747 30.7298
482.956 297.203 -9.79649 -0.426052 35.2448
520.106 304.634 -11.1525 -0.704762 41.92
557.256 252.623 -8.63243 -0.916136 34.463
148.602 222.903 -7.61486 0.368606 25.9018
141.172 141.172 -7.58075 0.188296 25.836
141.172 312.064 -8.07171 0.493488 26.4543
748.953 427.973 -6.24978 0.836484 26.9821
820.282 240.735 -6.09242 0.375204 26.2783
1007.52 169.406 -5.76021 0.290565 25.9522
1087.76 347.728 -5.60254 0.634747 26.0011
1087.76 329.896 -5.5922 0.627399 25.9967
472.554 374.476 -9.93855 0.570393 35.0027
517.134 285.315 -8.26624 -0.165785 31.2899
606.295 463.637 -7.28412 1.24231 30.8225
579.547 303.148 -7.98326 -0.163308 32.7614
882.694 249.651 -5.96157 0.354787 26.237
864.862 213.987 -5.9994 0.201667 26.7765
1061.02 445.805 -5.63763 0.853691 26.0585
1069.93 427.973 -5.62997 0.775736 25.9583
1016.44 427.973 -5.67073 0.82916 26.2235
677.624 436.889 -6.80179 1.03225 30.2652
820.282 383.392 -6.09149 0.653204 26.2573
980.771 526.05 -5.84567 0.960885 25.8737
980.771 499.302 -5.77481 0.933282 26.0553
891.61 508.218 -5.9594 0.966224 26.146
1034.27 499.302 -5.6697 0.959781 26.1142
677.624 481.47 -6.76222 1.36326 29.9884
980.771 240.735 -5.6981 0.353059 26.4602
722.204 356.644 -6.35874 0.60772 27.3069
882.694 294.231 -5.93766 0.41695 26.5182
490.386 454.721 -7.19424 0.982722 27.1244
410.141 365.56 -9.67866 0.550881 32.5732
499.302 481.47 -7.83999 1.34931 29.3609
543.882 534.966 -7.98314 1.89156 31.0552
624.127 508.218 -7.07947 1.50605 29.8523
178.322 401.225 -6.48397 0.733027 24.4191
597.379 213.987 -7.54243 -0.71863 31.2305
481.47 303.148 -10.4045 -0.504554 36.9969
365.56 178.322 -9.38591 -0.940625 30.7348
1007.52 445.805 -5.67531 0.858612 26.2116
