1246 330 -2.03862 -1.69022 4.02085
1033 247 -2.17277 -1.87654 4.38502
1165 535 -2.07821 -1.59572 4.10223
1214 609 -2.05649 -1.5575 4.07923
1099 560 -2.11644 -1.58508 4.18169
1113 525 -2.10716 -1.60608 4.16687
1220 464 -2.05188 -1.62738 4.04093
1246.3 330 -2.03906 -1.68746 4.01082
1034 246.4 -2.16897 -1.86628 4.357
1016.4 309.1 -2.19087 -1.82094 4.39566
1258.4 59.4 -2.02885 -1.80113 3.95787
1196.8 24.2 -2.0499 -1.85593 4.01224
1139.6 127.6 -2.07996 -1.85247 4.11905
1255.1 177.1 -2.03216 -1.75584 3.9882
1038.4 77 -2.16069 -2.02572 4.34285
1030.7 50.6 -2.16477 -2.04377 4.32811
1164.9 535.7 -2.07858 -1.5973 4.11903
1233.1 684.2 -2.04797 -1.51825 4.11849
1222.1 675.4 -2.0543 -1.52347 4.08925
1100 559.9 -2.11564 -1.58449 4.17308
1190.2 388.3 -2.06323 -1.66546 4.03952
1113.2 525.8 -2.10621 -1.60515 4.16
1026.08 148.83 -2.17356 -1.96137 4.35562
1154.34 243.21 -2.07599 -1.76698 4.09768
1212.42 274.67 -2.04686 -1.7387 4.08198
1226.94 320.65 -2.04637 -1.69338 4.01508
1020.03 246.84 -2.18104 -1.86848 4.36196
1021.24 189.97 -2.18018 -1.92686 4.36977
1196.69 24.2 -2.05041 -1.84289 3.98872
1026.08 91.96 -2.16792 -1.9988 4.31978
1026.08 55.66 -2.16454 -2.02255 4.29854
1034.55 187.55 -2.17099 -1.93096 4.38093
1137.4 532.4 -2.09298 -1.60137 4.15654
1242.67 609.84 -2.04383 -1.55724 4.08066
1248.72 551.76 -2.0407 -1.58545 4.05558
1134.98 617.1 -2.09654 -1.55014 4.16123
1232.99 683.65 -2.04859 -1.51885 4.09983
1090.21 537.24 -2.12193 -1.59993 4.19071
1255.98 445.28 -2.03565 -1.63582 4.03861
1171.28 487.63 -2.07391 -1.621 4.09319
1249.93 453.75 -2.03928 -1.63162 4.03951
1212.54 275.517 -2.04707 -1.74171 4.09093
1228.51 316.778 -2.04576 -1.69552 4.01412
1034.19 244.904 -2.17189 -1.87404 4.37671
1030.19 308.792 -2.17896 -1.82474 4.40922
1114.05 33.275 -2.09098 -1.8914 4.06622
1252.47 175.692 -2.03225 -1.75519 3.98671
1026.2 91.839 -2.17054 -2.00916 4.33839
1034.19 58.564 -2.16236 -2.03801 4.33178
1020.88 183.678 -2.17905 -1.92706 4.35509
1024.87 137.093 -2.1727 -1.96384 4.33713
1034.19 189.002 -2.16829 -1.92384 4.36297
1038.18 133.1 -2.16304 -1.97318 4.35225
1213.87 606.936 -2.05704 -1.55763 4.07178
1193.91 529.738 -2.0651 -1.59704 4.07986
1134.01 616.253 -2.09617 -1.54988 4.15467
1253.8 614.922 -2.04029 -1.55439 4.05477
1099.41 559.02 -2.1167 -1.58558 4.18423
1171.28 487.146 -2.07384 -1.622 4.09934
1032.86 362.032 -2.17876 -1.77347 4.41114
1026.2 451.209 -2.19944 -1.70826 4.52134
1232.77 683.735 -2.04889 -1.51945 4.09881
1105.4 464.12 -2.10934 -1.64192 4.14668
1178.6 652.989 -2.07319 -1.53252 4.10714
1162.5 535.861 -2.07974 -1.59617 4.11703
1134.68 543.181 -2.09542 -1.5962 4.17626
1190.31 389.451 -2.06258 -1.66841 4.05442
1226.92 316.246 -2.04668 -1.69688 4.02393
1219.6 462.656 -2.05175 -1.62745 4.0427
1117.11 213.759 -2.09542 -1.79044 4.10485
1038.05 76.1332 -2.161 -2.02667 4.34421
1098.08 55.6358 -2.10135 -1.89319 4.09258
1033.65 58.564 -2.16337 -2.04037 4.33755
1248.88 551.966 -2.0407 -1.5854 4.05346
1036.58 133.233 -2.16721 -1.98462 4.37565
1112.72 32.2102 -2.08967 -1.87926 4.045
1102.47 278.179 -2.10748 -1.75881 4.13249
1055.62 423.125 -2.16508 -1.72397 4.4588
1019.01 38.0666 -2.1735 -2.06012 4.32906
1220.77 673.193 -2.05456 -1.52379 4.11103
1098.37 558.847 -2.11746 -1.58654 4.18643
1162.79 534.689 -2.07954 -1.59546 4.11236
1190.17 389.743 -2.06273 -1.66878 4.0557
1112.86 525.026 -2.10705 -1.60577 4.15939
1167.62 412.291 -2.07457 -1.66386 4.09027
1106.42 270.566 -2.10598 -1.76897 4.14781
1220.77 462.216 -2.05179 -1.6279 4.04376
1241.7 608.773 -2.04397 -1.55703 4.07906
1248.15 550.794 -2.04023 -1.58555 4.05263
1191.78 529.858 -2.06543 -1.59779 4.08347
1033.95 188.43 -2.16953 -1.92479 4.3643
1093.54 288.281 -2.11315 -1.75676 4.14653
1030.73 307.607 -2.17688 -1.82096 4.3949
1033.95 219.029 -2.16813 -1.89245 4.35903
1040.39 413.901 -2.17984 -1.7371 4.47284
1032.34 362.365 -2.17815 -1.77247 4.40616
1177.28 59.5889 -2.05583 -1.89352 4.11542
1019.45 38.6522 -2.17172 -2.05352 4.31813
1021.06 190.04 -2.17851 -1.91958 4.35201
1167.46 411.002 -2.07521 -1.66275 4.08832
1211.75 276.364 -2.04746 -1.74151 4.08997
1227.69 320.653 -2.04628 -1.69461 4.01134
1227.69 315.338 -2.04601 -1.69694 4.01888
1190.49 387.972 -2.06276 -1.66893 4.05722
1101.91 276.364 -2.10756 -1.76007 4.13268
1119.63 212.587 -2.09448 -1.79017 4.10351
1020.42 359.627 -2.18946 -1.7734 4.40613
1034.59 58.4615 -2.16165 -2.03399 4.32652
1220.61 460.606 -2.05258 -1.62487 4.02049
1171 487.179 -2.07381 -1.62186 4.09987
1231.23 581.072 -2.04876 -1.56965 4.04931
1211.75 604.102 -2.05711 -1.55843 4.0756
1192.26 529.697 -2.06535 -1.59854 4.08563
1093.05 288.764 -2.11189 -1.7544 4.13911
1031.05 306.48 -2.1772 -1.81891 4.38696
1036.36 132.867 -2.15937 -1.96365 4.33385
1101.91 54.9184 -2.09931 -1.90711 4.11493
1032.82 244.475 -2.17083 -1.871 4.36497
1034.59 219.674 -2.17312 -1.90848 4.39796
1045.22 405.688 -2.17455 -1.74144 4.46152
1022.19 189.557 -2.17828 -1.92036 4.35189
1235.49 165.641 -2.03949 -1.76265 3.98803
1190.67 387.795 -2.06303 -1.66967 4.05971
1219.9 89.641 -1.60051 -4.96987 10.1845
1019.18 360.513 -2.18935 -1.77395 4.40374
1015.28 305.949 -2.18918 -1.82151 4.38481
1030.87 305.949 -2.17685 -1.81944 4.38494
1118.56 212.41 -2.09456 -1.7899 4.10316
1214.05 604.102 -2.05761 -1.55879 4.07267
1192.61 526.154 -2.06537 -1.59701 4.07781
1021.13 243.59 -2.18285 -1.87483 4.37114
1021.13 189.026 -2.17927 -1.9217 4.35538
1025.03 138.359 -2.17332 -1.96581 4.341
1015.28 107.179 -2.18189 -1.99678 4.34397
1019.18 38.9743 -2.17697 -2.06969 4.34764
1011.38 150.051 -2.18524 -1.95653 4.34655
1030.87 360.513 -2.1842 -1.78239 4.43937
1101.03 461.846 -2.11278 -1.64694 4.17262
1106.87 399.487 -2.10799 -1.6845 4.15158
1091.28 537.846 -2.12064 -1.59901 4.1872
1084.66 45.0154 -2.10944 -1.91206 4.11092
1101.8 53.5897 -2.09898 -1.90228 4.10661
1093.23 289.385 -2.11168 -1.755 4.14062
1097.52 173.631 -2.10368 -1.81549 4.09739
1020.35 188.636 -2.17766 -1.92023 4.34936
1024.64 139.333 -2.17132 -1.96291 4.33592
1228.28 580.913 -2.04872 -1.57269 4.08395
1181.12 574.482 -2.06978 -1.57421 4.09328
1191.84 527.323 -2.06523 -1.5974 4.07794
1011.77 150.051 -2.18742 -1.96218 4.3575
1219.7 460.872 -2.05179 -1.62846 4.04308
1101.8 463.015 -2.11158 -1.64419 4.15795
1189.69 387.99 -2.06298 -1.67071 4.06075
1106.09 400.851 -2.10998 -1.68879 4.17007
1003.2 565.907 -2.17675 -1.57843 4.2023
1213.27 606.636 -2.05752 -1.55877 4.07141
1097.52 557.333 -2.11822 -1.58769 4.18632
1016.28 108.466 -2.18108 -1.99676 4.3431
1032.78 58.9487 -2.1601 -2.01544 4.29276
1120.03 212.215 -2.09402 -1.79029 4.10364
1098.8 172.13 -2.10386 -1.82163 4.11104
1228.49 580.055 -2.05029 -1.5711 4.07279
1190.76 528.18 -2.06533 -1.59746 4.07606
1020.99 188.636 -2.1804 -1.92729 4.3638
1025.71 139.119 -2.17486 -1.96874 4.34944
1011.56 113.182 -2.17971 -1.97292 4.30317
1016.28 304.175 -2.18889 -1.8222 4.38655
1020.99 242.869 -2.18143 -1.87382 4.36937
1089.37 398.493 -2.11583 -1.68698 4.16499
1011.56 150.909 -2.18603 -1.95835 4.34971
1219.06 459.8 -2.05278 -1.62983 4.04514
1096.45 556.476 -2.11743 -1.58661 4.18425
1233.21 165.056 -2.03963 -1.76314 3.98892
1176.62 58.9487 -2.05607 -1.89143 4.11133
1226.13 318.323 -2.04664 -1.69641 4.01922
1094.09 287.67 -2.11189 -1.75434 4.13978
54.2328 238.153 -2.28424 -1.61215 3.5989
181.562 254.658 -2.2649 -1.61091 3.61514
198.068 134.403 -2.27235 -1.64212 3.61849
266.448 139.119 -2.33076 -1.68011 3.68378
169.772 132.045 -2.25658 -1.63249 3.60184
577.697 304.175 -2.81064 -1.93392 4.61584
563.55 96.6759 -3.9579 -3.27416 6.15211
306.533 627.214 -2.30358 -1.53078 3.70281
245.227 511.675 -2.28489 -1.55957 3.65908
75.4543 476.306 -2.28115 -1.56273 3.61219
391.419 596.561 -2.35315 -1.53707 3.79402
372.556 660.225 -2.33123 -1.51722 3.76425
440.936 667.299 -2.4021 -1.5017 3.8897
775.765 290.028 -2.90732 -2.28473 5.64919
867.725 91.96 -2.39991 -2.20871 4.63504
964.401 452.726 -2.25893 -1.71201 4.53881
334.829 398.493 -2.31977 -1.60159 3.71701
290.028 429.147 -2.28892 -1.58426 3.67333
558.834 221.647 -2.7949 -2.02782 4.52686
530.538 268.806 -2.71718 -1.89677 4.36253
827.64 214.573 -2.52962 -2.14082 4.88098
799.344 268.806 -2.66531 -2.15458 5.13542
837.072 271.164 -2.51253 -2.04681 4.88033
499.885 304.175 -2.69408 -1.8292 4.28742
551.76 294.743 -2.75244 -1.89808 4.46101
514.033 320.681 -2.71996 -1.82843 4.3439
481.021 400.851 -2.59973 -1.69482 4.14731
966.759 146.193 -2.2224 -1.95922 4.33099
985.622 190.994 -2.20509 -1.91073 4.3235
233.437 396.135 -2.28272 -1.58722 3.6486
438.578 160.34 -2.5686 -1.86229 4.02251
448.01 273.522 -2.64432 -1.81263 4.13726
481.021 240.511 -2.5807 -1.82401 4.09868
51.8749 565.908 -2.34455 -1.54193 3.64847
827.64 70.7384 -2.52067 -2.36863 4.83358
811.134 117.897 -2.5985 -2.37848 4.98799
297.101 506.959 -2.30366 -1.56541 3.69451
839.43 150.909 -2.49227 -2.22509 4.82105
957.327 214.573 -2.23717 -1.90593 4.35859
976.19 245.227 -2.22267 -1.87651 4.36952
947.895 56.5908 -2.24536 -2.07957 4.36448
867.725 278.238 -2.441 -1.99966 4.79384
511.675 146.193 -2.71787 -2.02676 4.30057
837.072 297.101 -2.52417 -2.01819 4.92481
499.885 396.135 -2.58211 -1.69523 4.14888
542.328 396.135 -2.73582 -1.76482 4.44062
539.97 412.641 -2.76329 -1.75084 4.4767
238.153 570.623 -2.27943 -1.54543 3.65619
330.113 315.965 -2.31853 -1.62771 3.70828
278.238 332.471 -2.30175 -1.61202 3.67533
327.755 341.902 -2.32105 -1.62003 3.71189
976.19 304.175 -2.22227 -1.82136 4.37747
987.98 304.175 -2.2209 -1.83177 4.40665
945.537 346.618 -2.25795 -1.79301 4.40637
688.521 75.4543 -4.00233 -3.95266 7.23772
867.725 139.119 -2.40266 -2.14773 4.65152
933.747 157.983 -2.26444 -1.98357 4.39436
867.725 162.698 -2.39067 -2.09476 4.61482
867.725 311.249 -2.42348 -1.93739 4.73807
591.845 106.108 -3.92348 -3.30523 6.29406
867.725 370.198 -2.43384 -1.85887 4.7773
910.168 403.209 -2.32338 -1.77064 4.54745
426.789 589.487 -2.45702 -1.53855 3.93624
182.205 255.087 -2.27001 -1.61296 3.61944
177.918 291.528 -2.26 -1.60198 3.61336
169.344 132.903 -2.24092 -1.6248 3.59149
578.769 306.533 -2.79659 -1.92709 4.59364
107.179 615.21 -2.32924 -1.53107 3.65661
75.0256 478.02 -2.27761 -1.56214 3.60952
370.841 658.082 -2.32788 -1.5169 3.75985
441.579 668.8 -2.38533 -1.50327 3.8682
966.759 147.908 -2.22067 -1.95225 4.31808
949.61 190.779 -2.24891 -1.94032 4.38261
460.872 171.487 -2.60495 -1.88804 4.09173
795.272 229.364 -2.6929 -2.25167 5.17967
866.01 225.077 -2.41939 -2.05021 4.70581
799.559 267.949 -2.66577 -2.15166 5.13355
838.143 274.379 -2.50732 -2.04038 4.87213
467.302 398.708 -2.60344 -1.69358 4.13321
480.164 402.995 -2.60306 -1.69574 4.15148
231.508 398.708 -2.28201 -1.58695 3.64806
518.749 227.22 -2.71779 -1.93572 4.32863
531.61 270.092 -2.71826 -1.89763 4.36568
297.959 508.031 -2.30097 -1.56359 3.69176
853.148 53.5897 -2.45134 -2.32805 4.73093
958.184 216.502 -2.23408 -1.90035 4.3474
975.333 246.513 -2.22064 -1.87154 4.35843
986.051 246.513 -2.21121 -1.87163 4.36244
966.759 60.0205 -2.2125 -2.02283 4.28771
998.912 40.7282 -2.18686 -2.04756 4.30591
966.759 111.467 -2.22065 -1.99128 4.32487
512.318 147.908 -2.78031 -2.07259 4.38396
538.041 117.897 -3.38887 -2.64503 5.24028
782.41 62.1641 -2.7028 -2.57619 5.111
758.831 109.323 -2.97276 -2.79029 5.64901
866.01 336.543 -2.43522 -1.9105 4.77561
330.113 317.251 -2.32064 -1.62879 3.71087
237.938 572.338 -2.27964 -1.54509 3.65639
868.154 246.513 -2.41303 -2.01402 4.69686
975.333 306.533 -2.22508 -1.82398 4.38755
945.323 347.261 -2.25368 -1.7876 4.39258
911.025 154.338 -2.30427 -2.02595 4.46543
868.154 184.349 -2.40126 -2.08494 4.65819
499.456 396.564 -2.59132 -1.70118 4.16343
553.046 362.267 -2.79768 -1.83508 4.5454
538.041 413.713 -2.78273 -1.7569 4.50325
456.584 542.328 -2.48177 -1.56763 3.98958
426.574 591.631 -2.43179 -1.53785 3.9073
460.872 583.056 -2.46518 -1.54473 3.97971
563.764 216.502 -2.77427 -2.02575 4.50188
868.154 304.39 -2.42174 -1.9455 4.73918
917.456 287.241 -2.30814 -1.89247 4.5308
945.323 402.995 -2.26263 -1.74226 4.43501
263.661 546.615 -2.28572 -1.55222 3.66843
904.595 377.272 -2.32464 -1.79194 4.53246
330.113 64.3077 -5.75224 -4.04116 6.60908
244.369 514.461 -2.28528 -1.55919 3.65956
613.066 42.8718 -4.40168 -4.17659 7.1672
333.231 265.026 -2.40099 -1.67708 3.78327
268.923 138.359 -2.30381 -1.66713 3.66338
76 477.436 -2.27676 -1.56192 3.60889
771.692 278.667 -2.8256 -2.23578 5.41218
467.692 397.538 -2.60189 -1.69307 4.13298
479.384 401.436 -2.59146 -1.69196 4.13673
797.025 228 -2.63947 -2.1928 5.04358
837.948 272.82 -2.50785 -2.04399 4.88248
553.436 280.615 -2.8188 -1.95503 4.55817
518.359 228 -2.70921 -1.93026 4.3177
949.025 190.974 -2.2429 -1.9293 4.35781
986.051 190.974 -2.20688 -1.91651 4.3398
426.769 358.564 -2.59413 -1.71276 4.06774
839.897 148.103 -2.49136 -2.22325 4.81711
968.513 111.077 -2.21952 -1.98949 4.32126
760 109.128 -2.99386 -2.82336 5.70459
828.205 70.1538 -2.51453 -2.36417 4.82016
828.205 111.077 -2.53369 -2.32537 4.88012
845.743 341.026 -2.44698 -1.89002 4.733
263.077 545.641 -2.28447 -1.55199 3.6672
233.846 397.538 -2.28626 -1.5882 3.65188
535.897 116.923 -3.35672 -2.61724 5.19415
898.359 212.41 -2.3285 -1.97937 4.50689
908.102 216.308 -2.30113 -1.94506 4.44907
869.128 245.538 -2.41834 -2.02098 4.71754
869.128 138.359 -2.40396 -2.15268 4.65812
935.384 155.897 -2.2616 -1.98009 4.38654
426.769 590.461 -2.43658 -1.53809 3.91255
302.051 282.564 -2.3241 -1.63665 3.69995
327.385 342.974 -2.32202 -1.61942 3.71326
323.487 37.0256 -5.64903 -4.08672 6.45062
945.128 346.872 -2.2544 -1.78792 4.39741
239.692 572.923 -2.2821 -1.54512 3.65876
243.59 512.513 -2.28637 -1.55936 3.66064
980.205 362.461 -2.22686 -1.77669 4.41302
440.41 666.461 -2.40474 -1.5014 3.89267
214.359 56.5128 -3.65704 -2.49019 4.54545
335.179 37.0256 -5.59258 -4.0953 6.47758
198.769 134.462 -2.28881 -1.65073 3.63109
229.949 136.41 -2.28815 -1.6539 3.63912
869.128 89.641 -2.40621 -2.22156 4.65684
941.23 105.231 -2.26232 -2.0578 4.42423
269.277 138.182 -2.29634 -1.66276 3.65639
545.641 83.2634 -3.84877 -3.18308 5.88447
434.032 33.6597 -5.08264 -4.07924 6.61954
108.065 616.503 -2.3285 -1.53021 3.65736
772.401 278.135 -2.83423 -2.23847 5.42788
710.396 511.981 -2.43343 -1.61878 4.28433
963.729 455.291 -2.25075 -1.69648 4.46443
965.501 147.04 -2.22192 -1.95335 4.31955
993.846 139.953 -2.19971 -1.9627 4.3313
951.328 189.557 -2.24175 -1.92684 4.3544
426.946 359.627 -2.59165 -1.71158 4.06544
451.748 517.296 -2.48391 -1.58307 3.98501
829.091 228.531 -2.52591 -2.11655 4.87425
857.436 235.618 -2.44638 -2.05457 4.75742
841.492 272.82 -2.49279 -2.02578 4.83265
501.352 318.881 -2.75495 -1.8401 4.37222
721.025 212.587 -3.36167 -2.8027 6.3053
790.116 226.76 -2.76699 -2.33486 5.36999
304.709 480.093 -2.30622 -1.57236 3.69656
297.622 508.438 -2.30142 -1.56342 3.69215
958.415 216.13 -2.23531 -1.90112 4.35314
841.492 147.04 -2.49526 -2.23144 4.8299
809.603 189.557 -2.61704 -2.26618 5.04234
797.203 281.678 -2.70343 -2.15409 5.22784
866.293 336.597 -2.43516 -1.90967 4.77603
511.981 148.811 -2.75837 -2.05431 4.35532
976.13 304.709 -2.22373 -1.82088 4.37765
946.014 347.226 -2.25996 -1.79476 4.41785
783.03 63.7762 -2.69932 -2.56737 5.10068
806.06 37.2028 -2.58275 -2.48542 4.90202
829.091 109.837 -2.53515 -2.3295 4.88463
216.13 435.804 -2.28338 -1.57693 3.64615
40.7459 575.757 -2.34238 -1.53937 3.644
499.58 395.058 -2.59102 -1.70165 4.16306
331.282 317.109 -2.32098 -1.62874 3.7111
239.161 573.986 -2.27907 -1.54484 3.65615
869.837 246.247 -2.41455 -2.0158 4.70594
428.718 591.701 -2.45064 -1.53722 3.93084
462.377 581.072 -2.46289 -1.54411 3.97634
935.384 155.897 -2.26167 -1.98017 4.38476
869.837 302.937 -2.42552 -1.9492 4.75056
919.44 286.993 -2.29489 -1.87462 4.46901
905.268 327.739 -2.32416 -1.84657 4.52434
441.119 666.107 -2.42312 -1.49965 3.91577
329.51 63.7762 -5.50335 -3.87164 6.3807
905.268 377.343 -2.33341 -1.79955 4.55554
910.582 398.601 -2.32103 -1.76964 4.54129
910.582 405.688 -2.32574 -1.76658 4.56064
979.673 361.398 -2.22257 -1.77162 4.39358
946.014 403.916 -2.26171 -1.74063 4.43172
579.3 304.709 -2.82325 -1.94434 4.63358
391.515 609.417 -2.34501 -1.53337 3.78513
372.028 657.249 -2.32211 -1.51751 3.75209
568.671 49.6037 -4.66067 -4.19289 7.16232
612.96 42.5175 -4.42963 -4.20545 7.19936
198.415 134.639 -2.27249 -1.64248 3.61883
496.037 506.666 -2.52817 -1.60105 4.0885
244.475 513.753 -2.28505 -1.55904 3.65918
389.743 33.6597 -5.33654 -4.10556 6.58192
492.816 545.963 -2.45355 -1.56754 3.98993
964.696 146.556 -2.22289 -1.95591 4.32372
449.332 275.397 -2.62847 -1.80345 4.12003
552.405 280.229 -2.8053 -1.94692 4.53674
484.764 460.606 -2.60418 -1.64594 4.17055
518.584 228.692 -2.73203 -1.94628 4.35064
513.753 273.787 -2.75964 -1.90376 4.38727
533.079 268.955 -2.72668 -1.9038 4.37819
789.15 227.082 -2.72306 -2.28525 5.2394
827.802 109.515 -2.52658 -2.31832 4.86187
869.675 136.893 -2.40182 -2.15041 4.65317
869.675 165.883 -2.42483 -2.1494 4.73552
760.161 109.515 -3.0176 -2.85776 5.76237
468.658 397.796 -2.60524 -1.69445 4.1355
304.386 479.932 -2.30397 -1.57231 3.69444
967.917 59.5889 -2.21215 -2.01847 4.28199
496.037 144.946 -2.73184 -2.02385 4.28965
500.869 396.185 -2.60082 -1.70614 4.17739
539.521 413.901 -2.66694 -1.72112 4.33798
484.764 357.533 -2.60562 -1.73649 4.15439
742.445 99.8516 -3.15102 -3.0136 5.94748
835.855 294.723 -2.5328 -2.02711 4.93798
977.58 307.607 -2.22599 -1.82421 4.38593
988.853 305.997 -2.21345 -1.82268 4.38435
302.776 283.45 -2.34371 -1.64369 3.71771
331.765 318.881 -2.31432 -1.62569 3.7055
188.43 222.25 -2.26893 -1.62007 3.61853
974.359 246.408 -2.22309 -1.87258 4.36507
987.243 248.019 -2.21134 -1.87197 4.36622
860.012 48.3153 -2.42497 -2.30095 4.67882
869.675 90.1886 -2.39965 -2.21287 4.64046
457.385 542.742 -2.48522 -1.56755 3.99506
430.006 591.057 -2.4549 -1.53669 3.93588
462.216 581.394 -2.46457 -1.54453 3.97903
945.369 289.892 -2.25273 -1.84151 4.38612
441.28 666.751 -2.41401 -1.50029 3.90405
676.414 30.5997 -4.12357 -4.2456 7.27901
916.38 231.913 -2.30594 -1.95023 4.50557
905.107 378.47 -2.3257 -1.79318 4.53543
909.938 405.849 -2.32134 -1.76077 4.5464
979.19 362.365 -2.22222 -1.76973 4.39697
372.028 657.088 -2.32592 -1.51731 3.75722
898.665 178.767 -2.32164 -2.00447 4.48156
228.692 135.283 -2.28194 -1.6509 3.63402
871.286 67.6414 -2.38842 -2.2275 4.61161
600.72 95.0201 -3.90136 -3.35798 6.32019
273.787 204.535 -2.32771 -1.65942 3.68702
771.434 278.618 -2.81308 -2.21701 5.37511
268.955 138.504 -2.30447 -1.66749 3.66396
307.607 141.725 -2.30983 -1.67591 3.68097
389.743 33.8207 -5.37184 -4.131 6.61337
51.5363 323.713 -2.28062 -1.59253 3.60005
67.6414 320.492 -2.27878 -1.59423 3.60211
489.595 30.5997 -4.846 -4.10909 6.74292
562.068 96.6306 -4.06711 -3.37421 6.30194
434.838 32.2102 -5.11381 -4.11286 6.66599
866.454 372.028 -2.40969 -1.8368 4.69083
715.066 512.142 -2.42658 -1.61674 4.269
626.488 438.059 -2.59744 -1.70616 4.40625
270.566 388.133 -2.29072 -1.59362 3.66649
866.747 371.881 -2.42708 -1.85211 4.7522
964.842 144.946 -2.22136 -1.95317 4.31647
537.325 326.494 -2.74089 -1.84798 4.42257
721.801 213.759 -3.3789 -2.81983 6.34134
724.73 243.041 -3.44731 -2.78701 6.53671
297.212 386.522 -2.2957 -1.59721 3.6798
759.868 109.808 -2.99674 -2.83369 5.71846
761.332 175.692 -2.96226 -2.61079 5.66856
857.963 234.256 -2.44373 -2.05593 4.75635
478.761 414.34 -2.60266 -1.68462 4.15249
796.47 281.107 -2.70458 -2.15862 5.23612
834.537 295.748 -2.52874 -2.02273 4.92744
827.217 323.566 -2.56842 -1.99967 5.01603
967.77 60.0281 -2.21279 -2.01865 4.28381
976.555 79.0614 -2.21134 -2.02045 4.32171
297.212 509.507 -2.30194 -1.56352 3.69271
869.675 165.443 -2.42475 -2.14961 4.73529
732.05 33.6743 -3.7679 -4.12434 7.22069
988.268 307.461 -2.21235 -1.82048 4.38073
243.041 325.03 -2.28817 -1.60744 3.6529
859.427 48.3153 -2.41965 -2.29065 4.65871
827.217 70.2768 -2.52149 -2.37384 4.83615
843.322 103.951 -2.48296 -2.28684 4.79564
563.679 161.051 -2.93155 -2.223 4.7156
373.346 679.342 -2.30645 -1.51317 3.73679
329.423 314.782 -2.3289 -1.63205 3.71897
330.887 319.174 -2.31247 -1.625 3.70368
428.981 591.496 -2.4736 -1.53656 3.95929
992.66 363.097 -2.21426 -1.77404 4.40987
958.986 408.484 -2.25058 -1.73862 4.44052
897.493 210.83 -2.33324 -1.98729 4.52503
920.919 368.953 -2.29602 -1.79022 4.48303
713.017 213.759 -3.42715 -2.83384 6.36663
945.809 289.892 -2.25189 -1.8407 4.38516
563.679 352.848 -2.88182 -1.88811 4.69728
279.643 38.0666 -5.53743 -3.85949 6.10118
325.03 36.6025 -5.69419 -4.12111 6.4947
568.071 49.7794 -4.64073 -4.17271 7.13913
611.994 42.4589 -4.43033 -4.20652 7.19853
493.402 465.584 -2.59079 -1.64225 4.16521
243.041 515.363 -2.28622 -1.55917 3.66039
229.864 136.161 -2.28387 -1.65198 3.63546
146.41 33.6743 -3.49067 -2.35837 4.30566
390.915 610.53 -2.3384 -1.53345 3.77736
67.3486 320.638 -2.27626 -1.59326 3.60051
333.815 36.6025 -5.60067 -4.09561 6.47307
490.474 29.282 -4.87206 -4.13692 6.78111
562.214 96.6306 -4.02452 -3.33398 6.24283
963.378 455.335 -2.24944 -1.69552 4.46122
307.461 140.554 -2.30722 -1.67445 3.67853
238.648 631.027 -2.28044 -1.53123 3.65988
519.756 336.743 -2.74156 -1.82499 4.39019
954.593 155.195 -2.23414 -1.95526 4.3372
976.555 150.802 -2.21298 -1.95381 4.3321
951.665 190.333 -2.23824 -1.92178 4.33972
468.512 150.802 -2.56527 -1.88178 4.05117
986.803 248.897 -2.21079 -1.87187 4.36633
960.45 270.859 -2.23372 -1.85073 4.35958
979.616 364.694 -2.2252 -1.77146 4.40333
992.926 363.363 -2.21427 -1.77367 4.41112
959.651 408.617 -2.2485 -1.73668 4.4339
946.341 404.624 -2.26183 -1.73998 4.43248
972.961 51.909 -2.20902 -2.03646 4.29954
974.292 192.995 -2.21764 -1.91596 4.33651
737.374 154.396 -3.14221 -2.80969 5.91616
791.945 51.909 -2.67015 -2.56838 5.06541
744.029 95.832 -3.05414 -2.89076 5.73424
708.092 79.86 -3.63934 -3.57927 6.70962
870.474 137.093 -2.39857 -2.14767 4.6461
869.143 166.375 -2.42948 -2.15602 4.75086
859.826 47.916 -2.4208 -2.29283 4.66362
827.882 70.543 -2.52387 -2.37878 4.84473
713.416 244.904 -3.45347 -2.74843 6.43666
946.341 290.158 -2.25691 -1.848 4.40732
797.269 282.172 -2.68922 -2.14439 5.19935
834.537 295.482 -2.52188 -2.01544 4.90325
827.882 323.433 -2.57244 -2.00222 5.03079
866.481 336.743 -2.42036 -1.89487 4.73172
898.425 210.298 -2.32525 -1.97534 4.49686
849.178 230.263 -2.47543 -2.08741 4.81582
461.857 399.3 -2.60828 -1.69349 4.13242
492.47 465.85 -2.56979 -1.63675 4.13678
493.801 505.78 -2.53934 -1.60256 4.10439
540.386 405.955 -2.79354 -1.76936 4.5233
440.561 666.831 -2.41772 -1.50027 3.9087
429.913 592.295 -2.4786 -1.53657 3.96541
326.095 453.871 -2.30052 -1.58079 3.69917
320.771 505.78 -2.30092 -1.5654 3.69973
129.107 693.451 -2.28357 -1.51695 3.63476
41.261 576.323 -2.34316 -1.53938 3.64512
444.554 31.944 -5.06274 -4.10329 6.66454
463.188 85.184 -5.11072 -3.94581 6.90671
334.081 35.937 -5.42519 -3.96098 6.31134
600.281 25.289 -4.34591 -4.13367 6.94128
608.267 25.289 -4.35355 -4.19109 7.0349
491.139 30.613 -4.88571 -4.15281 6.8042
484.484 356.708 -2.59707 -1.73338 4.144
553.696 226.27 -2.77648 -2.00414 4.48451
230.263 135.762 -2.28471 -1.65224 3.63614
326.095 37.268 -5.6002 -4.06017 6.42168
50.578 324.764 -2.27875 -1.59212 3.59907
67.881 320.771 -2.27962 -1.59415 3.6028
204.974 315.447 -2.28405 -1.60523 3.6377
271.524 586.971 -2.28777 -1.54174 3.67384
270.193 388.652 -2.28963 -1.5932 3.66542
954.327 246.235 -2.2385 -1.87321 4.35639
987.602 248.897 -2.21167 -1.87296 4.371
960.982 270.193 -2.23195 -1.84764 4.35035
512.435 228.932 -2.76859 -1.9631 4.38683
955.658 155.727 -2.23443 -1.95661 4.33964
987.602 186.34 -2.21097 -1.93412 4.36806
795.938 159.72 -2.63011 -2.30826 5.00444
825.22 186.34 -2.57511 -2.24666 4.99824
993.41 364.21 -2.21434 -1.77355 4.4112
959.53 408.98 -2.24881 -1.73731 4.4353
911.13 408.98 -2.31605 -1.75535 4.52839
976.47 308.55 -2.22259 -1.81714 4.37463
989.78 304.92 -2.21592 -1.82746 4.4044
954.69 356.95 -2.25062 -1.78467 4.41941
960.74 217.8 -2.23187 -1.89715 4.34728
988.57 248.05 -2.20805 -1.86575 4.35235
791.34 52.03 -2.68231 -2.58728 5.09752
717.53 22.99 -3.79657 -4.12587 7.10155
828.85 108.9 -2.63005 -2.49891 5.18221
869.99 136.73 -2.39994 -2.14684 4.64731
825.22 186.34 -2.55357 -2.21836 4.93667
722.37 212.96 -3.40162 -2.84275 6.39029
712.69 244.42 -3.37844 -2.68246 6.27603
946.22 348.48 -2.25492 -1.78839 4.40182
847 343.64 -2.49194 -1.92762 4.87769
897.82 209.33 -2.3212 -1.96933 4.48072
848.21 229.9 -2.46802 -2.07555 4.79066
831.27 274.67 -2.50659 -2.02696 4.83714
462.22 399.3 -2.61908 -1.69726 4.14683
552.97 364.21 -2.80992 -1.83751 4.56623
492.47 421.08 -2.63984 -1.69264 4.22203
416.24 620.73 -2.42461 -1.52303 3.89344
372.68 657.03 -2.32455 -1.51733 3.7555
22.99 390.83 -2.36474 -1.58996 3.64186
52.03 418.66 -2.27678 -1.57277 3.60201
297.66 385.99 -2.29747 -1.59766 3.68152
427.13 87.12 -5.11274 -3.80819 6.6423
463.43 85.91 -5.09928 -3.94168 6.89726
333.96 36.3 -5.54605 -4.04952 6.41706
382.36 35.09 -5.37929 -4.10392 6.5673
600.16 25.41 -4.43634 -4.24084 7.09664
563.86 352.11 -2.78684 -1.84891 4.55523
292.82 359.37 -2.30815 -1.60786 3.68769
244.42 324.28 -2.28715 -1.60686 3.65214
271.04 388.41 -2.28927 -1.59316 3.66521
481.58 240.79 -2.6062 -1.83937 4.13488
461.01 273.46 -2.60162 -1.7969 4.10501
479.16 415.03 -2.58377 -1.678 4.12763
868.78 283.14 -2.42732 -1.97955 4.7518
857.89 314.6 -2.46 -1.95306 4.81465
549.34 220.22 -2.77978 -2.00984 4.47779
516.67 274.67 -2.78689 -1.91859 4.42624
960.3 409.2 -2.24861 -1.73659 4.43402
921.8 368.5 -2.30031 -1.79541 4.50584
946 405.9 -2.26075 -1.7388 4.4286
732.6 71.5 -3.84086 -4.03766 7.40444
870.1 89.1 -2.38705 -2.19116 4.60085
722.7 213.4 -3.19456 -2.64386 5.94669
911.9 309.1 -2.30674 -1.85603 4.48678
946 291.5 -2.25233 -1.83981 4.38548
543.4 408.1 -2.73641 -1.74892 4.44367
460.9 674.3 -2.41894 -1.4954 3.92774
333.3 630.3 -2.31238 -1.52834 3.72255
23.1 391.6 -2.36348 -1.5896 3.64104
81.4 398.2 -2.27823 -1.57864 3.60767
51.7 419.1 -2.27841 -1.57305 3.60312
330 63.8 -5.72889 -4.02877 6.57714
491.7 29.7 -4.67395 -3.96084 6.55814
537.9 326.7 -2.74609 -1.85014 4.42983
270.6 138.6 -2.29895 -1.66465 3.65919
231 136.4 -2.28981 -1.65478 3.64029
278.3 38.5 -5.55488 -3.86594 6.10914
321.2 60.5 -5.69339 -3.99049 6.49009
293.7 359.7 -2.31645 -1.6099 3.69516
460.9 273.9 -2.61031 -1.80138 4.11591
963.6 267.3 -2.23213 -1.85598 4.36623
521.4 262.9 -2.75395 -1.91893 4.39089
975.7 151.8 -2.21321 -1.94922 4.3237
954.8 386.1 -2.24936 -1.75477 4.41333
800.8 303.6 -2.6843 -2.1048 5.20926
841.5 275 -2.50033 -2.03506 4.86558
856.9 315.7 -2.45107 -1.94284 4.78375
470.8 397.1 -2.61673 -1.7009 4.15574
771.1 210.1 -2.88661 -2.45655 5.54765
955.9 299.2 -2.24684 -1.83775 4.4053
960 409 -2.25134 -1.73921 4.44278
992 139 -2.19903 -1.96057 4.32684
784 323 -2.81136 -2.14442 5.45519
466 524 -2.4795 -1.58042 3.99523
589 407 -2.67623 -1.75046 4.45117
544 389 -2.7369 -1.77224 4.44061
461 674 -2.41884 -1.49536 3.92781
438 33 -5.12874 -4.12291 6.68278
329 63 -5.53855 -3.90017 6.41436
204 315 -2.28532 -1.60565 3.63874
834 295 -2.52912 -2.02286 4.92482
543 296 -2.74071 -1.88765 4.4244
955 366 -2.25196 -1.77627 4.42441
956 280 -2.24103 -1.84796 4.37758
954 21 -2.24918 -2.15181 4.42785
726 243 -3.43605 -2.7813 6.51634
506 387 -2.81929 -1.78686 4.4798
