1245 400 27.8662 1.75193 19.9507
300 112 29.6573 1.4136 15.103
592 300 30.0034 2.10311 16.4684
905 450 28.5407 2.35765 17.9367
881 464 28.6709 2.45593 17.8078
1079 478 28.2634 2.35392 18.9052
1070 459 28.1628 2.25215 18.89
1165 178 28.0429 0.559259 19.3641
1149 156 28.0412 0.447464 19.2641
274 453 29.1142 2.81137 15.0261
385 124 29.2634 1.2762 15.299
464 438 28.8747 2.61345 15.8075
478 111 28.6724 0.906448 15.5283
1017 160 28.0922 0.584167 18.5096
941 351 28.3918 1.80851 18.1155
920 339 28.7183 1.82425 17.9223
940 330 28.6431 1.74558 18.0265
931 328 28.6054 1.73429 17.9923
930 473 28.737 2.465 18.0266
1172 191 27.7462 0.51408 19.5375
1164 190 28.0327 0.627864 19.3604
233 214 29.2405 1.77437 14.6719
231 191 29.239 1.65881 14.6279
960 445 28.57 2.2975 18.1983
964 415 28.6373 2.15257 18.1883
1076 313 28.5402 1.54993 18.7251
1074 406 28.4192 2.00363 18.7936
34 157 29.2609 1.62679 13.6833
671 466 28.6647 2.60099 16.7943
640 448 28.5452 2.53519 16.6176
727 291 28.7236 1.70961 16.9524
807 295 28.8634 1.7125 17.3337
1083 526 28.0691 2.58664 19.0229
1084 491 28.0352 2.39977 19.0308
1077 211 28.5175 1.01003 18.6878
98 209 29.1956 1.81866 13.9952
310 370 29.2618 2.42169 15.1807
439 133 29.6469 1.42988 15.6927
601 424 28.7399 2.45026 16.4264
984 559 28.4943 2.8402 18.3866
1016 566 28.7814 2.83809 18.4462
1025 532 28.7252 2.68684 18.4847
299 349 30.1093 2.4344 15.5026
319 323 29.0625 2.18924 15.0892
251 202 29.1905 1.68483 14.7108
346 264 29.0698 1.90306 15.1584
822 228 29.5033 1.57637 17.2963
800 210 29.3014 1.45159 17.2113
897 405 28.4788 2.12487 17.8888
885 404 28.8454 2.18069 17.7653
506 452 29.7784 2.6773 16.2077
762 414 28.6342 2.28478 17.2038
1014 457 28.4205 2.30582 18.5142
606 380 28.7617 2.23842 16.4214
692 471 28.9502 2.62724 16.9014
684 464 29.781 2.62736 16.8731
1129 491 27.9826 2.36896 19.3002
265 299 29.1145 2.1216 14.8223
581 473 28.8989 2.69649 16.3873
1033 433 28.3123 2.15432 18.6334
1052 423 28.3257 2.09362 18.7234
1206 602 28.3384 2.88751 19.5414
118 389 29.1579 2.62842 14.267
96 400 29.4033 2.68997 14.3428
935 373 28.5229 1.94813 18.0573
914 286 28.5573 1.51503 17.8984
1044 154 28.04 0.50818 18.6712
811 346 28.6334 1.91317 17.4027
978 307 28.4937 1.57008 18.2375
1058 453 28.4152 2.25018 18.7341
1034 456 28.2606 2.27077 18.6635
1246 472 27.931 2.17313 19.9349
541 410 28.7587 2.42364 16.1248
837 420 28.5327 2.25399 17.5926
984 402 28.542 2.06308 18.3049
970 390 28.4229 1.99278 18.2641
464 367 28.9113 2.28578 15.7594
638 331 28.7776 1.97901 16.5444
530 264 28.9305 1.74837 15.9928
286 119 29.6876 1.4597 15.061
395 225 29.1796 1.71172 15.4025
784 304 28.7099 1.73705 17.24
776 353 28.6382 1.97348 17.2343
229 253 29.4493 1.99361 14.8073
241 232 29.1925 1.82743 14.6986
214 279 29.5513 2.13611 14.8206
890 395 28.5018 2.08464 17.8439
1024 516 28.5911 2.60015 18.5278
1024 490 28.4767 2.46803 18.5591
996 499 28.3051 2.52103 18.4827
626 454 28.7361 2.57672 16.5768
814 386 28.5406 2.09689 17.4507
742 425 28.7968 2.3719 17.115
893 322 28.5485 1.71148 17.808
367 250 29.0834 1.82106 15.2573
566 424 28.7778 2.47295 16.2617
486 323 28.9259 2.06155 15.8309
206 164 29.4832 1.62564 14.6505
1105 331 28.3311 1.57161 18.9542
873 378 28.708 2.04136 17.7131
850 375 28.5574 2.02005 17.6205
324 194 29.388 1.66348 15.1372
289 190 29.2881 1.63789 14.9242
657 283 28.8152 1.73895 16.6125
1107 386 28.4683 1.88924 18.9231
1197 497 27.9504 2.33951 19.6831
618 277 28.8694 1.74221 16.4187
840 339 28.5768 1.84647 17.5527
848 324 28.7518 1.80211 17.5609
586 273 28.8821 1.74925 16.2625
558 330 28.8814 2.04513 16.1696
898 293 28.5597 1.56452 17.8181
24 261 29.3229 2.12135 13.8014
147 277 29.2892 2.11654 14.3674
261 48 28.9982 0.852723 14.4774
435 330 28.9651 2.13569 15.6014
545 46 28.5196 0.430438 15.7858
592 93 28.8588 0.81725 16.146
549 166 29.4893 1.45071 16.1297
396 59 29.1001 0.869956 15.2133
392 156 29.8653 1.62384 15.6022
49 624 29.8926 3.5014 14.7028
140 391 29.3974 2.62779 14.5206
513 381 28.8491 2.3131 15.9891
493 512 29.1032 2.92799 16.054
477 507 29.0127 2.91219 15.9533
851 268 28.7647 1.52291 17.5395
914 240 29.1909 1.48377 17.7342
669 236 28.9614 1.53182 16.6402
869 46 28.6365 0.273511 17.5269
930 166 28.225 0.733982 17.9875
906 109 28.4198 0.499155 17.7838
1245 204 27.8496 0.582906 19.9128
1189 193 27.9471 0.603286 19.5425
1034 237 28.7454 1.25885 18.411
1116 168 27.9996 0.526055 19.1012
976 153 28.1301 0.590669 18.2582
1009 131 28.1372 0.43727 18.4278
1071 139 28.0553 0.387415 18.8087
1037 135 28.1068 0.420751 18.5929
758 660 28.5174 3.46897 17.3349
1110 572 28.3357 2.81073 19.0549
1064 585 28.6407 2.90057 18.7059
1184 390 28.0825 1.77753 19.5105
1185 455 28.0801 2.13286 19.5237
703.2 422.4 28.7125 2.37025 16.9223
687.6 403.2 28.6803 2.2854 16.8271
931.2 327.6 28.5957 1.73718 17.9882
1243.2 214.8 27.9669 0.691309 19.8522
1232.4 189.6 28.0512 0.58619 19.7389
69.6 427.2 29.5653 2.81921 14.3626
322.8 175.2 29.4398 1.59071 15.1347
297.6 171.6 28.958 1.44897 14.7903
541.2 410.4 28.7805 2.4304 16.1268
807.6 543.6 28.9409 2.87279 17.4678
930 472.8 28.4063 2.44371 18.1052
943.2 457.2 28.4718 2.35904 18.1479
915.6 452.4 28.6357 2.36771 17.9706
962.4 568.8 28.5252 2.88654 18.2821
1077.6 313.2 28.3025 1.48753 18.8166
127.2 207.6 29.2742 1.80842 14.1875
130.8 249.6 29.2983 2.00572 14.2616
109.2 253.2 29.3515 2.04528 14.2095
181.2 319.2 29.2643 2.27647 14.541
454.8 436.8 29.9754 2.65307 16.0582
446.4 414 30.7453 2.62126 16.2353
748.8 370.8 28.6233 2.0748 17.1028
978 310.8 28.4803 1.58381 18.2482
1050 219.6 28.3842 1.01421 18.6098
1038 222 28.489 1.07638 18.5219
1094.4 176.4 28.1387 0.632648 18.9287
1100.4 159.6 28.0491 0.499149 18.9853
1126.8 526.8 28.1442 2.57193 19.2136
1111.2 525.6 28.1514 2.56994 19.1254
1129.2 490.8 28.2198 2.38059 19.1999
1111.2 502.8 27.8633 2.42884 19.2451
1191.6 542.4 28.0832 2.60024 19.5796
79.2 258 29.3222 2.0819 14.0465
61.2 235.2 29.3867 1.99354 13.9912
272.4 392.4 29.0314 2.53594 14.9152
811.2 345.6 28.8233 1.94368 17.3875
834 330 28.5831 1.81133 17.5023
796.8 321.6 28.6794 1.8197 17.3192
1027.2 480 28.3787 2.41329 18.6006
1005.6 472.8 28.6794 2.40625 18.4026
1014 457.2 28.4515 2.30676 18.5043
238.8 463.2 29.2468 2.86669 14.943
1137.6 577.2 28.8315 2.80229 18.9679
1166.4 177.6 28.1921 0.620297 19.3058
238.8 310.8 29.1435 2.18851 14.7382
223.2 296.4 29.3756 2.16845 14.7761
361.2 140.4 29.55 1.46355 15.3319
330 130.8 29.6307 1.46994 15.229
349.2 116.4 29.6149 1.39032 15.2841
466.8 339.6 28.8159 2.13469 15.7148
451.2 324 28.9016 2.08047 15.6484
484.8 483.6 28.7311 2.81309 15.9106
495.6 450 29.9627 2.68184 16.2058
724.8 409.2 28.6334 2.28704 17.0182
759.6 301.2 28.3966 1.66765 17.13
790.8 284.4 28.6752 1.62793 17.2612
763.2 392.4 28.6245 2.16887 17.1887
789.6 362.4 28.7999 2.04208 17.298
765.6 360 28.6599 2.0224 17.1867
780 421.2 28.688 2.31117 17.2934
757.2 417.6 28.6856 2.30277 17.1846
837.6 420 28.688 2.27712 17.571
841.2 468 28.5095 2.48971 17.6283
250.8 201.6 29.1682 1.6859 14.7
714 465.6 28.5938 2.56603 16.996
817.2 295.2 28.73 1.6748 17.3947
806.4 295.2 28.6951 1.66893 17.3426
939.6 216 28.9313 1.26222 17.9076
1022.4 361.2 28.5 1.82561 18.491
1004.4 367.2 28.3318 1.83093 18.4583
1084.8 490.8 28.1582 2.409 18.9818
555.6 385.2 28.8437 2.29507 16.1916
534 384 28.261 2.25544 15.9761
822 228 29.0071 1.41598 17.3564
799.2 211.2 29.3011 1.4494 17.2129
819.6 207.6 29.4287 1.47159 17.2855
813.6 192 29.1985 1.3216 17.2691
1077.6 211.2 28.6085 1.04111 18.6577
896.4 435.6 28.8473 2.32211 17.8327
885.6 404.4 28.457 2.1317 17.8253
207.6 196.8 29.1381 1.67412 14.4779
356.4 300 28.9402 2.03548 15.1961
396 229.2 29.103 1.69832 15.3863
380.4 202.8 29.2444 1.62857 15.3371
422.4 366 28.9518 2.31179 15.5726
728.4 312 28.927 1.85753 16.9646
751.2 277.2 28.71 1.62208 17.0632
727.2 282 28.7831 1.67931 16.9428
919.2 439.2 28.4469 2.28286 18.0211
932.4 505.2 28.452 2.61237 18.1203
1009.2 308.4 28.5732 1.58417 18.3797
318 306 29.2647 2.13771 15.1561
295.2 290.4 29.2467 2.0792 15.0292
386.4 304.8 29.0439 2.05708 15.3811
382.8 278.4 29.0265 1.93392 15.3386
472.8 374.4 28.9284 2.31146 15.7998
582 472.8 28.8582 2.70253 16.388
700.8 386.4 28.6827 2.19118 16.8804
690 400.8 28.4661 2.25074 16.835
710.4 362.4 28.6869 2.06447 16.912
877.2 208.8 29.2128 1.3748 17.564
1032 432 28.3306 2.15494 18.6272
1052.4 423.6 28.2943 2.08758 18.7322
1034.4 422.4 28.3207 2.10137 18.6265
1059.6 520.8 28.3101 2.58364 18.7975
577.2 384 28.7928 2.27397 16.2881
598.8 379.2 29.7238 2.34737 16.5128
577.2 369.6 28.8172 2.20739 16.2789
680.4 272.4 28.9488 1.70291 16.7148
694.8 248.4 28.7011 1.51064 16.7564
790.8 356.4 28.5699 1.96702 17.309
926.4 382.8 28.7513 2.03938 17.9725
930 372 28.7198 1.98116 17.9822
267.6 207.6 29.4732 1.77979 14.942
745.2 264 28.5495 1.50907 17.0174
832.8 471.6 28.4425 2.50267 17.606
247.2 258 29.163 1.95442 14.7388
229.2 253.2 29.6529 2.03464 14.92
348 268.8 29.0646 1.91838 15.1763
439.2 274.8 29.0071 1.89105 15.5936
501.6 301.2 28.9173 1.94942 15.8812
567.6 345.6 28.8313 2.10634 16.2144
609.6 268.8 28.8053 1.69438 16.3581
610.8 243.6 28.649 1.52931 16.3244
906 352.8 28.7713 1.92606 17.8482
879.6 346.8 28.7214 1.88997 17.7347
877.2 330 28.7312 1.80562 17.7045
68.4 150 29.2945 1.58014 13.8596
804 394.8 28.5881 2.1598 17.3997
934.8 288 28.3838 1.47205 18.0341
1160.4 582 28.1586 2.83134 19.4045
513.6 352.8 28.8661 2.17985 15.981
486 322.8 28.8784 2.04811 15.8232
975.6 391.2 28.5779 2.01846 18.2489
1232.4 501.6 28.0921 2.34801 19.7913
392.4 267.6 29.2954 1.92798 15.4635
373.2 234 29.3904 1.81187 15.3864
612 346.8 29.9825 2.25524 16.57
613.2 337.2 28.8266 2.02748 16.4356
1064.4 169.2 28.2805 0.672103 18.7166
446.4 244.8 29.0196 1.72938 15.6052
908.4 390 28.5539 2.05895 17.9226
890.4 394.8 28.4847 2.08445 17.8495
894 378 28.7996 2.04749 17.7886
890.4 378 28.5176 1.99713 17.8303
1059.6 346.8 28.3867 1.7041 18.7035
1046.4 345.6 28.4632 1.71948 18.6144
1042.8 331.2 28.6366 1.68841 18.5382
566.4 423.6 28.7594 2.47424 16.2599
735.6 356.4 28.6182 2.01412 17.031
728.4 333.6 28.6944 1.92036 16.9821
1039.2 400.8 28.3992 1.99834 18.6222
1059.6 373.2 28.3899 1.84046 18.7221
1082.4 351.6 28.4386 1.71638 18.8071
1105.2 330 28.2715 1.55193 18.9752
1069.2 327.6 28.4439 1.60361 18.7283
1189.2 512.4 28.1791 2.44895 19.5221
1215.6 496.8 27.888 2.32396 19.8044
1197.6 496.8 27.8977 2.33561 19.7095
634.8 469.2 28.5101 2.63724 16.6098
627.6 453.6 28.672 2.56965 16.5706
1059.6 476.4 28.5401 2.37703 18.7073
1028.4 469.2 28.3599 2.35423 18.613
1034.4 456 28.4913 2.28841 18.5868
670.8 367.2 28.7093 2.12093 16.7269
648 364.8 28.7553 2.13776 16.6195
868.8 382.8 28.4775 2.03397 17.735
872.4 376.8 28.6145 2.02439 17.7271
841.2 378 28.6766 2.0603 17.5585
342 218.4 29.2616 1.72842 15.1831
508.8 265.2 28.9492 1.77312 15.9014
514.8 250.8 28.883 1.67942 15.8951
1015.2 340.8 28.7211 1.76915 18.3762
1006.8 348 28.6878 1.80376 18.3499
524.4 333.6 28.9061 2.08798 16.0215
975.6 334.8 28.6967 1.76204 18.1893
859.2 314.4 28.5907 1.71193 17.6284
1070.4 388.8 28.3553 1.90842 18.7862
312 211.2 29.1625 1.69449 14.9987
296.4 211.2 29.1411 1.69455 14.917
585.6 272.4 28.8795 1.74356 16.2606
567.6 266.4 28.8902 1.73108 16.1736
584.4 246 28.9189 1.63428 16.2355
628.8 277.2 28.8678 1.74071 16.4694
618 277.2 28.8689 1.7439 16.4209
657.6 283.2 28.7969 1.72907 16.6063
909.6 294 28.5502 1.56555 17.8874
645.6 351.6 28.794 2.07729 16.5909
325.2 243.6 29.1543 1.8369 15.0805
285.6 256.8 29.3763 1.96578 15.0168
202.8 277.2 29.3123 2.09191 14.6391
288 348 29.6622 2.3862 15.2432
54 271.2 29.3204 2.15293 13.9567
82.8 206.4 29.3131 1.83451 14.0161
157.2 338.4 29.2075 2.37673 14.4372
108 332.4 29.2852 2.38956 14.244
146.4 276 29.4262 2.13647 14.45
177.6 78 29.7526 1.36651 14.6085
328.8 80.4 28.9265 0.947708 14.8175
256.8 67.2 28.9097 0.910065 14.4325
303.6 30 28.8208 0.639781 14.5907
283.2 147.6 29.633 1.56769 15.0528
324 117.6 29.6886 1.43742 15.2162
138 72 29.9573 1.43787 14.5991
151.2 46.8 28.9688 0.889828 13.8989
88.8 136.8 29.1464 1.45916 13.8345
139.2 184.8 29.1243 1.66044 14.1147
130.8 183.6 29.3099 1.70113 14.2094
630 189.6 29.4271 1.49173 16.4748
422.4 229.2 28.8044 1.61986 15.4033
390 349.2 29.0935 2.2678 15.449
332.4 352.8 29.1008 2.32566 15.1988
501.6 82.8 28.7027 0.750547 15.6386
544.8 45.6 28.8906 0.610605 15.8724
591.6 93.6 28.5536 0.687903 16.0844
513.6 117.6 28.6798 0.927554 15.7247
348 84 28.9569 0.958062 14.9356
396 33.6 28.8696 0.627564 15.0949
410.4 97.2 28.7984 0.929849 15.2071
459.6 57.6 28.9274 0.748697 15.4689
428.4 30 28.8295 0.564564 15.2392
392.4 156 29.6335 1.5499 15.5095
340.8 182.4 29.2619 1.56484 15.1445
385.2 123.6 29.5717 1.38476 15.4212
439.2 133.2 29.4938 1.37763 15.6404
252 628.8 29.6989 3.45779 15.3452
260.4 618 29.7281 3.41065 15.3978
326.4 420 29.3684 2.63856 15.3358
273.6 453.6 29.2933 2.80934 15.1074
109.2 402 29.179 2.69177 14.2505
345.6 626.4 29.2415 3.47386 15.5376
495.6 378 29.995 2.42391 16.1698
493.2 512.4 29.097 2.92512 16.0493
420 433.2 29.2239 2.63337 15.7017
349.2 482.4 29.3991 2.87829 15.5009
421.2 504 29.062 2.93819 15.7185
708 198 29.3644 1.47367 16.8034
771.6 208.8 29.3821 1.48445 17.0825
738 204 29.349 1.47369 16.9481
693.6 337.2 28.7846 1.97282 16.8104
680.4 298.8 28.863 1.80817 16.7305
919.2 87.6 28.4198 0.366062 17.8442
930 165.6 28.1651 0.707937 17.999
948 115.2 28.3317 0.471697 18.0355
904.8 108 28.3991 0.492839 17.791
733.2 84 28.5059 0.506165 16.8295
728.4 105.6 28.9947 0.861566 16.8362
1160.4 265.2 28.769 1.31981 19.0008
1182 193.2 27.9688 0.612149 19.4849
1118.4 189.6 27.972 0.639508 19.1227
1162.8 354 28.213 1.62621 19.3228
1106.4 344.4 28.5429 1.68767 18.8649
1023.6 201.6 28.5801 1.01504 18.3982
1117.2 168 28.0093 0.523681 19.0906
1083.6 87.6 27.9914 0.0525235 18.8888
1068 22.8 28.7797 0.110887 18.4711
975.6 153.6 28.1298 0.590174 18.2617
996 144 28.217 0.554113 18.3355
979.2 141.6 28.3329 0.603815 18.2218
904.8 450 28.6331 2.36318 17.9209
644.4 406.8 30.0271 2.47056 16.7076
698.4 489.6 29.1593 2.70344 16.9426
738 494.4 28.3444 2.68682 17.147
781.2 477.6 28.4634 2.57242 17.3478
730.8 468 28.588 2.56328 17.0761
1156.8 530.4 28.0302 2.54526 19.426
1110 572.4 28.3875 2.8054 19.0355
1120.8 632.4 28.5679 3.07418 19.0301
1023.6 532.8 28.6416 2.68064 18.5152
1086 580.8 28.4988 2.85853 18.8881
1065.6 584.4 28.421 2.88711 18.8113
1087.2 570 28.2932 2.80908 18.9617
1178.4 434.4 28.199 2.04104 19.4406
1110 378 28.1909 1.78977 19.0661
1184.4 390 28.0866 1.77864 19.5169
1072.8 448.8 28.27 2.20579 18.8538
136.8 404.64 29.3492 2.69206 14.4896
250.56 283.68 29.4575 2.11848 14.933
221.76 295.2 29.1317 2.12622 14.6471
810.72 345.6 28.5673 1.9058 17.3978
866.88 221.76 29.2531 1.45012 17.5048
344.16 266.4 29.1353 1.91474 15.1804
779.04 385.92 28.8315 2.15265 17.2603
763.2 391.68 28.7263 2.1828 17.1927
766.08 360 28.5956 2.00555 17.1807
794.88 414.72 28.561 2.25501 17.3681
934.56 394.56 28.6699 2.0776 18.034
927.36 383.04 28.6287 2.01795 17.9962
930.24 371.52 28.4972 1.93573 18.0325
237.6 247.68 29.1185 1.89688 14.6648
230.4 241.92 32.9043 2.7085 16.804
361.44 141.12 29.5977 1.48509 15.3512
345.6 131.04 29.5871 1.45 15.2797
515.52 352.8 28.8581 2.17331 15.9856
515.52 331.2 28.9268 2.08556 15.9739
633.6 361.44 28.7631 2.12436 16.5401
604.8 380.16 28.7627 2.23586 16.4193
626.4 453.6 28.7206 2.5704 16.5651
612 453.6 29.0948 2.59596 16.5384
707.04 473.76 28.6301 2.60968 16.982
937.44 223.2 29.0224 1.3209 17.8736
923.04 223.2 29.2537 1.40919 17.7635
979.2 311.04 28.7453 1.64861 18.1887
953.28 288 28.7349 1.54884 18.0549
1235.52 311.04 28.5969 1.45416 19.4653
439.2 132.48 29.584 1.41181 15.6682
427.68 148.32 29.6628 1.50455 15.6591
449.28 360 28.9258 2.24879 15.6823
678.24 401.76 28.6799 2.28624 16.7789
709.92 360 28.7497 2.07608 16.9134
1008 308.16 28.4662 1.54533 18.4084
1133.28 182.88 28.0866 0.626828 19.1729
1130.4 169.92 28.0401 0.539666 19.1604
1117.44 167.04 27.8146 0.436552 19.175
600.48 479.52 28.9132 2.72299 16.4862
581.76 472.32 28.919 2.6986 16.3962
753.12 407.52 28.4976 2.25008 17.165
732.96 410.4 28.6814 2.29451 17.0539
885.6 404.64 28.7538 2.16952 17.7907
1059.84 476.64 28.497 2.37354 18.7293
1056.96 453.6 28.3038 2.23624 18.773
1033.92 455.04 28.5445 2.29884 18.5767
1049.76 180 28.2261 0.718114 18.6646
1055.52 155.52 28.062 0.511068 18.7224
1044 154.08 27.974 0.488392 18.6887
1094.4 175.68 28.0258 0.594715 18.957
1170.72 190.08 27.9467 0.58921 19.4426
554.4 384.48 28.7795 2.29543 16.1806
532.8 384.48 32.3718 2.67726 16.7674
662.4 401.76 28.6872 2.29304 16.7074
648 365.76 28.7816 2.13531 16.6116
678.24 272.16 28.9864 1.71051 16.7204
696.96 244.8 29.0886 1.59045 16.7879
861.12 433.44 28.6076 2.30714 17.704
862.56 410.4 28.375 2.16261 17.7301
912.96 312.48 28.7789 1.70668 17.8696
1012.32 397.44 28.5292 2.01281 18.4467
177.12 172.8 29.2522 1.60832 14.3649
318.24 305.28 29.2869 2.14486 15.1639
302.4 312.48 29.1389 2.16268 15.0405
590.4 398.88 28.7959 2.34219 16.367
577.44 370.08 28.8042 2.21392 16.2805
894.24 508.32 28.5691 2.64879 17.9057
1163.52 583.2 28.7129 2.82316 19.1479
1189.44 512.64 28.0661 2.43511 19.5795
1216.8 496.8 28.0069 2.33072 19.7432
1232.64 501.12 28.0072 2.34011 19.8351
70.56 177.12 29.2105 1.67592 13.8392
283.68 223.2 29.2648 1.7805 14.9186
273.6 220.32 29.1615 1.75861 14.8254
396 305.28 29.0258 2.05004 15.4247
383.04 277.92 29.0327 1.93151 15.3382
563.04 318.24 28.8591 1.97684 16.1817
996.48 498.24 28.4271 2.53033 18.4355
470.88 239.04 28.8772 1.66004 15.6726
793.44 305.28 28.6929 1.73357 17.2877
760.32 299.52 28.6938 1.73154 17.1189
790.56 285.12 28.6597 1.62505 17.2605
767.52 277.92 28.7661 1.63267 17.1374
830.88 380.16 28.4501 2.04716 17.5377
803.52 375.84 28.7378 2.08275 17.3851
1082.88 351.36 28.5002 1.72895 18.7911
1068.48 328.32 28.4352 1.59719 18.7343
355.68 220.32 29.2477 1.72769 15.25
368.64 192.96 29.2095 1.58155 15.2609
514.08 250.56 28.9495 1.69607 15.9122
908.64 223.2 29.3466 1.46684 17.6761
875.52 221.76 29.4295 1.50248 17.5301
876.96 208.8 29.2083 1.37821 17.5582
984.96 401.76 28.6857 2.08432 18.2755
948.96 398.88 28.614 2.08031 18.1146
603.36 275.04 29.9872 2.00378 16.4943
776.16 352.8 28.7169 1.98386 17.2324
781.92 324 28.6971 1.83493 17.2446
756 318.24 28.6427 1.81549 17.1103
1071.36 388.8 28.3063 1.89481 18.8136
355.68 299.52 29.0449 2.05071 15.2346
347.04 298.08 29.0942 2.06078 15.2077
444.96 236.16 28.8807 1.66076 15.5477
750.24 357.12 28.757 2.02462 17.1102
718.56 351.36 28.7391 2.01876 16.9575
904.32 352.8 28.5746 1.87283 17.8757
558.72 329.76 28.855 2.03831 16.1678
591.84 426.24 28.7581 2.46529 16.3872
587.52 417.6 28.7456 2.42586 16.3631
1055.52 387.36 28.5405 1.93662 18.6623
1042.56 367.2 28.61 1.86368 18.565
617.76 295.2 28.805 1.8229 16.4158
866.88 383.04 28.5027 2.04013 17.727
840.96 378.72 28.6431 2.05475 17.5671
969.12 344.16 28.5005 1.77416 18.2082
957.6 348.48 28.4125 1.78007 18.1856
948.96 335.52 28.6254 1.75997 18.0823
393.12 252 29.0334 1.81026 15.3605
629.28 335.52 28.9227 2.02834 16.5147
1058.4 347.04 28.4982 1.72751 18.6483
1042.56 331.2 28.4354 1.64001 18.6013
584.64 272.16 28.8889 1.74365 16.2578
849.6 312.48 28.7048 1.74262 17.5647
849.6 289.44 28.6678 1.60952 17.5576
648 308.16 28.9318 1.8848 16.5871
879.84 308.16 28.7235 1.69251 17.7082
897.12 296.64 28.56 1.57888 17.8118
645.12 351.36 28.7579 2.06694 16.5874
250.56 201.6 29.4514 1.76639 14.8447
211.68 226.08 29.1449 1.81011 14.5273
311.04 239.04 29.1081 1.81378 15.002
171.36 257.76 29.3891 2.0415 14.5233
103.68 267.84 29.3665 2.11245 14.2084
168.48 198.72 29.4134 1.77604 14.4536
56.16 324 29.3426 2.38879 14.0395
148.32 276.48 29.2524 2.11091 14.3452
131.04 313.92 29.2954 2.28942 14.3295
184.32 30.24 29.043 0.812858 14.0972
328.32 80.64 28.9257 0.94348 14.8218
259.2 47.52 28.6602 0.690014 14.2762
322.56 116.64 29.6454 1.4266 15.1963
80.64 89.28 29.7789 1.47178 14.2338
159.84 74.88 29.8198 1.3769 14.5812
136.8 72 29.8396 1.3933 14.4901
159.84 48.96 29.036 0.917615 13.9798
34.56 159.84 29.2929 1.6375 13.7191
131.04 182.88 29.3761 1.72448 14.2414
175.68 115.2 29.7752 1.53162 14.6559
529.92 263.52 28.9453 1.75303 16.0034
565.92 227.52 28.8481 1.53123 16.1195
525.6 312.48 28.882 1.97227 15.9976
332.64 352.8 29.0935 2.32133 15.1945
502.56 83.52 28.7027 0.750547 15.6386
544.32 44.64 28.8721 0.59805 15.866
591.84 95.04 28.3774 0.608289 16.0542
552.96 171.36 29.4516 1.46624 16.1366
491.04 159.84 29.5497 1.47447 15.8826
629.28 188.64 29.4267 1.49435 16.4751
390.24 90.72 28.8285 0.922109 15.1048
396 59.04 28.7988 0.735729 15.0945
408.96 96.48 28.7992 0.92635 15.204
459.36 57.6 28.7932 0.685337 15.418
439.2 56.16 28.7929 0.68598 15.316
383.04 123.84 29.5169 1.36094 15.3952
450.72 167.04 29.6501 1.55913 15.7644
257.76 617.76 29.587 3.44516 15.3205
27.36 594.72 29.5189 3.4921 14.3214
41.76 623.52 29.9539 3.49954 14.7278
169.92 616.32 29.7082 3.46425 15.0269
221.76 406.08 29.1891 2.63565 14.7821
224.64 384.48 29.1062 2.53545 14.7303
326.88 419.04 29.4217 2.63973 15.3607
280.8 414.72 29.0839 2.63168 15.0165
286.56 367.2 29.5696 2.4548 15.2145
296.64 489.6 29.5629 2.92398 15.3638
282.24 488.16 29.4342 2.94125 15.2363
272.16 453.6 29.2727 2.81013 15.0955
69.12 427.68 29.3604 2.82793 14.2309
97.92 400.32 29.2876 2.69316 14.2659
44.64 393.12 29.3341 2.69342 14.0601
109.44 401.76 29.1963 2.69219 14.2701
169.92 472.32 29.5723 2.9428 14.8251
504 532.8 29.0967 3.01206 16.1195
514.08 671.04 28.9962 3.59037 16.2348
506.88 642.24 32.081 2.93126 16.7303
370.08 574.56 29.0714 3.26598 15.5502
335.52 540 30.0166 3.0631 15.718
495.36 365.76 28.8619 2.2476 15.9001
616.32 429.12 28.6818 2.45292 16.5082
492.48 511.2 28.998 2.92733 16.0358
368.64 424.8 29.3396 2.63167 15.5158
430.56 367.2 29.3581 2.35522 15.735
348.48 492.48 29.1143 2.93168 15.4023
354.24 465.12 29.4667 2.80409 15.5328
479.52 508.32 29.1027 2.91136 15.9959
851.04 267.84 28.6967 1.50652 17.5478
884.16 273.6 28.7368 1.51966 17.708
918.72 339.84 28.6011 1.79965 17.9415
669.6 236.16 28.9705 1.53483 16.6415
767.52 266.4 28.647 1.54011 17.1347
679.68 298.08 28.8954 1.81681 16.7275
727.2 282.24 28.6816 1.66232 16.9393
947.52 115.2 28.1946 0.408511 18.062
727.2 148.32 28.3636 0.832486 16.8467
1130.4 256.32 28.3668 1.16322 19.0423
1128.96 194.4 28.0226 0.673741 19.1912
1202.4 269.28 28.3932 1.17647 19.4163
1180.8 194.4 28.0308 0.633682 19.4685
1162.08 354.24 28.2055 1.62284 19.3263
1077.12 210.24 28.6448 1.04631 18.6466
1049.76 218.88 28.3518 1.00997 18.6195
1077.12 312.48 28.5443 1.54788 18.7312
1103.04 30.24 28.7132 0.092269 18.6784
1016.64 159.84 28.3704 0.689102 18.4301
996.48 144 28.2558 0.572823 18.3357
979.2 141.12 28.4072 0.620657 18.2101
937.44 538.56 28.7072 2.7603 18.0948
812.16 673.92 29.094 3.40081 17.5235
754.56 537.12 28.97 2.87825 17.2175
665.28 656.64 29.0683 3.42876 16.8939
858.24 519.84 28.7049 2.73379 17.7252
813.6 512.64 28.7056 2.73158 17.5085
861.12 447.84 28.6551 2.37657 17.711
933.12 519.84 28.6978 2.68671 18.071
941.76 456.48 28.6322 2.3735 18.1093
702.72 421.92 28.8222 2.38204 16.9246
643.68 406.08 28.5336 2.3126 16.5995
753.12 370.08 28.5568 2.06068 17.135
665.28 511.2 28.8432 2.82479 16.7991
1177.92 540 28.0798 2.5913 19.5169
1185.12 597.6 28.2892 2.89018 19.4539
1190.88 542.88 28.0548 2.59919 19.5921
1127.52 632.16 28.591 3.07254 19.0457
1087.2 570.24 28.2094 2.8283 19.0048
1082.88 633.6 28.4259 3.11208 18.9109
1183.68 390.24 27.9588 1.75359 19.5743
1126.08 527.04 28.0646 2.56739 19.2451
963.36 417.6 28.429 2.12442 18.2409
1097.28 442.08 28.2767 2.15977 18.9761
979.2 465.12 28.5896 2.38839 18.3063
1084.32 525.6 28.2571 2.59081 18.953
708.48 361.152 28.6159 2.06255 16.9
680.832 364.608 28.7318 2.10662 16.77
786.24 437.184 28.7265 2.39372 17.3382
758.592 432 28.6921 2.38165 17.1978
762.048 414.72 28.6332 2.28965 17.2056
978.048 309.312 28.6494 1.6228 18.2139
952.128 288.576 28.4071 1.46755 18.1201
250.56 283.392 29.3527 2.10013 14.8802
295.488 290.304 29.2872 2.08506 15.04
457.92 283.392 28.9342 1.89419 15.6659
495.936 222.912 29.1345 1.61892 15.8503
490.752 203.904 28.8098 1.44721 15.721
566.784 345.6 28.8247 2.09854 16.2177
565.056 330.048 28.8383 2.03987 16.1966
763.776 390.528 28.607 2.17032 17.2016
765.504 376.704 28.5963 2.08962 17.1961
796.608 324.864 28.7822 1.84065 17.3138
834.624 471.744 28.5723 2.51224 17.6002
881.28 432 27.7821 2.20652 17.9576
884.736 406.08 28.5942 2.16327 17.8053
912.384 312.768 28.6167 1.67451 17.8964
1059.26 520.128 28.2236 2.57799 18.8285
1024.7 516.672 28.4935 2.59426 18.5668
1047.17 497.664 28.2427 2.47269 18.7603
293.76 210.816 29.1561 1.70295 14.9187
514.944 331.776 32.0943 2.58736 16.6849
554.688 352.512 28.827 2.14162 16.1656
558.144 330.048 28.8493 2.03531 16.164
535.68 331.776 32.2657 2.61158 16.7428
590.976 399.168 30.0268 2.4587 16.5315
575.424 383.616 28.7703 2.27598 16.2754
599.616 378.432 28.7633 2.23047 16.3952
784.512 302.4 28.5953 1.71359 17.2432
760.32 300.672 28.6984 1.73386 17.1119
791.424 286.848 28.6777 1.63406 17.2633
767.232 278.208 28.7501 1.6264 17.1365
872.64 374.976 28.6145 2.02439 17.7271
1059.26 373.248 28.308 1.8245 18.7467
1041.98 368.064 28.5274 1.84658 18.5867
1059.26 476.928 28.497 2.37354 18.7293
1028.16 476.928 28.2404 2.38094 18.6483
1228.61 514.944 28.0615 2.41668 19.7862
565.056 416.448 28.7569 2.43647 16.2615
893.376 350.784 28.5182 1.85043 17.8345
877.824 345.6 28.5651 1.85305 17.7432
877.824 330.048 28.6713 1.79125 17.714
908.928 222.912 29.1958 1.42518 17.7032
1199.23 497.664 27.9725 2.34308 19.6741
317.952 226.368 29.3633 1.80533 15.1246
969.408 345.6 28.5372 1.78273 18.2005
1083.46 350.784 28.457 1.71659 18.815
634.176 468.288 28.6871 2.6336 16.6194
609.984 478.656 28.8528 2.69933 16.521
865.728 343.872 28.5396 1.8496 17.6792
848.448 323.136 28.986 1.85291 17.53
1021.25 361.152 28.5797 1.83485 18.4623
1043.71 331.776 28.5219 1.66208 18.5739
1157.76 188.352 28.0333 0.61807 19.3331
1142.21 186.624 28.1216 0.65365 19.2085
354.24 247.104 29.2675 1.84961 15.2604
632.448 311.04 28.7619 1.87638 16.4951
639.36 297.216 28.6221 1.77951 16.507
616.896 295.488 28.8046 1.82366 16.4181
404.352 255.744 29.0563 1.82204 15.4333
459.648 248.832 29.0093 1.73143 15.6736
611.712 347.328 28.8394 2.08036 16.4274
639.36 323.136 28.7709 1.93109 16.5444
648 307.584 28.6581 1.83617 16.5618
658.368 281.664 28.8828 1.75009 16.6161
1071.36 388.8 28.4808 1.92635 18.7473
1069.63 368.064 28.44 1.82023 18.7634
867.456 383.616 28.5373 2.04872 17.7054
841.536 393.984 28.5771 2.1147 17.5835
841.536 378.432 28.6448 2.05647 17.5717
584.064 271.296 28.8813 1.74509 16.2571
568.512 266.112 28.8799 1.71654 16.1673
627.264 276.48 28.836 1.73137 16.4582
618.624 276.48 28.9294 1.75465 16.4286
609.984 243.648 28.873 1.57992 16.3501
867.456 316.224 28.5788 1.70977 17.6682
838.08 300.672 28.6265 1.66318 17.5058
898.56 295.488 28.5859 1.58721 17.8173
879.552 285.12 28.6262 1.55618 17.7103
665.28 319.68 28.7715 1.90341 16.6637
203.904 276.48 29.3909 2.101 14.6807
248.832 202.176 29.3594 1.73598 14.7978
311.04 240.192 29.5935 1.92318 15.221
248.832 342.144 29.2379 2.33962 14.8694
196.992 354.24 29.2553 2.42337 14.6489
297.216 349.056 29.1543 2.32801 15.0516
103.68 267.84 29.2896 2.10316 14.1668
44.928 196.992 29.4211 1.83627 13.8967
148.608 276.48 29.2752 2.11169 14.3605
108.864 331.776 29.5216 2.41601 14.4011
330.048 79.488 29.2404 1.07408 14.9757
278.208 70.848 28.8003 0.873197 14.4878
257.472 65.664 28.8944 0.908214 14.4196
231.552 190.08 29.3213 1.67646 14.6779
323.136 117.504 29.592 1.40434 15.1756
65.664 86.4 29.7678 1.46262 14.1624
158.976 48.384 29.0203 0.91261 13.9735
67.392 150.336 29.3031 1.58716 13.8638
39.744 129.6 29.4686 1.55808 13.8412
158.976 190.08 29.5601 1.78356 14.507
176.256 152.064 29.3085 1.52682 14.3814
561.6 241.92 28.934 1.6207 16.1192
495.936 273.024 28.9782 1.83719 15.8585
565.056 228.096 28.6533 1.47966 16.0796
525.312 312.768 28.8534 1.97247 15.9939
421.632 229.824 29.1589 1.70512 15.5145
395.712 349.056 28.8733 2.23357 15.4133
342.144 354.24 29.2846 2.34481 15.3131
387.072 304.128 29.2769 2.09053 15.4659
347.328 297.216 29.0316 2.04889 15.1866
435.456 328.32 28.9427 2.13146 15.5994
490.752 155.52 29.4661 1.4422 15.8618
585.792 131.328 28.6331 0.928059 16.1065
347.328 82.944 28.9568 0.957881 14.9368
476.928 108.864 28.893 0.981315 15.5906
432 98.496 29.001 1.02196 15.3945
459.648 57.024 29.2391 0.888595 15.5699
440.64 57.024 28.7923 0.687486 15.3205
392.256 155.52 29.9073 1.63565 15.6165
340.416 181.44 29.1577 1.52945 15.0944
485.568 133.056 29.5049 1.35598 15.8412
326.592 539.136 29.4882 3.11283 15.4828
219.456 616.896 29.2616 3.50994 15.014
324.864 658.368 29.9576 3.45729 15.7426
91.584 661.824 30.1161 3.54524 15.034
63.936 682.56 30.1064 3.62055 14.9534
214.272 440.64 29.1117 2.78855 14.743
224.64 385.344 29.1769 2.53762 14.7696
326.592 419.904 29.0383 2.62396 15.2063
281.664 414.72 29.0839 2.63168 15.0165
281.664 487.296 29.5365 2.94332 15.2741
63.936 414.72 29.3721 2.77103 14.1933
155.52 437.184 29.7057 2.80569 14.8142
136.512 404.352 29.1707 2.68528 14.3854
143.424 390.528 29.22 2.61633 14.4174
93.312 447.552 29.3642 2.89857 14.3473
628.992 530.496 28.9463 2.92599 16.6618
514.944 670.464 29.327 3.52349 16.297
639.36 639.36 28.8125 3.40551 16.7642
585.792 632.448 28.5924 3.45177 16.476
425.088 639.36 29.6314 3.40691 15.9885
506.304 430.272 28.8047 2.53978 15.9822
532.224 383.616 32.3039 2.66984 16.7557
494.208 366.336 28.8948 2.25162 15.8986
530.496 445.824 28.7939 2.59482 16.1136
580.608 514.944 29.1405 2.89303 16.4504
584.064 463.104 28.7322 2.64966 16.3698
428.544 433.728 28.8752 2.62393 15.6346
390.528 487.296 29.0535 2.88007 15.5707
347.328 492.48 29.5068 2.91405 15.5481
355.968 466.56 29.6912 2.8076 15.6147
851.904 267.84 28.6186 1.47927 17.5585
819.072 207.36 29.4178 1.4711 17.2848
883.008 274.752 28.7085 1.50821 17.7128
641.088 266.112 28.8258 1.66935 16.5215
670.464 235.008 28.8676 1.4994 16.6374
767.232 266.112 28.6172 1.53089 17.1353
732.672 205.632 29.3178 1.46745 16.9155
679.104 298.944 28.8058 1.79555 16.7217
727.488 311.04 28.6495 1.78992 16.9622
905.472 112.32 28.3388 0.480419 17.785
718.848 150.336 28.4466 0.880896 16.8035
1200.96 267.84 28.1821 1.12255 19.4931
1244.16 203.904 27.965 0.618894 19.8657
1145.66 307.584 28.7581 1.54247 18.9609
1102.46 281.664 28.667 1.41074 18.768
1022.98 203.904 28.7825 1.08869 18.3312
1033.34 235.008 28.5212 1.1446 18.4963
988.416 311.04 28.4099 1.56306 18.3264
1116.29 167.616 28.1132 0.549684 19.0598
1133.57 150.336 28.0986 0.433738 19.1522
1218.24 186.624 27.907 0.52 19.725
960.768 103.68 28.4118 0.427264 18.077
1038.53 41.472 28.5402 0.102777 18.4153
997.056 143.424 28.2115 0.553452 18.3353
1062.72 169.344 27.8355 0.500418 18.8587
1055.81 155.52 28.1801 0.557674 18.6821
1036.8 133.056 28.1973 0.459437 18.5667
853.632 554.688 29.0775 2.89255 17.6427
806.976 542.592 28.736 2.88009 17.5002
812.16 673.92 28.8582 3.43353 17.5511
758.592 660.096 29.5116 3.3243 17.2568
834.624 442.368 28.5878 2.37401 17.5807
813.888 513.216 28.1241 2.72044 17.5808
825.984 444.096 28.6888 2.38588 17.5325
701.568 421.632 28.5719 2.361 16.9101
741.312 425.088 28.7519 2.36696 17.1099
692.928 513.216 28.8785 2.80781 16.9305
665.28 511.488 28.8542 2.82115 16.7966
654.912 476.928 28.8481 2.67662 16.7444
784.512 475.2 28.6344 2.57293 17.3566
1109.38 575.424 28.8754 2.81095 18.8297
1156.03 530.496 28.1142 2.55439 19.3848
1105.92 565.056 28.2137 2.77216 19.0806
1121.47 665.28 29.4487 3.13895 18.6344
1121.47 632.448 28.5013 3.08587 19.0525
1099.01 580.608 28.6588 2.84666 18.8743
1009.15 680.832 27.8034 3.47836 18.7826
1164.67 388.8 28.1144 1.80052 19.401
1109.38 378.432 28.1715 1.78782 19.0674
1244.16 400.896 28.0111 1.77505 19.8816
1111.1 525.312 28.3107 2.5773 19.064
1107.65 444.096 28.2019 2.14928 19.069
1016.06 409.536 28.5783 2.07853 18.4636
984.96 402.624 28.5092 2.06208 18.3282
1074.82 406.08 28.4852 2.01248 18.7647
1060.99 684.288 28.2148 3.42222 18.9063
993.255 290.304 28.6019 1.51703 18.2836
114.048 269.568 29.2978 2.10635 14.2171
564.019 425.088 28.7736 2.46648 16.2645
626.227 393.984 28.7206 2.29063 16.5247
632.448 360.806 28.757 2.14368 16.5379
790.042 377.395 28.6325 2.0802 17.3187
1045.09 344.218 28.4435 1.70758 18.6023
1043.02 331.776 28.512 1.6603 18.5688
1188.17 163.814 27.9997 0.429619 19.5124
1198.54 497.664 27.6501 2.31924 19.8235
367.027 273.715 29.0716 1.93609 15.2719
364.954 248.832 29.1508 1.82693 15.2662
337.997 306.893 29.0269 2.09231 15.1576
638.669 265.421 28.891 1.67936 16.521
617.933 275.789 28.8024 1.7226 16.413
856.397 286.157 28.7265 1.60041 17.5822
835.661 298.598 28.36 1.59991 17.5296
947.635 333.85 28.579 1.74027 18.0811
972.519 389.837 28.6739 2.03295 18.2044
947.635 398.131 28.5175 2.06498 18.1185
1055.46 435.456 28.3867 2.16945 18.7174
1032.65 423.014 28.4378 2.1271 18.5862
393.984 252.979 29.081 1.81626 15.3812
715.392 277.862 28.7215 1.66012 16.8837
727.834 240.538 28.9758 1.52554 16.9264
829.44 379.469 28.573 2.07124 17.5196
1169.51 190.771 28.0538 0.62629 19.3963
68.4288 184.55 29.1938 1.71158 13.8251
503.885 300.672 28.8967 1.9424 15.8907
615.859 294.451 28.8046 1.82366 16.4181
671.846 308.966 29.0855 1.90831 16.7184
667.699 298.598 28.7098 1.78741 16.6578
812.851 344.218 28.5868 1.90274 17.4038
794.189 321.408 28.5593 1.79859 17.3081
443.75 261.274 29.1983 1.84595 15.6566
418.867 267.494 28.9187 1.82331 15.4694
644.89 350.438 28.7879 2.0746 16.5927
671.846 333.85 28.7485 1.96596 16.7097
843.955 352.512 28.387 1.8746 17.5991
1038.87 400.205 28.4505 2.0049 18.5975
1043.02 367.027 28.4064 1.82065 18.6261
356.659 219.802 29.0921 1.68612 15.1935
340.07 219.802 29.4045 1.76755 15.2337
373.248 207.36 29.597 1.74997 15.4383
344.218 207.36 29.1136 1.64153 15.1239
493.517 271.642 28.75 1.78085 15.7936
497.664 257.126 28.9528 1.74063 15.8472
203.213 275.789 29.2605 2.08071 14.6052
238.464 232.243 29.2242 1.84782 14.7021
221.875 211.507 29.3246 1.77163 14.6681
323.482 242.611 29.0803 1.81511 15.0517
273.715 219.802 29.3777 1.79762 14.9499
199.066 337.997 29.4748 2.37938 14.7756
213.581 294.451 29.3004 2.15329 14.6842
288.23 346.291 29.2497 2.3423 15.0502
311.04 279.936 29.0224 1.98131 14.9913
82.944 205.286 29.1088 1.78593 13.8553
149.299 275.789 29.2841 2.1137 14.3743
178.33 205.286 29.1145 1.72965 14.3426
126.49 207.36 29.3786 1.82531 14.2504
120.269 333.85 29.0766 2.37285 14.1783
174.182 317.261 29.4342 2.30201 14.6429
223.949 107.827 29.5192 1.38447 14.6962
255.053 66.3552 28.9426 0.92448 14.4398
277.862 70.5024 28.9318 0.921521 14.5579
315.187 192.845 29.4096 1.67542 15.1111
277.862 192.845 29.1529 1.62356 14.8117
290.304 132.71 29.6144 1.49856 15.0667
176.256 114.048 29.7587 1.53267 14.6492
122.342 93.312 29.8288 1.48164 14.4453
87.0912 180.403 29.2973 1.69999 13.9982
85.0176 136.858 29.4019 1.54615 14.0011
157.594 188.698 29.2862 1.70778 14.3244
178.33 153.446 29.3085 1.52682 14.3814
559.872 240.538 28.9245 1.62353 16.1125
564.019 226.022 28.6692 1.45408 16.059
557.798 329.702 29.2691 2.09853 16.2431
396.058 223.949 29.6481 1.82735 15.5826
393.984 348.365 29.0366 2.25487 15.4453
435.456 327.629 29.0759 2.13753 15.636
431.309 308.966 28.9618 2.04283 15.5625
543.283 43.5456 28.6644 0.496629 15.8176
588.902 93.312 28.5946 0.705153 16.0858
512.179 116.122 28.817 0.973145 15.7514
584.755 128.563 28.5979 0.921151 16.0884
398.131 60.1344 28.8945 0.772476 15.1313
431.309 97.4592 28.7827 0.933933 15.3198
414.72 64.2816 28.7009 0.702896 15.1612
377.395 190.771 29.1481 1.55108 15.2829
340.07 182.477 29.5672 1.65276 15.2747
344.218 130.637 29.6209 1.46111 15.2865
199.066 671.846 30.0711 3.5357 15.3773
255.053 620.006 29.6517 3.43745 15.3296
172.109 613.786 29.7341 3.42863 15.0597
215.654 441.677 29.6311 2.78614 15.0088
325.555 418.867 29.0383 2.62396 15.2063
279.936 414.72 29.0839 2.63168 15.0165
286.157 367.027 29.3518 2.43644 15.1151
252.979 466.56 29.2678 2.8799 15.028
215.654 462.413 29.5884 2.87666 15.0149
282.01 487.296 29.6499 2.93365 15.3361
269.568 452.045 29.2392 2.81458 15.0694
107.827 402.278 29.3378 2.69581 14.3344
97.4592 398.131 28.8393 2.66826 13.9649
155.52 437.53 29.4135 2.80829 14.6372
136.858 404.352 29.318 2.68829 14.4741
578.534 649.037 29.1225 3.44363 16.5104
638.669 638.669 28.6896 3.41263 16.7461
348.365 628.301 29.2198 3.47735 15.5569
510.106 429.235 28.8198 2.54222 16.0196
532.915 383.616 28.6038 2.28855 16.0383
526.694 514.253 29.0973 2.91711 16.2065
522.547 487.296 29.0554 2.80767 16.158
607.565 499.738 28.4254 2.79675 16.503
624.154 466.56 28.4088 2.6243 16.5447
454.118 435.456 28.8889 2.61121 15.7655
420.941 433.382 29.2144 2.64018 15.6929
420.941 364.954 28.9534 2.31005 15.581
346.291 491.443 29.9007 2.89469 15.682
854.323 267.494 28.7476 1.51888 17.5464
912.384 238.464 29.0881 1.46203 17.7544
881.28 271.642 28.6236 1.50187 17.7084
875.059 209.434 30.2664 1.73282 17.3722
926.899 279.936 28.7259 1.5351 17.9243
696.73 244.685 28.7559 1.51068 16.7648
675.994 273.715 28.9298 1.69876 16.7152
765.159 267.494 28.4873 1.50917 17.1165
719.539 236.39 29.3378 1.61942 16.8886
678.067 298.598 28.7633 1.78673 16.7128
758.938 298.598 28.867 1.76642 17.1154
897.869 91.2384 28.4623 0.421361 17.7347
914.458 163.814 28.0449 0.663339 17.936
734.055 39.3984 28.529 0.288013 16.7965
717.466 151.373 28.2249 0.805645 16.7893
1161.22 265.421 28.6182 1.28213 19.0748
1200.61 267.494 28.3569 1.17261 19.4076
1096.93 315.187 28.4149 1.51163 18.8826
1007.77 217.728 28.7318 1.16157 18.2791
974.592 223.949 28.7286 1.22512 18.1343
1080.35 263.347 28.9677 1.42807 18.5664
1040.95 240.538 28.3466 1.11576 18.5963
991.181 325.555 28.4554 1.64885 18.3269
1115.6 165.888 27.8934 0.472467 19.1373
1096.93 145.152 28.1599 0.452708 18.9293
1038.87 41.472 28.6818 0.162144 18.3574
987.034 155.52 28.2159 0.631695 18.2958
978.739 141.005 28.0699 0.491996 18.2819
1074.12 157.594 28.1062 0.537386 18.8144
1028.51 163.814 28.2776 0.66188 18.5173
1063.76 147.226 28.1725 0.501419 18.7426
804.557 541.21 29.158 2.85558 17.428
931.047 568.167 29.3457 2.88096 17.9052
935.194 537.062 28.6606 2.75963 18.0855
887.501 528.768 28.8741 2.74171 17.8261
777.6 545.357 28.7581 2.90771 17.3421
738.202 524.621 29.071 2.81602 17.1434
823.219 441.677 28.625 2.37717 17.5304
918.605 439.603 28.4807 2.29291 18.005
904.09 379.469 28.4093 1.98664 17.9033
854.323 491.443 28.4718 2.59135 17.7129
931.047 518.4 28.7273 2.68669 18.0482
902.016 449.971 28.54 2.35145 17.9247
754.791 406.426 28.7738 2.26793 17.1651
740.275 425.088 29.1234 2.39802 17.1039
750.643 367.027 28.682 2.0774 17.1252
657.331 479.002 28.3329 2.65576 16.7048
736.128 493.517 28.3599 2.68978 17.1404
783.821 474.854 28.5694 2.57089 17.3334
1161.22 582.682 28.4413 2.81636 19.2632
1096.93 578.534 28.3611 2.85673 18.9903
1177.8 534.989 28.0074 2.57737 19.5426
960.077 568.167 28.5961 2.89441 18.2586
1009.84 524.621 28.4935 2.65111 18.4973
1084.49 524.621 28.5987 2.60891 18.8028
1020.21 530.842 28.8281 2.68017 18.4418
1096.93 441.677 28.3071 2.16492 18.9653
1107.3 379.469 28.1715 1.78782 19.0674
1181.95 389.837 27.9208 1.75346 19.5713
1105.23 443.75 28.281 2.15865 19.0375
1227.57 512.179 28.1476 2.41606 19.7252
1208.91 456.192 27.9655 2.1182 19.7154
1184.03 456.192 28.2868 2.16208 19.4267
984.96 402.278 28.4957 2.06335 18.3267
1072.05 387.763 28.4053 1.9085 18.7628
999.475 449.971 28.558 2.28988 18.4016
1069.98 458.266 28.4734 2.2806 18.769
756.864 659.405 28.8745 3.41103 17.3081
522.547 233.902 28.9631 1.6203 15.9396
490.199 223.949 28.9743 1.59756 15.7789
525.036 218.972 28.7901 1.50474 15.909
490.199 204.042 28.8887 1.46778 15.7356
671.846 340.9 28.809 2.01219 16.7189
644.475 348.365 28.7533 2.06277 16.5874
649.452 308.552 29.1077 1.91899 16.6122
863.447 385.69 28.8104 2.10202 17.6628
841.052 378.225 28.4772 2.03382 17.5757
1129.7 181.647 27.6999 0.477086 19.3045
597.197 273.715 28.8329 1.73668 16.3289
579.779 268.739 28.7962 1.72058 16.2155
801.239 378.225 28.5194 2.05241 17.39
995.328 350.853 28.5025 1.79373 18.3439
813.681 343.388 28.6213 1.9023 17.408
313.528 238.879 29.4874 1.89991 15.1744
311.04 213.996 29.3262 1.74272 15.0759
629.545 311.04 28.7976 1.88311 16.4998
617.103 296.11 28.9229 1.8443 16.4343
423.014 637.01 28.8857 3.52814 15.7948
689.265 530.012 28.6363 2.8905 16.9111
674.335 661.893 28.9166 3.47071 16.9359
731.566 84.6029 28.3403 0.453483 16.8157
781.333 49.7664 28.722 0.39847 17.0895
268.739 452.874 29.2392 2.81458 15.0694
592.22 520.059 28.9149 2.90668 16.4789
52.2547 455.363 29.7152 2.94309 14.4308
527.524 47.2781 28.6707 0.523122 15.7324
1224.25 398.131 27.6921 1.72495 19.922
199.066 669.358 29.9508 3.56035 15.3205
233.902 637.01 29.6474 3.50144 15.2692
739.031 522.547 28.983 2.80859 17.1291
432.968 99.5328 28.7697 0.909506 15.2991
440.433 57.2314 28.7551 0.682785 15.3056
1107.3 378.225 28.0201 1.75645 19.1262
1104.81 442.921 28.217 2.1523 19.0519
139.346 619.592 29.7107 3.49366 14.9356
174.182 114.463 29.7587 1.53267 14.6492
156.764 47.2781 29.0924 0.918438 13.9959
134.369 69.673 29.7539 1.35837 14.4268
719.125 151.788 28.7344 0.972607 16.8255
793.774 271.227 28.6552 1.54663 17.2455
858.471 204.042 29.3196 1.39887 17.4592
388.178 485.222 29.307 2.88515 15.6347
350.853 482.734 29.5947 2.88155 15.5846
355.83 465.316 29.373 2.81106 15.5021
398.131 59.7197 28.8518 0.75447 15.1208
79.6263 87.0912 29.7972 1.46718 14.2452
201.554 99.5328 29.7441 1.43528 14.7172
253.809 64.6963 29.1014 0.987348 14.5291
218.972 57.2314 29.0167 0.927803 14.2915
400.62 363.295 28.9912 2.31585 15.4828
363.295 373.248 28.9335 2.37685 15.3034
1087.4 572.314 27.9661 2.82247 19.0861
1015.23 574.802 28.5422 2.88646 18.5294
1084.91 522.547 28.2977 2.5905 18.9403
119.439 333.435 29.3286 2.38987 14.3097
67.1846 271.227 29.3576 2.15131 14.0459
94.5562 206.531 29.3254 1.84385 14.0788
221.461 405.596 29.0686 2.62193 14.7329
223.949 385.69 29.0995 2.53962 14.716
109.486 330.947 29.3392 2.39329 14.2816
57.2314 323.482 29.4079 2.38789 14.0724
485.222 457.851 29.0251 2.69437 15.958
213.996 442.921 29.8782 2.79127 15.1361
532.501 383.201 28.6038 2.28855 16.0383
729.078 256.297 28.786 1.55737 16.9461
726.59 238.879 29.0207 1.53459 16.9236
960.492 567.337 28.5961 2.89441 18.2586
975.422 520.059 28.4372 2.64817 18.3451
1102.33 328.458 28.38 1.5733 18.9107
1094.86 313.528 28.1263 1.44277 18.982
427.991 141.834 29.6406 1.48218 15.6451
933.12 537.477 28.9393 2.76125 18.0231
156.764 189.112 28.9209 1.62405 14.0903
134.369 184.136 29.2828 1.70296 14.1977
676.823 271.227 29.1221 1.74735 16.7115
154.276 437.944 29.2897 2.81359 14.5697
164.229 385.69 28.6797 2.54773 14.1776
328.458 79.6263 28.8426 0.910007 14.7948
525.036 485.222 28.9194 2.80629 16.1344
502.641 450.386 28.8336 2.64162 15.9736
689.265 186.624 29.5106 1.4756 16.735
340.9 181.647 29.001 1.49429 15.0385
602.174 126.904 28.6238 0.880054 16.1817
156.764 276.204 29.2564 2.11854 14.3963
149.299 276.204 29.5013 2.14426 14.4976
181.647 204.042 29.3359 1.78208 14.4924
1159.56 582.267 28.4369 2.8199 19.2609
1102.33 562.36 28.1011 2.76265 19.1275
1134.67 532.501 27.7472 2.58006 19.4331
62.208 415.549 29.4657 2.77985 14.2547
97.0445 398.131 29.1362 2.68156 14.1566
1012.75 161.741 30.3314 1.54274 17.7872
972.933 176.671 28.1005 0.713987 18.2624
977.91 139.346 28.1373 0.52438 18.2445
1204.35 184.136 27.942 0.51846 19.6347
199.066 338.412 28.9639 2.30953 14.4941
316.017 194.089 29.1107 1.59634 14.9789
291.133 131.881 29.5873 1.4927 15.0535
395.643 348.365 29.0072 2.24735 15.4436
385.69 303.575 28.9365 2.03769 15.3554
350.853 296.11 29.3885 2.1051 15.3308
607.15 500.152 28.8245 2.80566 16.5166
579.779 512.594 28.8951 2.88266 16.4206
624.568 465.316 29.5256 2.65885 16.6517
564.849 447.898 28.7642 2.59896 16.2738
706.683 363.295 28.8654 2.09702 16.916
661.893 398.131 28.6721 2.29054 16.708
853.494 490.199 28.519 2.5922 17.7091
816.169 512.594 27.7001 2.7161 17.6191
858.471 447.898 28.3632 2.36097 17.7158
1007.77 216.484 28.8051 1.18118 18.27
420.526 432.968 28.7285 2.60144 15.5601
420.526 365.783 29.0455 2.31845 15.6026
694.241 497.664 28.9028 2.72668 16.9356
656.917 477.758 28.9612 2.68388 16.7607
734.055 492.687 28.3732 2.6903 17.1254
880.865 271.227 28.6236 1.50187 17.7084
875.889 209.019 29.3108 1.40697 17.5468
1181.95 455.363 28.0506 2.13777 19.543
281.18 413.061 29.8007 2.65865 15.3299
475.269 320.993 28.5575 2.00517 15.7026
435.456 328.458 28.801 2.1011 15.5672
475.269 286.157 28.6653 1.84447 15.6883
967.957 507.617 28.2637 2.58484 18.3414
109.486 181.647 29.0231 1.63898 13.8967
84.6029 136.858 29.2636 1.50409 13.8946
1206.84 552.407 28.1619 2.64203 19.617
1186.93 539.966 28.2144 2.58376 19.5051
268.739 206.531 29.2283 1.717 14.8205
624.568 276.204 28.847 1.72771 16.4436
1042.61 258.785 28.9264 1.40719 18.3984
602.174 378.225 28.7622 2.23732 16.4082
597.197 398.131 29.9277 2.45225 16.5433
778.844 418.038 28.8078 2.30146 17.2857
788.798 378.225 28.4043 2.05103 17.3045
918.19 437.944 28.4404 2.27935 18.0092
930.632 370.76 28.6512 1.96135 18.0042
890.819 375.736 28.5195 1.99752 17.8236
204.042 276.204 29.2605 2.08071 14.6052
246.344 201.554 29.13 1.68233 14.676
221.461 211.507 29.9931 1.95112 15.0638
467.804 238.879 29.0109 1.6878 15.7003
333.435 350.853 28.943 2.30112 15.1516
338.412 283.669 28.9072 1.97872 15.0906
719.125 350.853 28.4898 1.97646 16.9448
694.241 338.412 28.5424 1.93704 16.8007
699.218 288.645 29.0449 1.7708 16.8317
1074.95 313.528 28.5662 1.54602 18.7191
557.384 328.458 28.8386 2.02559 16.164
527.524 313.528 29.7115 2.1254 16.1969
502.641 316.017 28.8933 2.01912 15.9011
1032.65 131.881 28.1766 0.442715 18.5538
567.337 318.505 28.4534 1.91682 16.1339
878.377 343.388 28.4907 1.8323 17.7444
836.076 298.598 28.5117 1.63457 17.5101
803.727 293.622 28.7406 1.67508 17.3367
793.774 413.061 28.6313 2.25892 17.3692
355.83 246.344 29.1035 1.80783 15.1984
1206.84 599.685 28.2165 2.88142 19.6018
853.992 552.407 28.5963 2.88844 17.7324
803.23 537.477 28.5051 2.86688 17.4951
110.481 444.912 29.4761 2.86484 14.4933
56.7337 453.87 29.2073 2.94701 14.058
513.589 113.467 28.7778 0.948912 15.7479
606.155 113.467 28.6261 0.795852 16.188
570.323 83.6076 28.6878 0.735254 15.9855
734.552 516.575 29.522 2.79191 17.091
238.879 409.08 29.8111 2.66384 15.1797
400.122 364.29 31.3326 2.56528 16.2876
856.978 268.739 28.7125 1.5068 17.5708
794.272 271.725 28.6064 1.53807 17.2741
1152.59 412.066 27.7867 1.87111 19.4714
1107.8 379.22 28.201 1.7867 19.0499
212.005 185.131 29.0591 1.60167 14.4528
394.15 480.743 28.8316 2.87311 15.4888
346.374 489.701 29.2971 2.91623 15.4458
409.08 450.884 29.6128 2.73506 15.7881
355.332 465.814 29.5768 2.81082 15.578
477.758 104.509 28.9638 0.997585 15.6015
456.856 56.7337 28.7599 0.652315 15.3881
695.734 247.837 28.7745 1.51551 16.7675
674.833 271.725 28.5644 1.63022 16.6689
671.846 232.907 29.0617 1.54003 16.6611
928.641 194.089 28.117 0.849965 18.0197
1063.01 519.561 28.5255 2.58555 18.7539
1164.53 265.753 28.7465 1.31905 19.0207
176.173 113.467 29.7916 1.53679 14.6536
161.243 74.6496 29.7858 1.37569 14.557
158.257 337.416 29.1984 2.37498 14.4337
483.729 492.687 30.6967 2.81201 16.3598
719.622 149.299 28.2909 0.810885 16.7959
1200.37 495.673 28.0174 2.33914 19.6415
1182.45 501.645 28.1122 2.38648 19.5304
1185.44 456.856 28.2748 2.16175 19.4296
397.136 59.7197 28.7902 0.743707 15.0959
346.374 80.6216 28.7461 0.873396 14.831
1188.42 355.332 27.7165 1.50117 19.71
191.103 403.108 29.0517 2.63795 14.5671
155.271 435.954 29.3788 2.81361 14.6156
143.327 391.164 29.4821 2.62752 14.5747
179.159 155.271 29.3514 1.54499 14.4164
265.753 113.467 29.0684 1.23709 14.6441
256.795 62.7057 28.9771 0.919985 14.4399
220.963 56.7337 29.2119 1.00884 14.4116
358.318 203.047 29.3302 1.65869 15.2681
343.388 131.383 29.6189 1.46161 15.2804
483.729 131.383 29.5836 1.38288 15.8498
656.917 477.758 28.5895 2.6731 16.7331
668.861 462.828 28.4249 2.57153 16.7948
104.509 265.753 29.3604 2.1092 14.2055
95.5515 206.033 29.3656 1.84746 14.0949
785.314 206.033 29.3223 1.45572 17.1434
895.795 558.379 28.5538 2.8786 17.9313
928.641 519.561 28.6884 2.67934 18.0508
880.865 516.575 29.0818 2.71181 17.7564
268.739 450.884 29.2392 2.81458 15.0694
214.991 441.926 29.2131 2.79585 14.813
495.673 447.898 28.71 2.63318 15.9395
328.458 418.038 28.9126 2.61116 15.1708
280.683 412.066 28.9951 2.62114 14.9848
689.762 188.117 29.3314 1.43155 16.7187
641.987 128.397 26.1049 -0.197762 16.0909
782.328 477.758 28.5478 2.57849 17.3529
149.299 274.711 29.3122 2.10394 14.3998
179.159 206.033 29.4625 1.80986 14.5409
128.397 206.033 29.2479 1.79824 14.1908
1134.67 253.809 28.4738 1.19114 19.0183
1128.7 307.556 28.4139 1.46004 19.0117
564.351 424.01 28.7589 2.47953 16.2511
531.505 382.206 28.7955 2.30187 16.0727
498.659 373.248 29.1544 2.31766 15.9758
677.818 400.122 28.7197 2.28565 16.7741
662.889 388.178 28.7315 2.23244 16.7035
1179.46 534.491 28.4188 2.57921 19.3633
68.6776 373.248 29.9269 2.61096 14.5786
247.837 340.402 29.4052 2.34935 14.9492
206.033 325.472 29.5602 2.32213 14.825
256.795 283.669 29.0626 2.03816 14.746
217.977 295.612 29.813 2.23985 14.9855
331.444 77.6356 28.5283 0.759486 14.636
504.631 179.159 29.5158 1.54762 15.9589
859.964 447.898 28.1365 2.34506 17.7679
916.697 495.673 28.4252 2.57067 18.0239
874.893 492.687 28.3056 2.57984 17.8442
955.515 182.145 28.1641 0.805432 18.1243
1137.66 531.505 28.2503 2.59589 19.2166
588.239 456.856 28.7978 2.64185 16.3815
925.655 280.683 28.6409 1.53129 17.9276
913.711 238.879 29.4807 1.56626 17.6749
107.495 182.145 29.304 1.70975 14.0907
65.6917 176.173 29.3099 1.71325 13.8997
421.024 432.968 28.9152 2.61224 15.5996
639.001 403.108 28.9522 2.35372 16.6356
973.431 418.038 28.5168 2.14316 18.261
1009.26 394.15 28.5505 2.0141 18.405
1221.27 200.061 28.0033 0.623306 19.715
1176.48 176.173 28.1233 0.586002 19.3795
1173.49 158.257 28.074 0.44246 19.3958
203.047 277.697 29.3235 2.08037 14.6444
223.949 209.019 30.0541 1.96037 15.0885
639.001 265.753 28.6763 1.63552 16.4897
1071.97 176.173 28.1039 0.645058 18.8023
1021.21 203.047 28.7485 1.07608 18.33
316.514 194.089 29.3213 1.63809 15.0546
391.164 346.374 29.242 2.27814 15.5114
352.346 295.612 28.985 2.03787 15.1864
480.743 340.402 28.914 2.14591 15.8179
432.968 307.556 28.5668 1.9773 15.4716
695.734 337.416 28.5368 1.93981 16.8156
701.706 286.655 28.7152 1.7142 16.8088
665.875 298.598 28.3667 1.7238 16.6184
967.459 507.617 28.3675 2.60542 18.3251
979.403 465.814 28.5205 2.37996 18.307
862.95 385.192 28.4288 2.03885 17.7001
970.445 253.809 28.8231 1.36615 18.0989
1146.62 173.187 28.001 0.518405 19.2576
1107.8 179.159 28.0267 0.603772 19.0234
1152.59 155.271 27.8464 0.348367 19.3417
1095.86 161.243 29.066 0.957243 18.5565
337.416 352.346 28.8803 2.29426 15.1294
289.641 346.374 29.1284 2.32426 15.0087
337.416 283.669 29.2006 2.02313 15.2001
1042.11 238.879 28.3647 1.12808 18.5607
555.393 259.781 28.8955 1.72362 16.0996
507.617 247.837 28.9559 1.69192 15.8863
558.379 241.865 28.6523 1.56546 16.0587
522.547 235.893 28.9631 1.6203 15.9396
519.561 328.458 29.2635 2.12212 16.0737
528.519 313.528 28.8684 1.9774 16.0193
1077.94 313.528 28.5095 1.55879 18.7477
1027.18 307.556 28.6983 1.59238 18.4255
450.884 271.725 28.9301 1.84573 15.6203
764.412 358.318 28.5183 1.99805 17.1963
394.15 250.823 29.152 1.82732 15.3991
397.136 226.935 28.8746 1.64901 15.309
358.318 220.963 29.0954 1.69001 15.1972
1077.94 477.758 28.3847 2.35777 18.8679
1071.97 456.856 28.5086 2.28986 18.7735
916.697 340.402 28.6602 1.81665 17.9276
877.879 340.402 28.437 1.77686 17.7511
862.95 313.528 28.7914 1.7511 17.6327
782.328 412.066 28.9625 2.32091 17.2603
752.468 361.304 28.8458 2.06172 17.1106
836.076 298.598 32.0336 2.4958 17.0512
606.155 343.388 28.0699 1.96232 16.2807
591.225 304.57 28.7181 1.87639 16.2861
1104.81 444.912 28.3819 2.17035 18.9998
1182.45 388.178 28.1404 1.79016 19.4756
1209.32 597.197 28.7943 2.85809 19.2988
758.44 659.903 28.8254 3.41425 17.3028
725.594 125.411 28.4641 0.722731 16.8252
585.253 630.043 28.5015 3.45268 16.4771
621.085 516.575 28.3764 2.88717 16.5682
274.711 483.729 29.1204 2.92445 15.0593
143.327 630.043 30.3879 3.36986 15.3499
328.458 537.477 29.3398 3.11368 15.4214
157.66 336.819 29.3905 2.38225 14.5517
240.073 408.483 29.1115 2.63062 14.8435
247.24 200.658 29.4621 1.76127 14.8369
386.984 197.075 29.7828 1.769 15.5622
376.234 136.161 29.5237 1.41698 15.3861
369.068 422.815 29.3156 2.62678 15.4904
361.901 372.651 32.1194 2.66368 16.5204
584.059 139.744 28.5728 0.978927 16.127
770.384 268.739 28.6124 1.54158 17.1555
723.803 240.073 28.9601 1.52244 16.8874
928.044 519.561 28.8313 2.69091 18.0293
1017.62 573.309 28.4029 2.87947 18.5476
1103.62 379.817 28.1983 1.79622 19.0359
483.73 490.896 28.8034 2.8433 15.93
440.731 469.397 29.0642 2.77056 15.7859
695.137 498.062 28.6853 2.7613 16.9222
670.055 462.23 27.967 2.53152 16.7419
670.055 232.907 29.7371 1.74208 16.7006
179.159 204.241 29.3406 1.78113 14.4625
132.578 204.241 29.527 1.86665 14.3981
179.159 154.077 29.4836 1.58796 14.5063
533.894 182.742 29.1067 1.41943 15.9642
501.645 139.744 29.1786 1.216 15.8182
68.0805 415.649 29.5909 2.78315 14.3555
100.329 397.733 29.4547 2.68781 14.3877
533.894 422.815 28.771 2.48817 16.1141
498.062 376.234 28.8766 2.2896 15.9141
705.887 361.901 29.0922 2.1269 16.9104
935.21 551.81 28.6617 2.85316 18.1115
1157.37 580.475 27.9905 2.82416 19.4487
799.049 483.73 28.3274 2.58325 17.451
856.38 447.898 28.4155 2.36984 17.7199
924.461 193.492 28.5419 0.986825 17.9262
1089.29 573.309 28.4338 2.83492 18.9554
1117.95 530.311 28.7525 2.61113 18.9242
89.5795 204.241 29.2629 1.81281 14.0122
68.0805 150.494 28.8292 1.44965 13.5127
455.064 433.565 31.2839 2.6899 16.4129
422.815 365.485 29.2157 2.32999 15.6476
218.574 293.821 29.3742 2.16786 14.7462
290.238 132.578 29.5801 1.48855 15.0527
329.653 78.83 28.8707 0.904205 14.8048
390.567 347.569 32.1198 2.62919 16.5496
390.567 300.987 29.0429 2.05158 15.4008
605.558 476.563 28.5916 2.68184 16.4739
587.642 455.064 28.7537 2.60706 16.3986
637.806 265.155 28.6316 1.62617 16.4676
605.558 240.073 28.5216 1.48889 16.2734
691.554 336.819 28.7226 1.96304 16.8146
648.556 343.985 28.7791 2.02784 16.625
877.88 272.322 28.3548 1.45653 17.7336
906.545 225.74 29.21 1.42433 17.7087
1028.37 308.154 27.2444 1.22233 18.9042
1017.62 200.658 28.3468 0.931339 18.433
1060.62 136.161 28.0974 0.423009 18.7239
1028.37 164.826 28.1456 0.631645 18.538
1078.54 318.903 27.9947 1.44412 18.9168
1178.87 197.075 27.9949 0.638979 19.4752
1150.2 154.077 28.0738 0.445809 19.256
591.225 394.15 28.7679 2.30342 16.3756
781.134 476.563 28.1643 2.55326 17.3438
913.711 340.402 27.7134 1.62948 18.1085
874.296 336.819 28.2593 1.76069 17.7391
963.876 415.649 28.3272 2.11103 18.2745
992.541 390.567 28.6092 2.01759 18.3227
1042.71 236.49 28.817 1.27661 18.4236
336.819 351.152 28.848 2.28725 15.1251
308.154 308.154 29.3265 2.16962 15.1153
974.625 175.576 28.1243 0.732461 18.2501
978.209 136.161 28.2808 0.539191 18.2343
1010.46 451.481 28.4183 2.28744 18.5031
225.74 211.408 29.2393 1.75612 14.6364
315.32 193.492 29.3924 1.66773 15.1033
326.07 419.232 30.0889 2.65287 15.6399
283.071 412.066 29.3409 2.63944 15.1096
562.56 326.07 29.1137 2.06014 16.2214
519.561 326.07 28.908 2.06318 15.9726
526.728 315.32 28.9457 1.98972 16.0309
917.294 498.062 28.2388 2.56373 18.0689
1046.29 422.815 27.72 2.00269 18.9203
1031.96 426.399 28.271 2.10322 18.6075
1006.87 394.15 28.232 1.94899 18.5061
437.148 329.653 28.9867 2.12776 15.6305
433.565 308.154 28.6872 1.99454 15.5004
533.894 261.572 28.9371 1.74834 16.0146
548.227 229.324 28.9642 1.58393 16.058
523.145 236.49 28.8996 1.60957 15.9329
777.55 415.649 29.1402 2.33333 17.2496
1132.29 254.406 27.8189 0.984429 19.2895
1092.87 225.74 28.6629 1.10078 18.7411
340.402 268.739 28.8907 1.8876 15.0929
322.486 240.073 29.2618 1.83412 15.0869
619.89 308.154 28.6334 1.85149 16.418
859.964 386.984 28.3057 2.03995 17.725
490.896 268.739 28.9842 1.80576 15.8056
935.21 326.07 28.8265 1.76636 17.9523
963.876 290.238 28.7812 1.57585 18.1157
394.15 250.823 29.3748 1.85862 15.4716
419.232 229.324 29.2231 1.73074 15.5118
354.735 243.656 29.4953 1.8999 15.3588
752.468 297.404 27.7973 1.51344 17.1232
727.386 311.737 28.7983 1.82274 16.9752
816.965 422.815 28.8929 2.30884 17.4794
834.881 372.651 28.8174 2.04685 17.5426
831.298 297.404 28.5263 1.63842 17.4953
820.549 297.404 28.4563 1.6131 17.4351
738.135 523.145 28.4425 2.81839 17.1331
691.554 526.728 28.4412 2.864 16.9307
816.965 512.395 28.279 2.71998 17.5473
985.375 121.828 28.1984 0.432934 18.2575
720.219 150.494 28.4358 0.87038 16.8121
856.38 268.739 28.7362 1.50805 17.57
358.318 462.23 29.6192 2.80638 15.5888
498.062 447.898 29.097 2.63931 16.0292
566.143 515.978 29.4548 2.88341 16.4357
154.077 437.148 29.2897 2.81359 14.5697
139.744 404.9 29.7655 2.68985 14.752
214.991 444.315 29.2298 2.79533 14.8241
175.576 612.724 29.4725 3.48557 14.9175
247.24 623.474 29.7909 3.4142 15.3877
329.653 537.477 30.2549 3.03156 15.7869
451.481 146.91 29.426 1.42653 15.6924
200.658 100.329 29.7243 1.42847 14.7113
265.155 111.079 29.639 1.42608 14.9318
111.079 329.653 29.5082 2.3975 14.3967
107.495 265.155 29.1667 2.06613 14.1124
422.815 637.806 29.2598 3.47052 15.881
481.58 455.781 29.0408 2.69878 15.9365
460.081 434.282 28.8928 2.59467 15.7828
507.379 107.495 28.6094 0.871756 15.6709
567.576 90.2962 28.627 0.719404 15.9654
670.772 232.19 28.9414 1.51113 16.641
662.172 481.58 28.8969 2.69756 16.7762
898.662 507.379 28.7041 2.66241 17.9121
877.163 511.678 28.4787 2.69862 17.8712
971.759 253.689 28.9899 1.4614 18.0506
1096.45 571.876 28.153 2.78449 19.1079
180.592 154.793 29.2351 1.51299 14.3498
326.786 417.082 32.1189 2.71704 16.4915
567.576 382.684 28.8093 2.26893 16.2636
503.079 374.084 28.8491 2.29117 15.9311
1066.35 485.879 28.219 2.39265 18.8586
1027.66 481.58 28.4295 2.41495 18.5885
1001.86 447.181 28.3882 2.2666 18.4429
1135.15 253.689 28.0917 1.07645 19.1613
1100.75 270.889 28.8228 1.40011 18.7017
245.09 202.091 29.1971 1.69058 14.6851
219.291 159.093 29.3392 1.55673 14.6066
236.49 335.386 29.6828 2.37369 15.0415
257.989 300.987 29.6584 2.2176 15.0795
601.975 472.98 28.8517 2.69671 16.4823
627.773 464.38 28.8097 2.61605 16.5874
589.075 451.481 28.7677 2.58813 16.3933
791.167 365.485 28.4895 2.01401 17.3055
1044.86 421.382 28.4472 2.12567 18.6051
1027.66 395.583 28.7323 2.02022 18.4701
1109.35 313.887 28.4023 1.51914 18.9182
399.883 343.985 29.0094 2.23391 15.4528
447.181 331.086 28.9383 2.11077 15.6307
477.28 318.187 28.9421 2.05087 15.7916
434.282 305.287 28.9891 2.02971 15.5785
752.468 468.68 29.7349 2.62505 17.1243
726.669 455.781 28.2116 2.48848 17.0401
971.759 417.082 28.6147 2.15042 18.2111
993.258 391.283 28.5694 2.0353 18.3403
928.761 378.384 28.4554 1.97588 18.0371
958.859 193.492 28.402 0.900877 18.093
988.958 154.793 28.2959 0.65878 18.2964
1113.65 210.691 28.5186 0.960821 18.8504
1117.95 154.793 28.1217 0.522411 19.054
1092.15 159.093 28.0759 0.522633 18.9195
593.375 305.287 28.8167 1.89389 16.3075
636.373 266.589 28.7978 1.64896 16.5004
576.176 266.589 28.8739 1.7316 16.2098
877.163 335.386 28.795 1.85439 17.6905
898.662 318.187 28.5515 1.70349 17.8249
868.563 309.587 29.554 1.90584 17.5226
924.461 434.282 28.4437 2.28178 18.0395
920.161 159.093 28.7498 0.897947 17.847
859.964 270.889 28.5561 1.46134 17.6017
963.159 503.079 28.6385 2.59154 18.2335
309.587 279.488 29.2613 2.01932 15.0822
318.187 236.49 29.2744 1.84231 15.1049
786.867 477.28 28.2979 2.56049 17.4215
829.865 296.687 28.5755 1.64516 17.4874
980.359 331.086 28.25 1.63762 18.3209
937.36 322.486 28.5104 1.68266 18.0483
748.168 408.483 28.7109 2.28172 17.1365
718.07 395.583 28.8778 2.26848 16.9828
520.278 322.486 28.9209 2.05306 16.0003
885.763 429.982 29.3772 2.3497 17.6903
464.38 236.49 29.0128 1.70683 15.6769
524.578 236.49 29.1583 1.65813 15.9931
756.768 296.687 28.552 1.6823 17.0873
726.669 313.887 28.7337 1.8319 16.9602
417.082 227.89 28.8375 1.64413 15.3947
1178.15 386.984 27.8282 1.74149 19.5777
1105.05 378.384 28.4128 1.83216 18.9573
1066.35 515.978 28.0762 2.56673 18.8883
821.265 511.678 28.6927 2.73711 17.5199
726.669 120.395 28.4927 0.753301 16.8148
825.565 202.091 29.1758 1.33189 17.2962
722.369 240.79 28.8018 1.49239 16.8778
361.185 460.081 29.3477 2.79595 15.5012
369.784 421.382 29.4731 2.62624 15.568
563.276 511.678 28.4447 2.88608 16.2802
141.894 399.883 29.3428 2.67276 14.5047
103.196 395.583 29.3108 2.68208 14.2939
214.991 442.881 29.2731 2.80098 14.8407
245.09 408.483 28.9927 2.61823 14.7646
249.389 619.174 29.6444 3.44549 15.32
331.086 537.477 29.2798 3.1232 15.4254
451.481 150.494 29.5802 1.4627 15.7418
374.084 206.391 29.0075 1.58276 15.2206
434.282 94.596 28.7791 0.9063 15.3119
610.574 176.293 29.4317 1.42001 16.3867
90.2962 202.091 29.4298 1.83167 14.1039
81.6965 85.9964 29.833 1.44247 14.2806
154.793 270.889 29.1241 2.05971 14.3032
232.19 232.19 29.1448 1.8329 14.648
1026.8 510.818 28.2179 2.57279 18.6548
1037.12 448.901 28.5613 2.28103 18.5792
1001 448.901 28.3949 2.23465 18.5024
175.433 196.072 29.1823 1.72755 14.3716
469.54 397.303 28.8858 2.42502 15.7934
552.097 134.154 28.5985 0.879059 15.9024
577.896 268.309 28.8747 1.71656 16.2223
608.854 423.102 28.7034 2.44704 16.4829
629.493 371.504 28.7614 2.18647 16.5363
598.535 381.824 28.7771 2.24055 16.3844
701.73 190.912 29.3713 1.44991 16.7883
639.813 180.592 29.4022 1.43283 16.4977
681.091 402.463 28.7163 2.27201 16.8039
639.813 402.463 29.6244 2.41477 16.6582
696.571 283.788 28.8397 1.73916 16.8203
696.571 247.67 29.2829 1.65984 16.7909
758.488 433.422 28.3825 2.35385 17.1815
815.246 330.226 28.6423 1.8179 17.4007
825.565 299.267 28.3674 1.60917 17.4335
789.447 299.267 28.5905 1.66019 17.2462
804.926 438.581 28.9003 2.39927 17.4224
861.684 304.427 28.5955 1.68844 17.6608
1083.55 345.705 28.747 1.76536 18.6389
1109.35 319.906 28.6854 1.61429 18.8305
252.829 340.546 29.1312 2.30993 14.8504
330.226 417.942 29.4809 2.62154 15.3875
691.411 340.546 28.6497 1.95262 16.8071
1042.28 371.504 28.2197 1.80019 18.6414
479.86 459.221 30.3388 2.74989 16.2518
459.221 433.422 28.8775 2.58954 15.7862
448.901 273.468 28.7698 1.82771 15.5213
495.339 232.19 28.9403 1.57475 15.7609
448.901 237.35 30.0912 1.97221 15.984
562.416 423.102 28.7609 2.47386 16.2527
531.458 423.102 28.8052 2.50401 16.1037
500.499 376.664 28.8493 2.27979 15.9398
768.807 356.025 27.6968 1.82439 17.2465
748.168 294.108 28.5002 1.64857 17.0587
727.529 319.906 29.1272 1.90356 16.9862
923.601 495.339 28.4749 2.53277 18.0586
964.879 443.741 28.8298 2.29886 18.1799
939.08 288.948 27.8963 1.35758 18.176
1109.35 211.551 28.1274 0.832083 18.971
1068.07 206.391 27.6904 0.661614 18.9469
1119.67 154.793 28.0612 0.463434 19.0898
1062.92 175.433 28.0764 0.62202 18.7532
340.546 273.468 29.3285 1.98132 15.2498
309.587 278.628 29.7578 2.1093 15.3152
314.747 237.35 29.1028 1.79201 15.0192
768.807 412.783 28.6252 2.2633 17.235
717.21 402.463 28.919 2.29599 17.0173
1047.44 340.546 28.75 1.73185 18.5383
995.838 340.546 28.4372 1.71223 18.3834
1042.28 304.427 28.6055 1.5863 18.5
995.838 314.747 28.5297 1.57215 18.3218
804.926 417.942 28.4503 2.23778 17.4145
835.885 371.504 29.3634 2.13859 17.4315
789.447 366.345 28.4895 2.01401 17.3055
1099.03 443.741 27.6986 2.09093 19.2252
1104.19 376.664 28.4756 1.85172 18.9095
1093.87 567.576 27.7461 2.80669 19.2244
675.931 459.221 29.1461 2.60087 16.8528
851.364 454.061 28.3388 2.37514 17.68
877.163 515.978 28.7804 2.70097 17.8124
1016.48 206.391 28.4735 0.975024 18.4035
918.441 190.912 28.0507 0.813754 18.0142
985.518 123.835 27.8393 0.276811 18.3544
1093.87 144.474 27.8794 0.354474 19.0321
1042.28 237.35 28.2391 1.10188 18.5989
1099.03 227.03 28.2613 0.977238 18.8892
892.642 159.953 28.0748 0.658073 17.7615
908.122 103.196 31.9423 2.18553 17.1308
722.369 242.51 30.8529 2.07641 16.9174
856.524 268.309 28.528 1.47785 17.5664
789.447 273.468 28.5329 1.53672 17.2428
371.504 423.102 28.9957 2.60613 15.398
500.499 443.741 28.8583 2.61174 15.983
149.634 438.581 29.6613 2.80943 14.7778
103.196 392.143 29.622 2.65848 14.492
335.386 485.02 29.1284 2.89606 15.3683
263.149 454.061 28.6124 2.7974 14.7544
242.51 407.623 29.3052 2.63936 14.9317
490.179 154.793 29.5402 1.42199 15.8806
392.143 211.551 29.5552 1.71909 15.5107
438.581 98.0359 28.5942 0.835809 15.2707
479.86 319.906 28.5667 1.99104 15.7056
392.143 350.865 28.8369 2.2243 15.3778
603.694 340.546 28.9368 2.06446 16.4082
510.818 268.309 28.4496 1.67229 15.8022
134.154 201.231 29.372 1.78935 14.2578
201.231 103.196 29.7164 1.40956 14.7114
335.386 134.154 29.7383 1.50977 15.3039
278.628 123.835 29.7483 1.50652 15.0636
113.515 325.066 29.4769 2.37942 14.3654
873.035 334.354 28.2223 1.75081 17.7182
866.843 303.395 28.591 1.63235 17.6567
879.227 513.914 28.667 2.68349 17.8112
959.719 495.339 28.5634 2.56751 18.2138
1027.83 501.531 28.5529 2.59984 18.5599
990.678 470.572 28.6655 2.45084 18.3257
1003.06 445.805 28.215 2.22695 18.4679
297.203 340.546 29.2564 2.32272 15.067
260.053 334.354 28.9068 2.28505 14.7593
464.38 427.23 28.8551 2.56274 15.795
513.914 359.121 28.8415 2.23933 16.0243
972.103 383.888 28.4921 1.96698 18.2331
947.336 284.82 28.9873 1.62336 17.9377
910.186 229.094 28.1975 1.1036 17.8961
1064.98 204.327 29.0549 1.15394 18.4617
291.012 408.655 29.0543 2.60954 15.0161
247.67 402.463 29.3941 2.63187 14.9954
297.203 371.504 29.0539 2.42082 15.0066
253.861 371.504 29.3305 2.47831 14.9452
340.546 266.245 28.3105 1.80161 14.8754
303.395 278.628 29.1894 2.02264 15.0476
359.121 235.286 29.02 1.7401 15.1891
315.779 235.286 29.3644 1.85021 15.1313
811.118 414.846 28.5352 2.26069 17.4719
1083.55 396.271 28.8394 2.046 18.6776
1102.13 377.696 32.2495 2.59485 17.2619
637.749 396.271 29.1129 2.34231 16.6367
724.433 402.463 28.4106 2.22821 16.9921
749.2 359.121 31.2339 2.43428 17.0016
718.242 359.121 28.6792 2.04518 16.9593
885.419 421.038 28.4936 2.26451 17.8292
848.268 414.846 28.5342 2.24893 17.6304
879.227 377.696 28.5595 2.02981 17.751
996.87 340.546 28.7629 1.80589 18.2744
1089.75 334.354 28.8086 1.71847 18.713
334.354 414.846 28.9029 2.59292 15.1781
334.354 377.696 29.0542 2.41161 15.1902
990.678 396.271 29.0683 2.1111 18.1892
1114.51 390.08 28.5729 1.95293 18.8991
953.528 569.64 26.4928 2.96014 18.7646
1114.51 526.298 27.7195 2.53916 19.3078
761.584 470.572 28.6799 2.55746 17.2059
687.283 396.271 28.6894 2.26756 16.7941
842.076 476.764 29.3797 2.58803 17.5362
724.433 489.147 30.1118 2.72646 17.0551
934.953 321.97 28.7758 1.74918 17.9719
1040.21 235.286 28.3606 1.16142 18.5366
662.516 272.436 28.9353 1.69259 16.6683
854.46 272.436 29.2733 1.67958 17.5124
421.038 427.23 28.9251 2.58484 15.6177
427.23 359.121 28.546 2.22291 15.4779
631.557 458.189 28.1492 2.55221 16.5091
513.914 482.956 29.2004 2.80625 16.1504
439.613 489.147 29.2432 2.86844 15.8323
612.982 501.531 28.3926 2.83758 16.5054
148.602 439.613 29.3514 2.82078 14.5813
253.861 445.805 29.1055 2.80833 14.9483
396.271 117.643 29.9795 1.50684 15.6287
588.215 136.218 28.3076 0.807761 16.0058
390.08 346.737 28.6295 2.1995 15.3126
451.997 235.286 29.3722 1.77322 15.7075
408.655 229.094 28.6878 1.61257 15.3322
526.298 315.779 28.8673 2.03116 16.0011
625.366 266.245 28.6528 1.63824 16.4296
204.327 185.752 29.2007 1.65156 14.4688
235.286 198.136 29.1563 1.6717 14.6471
340.546 130.027 29.6299 1.46515 15.2662
173.369 315.779 29.1838 2.26686 14.4817
160.985 328.162 29.1938 2.33159 14.444
210.519 235.286 29.3086 1.89996 14.6939
154.793 266.245 29.3588 2.07533 14.4209
906.471 222.903 30.9981 2.0153 17.3509
988.202 341.784 28.4776 1.72504 18.3442
980.771 326.924 28.9081 1.74073 18.187
1040.21 378.934 28.5046 1.88144 18.5887
1084.79 475.526 31.934 2.66513 17.4022
1040.21 430.945 28.6153 2.14803 18.5891
1055.07 170.892 27.9988 0.599991 18.6582
1055.07 141.172 29.1053 0.87359 18.3952
208.042 237.763 29.456 1.97847 14.7612
230.333 200.612 29.493 1.75499 14.8094
185.752 193.182 29.4723 1.73283 14.6029
252.623 334.354 29.0006 2.27899 14.7917
319.494 230.333 29.4369 1.82009 15.1483
371.504 208.042 29.1014 1.66797 15.2398
468.095 401.225 28.8455 2.5094 15.8012
460.665 364.074 30.0311 2.39779 16.0672
958.481 438.375 29.2251 2.31939 18.0503
921.331 423.515 28.9967 2.27951 17.9358
1084.79 334.354 31.049 2.24565 17.7686
1032.78 349.214 28.3088 1.70261 18.5882
965.911 378.934 28.7747 2.04608 18.0882
928.761 378.934 28.53 1.95129 18.0296
1099.65 378.934 28.098 1.74591 19.0439
936.191 549.826 28.4801 2.81985 18.1788
1025.35 497.816 28.337 2.5149 18.6034
1092.22 564.687 28.0451 2.81745 19.097
676.138 453.235 28.8682 2.54449 16.825
638.987 393.795 28.749 2.26912 16.5663
802.449 475.526 29.2268 2.59387 17.3926
876.75 378.934 28.1359 1.91223 17.8315
743.009 512.676 28.7927 2.76862 17.1635
891.61 557.256 28.4444 2.86869 17.9319
817.31 512.676 29.1823 2.73581 17.4969
1010.49 208.042 28.5784 1.0357 18.3059
1099.65 222.903 28.503 1.1318 18.8486
1121.94 156.032 28.1149 0.47719 19.0874
936.191 319.494 28.0386 1.57777 18.1178
1129.37 252.623 28.0831 1.03144 19.1199
690.998 141.172 28.0033 0.71198 16.6772
661.278 312.064 28.7523 1.90239 16.654
817.31 297.203 28.3731 1.62343 17.4279
497.816 438.375 28.4856 2.56246 15.8969
534.966 423.515 28.7859 2.496 16.136
557.256 378.934 28.7954 2.21824 16.2404
512.676 482.956 29.6131 2.83 16.2221
215.473 445.805 29.0789 2.79356 14.7726
148.602 438.375 29.3376 2.81487 14.5552
245.193 408.655 29.0579 2.61431 14.8431
364.074 460.665 29.0759 2.79728 15.4717
334.354 416.085 30.1432 2.63561 15.6735
453.235 237.763 28.5423 1.59077 15.4938
423.515 141.172 29.413 1.31339 15.5113
586.977 237.763 29.9576 1.89097 16.4461
594.407 141.172 28.6125 0.999544 16.1231
490.386 252.623 28.9702 1.73755 15.7996
378.934 245.193 29.1248 1.78565 15.2401
520.106 319.494 28.9035 1.99833 15.9984
274.913 215.473 29.2474 1.75397 14.8657
156.032 267.483 29.5693 2.07008 14.6148
297.203 282.343 29.3974 2.05678 15.1204
170.892 482.956 30.5394 2.89798 15.3924
820.282 517.134 28.3924 2.72791 17.5733
766.785 472.554 28.3224 2.47828 17.2191
847.03 454.721 28.2542 2.38979 17.6431
829.198 374.476 28.3468 1.98303 17.5207
882.694 508.218 28.9657 2.67128 17.7762
855.946 499.302 28.5236 2.6368 17.7506
945.107 285.315 29.1473 1.66063 17.8991
927.275 338.812 28.2867 1.6993 18.0636
900.527 356.644 28.4162 1.84983 17.8528
954.023 338.812 29.2555 1.89196 18.0098
971.855 365.56 28.1869 1.80628 18.3174
1096.68 445.805 28.1372 2.15617 19.025
1087.76 392.309 29.0659 2.04315 18.6625
945.107 543.882 28.8925 2.83439 18.083
1034.27 534.966 29.5469 2.68796 18.2893
1096.68 472.554 27.2337 2.31627 19.3658
1069.93 499.302 28.1253 2.46565 18.9016
748.953 419.057 29.2145 2.38369 17.1247
677.624 445.805 28.7073 2.51394 16.807
722.204 392.309 28.5984 2.223 17.0024
641.96 392.309 27.7278 2.14913 16.4576
793.533 365.56 28.8244 2.03835 17.3457
695.456 526.05 29.0353 2.84746 16.9566
748.953 517.134 29.0655 2.7927 17.2039
793.533 526.05 28.6054 2.80683 17.441
909.443 222.903 30.2806 1.7865 17.5072
1016.44 205.07 27.8394 0.747108 18.545
1087.76 329.896 28.1846 1.57211 18.8562
731.121 329.896 28.7406 1.8423 16.9657
686.54 303.148 28.6848 1.79109 16.8491
864.862 276.399 28.5576 1.49331 17.5917
427.973 419.057 28.9301 2.53857 15.5887
427.973 401.225 28.3339 2.46152 15.4532
606.295 427.973 29.8178 2.54564 16.6083
543.882 427.973 30.1804 2.60381 16.4057
517.134 365.56 29.2625 2.26218 16.0782
436.889 490.386 29.8517 2.85782 15.9505
633.043 534.966 29.4633 2.94242 16.6686
534.966 526.05 29.0394 2.96294 16.2603
534.966 499.302 28.4616 2.85983 16.2075
222.903 445.805 31.0064 2.7944 15.8306
196.154 463.637 28.8606 2.87503 14.6043
196.154 392.309 29.1204 2.60277 14.6109
374.476 419.057 28.1521 2.52365 15.1503
285.315 410.141 29.5894 2.63555 15.1983
329.896 481.47 28.9677 2.85748 15.2878
276.399 472.554 29.0914 2.87882 15.0195
410.141 231.819 29.1686 1.70676 15.4479
543.882 240.735 28.6168 1.54683 15.9393
463.637 312.064 32.1116 2.57605 16.6162
606.295 312.064 28.9098 2.02853 16.4109
624.127 267.483 28.6706 1.63583 16.3855
517.134 276.399 28.4007 1.7055 15.8375
187.238 222.903 30.1485 2.08313 15.0701
187.238 187.238 29.3719 1.71135 14.5037
356.644 231.819 29.0888 1.68494 15.2457
276.399 205.07 29.286 1.73659 14.8855
222.903 320.98 29.0235 2.20917 14.6268
169.406 320.98 29.2693 2.31273 14.4837
258.567 303.148 29.2218 2.14976 14.8561
169.406 258.567 29.3603 2.04929 14.437
365.56 312.064 28.8106 2.06784 15.2035
312.064 356.644 29.4946 2.3901 15.251
303.148 285.315 28.7154 1.96611 14.8518
