1144 102.3 1.82488 0.536729 5.54466
1247.15 540.386 1.78627 0.758648 5.37748
1229.84 424.589 1.78092 0.701696 5.39318
1163.29 548.372 1.78771 0.786536 5.43429
1064.8 279.51 1.82273 0.656172 5.59718
1159.3 179.685 1.81272 0.582455 5.50535
1144.66 101.156 1.82177 0.536418 5.53977
1022.21 153.065 1.89517 0.57346 5.76833
1006.24 600.281 1.835 0.915367 5.63489
1018.22 67.881 1.87403 0.5041 5.75875
1165.42 169.836 1.80601 0.575993 5.49376
1229.84 426.053 1.78008 0.701569 5.39222
1128.82 396.771 1.79535 0.710626 5.48673
1021.94 273.787 1.8365 0.661443 5.66362
1011.69 221.079 1.8731 0.626857 5.738
1213.74 493.402 1.78759 0.742372 5.40448
1231.31 144.946 1.79128 0.561245 5.4322
1064.55 278.618 1.81233 0.653657 5.58185
1169.23 410.68 1.81063 0.715957 5.47178
1128.97 396.185 1.79128 0.709295 5.4812
1164.4 549.184 1.78779 0.78603 5.43402
1014.62 515.363 1.90205 0.884268 5.73026
1022.67 273.787 1.84571 0.662871 5.67915
1017.84 67.6414 1.86368 0.504511 5.74167
1214.32 492.816 1.7918 0.744078 5.40956
1246.53 539.521 1.78459 0.757957 5.37523
1110.77 150.583 1.86776 0.56764 5.62479
1013.33 469.464 1.91512 0.85261 5.76093
1144.43 100.979 1.82371 0.536533 5.54279
1142.66 42.5175 1.80703 0.50387 5.53039
1018.65 67.3193 1.84002 0.505189 5.70134
1215.29 490.722 1.78545 0.74089 5.40152
1163.92 547.412 1.78307 0.784408 5.42798
1233.01 143.496 1.78188 0.56064 5.42084
1064.71 278.135 1.83076 0.658148 5.60966
1143.9 101.333 1.82337 0.536451 5.54224
1005.54 600.205 1.82374 0.906947 5.61761
1011.38 608 1.82755 0.912232 5.61581
1019.18 66.2564 1.85058 0.504377 5.7193
1023.08 272.82 1.83032 0.660134 5.65468
1216 491.077 1.79003 0.742354 5.40788
1175.08 567.077 1.80354 0.800159 5.43639
1065.95 278.667 1.81095 0.653392 5.57903
1194.56 317.641 1.85315 0.667384 5.50662
1110.38 152.195 1.85229 0.567639 5.60029
1054.65 195.067 1.84207 0.600592 5.64906
1011.77 608.779 1.83454 0.917924 5.62705
1144.68 100.749 1.82248 0.53602 5.54099
1018.2 66.4513 1.84252 0.504458 5.70425
1026.78 98.6051 1.85364 0.531455 5.70782
1093.23 276.523 1.81887 0.649413 5.56182
1215.41 490.882 1.7758 0.73676 5.39038
1129.67 645.22 1.84799 0.890674 5.51324
1065.36 278.667 1.81391 0.653243 5.58258
1193.98 317.251 1.85319 0.667788 5.507
1138.25 265.805 1.82213 0.637686 5.52872
1138.89 266.448 1.82013 0.637649 5.52592
1094.09 275.88 1.81592 0.648429 5.55671
1145.96 99.0338 1.82291 0.535849 5.5412
1025.71 139.119 1.87545 0.561259 5.73322
1054 89.602 1.82439 0.524902 5.63297
1028.07 99.0338 1.83495 0.531662 5.67756
1013.92 334.829 1.8834 0.724532 5.73545
1065.79 278.238 1.81331 0.653881 5.58378
1023.35 271.164 1.85123 0.662946 5.68577
1219.06 544.686 1.79259 0.77093 5.40203
1103.52 190.994 1.80181 0.590521 5.53937
252.3 226.363 1.24992 0.67539 6.09194
49.5169 205.141 1.13316 0.633488 5.81536
292.386 167.414 1.27641 0.62441 6.26126
56.5908 77.8123 1.17467 0.544896 5.68129
558.834 96.6759 2.23248 0.431961 9.83993
620.14 108.466 2.53337 0.468854 9.89638
528.18 198.068 2.01872 0.848092 9.31367
132.045 582.413 1.25012 0.769929 5.44405
572.981 516.391 1.66755 1.16999 6.52199
398.493 485.737 1.41671 1.23783 6.9192
987.98 155.625 1.9007 0.574697 5.82802
858.293 556.476 2.00064 1.12604 6.20118
733.322 589.487 2.15577 1.56343 7.05326
773.407 337.187 2.27708 1.03133 7.22696
785.197 228.721 2.17115 0.74512 6.93837
429.147 356.05 1.48149 1.00682 6.98205
952.611 544.686 1.87164 0.927325 5.7742
825.282 308.891 1.94965 0.789354 6.25197
853.577 280.596 2.04002 0.769089 6.35892
853.577 351.334 1.98341 0.842393 6.22927
738.038 405.567 2.42428 1.354 7.79903
763.975 429.147 2.27028 1.25812 7.26177
976.19 306.533 1.9077 0.715433 5.83621
591.845 202.784 2.7281 1.01246 11.3455
268.806 292.386 1.24988 0.755947 6.18718
325.397 287.67 1.29951 0.790185 6.44588
811.134 202.784 2.08542 0.681 6.63996
792.271 157.983 2.09957 0.60128 6.73387
499.885 370.198 1.53967 0.908029 6.44085
535.254 367.84 1.5931 0.909059 6.46253
518.749 426.789 1.55034 0.957042 6.31551
539.97 412.641 1.57481 0.934181 6.30172
811.134 457.442 2.1479 1.15207 6.70356
860.651 469.232 2.02008 1.02027 6.24916
297.101 516.391 1.26949 1.03606 6.23021
287.67 370.198 1.25656 0.8815 6.3461
275.88 405.567 1.24687 0.91229 6.29737
987.98 80.1702 1.87451 0.512528 5.80004
414.999 363.124 1.44611 1.02222 6.99986
471.59 365.482 1.51446 0.91867 6.54917
478.663 407.925 1.49636 0.93022 6.31581
341.902 150.909 1.31652 0.616735 6.70735
157.983 61.3066 1.17852 0.522138 6.01406
464.516 214.573 1.58006 0.768976 7.40774
455.084 249.942 1.52896 0.822525 7.11368
370.198 224.005 1.36353 0.711502 6.53652
881.873 195.71 1.98825 0.635197 6.18949
914.884 419.715 1.94424 0.868268 5.98844
450.368 485.737 1.45072 1.01341 6.25236
47.159 306.533 1.13405 0.704971 5.79248
252.944 227.22 1.24973 0.674302 6.08531
293.672 169.344 1.27739 0.625223 6.28806
559.477 98.6051 2.24165 0.435402 9.87794
619.497 109.323 2.53337 0.468854 9.89638
357.979 100.749 1.35248 0.535822 6.73406
132.903 583.056 1.24994 0.770379 5.44299
47.159 499.456 1.22435 0.718861 5.41996
351.549 540.184 1.32872 1.13576 6.39454
681.661 310.82 2.9155 1.45516 9.99237
726.677 105.036 2.1732 0.502116 7.35173
647.364 158.626 2.67821 0.696983 9.89575
883.159 473.733 2.00434 0.990293 6.15723
733.107 321.538 2.43901 1.12119 7.935
853.148 353.692 1.98476 0.845496 6.22933
428.718 357.979 1.48149 1.00682 6.98205
857.436 557.333 2.01942 1.14024 6.23744
501.6 370.841 1.54398 0.910721 6.45323
535.897 368.697 1.59453 0.911401 6.46171
540.184 413.713 1.58002 0.939443 6.32344
971.046 565.907 1.85221 0.919514 5.70999
739.538 407.282 2.38538 1.32748 7.70752
763.118 430.861 2.29636 1.26944 7.29115
115.754 315.108 1.16772 0.714847 5.81776
790.984 158.626 2.1473 0.610396 6.87479
463.015 214.359 1.59976 0.786201 7.62205
962.471 465.159 1.85992 0.842428 5.7521
988.195 81.4564 1.86892 0.513012 5.78992
49.3025 308.677 1.13516 0.704293 5.78607
975.333 306.533 1.87194 0.704942 5.77459
784.554 229.364 2.08809 0.72849 6.73565
737.395 270.092 2.48853 0.99166 8.0769
915.312 420.143 1.94732 0.870263 5.9947
617.354 126.472 2.50119 0.546998 9.80949
580.913 158.626 2.36943 0.708342 9.96238
276.523 405.138 1.24914 0.907043 6.27278
207.928 139.333 1.21588 0.588266 6.04682
246.513 126.472 1.25091 0.574419 6.02466
160.769 113.61 1.17593 0.56602 6.02992
818.851 495.169 2.07823 1.1435 6.4818
413.713 364.41 1.43676 0.991004 6.84432
471.59 366.554 1.49747 0.90218 6.44431
411.569 137.19 1.4341 0.586935 6.75151
986.051 154.338 1.90076 0.574215 5.82754
885.302 585.2 1.95168 1.08781 6.02831
932.461 580.913 1.90501 1.00129 5.85328
456.584 523.036 1.47538 1.1431 6.44186
295.815 514.461 1.26915 1.0288 6.21707
799.559 390.133 2.10664 1.00899 6.66459
863.866 379.415 2.01513 0.887833 6.25263
795.272 405.138 2.14165 1.05686 6.7464
351.549 368.697 1.33608 0.916846 6.50728
390.133 372.984 1.3931 0.945952 6.60162
870.297 195.067 1.99898 0.639415 6.24041
381.559 203.641 1.38435 0.692087 6.65634
253.333 226.051 1.24928 0.668988 6.05259
621.641 109.128 2.53337 0.468854 9.89638
358.564 101.333 1.35024 0.536906 6.72133
132.513 582.667 1.24994 0.770379 5.44299
54.5641 442.359 1.22833 0.697552 5.42325
574.872 504.718 1.67806 1.16187 6.54744
767.795 70.1538 2.10544 0.443112 6.92131
646.974 157.846 2.68932 0.699261 9.92495
787.282 278.667 2.18241 0.848821 6.9358
734.666 321.538 2.38679 1.09771 7.78484
773.641 337.128 2.23291 1.00062 7.1076
592.41 202.667 2.81397 1.04057 11.6991
516.41 214.359 1.83298 0.845308 8.35893
530.051 198.769 2.01422 0.848452 9.24196
157.846 62.359 1.1757 0.521369 6.03199
161.744 113.026 1.17631 0.565623 6.02685
619.692 348.82 2.64145 1.69492 10.1378
535.897 368.308 1.58898 0.907275 6.43135
541.743 403.384 1.57609 0.922803 6.29778
785.333 228 2.12839 0.737678 6.8386
853.538 352.718 1.98141 0.845935 6.21986
430.667 356.615 1.45784 0.942075 6.67573
988 81.8461 1.86892 0.513012 5.78992
857.436 557.333 1.98778 1.11594 6.17271
415.077 362.461 1.44332 1.00616 6.91323
471.59 366.359 1.49747 0.90218 6.44431
479.384 403.384 1.50586 0.9382 6.37891
276.718 403.384 1.24753 0.913142 6.30566
954.872 545.641 1.8659 0.922142 5.76042
972.41 567.077 1.82996 0.905263 5.67427
904.205 413.128 1.93871 0.865825 5.99798
915.897 418.974 1.93328 0.8642 5.96305
976.307 305.949 1.89707 0.712427 5.81523
457.949 475.487 1.47647 1.04908 6.39938
208.513 138.359 1.21538 0.587213 6.04404
863.282 378.051 2.02174 0.891748 6.2672
169.538 114.974 1.18099 0.56883 6.05973
871.077 194.872 1.99924 0.637703 6.24196
633.333 157.846 2.59118 0.700768 9.90757
463.795 214.359 1.59725 0.781468 7.60645
352.718 368.308 1.33952 0.933686 6.59148
387.795 494.974 1.38632 1.18715 6.71056
884.718 584.615 1.93702 1.07432 5.99906
370.256 224.102 1.36273 0.70455 6.46752
966.564 114.974 1.85655 0.543123 5.79744
988 153.949 1.91911 0.574531 5.86057
292.308 167.59 1.27718 0.624363 6.27013
109.128 481.333 1.24457 0.720005 5.43554
771.692 467.692 2.24988 1.30273 7.12314
251.562 226.76 1.24969 0.668233 6.05452
46.0606 205.501 1.1301 0.635459 5.80946
621.818 109.837 2.5261 0.478472 9.84037
356.084 100.979 1.35024 0.536906 6.72133
724.568 70.8624 2.02615 0.448007 6.94272
692.68 519.067 1.99803 1.34235 6.90765
517.296 214.359 1.84929 0.852522 8.44902
529.697 200.186 2.02615 0.858539 9.27478
503.123 370.256 1.54101 0.905719 6.43094
540.326 403.916 1.58472 0.930973 6.33929
593.473 203.73 2.79659 1.04006 11.633
488.951 279.907 1.71585 1.01712 8.0989
763.543 428.718 2.33654 1.29874 7.39357
278.135 403.916 1.24888 0.906878 6.27985
871.608 382.657 1.96599 0.867619 6.1331
209.044 139.953 1.21674 0.588236 6.03777
862.75 379.114 2.02174 0.891748 6.2672
818.461 432.261 2.08102 1.04606 6.52014
976.13 306.48 1.90609 0.714668 5.82899
972.587 566.9 1.82943 0.905004 5.67354
882.237 526.154 1.98903 1.04601 6.12138
965.501 116.923 1.85172 0.543193 5.78705
988.531 154.126 1.90591 0.573413 5.83767
265.734 301.165 1.24839 0.766013 6.18015
272.82 324.196 1.24506 0.809356 6.26919
387.972 496.037 1.38864 1.19685 6.74188
182.471 100.979 1.19313 0.554688 6.04106
922.983 515.524 1.91014 0.947048 5.89139
655.478 292.308 2.85907 1.40502 10.3184
372.028 223.217 1.36403 0.707414 6.50184
382.657 203.73 1.38165 0.687869 6.60577
572.214 168.298 2.34633 0.760223 10.0252
148.811 210.816 1.15788 0.656307 6.04476
699.767 540.326 1.99163 1.35938 6.84232
54.9184 441.119 1.22757 0.699111 5.42954
533.24 451.748 1.57305 0.999727 6.33778
355.923 101.462 1.34635 0.536633 6.6549
32.2102 446.111 1.22024 0.699351 5.42492
821.36 80.5255 2.04237 0.477599 6.5232
707.014 370.417 2.73383 1.53017 9.03715
736.003 320.492 2.39068 1.09902 7.78524
305.997 507.311 1.2787 1.02573 6.22997
864.844 291.502 1.99293 0.763016 6.22633
721.509 367.196 2.52768 1.34126 8.28459
773.045 368.807 2.24434 1.08042 7.1358
734.393 428.396 2.42243 1.42559 7.83234
773.045 420.343 2.2027 1.17097 7.01547
489.595 280.229 1.71345 1.01506 8.06237
156.219 61.1994 1.17925 0.52143 5.98288
471.879 365.586 1.50783 0.914069 6.50919
818.139 431.617 2.0712 1.04121 6.49845
845.518 421.954 2.02253 0.965724 6.31135
478.322 239.966 1.66912 0.877175 7.93617
388.133 496.037 1.38541 1.17994 6.68762
903.496 412.291 1.93016 0.86141 5.98169
450.943 487.985 1.46593 1.07442 6.41807
209.366 140.114 1.21674 0.588236 6.03777
764.992 135.283 2.14335 0.563594 7.00119
293.113 169.104 1.27691 0.624061 6.25947
808.476 206.145 2.07408 0.682549 6.61393
972.748 568.51 1.84824 0.920414 5.70433
394.575 570.121 1.39278 1.26791 6.58199
826.192 555.626 2.07126 1.22929 6.43821
858.402 557.237 1.99952 1.12522 6.19706
922.822 515.363 1.91014 0.947048 5.89139
877.728 175.546 1.97773 0.610676 6.19169
964.696 444.501 1.88445 0.837172 5.7893
352.702 317.27 1.33629 0.843861 6.52222
892.223 599.11 1.95437 1.09907 6.01322
719.898 444.501 2.35254 1.45534 7.7652
871.286 194.872 2.01934 0.638775 6.28531
605.552 127.23 2.48847 0.561277 9.97279
579.784 159.441 2.34409 0.708065 9.87626
628.099 167.493 2.56129 0.744106 9.82397
872.896 30.5997 1.97414 0.430613 6.22804
372.028 223.861 1.36527 0.710556 6.53349
190.04 201.314 1.19712 0.644569 6.0335
251.24 227.082 1.25094 0.664855 6.01764
201.314 238.355 1.20788 0.679518 6.01543
222.25 239.966 1.22621 0.680067 6.01496
487.985 112.736 1.82265 0.52466 9.09914
133.672 583.005 1.2517 0.765649 5.43261
629.709 550.794 1.82445 1.33251 6.75615
559.286 98.0947 2.2497 0.438055 9.90791
594.425 30.7461 2.08011 0.260385 8.38704
32.2102 445.086 1.22046 0.698675 5.42293
519.756 427.517 1.54588 0.951106 6.28815
541.717 414.34 1.57877 0.938781 6.30809
771.581 368.953 2.23299 1.07583 7.11228
289.892 373.346 1.26703 0.853381 6.21387
314.782 442.158 1.28608 0.985673 6.36619
743.763 317.71 2.45343 1.10314 7.88387
754.012 352.848 2.35536 1.13481 7.54472
431.91 357.24 1.4789 0.993172 6.92831
481.689 348.456 1.51609 0.881601 6.45957
516.827 213.759 1.86077 0.85796 8.51395
531.468 200.582 2.04275 0.868742 9.33146
521.22 240.112 1.85987 0.932686 8.40753
480.225 420.197 1.49924 0.948732 6.32102
319.174 450.943 1.2904 0.998217 6.37438
863.819 291.356 2.00902 0.767969 6.26088
478.761 240.112 1.66359 0.875774 7.8868
101.023 305.997 1.15857 0.711163 5.83368
860.891 379.202 2.01359 0.88907 6.25675
818.432 431.91 2.0712 1.04121 6.49845
844.786 421.661 2.0385 0.975843 6.34468
976.555 307.461 1.91128 0.716257 5.83847
972.162 569.535 1.84722 0.919734 5.70075
450.943 489.009 1.48341 1.13434 6.58324
903.35 412.876 1.92755 0.86053 5.97673
389.451 373.346 1.38899 0.94642 6.58492
387.987 496.33 1.38495 1.15774 6.62414
304.533 152.266 1.28356 0.610794 6.4307
209.366 140.554 1.21674 0.588236 6.03777
881.388 527.076 1.96489 1.03055 6.07333
891.637 598.817 1.91127 1.061 5.93569
822.824 502.186 1.95486 1.05335 6.22057
371.881 224.007 1.36563 0.711031 6.54284
405.556 241.577 1.42742 0.779321 6.92831
770.117 468.512 2.21295 1.2827 7.03131
884.316 194.725 1.9751 0.632684 6.15678
570.999 168.372 2.31475 0.756646 9.90899
395.307 570.999 1.39438 1.27354 6.59091
352.848 316.246 1.33705 0.844455 6.51874
124.449 221.079 1.1601 0.654868 5.92546
191.797 202.046 1.20228 0.642031 5.98958
202.046 238.648 1.21121 0.675322 5.9808
133.233 582.712 1.25127 0.767248 5.43736
546.109 152.266 2.22747 0.695766 10.1117
648.596 158.123 2.71751 0.703247 10.0063
65.8845 183.013 1.17484 0.608447 5.69354
575.391 472.904 1.6383 1.043 6.36869
638.348 455.335 2.06773 1.43019 7.61781
536.393 371.349 1.58771 0.90636 6.41633
495.132 440.561 1.51301 0.964681 6.27662
744.029 316.778 2.45343 1.10314 7.88387
507.111 258.214 1.79617 0.981403 8.28729
549.703 601.612 1.59097 1.19637 6.28322
294.151 171.699 1.27674 0.626019 6.26052
385.99 170.368 1.39286 0.644615 6.74905
976.954 306.13 1.8934 0.711789 5.80725
861.157 379.335 2.00921 0.887656 6.24802
845.185 421.927 2.02568 0.96973 6.31811
875.798 387.321 1.98358 0.875588 6.15801
642.873 342.067 2.8176 1.69576 10.3911
891.77 598.95 1.93454 1.08125 5.97916
885.115 481.822 1.96328 0.971999 6.07144
198.319 150.403 1.21118 0.596889 5.9867
857.164 557.689 1.99911 1.12445 6.1978
267.531 302.137 1.24833 0.768621 6.19753
352.715 545.71 1.32966 1.14692 6.39872
395.307 570.999 1.39382 1.26998 6.58461
964.975 445.885 1.88739 0.839329 5.7949
925.045 95.832 1.93805 0.51809 6.01641
191.664 202.312 1.20013 0.644235 6.01551
532.4 452.54 1.56933 0.991036 6.31349
569.668 568.337 1.63469 1.19172 6.37507
355.377 101.156 1.34398 0.536718 6.73601
822.558 79.86 2.06377 0.476453 6.57015
770.649 101.156 2.11786 0.499711 6.92058
706.761 370.018 2.71844 1.52188 8.99341
987.36 434.39 1.88995 0.819958 5.76374
753.83 427.13 2.34553 1.32324 7.47873
672.76 422.29 2.32992 1.49373 8.15821
880.88 528.77 1.96259 1.0298 6.06899
845.79 422.29 2.02568 0.96973 6.31811
826.43 555.39 2.07547 1.23293 6.44757
856.68 556.6 2.00594 1.13072 6.21214
670.34 128.26 2.75497 0.558606 9.80326
723.58 70.18 2.02283 0.446931 6.93464
703.01 30.25 2.47642 0.225975 8.49391
686.07 87.12 2.78416 0.370423 9.67399
744.15 317.02 2.45343 1.10314 7.88387
642.51 341.22 2.9321 1.77592 10.8194
637.67 454.96 2.10534 1.47383 7.75985
567.49 398.09 1.60557 0.908557 6.26867
487.63 410.19 1.50704 0.930484 6.3002
352.11 545.71 1.33035 1.15582 6.42095
355.74 589.27 1.33323 1.23555 6.45065
297.66 513.04 1.27034 1.03553 6.24089
290.4 372.68 1.26649 0.861683 6.24943
133.1 583.22 1.2514 0.767045 5.43646
278.3 542.08 1.25356 1.02675 6.12412
402.93 122.21 1.43364 0.570159 7.05067
354.53 101.64 1.34478 0.536387 6.76674
487.63 112.53 1.83943 0.520472 9.23095
595.32 31.46 2.07745 0.261532 8.37739
468.27 255.31 1.61585 0.897846 7.69513
534.82 336.38 1.62591 0.904401 6.65693
517.88 214.17 1.86827 0.862706 8.55625
544.5 238.37 2.04589 0.998297 9.04833
166.98 114.95 1.18046 0.567112 6.0312
150.04 211.75 1.15608 0.657597 6.0604
27.83 239.58 1.11566 0.659363 5.81599
283.14 215.38 1.26143 0.679815 6.2976
192.39 202.07 1.20316 0.642538 5.99394
491.26 243.21 1.72953 0.912844 8.12423
492.47 261.36 1.72424 0.961627 8.07675
506.99 258.94 1.80528 0.988636 8.33562
500.94 381.15 1.54184 0.924998 6.44269
722.37 361.79 2.53162 1.32612 8.27444
747.78 392.04 2.32853 1.23071 7.49462
481.58 419.87 1.50147 0.951347 6.33082
470.69 433.18 1.48555 0.962985 6.30934
298.87 114.95 1.27741 0.562265 6.36919
816.2 491.7 2.11335 1.17368 6.58783
845.9 422.4 2.04416 0.980173 6.3535
856.9 557.7 1.98913 1.11773 6.1796
745.8 316.8 2.45343 1.10314 7.88387
451 490.6 1.46784 1.08364 6.43666
345.4 473 1.32214 1.04717 6.41991
457.6 547.8 1.49278 1.22758 6.56557
356.4 589.6 1.3335 1.23812 6.45454
133.1 583 1.251 0.768807 5.44096
377.3 58.3 1.37837 0.475898 6.64415
488.4 113.3 1.83966 0.521436 9.23266
488.4 30.8 1.83705 0.21679 9.16499
482.9 349.8 1.51987 0.887173 6.48583
192.5 202.4 1.20373 0.642528 5.98635
771.1 469.7 2.21454 1.28561 7.0308
488.4 410.3 1.50738 0.931326 6.30496
486.2 438.9 1.50784 0.973392 6.31665
788.7 341 2.14055 0.948881 6.80789
278.3 542.3 1.25216 1.03782 6.15069
968 531 1.87259 0.906011 5.75156
792 404 2.18896 1.09749 6.88676
918 504 1.93351 0.953165 5.94308
723 70 1.99646 0.45051 6.858
735 294 2.50065 1.06801 8.11152
346 473 1.32368 1.05919 6.46189
543 414 1.5813 0.941641 6.31518
550 602 1.58519 1.18395 6.25434
488 112 1.82632 0.519777 9.13461
352 317 1.33564 0.844074 6.50537
500 382 1.54224 0.927298 6.44354
856 557 1.99031 1.11853 6.18178
489 222 1.70064 0.837371 7.96078
