1026.3 250.8 0.566254 1.10154 9.1841
1140.7 231 0.518753 1.10171 9.28605
1073.6 597.3 0.429965 1.46498 9.09399
1023.66 256.52 0.552878 1.10193 9.17331
1109.57 592.9 0.26721 1.46866 9.02044
1092.63 516.67 0.412857 1.37618 9.11434
1015.55 401.962 0.595629 1.2612 9.17337
1140.67 230.263 0.564552 1.11657 9.31613
1220.53 384.659 0.540754 1.27074 9.35644
1181.93 263.538 0.515379 1.14654 9.32356
1159.3 292.82 0.55457 1.17927 9.32007
1100.74 228.932 0.543483 1.09662 9.25611
1040.84 606.936 0.466948 1.47658 9.07651
1168.62 481.822 0.346702 1.34264 9.17292
1092.22 516.827 0.385942 1.37429 9.09652
1140.53 229.864 0.550362 1.11248 9.30716
1181.53 263.538 0.515379 1.14654 9.32356
1250.34 204.974 0.536402 1.11551 9.40565
1188.85 221.079 0.567348 1.12444 9.36547
1029.26 256.218 0.532418 1.09598 9.15892
1055.62 194.725 0.568344 1.05284 9.23083
1040.98 317.71 0.540524 1.16809 9.17464
1146.39 588.568 0.299118 1.45994 9.0994
1108.32 592.961 0.30931 1.46727 9.05115
1178.6 655.917 0.295055 1.53573 9.12362
1014.62 402.628 0.575915 1.2578 9.15719
1002.91 499.258 0.541581 1.35625 9.10393
1143.46 230.303 0.548993 1.11185 9.30577
1025.89 246.408 0.452702 1.05861 9.09589
1098.37 228.692 0.5455 1.09707 9.257
1248.15 191.651 0.50042 1.09107 9.38862
1222.38 138.504 0.526122 1.04263 9.38434
1148.29 587.836 0.321075 1.45949 9.11545
1166.01 557.237 0.300479 1.42745 9.1244
1180.5 657.088 0.355341 1.53055 9.16737
1074.21 597.499 0.461252 1.4641 9.11916
1145.07 513.753 0.448737 1.38113 9.2055
1004.96 499.258 0.524896 1.35584 9.08914
1142.66 228.531 0.542439 1.11036 9.29955
1179.86 655.478 0.358556 1.53007 9.16974
1098.37 242.704 0.547764 1.11152 9.25605
1027.51 246.247 0.582006 1.10262 9.19687
1197.58 581.072 0.368316 1.45331 9.20071
1195.8 561.585 0.348263 1.43239 9.19196
1190.49 221.445 0.546058 1.11799 9.3521
1004.48 497.809 0.498901 1.35338 9.06664
1026.97 245.538 0.476626 1.06886 9.11732
1071.79 596.307 0.35149 1.4692 9.03354
1143.9 229.949 0.554034 1.11374 9.30854
1099.08 231.897 0.46488 1.07241 9.20146
1145.85 167.59 0.53546 1.0471 9.31071
1200.41 561.231 0.430807 1.43199 9.24872
1011.38 654.769 0.497982 1.52622 9.05597
1184.82 263.077 0.465783 1.13227 9.29527
1188.72 210.461 0.581331 1.11576 9.37246
1180.92 654.769 0.30955 1.53363 9.13432
1132.2 471.59 0.343696 1.32196 9.12647
1155.59 399.487 0.430507 1.26201 9.22486
1026.78 246.513 0.555737 1.09304 9.17696
1009.63 655.938 0.473176 1.52836 9.03612
1007.49 615.21 0.5557 1.47863 9.10741
1095.37 242.226 0.523528 1.09885 9.23344
1140.39 229.364 0.572692 1.11946 9.31952
1097.52 231.508 0.516932 1.08985 9.23522
1223.99 139.333 0.543639 1.04972 9.39327
1148.96 670.943 0.308865 1.5532 9.09269
1106.09 587.343 0.262063 1.46157 9.01396
1003.2 252.944 0.602955 1.10558 9.18496
1101.8 368.697 0.369158 1.20426 9.12234
1183.26 263.661 0.438977 1.12592 9.27987
1016.06 568.051 0.533619 1.42938 9.10806
1005.34 499.456 0.506741 1.35376 9.07582
1033.21 347.261 0.502414 1.18888 9.13351
1141.25 228.721 0.632329 1.13593 9.35943
1098.8 231.079 0.637224 1.125 9.3175
1223.78 139.119 0.535545 1.04648 9.38966
1089.37 511.675 0.347626 1.36816 9.06441
1148.32 669.657 0.305493 1.55373 9.08977
1108.24 664.941 0.323534 1.548 9.04942
1009.2 613.066 0.55494 1.47867 9.10677
1181.33 655.51 0.324444 1.5341 9.14431
1058.72 393.777 0.454865 1.23621 9.12005
1148.32 514.033 0.508768 1.38029 9.24982
1131.82 471.59 0.374043 1.3229 9.14813
1186.05 584.771 0.28514 1.45604 9.13831
1162.47 403.209 0.447795 1.26544 9.241
1162.47 360.766 0.578455 1.24385 9.32859
1178.97 285.312 0.604733 1.1859 9.36909
1011.56 596.561 0.489658 1.46058 9.05445
1214.34 400.851 0.611679 1.29345 9.38907
1018.63 565.908 0.520292 1.429 9.09486
1108.24 587.129 0.269563 1.45827 9.01974
1061.08 193.352 0.504296 1.02936 9.1884
1145.96 167.414 0.522004 1.04141 9.30118
1028.07 245.227 0.498379 1.07621 9.13537
1186.05 261.732 0.474116 1.13467 9.30082
834.714 261.732 0.561063 1.02948 8.87586
815.85 323.039 0.576241 1.10637 8.84561
697.953 240.511 0.629815 0.947203 8.67267
943.179 117.897 0.539015 0.896293 9.06417
304.175 478.663 1.23197 1.32122 8.87963
301.817 518.749 1.23055 1.35897 8.86327
297.101 561.192 1.22471 1.3972 8.83579
294.743 603.635 1.22023 1.43645 8.81245
292.386 643.72 1.24152 1.47193 8.87796
337.187 667.299 1.19629 1.49162 8.87222
962.043 440.936 0.45268 1.27537 8.97324
476.306 495.169 1.05208 1.33597 8.8555
344.26 582.413 1.18547 1.41638 8.84479
589.487 301.817 0.574549 0.929213 8.24237
639.004 306.533 0.547354 0.968748 8.36035
252.3 610.709 1.26068 1.44349 8.80744
249.942 653.152 1.2388 1.49065 8.68277
259.374 525.822 1.26421 1.36454 8.84304
966.759 525.822 0.497918 1.38058 9.00643
261.732 483.379 1.26306 1.32659 8.8467
351.334 459.8 1.17997 1.29917 8.84772
389.061 466.874 1.12837 1.30309 8.79956
351.334 502.243 1.17529 1.33726 8.83555
565.908 516.391 0.612124 1.31806 8.20165
886.589 629.572 0.592161 1.49855 8.95677
815.85 440.936 0.366737 1.2236 8.60422
834.714 466.874 0.68655 1.30911 8.98756
794.628 506.959 0.563586 1.34082 8.76611
855.935 511.675 0.472459 1.34968 8.79357
471.59 535.254 1.08478 1.37752 8.91428
780.481 455.084 0.480951 1.25872 8.64735
688.521 297.101 0.508487 0.970812 8.46169
726.248 629.572 0.553455 1.51039 8.58902
785.197 605.993 0.705841 1.46397 8.91006
785.197 643.72 0.613081 1.5158 8.79583
785.197 556.476 0.633075 1.40998 8.83353
851.219 565.908 0.667907 1.42298 8.99202
339.545 624.856 1.18975 1.45534 8.84998
398.493 622.498 1.11925 1.45776 8.81474
959.685 636.646 0.521273 1.50613 9.00438
485.737 325.397 0.704801 0.951086 8.05918
839.43 615.424 0.53655 1.48545 8.81773
829.998 655.51 0.652673 1.52353 8.92312
601.277 570.623 0.611428 1.41647 8.31552
921.958 157.983 0.559865 0.943344 9.04411
784.554 195.067 0.605856 0.930349 8.84208
634.502 231.508 0.748833 0.955819 8.68198
578.769 152.195 0.701201 0.74365 8.45962
387.99 433.005 1.10527 1.25537 8.72834
962.471 441.579 0.53599 1.28549 9.04915
983.907 527.323 0.609297 1.38508 9.13129
960.328 572.338 0.557496 1.43438 9.04708
345.118 585.2 1.18272 1.41584 8.84178
383.702 520.892 1.11215 1.35515 8.74145
829.569 387.99 0.721194 1.22757 9.03045
962.471 379.415 0.538416 1.21312 9.06225
259.374 525.179 1.26654 1.36577 8.85195
565.907 310.82 0.650472 0.968063 8.28805
471.59 535.897 1.05385 1.37479 8.85358
469.446 574.482 1.08517 1.41534 8.91143
250.8 608.779 1.24741 1.44529 8.73007
248.656 653.795 1.26024 1.48508 8.79431
921.743 677.374 0.507996 1.56121 8.92627
921.743 158.626 0.563016 0.947249 9.04703
780.266 456.584 0.510709 1.25937 8.67944
703.097 319.395 0.597196 1.05643 8.6318
829.569 576.625 0.591806 1.43778 8.8609
790.984 508.031 0.512502 1.33486 8.70581
754.543 426.574 0.633264 1.23635 8.78615
726.677 632.359 0.577886 1.50847 8.62188
784.554 606.636 0.619463 1.46888 8.81075
782.41 660.225 0.639316 1.53308 8.82547
402.995 610.923 1.09436 1.44827 8.75864
973.189 321.538 0.514674 1.14536 9.06434
619.497 606.636 0.594258 1.47091 8.35462
866.01 621.641 0.533913 1.48879 8.86522
827.425 658.082 0.607855 1.5291 8.8701
866.01 664.513 0.578865 1.53871 8.90545
433.005 321.538 0.812292 0.950757 8.06707
486.595 325.826 0.743758 0.969271 8.14495
788.841 559.477 0.646537 1.40923 8.85082
795.272 295.815 0.648807 1.08763 8.89947
722.39 330.113 0.625129 1.08919 8.70787
441.579 608.779 1.09228 1.44812 8.86308
926.03 263.661 0.60024 1.08791 9.07718
767.405 261.518 0.52866 0.976992 8.70681
696.666 240.082 0.617183 0.943203 8.65626
945.128 116.923 0.567411 0.910475 9.09583
785.333 194.872 0.528481 0.888806 8.75669
475.487 157.846 0.799619 0.694985 8.24867
834.051 411.179 0.506801 1.21477 8.80094
354.667 457.949 1.18607 1.30038 8.86654
387.795 432.615 1.10876 1.25646 8.73708
567.077 516.41 0.616588 1.31994 8.2137
251.385 609.949 1.24365 1.44521 8.71262
255.282 567.077 1.2356 1.40103 8.68521
962.666 440.41 0.53599 1.28549 9.04915
428.718 481.333 1.10835 1.32343 8.86845
426.769 522.256 1.09957 1.36002 8.83905
477.436 537.846 1.05784 1.37521 8.86172
958.769 572.923 0.57629 1.43426 9.06127
565.128 309.846 0.522854 0.901925 8.04796
619.692 290.359 0.62618 0.962026 8.43618
952.923 270.872 0.551579 1.0925 9.07201
869.128 167.59 0.52847 0.909534 8.92942
923.692 159.795 0.561481 0.947612 9.04465
689.846 296.205 0.583173 1.00307 8.57
703.487 319.59 0.605355 1.05742 8.64411
923.692 678.154 0.538538 1.55241 8.95277
793.128 508.615 0.589314 1.34316 8.79709
697.641 590.461 0.50591 1.44954 8.45152
972.41 321.538 0.516605 1.14581 9.06265
890.564 206.564 0.538245 0.979096 8.9684
927.589 263.077 0.60024 1.08791 9.07718
339.077 666.461 1.19581 1.49164 8.86274
785.333 606.051 0.645993 1.46793 8.84101
783.384 658.666 0.609349 1.53602 8.78952
689.846 621.641 0.617594 1.4905 8.58345
828.205 576.82 0.6332 1.43692 8.91011
832.102 565.128 0.530282 1.41929 8.80434
742.461 561.231 0.55991 1.40873 8.65384
432.615 321.538 0.795772 0.940338 8.01595
828.205 656.718 0.413231 1.54966 8.65514
865.231 664.513 0.577389 1.53795 8.90376
802.872 229.949 0.612115 0.993072 8.87887
836 261.128 0.610607 1.04904 8.93213
795.077 296.205 0.632847 1.08327 8.88538
621.641 526.154 0.630023 1.3466 8.42704
442.359 608 1.09424 1.44673 8.86917
436.513 664.513 1.08386 1.50258 8.83072
380 142.256 0.949968 0.672093 8.1812
387.795 352.718 0.681437 0.868025 7.38683
578.769 152 0.673757 0.722084 8.41065
286.461 561.231 1.24407 1.39649 8.85748
788.345 193.1 0.607991 0.931649 8.8483
476.55 157.669 0.819613 0.712769 8.2887
961.958 524.382 0.578648 1.38328 9.07702
960.186 573.986 0.66667 1.43463 9.14124
428.718 481.865 1.09943 1.32054 8.84854
474.778 496.037 1.07546 1.33902 8.91685
354.312 458.834 1.17462 1.29732 8.83616
387.972 480.093 1.14995 1.32047 8.86106
256.876 526.154 1.24511 1.35992 8.74371
471.235 535.011 1.05042 1.37424 8.84656
637.762 306.48 0.625746 1.006 8.49244
249.79 611.189 1.23866 1.44541 8.68776
963.729 379.114 0.538416 1.21312 9.06225
779.487 520.839 0.625866 1.36022 8.8165
690.909 297.622 0.508919 0.973693 8.46662
705.081 318.881 0.535557 1.0315 8.55141
623.59 641.305 0.68005 1.51846 8.50621
446.433 395.058 0.630146 1.01409 7.66043
889.324 630.676 0.569327 1.49996 8.9361
793.659 508.438 0.593426 1.34348 8.80431
834.405 499.58 0.645283 1.34507 8.93941
958.415 635.99 0.51874 1.50588 9.00147
942.471 118.695 0.536155 0.895633 9.06114
744.056 561.585 0.597022 1.40913 8.70695
788.345 558.042 0.711794 1.41075 8.93222
735.198 597.016 0.427899 1.46583 8.44621
788.345 607.645 0.603372 1.46996 8.79468
726.34 630.676 0.604365 1.5066 8.6576
783.03 659.021 0.622376 1.53472 8.80513
402.144 609.417 1.13127 1.44608 8.85224
340.14 667.879 1.20308 1.48952 8.90259
405.688 651.935 1.11306 1.48763 8.81628
488.951 325.967 0.689349 0.941366 8.02908
432.261 320.653 0.755268 0.911204 7.9063
974.359 320.653 0.514606 1.14466 9.06564
623.59 526.154 0.658675 1.35147 8.47911
621.818 605.874 0.602194 1.47034 8.36946
912.354 200.186 0.59331 1.006 9.05706
864.522 664.335 0.537259 1.54158 8.86183
829.091 262.191 0.538054 1.0196 8.84394
763.543 269.277 0.521468 0.984782 8.68198
434.032 623.59 1.08648 1.46219 8.82969
742.284 279.907 0.550687 1.00138 8.67215
719.254 329.51 0.574615 1.07273 8.64355
699.767 240.932 0.630877 0.951083 8.67585
634.219 230.303 0.728032 0.942337 8.65094
426.946 198.415 0.844818 0.72929 8.1141
432.261 244.475 0.761698 0.759538 7.92727
384.429 352.541 0.729719 0.899404 7.52588
380.886 141.725 0.955588 0.678145 8.19718
382.657 366.713 0.760885 0.94982 7.59261
407.459 359.627 0.615101 0.870356 7.3307
262.191 483.636 1.24197 1.31571 8.73614
290.536 643.077 1.24869 1.47006 8.91285
294.079 538.555 1.24558 1.37776 8.89633
288.764 558.042 1.22874 1.39387 8.8054
426.785 198.093 0.848917 0.73123 8.12257
476.711 157.83 0.808271 0.702849 8.26864
963.085 380.08 0.518564 1.20984 9.04201
776.266 496.037 0.6962 1.33624 8.90357
686.077 523.416 0.263134 1.33116 8.04489
726.34 631.32 0.671437 1.50114 8.74989
690.909 653.867 0.633419 1.53673 8.61364
789.15 608.773 0.603372 1.46996 8.79468
889.002 631.32 0.646614 1.49303 9.01472
922.822 681.246 0.53106 1.55652 8.94885
827.802 657.088 0.676514 1.52219 8.94939
864.844 665.141 0.589343 1.53773 8.91619
972.748 322.102 0.49668 1.1405 9.04925
951.811 272.176 0.512502 1.08084 9.03658
900.275 132.062 0.516604 0.87366 8.97138
740.835 223.861 0.481636 0.873529 8.57689
785.929 194.872 0.532792 0.891085 8.76121
868.065 230.303 0.588185 1.01757 8.97248
835.855 262.513 0.646118 1.06388 8.97693
428.396 481.543 1.10137 1.32256 8.85243
447.722 504.09 1.06419 1.3407 8.81265
354.312 458.995 1.16864 1.2953 8.81925
384.912 521.805 1.13997 1.35777 8.82964
446.111 396.185 0.700295 1.04642 7.83316
436.448 665.141 1.10305 1.49906 8.86633
471.879 536.3 1.0788 1.37843 8.90053
444.501 608.773 1.09376 1.44751 8.8674
402.628 610.383 1.12634 1.44611 8.83578
623.267 607.162 0.561692 1.47305 8.29548
249.629 611.994 1.24362 1.44536 8.71059
254.461 568.51 1.23621 1.40196 8.69095
380.08 141.725 0.952713 0.676191 8.19262
576.563 151.388 0.675125 0.719562 8.39413
565.289 310.828 0.676426 0.981185 8.33492
636.151 305.997 0.591491 0.987701 8.43112
499.258 314.049 0.514408 0.823785 7.67265
632.93 230.303 0.755986 0.95786 8.69252
299.555 560.458 1.24596 1.39787 8.92012
318.881 497.648 1.21245 1.3356 8.83817
260.903 484.764 1.23542 1.31417 8.70607
293.113 478.322 1.26064 1.32862 8.94505
318.881 455.774 1.19936 1.29034 8.79567
305.997 478.322 1.23219 1.32185 8.8799
354.312 499.258 1.16547 1.33448 8.81152
579.784 153.731 0.687107 0.729833 8.41645
477.297 158.123 0.848836 0.744032 8.36612
961.914 380.666 0.503579 1.20734 9.02795
958.986 633.955 0.517755 1.504 9.00059
960.45 560.75 0.536326 1.42155 9.02828
989.732 570.999 0.70572 1.42708 9.21603
793.542 509.507 0.594761 1.34735 8.80716
869.675 505.115 0.486935 1.34452 8.83966
726.194 631.027 0.581215 1.50717 8.62993
771.581 620.778 0.58848 1.49038 8.74287
786.222 682.271 0.665426 1.55421 8.85861
689.591 623.707 0.531515 1.49854 8.45682
648.596 686.663 0.617513 1.58926 8.47295
683.735 672.022 0.642882 1.55739 8.59958
734.978 598.817 0.444036 1.46674 8.46685
789.15 609.066 0.608688 1.47033 8.80199
923.847 682.271 0.558914 1.55352 8.97603
862.355 664.701 0.616269 1.53408 8.9451
951.665 272.323 0.519437 1.08347 9.04115
898.957 131.769 0.513555 0.873444 8.96838
660.309 311.853 0.606339 1.01981 8.52502
691.055 297.212 0.511037 0.975195 8.47716
704.232 319.174 0.589237 1.05209 8.62437
759.868 270.859 0.562407 1.00252 8.73146
796.47 295.748 0.555806 1.05548 8.79408
912.134 200.582 0.55547 0.989813 9.02109
827.217 263.538 0.525608 1.01568 8.82953
427.517 483.153 1.0935 1.31919 8.83264
424.589 522.684 1.09858 1.36031 8.83846
448.015 505.115 1.0768 1.34345 8.84499
387.987 481.689 1.13937 1.31934 8.83985
446.551 396.771 0.6674 1.03196 7.75581
568.071 516.827 0.581194 1.31483 8.1497
342.599 664.701 1.18212 1.49469 8.82768
622.243 607.602 0.571435 1.47367 8.31354
260.61 484.617 1.23856 1.3152 8.71984
245.969 655.917 1.24606 1.48966 8.71148
380.666 142.018 0.942328 0.662655 8.1617
426.053 199.118 0.838625 0.724107 8.09898
431.91 245.969 0.713973 0.714171 7.78965
565.143 310.389 0.693642 0.988689 8.36503
635.419 305.997 0.604147 0.993239 8.45023
499.258 314.782 0.669276 0.920976 8.04888
489.009 327.958 0.677963 0.935521 8.00484
603.209 253.289 0.242252 0.652405 7.70103
297.212 559.286 1.23406 1.39684 8.87185
300.141 518.291 1.24043 1.36031 8.9041
354.312 499.258 1.16323 1.33433 8.80754
341.135 527.076 1.19001 1.36416 8.84424
448.015 357.24 0.771731 1.00941 8.02744
335.279 609.066 1.1975 1.44115 8.85103
897.493 162.515 0.530078 0.918704 8.97433
383.594 367.489 0.679887 0.902161 7.36582
349.92 540.253 1.16929 1.37596 8.8126
338.207 568.071 1.18718 1.40285 8.8263
291.356 644.204 1.24024 1.47124 8.88
956.057 689.591 0.541847 1.5602 9.01211
425.92 199.65 0.840092 0.725395 8.10131
962.313 380.666 0.46996 1.19894 8.99902
771.98 620.246 0.575796 1.49049 8.72827
786.621 682.803 0.624567 1.56162 8.81163
923.714 681.472 0.546298 1.55477 8.96456
990.264 316.778 0.526107 1.14753 9.09301
654.852 311.454 0.676466 1.04834 8.62468
642.873 351.384 0.650659 1.08693 8.5422
705.43 319.44 0.607473 1.06004 8.65616
760.001 271.524 0.573972 1.00983 8.73991
921.052 291.489 0.576132 1.10975 9.04041
447.216 504.449 1.08621 1.34524 8.8651
388.652 481.822 1.13546 1.31975 8.83025
385.99 521.752 1.14266 1.3596 8.84539
447.216 396.638 0.652229 1.02576 7.72036
384.659 367.356 0.774511 0.960183 7.63886
387.321 432.575 1.10407 1.2553 8.7229
332.75 650.859 1.19703 1.48089 8.84533
445.885 609.598 1.08878 1.4487 8.85582
624.239 540.386 0.657524 1.37037 8.47755
264.869 444.554 1.22734 1.26802 8.68107
252.89 569.668 1.24283 1.40233 8.71674
477.829 158.389 0.83428 0.729575 8.33469
565.675 310.123 0.518566 0.898986 8.03359
617.584 296.813 0.629049 0.972348 8.43766
499.125 314.116 0.661781 0.917577 8.03302
489.808 327.426 0.666257 0.928475 7.98063
632.225 230.263 0.774214 0.968399 8.72006
306.13 520.421 1.24668 1.36265 8.93684
355.377 505.78 1.1734 1.34506 8.84651
355.377 459.195 1.17848 1.29946 8.85351
344.729 485.815 1.1891 1.32611 8.85223
290.158 519.09 1.25153 1.36141 8.89648
352.715 585.64 1.1774 1.42294 8.84454
335.412 609.598 1.17953 1.44234 8.80299
959.651 560.351 0.544006 1.42162 9.03561
476.498 578.985 1.05627 1.41715 8.86832
956.989 689.458 0.671461 1.5412 9.12881
910.404 224.939 0.543191 1.01422 9.00865
477.95 158.51 0.802471 0.696109 8.25201
794.97 510.62 0.612608 1.34907 8.82851
771.98 620.73 0.530083 1.49283 8.66784
925.65 682.44 0.570734 1.55266 8.9892
862.73 659.45 0.59302 1.52984 8.91707
977.68 209.33 0.512648 1.01369 9.08058
920.81 159.72 0.504598 0.919696 8.99729
654.61 310.97 0.571475 1.00085 8.4582
692.12 297.66 0.51385 0.976585 8.48056
642.51 350.9 0.573565 1.05872 8.42222
786.5 193.6 0.586053 0.920398 8.82696
912.34 200.86 0.549031 0.986704 9.0162
425.92 527.56 1.09827 1.36297 8.8354
379.94 141.57 0.962438 0.687026 8.21953
425.92 199.65 0.838544 0.724627 8.09796
431.97 245.63 0.773611 0.769008 7.95597
565.07 309.76 0.604778 0.943957 8.20734
490.05 327.91 0.662429 0.930688 7.98227
631.62 231.11 0.74584 0.9537 8.68042
990.99 571.12 0.477911 1.43401 9.01595
355.74 499.73 1.17665 1.33869 8.84573
745.36 515.46 0.690148 1.35643 8.83134
384.78 367.84 0.760859 0.951735 7.60092
961.95 381.15 0.238028 1.15645 8.7878
739.31 298.87 0.52578 1.01532 8.62746
619.52 297.66 0.613044 0.967338 8.40455
952.27 272.25 0.635167 1.12208 9.14425
804.65 686.07 0.616011 1.56397 8.83417
349.69 586.85 1.17635 1.42326 8.8406
194.81 544.5 1.28325 1.37202 8.58742
347.27 623.15 1.1757 1.45514 8.81971
333.96 652.19 1.21425 1.47698 8.91437
260.15 486.42 1.2293 1.31244 8.67458
988.9 399.3 0.522414 1.24335 9.08007
796.4 416.9 0.574325 1.22379 8.80036
926.2 683.1 0.597545 1.54694 9.01855
735.9 224.4 0.444838 0.852228 8.52783
760.1 271.7 0.572184 1.00549 8.74361
827.2 262.9 0.551968 1.0256 8.86161
487.3 514.8 1.05837 1.35449 8.89834
446.6 609.4 1.07763 1.44827 8.83203
624.8 643.5 0.690235 1.52033 8.52284
621.5 677.6 0.607967 1.58209 8.36717
380.6 141.9 0.954659 0.677293 8.19545
431.2 320.1 0.776915 0.925438 7.9651
432.3 245.3 0.701474 0.703465 7.75603
565.4 310.2 0.604822 0.942786 8.20385
619.3 298.1 0.595851 0.959673 8.37714
491.7 327.8 0.649108 0.923149 7.95267
631.4 231 0.767173 0.964419 8.70857
317.9 455.4 1.21283 1.29569 8.84068
356.4 521.4 1.17457 1.36074 8.85099
383.9 321.2 0.647756 0.759039 7.25016
959.2 561 0.513334 1.42115 9.0074
625.9 526.9 0.621095 1.34921 8.4238
951.5 272.8 0.611563 1.11504 9.12347
744.7 454.3 0.542333 1.25549 8.64014
778.8 212.3 0.557654 0.927931 8.77416
349.8 587.4 1.17857 1.42338 8.8496
336.6 610.5 1.1919 1.44284 8.83776
971.3 678.7 0.573471 1.54508 9.06046
700 594 0.565779 1.45485 8.5372
967 214 0.488562 1.00456 9.04502
642 350 0.586314 1.06307 8.44121
951 273 1.07814 1.27709 9.53256
616 45 0.829512 0.743158 8.79035
426 200 0.777711 0.663747 7.92122
565 310 0.545868 0.912016 8.08123
498 315 0.568328 0.861446 7.81656
357 521 1.17538 1.36046 8.85404
