1046 251 -1.97501 -2.5068 4.44537
1207 239 -1.13319 -2.0308 3.43001
1111 598.4 -1.73423 -1.88206 4.38035
1113.2 163.9 0.351158 -1.85619 2.3513
1083.5 41.8 0.15994 -2.3801 2.44246
1118.7 668.8 -1.76564 -1.79711 4.43778
1192.4 391.6 -1.06638 -1.68181 3.55849
1239.7 454.3 -1.2466 -1.59179 3.63827
1122.88 320.65 -1.07235 -1.93712 3.67376
1113.2 163.35 0.00911999 -1.95893 2.63401
1252.35 231.11 -1.15421 -1.99774 3.31788
1040.6 269.83 -1.77227 -2.41542 4.31948
1059.96 347.27 -1.65718 -2.24818 4.25785
1127.72 72.6 0.0586919 -2.2172 2.39771
1134.98 140.36 0.925002 -1.72718 1.70145
1082.95 42.35 0.260907 -2.36693 2.35402
1081.74 143.99 0.0480251 -2.06643 2.69657
1020.03 663.08 -1.75988 -1.90509 4.57732
1022.45 649.77 -1.80212 -1.94917 4.58773
1249.93 395.67 -1.24743 -1.70018 3.56281
1190.64 390.83 -0.978613 -1.62863 3.48461
1084.77 617.584 -1.78247 -1.91721 4.46793
1159.3 653.521 -1.77816 -1.78442 4.37164
1253.8 230.263 -1.19879 -2.01831 3.35961
1192.58 199.65 -1.00655 -2.08262 3.31253
1225.85 493.801 -1.19885 -1.48531 3.6671
1161.96 82.522 0.0353293 -2.12666 2.28218
1177.94 37.268 0.0964187 -2.23924 2.09338
1139.34 25.289 0.142849 -2.3412 2.19425
1135.34 475.167 -0.931193 -1.48741 3.68675
1072.79 500.456 -1.61351 -1.98539 4.31131
1122.03 586.971 -1.79045 -1.92827 4.3962
1161.96 557.689 -1.64704 -1.81723 4.21213
1183.26 440.561 -1.14872 -1.63362 3.69111
1191.25 391.314 -0.97534 -1.62691 3.48176
1074.12 375.342 -1.69222 -2.21454 4.27706
1059.48 364.694 -1.63742 -2.2164 4.25183
1082.1 143.748 0.0813826 -2.05587 2.66579
1060.81 347.391 -1.66623 -2.25005 4.26116
1028.86 302.137 -1.61857 -2.3258 4.25456
1004.91 424.589 -1.70028 -2.2101 4.41858
1040.84 270.193 -1.70967 -2.39544 4.27869
1108.72 388.652 -1.75928 -2.19723 4.27597
1123.36 320.771 -1.05734 -1.93218 3.66172
1059.48 598.95 -1.62143 -1.84764 4.40341
1084.9 617.85 -1.77335 -1.91037 4.46173
1144.93 658.845 -1.78027 -1.79318 4.39673
1243.02 235.72 -1.07626 -1.96356 3.27013
1250.34 231.328 -1.13262 -1.98309 3.3021
1191.78 199.118 -1.00655 -2.08262 3.31253
1187.39 83.4537 0.185338 -2.03799 2.02494
1161.03 81.9896 0.107591 -2.11071 2.21576
1127.36 71.7409 -0.0299508 -2.23775 2.47499
1139.07 36.6025 0.0295329 -2.32453 2.32327
1071.72 499.258 -1.62008 -1.99243 4.31545
1155.18 496.33 -0.958548 -1.42115 3.67568
1134.68 468.512 -0.705022 -1.35829 3.51329
1021.94 650.06 -1.78712 -1.93898 4.58061
1046.83 408.484 -1.74213 -2.21709 4.37366
1060.01 373.346 -1.6922 -2.22836 4.294
1219.6 417.269 -1.21454 -1.67404 3.62727
1190.31 390.915 -1.02277 -1.65561 3.52481
1046.83 251.825 -1.75014 -2.42541 4.28275
1002.91 417.269 -1.73203 -2.23857 4.43594
1149.32 174.228 0.329988 -1.74364 2.21476
1165.42 144.946 0.202464 -1.85433 2.20165
1169.82 408.484 -0.932848 -1.59387 3.52458
1185.92 641.276 -1.7784 -1.77117 4.31679
1156.35 496.037 -0.915892 -1.38944 3.64352
1135.41 467.048 -0.622484 -1.30475 3.45187
1046.83 497.648 -1.56247 -1.98005 4.32131
1021.06 661.92 -1.79189 -1.92858 4.59262
1022.67 649.036 -1.78116 -1.93594 4.57772
1061.33 347.87 -1.68323 -2.2589 4.27306
1135.41 589.447 -1.75718 -1.88542 4.3554
1161.18 557.237 -1.61662 -1.79428 4.19163
1248.15 396.185 -1.18633 -1.66624 3.51252
1190.17 391.354 -0.996989 -1.64554 3.50455
1038.78 268.955 -1.70818 -2.39689 4.27855
1004.96 425.175 -1.75123 -2.23542 4.4477
1095.15 570.121 -1.75029 -1.94962 4.40222
1112.86 162.662 0.0707892 -1.9421 2.58299
1244.92 449.332 -1.27035 -1.60899 3.64474
1186.95 640.983 -1.78861 -1.78026 4.32445
1185.34 285.06 -1.05688 -1.92139 3.46228
1243.31 235.134 -1.10673 -1.97685 3.30044
1190.49 389.743 -0.996989 -1.64554 3.50455
1093.05 382.657 -1.7722 -2.2263 4.30699
1061.17 347.226 -1.71406 -2.27244 4.29021
1031.05 301.165 -1.82397 -2.40364 4.38636
1140.89 604.102 -1.75154 -1.85235 4.34959
1084.2 143.496 0.219495 -2.02365 2.56218
1020.42 660.792 -1.77255 -1.91607 4.58326
1002.7 382.657 -1.71576 -2.2765 4.4071
1011.56 513.753 -1.76834 -2.11911 4.50451
1153.29 435.804 -0.983327 -1.59007 3.64115
1124.94 393.287 -1.74279 -2.16979 4.24304
1071.79 499.58 -1.63222 -1.99482 4.32582
1087.74 616.503 -1.75561 -1.89697 4.44518
1082.42 40.7459 0.31662 -2.36462 2.30962
1243.64 233.846 -1.07121 -1.96169 3.26255
1175.08 364.41 -0.963757 -1.70326 3.48849
1140 604.102 -1.75133 -1.85355 4.35384
1161.44 555.384 -1.53364 -1.73106 4.1315
1040.62 380 -1.73978 -2.26089 4.36486
1005.54 424.82 -1.66454 -2.19375 4.39333
1173.13 159.795 0.356925 -1.73361 2.05648
1217.95 138.359 -0.0741563 -1.8615 2.23003
1124.41 393.641 -1.73589 -2.16623 4.23879
1167.28 134.462 -0.0895213 -1.97937 2.45193
1069.85 498.872 -1.61882 -1.98968 4.317
1227.69 448.205 -1.24478 -1.61864 3.66312
1087.38 615.795 -1.76993 -1.90735 4.45669
1145.85 658.666 -1.77584 -1.7897 4.39526
1186.77 79.8974 0.110556 -2.06661 2.10253
1192.61 198.769 -1.01089 -2.08717 3.31708
1103.95 235.795 -1.2862 -2.23542 3.81506
1037.5 267.949 -1.74168 -2.40983 4.30193
1093.23 220.79 -1.11175 -2.19599 3.68515
1011.77 514.461 -1.5952 -2.01492 4.40777
1133.96 589.487 -1.74881 -1.88035 4.35165
1091.09 383.702 -1.78597 -2.23195 4.31763
1043.93 392.277 -1.742 -2.2425 4.36902
1005.34 424.431 -1.68544 -2.20417 4.40866
1001.06 366.554 -1.69856 -2.29206 4.38659
1121.1 394.42 -1.71572 -2.15676 4.22617
1170.4 160.769 0.16417 -1.79705 2.23935
1198.27 130.759 -0.203382 -1.97013 2.42904
1061.08 347.261 -1.68333 -2.2598 4.27158
1095.37 169.344 -0.0748588 -1.99345 2.77794
1168.26 132.903 0.0619348 -1.93408 2.31115
1069.65 499.456 -1.60206 -1.98106 4.30887
1228.28 448.01 -1.20819 -1.59666 3.63375
1159.68 467.302 -1.74014 -2.024 4.23107
1183.26 439.436 -1.1426 -1.63158 3.68392
1142.53 660.225 -1.77578 -1.7914 4.39745
1082.51 40.7282 0.151289 -2.39855 2.45323
1185.4 81.4564 0.110556 -2.06661 2.10253
1127.53 70.7384 0.00707802 -2.23467 2.43966
1183.26 285.097 -0.887359 -1.8426 3.3178
1191.84 199.354 -0.970454 -2.07583 3.28249
1006.84 424.431 -1.68803 -2.20475 4.40688
1002.13 365.482 -1.64725 -2.27084 4.35804
1013.92 514.033 -1.57377 -2.00324 4.39548
1153.04 433.862 -1.02917 -1.61632 3.67064
1025.71 351.334 -1.6425 -2.26468 4.30674
1023.35 577.697 -1.76557 -2.02373 4.52694
1068.15 554.118 -1.77711 -2.0202 4.45404
1079.94 169.772 0.316829 -1.90433 2.52235
1084.66 141.477 0.0799147 -2.05997 2.6731
1226.13 162.698 -0.590098 -1.96622 2.7531
1216.7 132.045 0.269689 -1.77383 1.88396
1197.84 129.687 0.0174795 -1.90092 2.22049
1136.53 176.846 0.15276 -1.82169 2.43459
1096.45 169.772 0.234157 -1.90499 2.53068
1068.15 499.885 -1.61882 -1.98968 4.317
1167.18 483.379 -0.975991 -1.44711 3.64072
1183.69 438.578 -1.05063 -1.57769 3.61396
1023.35 648.436 -1.79366 -1.94617 4.58193
1186.05 636.646 -1.7982 -1.79492 4.33204
1162.47 653.152 -1.78335 -1.78695 4.37291
1131.82 589.487 -1.73777 -1.87416 4.34719
1207.27 84.8861 0.095069 -2.0106 2.03892
1129.46 70.7384 -0.104863 -2.25841 2.53595
1183.69 285.312 -0.887359 -1.8426 3.3178
280.596 134.403 0.90719 -3.38244 5.16936
488.095 294.743 -1.64759 -2.73218 4.99699
514.033 91.96 0.23204 -3.09918 4.44688
61.3066 568.266 -0.351366 -2.51925 6.12139
224.005 377.272 2.64407 -2.62754 6.08555
497.527 549.402 -1.80057 -2.47414 5.14532
481.021 601.277 -1.79569 -2.43021 5.19028
497.527 372.556 -1.71198 -2.64612 5.03791
410.283 393.777 -1.75673 -2.67918 5.14128
483.379 400.851 -1.74179 -2.62881 5.07299
818.208 261.732 -1.41603 -2.50025 4.45863
829.998 318.323 -1.72843 -2.49278 4.61542
929.032 327.755 -1.71836 -2.40792 4.48193
716.816 242.869 -1.34615 -2.60123 4.58432
660.225 346.618 -1.66175 -2.5605 4.82616
761.617 344.26 -1.67307 -2.49732 4.70166
761.617 139.119 -1.48091 -2.73217 4.49485
813.492 554.118 -1.53012 -2.10762 4.72301
815.85 374.914 -1.18558 -2.24745 4.45884
655.51 476.306 -1.68795 -2.41784 4.91615
469.232 535.254 -1.73468 -2.48718 5.16613
473.948 594.203 -1.78671 -2.4373 5.1932
521.107 311.249 -1.693 -2.6964 4.97552
589.487 181.562 -1.34577 -2.78952 4.73969
481.021 193.352 -1.35307 -2.85049 4.90712
742.754 462.158 -1.67596 -2.36357 4.79893
726.248 483.379 -1.72638 -2.36971 4.84398
358.408 525.822 -1.76829 -2.57454 5.26667
379.63 556.476 -1.6653 -2.50223 5.27976
648.436 120.255 0.968209 -2.82629 3.85087
662.583 193.352 -1.28407 -2.71198 4.6145
690.879 193.352 -1.38967 -2.69859 4.60425
919.6 233.437 -1.60813 -2.50781 4.37727
589.487 315.965 -1.52912 -2.62203 4.86931
610.709 318.323 -1.71034 -2.6349 4.88219
603.635 356.05 -1.72048 -2.59795 4.91399
700.311 212.215 -1.1491 -2.63543 4.51899
954.969 278.238 -1.602 -2.41286 4.35003
572.981 370.198 -1.64439 -2.58646 4.94779
615.424 367.84 -1.66651 -2.56699 4.89851
589.487 532.896 -1.74577 -2.41603 5.03629
620.14 535.254 -1.63082 -2.34635 4.99256
591.845 570.623 -1.76957 -2.38009 5.06063
365.482 282.954 -1.68042 -2.81572 5.12615
620.14 443.294 -1.44008 -2.40628 4.908
356.05 469.232 -1.75946 -2.63199 5.23902
381.988 440.936 -1.73695 -2.64158 5.20009
983.264 639.004 -1.73454 -1.95057 4.60524
947.895 655.51 -1.77783 -1.99535 4.6831
947.895 398.493 -1.57512 -2.24395 4.42437
952.611 424.431 -1.65476 -2.23628 4.47829
582.413 249.942 -1.58893 -2.71555 4.84823
250.8 188.636 2.15291 -3.39104 5.44176
486.595 293.672 -1.49345 -2.71344 4.98322
332.256 505.887 -1.73717 -2.6064 5.28991
615.21 638.79 -1.60339 -2.20085 5.06909
497.313 372.984 -1.71638 -2.64622 5.03945
795.272 197.21 -1.47507 -2.62255 4.4747
863.866 278.667 -1.66737 -2.50213 4.51735
887.446 336.543 -1.68217 -2.41652 4.52273
760.974 345.118 -1.68069 -2.49716 4.7031
758.831 139.333 -1.70538 -2.7511 4.59159
906.738 634.502 -1.74145 -2.03673 4.71174
752.4 610.923 -1.48631 -2.06455 4.84139
816.707 375.128 -1.17318 -2.24472 4.45175
805.99 486.595 -1.67244 -2.2788 4.72863
675.231 360.123 -1.79958 -2.56734 4.85096
996.769 544.472 -1.76068 -2.08982 4.54027
424.431 527.323 -1.75406 -2.53393 5.20551
420.143 565.907 -1.79281 -2.50871 5.23246
662.369 192.923 -1.45127 -2.72689 4.6671
690.236 195.067 -1.5325 -2.71324 4.65453
930.318 235.795 -1.66141 -2.51147 4.3967
360.123 527.323 -1.76038 -2.57394 5.2672
370.841 585.2 -1.52313 -2.43437 5.32911
510.174 291.528 -1.71028 -2.72659 4.97866
518.749 323.682 -1.7084 -2.68725 4.98848
604.492 295.815 -1.59232 -2.64838 4.85044
595.918 355.836 -1.59487 -2.57839 4.90216
248.656 205.785 2.11721 -3.31818 5.48128
257.231 270.092 1.90068 -3.03076 5.58105
433.005 505.887 -1.71964 -2.54266 5.18697
437.292 130.759 0.122095 -3.08814 4.74014
413.713 394.42 -1.76354 -2.68041 5.14243
484.451 400.851 -1.71803 -2.62417 5.07002
366.554 282.954 -1.70247 -2.81573 5.12707
377.272 293.672 -1.65223 -2.79817 5.12187
345.118 353.692 -1.65473 -2.7499 5.18815
949.61 398.708 -1.64724 -2.26991 4.461
951.754 424.431 -1.67356 -2.24393 4.48522
583.056 250.8 -1.59057 -2.71682 4.84535
621.641 244.369 -1.44909 -2.68598 4.76421
540.184 276.523 -1.62899 -2.71779 4.92306
360.123 454.441 -1.73844 -2.64573 5.22543
741.682 463.015 -1.6813 -2.3654 4.79935
726.677 484.451 -1.74425 -2.37537 4.84843
360.123 263.661 -1.65945 -2.8385 5.12103
265.805 394.42 2.69209 -2.44363 5.94418
683.805 100.749 0.760022 -2.82758 3.75555
357.979 377.272 -1.68546 -2.72011 5.1894
402.995 392.277 -1.72399 -2.68539 5.14978
362.267 435.149 -1.76252 -2.6655 5.21318
383.702 426.574 -1.75566 -2.66131 5.18771
998.912 272.236 -1.59477 -2.38711 4.26911
619.497 443.723 -1.41273 -2.39748 4.90051
655.938 214.359 -1.4157 -2.70304 4.68569
645.22 244.369 -0.964197 -2.60972 4.58899
323.682 304.39 -1.6215 -2.81333 5.18855
60.0205 568.051 -0.3276 -2.51143 6.13098
715.959 525.179 -1.76459 -2.34175 4.8878
720.246 583.056 -1.54961 -2.15793 4.88798
452.297 625.928 -1.80895 -2.42601 5.23236
287.241 143.62 1.13541 -3.36638 5.16664
514.461 91.5897 -0.066992 -3.0765 4.51187
510.564 541.743 -1.72468 -2.45298 5.13006
865.231 280.615 -1.68585 -2.50412 4.52492
888.615 335.179 -1.63074 -2.39852 4.50834
717.128 241.641 -1.54962 -2.632 4.65434
660.615 348.82 -1.67693 -2.56252 4.83147
758.051 140.308 -1.47191 -2.73114 4.49455
664.513 555.384 -1.7969 -2.35641 4.9745
736.615 530.051 -1.75197 -2.31296 4.86574
754.154 608 -1.54135 -2.09392 4.85449
806.769 485.231 -1.61574 -2.25643 4.71045
890.564 500.82 -1.81837 -2.2658 4.68159
676.205 360.513 -1.81878 -2.57014 4.85738
654.769 475.487 -1.68189 -2.41102 4.91887
424.82 528.102 -1.78087 -2.53955 5.20584
475.487 596.307 -1.77135 -2.43233 5.19237
520.308 309.846 -1.64857 -2.69202 4.96715
518.359 323.487 -1.71628 -2.6875 4.98958
438.461 185.128 -1.29136 -2.891 4.95368
999.692 288.41 -1.74318 -2.4122 4.37369
438.461 479.384 -1.72159 -2.56656 5.16812
358.564 526.154 -1.75862 -2.57206 5.26679
372.205 584.615 -1.52172 -2.43496 5.32862
376.102 578.769 -1.72141 -2.49282 5.29097
664.513 192.923 -1.34468 -2.71536 4.6302
247.487 206.564 1.6962 -3.27742 5.45724
255.282 268.923 1.88365 -3.03101 5.58176
413.128 393.641 -1.75673 -2.67918 5.14128
432.615 440.41 -1.74336 -2.61612 5.14425
997.743 272.82 -1.65843 -2.40654 4.31049
366.359 214.359 -0.0677462 -2.95278 5.05315
931.487 233.846 -1.49633 -2.46924 4.30076
754.154 471.59 -1.66197 -2.33962 4.78646
726.872 483.282 -1.73067 -2.36988 4.84288
358.564 376.102 -1.68869 -2.72041 5.18743
403.384 391.692 -1.71062 -2.68358 5.14964
266.974 393.641 2.79941 -2.43114 5.96106
323.487 304 -1.56053 -2.81197 5.18849
524.205 190.974 -1.40104 -2.81704 4.85114
346.872 352.718 -1.60705 -2.74545 5.18927
982.154 639.179 -1.75528 -1.96518 4.61525
954.872 652.82 -1.80161 -2.00945 4.68252
609.949 319.59 -1.6585 -2.62566 4.87155
541.743 276.718 -1.5508 -2.70892 4.90587
621.641 198.769 -1.33454 -2.7402 4.69762
360.513 132.513 0.146377 -3.17606 4.94892
403.384 140.308 -0.487589 -3.04558 4.89618
617.743 380 -1.6408 -2.54273 4.89454
580.718 405.333 -1.34263 -2.47465 4.92203
485.231 292.308 -1.66674 -2.73544 5.00167
761.948 333.231 -1.72784 -2.52438 4.71208
515.524 92.1212 -0.0289994 -3.07636 4.50213
616.503 637.762 -1.60092 -2.19904 5.07047
887.552 334.825 -1.5831 -2.38537 4.47638
662.564 348.998 -1.67918 -2.56262 4.83375
871.608 637.762 -1.65755 -2.00921 4.73493
664.335 556.27 -1.68833 -2.31101 4.95663
816.69 375.571 -1.23652 -2.26492 4.47942
676.736 359.627 -1.80053 -2.56593 4.85241
425.175 527.925 -1.75877 -2.5336 5.20502
426.946 593.473 -1.78127 -2.46698 5.23923
511.981 290.536 -1.68057 -2.72393 4.97158
517.296 324.196 -1.76916 -2.69305 4.99884
51.3753 492.494 -0.366627 -2.68821 6.03956
372.028 584.615 -1.51963 -2.4346 5.32895
375.571 579.3 -1.61645 -2.46155 5.30297
979.673 359.627 -1.6193 -2.28643 4.37093
954.871 653.706 -1.74923 -1.97243 4.66126
997.389 272.82 -1.66461 -2.40887 4.31416
292.308 233.846 0.780197 -3.03899 5.30213
308.252 205.501 0.963634 -3.11178 5.21009
742.284 464.149 -1.69269 -2.36923 4.80559
717.482 511.981 -1.76078 -2.35557 4.88043
772.401 499.58 -1.67999 -2.29241 4.78485
694.452 194.872 -1.37456 -2.6938 4.59807
648.391 244.475 -1.37842 -2.65752 4.70577
650.163 118.695 0.836244 -2.82987 3.88358
361.398 380.886 -1.70544 -2.71375 5.18907
403.916 391.515 -1.67861 -2.67685 5.14929
483.636 400.373 -1.73058 -2.62534 5.07101
324.196 304.709 -1.57156 -2.81298 5.18837
467.692 141.725 0.112202 -3.01632 4.67713
621.818 200.186 -1.46121 -2.7487 4.73415
364.942 285.221 -1.68756 -2.81505 5.12708
373.799 295.851 -1.65173 -2.79762 5.1247
240.932 272.82 2.67094 -3.0716 5.73468
368.485 517.296 -1.73579 -2.57022 5.25931
999.16 543.869 -1.69661 -2.04515 4.50506
593.473 317.109 -1.56766 -2.62488 4.87359
589.93 359.627 -1.59473 -2.57882 4.90753
632.447 379.114 -1.72238 -2.55605 4.8977
637.762 439.347 -1.50656 -2.41714 4.89249
62.0046 568.671 -0.354922 -2.51724 6.1185
67.3193 573.986 -0.35054 -2.49538 6.1227
542.098 276.364 -1.5861 -2.71253 4.91381
806.06 517.296 -1.74796 -2.27847 4.77102
372.028 627.133 -1.56328 -2.39347 5.35431
370.256 659.021 -1.18149 -2.21463 5.45162
566.9 189.557 -1.34938 -2.79372 4.77852
488.951 191.329 -1.32786 -2.84822 4.88785
621.818 442.89 -1.40703 -2.39562 4.8989
359.627 132.867 0.163513 -3.17867 4.95082
403.916 139.953 0.39991 -3.12167 4.81379
403.916 189.557 0.0236327 -2.96667 4.91754
411.002 56.69 0.0477602 -3.29489 4.71774
233.846 315.338 3.4536 -2.90169 5.98049
249.79 189.557 2.14764 -3.38938 5.44211
820.233 262.191 -1.31866 -2.47799 4.41242
225.471 381.691 3.16607 -2.5803 6.17592
529.858 666.751 -1.52063 -2.19766 5.20062
869.675 637.762 -1.66388 -2.01432 4.73873
737.614 531.468 -1.75912 -2.31551 4.8667
426.785 594.278 -1.77864 -2.46511 5.24038
53.1468 492.816 -0.358677 -2.68495 6.04108
998.516 289.892 -1.73335 -2.40775 4.36847
491.206 326.934 -1.67259 -2.69435 5.01278
323.713 304.386 -1.56165 -2.81165 5.18805
351.091 508.921 -1.77807 -2.59878 5.2659
372.028 502.479 -1.71976 -2.58059 5.24743
665.141 193.261 -1.25608 -2.70801 4.60545
700.572 141.725 0.257551 -2.68905 3.94514
467.048 375.249 -1.71177 -2.65916 5.07184
431.617 428.396 -1.69795 -2.62126 5.14107
454.164 412.291 -1.79428 -2.64236 5.11038
402.628 391.354 -1.7019 -2.68072 5.15065
363.975 436.448 -1.74216 -2.66067 5.214
384.912 415.512 -1.6868 -2.66257 5.18215
325.323 368.807 -1.47115 -2.7289 5.23614
328.544 417.122 -1.55392 -2.67618 5.2598
930.875 235.134 -1.62354 -2.50061 4.37008
592.668 259.292 -1.58632 -2.70093 4.8424
636.151 238.355 -1.43868 -2.67887 4.73619
365.586 285.06 -1.68512 -2.81432 5.12767
951.811 560.458 -1.59619 -2.00387 4.53816
818.139 82.136 -0.00373577 -2.69618 3.58982
566.9 190.04 -1.36372 -2.79362 4.78252
62.8099 570.121 -0.354289 -2.51725 6.11968
924.433 487.985 -1.76372 -2.22691 4.60738
753.719 346.26 -1.70107 -2.50774 4.72227
761.771 333.376 -1.78793 -2.5392 4.73309
491.206 207.756 -1.38153 -2.82473 4.90816
528.247 196.482 -1.31498 -2.81388 4.83457
594.278 317.27 -1.56766 -2.62488 4.87359
589.447 359.144 -1.67355 -2.59393 4.92555
457.385 618.436 -1.79515 -2.42527 5.22472
359.144 133.672 0.230119 -3.18554 4.94329
404.238 188.43 0.101647 -2.97121 4.91434
235.134 317.27 3.42753 -2.88031 5.98013
581.394 492.816 -1.57794 -2.41335 5.00733
629.709 525.026 -1.61925 -2.34916 4.97448
621.657 442.89 -1.42007 -2.39876 4.90066
779.487 114.346 -1.50352 -2.75761 4.46306
288.281 144.946 1.18012 -3.36713 5.16268
831.023 222.25 -1.53786 -2.57236 4.46632
624.878 565.289 -1.80661 -2.37713 5.02148
595.889 571.731 -1.75028 -2.37063 5.05536
652.257 534.689 -1.66653 -2.33637 4.95681
877.728 645.815 -1.69984 -2.01991 4.74604
909.938 636.151 -1.73453 -2.02569 4.70682
900.275 309.218 -1.54554 -2.39966 4.42133
887.391 334.986 -1.57347 -2.38188 4.4713
930.875 326.934 -1.67666 -2.39406 4.45936
694.13 291.502 -1.75334 -2.62039 4.78097
515.363 92.2383 0.0271964 -3.07822 4.48838
51.2435 625.171 -0.598661 -2.45085 6.11128
528.54 667.63 -1.49444 -2.18606 5.20011
426.053 595.889 -1.79352 -2.46906 5.24075
70.2768 464.12 -0.188917 -2.72126 6.02458
52.7076 494.866 -0.310916 -2.68237 6.05666
68.8127 509.507 -0.320864 -2.63289 6.04488
510.971 291.356 -1.64927 -2.72062 4.96583
538.789 358.705 -1.71729 -2.63565 4.98469
367.489 215.223 -0.105899 -2.94798 5.05621
307.461 206.438 0.834242 -3.10311 5.20764
986.803 385.058 -1.7048 -2.28097 4.42484
448.015 346.992 -1.74887 -2.70755 5.07846
695.448 196.189 -1.37456 -2.6938 4.59807
367.489 516.827 -1.73999 -2.57192 5.25887
931.168 234.256 -1.61851 -2.49949 4.36791
402.628 392.379 -1.70667 -2.68154 5.15007
740.835 464.12 -1.72438 -2.38151 4.81558
721.801 491.938 -1.79172 -2.38614 4.86986
771.581 499.258 -1.66072 -2.28634 4.78093
483.153 401.163 -1.72431 -2.62296 5.07069
62.9563 433.374 -0.163042 -2.79969 6.00691
663.237 183.013 -1.43409 -2.74144 4.65589
325.03 368.953 -1.48089 -2.72886 5.23458
364.561 284.035 -1.67094 -2.81412 5.1272
594.425 317.71 -1.59061 -2.62812 4.87675
956.057 654.453 -1.78085 -1.99239 4.6732
948.737 657.381 -1.78632 -1.99654 4.68569
925.311 489.009 -1.75709 -2.22234 4.60233
467.048 142.018 0.011189 -3.01177 4.69177
247.433 207.902 1.91053 -3.29862 5.47089
241.577 275.251 2.4554 -3.06144 5.71143
491.938 207.902 -1.38153 -2.82473 4.90816
370.417 626.635 -1.52485 -2.38141 5.35786
755.476 142.018 -1.51296 -2.7352 4.51543
409.948 57.0999 0.0358024 -3.29434 4.72186
661.773 351.384 -1.66654 -2.55914 4.83153
701.304 345.528 -1.69247 -2.54 4.78519
367.489 142.018 0.0915109 -3.13912 4.94638
336.743 187.405 0.985597 -3.13507 5.06902
737.906 531.468 -1.77227 -2.32179 4.87008
718.873 585.64 -1.50342 -2.1327 4.8803
778.901 611.994 -1.59134 -2.09193 4.83061
281.107 133.233 1.04422 -3.39965 5.16445
267.93 177.156 1.26462 -3.29825 5.29481
764.26 308.925 -1.7002 -2.54394 4.68177
754.012 346.992 -1.69111 -2.50469 4.71842
607.602 360.169 -1.69561 -2.58827 4.90713
620.778 443.622 -1.40052 -2.39379 4.89871
664.701 556.358 -1.72781 -2.3269 4.96347
688.127 550.502 -1.75174 -2.328 4.93709
898.957 310.389 -1.76088 -2.46631 4.53466
821.36 260.61 -1.37933 -2.48662 4.43907
876.996 647.132 -1.69984 -2.01991 4.74604
909.206 669.094 -1.762 -2.00211 4.73737
913.598 669.094 -1.7512 -1.9959 4.72751
592.961 566.607 -1.72642 -2.3648 5.05113
625.171 565.143 -1.80639 -2.37695 5.02057
595.889 572.463 -1.83376 -2.39862 5.06068
522.684 601.745 -1.55056 -2.30925 5.15799
654.453 477.297 -1.64795 -2.39878 4.91254
715.945 512.435 -1.75101 -2.35197 4.87844
50.578 625.57 -0.557711 -2.44325 6.12725
427.251 594.957 -1.78287 -2.46568 5.24134
519.09 326.095 -1.72027 -2.68453 4.99001
401.962 222.277 0.0599496 -2.88798 4.9662
962.313 391.314 -1.66281 -2.27324 4.44229
716.078 242.242 -1.55541 -2.63417 4.65719
359.37 375.342 -1.68735 -2.72208 5.18724
403.293 392.645 -1.66906 -2.6748 5.14941
722.733 491.139 -1.7938 -2.38786 4.8701
996.919 272.855 -1.72151 -2.42867 4.35168
567.006 199.65 -1.42702 -2.78612 4.80356
592.295 259.545 -1.58188 -2.70044 4.84174
484.484 292.82 -1.66605 -2.7366 5.00184
328.757 417.934 -1.54856 -2.6743 5.25996
453.871 412.61 -1.77701 -2.63939 5.11022
364.694 283.503 -1.63668 -2.81432 5.125
403.293 314.116 -1.66606 -2.76065 5.10624
445.885 614.922 -1.7881 -2.4353 5.23301
447.216 622.908 -1.79582 -2.42904 5.23635
63.888 570.999 -0.365361 -2.51521 6.11475
975.623 674.817 -1.73796 -1.91276 4.64156
610.929 318.109 -1.65772 -2.62733 4.87409
621.577 320.771 -1.72519 -2.62981 4.87435
630.894 524.414 -1.58237 -2.3339 4.96696
926.376 488.477 -1.7312 -2.2077 4.58956
247.566 207.636 1.92462 -3.29674 5.47493
409.948 57.233 0.006597 -3.2916 4.72753
693.451 292.82 -1.7169 -2.61322 4.76779
660.176 344.729 -1.71775 -2.57552 4.84056
521.752 119.79 0.031558 -2.99956 4.51456
806.586 487.146 -1.67839 -2.28391 4.73392
887.777 335.412 -1.62652 -2.39918 4.49808
367.356 142.417 0.109327 -3.14092 4.94536
395.307 131.769 0.113745 -3.13435 4.85332
282.172 133.1 1.12556 -3.41039 5.16403
324.764 171.699 1.05566 -3.2069 5.0902
752.015 330.088 -1.7652 -2.54309 4.73604
763.994 334.081 -1.72258 -2.52027 4.70903
567.006 186.34 -1.33593 -2.80032 4.77317
815.903 376.673 -1.35231 -2.30215 4.52505
724.064 372.68 -1.74002 -2.50671 4.7854
641.542 563.013 -1.7571 -2.3497 4.99937
622.908 592.295 -1.40018 -2.16954 5.01405
606.936 360.701 -1.70517 -2.58854 4.90872
621.577 443.223 -1.4896 -2.4186 4.91214
497.794 375.342 -1.73211 -2.6448 5.04365
551.034 368.687 -1.73719 -2.62117 4.9821
676.148 362.032 -1.73396 -2.54957 4.83449
681.472 376.673 -1.79738 -2.54727 4.85545
877.129 646.866 -1.71404 -2.02814 4.7519
913.066 636.218 -1.71465 -2.01024 4.69581
827.882 318.109 -1.56988 -2.45058 4.54732
810.579 689.458 -1.79751 -2.0867 4.8845
569.668 656.183 -1.50863 -2.17286 5.14009
572.33 664.169 -1.57817 -2.19072 5.13912
629.563 688.127 -1.69084 -2.17283 5.08444
425.92 529.738 -1.77204 -2.53286 5.20483
433.906 549.703 -1.74118 -2.50034 5.2096
424.589 551.034 -1.77986 -2.5142 5.21865
443.223 559.02 -1.78583 -2.49467 5.20397
957.11 654.61 -1.77753 -1.98862 4.67273
740.52 464.64 -1.75746 -2.3935 4.82558
676.39 492.47 -1.66538 -2.37182 4.89742
713.9 525.14 -1.77043 -2.34644 4.89435
804.65 519.09 -1.74068 -2.27377 4.77332
643.72 582.01 -1.62584 -2.26615 4.99765
949.85 657.03 -1.69268 -1.92711 4.6464
659.45 344.85 -1.71775 -2.57552 4.84056
931.7 327.91 -1.69963 -2.40185 4.47038
364.21 431.97 -1.73822 -2.66439 5.21083
624.36 446.49 -1.42415 -2.39391 4.90111
588.06 360.58 -1.6667 -2.59335 4.92628
632.83 379.94 -1.71097 -2.55205 4.89297
551.76 369.05 -1.72256 -2.61648 4.98017
448.91 590.48 -1.78653 -2.4579 5.21658
568.7 657.03 -1.52992 -2.18143 5.1388
526.35 647.35 -1.44881 -2.19627 5.18987
506.99 695.75 -1.62735 -2.22684 5.2381
98.01 513.04 -0.0102715 -2.56433 6.08998
53.24 494.89 -0.305969 -2.68066 6.05857
266.2 392.04 2.8956 -2.4294 5.96747
225.06 382.36 2.74832 -2.59027 6.10906
62.92 571.12 -0.298743 -2.50043 6.14194
369.05 96.8 0.0263323 -3.24082 4.88004
586.85 134.31 1.68761 -2.89598 3.92172
522.72 188.76 -1.30124 -2.82631 4.83519
401.72 222.64 0.0471434 -2.88748 4.96746
621.94 320.65 -1.64063 -2.6138 4.85258
511.83 290.4 -1.66459 -2.72223 4.96825
600.16 204.49 -1.38695 -2.75086 4.74791
592.9 258.94 -1.59782 -2.70174 4.84571
298.87 145.2 0.875844 -3.3105 5.12854
286.77 148.83 0.94402 -3.33445 5.17015
324.28 171.82 0.902296 -3.19537 5.09591
226.27 153.67 4.10892 -3.87179 5.5875
260.15 275.88 2.19625 -2.99923 5.59862
235.95 318.23 3.95164 -2.87972 6.04656
308.55 205.7 0.865133 -3.10522 5.20179
423.5 551.76 -1.76947 -2.51176 5.21918
417.45 554.18 -1.74778 -2.50553 5.23026
291.61 234.74 0.853494 -3.03971 5.31043
323.07 250.47 -1.57344 -2.87567 5.1537
325.49 263.78 -1.56868 -2.85796 5.16006
804.1 520.3 -1.75171 -2.27778 4.77622
643.5 581.9 -1.43383 -2.17783 4.97597
867.9 638 -1.67993 -2.02687 4.74858
898.7 599.5 -1.52299 -1.94927 4.62081
865.7 283.8 -1.73654 -2.51468 4.55104
350.9 510.4 -1.76559 -2.59516 5.26772
407 391.6 -1.68896 -2.67563 5.14543
465.3 376.2 -1.75326 -2.66757 5.07632
508.2 697.4 -1.62856 -2.22783 5.23755
622.6 592.9 -1.44153 -2.18829 5.01679
266.2 392.7 2.92607 -2.42848 5.97308
327.8 376.2 -1.46496 -2.71946 5.23707
327.8 420.2 -1.53541 -2.67178 5.26203
225.5 382.8 2.832 -2.58592 6.12201
396 132 0.0929776 -3.1307 4.85461
368.5 96.8 0.115603 -3.25373 4.87133
521.4 119.9 -0.0672 -2.99664 4.53656
517 91.3 0.0997254 -3.08084 4.4717
522.5 189.2 -1.37122 -2.82828 4.84653
281.6 133.1 1.07151 -3.40504 5.16268
298.1 145.2 0.931128 -3.31894 5.12657
226.6 154 4.29954 -3.89672 5.6008
259.6 276.1 2.08744 -3.00136 5.59899
240.9 275 2.4052 -3.0602 5.70735
423.5 552.2 -1.79813 -2.51706 5.21767
418 554.4 -1.74658 -2.50333 5.23006
323.4 250.8 -1.57862 -2.87548 5.15424
546.7 291.5 -1.693 -2.70391 4.9369
555.5 306.9 -1.6679 -2.67675 4.93136
493.9 328.9 -1.72104 -2.69696 5.01863
372.9 214.5 0.218697 -2.95145 5.02772
539 358.6 -1.73143 -2.63935 4.98649
83.6 511.5 -0.161694 -2.5972 6.07148
972 537 -1.65685 -2.05474 4.51995
667 555 -1.71939 -2.32354 4.95901
643 582 -1.60992 -2.25954 4.99549
328 376 -1.46543 -2.71929 5.23813
550 362 -1.78567 -2.63873 4.98514
378 581 -1.72363 -2.49153 5.29116
396 132 -0.00615866 -3.12312 4.86422
424 60 -0.0156859 -3.26576 4.69346
368 97 -0.0321129 -3.23554 4.88931
484 137 0.0623873 -3.0044 4.63046
415 189 0.0471275 -2.9571 4.88868
603 263 -1.45537 -2.6739 4.79979
282 133 1.09127 -3.40884 5.15956
225 101 4.36646 -4.22991 5.4337
255 271 1.8657 -3.02664 5.58058
555 307 -1.69394 -2.68055 4.93631
84 511 -0.146593 -2.59724 6.07581
