801 359 -1.18993 0.151888 9.57603
859 276 -1.29784 -0.0751706 9.79917
1169 463 -1.47319 0.463388 11.3358
953 417 -1.41486 0.366671 10.5918
935 508 -1.41959 0.549856 10.5536
952 612 -1.46362 0.741628 10.6082
1035 164 -1.43788 -0.0745103 10.8274
909 163 -1.28919 -0.213166 10.3879
875 153 -1.24213 -0.306628 10.1689
886 113 -1.24825 -0.393513 10.2283
1207 573 -1.56612 0.579565 11.2639
640 371 -0.375156 -0.0796626 6.12471
542 175 0.768532 -1.59646 5.39946
709 220 -0.733194 -0.807677 7.64481
1027 258 -1.44658 0.097454 10.823
869 400 -1.31378 0.316086 10.196
814 375 -1.23699 0.208894 9.61131
917 405 -1.37619 0.338248 10.4504
1119 390 -1.4042 0.388551 11.344
960 476 -1.43347 0.487348 10.6317
853.2 556.8 -1.33687 0.697102 10.1593
846 360 -1.29256 0.175412 9.86965
859.2 276 -1.29824 -0.0788745 9.79706
744 572.4 -1.09978 0.79969 9.99618
862.8 46.8 -1.1946 -0.694745 9.96662
913.2 129.6 -1.27374 -0.246621 10.5016
445.2 64.8 0.542429 -1.05695 8.55427
814.8 381.6 -1.23562 0.218245 9.60623
824.4 362.4 -1.26022 0.168275 9.60981
798 458.4 -1.22642 0.459088 9.58693
1016.4 72 -1.40383 -0.282754 10.7437
897.6 140.4 -1.26191 -0.285212 10.3404
790.8 453.6 -1.21071 0.459597 9.57454
812.4 292.8 -1.17903 -0.0162992 9.72556
967.2 358.8 -1.44551 0.237041 10.5411
846 177.6 -1.19924 -0.32733 9.92218
858 153.6 -1.21228 -0.332228 10.1004
398.4 448.8 1.81644 0.840324 4.38105
740.4 469.2 -1.08132 0.525034 8.98911
780 544.8 -1.21779 0.739934 9.502
400.8 220.8 1.45751 -0.789681 6.40092
1201.2 567.6 -1.56441 0.571544 11.2554
733.2 334.8 -0.962828 0.0607889 9.29246
639.6 370.8 -0.37646 -0.0910177 6.1303
778.8 288 -1.08874 -0.102981 9.37279
672 405.6 -0.695648 0.231119 7.46198
136.8 264 0.658227 0.281398 10.1276
511.2 165.6 1.19562 -1.80072 4.85833
925.2 93.6 -1.28515 -0.333663 10.4999
1099.2 264 -1.51005 0.133584 10.9765
1119.6 32.4 -1.44708 -0.176699 11.1105
994.8 60 -1.36722 -0.315038 10.7174
936 572.4 -1.45507 0.680516 10.4977
906 369.6 -1.38568 0.235341 10.2234
844.8 487.2 -1.30845 0.54017 10.087
992.4 596.4 -1.49705 0.687142 10.7261
951.6 610.8 -1.46443 0.740729 10.6077
1018.8 663.6 -1.51328 0.784471 10.8462
957.6 628.8 -1.46984 0.767805 10.6344
1119.6 390 -1.4042 0.388551 11.344
1168.8 462 -1.47343 0.463098 11.3363
1078.8 429.6 -1.51127 0.399817 10.9724
1046.4 417.6 -1.47697 0.381031 10.9349
866.88 145.44 -1.22311 -0.336536 10.1316
839.52 125.28 -1.16199 -0.455816 9.94763
446.4 256.32 2.27328 -1.31103 2.85744
512.64 312.48 1.0737 -0.626247 4.24688
777.6 619.2 -1.25366 0.960494 9.50315
972 433.44 -1.43354 0.400509 10.6629
779.04 603.36 -1.237 0.917484 9.57052
761.76 159.84 -0.969501 -0.711466 8.88563
800.64 358.56 -1.19045 0.150204 9.57619
794.88 331.2 -1.14482 0.113333 9.82459
1036.8 83.52 -1.40427 -0.188895 10.8938
1200.96 77.76 -1.49318 -0.0381091 11.2733
514.08 243.36 1.82589 -1.79333 1.73247
498.24 237.6 1.71565 -1.55846 2.93354
806.4 149.76 -1.0969 -0.490557 9.65403
897.12 139.68 -1.2626 -0.284731 10.3403
897.12 109.44 -1.25139 -0.351197 10.3459
875.52 152.64 -1.23916 -0.290948 10.2109
740.16 469.44 -1.08508 0.52561 8.90443
815.04 380.16 -1.23572 0.216197 9.6095
1116 126.72 -1.5022 -0.0845364 11.003
423.36 283.68 1.91386 -0.715077 4.43843
816.48 102.24 -1.1078 -0.669971 9.60279
829.44 79.2 -1.13591 -0.756939 9.59143
675.36 93.6 -0.441148 -1.3944 7.8246
846.72 175.68 -1.19881 -0.332607 9.91554
396 486.72 1.50388 1.11699 5.20768
616.32 293.76 0.225927 -1.09565 3.42201
732.96 334.08 -0.963855 0.0625374 9.30402
446.4 60.48 0.671584 -1.23058 8.21594
626.4 525.6 -0.442845 1.03627 5.58206
403.2 408.96 1.74424 0.486404 4.76164
767.52 247.68 -1.03487 -0.212074 9.42089
665.28 296.64 -0.511598 -0.526602 6.70038
668.16 408.96 -0.68581 0.23061 7.34858
541.44 244.8 1.25887 -1.60293 2.78637
541.44 174.24 0.911651 -1.77017 4.83922
833.76 210.24 -1.18318 -0.215471 9.92947
905.76 262.08 -1.43072 -0.145 9.764
640.8 223.2 0.0341759 -1.5773 4.38137
924.48 93.6 -1.28539 -0.332298 10.4997
914.4 132.48 -1.28066 -0.268757 10.4326
695.52 96.48 -0.601081 -1.24705 8.17058
984.96 208.8 -1.38372 -0.0145355 10.7235
1098.72 263.52 -1.47506 0.158553 11.0709
1120.32 31.68 -1.44622 -0.176641 11.111
995.04 60.48 -1.36844 -0.313272 10.7169
960.48 109.44 -1.34163 -0.255606 10.6013
1031.04 116.64 -1.40881 -0.140963 10.8634
858.24 580.32 -1.35469 0.745959 10.1615
842.4 534.24 -1.32475 0.652049 10.0043
892.8 603.36 -1.39359 0.767063 10.4103
921.6 613.44 -1.43589 0.764863 10.4789
659.52 541.44 -0.775542 0.965902 7.55939
743.04 580.32 -1.14268 0.905611 9.09866
868.32 443.52 -1.32603 0.427211 10.2135
802.08 411.84 -1.2184 0.3243 9.52075
845.28 360 -1.294 0.175839 9.8695
884.16 470.88 -1.35309 0.485919 10.3347
760.32 394.56 -1.0924 0.245034 9.16267
1219.68 576 -1.57469 0.57876 11.2797
1192.32 669.6 -1.60598 0.700276 11.1736
992.16 594.72 -1.49827 0.686596 10.7256
1169.28 462.24 -1.4733 0.462175 11.3379
1107.36 470.88 -1.52549 0.463949 11.0548
1005.12 417.6 -1.45295 0.374638 10.7946
1020.96 488.16 -1.4701 0.505115 10.8748
1008 485.28 -1.46421 0.499453 10.8334
959.04 475.2 -1.43374 0.486471 10.6318
725.76 198.72 -0.823043 -0.740585 8.21336
762.048 158.976 -0.972289 -0.684885 8.97517
848.448 302.4 -1.27576 -0.00430322 9.75823
895.104 110.592 -1.25228 -0.34954 10.3456
931.392 525.312 -1.53982 0.591658 10.0377
1043.71 86.4 -1.40663 -0.18395 10.8994
801.792 359.424 -1.18967 0.151298 9.57612
796.608 366.336 -1.17247 0.174898 9.55495
699.84 509.76 -0.952104 0.740841 7.53723
734.4 330.048 -0.965508 0.0657271 9.33929
760.32 393.984 -1.09345 0.25958 9.27953
772.416 380.16 -1.12564 0.207104 9.34995
388.8 209.088 1.60963 -0.900768 6.34352
397.44 449.28 1.74815 0.820469 4.57669
625.536 428.544 -0.286065 0.298142 5.50609
658.368 485.568 -0.680997 0.662845 7.03081
822.528 307.584 -1.21389 -0.00750891 9.62663
812.16 292.032 -1.17633 -0.0178549 9.72725
641.088 390.528 -0.426345 0.0624818 6.30197
395.712 487.296 1.73035 1.15743 4.50752
803.52 231.552 -1.12446 -0.236632 9.61766
817.344 101.952 -1.10385 -0.669567 9.60232
497.664 240.192 1.66364 -1.5237 3.09286
656.64 274.752 -0.376694 -0.767966 6.21323
699.84 323.136 -0.833485 -0.0166922 8.96216
404.352 281.664 1.66356 -0.513721 5.52019
625.536 393.984 -0.328718 0.106134 6.28512
646.272 480.384 -0.595935 0.664565 6.58575
642.816 442.368 -0.490178 0.400822 6.21029
779.328 286.848 -1.09297 -0.0956181 9.42475
663.552 328.32 -0.516636 -0.365425 6.43592
648 336.96 -0.413238 -0.307039 6.21783
540.864 247.104 1.4568 -1.77534 1.8824
542.592 311.04 1.20283 -0.929004 2.40375
485.568 311.04 1.89491 -0.866442 2.21763
540.864 172.8 0.830129 -1.68306 5.1698
511.488 165.888 0.982382 -1.56924 5.5973
402.624 55.296 0.830211 -1.15156 8.35936
368.064 46.656 0.883478 -1.05716 8.67475
445.824 60.48 0.498375 -1.02612 8.68643
286.848 682.56 0.48187 1.62425 8.98577
834.624 209.088 -1.1894 -0.223087 9.91901
710.208 217.728 -0.755611 -0.749019 7.90811
924.48 95.04 -1.28619 -0.334379 10.4923
846.72 176.256 -1.20128 -0.323698 9.94507
896.832 138.24 -1.26349 -0.280996 10.3567
696.384 96.768 -0.583198 -1.3132 8.00084
1169.86 216 -1.43719 0.175524 11.353
1107.65 345.6 -1.54681 0.254029 10.9585
984.96 207.36 -1.38361 -0.0155692 10.7234
990.144 336.96 -1.39222 0.248517 10.8361
1118.02 32.832 -1.44751 -0.177031 11.1115
1230.34 65.664 -1.44954 0.0208364 11.4176
960.768 108.864 -1.34206 -0.256215 10.6013
995.328 60.48 -1.36994 -0.311594 10.7175
965.952 127.872 -1.35063 -0.20236 10.6321
1031.62 115.776 -1.40857 -0.143393 10.8632
855.36 530.496 -1.34984 0.637933 10.1042
893.376 604.8 -1.39393 0.76607 10.393
651.456 599.616 -0.788835 1.24078 7.58168
725.76 565.056 -1.08383 0.877099 9.04845
801.792 418.176 -1.21873 0.333848 9.60371
844.992 492.48 -1.31042 0.541837 10.0866
884.736 471.744 -1.36266 0.48596 10.2485
741.312 471.744 -1.06283 0.535454 9.58976
1128.38 511.488 -1.53297 0.517232 11.1109
1242.43 525.312 -1.57393 0.51623 11.3063
955.584 366.336 -1.41109 0.273065 10.5887
905.472 262.656 -1.4316 -0.145157 9.76394
566.784 183.168 0.720796 -1.8113 4.60558
800.41 385.69 -1.19058 0.232882 9.58066
821.146 217.728 -1.1719 -0.267455 9.68449
802.483 230.17 -1.12428 -0.236584 9.62239
632.448 402.278 -0.354589 0.142557 6.06722
609.638 416.794 -0.109221 0.203126 4.90662
624.154 346.291 -0.269308 -0.213976 6.33004
814.925 101.606 -1.10396 -0.646077 9.65658
827.367 78.7968 -1.13462 -0.758684 9.59175
964.224 358.733 -1.44506 0.236794 10.5224
584.755 369.101 0.692347 -0.458876 1.79748
638.669 491.443 -0.515227 0.743735 6.03869
199.066 398.131 0.675141 0.613466 9.67245
420.941 279.936 1.37742 -0.488187 5.99269
661.479 327.629 -0.523917 -0.328903 6.55542
642.816 441.677 -0.498156 0.405316 6.14097
655.258 414.72 -0.593522 0.255932 6.81116
790.042 244.685 -1.11283 -0.262958 9.31735
802.483 263.347 -1.14028 -0.135883 9.59964
277.862 116.122 0.686613 -0.362365 9.5905
539.136 248.832 1.58406 -1.8806 1.33161
508.032 306.893 1.28424 -0.735017 3.48134
479.002 257.126 1.6689 -1.19486 3.63248
634.522 89.1648 -0.265086 -1.29109 8.03205
568.167 182.477 0.760153 -1.867 4.4053
367.027 47.6928 0.983164 -1.13775 8.43729
466.56 49.7664 0.55785 -1.27262 8.25872
199.066 566.093 0.640828 1.14567 9.49841
238.464 545.357 0.745085 1.14435 9.06162
248.832 456.192 0.629215 0.782478 9.37529
516.326 622.08 -0.147913 1.45973 7.78654
393.984 489.37 1.72296 1.15891 4.52062
396.058 449.971 1.90813 0.843734 4.13144
431.309 491.443 2.20229 1.2962 1.84206
833.587 240.538 -1.2098 -0.175556 9.74816
792.115 331.776 -1.14301 0.080665 9.63525
846.029 298.598 -1.26724 -0.00756329 9.81793
709.171 213.581 -0.747909 -0.75006 7.84791
738.202 302.746 -0.97042 -0.0536207 9.26528
895.795 111.974 -1.25212 -0.347918 10.3439
843.955 172.109 -1.19909 -0.331205 9.93127
804.557 149.299 -1.09612 -0.505112 9.60702
883.354 178.33 -1.26394 -0.222771 10.2178
912.384 130.637 -1.28827 -0.267699 10.4366
763.085 157.594 -0.977957 -0.63096 9.18303
1167.44 259.2 -1.43644 0.229859 11.359
1119.74 234.317 -1.50579 0.110342 11.0477
1186.1 217.728 -1.45285 0.182388 11.3595
1215.13 288.23 -1.44704 0.281142 11.4411
980.813 271.642 -1.413 0.085705 10.6343
1030.58 217.728 -1.44038 0.0294431 10.8286
1219.28 109.901 -1.45654 0.0571007 11.3948
1181.95 70.5024 -1.54593 -0.133847 11.0982
1065.83 174.182 -1.50018 -0.0642537 10.8118
1030.58 116.122 -1.4096 -0.142716 10.8666
814.925 574.387 -1.28416 0.768261 9.91707
854.323 528.768 -1.34532 0.626761 10.0676
935.194 572.314 -1.45567 0.679318 10.4813
875.059 547.43 -1.38094 0.661775 10.1711
707.098 555.725 -1.02157 0.902531 8.46318
783.821 537.062 -1.23068 0.725259 9.40645
777.6 617.933 -1.23667 0.926577 9.73367
858.471 441.677 -1.31714 0.421455 10.164
800.41 410.573 -1.22589 0.308154 9.30757
883.354 501.811 -1.36679 0.551048 10.3097
883.354 470.707 -1.35769 0.484594 10.2485
771.379 416.794 -1.14787 0.333684 9.26261
758.938 391.91 -1.09248 0.230328 9.13892
750.643 512.179 -1.13264 0.660033 9.14921
1161.22 561.946 -1.54512 0.576304 11.2011
1188.17 669.773 -1.60571 0.700371 11.1734
991.181 595.123 -1.49343 0.686639 10.7359
949.709 642.816 -1.46329 0.795985 10.6061
1103.16 441.677 -1.51352 0.420085 11.0561
1092.79 429.235 -1.5165 0.399985 11.0126
1005.7 485.222 -1.46407 0.499655 10.8334
958.003 474.854 -1.43251 0.485295 10.631
1020.21 487.296 -1.46624 0.502045 10.8771
763.914 154.276 -0.977859 -0.660151 9.07736
129.393 669.358 0.523494 1.37108 9.95568
903.26 261.274 -1.42208 -0.145358 9.76022
1082.42 594.709 -1.59371 0.649304 10.8498
54.743 395.643 0.598324 0.658459 10.3726
467.804 49.7664 0.625346 -1.33952 8.07666
445.409 59.7197 0.646603 -1.1742 8.30564
1072.47 659.405 -1.57849 0.751017 10.8755
1017.72 664.382 -1.51253 0.782323 10.8437
365.783 47.2781 0.959881 -1.10396 8.4953
510.106 164.229 1.22848 -1.82478 4.77369
1015.23 306.063 -1.42547 0.191814 10.8555
1214.3 288.645 -1.44567 0.281393 11.4412
420.526 278.692 1.37742 -0.488187 5.99269
627.057 530.012 -0.532335 1.01702 6.43496
811.192 634.522 -1.29865 0.920307 9.99671
895.795 604.662 -1.39392 0.766068 10.3931
1102.33 442.921 -1.51695 0.418367 11.0427
515.082 639.498 0.017829 1.7288 6.83451
982.887 204.042 -1.38199 -0.021059 10.7295
935.608 572.314 -1.44943 0.67307 10.4948
1005.28 485.222 -1.46206 0.500085 10.8236
958.003 472.781 -1.43373 0.48951 10.6392
1226.74 515.082 -1.56922 0.505076 11.2857
1167.02 457.851 -1.47237 0.462548 11.3372
746.496 111.974 -0.832216 -1.38481 7.72031
990.352 594.709 -1.49942 0.683987 10.7124
948.05 579.779 -1.47106 0.680664 10.5173
935.608 515.082 -1.41572 0.564216 10.5669
880.865 467.804 -1.35482 0.48091 10.2531
948.05 641.987 -1.46281 0.796414 10.5998
1027.68 256.297 -1.44445 0.0919513 10.8173
1216.79 144.323 -1.4567 0.10466 11.3932
161.741 54.743 0.739224 -0.306298 10.1315
256.297 629.545 0.702193 1.47473 8.86306
691.753 617.103 -1.00183 1.22569 7.965
883.354 176.671 -1.20453 -0.0603051 10.6848
895.795 136.858 -1.26021 -0.290235 10.3404
987.863 149.299 -1.39033 -0.158382 10.6482
783.821 537.477 -1.2174 0.708723 9.5898
895.795 111.974 -1.25127 -0.347766 10.344
960.492 104.509 -1.3415 -0.255196 10.6108
1030.16 114.463 -1.409 -0.149172 10.867
1035.14 57.2314 -1.42885 -0.304218 10.7721
1219.28 109.486 -1.45392 0.0589715 11.3943
816.169 102.021 -1.10239 -0.661635 9.61302
855.982 530.012 -1.34548 0.638922 10.1369
1129.7 139.346 -1.50015 -0.038423 11.0657
253.809 84.6029 1.85994 -1.07946 7.82338
209.019 47.2781 0.661969 -0.388134 10.0321
758.938 390.666 -1.09475 0.21173 8.95517
836.076 129.393 -1.1582 -0.451549 9.94509
803.727 149.299 -1.08714 -0.539248 9.5085
1065 174.182 -1.4994 -0.0647878 10.812
778.844 617.103 -1.24546 0.938046 9.57646
624.568 345.877 -0.370676 -0.117291 7.09638
980.398 313.528 -1.39808 0.193822 10.7562
965.468 291.133 -1.41068 0.100323 10.5857
711.66 574.802 -1.02817 0.852912 9.58313
706.683 554.895 -1.01906 0.89732 8.26003
651.94 537.477 -0.674307 1.0295 6.43462
741.519 472.781 -1.09072 0.541228 9.25141
393.155 490.199 1.69898 1.16211 4.62732
395.643 450.386 1.81873 0.843489 4.40127
365.783 465.316 1.48758 0.933835 5.92131
709.171 213.996 -0.763297 -0.684923 8.1664
365.783 278.692 1.64739 -0.391733 6.27952
296.11 413.061 1.44423 0.642558 7.35046
281.18 390.666 0.706458 0.541972 9.08601
383.201 365.783 1.48989 0.224362 6.03338
846.029 298.598 -1.27183 -0.0185658 9.74556
644.475 482.734 -0.574279 0.679504 6.37816
639.498 472.781 -0.502006 0.624806 6.05291
771.379 251.32 -1.04104 -0.188434 9.4973
1020.21 487.711 -1.46415 0.499324 10.8769
525.533 173.187 1.05095 -1.74779 4.8288
510.603 164.229 1.18911 -1.79514 4.93678
277.697 116.453 0.73634 -0.387613 9.49731
961.487 474.772 -1.43316 0.486744 10.6401
480.743 259.781 1.55227 -1.10223 3.99443
421.024 277.697 1.7123 -0.661284 5.09102
883.851 501.645 -1.3562 0.559994 10.3093
925.655 615.113 -1.45025 0.767032 10.4373
895.795 606.155 -1.43991 0.779577 10.1913
848.02 612.127 -1.35081 0.823234 10.1187
1057.04 624.071 -1.55132 0.704363 10.8675
886.837 176.173 -1.25836 -0.212651 10.2648
898.781 134.369 -1.25918 -0.295883 10.3308
627.057 528.519 -0.463053 1.02997 5.82918
1009.26 570.323 -1.53689 0.642021 10.6856
961.487 555.393 -1.49383 0.631222 10.4873
1164.53 134.369 -1.51642 -0.0216466 11.1298
1122.73 504.631 -1.52817 0.506 11.1007
59.7197 235.893 0.582719 0.298727 10.5203
683.79 644.973 -0.996159 1.19728 9.0427
674.833 644.973 -0.943047 1.42462 7.97328
853.992 59.7197 -1.1746 -0.702725 9.83941
1051.07 223.949 -1.47402 0.032627 10.8271
1051.07 418.038 -1.4757 0.380398 10.9345
268.739 618.099 0.806705 1.50932 8.52232
337.416 235.893 3.23291 -1.14416 3.52069
498.659 241.865 1.53956 -1.43721 3.5132
167.215 92.5655 0.433044 -0.0687737 10.5085
122.425 113.467 0.439662 0.0352331 10.6089
122.425 214.991 0.565539 0.203243 10.354
1066 173.187 -1.49078 -0.0673762 10.8129
1048.08 334.43 -1.49954 0.221767 10.8232
1054.05 116.453 -1.46129 -0.173947 10.8097
1033.15 113.467 -1.40663 -0.151627 10.8676
1036.14 83.6076 -1.3992 -0.191951 10.8846
1170.51 212.005 -1.43814 0.175551 11.3545
791.286 477.758 -1.20867 0.527161 9.59124
955.515 364.29 -1.42617 0.261619 10.5214
988.361 149.299 -1.3892 -0.157189 10.6552
898.781 400.122 -1.35332 0.323562 10.3129
904.753 367.276 -1.38679 0.21846 10.1665
961.487 104.509 -1.34333 -0.284731 10.5667
779.342 615.113 -1.17351 0.850474 10.3027
904.753 89.5795 -1.27874 -0.460573 10.2234
853.992 558.379 -1.34252 0.702995 10.1409
821.146 561.365 -1.28934 0.737428 9.94445
824.132 516.575 -1.28661 0.612689 9.85439
848.02 170.201 -1.19827 -0.336013 9.93193
839.062 131.383 -1.14956 -0.456618 9.92379
806.216 149.299 -1.08839 -0.539104 9.50424
800.244 412.066 -1.1714 0.36599 10.0406
812.188 376.234 -1.20916 0.259746 9.85134
758.44 588.239 -1.18011 0.872945 9.55137
743.51 576.295 -1.13617 0.878264 9.25648
731.566 426.996 -1.0125 0.337396 8.48332
644.973 483.729 -0.565226 0.673365 6.30703
710.664 465.814 -0.958398 0.506362 7.54687
400.122 412.066 1.64974 0.492801 5.07516
346.374 421.024 1.01516 0.609137 7.63818
624.071 346.374 -0.213858 -0.22959 6.06281
600.183 286.655 0.565173 -1.3098 2.47109
400.122 223.949 1.50439 -0.795486 6.2509
734.552 328.458 -0.966621 0.0683139 9.40588
791.286 331.444 -1.14694 0.0681434 9.56324
848.02 298.598 -1.27319 -0.0235037 9.72329
836.076 206.033 -1.18536 -0.236799 9.90999
609.141 418.038 0.0774108 0.156544 3.64034
576.295 435.954 0.401868 0.429672 3.15387
1021.21 486.715 -1.46721 0.499649 10.8602
904.753 265.753 -1.42712 -0.141183 9.76105
62.7057 630.043 0.438488 1.17481 10.393
92.5655 519.561 0.617446 0.967994 10.1213
444.912 59.7197 0.621277 -1.14741 8.39176
636.015 89.5795 -0.273991 -1.27852 8.07308
494.479 250.823 1.82149 -1.44399 2.69983
537.477 243.656 1.29701 -1.60381 2.73312
501.645 240.073 1.68073 -1.53236 2.93635
834.881 128.995 -1.15655 -0.437252 9.96819
845.631 68.0805 -1.18234 -0.777909 9.70156
888.629 558.976 -1.39157 0.677222 10.3249
870.713 544.644 -1.36232 0.655514 10.1844
881.463 501.645 -1.36275 0.556392 10.3099
1092.87 261.572 -1.5174 0.127852 10.9338
1153.78 164.826 -1.51251 0.0198472 11.1081
1049.87 419.232 -1.48017 0.380619 10.9364
85.9964 472.98 0.505121 0.827768 10.3513
254.406 634.223 0.821927 1.55896 8.57673
777.55 616.307 -1.19587 0.870725 10.1204
727.386 591.225 -1.08574 0.905649 9.52554
842.048 494.479 -1.28458 0.554439 10.2191
999.708 197.075 -1.39606 -0.0183507 10.7874
1089.29 197.075 -1.55209 -0.0238797 10.8119
1128.7 139.744 -1.50028 -0.0376239 11.0656
1096.45 143.327 -1.5023 -0.0982165 10.9185
168.41 93.1627 0.431173 -0.0705373 10.5081
139.744 71.6636 0.434827 -0.0707862 10.5999
541.06 308.154 0.881502 -0.768173 3.99784
648.556 257.989 -0.267574 -0.952892 5.7818
709.47 211.408 -0.752888 -0.718674 8.08383
985.375 419.232 -1.44668 0.374447 10.6897
949.543 419.232 -1.41872 0.36084 10.5785
949.543 644.973 -1.46185 0.788655 10.6446
1003.29 598.391 -1.5095 0.691967 10.7336
1031.96 111.079 -1.40237 -0.146257 10.8749
1028.37 85.9964 -1.39102 -0.188051 10.8732
713.053 179.159 -0.759187 -0.834172 8.1775
730.969 161.243 -0.757344 -1.45745 6.88472
1064.2 257.989 -1.51275 0.0855813 10.811
1028.37 250.823 -1.44464 0.0912471 10.8226
1046.29 225.74 -1.47526 0.034309 10.8268
1021.21 193.492 -1.41523 -0.0179309 10.8186
1064.2 171.993 -1.49301 -0.0721043 10.8192
394.15 451.481 1.46765 0.83525 5.54477
598.391 286.655 0.477214 -1.22378 3.08826
741.719 476.563 -1.09249 0.540115 8.92719
813.382 376.234 -1.22537 0.216484 9.64038
899.379 401.316 -1.35463 0.31976 10.3172
870.713 369.068 -1.31583 0.226467 10.1326
709.47 465.814 -0.976406 0.508982 8.5133
852.797 283.071 -1.27898 -0.0654455 9.77101
852.797 558.976 -1.33561 0.703844 10.1482
856.38 530.311 -1.35054 0.627224 10.0884
849.214 168.41 -1.19821 -0.314583 10.0041
802.633 150.494 -1.08633 -0.434875 9.78425
609.141 444.315 -0.123736 0.455551 4.91481
730.969 426.399 -1.02187 0.34496 8.6009
741.719 365.485 -1.00617 0.167502 9.25683
849.214 297.404 -1.27183 -0.00890523 9.81543
795.466 318.903 -1.14381 -0.0117587 9.49112
960.293 358.318 -1.46395 0.227633 10.4091
609.141 419.232 0.0468435 0.164689 3.82584
573.309 404.9 0.855166 -0.0676772 0.826648
770.384 250.823 -1.04051 -0.1573 9.68597
1017.62 487.313 -1.46931 0.488232 10.8426
956.709 472.98 -1.42956 0.479493 10.6139
1168.12 462.23 -1.47351 0.45916 11.3428
1121.54 505.229 -1.53152 0.508984 11.0992
1053.46 623.474 -1.55069 0.703219 10.8763
931.627 519.561 -1.41353 0.563184 10.5435
1207.53 523.145 -1.57208 0.516231 11.2557
960.293 103.912 -1.34398 -0.283889 10.5843
885.046 175.576 -1.25983 -0.211624 10.2645
902.962 265.155 -1.42423 -0.134835 9.76152
619.89 526.728 -0.432536 1.03281 5.78781
268.739 580.475 0.864435 1.34933 8.4831
726.669 468.68 -1.01425 0.530807 9.70748
1040.56 356.885 -1.49528 0.262971 10.8083
503.079 240.79 1.7784 -1.59193 2.61048
567.576 180.592 0.778124 -1.87779 4.31588
782.567 614.874 -1.24283 0.929394 9.63854
726.669 589.075 -1.07307 0.886723 9.74353
847.064 447.181 -1.30846 0.433324 9.99345
877.163 464.38 -1.3542 0.479243 10.245
1053.46 417.082 -1.47984 0.383768 10.9355
1169.55 210.691 -1.43991 0.176392 11.3527
1191.05 159.093 -1.44123 0.122767 11.3627
619.174 300.987 -0.0385926 -0.70343 5.25849
855.664 554.677 -1.33486 0.701893 10.1513
799.766 511.678 -1.24544 0.621381 9.60096
898.662 399.883 -1.35645 0.32136 10.3242
902.962 365.485 -1.38234 0.21741 10.1647
976.059 593.375 -1.48318 0.692288 10.6447
950.26 580.475 -1.44547 0.679201 10.5926
1096.45 206.391 -1.50588 0.0253214 10.955
1117.95 154.793 -1.4958 -0.0257353 11.0205
567.576 472.98 4.28449 1.14586 -20.5891
782.567 550.377 -1.22524 0.745547 9.51812
1031.96 85.9964 -1.39134 -0.189523 10.8799
257.989 94.596 1.0874 -0.622186 9.11123
374.084 395.583 1.59974 0.40166 5.67447
709.47 464.38 -0.961252 0.552932 10.706
318.187 365.485 2.97196 0.132453 3.93524
679.371 404.183 -0.74794 0.197643 7.08821
739.569 365.485 -1.00177 0.258855 9.93683
898.662 128.995 -1.26165 -0.30522 10.3507
1036.26 159.093 -1.43911 -0.0902784 10.8209
1031.96 141.894 -1.43199 -0.131665 10.7761
606.274 417.082 -0.115145 0.221039 5.10269
576.176 374.084 1.12178 -0.471749 0.421074
769.667 326.786 -1.07403 0.0545206 9.51128
739.569 326.786 -0.972516 0.0460773 9.32209
838.465 206.391 -1.18735 -0.236606 9.9163
821.265 197.792 -1.12839 -0.162924 10.245
877.163 322.486 -1.38693 -0.0143684 9.63253
799.766 266.589 -1.1277 -0.140026 9.50299
804.066 223.591 -1.11054 -0.256334 9.62431
692.271 343.985 -0.794948 -0.0313335 8.14905
700.87 288.088 -0.808329 -0.160505 8.89911
421.382 270.889 1.94857 -0.790364 4.49229
391.283 253.689 1.6125 -0.595113 6.00453
391.283 494.479 1.71025 1.19816 4.69597
391.283 455.781 1.87425 0.856098 4.28424
1019.06 481.58 -1.46613 0.493945 10.8488
1122.25 503.079 -1.52999 0.507961 11.1008
1006.16 601.975 -1.51748 0.68329 10.737
1195.35 541.777 -1.57065 0.541552 11.2173
902.962 610.574 -1.39879 0.765884 10.4367
791.167 614.874 -1.19571 0.844014 10.3896
1031.96 249.389 -1.44893 0.0919169 10.8235
976.059 279.488 -1.39193 0.125042 10.7018
709.47 206.391 -0.764356 -0.649442 8.35345
640.673 90.2962 -0.296735 -1.25871 8.14975
885.763 176.293 -1.26141 -0.218145 10.2706
902.962 262.289 -1.42681 -0.149323 9.76056
623.474 524.578 -0.482813 1.01958 6.06227
141.894 589.075 0.620551 1.18374 9.81819
90.2962 520.278 0.619933 0.96705 10.1218
490.179 249.389 1.45695 -1.18552 4.10344
150.494 159.093 0.655597 0.00703777 10.1718
124.695 81.6965 0.418861 -0.0300856 10.6659
124.695 214.991 0.517718 0.215459 10.4371
779.127 536.617 -1.21024 0.694568 9.68536
799.766 515.978 -1.25104 0.623192 9.583
897.802 402.463 -1.35746 0.314397 10.3002
872.003 371.504 -1.22408 0.316953 10.7337
1155.79 257.989 -1.50188 0.177834 11.1727
846.204 495.339 -1.29968 0.550067 10.1121
902.962 118.675 -1.26095 -0.299815 10.4179
980.359 330.226 -1.3924 0.228499 10.7864
970.039 319.906 -1.35964 0.227307 10.8819
923.601 314.747 -1.4815 -0.0332416 9.76694
928.761 619.174 -1.45517 0.771161 10.4369
970.039 598.535 -1.48843 0.695418 10.6305
1031.96 103.196 -1.40543 -0.165741 10.8632
371.504 335.386 2.83608 -0.322682 2.96825
407.623 294.108 2.08731 -0.580178 4.27025
392.143 257.989 1.48212 -0.530894 6.34959
381.824 227.03 2.03582 -1.05933 5.18794
371.504 397.303 1.59488 0.421213 5.71353
835.885 402.463 -1.27466 0.29505 9.97341
794.606 407.623 -1.19624 0.308715 9.73551
815.246 381.824 -1.23296 0.205847 9.587
1021.64 196.072 -1.41831 -0.0249093 10.8199
1026.8 170.273 -1.42499 -0.0603852 10.8258
1021.64 175.433 -1.38227 0.00808049 10.9634
1031.96 252.829 -1.44829 0.0831764 10.8026
1052.6 423.102 -1.48153 0.381034 10.9368
815.246 242.51 -1.13803 -0.0690769 10.1715
330.226 417.942 1.98703 0.647666 5.80945
1016.48 485.02 -1.46614 0.494024 10.8574
1140.31 443.741 -1.52934 0.427843 11.1352
1006.16 598.535 -1.50258 0.692938 10.7603
872.003 464.38 -1.34899 0.478078 10.2289
768.807 614.014 -1.24462 0.938433 9.55908
980.359 159.953 -1.38834 -0.158773 10.65
959.719 98.0359 -1.34096 -0.28066 10.6067
1166.11 211.551 -1.42823 0.173712 11.3538
1129.99 139.314 -1.49978 -0.0329992 11.0636
980.359 273.468 -1.39205 0.106503 10.7348
1093.87 263.149 -1.39291 0.222628 11.2893
686.251 98.0359 -0.506395 -1.35995 7.78989
882.323 175.433 -1.25812 -0.239441 10.2051
572.736 438.581 0.695077 0.388797 1.43952
392.143 500.499 2.04345 1.25335 3.62743
273.468 619.174 0.766301 1.48927 8.5886
531.458 170.273 0.996598 -1.79217 4.90384
624.334 98.0359 -0.188561 -1.28011 8.05192
299.267 139.314 2.38978 -1.31729 6.26599
273.468 103.196 2.21346 -1.26872 6.93562
990.678 148.602 -1.39063 -0.147778 10.6571
1021.64 117.643 -1.32565 -0.00964439 11.1514
297.203 359.121 0.830009 0.395495 8.76466
390.08 458.189 2.20201 0.936212 3.30537
414.846 445.805 0.834152 0.667932 7.07809
953.528 421.038 -1.42332 0.38117 10.5989
798.734 402.463 -1.21533 0.275286 9.27678
817.31 377.696 -1.23639 0.196902 9.40415
984.486 476.764 -1.45129 0.469324 10.6807
1021.64 433.422 -1.47056 0.42022 10.8909
996.87 433.422 -1.46152 0.399462 10.7013
984.486 266.245 -1.37239 0.142652 10.8575
1034.02 247.67 -1.45108 0.0709861 10.8155
408.655 297.203 1.9509 -0.526425 4.67308
377.696 297.203 1.26843 -0.169271 7.02256
650.133 328.162 -0.437749 -0.325053 6.65903
761.584 383.888 -1.08512 0.18993 8.92922
712.05 204.327 -0.812003 -0.530721 8.86256
897.802 396.271 -1.35917 0.307422 10.2873
842.076 396.271 -1.2792 0.305615 9.97287
873.035 371.504 -1.31196 0.23958 10.1596
953.528 464.38 -1.41814 0.47742 10.6639
990.678 414.846 -1.45501 0.373516 10.7026
1139.28 445.805 -1.53044 0.423079 11.1385
1077.36 588.215 -1.58734 0.645804 10.8619
873.035 458.189 -1.35249 0.471396 10.2435
1095.94 204.327 -1.54656 -0.0263924 10.8144
984.486 321.97 -1.39853 0.21647 10.7939
1095.94 260.053 -1.55213 0.083892 10.8084
798.734 160.985 -1.08279 -0.56769 9.35857
786.351 334.354 -1.14509 0.121529 9.65391
903.994 266.245 -1.42049 -0.137142 9.76086
390.08 495.339 1.71036 1.21238 4.7352
179.56 408.655 0.766731 0.662502 9.61259
359.121 451.997 1.57447 0.808933 5.89976
309.587 582.023 1.78961 1.84685 5.74763
247.67 495.339 0.658493 0.962498 9.26528
470.572 185.752 1.15205 -1.23634 5.96929
532.49 167.177 1.00004 -1.82138 4.75538
396.271 260.053 2.00176 -0.744528 4.95973
526.298 303.395 1.21676 -0.87134 2.91079
532.49 247.67 1.24382 -1.57675 2.77825
728.148 416.085 -1.01224 0.293722 8.43489
817.31 245.193 -1.18715 -0.17318 9.84316
884.18 170.892 -1.25843 -0.240213 10.2199
847.03 178.322 -1.19759 -0.325159 9.99384
988.202 148.602 -1.38602 -0.134539 10.7137
832.17 222.903 -1.186 -0.234572 9.91465
772.729 237.763 -1.06616 -0.245396 9.4423
809.879 193.182 -1.12033 -0.398133 9.42327
899.04 401.225 -1.36267 0.315351 10.3366
921.331 371.504 -1.38352 0.265441 10.438
1010.49 475.526 -1.46437 0.480217 10.8418
988.202 416.085 -1.43365 0.39649 10.8422
1114.51 497.816 -1.53222 0.498087 11.0882
787.589 460.665 -1.21217 0.47257 9.58709
876.75 408.655 -1.38377 0.296094 10.0228
795.019 512.676 -1.2636 0.638461 9.39121
1092.22 200.612 -1.54192 -0.0236465 10.8142
980.771 267.483 -1.39483 0.122741 10.77
1129.37 289.773 -1.41182 0.262836 11.3314
1032.78 245.193 -1.45079 0.0675373 10.8147
795.019 163.462 -1.06835 -0.502461 9.51912
668.708 267.483 -0.524597 -0.605553 7.02417
847.03 297.203 -1.27499 -0.0669805 9.80817
386.365 460.665 1.81584 0.864655 4.52336
534.966 416.085 -0.709117 0.539364 11.2438
393.795 497.816 1.62606 1.20354 5.02706
527.536 163.462 1.04636 -1.84646 4.84481
393.795 267.483 1.34133 -0.452183 6.71406
520.106 304.634 1.08336 -0.77838 3.86793
527.536 252.623 1.49436 -1.65178 2.33101
148.602 163.462 0.728114 -0.00144983 10.0902
364.074 208.042 10.8053 -5.79326 -14.3142
371.504 297.203 1.33154 -0.172571 6.93039
757.869 472.554 -1.15812 0.524705 9.40535
722.204 490.386 -0.998737 0.601666 9.62313
882.694 169.406 -1.25045 -0.24693 10.1858
998.604 445.805 -1.45635 0.419172 10.7054
900.527 401.225 -1.35872 0.322045 10.3017
998.604 534.966 -1.34758 0.551769 11.2004
936.191 517.134 -1.4161 0.564943 10.5493
1043.18 526.05 -1.49162 0.562222 10.8887
1016.44 472.554 -1.45818 0.479034 10.8397
731.121 419.057 -1.02712 0.32355 9.03343
659.792 383.392 -0.675441 0.181173 8.08096
864.862 454.721 -1.32766 0.460997 10.2278
873.778 374.476 -1.32465 0.263163 10.2299
784.617 401.225 -1.19157 0.245214 8.96847
641.96 543.882 -0.521142 1.08902 5.71088
802.449 517.134 -1.253 0.637694 9.71385
989.688 169.406 -1.38271 -0.0792345 10.703
1087.76 249.651 -1.54913 0.0620126 10.8071
989.688 312.064 -1.41092 0.181735 10.7759
891.61 320.98 -1.30931 0.158143 10.4309
909.443 267.483 -1.43476 -0.116452 9.76772
686.54 240.735 -0.882858 0.273816 11.3541
820.282 249.651 -1.20045 -0.249586 9.38563
793.533 169.406 -1.07065 -0.469008 9.49976
748.953 320.98 -0.966725 0.0686952 9.41146
668.708 338.812 -0.613677 -0.21946 6.9159
873.778 303.148 -1.33887 -0.0144277 9.7713
392.309 499.302 1.83404 1.24078 4.26926
561.715 490.386 -0.0394973 0.840203 7.15645
356.644 445.805 4.0928 1.0515 -0.702331
294.231 410.141 1.67989 0.672001 6.93883
383.392 472.554 2.05261 0.949423 3.77565
285.315 472.554 0.475869 0.840353 9.47079
499.302 196.154 1.25208 -1.50464 5.0358
606.295 222.903 0.131619 -1.57597 4.72792
552.798 205.07 -0.73334 0.293118 11.4432
401.225 338.812 1.27669 0.0292354 6.49057
490.386 276.399 3.57686 -1.9687 -3.48925
392.309 267.483 2.19666 -0.969227 4.23655
534.966 258.567 0.661535 -0.916311 5.82899
