242 174 6.2567 -0.275348 14.1538
707 417 8.09444 0.632727 15.5511
860 266 8.3621 0.0882321 13.4079
854 529 8.35915 0.842901 13.4044
118 378 6.27339 0.46961 13.3865
133 313 6.28376 0.279965 13.4242
880 262 8.40712 0.0830406 13.3566
942 295 8.43601 0.212399 12.9165
995 229 8.47825 0.0897903 12.7161
960 89 8.48559 -0.291591 12.9733
387 435 5.29681 1.09654 19.6315
477 254 5.55865 -1.11533 22.6173
58 649 6.22026 1.19018 13.2458
1187 499 8.48014 0.563126 12.049
1032 426 8.50504 0.493785 12.5862
907.2 331.2 8.42962 0.284151 13.1719
879.6 320.4 8.38287 0.256825 13.2593
1058.4 124.8 8.50713 -0.0720775 12.505
274.8 477.6 6.03997 0.958077 15.0875
698.4 498 8.04369 1.01858 15.2965
861.6 308.4 8.37945 0.208081 13.4591
684 477.6 7.98221 0.945494 15.477
708 465.6 8.08604 0.862566 15.2382
837.6 592.8 8.31056 1.02224 13.3724
1054.8 297.6 8.55595 0.245442 12.6163
63.6 27.6 6.66337 -0.183874 12.4884
1024.8 310.8 8.54281 0.261996 12.7302
991.2 282 8.47417 0.199469 12.7247
262.8 286.8 6.31585 0.124967 14.2189
780 181.2 8.27715 -0.360759 14.363
822 264 8.3062 0.0529816 13.6487
795.6 243.6 8.29461 -0.0721001 14.0674
880.8 261.6 8.40794 0.0816606 13.3576
824.4 490.8 8.33101 0.767012 13.6817
921.6 412.8 8.41884 0.490549 13.0136
922.8 302.4 8.41882 0.22296 13.0005
165.6 302.4 6.25904 0.232527 13.6505
270 402 6.09448 0.592355 14.8638
819.6 348 8.30794 0.319117 13.6905
276 267.6 6.29953 0.0346624 14.3864
339.6 442.8 5.97566 0.874084 16.17
716.4 355.2 8.04749 0.335107 14.401
808.8 297.6 8.25936 0.167062 13.5945
856.8 326.4 8.36736 0.262028 13.4441
848.4 321.6 8.34752 0.247104 13.4718
858 541.2 8.38014 0.877162 13.4097
730.8 216 8.16982 -0.388402 15.3376
864 400.8 8.35335 0.47788 13.3046
166.8 224.4 6.29942 0.00688729 13.551
142.8 222 6.24691 0.00818378 13.5315
170.4 189.6 6.31134 -0.104356 13.5586
307.2 277.2 6.19134 0.00560408 15.0107
367.2 223.2 5.89376 -0.546211 16.8125
672 529.2 7.93474 1.2887 15.9346
960 88.8 8.48155 -0.285502 12.9674
1000.8 115.2 8.48224 -0.147065 12.7103
1053.6 218.4 8.50576 0.106788 12.5208
776.4 324 8.24971 0.21085 14.2121
946.8 172.8 8.43937 -0.0738254 12.9167
926.4 174 8.42892 -0.0939351 13.0333
199.2 22.8 6.33673 -0.639622 13.6295
831.6 588 8.30522 1.01617 13.4292
810 573.6 8.27967 1.01532 13.6234
739.2 240 8.14739 -0.1651 14.6532
795.6 214.8 8.28796 -0.179009 14.1121
948 94.8 8.4626 -0.280658 12.995
838.8 190.8 8.33424 -0.163806 13.5745
656.4 368.4 7.84545 0.382156 16.4417
214.8 325.2 6.22019 0.285801 14.0474
139.2 186 6.22507 -0.104238 13.5339
506.4 217.2 5.83592 -1.7077 23.2223
468 220.8 5.82326 -1.2087 20.6092
508.8 61.2 6.76708 -1.75752 17.109
507.6 148.8 6.0907 -2.21258 21.5587
99.6 578.4 6.22062 1.04736 13.4267
214.8 385.2 6.2724 0.499991 13.9438
133.2 402 6.31445 0.535996 13.3917
98.4 462 6.22337 0.713115 13.3819
438 643.2 7.05056 1.40496 14.0792
864 117.6 8.39052 -0.37184 13.5021
799.2 120 8.3248 -0.574307 14.2631
744 26.4 8.13094 -1.04648 14.5456
1092 218.4 8.58678 0.0972559 12.5299
1183.2 64.8 8.54928 -0.0780723 12.1907
1226.4 74.4 8.56389 -0.037215 12.1199
1165.2 168 8.53382 0.0755573 12.216
1021.2 28.8 8.55653 -0.366143 12.7989
1064.4 180 8.49717 0.0422909 12.4511
850.8 504 8.35501 0.77024 13.4245
768 416.4 8.2123 0.559335 14.0797
780 529.2 8.20638 0.906972 13.7239
1149.6 573.6 8.50261 0.692288 12.1818
1053.6 685.2 8.45139 0.918737 12.3647
1126.8 392.4 8.69252 0.427964 12.5953
730.08 336.96 8.10512 0.250033 14.5293
822.24 92.16 8.34361 -0.576499 13.9297
908.64 133.92 8.44002 -0.25156 13.2429
885.6 148.32 8.404 -0.229783 13.3243
902.88 108 8.43272 -0.321604 13.2687
331.2 178.56 6.03395 -0.60155 15.7094
659.52 272.16 7.86348 -0.307919 17.1499
681.12 240.48 7.95642 -0.334585 15.8023
815.04 269.28 8.29783 0.0566561 13.7747
731.52 509.76 8.10838 0.920363 14.2362
973.44 298.08 8.45871 0.23153 12.7938
972 27.36 8.5153 -0.441652 12.9738
1009.44 288 8.51042 0.214592 12.731
1000.8 293.76 8.47281 0.232515 12.6718
1049.76 198.72 8.48155 0.0737498 12.48
810.72 573.12 8.27967 1.01532 13.6234
819.36 348.48 8.29553 0.320354 13.6071
666.72 414.72 7.89791 0.63167 15.5292
787.68 302.4 8.2637 0.148369 14.0518
764.64 666.72 8.16767 1.34197 13.7197
823.68 491.04 8.33101 0.767012 13.6817
862.56 400.32 8.35444 0.473584 13.3045
947.52 171.36 8.4373 -0.0707736 12.915
927.36 159.84 8.42559 -0.127572 13.0124
684 476.64 7.98027 0.959044 15.5156
997.92 204.48 8.48101 0.039273 12.7184
374.4 368.64 5.75712 0.437212 17.5436
655.2 485.28 7.84719 1.01653 15.6477
776.16 139.68 8.26781 -0.541426 14.4465
832.32 227.52 8.33144 -0.0598992 13.6469
806.4 208.8 8.29556 -0.163933 13.9003
846.72 227.52 8.36823 -0.056379 13.6321
941.76 67.68 8.45125 -0.346381 12.9892
923.04 76.32 8.44926 -0.372536 13.1262
367.2 223.2 5.85153 -0.568679 16.9671
345.6 231.84 5.96815 -0.385362 16.1768
623.52 260.64 7.55724 -0.647063 19.2482
786.24 358.56 8.25336 0.345616 13.9702
756 348.48 8.20351 0.305977 14.4406
787.68 321.12 8.27201 0.207121 14.11
758.88 325.44 8.20752 0.215571 14.3489
345.6 469.44 5.54864 1.21602 17.6168
361.44 447.84 5.67282 1.02308 17.5932
385.92 421.92 5.50024 0.913466 18.8383
838.08 646.56 8.29185 1.12527 13.2555
849.6 630.72 8.32331 1.09095 13.2684
856.8 326.88 8.36661 0.262819 13.4441
701.28 385.92 8.06086 0.469761 15.5126
751.68 198.72 8.19916 -0.352288 14.6578
732.96 259.2 8.11116 -0.0750384 14.6214
738.72 240.48 8.13841 -0.144708 14.4912
626.4 285.12 7.60493 -0.360519 18.7292
671.04 383.04 7.92938 0.469089 16.1847
756 542.88 8.18809 1.02745 14.1891
649.44 277.92 7.79794 -0.295621 17.3626
249.12 244.8 6.21616 -0.0440781 14.338
328.32 322.56 6.08997 0.196514 15.5893
288 296.64 6.17432 0.116572 14.8016
50.4 210.24 6.64367 0.14648 12.5043
142.56 221.76 6.29487 0.019365 13.4333
84.96 325.44 6.31608 0.330119 13.1524
125.28 312.48 6.29083 0.282201 13.3846
203.04 82.08 6.34538 -0.461792 13.6556
239.04 172.8 6.36998 -0.226322 13.8613
279.36 116.64 6.23266 -0.5985 14.5004
110.88 113.76 6.45407 -0.169142 12.9933
552.96 270.72 6.51664 -0.972712 23.1087
584.64 195.84 7.23735 -1.06205 18.2744
466.56 220.32 5.99247 -1.07015 19.7151
614.88 87.84 7.50514 -1.57495 17.1047
506.88 148.32 6.40962 -1.71588 19.4343
465.12 171.36 6.29581 -1.18267 18.0394
423.36 159.84 6.01526 -1.21325 17.812
305.28 580.32 6.18391 1.45371 15.1317
129.6 545.76 6.19896 0.990746 13.6026
220.32 380.16 6.22699 0.482402 14.0823
288 391.68 6.08874 0.547633 15.0845
89.28 371.52 6.25757 0.455145 13.2834
614.88 684 7.68854 1.45611 13.8464
370.08 459.36 5.56351 1.18053 18.126
943.2 217.44 8.41988 0.0447246 12.8601
861.12 308.16 8.38113 0.206613 13.4611
878.4 300.96 8.38349 0.203574 13.281
845.28 66.24 8.38651 -0.625612 13.7901
815.04 142.56 8.31136 -0.376693 13.8372
761.76 40.32 8.22042 -1.02727 14.6475
696.96 141.12 8.11856 -1.28713 17.3093
1205.28 227.52 8.75386 0.129156 12.4532
1137.6 27.36 8.52224 -0.162949 12.2682
1239.84 77.76 8.57022 -0.0257699 12.095
1164.96 165.6 8.52628 0.07923 12.1961
1175.04 119.52 8.54075 0.00378163 12.2012
1069.92 77.76 8.52235 -0.158998 12.5043
1062.72 70.56 8.49025 -0.155051 12.4509
999.36 131.04 8.48355 -0.113583 12.722
1065.6 118.08 8.50623 -0.0758908 12.4721
933.12 408.96 8.42443 0.475634 12.911
885.6 385.92 8.38264 0.433079 13.1799
722.88 419.04 8.1052 0.603769 14.7105
763.2 483.84 8.21078 0.817343 14.1516
1147.68 573.12 8.50031 0.688419 12.1752
1152 545.76 8.51052 0.651849 12.1909
1144.8 684 8.48997 0.849308 12.1604
1120.32 685.44 8.47929 0.871276 12.2139
1025.28 577.44 8.42996 0.756581 12.4267
1032.48 564.48 8.45093 0.738364 12.4506
1035.36 630.72 8.45407 0.855139 12.4527
1205.28 476.64 8.50343 0.533054 12.0538
960.48 417.6 8.4625 0.492757 12.8683
1033.92 424.8 8.50531 0.49312 12.5835
1071.36 446.4 8.47402 0.518884 12.3634
924.48 101.952 8.44784 -0.30725 13.1106
929.664 86.4 8.46396 -0.342896 13.1365
203.904 81.216 6.34522 -0.468078 13.6573
787.968 535.68 8.26546 0.951433 13.9326
165.888 222.912 6.30176 0.00549576 13.5509
143.424 222.912 6.3055 0.0183665 13.4129
162.432 205.632 6.28632 -0.0415723 13.5498
366.336 222.912 5.80143 -0.586834 17.0949
340.416 195.264 6.0234 -0.55467 15.8963
409.536 271.296 5.40247 -0.560169 19.8535
653.184 483.84 7.84266 1.01723 15.683
651.456 457.92 7.82406 0.951009 16.6737
831.168 191.808 8.30364 -0.146688 13.5136
832.896 228.096 8.33178 -0.0627187 13.6491
879.552 623.808 8.35205 1.02153 13.1051
907.2 330.048 8.42302 0.283068 13.1312
872.64 336.96 8.38717 0.293391 13.3471
851.904 366.336 8.31794 0.379168 13.277
839.808 364.608 8.29562 0.378374 13.3256
388.8 407.808 5.10904 0.869286 20.3577
635.904 352.512 7.73876 0.246665 17.3473
613.44 342.144 7.51774 0.154691 18.2276
623.808 321.408 7.60383 -0.0167937 18.1795
616.896 404.352 7.57749 0.668605 18.0804
675.648 551.232 7.95397 1.31448 15.4828
796.608 214.272 8.26893 -0.151881 13.9467
369.792 459.648 5.24154 1.28516 19.3092
345.6 397.44 5.829 0.623777 16.7012
625.536 286.848 7.59928 -0.356331 18.6281
352.512 345.6 5.84318 0.285967 16.7661
378.432 283.392 5.60312 -0.263542 18.1984
597.888 361.152 7.36786 0.315087 18.6094
673.92 295.488 7.93804 -0.0811599 16.4114
756.864 349.056 8.20191 0.299126 14.3326
608.256 478.656 7.50543 1.30263 18.3834
635.904 449.28 7.74846 0.913171 16.7847
615.168 463.104 7.56058 1.17251 18.3156
630.72 523.584 7.71659 1.44329 16.989
416.448 307.584 5.51198 -0.177095 19.7274
618.624 395.712 7.58328 0.591684 18.37
200.448 274.752 6.35654 0.14558 13.6538
281.664 228.096 6.09867 -0.212899 14.9157
300.672 311.04 6.2218 0.172265 14.8215
82.944 276.48 6.30724 0.205386 13.1607
145.152 254.016 6.4074 0.134096 13.2501
32.832 330.048 6.32801 0.358463 12.9356
32.832 311.04 6.3174 0.315864 12.9571
152.064 324.864 6.2577 0.317866 13.5786
164.16 302.4 6.26072 0.235278 13.6307
126.144 314.496 6.29218 0.291997 13.3828
254.016 98.496 6.28737 -0.567344 14.1435
292.032 81.216 6.27313 -0.751372 14.5078
238.464 172.8 6.30408 -0.254162 14.0235
330.048 177.984 6.04174 -0.59814 15.6752
278.208 115.776 6.16648 -0.646561 14.6797
134.784 43.2 6.40263 -0.402459 13.1701
571.968 273.024 6.66507 -1.08852 24.4957
585.792 195.264 7.2449 -1.04466 18.1405
347.328 286.848 5.84049 -0.0903849 16.6086
615.168 88.128 7.5042 -1.59284 17.1227
508.032 112.32 6.60242 -1.71417 18.1989
336.96 160.704 6.11502 -0.667366 15.5649
464.832 171.072 6.33408 -1.1468 17.8157
440.64 162.432 6.11401 -1.23759 17.9916
190.08 601.344 6.1243 1.28746 14.1229
255.744 552.96 5.98737 1.30553 15.0265
279.936 606.528 6.29405 1.42063 14.532
32.832 589.248 6.26919 0.991029 13.0658
108.864 603.072 6.22149 1.13412 13.4648
129.6 546.048 6.19816 0.990769 13.6026
88.128 675.648 6.25007 1.29317 13.329
221.184 380.16 6.1719 0.482913 14.2178
240.192 483.84 6.11818 0.917262 14.5376
131.328 400.896 6.35556 0.530972 13.2938
613.44 682.56 7.68073 1.56108 14.1927
400.896 552.96 6.36908 1.51534 16.1672
910.656 238.464 8.46756 0.0257778 13.2849
881.28 260.928 8.40798 0.082818 13.3409
943.488 217.728 8.42967 0.0442468 12.9082
889.92 200.448 8.44274 -0.104862 13.4158
908.928 323.136 8.43686 0.265818 13.1778
879.552 302.4 8.38552 0.203522 13.281
680.832 203.904 7.98103 -0.702935 16.6172
781.056 269.568 8.26441 0.00988417 14.2107
715.392 357.696 8.05353 0.342182 14.5944
822.528 93.312 8.34076 -0.539366 13.8497
941.76 67.392 8.45304 -0.348763 12.9973
815.616 143.424 8.30074 -0.362202 13.7637
789.696 169.344 8.30477 -0.40319 14.3443
744.768 150.336 8.22974 -0.679881 15.1447
1233.79 231.552 8.76386 0.138255 12.387
986.688 274.752 8.45446 0.189951 12.7107
1050.62 196.992 8.48502 0.0730048 12.4792
950.4 312.768 8.4389 0.257001 12.8742
1028.16 357.696 8.43592 0.367439 12.4524
1238.98 77.76 8.57051 -0.0253019 12.0948
1181.95 65.664 8.54858 -0.0773274 12.1907
1168.13 164.16 8.52954 0.0771976 12.1948
946.944 93.312 8.45639 -0.273274 12.9854
1069.63 77.76 8.52286 -0.158504 12.5043
1047.17 103.68 8.50595 -0.121523 12.5544
948.672 171.072 8.4283 -0.0673719 12.8657
969.408 129.6 8.4527 -0.144701 12.8116
1066.18 117.504 8.5146 -0.0861701 12.4964
841.536 566.784 8.27215 0.895785 13.147
881.28 587.52 8.33439 0.910337 12.9904
940.032 533.952 8.40202 0.741775 12.8061
917.568 609.984 8.37612 0.927412 12.8662
703.296 577.152 8.05636 1.33267 14.9775
663.552 599.616 7.891 1.62602 15.6888
717.12 565.056 8.08964 1.19345 14.5634
730.944 663.552 8.09802 1.45002 14.0752
933.12 409.536 8.42572 0.475405 12.9256
895.104 432 8.37233 0.541857 13.0619
886.464 387.072 8.38264 0.433079 13.1799
824.256 490.752 8.33044 0.767071 13.6832
945.216 470.016 8.40791 0.603399 12.7828
667.008 414.72 7.89266 0.6475 15.9702
701.568 387.072 8.04335 0.46957 15.0704
768.96 414.72 8.23687 0.561944 14.2776
739.584 514.944 8.14731 0.960083 14.3993
1152.58 544.32 8.5094 0.651453 12.1856
1073.09 551.232 8.47337 0.695398 12.361
1052.35 684.288 8.44363 0.912141 12.3416
1035.07 630.72 8.456 0.855416 12.4527
1126.66 392.256 8.69135 0.426634 12.5948
1204.42 476.928 8.50196 0.533835 12.053
1019.52 470.016 8.42204 0.571233 12.4443
1076.54 511.488 8.48314 0.629789 12.3591
823.219 489.37 8.33218 0.767238 13.6817
819.072 348.365 8.32609 0.318556 13.7851
872.986 634.522 8.34719 1.06317 13.1204
1005.7 306.893 8.5016 0.255982 12.7288
622.08 319.334 7.58828 -0.0295614 18.3071
615.859 445.824 7.58105 1.01041 18.0017
680.141 240.538 7.95447 -0.348366 15.941
717.466 226.022 8.12098 -0.346429 15.3343
750.643 199.066 8.20971 -0.377541 14.8007
729.907 215.654 8.15774 -0.35572 15.0938
823.219 201.139 8.3292 -0.176059 13.8092
393.984 319.334 5.79554 0.0436521 17.9273
731.981 259.2 8.11135 -0.0615604 14.4806
308.966 232.243 6.1314 -0.227048 15.1753
346.291 396.058 5.86607 0.623721 16.5737
609.638 410.573 7.5067 0.742913 18.5071
655.258 474.854 7.85542 0.98909 15.8942
205.286 109.901 6.31393 -0.399302 13.7422
607.565 501.811 7.51951 1.47453 18.1085
620.006 393.984 7.60173 0.589811 18.0801
199.066 273.715 6.35654 0.14558 13.6538
226.022 205.286 6.12414 -0.192011 14.3259
82.944 275.789 6.31673 0.206779 13.1316
47.6928 209.434 6.64453 0.146455 12.5043
161.741 205.286 6.3096 -0.0391401 13.5046
153.446 325.555 6.27011 0.311894 13.5649
250.906 39.3984 6.32777 -0.741618 14.0117
221.875 60.1344 6.32586 -0.587936 13.8103
292.378 82.944 6.25459 -0.765062 14.5665
269.568 62.208 6.29979 -0.726453 14.2346
329.702 178.33 6.04269 -0.599876 15.6681
267.494 165.888 6.21412 -0.379018 14.4682
298.598 141.005 6.08573 -0.656016 15.142
149.299 186.624 6.25791 -0.102715 13.5396
136.858 184.55 6.22383 -0.105247 13.5287
582.682 203.213 7.23816 -0.984799 18.2026
636.595 350.438 7.71087 0.245497 18.0009
437.53 213.581 5.55622 -1.21842 20.3655
557.798 76.7232 7.08006 -1.73146 17.4296
340.07 107.827 6.07462 -0.999141 15.7121
340.07 194.918 5.96974 -0.577337 16.0935
464.486 170.035 6.3144 -1.16664 17.8776
439.603 161.741 6.08875 -1.24536 18.0551
188.698 599.271 6.14852 1.27262 14.0605
257.126 551.578 5.93829 1.33013 15.1818
55.9872 649.037 6.22091 1.19064 13.2456
267.494 402.278 6.13375 0.59016 14.7237
286.157 389.837 6.05843 0.548918 15.1754
244.685 499.738 6.04938 1.02064 14.7662
91.2384 371.174 6.25873 0.455255 13.2834
126.49 402.278 6.28259 0.536721 13.4114
487.296 597.197 7.08198 1.44953 14.8701
549.504 605.491 7.35992 1.4816 14.9563
373.248 597.197 6.62094 1.42533 14.7413
400.205 553.651 6.33272 1.55232 16.2977
335.923 655.258 6.62831 1.52286 14.3001
599.271 439.603 7.41418 1.01919 18.8284
340.07 439.603 5.73753 0.927681 16.9117
369.101 458.266 5.60484 1.1481 17.9418
910.311 238.464 8.46873 0.0259931 13.2828
889.575 199.066 8.44804 -0.109555 13.4154
864.691 304.819 8.3635 0.209107 13.3383
908.237 329.702 8.43227 0.282162 13.1722
939.341 284.083 8.42862 0.191148 12.928
879.207 302.746 8.37808 0.20543 13.2445
779.674 269.568 8.26144 0.0125685 14.146
678.067 331.776 7.94723 0.185077 15.7632
756.864 306.893 8.21722 0.131988 14.5388
821.146 91.2384 8.32814 -0.557575 13.8518
841.882 68.4288 8.37799 -0.631547 13.8166
850.176 132.71 8.40523 -0.388543 13.72
926.899 159.667 8.43429 -0.135003 13.0677
877.133 186.624 8.39912 -0.141255 13.3889
885.427 147.226 8.39814 -0.227932 13.289
779.674 114.048 8.26888 -0.650549 14.4764
761.011 39.3984 8.20316 -0.997765 14.544
1136.33 255.053 8.68476 0.162691 12.5559
1190.25 230.17 8.75228 0.123064 12.5028
955.93 250.906 8.44438 0.120329 12.8692
997.402 203.213 8.47536 0.045487 12.6918
1036.8 275.789 8.51156 0.205113 12.6069
1028.51 356.659 8.44065 0.364781 12.4658
1237.94 78.7968 8.56944 -0.0222416 12.0963
1167.44 163.814 8.5329 0.0751078 12.1943
1134.26 116.122 8.5229 -0.0223433 12.2739
1067.9 78.7968 8.52339 -0.157777 12.5031
1061.68 178.33 8.49844 0.039424 12.4591
821.146 553.651 8.28805 0.923476 13.465
939.341 532.915 8.40001 0.740511 12.7906
796.263 609.638 8.25168 1.14257 13.6958
914.458 657.331 8.39738 1.06801 12.9542
881.28 678.067 8.37082 1.17753 13.1465
918.605 607.565 8.37958 0.929274 12.8652
729.907 661.479 8.10636 1.49293 14.2279
796.263 416.794 8.25662 0.534748 13.7366
922.752 410.573 8.42412 0.490648 13.0134
895.795 431.309 8.34076 0.533207 12.9106
939.341 387.763 8.44523 0.431517 12.9586
885.427 387.763 8.38264 0.433079 13.1799
804.557 483.149 8.29836 0.768889 13.8374
941.415 495.59 8.41988 0.673941 12.8405
694.656 402.278 8.02042 0.560798 15.4397
767.232 414.72 8.22691 0.554779 14.2439
698.803 495.59 8.02966 0.957366 14.7908
684.288 476.928 7.99124 0.949807 15.5296
761.011 483.149 8.24208 0.851734 14.5233
738.202 464.486 8.17075 0.785736 14.657
1163.29 576.461 8.50553 0.69088 12.1468
1194.39 555.725 8.5218 0.650607 12.1077
1119.74 678.067 8.48093 0.865778 12.2168
966.298 586.829 8.4719 0.873118 12.8399
1055.46 657.331 8.45541 0.880461 12.3611
1034.73 630.375 8.45806 0.855064 12.4641
1123.89 391.91 8.69174 0.428585 12.5983
1034.73 423.014 8.504 0.493388 12.5739
943.488 468.634 8.4204 0.609099 12.8516
1117.67 452.045 8.49468 0.518253 12.2672
439.603 39.3984 6.71787 -1.21582 15.2534
629.545 517.571 7.68947 1.44049 17.1873
619.592 393.155 7.60331 0.590751 18.2272
470.293 507.617 6.48685 1.50046 17.7163
651.94 194.089 7.799 -1.06102 18.1156
865.935 510.106 8.39097 0.787295 13.4254
1211.81 612.127 8.53481 0.725369 12.0893
1112.28 415.549 8.70367 0.475422 12.6565
1134.67 360.806 8.68762 0.366148 12.563
507.617 111.974 6.5848 -1.7333 18.2597
554.895 64.6963 7.10597 -1.73663 17.0557
507.617 59.7197 6.66361 -1.95903 17.7698
547.43 268.739 6.45242 -0.954929 22.9134
744.008 92.0679 8.31424 -1.2264 15.9434
771.379 67.1846 8.37608 -1.15267 15.3601
1134.67 256.297 8.6805 0.163431 12.5556
1114.77 251.32 8.64057 0.15764 12.5571
619.592 196.577 7.5508 -1.05262 18.2858
373.248 597.197 6.57669 1.46509 14.8758
1214.3 482.734 8.50748 0.542982 12.0391
1189.42 497.664 8.48211 0.562445 12.0485
965.468 587.244 8.47166 0.870406 12.8393
1055.05 654.428 8.45932 0.867961 12.3744
1035.14 629.545 8.45056 0.850786 12.4379
880.865 584.755 8.34439 0.919953 13.0559
935.608 544.942 8.40549 0.775893 12.8402
1219.28 542.454 8.55231 0.624681 12.1
1035.14 423.014 8.50833 0.493408 12.5849
89.5795 370.76 6.26657 0.44884 13.269
47.2781 445.409 6.32821 0.63432 13.015
79.6263 276.204 6.31015 0.207311 13.1485
47.2781 209.019 6.65431 0.156176 12.4731
340.9 196.577 5.97684 -0.563154 16.0653
97.0445 599.685 6.21589 1.10264 13.4274
82.1146 335.923 6.3097 0.358997 13.1544
256.297 549.919 5.51238 1.54293 16.2106
798.751 607.15 8.25007 1.11531 13.5928
962.98 437.944 8.4176 0.532998 12.7328
940.585 388.178 8.44693 0.430599 12.9585
1099.84 296.11 8.60651 0.249285 12.5406
99.5328 84.6029 6.46055 -0.225201 12.9546
72.1613 84.6029 6.46365 -0.188866 12.8459
126.904 400.62 6.39063 0.52858 13.2137
435.456 261.274 5.07996 -0.97393 22.3476
836.076 74.6496 8.49313 -0.803903 14.3703
945.562 92.0679 8.45255 -0.278291 12.9852
1149.6 539.966 8.50264 0.645779 12.1775
918.19 607.15 8.37612 0.927412 12.8662
888.33 619.592 8.36043 0.995803 13.0342
1052.56 296.11 8.54977 0.231257 12.6196
753.961 154.276 8.21424 -0.551602 14.7307
49.7664 194.089 6.64403 0.119428 12.5054
189.112 597.197 6.13876 1.27881 14.0946
368.271 457.851 5.31777 1.24905 18.9873
992.84 146.811 8.48167 -0.0859628 12.7559
967.957 131.881 8.45138 -0.144398 12.8268
221.461 59.7197 6.35833 -0.56496 13.7156
739.031 515.082 8.15162 0.971208 14.4404
933.12 243.855 8.43232 0.095669 12.979
880.865 258.785 8.42919 0.0651656 13.456
248.832 246.344 6.21877 -0.0368196 14.3319
283.669 171.694 6.16617 -0.434742 14.782
298.598 141.834 6.13763 -0.616806 14.9889
848.517 505.129 8.35261 0.772954 13.4169
893.307 405.596 8.40054 0.484799 13.1345
885.842 385.69 8.38952 0.432221 13.209
925.655 161.741 8.42874 -0.130255 13.0424
768.891 413.061 8.20722 0.547981 14.0146
985.375 273.715 8.46339 0.19242 12.7426
997.816 204.042 8.48277 0.0445679 12.7374
1047.58 102.021 8.50105 -0.123475 12.5272
1067.49 79.6263 8.50304 -0.146866 12.4651
1027.68 47.2781 8.56444 -0.322436 12.7847
156.764 323.482 6.26475 0.306387 13.5678
151.788 323.482 6.26437 0.310479 13.5689
793.774 213.996 8.26765 -0.156916 13.9444
301.087 308.552 6.17849 0.169154 14.9608
938.097 283.669 8.4252 0.191961 12.915
679.311 204.042 7.96145 -0.67686 16.657
816.169 144.323 8.32516 -0.40133 13.9522
664.382 413.061 7.88968 0.635745 15.8955
164.229 241.367 6.29806 0.0565853 13.5508
141.834 251.32 6.38292 0.124041 13.2916
390.666 251.32 5.69466 -0.524185 18.1309
597.197 470.293 7.40716 1.31961 18.9608
741.519 358.318 8.169 0.338863 14.4873
746.496 308.552 8.1889 0.137912 14.5986
741.519 243.855 8.16093 -0.155625 14.7308
716.636 226.437 8.12355 -0.347885 15.3885
378.225 281.18 5.71453 -0.243073 17.7332
624.568 286.157 7.58768 -0.352365 18.8017
714.148 358.318 8.05913 0.340989 14.6233
400.122 158.257 5.79189 -1.23072 17.9202
1101.83 295.612 8.60854 0.243541 12.5435
1221.27 543.449 8.548 0.6285 12.0961
474.772 223.949 5.92893 -1.11412 20.3621
441.926 214.991 5.55715 -1.22563 20.4512
794.272 659.903 8.22175 1.28225 13.5547
797.258 609.141 8.24722 1.10038 13.5519
1036.14 424.01 8.50892 0.48922 12.5851
731.566 659.903 8.11178 1.47819 14.2306
743.51 615.113 8.14366 1.28893 14.1211
812.188 418.038 8.35603 0.558954 14.1102
1137.66 113.467 8.52256 -0.0274154 12.271
98.5375 597.197 6.21087 1.10144 13.4387
561.365 650.945 7.43285 1.55342 14.524
910.725 656.917 8.38719 1.05169 12.9665
928.641 606.155 8.33665 0.874899 12.6754
1146.62 570.323 8.50356 0.689031 12.1935
1149.6 540.463 8.50271 0.642521 12.1762
214.991 435.954 6.06419 0.715916 14.4093
197.075 394.15 6.31131 0.512607 13.7728
758.44 543.449 8.18904 1.02209 14.1428
155.271 516.575 6.20262 0.925817 13.7223
277.697 116.453 6.14993 -0.648419 14.7095
301.584 62.7057 6.07944 -1.01878 15.1771
934.613 241.865 8.43148 0.0858181 12.9598
853.992 570.323 8.31886 0.926759 13.2463
931.627 80.6216 8.46703 -0.364668 13.1356
928.641 188.117 8.42815 -0.0599127 13.0288
997.319 406.094 8.52821 0.470686 12.8247
964.473 415.052 8.46607 0.491789 12.8656
991.347 280.683 8.46823 0.198189 12.7361
955.515 250.823 8.44792 0.114948 12.8791
997.319 209.019 8.48412 0.0428187 12.7301
1203.35 122.425 8.55658 0.0202581 12.1491
1173.49 101.523 8.53497 -0.0281029 12.1983
1182.45 68.6776 8.54386 -0.074314 12.2
113.467 77.6356 6.46544 -0.256646 12.982
131.383 185.131 6.2208 -0.108802 13.5299
182.145 134.369 6.36635 -0.265549 13.5041
752.468 197.075 8.20852 -0.369467 14.7767
119.439 182.145 6.18207 -0.11315 13.5235
92.5655 143.327 6.45602 -0.0802484 12.9349
946.557 59.7197 8.47336 -0.378666 13.0418
1030.16 576.295 8.41508 0.747339 12.3694
1063.01 516.575 8.4738 0.647334 12.3979
206.033 110.481 6.31732 -0.392357 13.7238
220.963 62.7057 6.35814 -0.555657 13.7156
209.019 322.486 6.22148 0.280334 13.9721
967.459 170.201 8.46029 -0.0645588 12.8424
337.416 158.257 5.83048 -0.856083 16.3969
1068.98 80.6216 8.51842 -0.152495 12.5058
241.865 501.645 6.04293 1.02457 14.7248
680.805 516.575 7.95982 1.14868 15.5019
1018.22 194.089 8.47707 0.0444172 12.5821
1048.08 134.369 8.50565 -0.0561927 12.541
280.683 229.921 6.10965 -0.196995 14.8668
143.327 107.495 6.41026 -0.257788 13.1986
161.243 65.6917 6.36244 -0.425598 13.3837
346.374 394.15 5.71867 0.623545 17.0999
704.692 244.851 8.03709 -0.197205 14.8616
698.72 206.033 8.03585 -0.437101 15.4181
695.734 403.108 8.02675 0.557149 15.4442
791.286 170.201 8.27033 -0.34674 14.033
400.122 223.949 5.61745 -0.843923 18.6638
226.935 191.103 6.23422 -0.210287 14.0762
612.127 489.701 7.51705 1.40198 18.4241
618.099 447.898 7.59396 0.997919 17.8301
164.229 334.43 6.24402 0.335721 13.679
152.285 289.641 6.29153 0.203322 13.5069
698.72 495.673 8.02699 0.96173 14.8971
701.706 453.87 8.05207 0.810771 15.2303
140.341 250.823 6.4021 0.112537 13.2594
758.44 343.388 8.20499 0.28281 14.3679
737.538 358.318 8.13675 0.350156 14.5649
755.454 307.556 8.18445 0.144069 14.4276
827.118 286.655 8.32528 0.127709 13.6454
752.468 277.697 8.18438 -0.00703126 14.5308
624.071 289.641 7.64894 -0.0667021 15.8868
1194.39 495.673 8.48041 0.560672 12.0443
1036.14 630.043 8.45207 0.851671 12.4344
662.889 597.197 7.88976 1.54061 15.3413
1170.51 161.243 8.5372 0.0670784 12.1986
1092.87 212.005 8.56811 0.102106 12.4944
435.954 641.987 6.89858 1.59326 14.7966
137.355 513.589 6.21346 0.895877 13.6293
346.374 113.467 6.049 -1.00171 15.8159
928.044 118.245 8.45097 -0.251371 13.0986
942.377 573.309 8.41593 0.838946 12.8201
78.83 275.905 6.32238 0.208368 13.1136
1028.37 576.892 8.4119 0.744746 12.3545
1031.96 354.735 8.45021 0.358971 12.4721
1006.87 304.57 8.50489 0.252393 12.7292
1100.04 576.892 8.48641 0.718136 12.2817
218.574 297.404 6.261 0.193373 13.9667
741.719 408.483 8.15978 0.540408 14.5571
892.212 404.9 8.40156 0.478571 13.1786
917.294 386.984 8.41147 0.428076 13.0073
888.629 390.567 8.3943 0.436104 13.212
842.048 361.901 8.31307 0.366271 13.3435
161.243 204.241 6.30986 -0.0448915 13.5071
992.541 143.327 8.48112 -0.0924189 12.7265
938.794 286.655 8.42955 0.18841 12.971
1049.87 132.578 8.50448 -0.064592 12.5406
1064.2 82.4132 8.49119 -0.131967 12.4278
881.463 257.989 8.40962 0.076116 13.3545
963.876 132.578 8.4526 -0.148597 12.8655
1046.29 222.157 8.47207 0.117814 12.4622
225.74 193.492 6.05936 -0.276745 14.5109
240.073 501.645 6.15386 0.980289 14.4083
1053.46 193.492 8.48151 0.0724724 12.48
168.41 103.912 6.38504 -0.314681 13.3798
143.327 107.495 6.38962 -0.259754 13.2487
300.987 336.819 5.96783 0.271553 15.5672
311.737 304.57 6.11624 0.115863 15.2674
300.987 308.154 5.96879 0.114244 15.5401
286.655 390.567 6.07681 0.538452 15.1026
659.305 455.064 7.85971 0.892092 16.0258
834.881 193.492 8.32634 -0.156507 13.6095
791.883 193.492 8.30624 -0.291814 14.31
673.638 551.81 7.94732 1.26629 15.1293
859.964 354.735 8.3379 0.345592 13.2482
906.545 322.486 8.45054 0.281136 13.2582
695.137 404.9 8.06856 0.629827 16.2571
827.715 358.318 8.26273 0.357299 13.2761
139.744 250.823 6.31237 0.104855 13.4122
304.57 229.324 6.2354 -0.180406 14.8502
573.309 433.565 7.07057 1.084 20.4835
591.225 361.901 7.37237 0.314566 18.1205
752.468 275.905 8.18478 -0.00989577 14.5368
741.719 243.656 8.13486 -0.10285 14.2915
1117.95 390.567 8.70496 0.435384 12.6654
1035.54 630.64 8.45845 0.858801 12.448
1153.78 594.808 8.49858 0.719276 12.1501
1150.2 537.477 8.50039 0.63595 12.1763
849.214 505.229 8.36176 0.790583 13.5353
670.055 605.558 7.9299 1.55409 15.3146
920.878 605.558 8.36537 0.905559 12.783
838.464 644.973 8.30723 1.14193 13.3585
1178.87 68.0805 8.53577 -0.0663711 12.1842
1089.29 214.991 8.55499 0.0980701 12.4573
591.225 598.391 7.535 1.5875 15.412
627.057 515.978 7.68494 1.36695 16.7791
93.1627 476.563 6.2067 0.754587 13.3945
136.161 512.395 6.20118 0.892563 13.6472
361.901 193.492 5.26815 -1.10466 18.8373
619.89 197.075 7.53591 -1.05277 18.3009
544.644 268.739 6.48009 -0.944946 22.641
121.828 286.655 6.29503 0.21484 13.3478
997.558 206.391 8.48611 0.0483225 12.7299
279.488 365.485 6.06842 0.43676 15.0451
219.291 378.384 6.57204 0.461459 13.2911
877.163 193.492 8.40338 -0.130332 13.4287
911.561 159.093 8.40108 -0.139886 13.0458
1053.46 193.492 8.48418 0.0641717 12.4965
184.892 137.594 6.33878 -0.2672 13.5698
163.393 202.091 6.29159 -0.0581016 13.5558
171.993 176.293 6.30867 -0.143403 13.5627
154.793 322.486 6.26337 0.310343 13.5689
386.984 361.185 5.57783 0.368775 18.4982
773.967 584.775 8.19849 1.11859 13.8339
864.263 352.585 8.45261 0.33279 13.8235
881.463 300.987 8.37083 0.211615 13.1736
1014.76 111.795 8.49291 -0.142897 12.6548
343.985 326.786 5.97126 0.194646 16.1351
300.987 335.386 5.87734 0.271289 15.7983
300.987 305.287 6.25152 0.156617 14.7555
610.574 494.479 7.54188 1.39409 18.032
761.068 481.58 8.12605 0.74802 13.5505
739.569 464.38 8.19785 0.809568 14.945
825.565 356.885 8.27057 0.35802 13.3547
412.783 253.689 5.8975 -0.505781 17.8789
382.684 339.686 5.77876 0.208926 17.7511
696.57 399.883 8.0438 0.55063 15.4888
705.17 374.084 7.96415 0.422153 13.5969
692.271 322.486 7.97151 0.193778 14.6364
739.569 356.885 8.13883 0.355254 14.5489
752.468 305.287 8.18957 0.133564 14.4902
722.369 300.987 8.05666 0.120776 14.3614
739.569 253.689 8.15833 -0.102125 14.689
305.287 227.89 6.14389 -0.222552 15.0809
146.194 240.79 6.54418 0.126574 12.9898
1195.35 494.479 8.49286 0.560321 12.0672
1135.15 361.185 8.69218 0.366104 12.5711
1031.96 571.876 8.45035 0.743854 12.4198
1152.35 589.075 8.49859 0.715271 12.16
1074.95 580.475 8.47003 0.747183 12.3391
1148.05 537.477 8.50809 0.645452 12.191
1079.25 511.678 8.48253 0.632006 12.3714
851.364 503.079 8.34408 0.769846 13.3907
670.772 601.975 7.90392 1.50249 15.1808
885.763 584.775 8.34157 0.92271 13.0412
1186.75 150.494 8.54774 0.0602383 12.1816
1105.05 159.093 8.50983 0.0335769 12.3469
193.492 391.283 6.19994 0.523268 13.9683
150.494 515.978 6.21824 0.933556 13.6811
434.282 159.093 6.06201 -1.24963 18.0101
356.885 202.091 5.68504 -0.729442 17.3222
275.188 116.095 6.46739 -0.428576 13.8964
670.772 608.854 7.93295 1.57067 15.3625
758.488 546.937 8.19662 1.04504 14.2305
98.0359 278.628 6.27958 0.206189 13.2745
319.906 469.54 5.76213 1.09218 16.3958
381.824 340.546 5.85027 0.207671 17.4011
882.323 304.427 8.38852 0.206592 13.2794
1026.8 304.427 8.49423 0.259502 12.6146
376.664 273.468 5.80503 -0.258141 17.4204
371.504 227.03 5.87034 -0.5109 16.9112
701.73 459.221 8.03055 0.762295 14.5721
841.044 361.185 8.31074 0.359744 13.3301
696.571 263.149 8.02231 -0.147332 15.3428
706.89 376.664 8.02268 0.37255 15.036
964.879 438.581 8.42483 0.5246 12.7488
1078.39 448.901 8.47846 0.521259 12.3621
1150.63 376.664 8.715 0.384578 12.5379
1150.63 593.375 8.4895 0.707942 12.1503
737.849 464.38 8.09626 0.736457 13.8303
887.482 397.303 8.39222 0.459334 13.2066
773.967 588.215 8.1777 1.06745 13.6628
882.323 588.215 8.33774 0.906888 13.0144
794.606 608.854 8.25444 1.12242 13.6624
949.4 159.953 8.43897 -0.0945009 12.9086
1171.27 159.953 8.53931 0.0707445 12.1909
1160.95 123.835 8.53186 0.0262288 12.1974
1104.19 288.948 8.60504 0.245061 12.5472
748.168 144.474 8.21858 -0.550409 14.5817
748.168 309.587 8.18437 0.129744 14.5338
366.345 443.741 5.58476 1.01388 18.13
123.835 397.303 6.34964 0.531423 13.2922
314.747 407.623 5.79244 0.637058 16.3469
376.664 211.551 5.88946 -0.653028 17.1252
583.055 196.072 7.21977 -1.00605 18.0385
485.02 500.499 6.20081 1.78781 20.0877
879.227 303.395 8.39072 0.20416 13.2786
885.419 235.286 8.38019 0.0230985 13.3249
1034.02 352.929 8.44056 0.360169 12.4419
1027.83 303.395 8.46624 0.260496 12.4711
222.903 198.136 6.12866 -0.242018 14.3398
284.82 359.121 6.24572 0.424558 14.6146
699.666 402.463 8.05027 0.537203 14.8238
662.516 359.121 7.87658 0.325269 16.4869
811.118 321.97 8.49352 0.149045 14.6289
761.584 340.546 8.12968 0.303861 13.7007
718.242 303.395 8.06315 0.119401 14.5456
643.941 445.805 7.83292 0.840592 15.7131
705.858 383.888 7.94716 0.463121 13.3184
1139.28 365.313 8.70134 0.379261 12.5695
1034.02 569.64 8.44254 0.746743 12.4497
1114.51 520.106 8.49529 0.643126 12.2761
829.693 396.271 8.30709 0.479398 13.7054
656.324 582.023 7.86052 1.42511 15.1173
662.516 495.339 7.8736 1.1739 16.4093
885.419 582.023 8.34213 0.915756 13.0566
996.87 210.519 8.46766 0.0575466 12.6628
1058.79 167.177 8.32153 0.0980371 12.1157
1120.7 130.027 8.51944 -0.023456 12.3125
1064.98 123.835 8.51066 -0.0582747 12.4929
990.678 278.628 8.46169 0.199409 12.7325
1058.79 272.436 8.35046 0.250097 12.1109
873.035 191.944 8.243 0.0080061 12.7252
210.519 439.613 6.17738 0.702692 14.0846
123.835 390.08 6.36365 0.523377 13.2536
247.67 482.956 6.03502 0.938908 14.7969
408.655 154.793 5.87593 -1.23782 17.7859
173.369 117.643 6.1739 -0.380366 13.861
278.628 173.369 6.21653 -0.364423 14.5567
278.628 229.094 6.28852 -0.128237 14.3596
705.858 378.934 8.11081 0.410969 15.4483
817.31 141.172 8.34177 -0.425528 14.0274
304.634 297.203 6.11535 0.0993289 15.1611
252.623 252.623 6.40912 0.0292193 13.8609
416.085 252.623 5.91255 -0.504061 18.0242
899.04 423.515 8.38962 0.518892 12.9683
1032.78 572.117 8.45125 0.750238 12.4708
698.428 453.235 8.04717 0.808889 15.2787
676.138 408.655 7.95109 0.613581 15.8168
951.051 156.032 8.43894 -0.0902604 12.8809
1099.65 141.172 8.51142 0.00694522 12.3362
1017.92 341.784 8.3726 0.351026 12.3251
1040.21 349.214 8.43288 0.354028 12.3997
728.148 200.612 8.16205 -0.52351 15.5729
668.708 252.623 7.86981 -0.391278 16.8083
601.837 364.074 7.55699 0.295168 16.3811
148.602 482.956 6.2213 0.797355 13.6322
445.805 215.473 6.15625 -0.812539 17.8556
453.235 163.462 6.21707 -1.24456 18.1245
468.095 252.623 5.4218 -1.11062 22.3919
557.256 267.483 6.30551 -1.07362 24.0053
222.903 193.182 6.31404 -0.168758 13.845
185.752 141.172 6.34399 -0.253862 13.5666
274.913 230.333 6.18515 -0.158789 14.5416
148.602 341.784 6.2665 0.352481 13.5143
820.282 222.903 8.2001 0.0295001 12.9642
641.96 267.483 7.69383 -0.340484 17.4254
864.862 312.064 8.37661 0.222271 13.4121
945.107 410.141 8.52314 0.489807 13.2535
641.96 445.805 7.78006 0.83959 15.9333
713.288 383.392 8.08982 0.447541 15.475
686.54 534.966 7.98846 1.17202 15.0041
668.708 499.302 7.87454 1.13851 16.3532
811.365 490.386 8.28935 0.781629 13.7189
945.107 222.903 8.43459 0.0577688 12.9154
1043.18 222.903 8.48524 0.105519 12.5583
1061.02 187.238 8.49035 0.0446635 12.514
936.191 294.231 8.42776 0.206853 12.9285
1043.18 347.728 8.3607 0.348144 12.2258
1078.85 258.567 8.60381 0.184208 12.5603
1025.35 303.148 8.47446 0.248111 12.5576
722.204 249.651 8.07462 -0.102068 14.564
775.701 329.896 8.16296 0.282374 13.5081
882.694 285.315 8.40675 0.0908406 13.3537
793.533 285.315 8.28078 0.0999192 14.0512
463.637 427.973 6.33989 0.836775 17.7003
427.973 419.057 7.21451 0.53488 12.9816
526.05 427.973 7.1175 0.7867 15.706
517.134 401.225 6.34177 0.812831 21.2564
249.651 419.057 6.02808 0.613173 14.9538
445.805 213.987 5.17765 -1.46933 22.8365
517.134 285.315 5.78398 -0.982214 24.7087
187.238 205.07 6.3404 -0.0772368 13.569
222.903 196.154 6.59503 -0.0943373 13.3151
169.406 169.406 6.28358 -0.162448 13.5579
276.399 231.819 6.17595 -0.163074 14.6262
356.644 178.322 5.84845 -0.812654 16.732
303.148 169.406 6.06961 -0.612941 15.2201
365.56 312.064 6.36796 0.249168 15.2264
