580 312 9.23872 -0.147601 1.41747
1091 312 11.5008 0.17467 -2.15872
1093 294 11.5214 0.120637 -2.09245
1098 605 11.4609 0.957644 -2.27571
976 406 11.2014 0.436461 -2.09314
1061 307 11.4226 0.15874 -2.15043
177 402 9.51942 0.397054 -3.25212
371 416 9.30302 0.463036 -2.00107
540 243 8.68748 -0.810362 2.42965
919 361 11.0609 0.300811 -1.93777
835 293 11.1489 -0.444365 3.41797
906 385 11.0177 0.373485 -2.00557
895 378 10.9776 0.351235 -2.07164
737 287 10.0248 -1.16186 9.44043
124 116 9.62332 -0.0629237 -3.52722
194 339 9.49896 0.267805 -3.17688
616 274 9.3762 -0.494862 2.11642
219 551 9.38251 0.735541 -2.92186
1186 301 11.5931 0.178089 -2.51301
1188 276 11.5998 0.111029 -2.50909
204 442 9.55232 0.467772 -3.22503
173 435 9.5854 0.447701 -3.35556
274 434 9.46688 0.475699 -2.83814
631 471 9.6159 0.98638 1.42568
126 177 9.5446 0.00988193 -3.42165
1129 314 11.5498 0.189906 -2.27548
1240 256 11.6424 0.0907982 -2.65468
1020 292 11.2954 0.120004 -2.2157
246 374 9.42464 0.33377 -2.88643
501 312 8.56615 -0.183837 1.72605
608 358 9.26923 0.155428 2.32656
1128 224 11.6025 -0.070452 -2.14875
697 345 9.22135 -0.307401 11.1683
297 218 9.43476 -0.0612598 -2.69121
475 260 7.99642 -0.734817 2.74631
180 557 9.42839 0.713896 -3.11478
57 600 9.56114 0.682721 -3.57944
101 562 9.51973 0.653249 -3.43902
95 623 9.55845 0.737846 -3.4977
294 428 9.37407 0.474413 -2.58749
326 366 9.41569 0.316929 -2.50601
133 461 9.62986 0.479519 -3.51251
359 531 9.6191 0.723908 -2.71337
688 242 9.81617 -0.988492 3.62243
717 209 10.2191 -0.861736 1.5085
789 180 10.7259 -1.14211 1.87844
798 634 10.6907 1.15367 -1.91352
777 621 10.6284 1.14596 -1.80596
856 445 10.8744 0.558339 -1.95604
821 517 10.7663 0.777463 -1.95819
788 495 10.6616 0.732286 -1.78003
1256 532 11.6058 0.675328 -2.7782
1000 590 11.2423 0.941867 -2.18175
990 625 11.2403 1.06591 -2.06738
1252 468 11.6111 0.547312 -2.75623
999 403 11.2514 0.428288 -2.1385
218.4 550.8 9.3888 0.733437 -2.93392
552 270 8.99145 -0.477137 1.65637
278.4 392.4 9.3495 0.380671 -2.63007
615.6 273.6 9.39976 -0.481401 2.00381
625.2 253.2 9.32655 -0.757037 2.84384
831.6 301.2 11.133 -0.35997 3.41175
1141.2 434.4 11.5417 0.502167 -2.37219
208.8 620.4 9.47285 0.846681 -3.0815
1154.4 328.8 11.5342 0.240195 -2.47865
1189.2 300 11.5979 0.171792 -2.50981
987.6 288 11.245 0.0939378 -2.0459
273.6 157.2 9.46297 -0.174797 -2.85321
1011.6 234 11.3205 -0.0736462 -2.01186
99.6 325.2 9.58307 0.266657 -3.52996
226.8 610.8 9.31815 0.897988 -2.79246
274.8 434.4 9.47493 0.473481 -2.85306
264 440.4 9.48396 0.4868 -2.90381
259.2 409.2 9.44477 0.418435 -2.85987
637.2 276 9.62457 -0.395034 1.58783
210 513.6 9.41468 0.642295 -3.00292
126 116.4 9.61518 -0.0653206 -3.51616
213.6 310.8 9.47197 0.204708 -3.0846
186 302.4 9.35661 0.179482 -2.99678
450 489.6 8.25332 1.136 1.51012
507.6 291.6 8.76251 -0.287739 1.30263
234 354 9.44308 0.292675 -2.95585
225.6 352.8 9.49622 0.293202 -3.07456
249.6 369.6 9.44033 0.325489 -2.89611
222 375.6 9.41271 0.344268 -2.96217
260.4 244.8 9.58002 0.0721224 -3.08606
1131.6 276 11.5599 0.0881146 -2.26311
218.4 157.2 9.54035 -0.0891026 -3.17161
451.2 471.6 8.30674 1.00008 1.42424
500.4 378 10.1346 0.352539 -3.22609
484.8 265.2 8.52814 -0.503362 1.46378
770.4 346.8 10.5533 -0.039557 5.889
855.6 597.6 10.8948 1.09261 -1.68155
1078.8 336 11.4552 0.24019 -2.19497
132 403.2 9.57848 0.388815 -3.44973
111.6 409.2 9.58249 0.399405 -3.4947
295.2 128.4 9.2414 -0.387994 -2.35944
921.6 357.6 11.1296 0.283031 -1.56811
745.2 153.6 10.412 -1.28781 1.66326
733.2 154.8 10.3256 -1.29504 1.72723
1017.6 309.6 11.2996 0.166494 -2.16856
991.2 298.8 11.251 0.125727 -2.0613
1185.6 255.6 11.5945 0.0639278 -2.50352
538.8 315.6 8.79818 -0.174317 1.97101
226.8 226.8 9.63797 0.0718798 -3.29215
831.6 208.8 11.0198 -0.911692 1.90786
607.2 358.8 9.40241 0.179017 1.62975
607.2 372 9.35258 0.269791 1.83006
240 315.6 9.44243 0.206734 -2.9448
92.4 343.2 9.58951 0.295091 -3.55237
106.8 72 9.62993 -0.114023 -3.57577
76.8 148.8 9.6897 0.0376965 -3.70346
584.4 228 8.77336 -1.14673 3.67165
592.8 313.2 9.30916 -0.15185 1.56685
357.6 320.4 9.43105 0.179433 -2.35069
600 145.2 9.19629 -1.59072 2.3696
397.2 96 7.91 -1.7249 1.3172
426 73.2 8.37645 -1.65684 0.691656
320.4 596.4 9.34929 0.95952 -2.39455
61.2 562.8 9.54572 0.631693 -3.55202
151.2 596.4 9.47191 0.754509 -3.25913
102 561.6 9.51692 0.654638 -3.43994
292.8 428.4 9.42177 0.468705 -2.67049
240 506.4 9.35952 0.653145 -2.80334
237.6 483.6 9.39076 0.589768 -2.8665
24 430.8 9.65312 0.418924 -3.74438
114 387.6 9.55833 0.364444 -3.46088
133.2 460.8 9.64596 0.476395 -3.53337
440.4 516 8.18261 1.3213 1.52179
656.4 230.4 9.38706 -1.24135 4.46017
738 213.6 10.3349 -0.903765 1.86832
688.8 306 8.99906 -1.05663 11.7479
676.8 306 8.77266 -1.08835 11.7938
789.6 178.8 10.7282 -1.10669 1.71278
739.2 135.6 10.3801 -1.41023 1.63377
1027.2 211.2 11.3543 -0.130935 -2.05367
1033.2 222 11.3692 -0.0980645 -2.05996
1119.6 182.4 11.639 -0.218724 -2.00184
798 633.6 10.6889 1.15908 -1.90809
654 541.2 9.7352 1.53461 1.80666
790.8 568.8 10.6733 1.03265 -1.49862
777.6 621.6 10.6297 1.14592 -1.80582
860.4 519.6 10.879 0.789972 -1.99314
820.8 516 10.7651 0.777618 -1.95743
912 526.8 11.0377 0.810965 -1.93729
787.2 494.4 10.6623 0.73363 -1.77994
1000.8 572.4 11.2662 0.915498 -2.05126
990 696 11.2186 1.24447 -2.13645
985.2 666 11.2248 1.18187 -2.07355
1118.4 376.8 11.484 0.352752 -2.39424
1136.4 478.8 11.5317 0.612119 -2.36679
976.8 405.6 11.2017 0.434532 -2.08835
1062 362.4 11.4377 0.311139 -2.0838
920.16 357.12 11.1521 0.278061 -1.39675
397.44 178.56 8.01023 -1.08049 1.09734
750.24 172.8 10.4347 -1.19171 1.85041
920.16 391.68 11.0711 0.392711 -1.94258
190.08 211.68 9.6735 0.0744518 -3.44191
292.32 260.64 9.48302 0.0628549 -2.78996
259.2 244.8 9.60328 0.0782777 -3.12736
420.48 178.56 8.2785 -1.02016 0.871779
430.56 164.16 8.35231 -1.11446 0.858229
499.68 311.04 8.68679 -0.156873 1.30661
496.8 293.76 8.4809 -0.332886 1.89271
832.32 302.4 11.1365 -0.360466 3.4936
241.92 204.48 9.50692 -0.0234988 -3.03174
285.12 231.84 9.46542 -0.00512948 -2.78838
264.96 213.12 9.45253 -0.0388217 -2.85637
267.84 200.16 9.49745 -0.0577757 -2.92499
388.8 110.88 7.8495 -1.61651 1.31044
770.4 347.04 10.5391 -0.0478144 6.35064
115.2 342.72 9.57162 0.292347 -3.47873
131.04 334.08 9.57159 0.274504 -3.44611
250.56 370.08 9.42041 0.326648 -2.86681
531.36 466.56 9.14797 0.865123 0.525288
128.16 424.8 9.58334 0.424427 -3.45674
538.56 315.36 8.84767 -0.154194 1.76095
528.48 295.2 8.8006 -0.300958 1.64924
1018.08 309.6 11.305 0.165757 -2.13331
990.72 298.08 11.2358 0.129357 -2.14171
214.56 486.72 9.40884 0.583463 -2.9765
233.28 352.8 9.46241 0.292943 -2.98823
233.28 324 9.43089 0.223917 -2.94523
630.72 472.32 9.74526 0.914903 0.645697
1172.16 347.04 11.5146 0.287868 -2.63567
1176.48 336.96 11.5474 0.261457 -2.55772
148.32 149.76 9.57667 -0.041939 -3.41755
203.04 442.08 9.55233 0.468989 -3.22498
207.36 416.16 9.55735 0.422993 -3.21415
177.12 404.64 9.51719 0.396292 -3.25151
501.12 436.32 8.69504 0.733065 1.33568
1128.96 313.92 11.5696 0.187891 -2.22162
1121.76 312.48 11.5339 0.184244 -2.27334
1118.88 290.88 11.5418 0.121551 -2.22991
1218.24 260.64 11.602 0.0949038 -2.65193
1189.44 272.16 11.6026 0.108965 -2.50474
1105.92 262.08 11.5185 0.0459014 -2.20213
1153.44 498.24 11.5151 0.642471 -2.50882
573.12 365.76 9.47166 0.268695 0.268419
593.28 462.24 9.40293 0.901912 1.16496
108 312.48 9.60499 0.24912 -3.54031
1164.96 210.24 11.788 -0.146483 -1.9105
816.48 174.24 10.9216 -1.18201 1.90671
799.2 158.4 10.7949 -1.25704 1.76046
826.56 223.2 11.0031 -0.823447 1.96869
829.44 208.8 11.0193 -0.924513 1.94323
810.72 205.92 10.8778 -0.917823 1.78439
522.72 522.72 9.0885 1.21069 0.493841
492.48 508.32 8.50808 1.27532 1.70038
501.12 499.68 8.85459 1.11404 0.832755
499.68 378.72 10.1188 0.35267 -3.18263
588.96 423.36 9.4049 0.635295 1.05324
1128.96 223.2 11.6141 -0.0761392 -2.109
1113.12 228.96 11.558 -0.0579 -2.15718
731.52 335.52 9.9425 -0.370162 9.20982
707.04 344.16 9.47432 -0.311899 10.3514
696.96 345.6 9.20879 -0.289715 11.3194
812.16 318.24 10.982 -0.269634 4.24396
699.84 374.4 9.55144 0.238832 8.05265
182.88 275.04 9.48568 0.148274 -3.19333
296.64 216 9.39172 -0.0772592 -2.6244
113.76 259.2 9.55517 0.152498 -3.46932
171.36 201.6 9.70769 0.0790089 -3.53746
299.52 182.88 9.43757 -0.149947 -2.67455
504 217.44 7.79927 -1.39127 4.24832
565.92 253.44 9.06578 -0.604481 1.72019
599.04 300.96 9.32565 -0.244495 1.67058
358.56 321.12 9.43359 0.176294 -2.34944
616.32 146.88 9.3424 -1.55104 2.3131
600.48 145.44 9.29613 -1.47652 1.9382
396 95.04 8.01984 -1.64562 1.0502
149.76 596.16 9.47272 0.755692 -3.25896
100.8 561.6 9.51754 0.655874 -3.44005
99.36 675.36 9.57391 0.811554 -3.50722
240.48 443.52 9.53798 0.480917 -3.07877
308.16 421.92 9.39242 0.458093 -2.54822
263.52 440.64 9.5378 0.480948 -2.99623
325.44 365.76 9.4257 0.309454 -2.51212
269.28 360 9.39749 0.297509 -2.75345
239.04 506.88 9.37591 0.648441 -2.82882
181.44 449.28 9.5834 0.47473 -3.32654
263.52 493.92 9.3222 0.638166 -2.6438
53.28 372.96 9.59842 0.343854 -3.6272
48.96 478.08 9.69811 0.479047 -3.74895
358.56 531.36 9.28633 0.836922 -2.02296
335.52 691.2 9.20672 1.36877 -2.03186
352.8 384.48 9.44239 0.356292 -2.39474
449.28 489.6 8.30662 1.11797 1.3726
446.4 506.88 8.17776 1.28 1.68645
686.88 241.92 9.72065 -1.10002 4.32073
737.28 213.12 10.3408 -0.904161 1.87573
676.8 305.28 8.60999 -1.16467 12.904
817.92 61.92 10.7548 -0.534406 -2.27502
740.16 135.36 10.3967 -1.35629 1.41562
1032.48 254.88 11.3492 0.00574766 -2.12351
1009.44 324 11.2641 0.205329 -2.22014
1094.4 293.76 11.5109 0.124231 -2.14103
1120.32 181.44 11.6244 -0.211561 -2.03795
973.44 43.2 11.5513 -1.21337 -0.487998
1018.08 177.12 11.3303 -0.230093 -2.0541
836.64 648 10.8096 1.17732 -1.98594
783.36 658.08 10.6438 1.24591 -1.8626
862.56 388.8 10.8858 0.382607 -2.03072
861.12 511.2 10.8827 0.747977 -1.98604
781.92 515.52 10.6446 0.793856 -1.8897
997.92 588.96 11.2371 0.938935 -2.18606
992.16 531.36 11.0947 0.6917 -2.75205
1175.04 476.64 11.5559 0.594032 -2.52429
1137.6 478.08 11.5613 0.618915 -2.27905
973.44 432 11.1918 0.504857 -2.0905
992.16 370.08 11.2388 0.327744 -2.11233
977.76 365.76 11.2039 0.320178 -2.0955
1062.72 361.44 11.4038 0.315415 -2.22779
1081.44 518.4 11.4021 0.713117 -2.36403
1049.76 509.76 11.3576 0.711462 -2.23947
525.6 100.8 9.10891 -1.39424 0.520388
1176.77 514.944 11.5303 0.667469 -2.6026
174.528 435.456 9.58647 0.449339 -3.35533
157.248 438.912 9.61066 0.451545 -3.42605
219.456 590.976 9.42199 0.813555 -2.97162
264.384 212.544 9.441 -0.0434965 -2.84728
506.304 551.232 9.10085 1.32166 0.179219
1162.94 260.928 11.5728 0.0678766 -2.43641
1190.59 262.656 11.6035 0.0900341 -2.51321
1200.96 238.464 11.6562 0.0167607 -2.43201
1232.06 233.28 11.6405 0.0338503 -2.62139
696.384 179.712 10.0988 -1.04568 1.4099
756.864 331.776 10.369 -0.294411 6.98172
794.88 288.576 10.828 -0.656136 5.04196
1081.73 518.4 11.4 0.712649 -2.37093
884.736 326.592 11.4673 -0.0682525 2.37584
974.592 357.696 11.1854 0.29811 -2.17207
1097.28 345.6 11.4086 0.277792 -2.48507
1173.31 347.328 11.5329 0.285187 -2.57349
499.392 378.432 10.1042 0.350732 -3.14334
825.984 222.912 11.0018 -0.824667 1.98739
110.592 51.84 9.60743 -0.158253 -3.54444
523.584 509.76 9.18806 1.08425 0.231403
501.12 509.76 8.93902 1.15981 0.550106
589.248 381.888 9.26702 0.352153 1.66301
565.056 471.744 9.20109 0.958931 1.19402
1105.92 262.656 11.524 0.038125 -2.17681
233.28 191.808 9.48313 -0.0510011 -3.02436
514.944 456.192 8.90876 0.829123 0.894241
563.328 435.456 9.27977 0.700354 0.777233
817.344 164.16 10.9378 -1.25446 1.96195
1111.1 228.096 11.565 -0.0632018 -2.12049
590.976 497.664 9.31968 1.17875 1.45602
1142.21 233.28 11.6382 -0.049483 -2.11915
1164.67 209.088 11.7884 -0.147497 -1.91067
732.672 335.232 9.96816 -0.288282 8.04659
224.64 226.368 9.61516 0.0644335 -3.25968
323.136 271.296 9.48041 0.0706626 -2.64311
295.488 216 9.47269 -0.0525788 -2.76248
231.552 323.136 9.39467 0.21745 -2.89234
190.08 336.96 9.51638 0.268101 -3.21064
238.464 316.224 9.43844 0.204933 -2.9386
110.592 285.12 9.56599 0.195169 -3.48685
271.296 155.52 9.52741 -0.147439 -2.96802
179.712 72.576 9.56558 -0.204829 -3.31952
107.136 72.576 9.60812 -0.122381 -3.54718
63.936 131.328 9.67116 0.0133687 -3.69922
124.416 115.776 9.63283 -0.0598691 -3.54035
504.576 217.728 7.83125 -1.37758 4.13598
497.664 293.76 8.5377 -0.31384 1.72751
637.632 328.32 9.63814 -0.038789 1.5699
577.152 355.968 9.14083 0.156538 1.72999
623.808 300.672 9.63999 -0.186333 1.02252
597.888 300.672 9.30714 -0.250076 1.77311
473.472 259.2 8.25424 -0.654696 2.04209
357.696 321.408 9.46415 0.182354 -2.40995
537.408 193.536 8.13618 -1.63029 4.25141
395.712 95.04 7.87298 -1.73854 1.34089
368.064 171.072 7.79219 -1.13919 1.10538
319.68 594.432 9.2764 0.989351 -2.26022
252.288 646.272 9.33857 1.00698 -2.71101
55.296 601.344 9.53671 0.685695 -3.55432
58.752 563.328 9.55794 0.628159 -3.56668
160.704 590.976 9.47616 0.749444 -3.23711
179.712 554.688 9.45633 0.703631 -3.15363
148.608 641.088 9.50584 0.824279 -3.29938
191.808 378.432 9.52415 0.349111 -3.21447
271.296 433.728 9.47085 0.472271 -2.85238
278.208 364.608 9.40477 0.30935 -2.7119
238.464 508.032 9.35835 0.654145 -2.80456
240.192 444.096 9.53255 0.481071 -3.07363
302.4 459.648 9.36488 0.565273 -2.52374
86.4 380.16 9.60496 0.351355 -3.57539
53.568 373.248 9.59103 0.342832 -3.61909
179.712 449.28 9.58741 0.473237 -3.33795
359.424 530.496 9.28216 0.839702 -2.01304
461.376 639.36 9.45414 1.31656 -1.57612
501.12 437.184 8.66243 0.748526 1.41593
533.952 364.608 8.99242 0.21747 1.14142
480.384 373.248 10.0297 0.341712 -3.044
454.464 456.192 8.21519 0.898846 1.71334
874.368 252.288 11.4077 -0.669348 2.48237
832.896 293.76 11.1415 -0.469161 3.75527
881.28 317.952 11.4488 -0.137918 2.5364
641.088 267.84 8.90647 -1.11851 6.76203
777.6 231.552 10.6417 -0.781262 2.07646
820.8 60.48 10.7613 -0.620959 -2.0224
694.656 82.944 10.1387 -1.45603 0.586058
775.872 86.4 10.6369 -1.27321 0.154231
744.768 152.064 10.4166 -1.28203 1.59634
1242.43 255.744 11.6315 0.0933618 -2.69252
1223.42 338.688 11.5626 0.277069 -2.74401
1188.86 300.672 11.5242 0.1899 -2.69188
1012.61 235.008 11.2947 -0.03748 -2.15616
1092.1 255.744 11.5016 0.0165123 -2.15757
1029.89 250.56 11.3543 0.000951135 -2.09637
1033.34 222.912 11.3698 -0.0968619 -2.05985
1152.58 191.808 11.6971 -0.179999 -2.07128
983.232 72.576 11.5663 -1.03275 -0.556314
974.592 43.2 11.5539 -1.21767 -0.465108
1050.62 129.6 11.4589 -0.407115 -1.91332
870.912 601.344 10.9397 1.1002 -1.695
791.424 570.24 10.6782 0.96937 -1.83173
703.296 656.64 10.322 1.48848 -1.05529
862.272 388.8 10.8859 0.382889 -2.06025
905.472 402.624 11.0066 0.425629 -2.0344
941.76 364.608 11.1825 0.306717 -1.67735
860.544 520.128 10.8784 0.7906 -1.99327
910.656 454.464 11.0677 0.596657 -1.73689
654.912 478.656 9.78557 1.02865 1.39345
1149.12 544.32 11.4477 0.722811 -2.67179
1100.74 563.328 11.4709 0.850679 -2.27065
1171.58 609.984 11.5201 0.883106 -2.5963
1216.51 684.288 11.5489 1.01138 -2.72891
984.96 568.512 11.2379 0.914589 -2.00369
1097.28 604.8 11.4589 0.958901 -2.27628
984.96 665.28 11.2235 1.18194 -2.07358
990.144 623.808 11.2384 1.05735 -2.06876
1171.58 419.904 11.6084 0.457006 -2.36191
1164.67 473.472 11.5462 0.588168 -2.49578
1137.02 478.656 11.5453 0.613938 -2.32527
1195.78 482.112 11.5868 0.603176 -2.5508
974.592 430.272 11.1785 0.500263 -2.1769
976.32 364.608 11.2032 0.319944 -2.09522
1090.37 440.64 11.4726 0.526728 -2.21055
1026.43 418.176 11.3444 0.476194 -2.05907
997.056 506.304 11.2308 0.698194 -2.19924
806.63 186.624 10.8604 -1.00619 1.47175
1190.25 261.274 11.6029 0.0912202 -2.51322
1188.17 298.598 11.5895 0.174173 -2.52777
501.811 510.106 8.78472 1.21772 1.06873
505.958 491.443 8.91825 1.04636 0.724981
499.738 402.278 8.51475 0.522553 1.86977
825.293 221.875 10.9841 -0.84434 2.07426
802.483 219.802 10.8285 -0.847308 1.92498
808.704 205.286 10.8621 -0.926611 1.80743
1117.67 346.291 11.497 0.279053 -2.35437
532.915 425.088 9.13247 0.620692 0.626162
794.189 304.819 10.8133 -0.457382 4.87368
1128.04 313.114 11.5318 0.188155 -2.34887
624.154 369.101 9.52769 0.267999 1.667
578.534 479.002 9.18841 1.06676 1.66204
242.611 203.213 9.50237 -0.0268443 -3.01963
263.347 211.507 9.46338 -0.0364599 -2.88064
190.771 335.923 9.51189 0.265377 -3.20067
209.434 308.966 9.47969 0.204838 -3.10058
265.421 319.334 9.40444 0.200896 -2.78132
89.1648 255.053 9.57427 0.159797 -3.54082
114.048 228.096 9.58138 0.106564 -3.49795
87.0912 284.083 9.60457 0.207868 -3.58266
215.654 167.962 9.57057 -0.0520334 -3.22555
182.477 74.6496 9.55566 -0.20903 -3.30416
95.3856 182.477 9.47494 0.0145618 -3.41215
66.3552 132.71 9.68717 0.0195069 -3.71698
120.269 174.182 9.5422 0.00625882 -3.43163
174.182 151.373 9.60938 -0.0422549 -3.39689
497.664 265.421 8.53591 -0.533483 1.81062
501.811 215.654 7.82921 -1.37362 4.08454
528.768 294.451 8.74606 -0.312957 1.84034
524.621 319.334 8.87656 -0.0866369 1.32248
358.733 223.949 9.44822 -0.102817 -2.38501
472.781 257.126 7.81422 -0.832731 3.25005
389.837 109.901 8.12409 -1.44329 0.706358
443.75 76.7232 8.53219 -1.59966 0.631177
207.36 566.093 9.41366 0.743644 -3.00102
219.802 547.43 9.38861 0.735593 -2.91321
319.334 593.05 9.27492 0.986541 -2.26122
55.9872 601.344 9.5473 0.681593 -3.56814
58.0608 561.946 9.54406 0.633639 -3.55146
163.814 528.768 9.43683 0.643642 -3.17194
97.4592 675.994 9.53991 0.827574 -3.46481
252.979 371.174 9.41607 0.326224 -2.84167
321.408 410.573 9.39737 0.436614 -2.49756
271.642 433.382 9.47418 0.467996 -2.86607
277.862 364.954 9.38913 0.313041 -2.68943
238.464 508.032 9.41658 0.643673 -2.90074
82.944 425.088 9.62228 0.419744 -3.59831
39.3984 433.382 9.65377 0.423588 -3.71523
47.6928 476.928 9.63512 0.483426 -3.67718
178.33 447.898 9.59657 0.473408 -3.35358
628.301 545.357 9.68054 1.38035 0.763
545.357 622.08 9.64705 1.39838 -1.03501
367.027 576.461 9.14474 1.06948 -1.67292
358.733 530.842 9.53206 0.754463 -2.53263
429.235 524.621 7.99153 1.43962 1.7987
481.075 373.248 10.0407 0.342011 -3.07293
454.118 454.118 8.25638 0.882032 1.59022
684.288 242.611 9.78789 -0.99709 3.72456
696.73 302.746 9.14503 -1.16181 12.1848
864.691 72.576 10.8918 -0.564066 -2.06519
883.354 85.0176 10.9608 -0.553973 -1.93676
694.656 82.944 10.13 -1.48325 0.669566
775.526 82.944 10.6234 -1.5967 1.13133
690.509 186.624 9.96665 -1.11976 2.01563
694.656 151.373 10.0485 -1.309 1.60644
740.275 134.784 10.409 -1.3083 1.22087
1028.51 248.832 11.3412 -0.00918773 -2.12174
1032.65 223.949 11.3394 -0.0770107 -2.1776
1092.79 311.04 11.4933 0.17716 -2.18199
1121.82 182.477 11.6307 -0.211908 -2.0154
1177.8 184.55 11.9275 -0.27389 -1.66326
972.519 43.5456 11.5543 -1.22225 -0.442836
1018.14 176.256 11.3074 -0.214244 -2.1471
1016.06 124.416 11.3421 -0.407815 -1.98782
868.839 599.271 10.9407 1.10014 -1.69504
910.311 526.694 11.0344 0.808944 -1.94832
835.661 651.11 10.8054 1.14775 -2.09881
688.435 636.595 10.1276 1.82 0.430811
781.747 657.331 10.6438 1.24586 -1.86277
904.09 402.278 11.0137 0.42323 -1.96686
941.415 362.88 11.148 0.30859 -1.86682
881.28 364.954 10.9441 0.309075 -1.9858
860.544 520.474 10.878 0.773021 -2.09603
879.207 512.179 10.941 0.76451 -1.98122
908.237 454.118 11.0655 0.603836 -1.73049
1099.01 561.946 11.4663 0.848122 -2.28738
1171.58 609.638 11.5257 0.888881 -2.57848
968.371 561.946 11.1977 0.902403 -2.01144
984.96 663.552 11.2226 1.17531 -2.06821
1047.17 642.816 11.3761 1.08795 -2.15066
1142.55 435.456 11.5399 0.502699 -2.37241
1111.45 414.72 11.5021 0.454509 -2.28339
1215.13 423.014 13.9274 0.682738 2.56204
1022.28 379.469 11.335 0.366779 -2.07086
1024.36 472.781 11.2832 0.601794 -2.26776
935.194 194.918 11.9973 -1.22711 3.13689
360.806 653.184 9.07539 1.38103 -1.57341
617.933 661.479 9.88024 1.66202 -0.610481
526.694 101.606 8.94951 -1.55618 1.05699
619.592 375.736 9.43032 0.317484 1.93118
251.32 370.76 9.42701 0.34001 -2.86219
736.543 330.947 10.0501 -0.431206 8.91035
731.566 335.923 9.88075 -0.384495 9.85032
425.503 72.1613 8.46384 -1.59061 0.509196
614.615 146.811 9.30024 -1.57681 2.39228
691.753 89.5795 10.116 -1.43681 0.625222
186.624 209.019 9.77005 0.0992468 -3.57933
338.412 350.853 9.44493 0.270325 -2.48036
783.821 522.547 10.6637 0.753024 -2.25484
868.424 599.685 10.9122 1.02231 -2.00175
485.222 539.966 8.79858 1.36268 0.732767
301.087 619.592 9.3108 1.02123 -2.4247
982.887 661.893 11.2263 1.16676 -2.05066
1017.72 425.503 11.319 0.488524 -2.11256
1022.7 380.713 11.3054 0.364015 -2.17495
54.743 602.174 9.54583 0.683305 -3.56734
320.993 592.22 9.28548 0.971836 -2.27402
281.18 582.267 9.44096 0.844431 -2.75537
831.099 599.685 10.8095 1.0852 -1.73155
47.2781 475.269 9.70264 0.476546 -3.76048
333.435 485.222 9.4017 0.636281 -2.43437
363.295 442.921 9.40046 0.537454 -2.25367
863.447 74.6496 10.879 -0.539125 -2.14704
818.657 59.7197 10.7598 -0.562381 -2.22259
97.0445 562.36 9.51703 0.655364 -3.44016
57.2314 562.36 9.55196 0.627435 -3.56891
564.849 256.297 9.04324 -0.606561 1.79878
629.545 233.902 9.28298 -1.00276 3.22167
684.288 241.367 9.78311 -0.955199 3.57724
684.288 209.019 9.95065 -0.920564 1.78209
846.029 226.437 11.1295 -0.78314 1.92112
841.052 584.755 10.8689 1.10512 -1.41244
791.286 569.825 10.6809 0.973691 -1.82627
418.038 176.671 8.14993 -1.09651 1.15571
788.798 204.042 10.7176 -0.955855 1.90399
734.055 211.507 10.3101 -0.896353 1.89161
1142.14 435.456 11.5411 0.507032 -2.37164
94.5562 181.647 9.48566 0.0147838 -3.42384
64.6963 131.881 9.69135 0.0222078 -3.72006
52.2547 355.83 9.56432 0.325128 -3.59677
109.486 283.669 9.57867 0.198749 -3.50772
149.299 639.498 9.48845 0.82793 -3.27428
184.136 619.592 9.45391 0.828158 -3.13617
1067.49 179.159 11.4664 -0.223702 -2.05794
1047.58 129.393 11.3942 -0.342214 -2.18801
651.94 477.758 9.84233 0.959951 0.969919
111.974 408.085 9.59442 0.398673 -3.50533
786.309 176.671 10.7113 -1.16026 1.91603
721.613 196.577 10.2095 -1.02143 1.83836
741.519 134.369 10.3842 -1.39368 1.53926
798.751 156.764 10.7945 -1.31021 1.91925
1022.7 472.781 11.3233 0.636534 -2.06314
87.0912 253.809 9.57732 0.158536 -3.5494
637.01 579.779 9.66276 1.71087 1.3686
627.057 547.43 9.70722 1.38731 0.733104
1191.91 482.734 11.5552 0.602661 -2.62185
129.393 460.339 9.64692 0.475224 -3.53765
233.902 664.382 9.27589 1.05112 -2.69795
286.157 425.503 9.4519 0.455423 -2.76342
943.073 363.295 11.1857 0.305296 -1.68036
1065 358.318 11.4254 0.302492 -2.15495
1050.07 343.388 11.3958 0.259767 -2.11305
1017.72 311.04 11.2791 0.17973 -2.26446
1209.32 597.197 11.5803 0.8415 -2.64852
124.416 111.974 9.6413 -0.057273 -3.55236
293.622 213.996 9.44793 -0.0637046 -2.72528
320.993 166.717 9.47169 -0.203723 -2.62387
323.482 129.393 9.46892 -0.304485 -2.62528
268.739 154.276 9.48882 -0.16473 -2.91342
1022.7 266.25 11.3355 0.0367873 -2.08624
1030.16 223.949 11.3328 -0.0741372 -2.17874
1097.35 562.36 11.4687 0.841955 -2.28243
131.881 410.573 9.57672 0.402642 -3.43978
184.136 370.76 9.51696 0.335745 -3.23285
368.271 171.694 7.73842 -1.16567 1.23938
408.085 124.416 7.85592 -1.61179 1.68455
863.447 510.106 10.8785 0.737151 -2.10807
169.206 199.066 9.68332 0.064865 -3.51505
1134.67 632.033 11.4971 0.988716 -2.41227
213.996 166.717 9.56747 -0.0547854 -3.2257
159.253 589.732 9.47628 0.749809 -3.23814
231.414 320.993 9.41341 0.219243 -2.92344
221.461 330.947 9.46491 0.245918 -3.03543
209.019 308.552 9.46166 0.203648 -3.06799
196.577 87.0912 9.50714 -0.220842 -3.19115
189.112 335.923 9.51733 0.26469 -3.20968
637.01 325.97 9.4986 -0.130067 2.28723
1149.6 497.664 11.5314 0.648706 -2.44954
251.32 440.433 9.56623 0.476828 -3.08062
1129.7 308.552 11.53 0.192348 -2.34927
1229.23 231.414 11.6609 0.0252712 -2.56445
1221.77 338.412 11.5917 0.272714 -2.68256
1174.49 345.877 11.5211 0.28946 -2.62865
1189.42 298.598 11.6062 0.162953 -2.48762
992.84 296.11 11.2715 0.109158 -1.97401
502.641 510.106 8.79423 1.21106 1.05056
522.547 440.433 8.86627 0.760725 1.26772
194.089 378.225 9.53044 0.349502 -3.22743
696.73 301.087 9.23635 -1.11542 11.3612
1157.07 243.855 11.5289 0.0455307 -2.50122
1119.74 256.297 11.5373 0.0383128 -2.27458
574.802 365.783 9.44798 0.248839 0.376845
480.246 308.552 8.50382 -0.183457 1.41904
988.361 618.099 11.2232 1.05781 -2.11049
331.444 483.729 9.53956 0.607677 -2.72351
695.734 152.285 10.0494 -1.28892 1.57026
358.318 531.505 9.17943 0.869099 -1.82096
486.715 537.477 8.67483 1.40041 1.1174
794.272 570.323 10.6945 0.966923 -1.87091
859.964 519.561 10.875 0.77659 -2.06038
851.006 101.523 10.875 -0.529048 -1.96854
821.146 59.7197 10.7591 -0.551754 -2.25052
1000.3 501.645 11.2209 0.689004 -2.23479
997.319 585.253 11.2565 0.953147 -2.07653
973.431 564.351 11.1945 0.902299 -2.02857
367.276 501.645 9.16776 0.791006 -1.72364
361.304 444.912 9.44321 0.544043 -2.36398
895.795 59.7197 11.0298 -0.740462 -1.62244
1018.22 426.996 11.3469 0.497306 -2.00386
325.472 633.029 9.52999 0.978945 -2.70568
295.612 624.071 9.31477 1.01786 -2.44411
328.458 591.225 9.29233 0.983326 -2.2467
280.683 582.267 9.41573 0.854503 -2.70947
1009.26 238.879 11.3019 -0.0489196 -2.07157
653.931 477.758 9.85103 0.960743 0.922594
836.076 650.945 10.8046 1.15167 -2.06432
791.286 597.197 10.6599 1.08438 -1.6536
1176.48 185.131 11.9583 -0.289444 -1.57578
1218.28 424.01 11.6238 0.465214 -2.5855
95.5515 564.351 9.51632 0.656082 -3.44152
56.7337 564.351 9.55482 0.628847 -3.57085
1045.09 346.374 11.4137 0.260741 -2.04941
1012.25 459.842 11.2499 0.558731 -2.28609
1143.63 435.954 11.5464 0.50395 -2.37716
113.467 226.935 9.5841 0.10689 -3.50491
185.131 621.085 9.4515 0.829168 -3.12847
782.328 232.907 10.6429 -0.767038 1.98489
113.467 409.08 9.57975 0.399677 -3.48513
110.481 385.192 9.56119 0.357784 -3.47137
253.809 241.865 9.62115 0.0816098 -3.18104
220.963 223.949 9.66599 0.0789597 -3.35171
322.486 167.215 9.43007 -0.220632 -2.54512
298.598 182.145 9.43758 -0.152171 -2.69456
325.472 128.397 9.48285 -0.298833 -2.65214
271.725 158.257 9.4831 -0.16151 -2.8964
319.5 268.739 9.46742 0.0645021 -2.62499
292.626 212.005 9.4174 -0.0723565 -2.67099
418.038 176.173 8.13124 -1.09837 1.17807
426.996 161.243 8.32024 -1.12978 0.908444
809.202 373.248 10.7343 0.338738 -1.8798
907.739 453.87 11.0011 0.575731 -2.04617
1048.08 179.159 11.3624 -0.187421 -2.2426
62.7057 304.57 9.61269 0.241927 -3.63803
128.397 459.842 9.63562 0.47551 -3.52979
322.486 409.08 9.39776 0.432985 -2.5009
824.132 220.963 10.9448 -0.811776 1.75531
973.431 426.996 11.1426 0.483487 -2.3766
1030.16 223.949 11.3412 -0.0744156 -2.14354
839.062 191.103 11.0631 -0.901722 1.27512
1161.55 591.225 11.5561 0.873458 -2.43613
161.243 56.7337 9.59496 -0.199079 -3.41059
197.075 438.94 9.5343 0.463484 -3.21191
352.346 382.206 9.44483 0.352963 -2.39372
244.851 203.047 9.51173 -0.0244918 -3.03557
214.991 167.215 9.55397 -0.0629086 -3.21086
241.865 128.397 9.51587 -0.178909 -3.05601
161.243 531.505 9.45096 0.640622 -3.20403
164.229 403.108 9.5505 0.397156 -3.32289
194.089 376.234 9.53146 0.345703 -3.22498
209.019 567.337 9.2477 0.814339 -2.74005
740.524 134.369 10.3574 -1.60619 2.29387
1140.65 474.772 11.5303 0.60804 -2.3734
1116.76 471.786 11.4947 0.601379 -2.35612
370.262 173.187 7.73114 -1.15716 1.25819
600.183 301.584 9.31093 -0.237481 1.73252
191.103 334.43 9.54256 0.263734 -3.25236
498.659 403.108 8.38642 0.518725 2.22488
1131.69 307.556 11.5368 0.181688 -2.3294
1095.86 310.542 11.5148 0.167404 -2.13133
1176.48 346.374 11.5146 0.286717 -2.65271
268.739 432.968 9.48058 0.480499 -2.88246
212.005 385.192 9.47209 0.363599 -3.08985
516.575 453.87 8.98833 0.814807 0.683184
567.337 435.954 9.26242 0.706401 0.903118
862.95 289.641 11.3251 -0.369889 2.44189
827.118 292.626 11.0803 -0.436316 3.35645
1083.91 516.575 11.4687 0.744047 -2.16454
647.959 534.491 9.90156 1.24498 0.199525
692.748 89.5795 10.0752 -1.51867 0.944283
505.229 558.976 9.65623 0.989192 -1.66959
508.812 544.644 9.05668 1.31531 0.360456
1028.37 261.572 11.3251 0.0334613 -2.15353
1028.37 225.74 11.3019 -0.0497414 -2.28808
426.399 161.243 8.40663 -1.06732 0.647829
519.561 250.823 8.77146 -0.602264 1.4716
498.062 214.991 7.8741 -1.3644 3.89184
845.631 225.74 11.1234 -0.756837 1.70127
1067.79 179.159 11.4572 -0.210492 -2.11165
1017.62 175.576 11.3127 -0.223389 -2.13198
1121.54 433.565 11.5012 0.503863 -2.35816
1121.54 372.651 11.4754 0.347608 -2.44606
1135.87 580.475 11.5314 0.864625 -2.3518
1096.45 562.56 11.4675 0.84276 -2.29938
1082.12 515.978 11.5064 0.764567 -2.01364
1175.28 186.325 11.9686 -0.299329 -1.53771
207.825 637.806 9.31601 0.960179 -2.83661
648.556 469.397 9.80578 0.931691 1.12127
766.801 261.572 10.5659 -0.882029 4.48854
781.134 232.907 10.6624 -0.736907 1.83785
89.5795 179.159 9.5146 0.0172003 -3.47971
125.411 154.077 9.63138 -0.000329049 -3.52822
71.6636 136.161 9.69205 0.0223596 -3.7201
232.907 508.812 9.40364 0.647332 -2.89296
229.324 440.731 9.57072 0.47754 -3.16594
286.655 254.406 9.38205 0.0238778 -2.62004
293.821 211.408 9.44258 -0.0767633 -2.71971
917.294 386.984 11.0547 0.374342 -1.95545
1117.95 186.325 11.6802 -0.243201 -1.84348
1103.62 591.225 11.4531 0.89526 -2.38443
85.9964 283.071 9.60666 0.206855 -3.59301
637.806 265.155 8.97055 -1.07452 5.94366
627.057 236.49 9.35181 -0.899058 2.93017
576.892 225.74 8.60339 -1.2124 4.20903
591.225 537.477 9.48511 1.33836 0.756809
734.552 197.075 10.3106 -1.01816 1.86513
741.719 146.91 10.3802 -1.33788 1.77144
530.311 351.152 9.36278 0.181605 -0.230575
526.728 318.903 8.88178 -0.0998719 1.3524
971.042 422.815 11.1948 0.491861 -2.03588
82.4132 376.234 9.57442 0.352782 -3.53988
157.66 533.894 9.48278 0.634499 -3.25285
838.464 361.901 10.8259 0.314609 -1.94327
193.492 437.148 9.5985 0.458739 -3.31438
189.909 333.236 9.52214 0.264035 -3.23843
164.826 297.404 9.51961 0.197506 -3.28453
168.41 404.9 9.56007 0.397162 -3.33471
193.492 376.234 9.50756 0.343185 -3.1882
490.896 240.073 7.63501 -1.20568 4.45518
584.059 308.154 9.29345 -0.174948 1.5253
229.324 351.152 9.46906 0.277659 -3.02793
229.324 318.903 9.49354 0.216952 -3.05677
992.541 293.821 11.2461 0.119603 -2.11514
1189.62 483.73 11.5548 0.602175 -2.61499
1171.7 612.724 11.5252 0.89552 -2.57495
193.492 207.825 9.56481 0.0379824 -3.27858
175.576 154.077 9.60505 -0.0405655 -3.38768
415.649 175.576 8.18855 -1.07166 1.01248
415.649 143.327 8.08801 -1.36801 1.25166
369.068 171.993 7.51277 -1.22436 1.7454
698.72 300.987 9.23057 -1.16768 11.6206
824.132 189.909 10.9831 -1.41582 3.52229
799.049 154.077 10.8132 -1.32689 1.89146
261.572 204.241 9.52225 -0.0258491 -3.00175
1078.54 336.819 11.4489 0.242606 -2.20366
1128.7 308.154 11.423 0.205422 -2.65462
494.479 401.316 8.69219 0.478809 1.23953
816.965 304.57 11.0365 -0.400136 4.18427
1132.29 268.739 11.5442 0.0769243 -2.3264
1110.79 229.324 11.5935 -0.083739 -2.01224
265.155 429.982 9.47321 0.468492 -2.87388
501.645 508.812 8.98186 1.128 0.393642
576.892 361.901 9.15902 0.182084 1.68175
1014.04 498.062 11.294 0.691994 -2.12297
1017.62 426.399 11.4046 0.489856 -1.70941
1171.7 419.232 11.5601 0.45416 -2.51361
1067.79 609.141 11.4281 0.997963 -2.16335
985.375 616.307 11.2345 1.06727 -2.05828
992.541 584.059 11.2292 0.928122 -2.17573
867.13 598.391 10.9016 0.996036 -2.09163
795.466 573.309 10.6775 0.982662 -1.70226
931.627 197.075 12.0361 -1.2734 3.51802
1046.29 128.995 11.3994 -0.354254 -2.11432
741.719 132.578 10.3961 -1.45772 1.67771
859.964 71.6636 10.8527 -0.466538 -2.35474
354.735 530.311 9.29303 0.831393 -2.05291
125.411 458.647 9.63496 0.467912 -3.53176
275.905 365.485 9.38572 0.308924 -2.69465
93.1627 566.143 9.56705 0.643277 -3.51225
279.488 584.059 9.39497 0.864691 -2.68358
426.399 71.6636 8.66745 -1.44827 0.134533
601.974 143.327 9.29627 -1.51093 2.04012
125.411 114.662 9.6397 -0.0625504 -3.55145
336.819 354.735 9.53545 0.284358 -2.68188
1001.86 498.779 11.2441 0.696346 -2.15323
1010.46 460.081 11.2472 0.569163 -2.31048
1066.35 356.885 11.4562 0.290714 -2.04499
137.594 124.695 9.60381 -0.0591497 -3.4726
571.876 434.282 9.33205 0.699637 0.788399
636.373 266.589 9.20045 -0.87961 4.20227
571.876 257.989 9.21991 -0.510922 1.2051
619.174 249.389 9.24809 -0.826253 2.84858
1019.06 167.693 11.3234 -0.246873 -2.05636
1122.25 434.282 11.5041 0.50027 -2.36555
1105.05 589.075 11.4563 0.900128 -2.37125
232.19 507.379 9.42046 0.645909 -2.93549
649.273 498.779 9.79062 1.14398 1.02178
1178.15 343.985 11.5397 0.28219 -2.59178
94.596 300.987 9.60098 0.234506 -3.56461
107.495 382.684 9.54426 0.348219 -3.46675
619.174 292.388 9.42397 -0.306644 1.89686
993.258 292.388 11.2857 0.100939 -1.89921
1027.66 257.989 11.3734 0.00127882 -1.93671
1062.06 236.49 11.4556 -0.0561452 -2.04528
1027.66 227.89 11.3042 -0.0468669 -2.27235
167.693 296.687 9.55007 0.195555 -3.32253
193.492 374.084 9.41966 0.341012 -3.05714
154.793 189.192 9.70054 0.0663707 -3.54114
257.989 335.386 9.4201 0.24817 -2.843
275.188 429.982 9.45846 0.449761 -2.79527
249.389 399.883 9.42202 0.397672 -2.85788
442.881 214.991 6.85381 -1.62055 5.12112
1195.35 253.689 11.5933 0.073014 -2.56253
1169.55 262.289 11.5549 0.0816046 -2.54011
533.177 408.483 9.16032 0.524911 0.467455
971.759 421.382 11.189 0.482802 -2.07916
954.56 386.984 11.1992 0.362433 -1.72827
257.989 283.788 9.38634 0.125436 -2.77686
447.181 326.786 8.15044 -0.104066 1.77178
821.265 292.388 11.0719 -0.572952 4.7836
1117.95 348.285 11.497 0.283911 -2.33234
1079.25 335.386 11.441 0.220275 -2.23447
1130.85 305.287 11.5626 0.169438 -2.24601
1191.05 481.58 11.5371 0.592594 -2.67138
528.878 352.585 9.0644 0.163151 0.752462
524.578 318.187 8.89948 -0.111609 1.21745
266.589 159.093 9.50991 -0.147589 -2.95463
576.176 361.185 9.7622 0.2506 -0.848503
739.569 146.194 10.3836 -1.26035 1.28237
1079.25 257.989 11.4456 0.0263919 -2.22949
567.576 434.282 9.37756 0.689051 0.525136
520.278 451.481 8.98217 0.813406 0.833089
1019.06 425.682 11.2804 0.489285 -2.26654
1156.65 537.477 11.4645 0.727238 -2.63809
782.567 593.375 10.6732 1.06401 -1.71168
644.973 533.177 9.70089 1.42848 1.43266
864.263 507.379 10.892 0.753416 -1.9869
795.466 571.876 10.7046 0.99484 -1.82233
933.06 197.792 12.0362 -1.31001 3.6061
692.271 85.9964 10.1123 -1.51532 0.835225
782.567 232.19 10.6689 -0.757683 1.9314
821.265 236.49 10.9455 -0.745845 2.07572
365.485 498.779 9.30596 0.724872 -2.02992
481.58 533.177 8.70067 1.36238 0.981978
619.174 550.377 9.64882 1.43089 0.851094
120.395 455.781 9.63679 0.468554 -3.53705
331.086 481.58 9.42247 0.609686 -2.47296
128.995 597.675 9.41159 0.769313 -3.24425
94.596 563.276 9.46264 0.669109 -3.38039
438.581 180.592 7.85621 -1.32777 2.33196
498.779 210.691 7.7222 -1.44247 4.23814
85.9964 283.788 9.60431 0.20663 -3.5907
352.585 292.388 9.40183 0.102264 -2.3197
257.989 562.416 9.37672 0.787181 -2.76164
232.19 510.818 9.40631 0.651179 -2.91222
237.35 614.014 9.31096 0.921106 -2.71905
748.168 196.072 10.4344 -0.948411 1.3979
727.529 211.551 10.2318 -0.913683 1.82365
1093.87 283.788 11.456 0.121125 -2.35441
1150.63 438.581 11.5571 0.507733 -2.37184
675.931 247.67 9.70226 -0.994379 4.0086
841.044 206.391 11.0442 -0.775787 1.06914
779.127 201.231 10.6296 -1.0629 2.22596
908.122 356.025 11.0998 0.275616 -1.44053
877.163 350.865 11.0626 0.241582 -1.10513
970.039 423.102 11.2166 0.480524 -1.90442
139.314 340.546 9.55184 0.272935 -3.40129
201.231 330.226 9.48564 0.248008 -3.13571
268.309 159.953 9.51864 -0.139236 -2.97941
252.829 402.463 9.4249 0.406042 -2.86211
283.788 247.67 9.52732 0.0539232 -2.94625
1057.76 216.711 11.4429 -0.115775 -2.04807
1129.99 304.427 11.5373 0.169286 -2.33335
495.339 392.143 8.77755 0.447264 0.952173
515.978 454.061 8.98217 0.813406 0.833089
1026.8 257.989 11.3386 0.0246063 -2.05113
1021.64 263.149 11.3221 0.0210272 -2.18371
1026.8 227.03 11.3523 -0.0841585 -2.05663
799.766 340.546 10.8189 0.0471789 1.99335
820.405 294.108 11.0985 -0.604597 4.97538
1011.32 459.221 11.2568 0.58673 -2.21504
1171.27 417.942 11.535 0.460053 -2.6183
1124.83 371.504 11.4849 0.341771 -2.43423
990.678 583.055 11.2444 0.94272 -2.0655
980.359 614.014 11.2171 1.03483 -1.98402
1001 500.499 11.2204 0.67211 -2.27606
1171.27 614.014 11.512 0.891628 -2.62932
1104.19 593.375 11.4661 0.905077 -2.36018
773.967 433.422 10.6483 0.535131 -1.87553
644.973 536.617 9.91378 1.2198 0.0761026
861.684 510.818 10.8865 0.750992 -2.05381
691.411 190.912 10.0524 -0.987907 1.35046
737.849 144.474 10.3427 -1.39146 1.84567
784.287 232.19 10.6655 -0.809937 2.13469
619.174 433.422 9.33346 0.772738 2.48416
485.02 531.458 8.73345 1.32872 0.828116
361.185 515.978 9.30505 0.77924 -2.05688
619.174 552.097 9.59562 1.43707 0.970425
505.659 531.458 8.54563 1.59484 1.97829
227.03 438.581 9.51649 0.475019 -3.07491
128.995 598.535 9.46944 0.745247 -3.3029
128.995 541.777 9.61715 0.618089 -3.47909
356.025 531.458 9.274 0.835281 -2.03417
392.143 103.196 7.87758 -1.66618 1.32673
614.014 294.108 9.35174 -0.338162 2.10578
113.515 170.273 9.68304 0.0478616 -3.61439
154.793 144.474 9.61152 -0.0420548 -3.44391
242.51 134.154 9.26428 -0.289233 -2.65038
350.865 294.108 9.50991 0.121985 -2.54738
314.747 268.309 9.48262 0.0579812 -2.68251
705.858 173.369 10.1195 -1.14053 1.70082
773.967 198.136 10.6081 -0.888338 1.74062
811.118 464.38 10.7366 0.644442 -1.77211
817.31 439.613 10.7715 0.555931 -2.03347
1021.64 328.162 11.1931 0.246542 -2.60065
167.177 297.203 9.45657 0.192949 -3.16006
278.628 421.038 9.44038 0.449712 -2.76872
247.67 402.463 9.42628 0.39336 -2.86054
291.012 204.327 9.43714 -0.0978689 -2.72654
408.655 352.929 8.94143 0.201369 -0.907979
476.764 408.655 8.35499 0.542746 1.80826
526.298 352.929 9.15638 0.175701 0.391821
612.982 291.012 9.61273 -0.21536 0.685172
662.516 334.354 9.8918 0.0267794 1.07991
972.103 414.846 11.2125 0.471184 -1.95816
934.953 371.504 11.1476 0.354539 -1.84114
173.369 408.655 9.56922 0.400645 -3.34266
204.327 371.504 9.49379 0.334022 -3.13448
860.652 321.97 11.2193 -0.0576934 1.77796
1015.45 278.628 11.322 0.0490475 -2.0462
1027.83 260.053 11.3533 -0.0314597 -2.04112
582.023 359.121 9.54023 0.214772 0.214951
1009.25 458.189 11.2408 0.596213 -2.25035
990.678 575.832 11.1463 0.812738 -2.56696
1157.86 538.681 11.4764 0.727216 -2.62562
643.941 532.49 9.87023 1.34068 0.597036
866.843 507.723 10.8867 0.737256 -2.04813
792.543 520.106 10.6809 0.778372 -2.02361
1021.64 167.177 11.5813 -0.457526 -1.04069
1021.64 130.027 11.3265 -0.352333 -2.11066
1145.47 185.752 12.1945 -0.464466 -0.699639
1133.09 303.395 11.561 0.15777 -2.26915
1071.17 346.737 11.4154 0.253523 -2.32001
736.817 142.41 10.3917 -1.20246 0.977508
693.475 148.602 10.0695 -1.29408 1.54508
804.926 148.602 10.8219 -1.07213 0.791786
674.9 241.478 9.92358 -0.629883 1.12194
482.956 532.49 8.80462 1.28486 0.645264
507.723 538.681 9.02259 1.32565 0.425709
117.643 451.997 9.55739 0.46696 -3.44301
123.835 408.655 9.59124 0.394887 -3.48245
272.436 582.023 9.34027 0.866535 -2.63902
346.737 501.531 9.43057 0.659648 -2.38981
253.861 501.531 9.24502 0.667309 -2.53945
439.613 117.643 8.43479 -1.38919 0.82014
402.463 136.218 8.25994 -1.24552 0.501297
606.79 142.41 9.3702 -1.44921 1.8124
569.64 266.245 8.94218 -0.5503 2.29866
204.327 160.985 9.5401 -0.0770478 -3.21973
130.027 130.027 9.5889 -0.0523858 -3.46306
117.643 315.779 9.56373 0.25757 -3.48343
365.313 247.67 9.76582 0.0735764 -3.00412
958.481 371.504 11.1402 0.278736 -2.14389
988.202 289.773 11.2344 0.113011 -2.19861
1129.37 534.966 11.5183 0.74167 -2.39876
200.612 371.504 9.43362 0.327675 -3.05541
393.795 423.515 9.21097 0.462372 -1.50995
401.225 141.172 7.78441 -1.47946 1.492
624.127 326.924 9.72136 -0.0174362 0.55591
586.977 304.634 9.44095 -0.262893 1.10761
757.869 378.934 10.5889 0.291428 -0.325088
795.019 438.375 10.7522 0.575951 -1.33401
817.31 341.784 10.8829 0.211851 -0.426174
772.729 356.644 10.64 0.188006 1.00285
787.589 326.924 10.7525 -0.0643003 1.50197
1062.5 222.903 11.479 -0.067674 -2.04204
1062.5 185.752 11.6153 -0.309413 -1.47803
1129.37 215.473 11.7042 -0.116001 -1.84332
1129.37 200.612 11.7091 -0.172084 -1.94241
899.04 460.665 11.0331 0.614529 -1.68031
1114.51 468.095 11.4937 0.571006 -2.32167
1121.94 364.074 11.4572 0.315454 -2.51906
995.632 490.386 11.2224 0.679151 -2.25207
1017.92 230.333 11.366 -0.101389 -2.04896
1017.92 156.032 11.3276 -0.26662 -2.05538
1032.78 163.462 11.3745 -0.269378 -2.03866
1003.06 326.924 11.2222 0.206681 -2.41565
906.471 349.214 11.109 0.247232 -1.16962
1129.37 297.203 11.5458 0.160967 -2.32759
1092.22 289.773 11.4695 0.128994 -2.31477
780.159 230.333 10.6644 -0.43802 -0.441037
802.449 148.602 10.7767 -0.900775 -0.0135187
750.439 304.634 10.3072 -0.392263 4.08146
690.998 326.924 9.90856 -0.228074 3.78492
757.869 260.053 10.5193 -0.769982 3.72458
668.708 245.193 9.64015 -0.971812 3.81192
490.386 438.375 8.43043 0.754988 1.94031
490.386 386.365 8.8533 0.40106 0.664691
616.697 549.826 9.6749 1.36726 0.519876
624.127 527.536 9.98638 1.0144 -0.604922
557.256 482.956 9.47898 0.941703 -0.109314
141.172 430.945 9.6149 0.434231 -3.47089
341.784 460.665 9.33451 0.607107 -2.30042
274.913 416.085 9.42703 0.440857 -2.75886
222.903 512.676 9.39849 0.653154 -2.90296
326.924 572.117 9.30215 0.924994 -2.27138
557.256 230.333 8.71503 -1.06041 3.09609
601.837 141.172 9.4655 -1.2837 1.22172
200.612 156.032 9.57484 -0.0995632 -3.26744
252.623 193.182 9.50632 -0.050579 -3.02347
334.354 141.172 9.5192 -0.266307 -2.65828
260.053 156.032 9.48592 -0.153991 -2.93346
141.172 326.924 9.5689 0.27966 -3.40417
193.182 282.343 9.36073 0.125812 -3.00134
371.504 319.494 9.45241 0.165603 -2.38196
252.623 341.784 9.44429 0.253235 -2.88822
517.134 312.064 9.90655 0.144476 -2.31274
552.798 490.386 9.59284 0.900344 -0.603921
615.211 427.973 10.3661 0.439208 -3.29693
820.282 338.812 10.8471 0.21003 -0.714801
864.862 517.134 10.8747 0.750211 -2.10595
1025.35 231.819 11.3469 -0.0659568 -2.06207
1043.18 205.07 11.395 -0.117485 -2.07288
820.282 365.56 10.7619 0.299597 -1.87858
847.03 294.231 10.8979 0.0558641 -1.75352
222.903 338.812 9.43891 0.258238 -2.94215
401.225 267.483 10.0358 0.151724 -3.41213
900.527 463.637 11.278 0.796812 0.436986
971.855 410.141 11.1579 0.45907 -2.24939
945.107 401.225 11.2046 0.416298 -1.77083
1096.68 499.302 11.4394 0.684502 -2.30768
650.876 499.302 9.73935 1.12843 1.30267
1025.35 169.406 11.3793 -0.288027 -2.03646
998.604 285.315 11.2478 0.077445 -2.12663
1069.93 347.728 11.3699 0.279128 -2.42007
1087.76 258.567 11.4249 0.0522148 -2.29918
1025.35 258.567 11.3157 -0.012327 -2.11368
722.204 169.406 10.2589 -0.971601 0.710365
695.456 196.154 9.97023 -1.08423 2.18552
641.96 276.399 9.42077 -0.530477 2.52315
490.386 392.309 9.44548 0.389127 -1.19046
534.966 454.721 8.9617 0.844859 1.24673
615.211 543.882 9.74028 1.27703 0.144229
606.295 472.554 9.53677 0.970248 1.02222
231.819 436.889 9.49201 0.473588 -3.0728
169.406 445.805 9.61943 0.464602 -3.44016
178.322 410.141 9.4696 0.398894 -3.19225
276.399 419.057 9.3968 0.436927 -2.71299
276.399 543.882 9.46527 0.762445 -2.82851
347.728 508.218 9.45793 0.670516 -2.48056
454.721 222.903 10.199 0.126292 -3.64656
606.295 249.651 9.14479 -0.858231 3.32232
481.47 276.399 8.40401 -0.417387 1.66581
606.295 338.812 9.08931 0.0189465 2.83265
213.987 222.903 9.54462 0.0460225 -3.19306
249.651 187.238 9.44064 -0.0936118 -2.91219
169.406 169.406 9.69305 0.00611968 -3.5223
365.56 249.651 9.40191 -0.0155223 -2.17176
383.392 169.406 7.97694 -1.08935 0.973646
294.231 196.154 9.58842 -0.030868 -2.99002
169.406 294.231 9.45785 0.18349 -3.17683
374.476 320.98 9.60016 0.206418 -2.69864
1016.44 427.973 11.2674 0.483335 -2.28047
