611 376 38.1842 2.77559 37.3225
369 484 36.9629 3.171 38.3389
408 452 36.9285 3.02959 38.7299
938 626 39.3253 3.74618 39.5782
631 688 38.0597 3.89105 38.4474
1255 554 39.4099 3.08765 36.5328
798 522 38.6527 3.25829 39.1112
1163 665 39.4005 3.33489 36.8959
1168 584 39.4092 3.17959 36.8861
1134 499 39.3864 3.0252 37.0075
291 390 30.9437 2.31826 47.111
582 246 37.6309 2.04628 38.9192
407 399 36.8827 2.79014 38.7617
300 116 34.7628 0.541313 40.9604
396 220 34.1592 0.612714 43.7216
307 640 36.8938 3.73852 38.0802
1016 139 39.7191 1.19736 39.9048
991 628 39.5045 3.66373 39.1864
928.8 183.6 39.4887 0.823791 41.8797
1045.2 308.4 41.1846 1.15544 45.5155
249.6 421.2 31.134 2.81409 45.9228
680.4 522 38.1949 3.25325 38.6148
1152 476.4 39.4006 2.97908 36.9524
1208.4 523.2 39.4372 3.05539 36.7755
340.8 238.8 31.4589 -0.0432598 47.1722
379.2 634.8 37.0358 3.76107 38.3628
562.8 340.8 37.5585 2.49224 38.9493
1134 682.8 39.376 3.38878 36.9766
295.2 205.2 32.7968 0.370697 44.0135
369.6 487.2 36.9621 3.16859 38.3382
375.6 446.4 36.6158 3.02262 39.0502
666 516 38.1571 3.23654 38.4988
642 501.6 38.0669 3.16903 38.435
1030.8 319.2 41.1983 1.11709 46.4076
483.6 464.4 38.2057 3.01891 36.3556
237.6 190.8 31.1332 -0.140679 45.2227
271.2 381.6 31.2529 2.26334 46.1132
939.6 615.6 39.2972 3.64598 39.276
1135.2 498 39.3881 3.02389 37.0122
462 428.4 37.6718 2.93652 37.5364
512.4 438 37.8678 2.96372 37.4587
501.6 426 38.2552 2.95301 36.2984
548.4 667.2 37.9655 3.64642 37.6378
1170 612 39.4058 3.23106 36.8688
1177.2 588 39.4045 3.18007 36.8378
724.8 384 38.4045 2.72177 38.1202
350.4 459.6 36.5224 3.09256 38.9638
474 393.6 37.1928 2.75822 38.7725
676.8 432 38.3137 2.92165 37.6923
534 332.4 37.634 2.53575 38.2587
523.2 264 37.7405 2.36242 37.8185
405.6 397.2 36.8827 2.79014 38.7617
300 114 34.5883 0.434814 41.2174
54 142.8 31.2082 0.244449 42.2394
374.4 241.2 31.7995 -0.0653704 47.5512
361.2 210 33.6822 0.477602 43.8067
466.8 147.6 36.1562 0.845542 40.8835
298.8 568.8 36.3734 3.61152 38.8467
308.4 430.8 31.9817 2.92278 45.9472
518.4 601.2 37.3803 3.70955 39.0641
358.8 596.4 37.6293 3.38029 37.0616
400.8 572.4 37.0273 3.5355 38.5499
412.8 584.4 36.8813 3.66572 38.996
688.8 356.4 38.1617 2.55366 38.8602
681.6 188.4 38.1084 1.79905 38.816
1099.2 214.8 40.8122 0.954633 42.2992
1016.4 139.2 39.3918 1.80759 38.2208
640.8 537.6 38.2598 3.22184 37.4774
782.4 440.4 38.5911 2.9052 38.6561
1246.8 576 39.3933 3.12114 36.5234
662.4 505.44 38.1686 3.17697 38.3137
237.6 191.52 31.128 -0.146454 45.2038
275.04 280.8 31.1504 0.864397 46.142
440.64 688.32 37.5131 3.81097 37.8953
417.6 655.2 37.3136 3.76658 38.1226
764.64 496.8 38.5222 3.14612 38.7907
1160.64 476.64 39.4081 2.97807 36.9293
757.44 300.96 38.4734 2.32245 38.7138
456.48 466.56 37.3797 3.06953 38.1956
472.32 465.12 37.3294 3.05919 38.4896
508.32 682.56 37.6203 3.86546 38.2795
768.96 453.6 38.5419 2.96195 38.7014
411.84 519.84 37.2541 3.27706 38.1284
262.08 200.16 33.2282 0.66586 42.7607
365.76 512.64 36.8951 3.28724 38.4441
338.4 512.64 36.763 3.30186 38.4733
1153.44 606.24 39.3921 3.22909 36.9065
1176.48 587.52 39.4136 3.18579 36.8553
479.52 429.12 37.3574 2.91568 38.4711
462.24 429.12 37.6705 2.93811 37.5358
502.56 426.24 38.2556 2.95299 36.2984
637.92 355.68 38.0682 2.62529 38.2499
624.96 336.96 37.9917 2.5383 38.3334
1124.64 511.2 39.3849 3.05317 37.0579
259.2 436.32 31.1341 3.01458 46.1515
276.48 417.6 30.4964 2.71668 47.5447
504 293.76 37.7431 2.49867 37.6324
289.44 390.24 30.5559 2.27462 47.7425
709.92 433.44 38.2855 2.88386 38.662
679.68 432 38.3559 2.92291 37.501
604.8 424.8 37.9628 2.89698 38.2006
550.08 385.92 37.7614 2.75615 38.14
561.6 341.28 37.7484 2.57934 38.2967
532.8 332.64 37.6261 2.54079 38.2757
676.8 393.12 38.197 2.74894 38.3353
538.56 288 37.4932 2.26343 38.752
455.04 338.4 37.2002 2.53839 38.5187
404.64 397.44 36.877 2.7869 38.7602
224.64 264.96 24.4748 -1.0042 54.0282
203.04 262.08 25.0226 -0.775565 52.416
267.84 72 35.1197 0.614766 40.0144
313.92 151.2 33.911 0.27695 42.5439
289.44 116.64 34.2511 0.314247 41.5993
116.64 181.44 31.2923 0.398363 43.0067
616.32 223.2 37.895 2.05669 38.4797
528.48 106.56 36.6564 0.602713 40.7557
551.52 51.84 37.5332 1.2676 38.5595
336.96 155.52 34.0131 0.237339 42.7674
221.76 374.4 30.3443 2.19678 46.3178
200.16 524.16 36.2778 3.37315 38.2505
381.6 633.6 36.9927 3.774 38.4601
483.84 637.92 37.3622 3.79783 38.6683
600.48 371.52 37.9331 2.69738 38.1926
516.96 521.28 37.6362 3.263 38.208
550.08 446.4 38.2178 2.98662 36.6888
590.4 495.36 37.8962 3.14977 38.2851
578.88 450.72 37.8449 2.9955 38.2718
453.6 508.32 37.3891 3.22033 38.1871
810.72 207.36 38.6115 0.865326 42.3459
793.44 218.88 38.5933 1.89517 38.9817
688.32 357.12 38.1683 2.55591 38.8423
864 171.36 39.0229 0.468858 42.7089
1105.92 213.12 40.7414 1.06357 41.8315
1013.76 236.16 40.2527 1.0532 42.6132
954.72 260.64 40.0253 0.912411 44.1223
1061.28 252 40.5723 1.21978 42.3507
1045.44 308.16 41.1319 1.19812 45.2575
770.4 622.08 38.5587 3.66799 38.9657
781.92 439.2 38.5846 2.88949 38.6795
728.64 508.32 38.3961 3.18336 38.5313
1239.84 554.4 39.399 3.08994 36.5582
1205.28 538.56 39.4378 3.08458 36.7932
1124.64 662.4 39.3706 3.3587 37.0072
1221.12 622.08 39.4334 3.22243 36.7255
711.936 473.472 38.3583 3.05264 38.3117
767.232 314.496 38.5022 2.35665 38.8566
478.656 430.272 37.3521 2.91907 38.4714
516.672 307.584 37.5668 2.45249 38.2529
504.576 293.76 37.7405 2.49644 37.6411
1152.58 606.528 39.3937 3.22952 36.9063
1166.4 582.336 39.4068 3.17872 36.8904
1216.51 426.816 39.4539 2.88179 36.7879
775.872 468.288 38.5583 3.0258 38.695
825.984 437.184 38.7715 2.87136 38.9023
801.792 438.912 38.6673 2.8998 38.7737
1016.06 476.928 41.0729 3.02865 46.4124
1159.49 478.656 39.4117 2.97597 36.9503
513.216 438.912 37.8663 2.96306 37.4584
502.848 426.816 37.6118 2.91839 38.0428
1124.93 511.488 39.3834 3.05432 37.0578
1131.84 502.848 39.3795 3.03558 37.0133
686.016 361.152 38.1557 2.57412 38.8467
551.232 385.344 37.7741 2.75108 38.0792
648 191.808 37.9872 1.85708 38.6582
644.544 158.976 38.0051 1.77371 38.4616
722.304 283.392 38.3194 2.2456 38.7382
725.76 383.616 38.4113 2.72092 38.1128
366.336 511.488 36.8988 3.28737 38.4368
425.088 393.984 36.7178 2.73965 39.2973
520.128 397.44 37.6477 2.80126 38.1327
527.04 354.24 37.5731 2.61252 38.37
556.416 321.408 37.7913 2.52627 38.0457
371.52 437.184 36.5208 2.99715 39.1564
387.072 430.272 37.4875 2.96228 37.417
675.648 393.984 38.23 2.76811 38.2016
660.096 369.792 38.0995 2.64953 38.5497
404.352 397.44 36.4461 2.75103 39.6154
224.64 264.384 24.458 -1.00586 54.0113
231.552 216 31.649 0.413235 44.4513
298.944 255.744 28.0335 -0.670465 51.5326
293.76 250.56 28.1857 -0.688058 51.051
254.016 323.136 30.1811 1.30544 47.219
274.752 281.664 31.1661 0.868082 46.113
312.768 153.792 34.2266 0.447564 42.0088
274.752 186.624 32.7433 0.255159 43.6807
82.944 143.424 31.3006 0.138772 42.55
616.896 222.912 37.8859 2.02916 38.5612
373.248 241.92 31.4953 -0.197272 48.1462
416.448 240.192 32.986 0.137665 46.5488
485.568 219.456 34.865 0.390885 44.6086
399.168 293.76 29.0456 -0.39321 53.9083
528.768 107.136 36.7143 0.662224 40.5701
523.584 44.928 37.1038 0.811608 39.3973
528.768 112.32 36.613 0.593392 40.8772
476.928 181.44 35.1593 0.272372 43.4896
466.56 146.88 35.8417 0.559355 41.586
297.216 568.512 36.0949 3.68286 39.3192
511.488 540.864 37.5849 3.3546 38.297
639.36 537.408 38.1743 3.26764 37.9172
589.248 561.6 37.9959 3.36589 37.9596
400.896 573.696 37.0232 3.53571 38.5492
599.616 371.52 38.1192 2.75657 37.445
516.672 521.856 37.6399 3.26951 38.2119
618.624 489.024 38.1711 3.09486 37.5452
590.976 495.936 37.8962 3.14883 38.285
407.808 449.28 36.9265 3.01979 38.722
454.464 509.76 37.483 3.21883 37.9485
762.048 276.48 38.4897 2.22862 38.6635
689.472 355.968 38.1742 2.55857 38.8069
710.208 297.216 38.2564 2.29592 38.8092
665.28 279.936 38.0943 2.27007 38.5661
786.24 324.864 38.56 2.32287 39.2802
660.096 138.24 37.9916 1.5472 38.877
1123.2 292.032 41.7605 1.06679 44.8183
1244.16 285.12 42.4917 1.17479 43.828
1060.99 252.288 40.7543 1.0416 43.2057
943.488 539.136 39.242 3.26017 38.6685
900.288 528.768 39.0899 3.24358 38.9683
853.632 637.632 38.883 3.5546 38.0735
938.304 615.168 39.2971 3.64364 39.2667
729.216 549.504 38.4397 3.31002 38.2338
781.056 438.912 38.6363 2.91888 37.7658
694.656 499.392 38.3737 3.11819 37.7143
642.816 502.848 38.0932 3.16859 38.3171
767.232 514.944 38.5696 3.19538 38.3012
1245.89 575.424 39.3934 3.12159 36.5182
1138.75 615.168 39.3805 3.25522 36.9605
1124.93 644.544 39.3701 3.322 36.9993
1121.82 510.106 39.3843 3.05675 37.0569
534.989 441.677 37.6557 2.96121 38.3035
821.146 352.512 38.7417 2.48436 39.1986
516.326 418.867 37.4794 2.86525 38.5713
692.583 408.499 38.3293 2.83051 37.9655
452.045 383.616 38.4795 2.94111 35.5673
630.375 439.603 38.1805 2.95955 37.6168
60.1344 248.832 31.3216 1.31522 42.3638
646.963 190.771 37.9934 1.87792 38.5933
425.088 393.984 36.7786 2.74659 39.1566
510.106 362.88 37.3647 2.61304 38.7456
549.504 385.69 37.7814 2.7613 38.0774
539.136 367.027 37.5565 2.64122 38.5958
406.426 402.278 38.3144 2.94356 35.8322
385.69 406.426 37.0719 2.85891 38.1977
367.027 510.106 36.8642 3.29808 38.5127
555.725 321.408 37.8016 2.53123 38.0095
675.994 393.984 38.3512 2.81171 37.4333
667.699 375.322 38.2189 2.7115 38.0342
203.213 261.274 24.4555 -0.91324 53.2276
298.598 255.053 28.391 -0.576747 50.8936
327.629 226.022 31.4828 -0.11922 46.8085
238.464 107.827 33.8508 0.263786 41.4935
234.317 190.771 31.2546 -0.0969412 44.9921
184.55 182.477 31.7722 0.275188 43.3872
275.789 184.55 32.7484 0.251605 43.669
311.04 149.299 34.0047 0.315874 42.3703
74.6496 111.974 31.8438 0.0923645 41.8369
53.9136 70.5024 32.8189 0.248277 40.6512
43.5456 170.035 31.1006 0.495099 42.3361
91.2384 145.152 31.3483 0.149589 42.5753
161.741 172.109 31.6755 0.233884 43.2461
522.547 288.23 37.4065 2.26306 38.7669
638.669 354.586 38.0569 2.60909 38.314
373.248 199.066 33.8086 0.354462 43.8482
522.547 45.6192 37.0295 0.723614 39.5607
611.712 39.3984 37.8031 1.1791 38.6121
526.694 118.195 36.6422 0.664555 40.7891
476.928 180.403 35.4962 0.504379 42.6854
296.525 568.167 36.4384 3.59572 38.7223
308.966 431.309 31.3332 2.91624 46.971
201.139 522.547 35.0868 3.54717 39.8573
306.893 489.37 36.286 3.24166 38.9724
398.131 572.314 37.0159 3.54254 38.5514
412.646 586.829 36.8818 3.67307 38.9968
414.72 526.694 37.2149 3.3215 38.2474
481.075 634.522 37.3195 3.8177 38.78
593.05 425.088 37.9216 2.8968 38.16
599.271 371.174 37.9142 2.68791 38.2697
516.326 522.547 37.6291 3.26394 38.2228
551.578 445.824 37.7801 2.9841 38.1256
505.958 479.002 37.5586 3.12118 38.3107
590.976 495.59 37.9865 3.1495 37.9353
576.461 452.045 37.8799 2.99609 38.1191
462.413 429.235 37.4637 2.93691 38.0204
406.426 447.898 36.9177 3.01564 38.738
416.794 503.885 37.3299 3.21817 37.981
452.045 447.898 37.3854 3.00615 38.1168
412.646 452.045 37.1106 3.03844 38.3565
862.618 217.728 39.0668 0.852665 42.7639
856.397 327.629 38.9096 2.32421 39.4205
671.846 230.17 38.0966 2.01572 38.6892
750.643 267.494 38.4486 2.20563 38.6348
663.552 279.936 38.074 2.24737 38.6824
731.981 356.659 38.4449 2.63727 38.0352
931.047 182.477 39.4847 0.901305 41.6282
931.047 120.269 39.3354 0.942754 40.2854
680.141 186.624 38.1098 1.7873 38.8298
1161.22 298.598 42.2681 1.05911 45.2236
997.402 269.568 40.4626 0.941652 44.4287
955.93 261.274 40.0052 0.926874 44.0615
1059.61 250.906 40.7784 0.997046 43.3929
947.635 346.291 39.3194 2.41447 39.335
1009.84 136.858 39.7875 1.0121 40.386
640.742 537.062 38.178 3.27032 37.9476
758.938 551.578 38.5407 3.32882 38.41
729.907 547.43 38.4299 3.31409 38.3396
771.379 622.08 38.6268 3.47411 37.7404
684.288 360.806 38.1459 2.57328 38.8497
752.717 406.426 38.5579 2.83877 37.5671
725.76 381.542 38.4062 2.71654 38.1161
692.583 499.738 38.2746 3.15602 38.4703
642.816 501.811 38.0691 3.1791 38.4098
711.245 472.781 38.4499 3.03335 37.504
765.159 514.253 38.5594 3.19697 38.4995
729.907 510.106 38.4513 3.18096 38.1663
752.717 466.56 38.4638 3.02952 38.8591
1173.66 578.534 39.4111 3.16854 36.8695
1229.65 549.504 39.3989 3.08763 36.6005
1225.5 497.664 39.3953 3.00729 36.5932
852.25 636.595 38.8894 3.64155 38.6226
1157.07 226.022 41.2291 1.06194 42.2194
675.994 51.84 37.9412 0.873144 39.4124
403.108 395.643 36.8653 2.7779 38.7576
423.014 393.155 36.7595 2.74584 39.225
592.22 423.014 37.839 2.88087 38.4923
574.802 415.549 37.8341 2.85331 38.2932
709.171 388.178 38.3641 2.74776 38.13
719.125 283.669 38.3269 2.28681 38.5946
1184.44 597.197 39.4152 3.19278 36.8401
1174.49 572.314 39.4104 3.1502 36.8605
308.552 490.199 35.9251 3.27244 39.6352
306.063 435.456 30.6881 2.95425 48.0137
323.482 323.482 31.347 1.29276 47.0818
306.063 333.435 31.6769 1.61908 46.195
375.736 363.295 36.746 2.63613 38.7003
365.783 510.106 36.9768 3.26663 38.302
345.877 515.082 36.9235 3.27783 38.2031
350.853 480.246 36.5011 3.19728 39.0247
517.571 228.925 37.2148 1.88136 39.1556
515.082 418.038 37.6009 2.88659 38.2222
502.641 410.573 37.4596 2.836 38.4831
385.69 427.991 37.0578 2.94193 38.2509
385.69 408.085 37.0815 2.85871 38.1828
221.461 263.762 24.1249 -1.09994 54.4322
328.458 226.437 31.7686 0.00965853 46.2905
283.669 223.949 30.564 -0.197806 47.1072
273.715 328.458 31.8233 1.64979 45.1688
273.715 281.18 31.1136 0.857402 46.1917
273.715 184.136 32.7484 0.251605 43.669
311.04 149.299 34.0047 0.315874 42.3703
126.904 119.439 32.2003 0.0875577 42.0919
627.057 348.365 38.0115 2.59748 38.2993
340.9 258.785 28.3596 -0.844897 52.4815
418.038 241.367 32.8166 0.0656434 46.9136
343.388 345.877 29.5281 1.23876 50.7301
400.62 293.622 28.9469 -0.432603 54.1815
525.036 47.2781 37.0634 0.749516 39.4975
527.524 186.624 35.9371 0.508637 42.9059
475.269 179.159 35.5113 0.506583 42.6406
450.386 169.206 35.2737 0.457642 42.5525
296.11 567.337 36.0481 3.69291 39.3898
261.274 368.271 31.2631 2.12031 45.879
572.314 669.358 37.8173 3.85601 38.5065
445.409 522.547 37.7264 3.21466 37.3477
385.69 632.033 37.4549 3.58753 37.6028
482.734 634.522 37.9597 3.43899 37.0532
544.942 405.596 37.5608 2.81234 38.6791
599.685 370.76 38.1164 2.75678 37.4446
492.687 510.106 37.5715 3.22228 38.1277
549.919 447.898 37.7801 2.98461 38.1284
629.545 440.433 38.2407 2.94887 37.3441
574.802 452.874 37.8849 2.98698 38.118
423.014 418.038 37.0697 2.88531 38.5592
390.666 485.222 36.7317 3.20192 38.9669
413.061 452.874 36.9563 3.03456 38.7197
350.853 470.293 36.4869 3.15259 39.059
423.014 502.641 37.2572 3.22101 38.2153
452.874 447.898 37.3564 3.00188 38.2073
432.968 445.409 37.1352 3.00083 38.526
853.494 271.227 38.8543 2.13457 38.972
853.494 328.458 38.9112 2.33761 39.3189
801.239 355.83 38.6253 2.3626 40.2442
664.382 278.692 38.074 2.24737 38.6824
671.846 228.925 38.0966 2.01572 38.6892
689.265 355.83 38.199 2.57012 38.6925
651.94 350.853 38.0955 2.58684 38.3314
930.632 181.647 39.5122 0.7925 42.0548
681.8 184.136 38.1098 1.7873 38.8298
1157.07 223.949 41.25 1.03944 42.3113
997.816 268.739 40.4626 0.941652 44.4287
1057.54 251.32 40.7544 1.0239 43.247
948.05 348.365 39.3196 2.41946 39.3353
1007.77 136.858 39.7601 1.04192 40.3083
821.146 592.22 38.7532 3.51344 38.8672
898.284 525.036 39.0885 3.24164 38.9893
853.494 637.01 38.8815 3.57774 38.1976
756.449 549.919 38.574 3.26113 37.7186
771.379 622.08 38.5891 3.62029 38.6528
691.753 408.085 38.2731 2.81329 38.2962
778.844 437.944 38.5756 2.9012 38.672
751.473 405.596 38.5571 2.83966 37.5671
768.891 360.806 38.5741 2.65568 37.9591
694.241 500.152 38.2746 3.15602 38.4703
659.405 505.129 38.1495 3.18145 38.4139
1229.23 549.919 39.3958 3.08221 36.5843
1199.37 534.989 39.4346 3.07974 36.7974
1137.16 617.103 39.3794 3.25548 36.9639
1169.51 666.87 39.3991 3.3344 36.8583
982.887 641.987 39.4529 3.71107 39.0876
1199.37 497.664 39.4327 3.00718 36.797
1184.44 450.386 39.4326 2.92778 36.8653
1196.88 276.204 42.4384 0.876922 44.6939
373.248 199.066 33.812 0.341381 43.8293
74.6496 110.481 31.8258 0.069809 41.8628
1158.56 223.949 41.2562 1.02418 42.3627
1104.81 212.005 40.6754 1.10954 41.6434
1164.53 295.612 42.214 1.0817 45.074
203.047 522.547 35.2802 3.51908 39.6152
295.612 110.481 34.4304 0.33939 41.4167
480.743 633.029 37.6919 3.59247 37.7678
450.884 644.973 37.4188 3.74321 38.2048
612.127 203.047 37.8389 1.91304 38.6268
665.875 277.697 38.0943 2.25551 38.5897
671.846 226.935 38.099 2.01657 38.6924
997.319 268.739 40.4424 0.930669 44.4024
958.501 259.781 40.0364 0.921347 44.0445
1185.44 597.197 39.4175 3.19124 36.8316
134.369 659.903 36.4732 3.76914 37.7214
319.5 641.987 36.9542 3.73439 38.037
528.519 110.481 36.6049 0.589137 40.8707
310.542 149.299 33.9243 0.272521 42.4454
931.627 182.145 39.466 0.969327 41.4171
880.865 131.383 39.0425 1.02349 40.1838
1057.04 250.823 40.7798 0.956866 43.5957
1012.25 241.865 40.333 0.938125 43.2172
238.879 107.495 34.2656 0.487546 40.8494
259.781 59.7197 34.7868 0.383961 40.3554
450.884 170.201 35.334 0.488212 42.4012
465.814 146.313 35.8553 0.563476 41.5676
982.389 641.987 39.4415 3.68945 39.0213
220.963 262.767 24.6235 -0.971358 53.6737
373.248 653.931 37.0616 3.82778 38.3152
647.959 528.519 38.1202 3.27551 38.2907
444.912 522.547 37.7285 3.21455 37.3481
615.113 220.963 37.9129 2.04937 38.4048
767.398 516.575 38.5334 3.20943 38.7744
731.566 546.435 38.4271 3.31192 38.3674
767.398 361.304 38.5671 2.65592 37.9592
1176.48 573.309 39.4119 3.16758 36.8688
164.229 170.201 31.5957 0.131855 43.3735
689.762 355.332 38.1604 2.55511 38.9265
650.945 349.36 37.9637 2.48255 39.0659
641.987 504.631 38.111 3.17182 38.2523
1125.72 653.931 39.368 3.34394 37.0064
1122.73 659.903 39.3599 3.35268 37.0122
382.206 280.683 28.9447 -0.529626 53.2012
498.659 582.267 37.6773 3.45272 37.9422
552.407 543.449 37.7757 3.35016 38.2392
274.711 280.683 31.0709 0.839126 46.2419
331.444 226.935 31.3952 -0.159661 47.0204
283.669 223.949 30.2304 -0.331137 47.6121
307.556 489.701 36.2341 3.26659 39.1211
859.964 217.977 39.0881 0.574882 43.7997
949.543 349.36 39.3165 2.39944 39.4979
868.922 585.253 38.9012 3.34819 37.8361
731.566 510.603 38.4197 3.17906 38.4629
719.622 474.772 38.4684 3.03881 37.4394
1033.15 313.528 41.2135 1.05441 46.5313
507.617 480.743 37.6474 3.10878 38.0236
513.589 441.926 37.6329 2.96579 38.105
1203.35 465.814 39.4421 2.94976 36.7856
570.323 421.024 37.8098 2.89101 38.1987
680.805 185.131 38.1152 1.78261 38.8153
662.889 137.355 38.1707 1.85299 37.9655
853.992 328.458 38.8999 2.30672 39.5221
940.585 582.267 39.2375 3.42329 38.7218
937.599 543.449 39.1195 3.22996 38.0273
1125.72 582.267 39.3742 3.1993 37.0322
719.622 286.655 38.3222 2.27379 38.6508
865.936 426.996 39.0618 2.70608 41.145
456.856 510.603 37.4305 3.22733 38.0866
567.337 480.743 37.8372 3.10713 38.1891
630.043 438.94 38.0662 2.94582 38.1399
576.295 450.884 37.8488 2.99918 38.2092
534.491 343.388 37.6036 2.57916 38.303
304.57 432.968 31.029 2.94796 47.3805
391.164 486.715 36.7378 3.16937 38.9786
349.36 477.758 36.61 3.18529 38.8249
415.052 450.884 38.4236 2.99343 35.6289
671.846 388.178 38.209 2.74742 38.208
513.589 418.038 37.6009 2.88659 38.2222
564.351 226.935 38.6843 2.93701 35.1486
424.01 391.164 36.754 2.73681 39.2116
773.37 621.085 38.5654 3.63517 38.7662
853.992 636.015 38.8816 3.63922 38.5954
931.627 122.425 39.2726 1.05183 39.9754
1212.31 173.187 41.0872 1.06782 40.9526
1009.26 137.355 39.7956 0.989977 40.4723
738.135 634.223 38.4306 3.74521 38.942
770.384 619.89 38.6189 3.473 37.7661
928.044 121.828 39.333 0.945288 40.2982
881.463 128.995 39.0705 0.940174 40.4553
931.627 179.159 39.4304 1.09792 40.8863
1182.45 594.808 39.4178 3.19631 36.8174
480.146 630.64 37.305 3.78309 38.7962
455.064 634.223 37.7272 3.50813 37.4399
670.055 225.74 38.1042 2.01608 38.6627
849.214 634.223 38.8816 3.63922 38.5954
784.717 612.724 38.6705 3.4552 37.8723
996.125 268.739 40.376 1.0215 43.9626
960.293 257.989 40.1663 0.677762 45.1061
1200.37 275.905 41.9299 1.1967 43.3737
1153.78 225.74 41.1835 1.0691 42.0956
225.74 186.325 30.9207 -0.231882 45.3629
204.241 171.993 31.9638 0.126912 43.4453
343.985 71.6636 35.4248 0.444282 40.4489
759.635 279.488 38.4968 2.24913 38.5945
745.302 268.739 38.4406 2.21329 38.6508
727.386 379.817 38.4305 2.71501 38.0765
824.132 437.148 38.7824 2.90144 37.8831
476.563 179.159 35.8432 0.750051 41.8208
1139.45 619.89 39.3805 3.26351 36.9528
1128.7 290.238 41.7375 1.09644 44.5523
93.1627 150.494 31.2381 0.15986 42.7762
146.91 182.742 31.5938 0.388185 43.0973
272.322 279.488 31.1117 0.851692 46.1645
207.825 261.572 25.1428 -0.777528 52.3201
240.073 211.408 30.4838 -0.146292 46.1005
304.57 515.978 36.2686 3.37634 39.0515
644.973 530.311 38.1193 3.26272 38.301
318.903 641.39 36.8438 3.76484 38.2402
304.57 637.806 37.0949 3.65077 37.7304
333.236 619.89 36.6489 3.7856 38.7349
401.316 584.059 37.0112 3.59182 38.562
695.137 501.645 38.2744 3.1654 38.5105
1171.7 515.978 39.4211 3.05595 36.8999
447.898 562.56 37.7316 3.32037 37.386
455.064 512.395 37.4164 3.22974 38.1386
548.227 569.726 37.9532 3.36152 37.6141
892.212 551.81 39.0067 3.28397 38.2608
899.379 526.728 39.0824 3.23298 38.9059
870.713 523.145 38.9915 3.2295 38.9315
1031.96 315.32 41.2135 1.05441 46.5313
748.885 580.475 38.4838 3.48884 38.8731
763.218 519.561 38.5892 3.18138 37.9296
730.969 512.395 38.4487 3.17919 38.3367
505.229 480.146 37.5805 3.11254 38.2134
551.81 447.898 38.011 2.98006 37.3671
662.889 136.161 37.9999 1.53609 38.8827
272.322 329.653 31.4248 1.58213 45.7618
311.737 494.479 36.2108 3.26362 39.1463
720.219 286.655 38.276 2.22221 38.9024
297.404 250.823 28.1837 -0.701146 51.1415
530.311 343.985 37.519 2.54967 38.5842
555.393 286.655 37.7102 2.35844 38.317
791.883 229.324 38.4092 0.907625 42.9147
802.633 354.735 38.6656 2.4684 39.3769
1200.37 498.062 39.4331 3.00336 36.7971
1186.03 447.898 39.4346 2.90348 36.8641
512.395 415.649 37.5568 2.85073 38.3001
537.477 369.068 37.5508 2.64846 38.6182
759.635 490.896 38.486 3.12429 39.0002
713.053 476.563 38.333 3.0524 38.4889
766.801 472.98 38.5226 3.0466 38.9417
340.402 343.985 28.5782 1.02543 52.3747
326.07 322.486 27.0976 0.258605 54.3869
390.567 487.313 36.6972 3.24858 39.0138
415.649 451.481 37.4956 3.01091 37.6221
240.073 429.982 30.5384 2.93877 46.6033
336.819 390.567 28.5423 2.05067 52.3719
1135.87 566.143 39.3867 3.15939 36.9755
677.221 429.982 38.2021 2.88765 38.3567
544.644 232.907 37.5041 2.0124 38.7708
422.815 390.567 36.7535 2.73237 39.229
394.15 426.399 37.0851 2.9232 38.254
641.39 619.89 38.055 3.66227 38.5911
935.21 121.828 39.3461 0.908422 40.3903
870.713 168.41 39.0209 0.858092 41.4534
204.241 523.145 35.1549 3.53776 39.7965
526.728 186.325 35.9436 0.506295 42.8419
1207.53 175.576 41.0913 1.063 40.9788
571.876 417.082 37.8481 2.87436 38.1114
597.675 369.784 37.9189 2.68659 38.2067
765.368 361.185 38.5153 2.58316 38.7445
713.77 382.684 38.4074 2.76356 37.7977
343.985 610.574 36.6981 3.73114 38.733
300.987 584.775 36.5458 3.64522 38.6139
417.082 576.176 37.1679 3.51888 38.4545
374.084 507.379 36.7746 3.28454 38.7219
756.768 546.077 38.5291 3.31045 38.3452
730.969 541.777 38.4433 3.30082 38.2772
1057.76 356.885 40.2888 2.19145 41.3023
1031.96 313.887 41.3787 0.877726 47.5754
270.889 326.786 31.5402 1.60693 45.5688
296.687 283.788 31.9138 0.975586 45.5101
335.386 227.89 32.1404 0.121314 45.9209
799.766 257.989 38.6608 1.95864 39.5272
855.664 219.291 38.9873 0.826861 42.8911
795.466 227.89 38.6326 1.97172 38.822
692.271 356.885 38.1682 2.5518 38.8701
679.371 300.987 38.0958 2.27201 39.1361
902.962 378.384 39.1126 2.54774 39.3722
700.87 412.783 38.3459 2.83995 38.0765
670.772 382.684 38.0898 2.6749 38.8679
933.06 541.777 39.2143 3.28841 38.8957
391.283 485.879 36.7286 3.20066 38.983
417.082 447.181 37.0805 3.02463 38.4615
464.38 429.982 37.4062 2.95669 38.1644
528.878 343.985 37.6291 2.57326 38.2277
782.567 343.985 38.5611 2.44103 39.2362
752.468 296.687 38.4373 2.30702 38.8078
769.667 472.98 38.5307 3.04136 38.7321
713.77 477.28 38.3395 3.06036 38.4148
752.468 468.68 38.5534 3.03385 37.963
726.669 434.282 38.4894 2.91585 37.6567
335.386 386.984 29.745 2.07834 50.2634
343.985 472.98 36.6184 3.15384 38.7727
309.587 494.479 36.3548 3.26085 38.8947
524.578 232.19 37.6396 2.18388 38.0503
511.678 412.783 37.5662 2.84677 38.2509
537.477 365.485 37.7723 2.71541 37.9296
855.664 326.786 38.9012 2.34573 39.2321
262.289 429.982 31.2544 2.99628 45.9867
399.883 326.786 24.3186 -0.807814 63.0951
627.773 438.581 38.5816 2.97278 35.736
993.258 464.38 40.6388 2.9269 45.427
1139.45 563.276 39.3907 3.16017 36.9634
1113.65 511.678 39.3741 3.05911 37.0572
933.06 614.874 39.2617 3.65046 39.2171
1139.45 619.174 39.3853 3.26081 36.9515
1178.15 515.978 39.4215 3.05152 36.9011
657.872 503.079 38.1658 3.18205 38.2609
795.466 412.783 38.6229 2.73989 39.313
851.364 632.073 38.8686 3.66188 38.7475
1001.86 137.594 39.7956 0.989977 40.4723
1053.46 249.389 40.4846 1.19414 42.3998
963.159 257.989 40.0402 0.93132 43.9631
666.472 137.594 38.0107 1.55657 38.8217
872.863 167.693 39.0322 0.870217 41.3764
808.366 210.691 38.5807 0.805105 42.6109
881.463 128.995 39.0732 0.921871 40.493
666.472 275.188 38.102 2.24791 38.5563
885.763 214.991 39.1886 1.00668 42.0901
597.675 580.475 37.501 3.73922 40.1222
477.28 176.293 35.4499 0.414402 42.8401
528.878 111.795 36.6273 0.6724 40.7568
365.485 236.49 31.732 -0.120197 47.3395
171.993 167.693 31.5168 0.0996009 43.4797
305.287 146.194 33.9243 0.271313 42.2689
240.79 210.691 30.3135 -0.21959 46.4743
296.687 120.395 34.3465 0.361021 41.4785
219.291 262.289 25.8675 -0.613525 51.9446
1109.35 210.691 40.7303 1.07515 41.7923
732.689 546.937 38.4795 3.30166 38.2773
758.488 521.138 38.5317 3.21414 38.5508
799.766 227.03 38.5641 1.44278 40.6619
340.546 263.149 28.1552 -0.876411 52.8393
423.102 242.51 32.7186 0.00594763 47.3215
701.73 412.783 38.3399 2.83461 38.1001
639.813 412.783 38.2537 2.86539 37.3841
309.587 500.499 36.3562 3.27907 38.9041
278.628 283.788 30.9857 0.786697 46.4088
386.984 495.339 36.7366 3.2136 38.9803
459.221 546.937 37.339 3.38824 38.4161
567.576 423.102 37.8757 2.86367 38.0301
536.617 371.504 37.5487 2.65639 38.6188
841.044 350.865 38.7535 2.88669 35.7254
1016.48 356.025 40.854 1.68061 45.4256
1031.96 314.747 41.2927 0.956109 47.0258
1150.63 479.86 39.403 2.96977 36.9628
392.143 428.262 37.1468 2.96767 38.0533
624.334 438.581 38.1358 2.94901 37.7796
1006.16 588.215 39.4657 3.40162 38.5008
1140.31 619.174 39.3799 3.26387 36.9491
1124.83 598.535 39.3797 3.22538 37.0002
763.648 479.86 38.5192 3.05825 38.7799
644.973 619.174 38.1498 3.57384 38.1639
1001 139.314 39.7888 0.967762 40.5376
928.761 123.835 39.3336 0.928281 40.3313
665.612 139.314 38.0544 1.59704 38.7332
872.003 170.273 39.0209 0.858092 41.4534
727.529 340.546 38.3564 2.50107 38.6678
650.133 350.865 37.8511 2.4373 39.5969
665.612 273.468 38.102 2.24791 38.5563
851.364 221.871 38.9575 0.816315 42.9674
459.221 438.581 37.2828 2.98314 38.489
557.256 474.7 37.7949 3.08748 38.1728
588.215 423.102 37.8089 2.86682 38.6098
583.055 572.736 38.1016 3.32498 37.4674
588.215 500.499 37.9741 3.15651 37.9896
304.427 583.055 36.3853 3.69274 38.885
526.298 113.515 36.6046 0.592571 40.8723
531.458 345.705 38.2689 2.81183 36.3644
588.215 232.19 38.4849 2.73264 35.9022
216.711 263.149 26.5671 -0.426662 50.9564
268.309 330.226 31.0837 1.5262 46.2404
1109.35 211.551 40.3943 1.40719 40.5534
879.227 315.779 39.0192 2.12218 40.4215
934.953 309.587 39.1109 2.42233 38.2183
557.256 390.08 38.0306 2.83344 37.3067
674.9 222.903 38.2691 2.2081 37.7715
681.091 179.56 38.0807 1.74566 38.8143
804.926 352.929 38.6955 2.59449 38.2112
835.885 309.587 38.7713 2.28922 39.1776
421.038 291.012 29.4516 -0.409579 53.6355
414.846 445.805 37.4235 2.98942 37.7185
736.817 513.914 38.4414 3.19413 38.451
934.953 538.681 39.1902 3.28256 38.7761
910.186 470.572 39.3204 3.01044 41.9411
1126.9 594.407 39.3665 3.22147 37.0126
761.584 476.764 38.5192 3.04055 38.7679
674.9 383.888 38.1646 2.70544 38.5051
650.133 526.298 38.1631 3.24035 38.0731
891.61 544.873 39.0371 3.34702 39.399
934.953 173.369 39.3094 1.39583 39.8552
996.87 136.218 39.7798 0.971215 40.5409
928.761 123.835 39.3336 0.928281 40.3313
1114.51 210.519 40.7915 1.05628 41.7493
718.242 284.82 38.3337 2.27868 38.566
817.31 235.286 38.6463 0.651561 44.1229
557.256 470.572 37.769 3.07564 38.2559
451.997 563.448 38.0506 3.21656 36.6239
464.38 513.914 37.3748 3.26311 38.2924
582.023 569.64 38.2441 3.27113 36.9145
284.82 569.64 36.1718 3.6453 39.1011
532.49 340.546 37.9181 2.67441 37.413
594.407 235.286 37.7816 2.07744 38.5459
117.643 117.643 32.4292 0.179298 41.5859
359.121 235.286 31.7377 -0.0991203 47.6016
683.568 289.773 38.0563 2.23704 39.3928
661.278 148.602 38.0277 1.56918 38.8348
698.428 527.536 38.2794 3.23754 38.5305
646.418 520.106 38.1505 3.21679 38.1328
705.858 349.214 38.2073 2.57098 38.7288
802.449 356.644 38.7305 2.55307 38.5235
958.481 319.494 39.3034 2.39726 38.5487
921.331 312.064 39.1998 2.32989 38.819
1129.37 512.676 39.3936 3.03757 36.9753
282.343 282.343 32.398 1.17755 44.3694
564.687 274.913 37.6077 2.18347 38.692
676.138 386.365 38.1533 2.70289 38.5739
638.987 371.504 38.1752 2.70726 37.8059
690.998 356.644 38.1883 2.56923 38.7777
646.418 349.214 37.8918 2.44443 39.434
765.299 497.816 38.548 3.0717 38.4325
906.471 475.526 39.1769 3.01223 39.0264
928.761 542.396 39.2085 3.29162 38.869
951.051 497.816 39.1606 3.07508 37.7906
757.869 475.526 38.4957 3.02638 39.143
713.288 386.365 38.3683 2.73529 38.1289
869.32 423.515 39.0672 2.77187 39.7808
869.32 527.536 38.99 3.25603 38.834
973.341 341.784 39.4812 2.44595 39.2399
965.911 260.053 40.1321 0.853487 44.2563
1129.37 289.773 41.3169 1.40057 42.8795
1032.78 252.623 40.5428 1.09599 42.8964
668.708 200.612 38.1411 1.97874 38.389
876.75 163.462 39.0209 0.858092 41.4534
743.009 274.913 38.3685 2.13351 38.9342
505.246 408.655 37.5131 2.83408 38.367
557.256 453.235 37.9615 3.0065 37.6712
408.655 572.117 37.262 3.47826 38.1217
586.977 505.246 37.9257 3.16731 38.1852
312.064 490.386 36.5806 3.24888 38.5276
520.106 178.322 35.9385 0.500482 42.6743
341.784 230.333 32.9789 0.424269 44.945
326.924 148.602 33.4746 -0.0577839 43.4538
297.203 141.172 33.5758 0.211243 42.5457
326.924 319.494 32.2952 1.44777 45.6389
1114.51 208.042 40.5685 1.23877 41.1035
463.637 517.134 37.5681 3.25178 37.7756
508.218 410.141 37.5899 2.83466 38.0869
472.554 410.141 37.1249 2.80623 38.8491
526.05 285.315 38.1857 2.67079 36.5684
615.211 454.721 38.2034 2.97753 37.4503
650.876 347.728 38.0573 2.52905 38.6109
668.708 303.148 38.1165 2.37189 38.47
668.708 276.399 38.1045 2.22947 38.5463
704.372 517.134 38.298 3.23961 38.485
757.869 481.47 38.5459 3.06388 38.3393
713.288 481.47 38.3615 3.06947 38.3224
329.896 320.98 31.9027 1.33862 46.3518
757.869 347.728 38.5525 2.64668 37.9177
713.288 356.644 38.381 2.62435 37.9666
1043.18 365.56 40.0151 2.35428 41.0364
954.023 383.392 39.6156 2.49267 40.4036
971.855 543.882 39.3347 3.27287 38.9101
927.275 543.882 39.2137 3.30169 39.0699
722.204 436.889 38.4545 2.9255 37.7734
704.372 410.141 38.3766 2.82072 37.6731
677.624 392.309 38.2767 2.75865 37.823
873.778 427.973 39.0808 2.7181 40.2657
882.694 169.406 39.0394 0.790627 41.702
748.953 276.399 38.3717 2.16125 38.9262
454.721 445.805 37.1637 2.99311 38.8109
561.715 463.637 37.7575 3.06583 38.2601
517.134 534.966 37.842 3.24011 37.6077
312.064 490.386 37.0935 3.21693 37.7005
526.05 231.819 37.1604 1.95241 39.2275
633.043 178.322 37.956 1.87922 38.4011
490.386 347.728 37.8336 2.76044 37.2475
543.882 329.896 37.713 2.52402 38.1491
588.463 258.567 37.6534 2.09014 38.9488
