1022 372 -15.2273 -0.641079 1.89203
1017 632 -14.7988 -0.404226 1.80472
1177 268 -14.7071 -0.655503 1.88198
1258 282 -14.6295 -0.630836 1.89878
1112 34 -15.7478 -1.29799 2.14559
1233 428 -14.6562 -0.549434 1.89505
1049 395 -15.263 -0.618123 1.92921
1090 502 -15.2519 -0.493279 1.97525
1155.7 371.8 -14.7647 -0.593569 1.88698
1023.1 371.8 -15.2463 -0.644059 1.89501
1138.8 497.9 -14.8277 -0.505623 1.89493
1090.7 470.6 -15.1897 -0.531089 1.95928
1076.4 473.2 -15.2273 -0.527026 1.95367
1008.8 473.2 -15.2712 -0.522845 1.88759
1019.2 228.8 -15.2582 -0.820883 1.89297
1225.9 338 -14.6625 -0.603407 1.89373
1010.1 340.6 -15.2567 -0.681792 1.88075
1071.2 280.8 -15.3579 -0.778933 1.97807
1111.5 33.8 -15.7478 -1.29799 2.14559
1099.8 26 -15.7653 -1.31715 2.1297
1041.3 40.3 -15.7458 -1.28722 2.02552
1020.5 139.1 -15.2196 -0.922196 1.88822
1254.5 568.1 -14.6826 -0.466567 1.91714
1223.3 620.1 -14.7251 -0.431204 1.91447
1185.6 650 -14.7412 -0.408939 1.89836
1030.9 569.4 -15.2442 -0.412741 1.90938
1231.1 400.4 -14.6613 -0.56643 1.89604
1001 516.1 -15.2461 -0.473999 1.87445
1090.7 503.1 -15.2678 -0.493145 1.98016
1036.1 474.5 -15.2896 -0.523665 1.92202
1019.07 187.59 -15.1931 -0.853803 1.88364
1161.03 111.54 -14.7691 -0.784098 1.89407
1169.48 297.44 -14.7221 -0.638957 1.88277
1223.56 280.54 -14.6464 -0.634309 1.88724
1110.33 33.8 -15.7053 -1.28139 2.13323
1019.07 138.58 -15.1836 -0.910362 1.87954
1206.66 561.08 -14.7431 -0.465993 1.91177
1174.55 677.69 -14.717 -0.395949 1.88371
1128.92 679.38 -14.834 -0.370896 1.89042
1095.12 571.22 -15.1924 -0.419132 1.9681
1025.83 589.81 -15.2327 -0.390373 1.90118
1027.52 677.69 -14.8854 -0.356193 1.82887
1149.2 392.08 -14.7781 -0.580503 1.88816
1228.63 398.84 -14.6639 -0.566665 1.89688
1047.8 397.15 -15.2705 -0.617776 1.92893
1000.48 513.76 -15.2639 -0.476447 1.87686
1020.76 447.85 -15.2751 -0.555504 1.90278
1090.05 505.31 -15.2222 -0.49291 1.96799
1090.05 469.82 -15.2087 -0.531318 1.96404
1041.04 38.87 -15.7439 -1.28748 2.02674
1041.38 41.743 -15.7668 -1.29662 2.03153
1047.97 397.657 -15.2107 -0.612283 1.91879
1021.6 551.447 -15.239 -0.429576 1.89553
1223.73 338.338 -14.6713 -0.604252 1.89535
1206.15 342.732 -14.6632 -0.601271 1.88357
1171 296.595 -14.739 -0.641089 1.88704
1023.8 483.34 -15.2544 -0.513796 1.90521
1021.6 445.991 -15.2454 -0.553258 1.89314
1184.18 654.706 -14.7384 -0.408541 1.89732
1155.62 555.841 -14.8052 -0.46487 1.90015
1155.62 432.809 -14.7827 -0.55176 1.89272
1012.82 432.809 -15.3222 -0.572067 1.89626
1142.44 498.719 -14.8024 -0.505909 1.88884
1223.73 226.291 -14.6612 -0.66968 1.89119
1124.86 116.441 -14.8306 -0.803278 1.88776
1222.41 339.876 -14.6605 -0.602847 1.89126
1168.14 294.178 -14.7254 -0.641958 1.88053
1019.63 554.083 -15.2414 -0.434875 1.89655
1139.58 559.796 -14.833 -0.461172 1.89801
1219.55 662.615 -14.7064 -0.407322 1.90918
1079.61 496.961 -15.315 -0.500891 1.98062
1022.48 482.681 -15.3222 -0.513608 1.90586
1031.05 262.761 -15.2684 -0.775865 1.90994
1139.58 614.061 -14.8313 -0.419771 1.90033
1185.28 428.415 -14.7299 -0.552649 1.89465
1136.73 479.825 -14.8328 -0.51854 1.89359
1013.92 188.503 -15.2554 -0.864623 1.8865
1162.43 108.532 -14.7566 -0.782482 1.89188
1143.58 393.57 -14.7677 -0.578155 1.88064
1017.34 478.968 -15.2596 -0.514881 1.89836
1136.16 478.968 -14.8165 -0.522034 1.89424
1091.6 504.958 -15.1855 -0.493494 1.95943
1125.02 441.839 -14.8274 -0.547372 1.88444
1039.62 542.088 -15.2309 -0.444052 1.91285
1191.85 634.911 -14.7722 -0.412697 1.9174
1147.3 612.633 -14.8513 -0.418277 1.90749
1017.34 141.091 -15.2364 -0.92942 1.88875
1008.8 222.033 -15.2358 -0.820774 1.88226
1124.65 439.24 -14.833 -0.549725 1.88529
1018.46 366.837 -15.1162 -0.635296 1.87081
1008.8 188.246 -15.2729 -0.874491 1.88146
1013.63 139.977 -15.2227 -0.919043 1.88135
1008.8 342.703 -15.2869 -0.685178 1.88631
1016.53 363.941 -14.9577 -0.620533 1.84364
1022.8 552.187 -15.1733 -0.431899 1.88844
1148.3 213.345 -14.7097 -0.695028 1.86692
1076.76 244.719 -15.3132 -0.807515 1.96265
1093.08 505.753 -15.159 -0.487859 1.95569
1093.08 309.978 -14.9792 -0.659575 1.90721
1018.03 434.784 -15.3187 -0.544733 1.91037
954.405 254.508 -15.1676 -0.765569 1.81336
901.382 371.157 -15.4302 -0.670203 1.78398
933.196 434.784 -15.4859 -0.571917 1.84848
731.71 392.366 -20.1397 -1.00326 1.17871
710.501 434.784 -14.7458 -0.547732 1.58828
636.27 498.411 -14.9924 -0.465757 1.50372
572.643 509.016 -16.1065 -0.396144 1.17299
593.852 509.016 -16.3116 -0.372737 1.09668
360.553 424.18 -14.8133 -0.531863 1.26344
816.546 455.993 -15.2369 -0.538445 1.66061
689.292 509.016 -20.3833 -0.182708 0.826011
222.694 349.948 -14.6673 -0.577754 1.24251
996.823 328.739 -15.2337 -0.6926 1.85793
455.993 424.18 -15.5777 -0.540888 1.0671
933.196 275.717 -15.3998 -0.807124 1.83738
519.62 286.321 -15.1214 -0.714939 1.30497
275.717 477.202 -14.6786 -0.486115 1.27736
615.061 212.09 -15.9978 -1.0795 1.23537
296.926 498.411 -14.6765 -0.465361 1.28957
228.405 350.764 -14.7103 -0.580453 1.21481
187.618 179.461 -14.6023 -0.679008 1.24785
636.27 212.09 -16.6037 -1.20588 1.11063
424.18 154.989 -15.691 -1.05645 0.942471
277.348 481.281 -14.8234 -0.47807 1.20139
309.978 546.539 -14.6532 -0.442117 1.32918
220.247 505.753 -14.6494 -0.465203 1.25897
228.405 554.697 -14.64 -0.429064 1.27811
187.618 358.921 -14.5937 -0.563657 1.26051
252.876 375.236 -14.7568 -0.565306 1.20771
195.775 424.18 -14.6231 -0.528427 1.25442
399.708 513.91 -14.976 -0.451314 1.24298
530.225 399.708 -15.5287 -0.62397 1.19372
530.225 464.966 -15.4804 -0.526622 1.21988
497.596 399.708 -15.4674 -0.592642 1.1712
456.809 424.18 -15.2923 -0.54836 1.17895
742.315 293.663 -18.3665 -1.29301 1.31407
987.034 334.449 -15.277 -0.697967 1.86098
929.933 179.461 -15.691 -1.00667 1.82574
807.573 538.382 -14.9314 -0.454873 1.65357
709.685 546.539 -14.7804 -0.445933 1.58619
734.157 464.966 -14.6673 -0.518349 1.61136
954.405 473.124 -15.0217 -0.519742 1.79171
921.775 367.079 -15.5758 -0.687906 1.80242
978.877 383.393 -15.144 -0.619046 1.82963
571.011 505.753 -15.6738 -0.437342 1.22475
832.045 489.438 -15.0827 -0.494883 1.66813
856.517 513.91 -14.9657 -0.478311 1.69721
440.494 318.135 -15.6973 -0.745258 0.99666
301.82 195.775 -14.6278 -0.680563 1.30684
228.405 252.876 -14.7465 -0.656798 1.19236
301.193 232.169 -14.6602 -0.667 1.2968
138.047 244.719 -14.5933 -0.634713 1.21952
131.772 313.743 -14.5865 -0.590295 1.22243
225.895 345.117 -14.67 -0.580253 1.23609
520.813 263.544 -16.1454 -0.961748 0.967974
263.544 539.637 -14.6378 -0.445052 1.29541
320.017 552.187 -14.6311 -0.444529 1.34127
313.743 426.69 -14.9448 -0.539461 1.15964
188.246 370.216 -14.6144 -0.553585 1.25142
138.047 439.24 -14.5892 -0.512694 1.23467
596.111 508.263 -17.0455 -0.335202 0.983684
589.836 564.737 -16.3241 -0.276005 1.1334
458.064 420.415 -15.39 -0.551683 1.14819
640.035 213.345 -16.4682 -1.17479 1.18396
941.228 326.292 -15.2855 -0.694438 1.80296
985.151 332.567 -15.3842 -0.712485 1.86707
847.105 489.438 -14.9275 -0.501926 1.68659
853.38 545.912 -15.1922 -0.433862 1.69846
527.087 426.69 -15.4143 -0.563663 1.22043
332.567 232.169 -16.5791 -1.10823 0.299511
225.895 282.368 -14.6769 -0.626613 1.22356
803.181 545.912 -14.9723 -0.439076 1.65178
752.982 552.187 -14.6315 -0.459764 1.62259
608.178 207.553 -16.4823 -1.1835 1.10107
342.703 313.743 -15.1773 -0.680089 1.05767
101.363 333.05 -14.5885 -0.577857 1.20174
193.072 342.703 -14.6044 -0.568694 1.26026
299.262 111.017 -14.7236 -0.770425 1.24098
637.139 279.955 -17.6609 -1.21017 0.955549
444.066 313.743 -15.5704 -0.743172 1.03842
448.893 173.765 -15.815 -1.06171 0.924858
342.703 535.776 -14.7176 -0.447241 1.31315
323.396 617.831 -14.6882 -0.395642 1.32426
289.608 497.161 -14.7057 -0.472313 1.2742
111.017 386.145 -14.591 -0.541138 1.21351
188.246 371.664 -14.6238 -0.55331 1.24717
159.285 434.413 -18.9224 -0.53711 -1.9613
574.39 569.563 -15.7185 -0.323982 1.25599
448.893 468.2 -15.3296 -0.490629 1.15739
651.619 279.955 -17.6578 -1.21981 1.0345
830.211 120.67 -16.0755 -1.26406 1.67365
641.965 217.206 -16.6335 -1.20755 1.17063
777.116 149.631 -16.2054 -1.24518 1.54805
641.965 506.815 -20.9781 -0.237385 0.497999
453.72 598.524 -15.2348 -0.335227 1.22129
448.893 617.831 -15.3756 -0.282308 1.16195
453.72 501.988 -15.2924 -0.447677 1.17855
477.854 526.122 -15.4543 -0.407565 1.16359
458.547 559.91 -15.3673 -0.365908 1.17127
222.033 569.563 -14.6053 -0.429481 1.29437
241.34 366.837 -14.6927 -0.564012 1.23744
241.34 410.279 -14.6881 -0.534706 1.24624
815.731 458.547 -15.0387 -0.518079 1.65374
815.731 468.2 -14.8225 -0.520541 1.6587
931.574 497.161 -14.8951 -0.492215 1.75941
849.518 366.837 -16.2647 -0.755823 1.73201
559.91 506.815 -16.407 -0.395548 1.03831
429.586 415.105 -15.2153 -0.553936 1.16965
111.017 439.24 -14.5937 -0.508304 1.21599
101.363 468.2 -14.5986 -0.490567 1.20765
931.574 178.592 -15.2855 -0.894488 1.79062
424.759 347.53 -15.2926 -0.648415 1.12343
118.814 215.35 -14.5815 -0.653695 1.21146
267.331 89.1103 -14.6075 -0.74265 1.29123
141.091 115.101 -15.5169 -1.08485 0.465905
523.523 267.331 -17.1287 -1.15353 0.681503
556.939 81.6844 -15.6171 -1.17084 1.20305
623.772 74.2586 -15.679 -1.20533 1.29615
605.207 207.924 -16.5391 -1.19921 1.07745
397.283 118.814 -15.0803 -0.905985 1.15297
452.977 178.221 -16.0912 -1.14153 0.825376
657.188 282.183 -17.6203 -1.20886 1.05497
753.725 245.053 -17.2078 -1.25087 1.42862
660.901 319.312 -18.3125 -1.17356 0.957676
738.873 297.034 -18.2183 -1.26249 1.31729
831.696 118.814 -16.0755 -1.26406 1.67365
824.27 144.804 -16.2598 -1.26557 1.65787
783.428 122.527 -16.0523 -1.25364 1.56333
646.05 204.211 -16.63 -1.22996 1.16679
776.002 148.517 -16.2054 -1.24518 1.54805
805.706 553.226 -15.0126 -0.434317 1.6475
746.299 631.198 -14.962 -0.366716 1.59843
471.542 579.217 -15.3263 -0.343912 1.20241
872.538 486.394 -15.9751 -0.491555 1.76536
672.04 375.006 -18.2669 -0.952875 1.02544
245.053 371.293 -14.6994 -0.563829 1.23402
219.063 423.274 -14.6253 -0.524364 1.26592
267.331 408.422 -14.7208 -0.537936 1.24304
813.132 467.829 -14.91 -0.515164 1.6579
835.409 475.255 -14.9626 -0.508391 1.67326
920.806 360.154 -15.8735 -0.723694 1.84605
434.413 616.346 -15.1347 -0.325504 1.22772
478.968 352.728 -15.4105 -0.661884 1.15826
404.709 386.145 -15.1413 -0.589614 1.16437
349.015 430.7 -15.051 -0.537114 1.14229
412.135 412.135 -15.4089 -0.575504 1.06581
222.776 571.791 -14.634 -0.426148 1.27721
241.34 571.791 -14.6598 -0.424384 1.2743
70.5457 441.839 -14.5796 -0.505692 1.19666
115.101 441.839 -14.5903 -0.506974 1.21831
980.213 400.996 -15.2656 -0.607296 1.85015
70.5457 367.58 -14.5856 -0.553382 1.18237
111.388 386.145 -14.5882 -0.542291 1.21362
341.589 534.662 -14.7151 -0.448503 1.31638
189.359 263.618 -14.6406 -0.632427 1.22278
222.776 493.82 -14.6399 -0.473797 1.26817
991.352 170.795 -15.2312 -0.886951 1.85442
987.639 207.924 -15.2674 -0.843263 1.85295
512.384 616.346 -15.8248 -0.21628 1.11156
534.662 590.356 -15.8814 -0.259318 1.13839
452.977 471.542 -15.3505 -0.487946 1.15372
605.207 545.801 -17.3519 -0.251048 0.970052
575.504 571.791 -16.2437 -0.252662 1.12173
117.1 211.351 -14.5879 -0.656521 1.20411
57.122 331.308 -14.5903 -0.57458 1.16903
565.508 311.315 -18.0914 -1.15518 0.572604
488.393 257.049 -15.4307 -0.820528 1.15264
562.652 82.8269 -15.5308 -1.13123 1.21968
625.486 77.1147 -15.657 -1.18148 1.31128
319.883 654.047 -14.6618 -0.372261 1.33308
634.054 645.479 -21.4097 0.806901 0.397969
662.615 319.883 -18.644 -1.22016 0.916837
736.874 297.034 -18.4055 -1.28021 1.29347
833.981 117.1 -16.0316 -1.25875 1.68278
822.557 148.517 -16.2547 -1.26154 1.65726
711.169 197.071 -16.4775 -1.21166 1.37137
774.003 151.373 -16.2054 -1.24518 1.54805
745.442 631.198 -14.9174 -0.371719 1.60179
888.247 377.005 -15.7837 -0.683799 1.77237
919.664 359.869 -15.7664 -0.716032 1.83801
471.256 576.932 -15.3679 -0.342067 1.18974
873.966 485.537 -15.9883 -0.490282 1.76546
851.118 408.422 -16.4733 -0.674735 1.74449
674.039 374.149 -19.6601 -1.05479 0.799098
811.132 468.4 -14.844 -0.515259 1.65608
825.413 482.681 -14.9119 -0.504591 1.66756
719.737 365.581 -21.4942 -1.29975 0.921552
608.349 536.947 -17.3519 -0.251048 0.970052
579.788 568.364 -16.4551 -0.239826 1.09112
434.127 614.061 -15.1883 -0.314834 1.21044
456.976 619.774 -15.2913 -0.291074 1.20195
488.393 636.91 -15.3718 -0.252768 1.21906
402.71 385.573 -15.1646 -0.592052 1.1539
359.869 416.991 -15.2226 -0.551652 1.08097
414.134 411.278 -15.3317 -0.566825 1.10147
222.776 371.293 -14.683 -0.562004 1.22849
245.625 374.149 -14.6943 -0.560227 1.23924
933.945 282.754 -18.5479 -1.38959 2.15424
259.905 539.803 -14.6471 -0.445797 1.29021
237.056 574.076 -14.6349 -0.426512 1.28809
991.067 385.573 -15.25 -0.624395 1.85855
979.642 402.71 -15.2594 -0.608395 1.84663
848.262 596.925 -14.7302 -0.427787 1.6814
813.988 662.615 -14.7939 -0.373979 1.66079
836.837 648.335 -14.799 -0.384017 1.67621
425.559 436.983 -15.1922 -0.529149 1.18254
454.12 471.256 -15.3396 -0.485745 1.1617
436.983 502.674 -15.4135 -0.440844 1.11563
454.12 496.961 -15.392 -0.448933 1.14789
771.147 576.932 -14.9877 -0.412668 1.62059
242.768 496.961 -14.6755 -0.472459 1.25674
219.92 345.588 -14.6828 -0.582904 1.22469
71.4025 157.085 -14.6183 -0.703494 1.1362
65.6903 188.503 -14.6016 -0.676726 1.14693
154.229 225.632 -14.5666 -0.64063 1.24901
154.229 254.193 -14.6069 -0.628168 1.22257
111.388 385.573 -14.5758 -0.541669 1.22369
68.5464 431.271 -14.5867 -0.512064 1.18822
959.649 225.632 -15.2648 -0.818396 1.82171
953.937 268.473 -15.283 -0.779725 1.82102
942.513 142.805 -15.2455 -0.92388 1.79894
993.923 168.51 -15.2453 -0.889324 1.85929
285.61 148.517 -14.5994 -0.70083 1.31345
265.617 88.5391 -14.6031 -0.742838 1.29473
139.949 59.9781 -14.7709 -0.84288 1.05595
559.796 596.925 -16.2465 -0.198794 1.09181
819.701 308.459 -18.6439 -1.29386 1.66778
796.852 334.164 -20.006 -1.34721 1.5394
322.739 579.788 -14.6767 -0.419219 1.32589
191.359 377.005 -14.5761 -0.549472 1.27799
137.093 431.271 -14.5919 -0.514513 1.23335
191.359 422.703 -14.6156 -0.522405 1.25588
982.498 639.766 -14.8406 -0.392027 1.78311
322.739 57.122 -14.5644 -0.747583 1.35282
237.056 654.047 -14.563 -0.391404 1.33574
894.179 83.486 -15.8855 -1.26597 1.78577
683.267 652.509 -20.1421 0.63561 0.910476
650.312 505.31 -20.7309 -0.233444 0.558102
852.436 408.642 -16.0382 -0.644123 1.72935
377.884 342.732 -15.136 -0.640758 1.13042
402.051 386.672 -15.1646 -0.592052 1.1539
360.308 417.43 -15.1752 -0.550581 1.09363
188.942 377.884 -14.6136 -0.551374 1.25216
213.109 421.824 -14.62 -0.525071 1.26678
812.89 467.961 -14.9677 -0.5159 1.6518
533.871 593.19 -15.8526 -0.253026 1.14159
417.43 476.749 -15.1605 -0.479946 1.18323
456.976 472.355 -15.3415 -0.483795 1.16474
459.173 494.325 -15.3361 -0.454122 1.17094
483.34 637.13 -15.3691 -0.255568 1.21283
445.991 672.282 -15.2335 -0.238346 1.20864
248.261 454.779 -14.6931 -0.502981 1.25
221.897 500.916 -14.6312 -0.471794 1.27205
243.867 498.719 -14.6797 -0.472351 1.25627
215.306 529.477 -14.6297 -0.454405 1.26989
221.897 573.417 -14.6312 -0.42507 1.2774
448.188 292.201 -15.4789 -0.764429 1.07298
819.481 639.327 -14.7792 -0.391243 1.66368
995.241 169.169 -15.2188 -0.882432 1.85883
290.004 507.507 -14.9309 -0.453103 1.15208
103.259 465.764 -14.6019 -0.490235 1.2054
57.122 498.719 -14.5477 -0.47237 1.21992
105.456 509.704 -14.5738 -0.465562 1.23206
96.668 569.023 -14.5718 -0.430369 1.23078
452.582 437.203 -15.3527 -0.534697 1.15218
94.471 366.899 -14.5883 -0.553882 1.20052
48.334 435.006 -14.5877 -0.508568 1.17102
946.907 391.066 -15.2883 -0.62188 1.81591
990.847 388.869 -15.2377 -0.620714 1.85977
957.892 210.912 -15.2148 -0.827844 1.81201
988.65 210.912 -15.2397 -0.838942 1.85329
569.023 529.477 -16.7645 -0.316744 0.978018
604.175 538.265 -17.4575 -0.242378 0.952008
788.723 481.143 -14.9609 -0.504862 1.63551
773.344 577.811 -14.9774 -0.413156 1.62121
503.113 296.595 -15.4135 -0.749461 1.19085
285.61 149.396 -14.6087 -0.702633 1.30846
72.501 155.987 -14.6169 -0.704553 1.13676
63.713 186.745 -14.5989 -0.676684 1.14876
544.856 634.933 -15.8588 -0.183805 1.16703
268.034 87.88 -14.5974 -0.741191 1.29787
979.862 639.327 -14.7578 -0.402768 1.77341
988.65 670.085 -14.7603 -0.383565 1.77627
819.481 309.777 -18.6106 -1.28135 1.66224
797.511 336.141 -19.5677 -1.29532 1.55478
63.713 224.094 -14.5951 -0.650315 1.15385
48.334 239.473 -14.5823 -0.636463 1.15755
371.293 481.143 -15.1516 -0.473442 1.13015
112.047 384.475 -14.5931 -0.544082 1.21137
138.411 430.612 -14.5896 -0.514886 1.23689
129.623 327.353 -14.5912 -0.580633 1.21973
779.935 652.509 -14.89 -0.361169 1.6332
98.865 285.61 -14.5812 -0.6064 1.20253
59.319 331.747 -14.5823 -0.57512 1.17697
41.743 94.471 -14.6294 -0.755104 1.09335
738.192 298.792 -18.2923 -1.26291 1.30779
760.162 292.201 -18.3303 -1.30346 1.39745
114.244 443.794 -14.5933 -0.50544 1.2182
173.563 489.931 -14.5734 -0.481216 1.2775
984.256 327.353 -15.2505 -0.695271 1.85126
784.329 235.079 -17.1047 -1.26665 1.54495
751.374 248.261 -17.2358 -1.24857 1.42147
777.738 248.261 -17.3533 -1.28014 1.5159
428.415 235.079 -15.8736 -0.956754 0.870073
659.1 285.61 -17.7159 -1.21514 1.04508
667.888 344.929 -19.5534 -1.21241 0.819355
648.115 219.7 -16.6759 -1.20335 1.17573
709.631 213.109 -16.7856 -1.24407 1.33289
630.539 279.019 -17.4249 -1.174 0.983592
604.175 204.321 -16.394 -1.16479 1.11497
753.571 193.336 -16.5111 -1.22978 1.47908
623.948 76.895 -15.6744 -1.1964 1.30101
562.432 83.486 -15.6553 -1.1798 1.18372
889.785 257.049 -17.8089 -1.34793 1.92194
852.436 268.034 -17.6799 -1.28432 1.78426
322.959 608.569 -14.6709 -0.401593 1.32942
318.565 667.888 -14.6694 -0.362677 1.33213
744.783 43.94 -15.6057 -1.22818 1.51804
762.359 41.743 -15.6041 -1.22875 1.54568
637.13 641.524 -20.3699 0.649669 0.556271
615.16 467.961 -18.1541 -0.489238 0.815094
953.498 169.169 -15.2442 -0.889155 1.8112
883.194 380.081 -15.8218 -0.684853 1.77485
889.785 360.308 -15.9293 -0.740304 1.78961
591.5 172.38 -16.2001 -1.18954 1.12146
981.89 430.95 -15.2747 -0.574162 1.85792
819.65 640.51 -14.7679 -0.39358 1.66299
836.55 648.96 -14.8041 -0.382172 1.67595
816.27 677.69 -14.8072 -0.360721 1.66135
831.48 674.31 -14.7486 -0.372498 1.67265
981.89 327.86 -15.2338 -0.693982 1.849
772.33 152.1 -16.2759 -1.25529 1.53675
772.33 153.79 -16.2759 -1.25529 1.53675
941.33 141.96 -15.2274 -0.919046 1.7977
824.72 148.72 -26.0322 -4.57461 1.66762
838.24 114.92 -16.0316 -1.25875 1.68278
736.84 300.82 -18.3404 -1.26449 1.29172
762.19 292.37 -18.1307 -1.27213 1.42235
660.79 285.61 -17.7602 -1.21785 1.04192
686.14 353.21 -20.0759 -1.22423 0.852061
785.85 233.22 -17.1039 -1.27122 1.55608
748.67 250.12 -17.2358 -1.24857 1.42147
648.96 221.39 -16.6796 -1.20002 1.18034
843.31 302.51 -18.9399 -1.3644 1.78261
795.99 336.31 -19.5684 -1.28838 1.54351
851.76 268.71 -17.6692 -1.27507 1.77486
456.3 473.2 -15.2808 -0.485278 1.18847
349.83 483.34 -15.1601 -0.468669 1.09718
359.97 415.74 -15.2637 -0.555614 1.05424
491.79 522.21 -15.4284 -0.412869 1.19362
437.71 616.85 -15.1626 -0.3176 1.21771
444.47 670.93 -15.247 -0.235706 1.20401
463.06 665.86 -15.2826 -0.237277 1.21664
488.41 681.07 -15.4327 -0.185274 1.2033
493.48 586.43 -15.4234 -0.32169 1.20311
106.47 510.38 -14.5503 -0.467136 1.2499
64.22 485.03 -14.5388 -0.480558 1.23063
54.08 517.14 -14.5456 -0.461032 1.21851
140.27 430.95 -14.5956 -0.515207 1.23347
94.64 365.04 -14.5836 -0.555098 1.20308
69.29 432.64 -14.587 -0.511028 1.18669
288.99 507 -14.7555 -0.462144 1.25076
243.36 496.86 -14.6791 -0.472233 1.25702
310.96 415.74 -15.0848 -0.546793 1.07946
246.74 378.56 -14.7046 -0.558558 1.23513
190.97 422.5 -14.6225 -0.523289 1.25136
65.91 561.08 -14.5439 -0.438657 1.23068
321.1 610.09 -14.6649 -0.402004 1.33166
317.72 669.24 -14.6642 -0.362651 1.33315
239.98 652.34 -14.556 -0.393856 1.34092
322.79 584.74 -14.6552 -0.419389 1.33531
223.08 574.6 -14.6328 -0.424527 1.27613
457.99 179.14 -16.098 -1.14228 0.830165
628.68 82.81 -15.6728 -1.18704 1.30831
557.7 82.81 -15.4926 -1.11492 1.22502
447.85 294.06 -15.4261 -0.751389 1.09621
334.62 307.58 -15.1485 -0.68483 1.06205
341.38 326.17 -15.1221 -0.657308 1.08795
630.37 278.85 -17.4249 -1.174 0.983592
501.93 295.75 -15.3933 -0.747109 1.19783
539.11 309.27 -18.0146 -1.15526 0.480021
532.35 336.31 -15.4171 -0.692336 1.2384
610.09 224.77 -16.6972 -1.19197 1.05995
486.72 258.57 -16.9947 -1.1501 0.591337
530.66 268.71 -17.0275 -1.12773 0.729286
38.87 143.65 -14.5799 -0.699912 1.1447
111.54 89.57 -14.5778 -0.735652 1.19546
299.13 150.41 -14.6078 -0.701884 1.31973
253.5 126.75 -14.5997 -0.715295 1.28881
268.71 87.88 -14.6115 -0.745659 1.29152
155.48 302.51 -14.5971 -0.598981 1.23537
126.75 326.17 -14.5916 -0.581624 1.21852
99.71 327.86 -14.5922 -0.579016 1.19867
116.61 209.56 -14.5893 -0.657681 1.20286
218.01 343.07 -14.6854 -0.58223 1.22129
383.63 370.11 -15.1391 -0.603708 1.14039
958.23 231.53 -15.2345 -0.809732 1.81942
420.81 559.39 -15.1864 -0.379923 1.18732
593.19 439.4 -17.5597 -0.59375 0.84939
953.16 169 -15.1832 -0.872965 1.80689
973.44 175.76 -15.224 -0.877269 1.83451
376.87 343.07 -15.0979 -0.634121 1.1469
270.4 152.1 -14.6022 -0.699767 1.30148
459.68 613.47 -15.2676 -0.304358 1.21112
468.13 620.23 -15.628 -0.242841 1.09576
926.12 359.97 -15.52 -0.692724 1.81455
457.99 495.17 -15.3234 -0.457014 1.17695
459.68 507 -15.3303 -0.440568 1.17708
986.96 202.8 -15.2278 -0.844011 1.85129
993.72 228.15 -15.2436 -0.816582 1.86065
863.59 353.21 -15.9827 -0.756184 1.7463
476.58 598.26 -15.3605 -0.312399 1.20233
263.64 300.82 -14.8389 -0.640596 1.15974
189.28 378.56 -14.6136 -0.551374 1.25216
977.6 401.7 -15.2262 -0.606753 1.84216
984.1 430.3 -15.2747 -0.574162 1.85792
978.9 650 -14.8188 -0.38723 1.78116
990.6 690.3 -14.7456 -0.371735 1.77656
746.2 631.8 -14.9 -0.374079 1.60222
643.5 614.9 -25.3216 1.23882 -0.2081
843.7 660.4 -14.7677 -0.38043 1.68042
982.8 327.6 -15.2338 -0.693982 1.849
955.5 273 -15.2734 -0.766148 1.81823
781.3 119.6 -16.0441 -1.25206 1.56435
640.9 135.2 -15.9571 -1.19386 1.27965
744.9 45.5 -15.5884 -1.21357 1.52073
764.4 39 -15.5947 -1.22833 1.55384
839.8 114.4 -15.9816 -1.24237 1.68681
825.5 149.5 -16.2275 -1.25097 1.65916
735.8 301.6 -18.3201 -1.25824 1.29094
763.1 291.2 -18.1307 -1.27213 1.42235
661.7 286 -17.682 -1.20524 1.05819
704.6 317.2 -18.6096 -1.22559 1.12725
666.9 322.4 -18.6645 -1.20923 0.939838
754 193.7 -16.5168 -1.23288 1.48149
747.5 250.9 -17.2358 -1.24857 1.42147
783.9 247 -17.1077 -1.22978 1.54492
709.8 196.3 -16.535 -1.22703 1.36485
817.7 310.7 -18.9382 -1.32791 1.65305
845 302.9 -18.6421 -1.32092 1.79131
822.9 218.4 -16.9323 -1.27527 1.6633
851.5 270.4 -17.8993 -1.32037 1.77884
440.7 501.8 -15.2432 -0.450055 1.18331
351 483.6 -15.1446 -0.467808 1.10438
369.2 482.3 -15.1479 -0.471764 1.12859
347.1 425.1 -15.1781 -0.540725 1.07698
484.9 448.5 -15.457 -0.524526 1.16509
444.6 670.8 -15.2541 -0.235871 1.20083
464.1 666.9 -15.2621 -0.24085 1.2241
627.9 669.5 -15.4922 -0.208223 1.39765
614.9 535.6 -17.6222 -0.240234 0.941498
565.5 595.4 -16.3326 -0.189699 1.08351
106.6 510.9 -14.5567 -0.466605 1.24616
53.3 517.4 -14.5617 -0.459946 1.20554
111.8 382.2 -14.5902 -0.54456 1.21332
139.1 396.5 -14.5911 -0.537621 1.23268
219.7 501.8 -14.6319 -0.471107 1.27
310.7 414.7 -15.0325 -0.545531 1.10806
247 380.9 -14.6902 -0.55714 1.24288
191.1 422.5 -14.6139 -0.522878 1.25624
319.8 627.9 -14.6702 -0.38993 1.32963
254.8 540.8 -14.6519 -0.445624 1.28715
319.8 538.2 -14.6768 -0.447829 1.32096
244.4 574.6 -14.6363 -0.424551 1.28935
592.8 172.9 -16.1767 -1.18059 1.12856
626.6 29.9 -15.3941 -1.15624 1.35887
629.2 83.2 -15.7062 -1.20005 1.3011
538.2 28.6 -15.4457 -1.184 1.20991
555.1 89.7 -15.7058 -1.18891 1.16476
430.3 308.1 -15.4108 -0.730086 1.07969
449.8 292.5 -15.4766 -0.765909 1.08
361.4 325 -15.1711 -0.666168 1.09095
570.7 314.6 -18.2211 -1.16914 0.55535
633.1 288.6 -17.7088 -1.19464 0.937005
486.2 257.4 -16.9785 -1.14837 0.5948
107.9 117 -14.5897 -0.720376 1.18599
105.3 176.8 -14.5922 -0.680479 1.18874
302.9 113.1 -14.6054 -0.727178 1.3201
33.8 334.1 -14.5809 -0.572819 1.15786
61.1 331.5 -14.5848 -0.57515 1.17668
117 209.3 -14.5924 -0.659172 1.20077
154.7 201.5 -14.5681 -0.657033 1.2465
113.1 235.3 -14.5932 -0.641353 1.1983
65 227.5 -14.622 -0.654774 1.1346
263.9 369.2 -14.7339 -0.568955 1.23119
877.5 367.9 -15.8361 -0.703173 1.76685
895.7 386.1 -15.815 -0.673772 1.79539
828.1 390 -16.4555 -0.719381 1.6865
952.9 169 -15.2747 -0.897969 1.8147
403 366.6 -15.101 -0.610426 1.18037
401.7 383.5 -15.1685 -0.596234 1.15134
380.9 345.8 -15.1396 -0.637232 1.13333
991.9 193.7 -15.2332 -0.857102 1.85617
458.9 495.3 -15.3289 -0.455587 1.17617
898.3 491.4 -15.9542 -0.486469 1.81902
841.1 340.6 -20.0341 -1.33315 1.80312
871 626.6 -14.7827 -0.403643 1.69933
837.2 648.7 -14.7686 -0.388477 1.67659
995.8 434.2 -15.2519 -0.567892 1.86751
946.4 434.2 -15.2534 -0.565292 1.81074
566.8 512.2 -16.6225 -0.373906 1.00316
591.5 516.1 -16.9333 -0.351177 1.00066
448.5 586.3 -15.2381 -0.344406 1.2037
87.1 570.7 -14.5585 -0.430831 1.23426
881.4 328.9 -15.8674 -0.787603 1.76982
833.3 674.7 -14.766 -0.368925 1.67378
825.5 689 -14.7749 -0.35913 1.66922
218.4 343.2 -14.6685 -0.580858 1.23202
455 466.7 -15.3629 -0.494491 1.15657
457.6 474.5 -15.3742 -0.483239 1.15602
335.4 306.8 -15.1588 -0.687363 1.05789
951.6 669.5 -14.7735 -0.379052 1.75496
972.4 670.8 -14.7537 -0.38343 1.76637
956.8 694.2 -14.7479 -0.367921 1.75475
469.3 622.7 -15.3831 -0.277964 1.18458
451.1 638.3 -15.2415 -0.278903 1.21187
183.3 685.1 -14.5568 -0.372169 1.30678
106.6 568.1 -14.5287 -0.436232 1.27198
991.9 457.6 -15.2249 -0.540089 1.86011
898.3 629.2 -14.798 -0.399381 1.72049
820.3 640.9 -14.7757 -0.391609 1.66305
989.3 391.3 -15.2172 -0.617392 1.85576
995.8 175.5 -15.2433 -0.885095 1.8616
67.6 434.2 -14.5866 -0.510021 1.18706
781 119 -16.0441 -1.25206 1.56435
772 154 -16.2239 -1.2381 1.541
745 46 -15.5979 -1.21706 1.52036
841 115 -15.986 -1.24353 1.68943
826 150 -16.2236 -1.25106 1.66238
735 302 -18.3201 -1.25824 1.29094
761 300 -18.3851 -1.27978 1.4022
662 286 -17.8638 -1.2343 1.02779
747 251 -17.2356 -1.24435 1.41778
651 221 -16.7703 -1.2185 1.16713
710 196 -16.5165 -1.22267 1.36618
637 649 -16.6296 -0.0270198 1.21726
53 518 -14.5477 -0.460858 1.21697
320 628 -14.6568 -0.391791 1.33542
213 668 -14.5736 -0.379291 1.31521
460 180 -16.1836 -1.16274 0.804902
627 30 -15.3856 -1.15206 1.36243
630 83 -15.7062 -1.20005 1.3011
571 315 -18.1392 -1.15348 0.579642
632 289 -25.6159 -2.65652 -0.62227
533 270 -17.1717 -1.15314 0.694132
108 326 -14.592 -0.580054 1.20406
988 202 -15.232 -0.846947 1.85231
594 442 -17.25 -0.579128 0.919764
400 327 -15.0959 -0.657227 1.17582
841 340 -20.0684 -1.33725 1.80335
814 406 -17.3382 -0.734769 1.65559
810 700 -14.7706 -0.350221 1.65815
962 697 -14.7438 -0.366661 1.7579
898 628 -14.8091 -0.398508 1.72037
809 470 -14.9412 -0.514761 1.6505
217 472 -14.6277 -0.491349 1.26873
407 643 -15.1257 -0.290642 1.20193
877 411 -15.9853 -0.639461 1.77277
323 297 -15.1054 -0.689762 1.06887
361 417 -15.1899 -0.551111 1.0893
955 604 -14.9389 -0.405521 1.78067
85 381 -14.6037 -0.545239 1.18135
983 327 -15.2563 -0.696782 1.84999
504 447 -15.4153 -0.5254 1.20732
480 687 -15.4886 -0.165514 1.17114
310 414 -15.0631 -0.546099 1.09065
303 113 -14.6105 -0.728189 1.31724
101 456 -14.5835 -0.498254 1.21568
