267 462 7.52649 0.314697 -16.4209
911 543 4.97788 0.0758787 -15.6694
836 309 5.19392 -0.915394 -17.0595
989 690 4.82792 0.392571 -15.1758
287 320 7.53979 -0.305075 -16.3178
1098 680 4.54361 0.310273 -15.2159
1166 512 4.46948 -0.162977 -15.1425
818 515 5.09574 0.0830096 -17.0812
1210 490 4.04541 -0.284671 -15.7544
480 466 6.82136 0.203241 -17.264
475 385 6.92639 -0.21582 -17.2216
927 543 4.96318 0.0590407 -15.5525
920 638 4.93179 0.344185 -15.5635
988.8 690 4.82935 0.392049 -15.1769
1130.4 522 4.5246 -0.123104 -15.1958
313.2 471.6 7.51838 0.36306 -16.885
361.2 250.8 7.59152 -0.763081 -17.0159
1153.2 499.2 4.41721 -0.200001 -15.3097
217.2 525.6 7.65452 0.614359 -16.379
302.4 523.2 7.39079 0.571806 -16.6034
888 615.6 4.98472 0.321041 -15.7845
288 315.6 7.53244 -0.303592 -16.3021
253.2 274.8 8.10595 -0.536843 -16.9911
714 530.4 5.57652 0.253683 -16.8608
1084.8 621.6 4.6126 0.156051 -15.19
204 258 8.41281 -0.573126 -17.0376
375.6 273.6 7.49566 -0.659422 -17.0047
169.2 466.8 8.29608 0.49448 -16.995
331.2 465.6 7.53979 0.331731 -17.1186
790.8 542.4 5.21747 0.237513 -16.9701
480 465.6 5.94362 0.00212256 -13.7424
422.4 474 7.1499 0.292747 -17.3747
817.2 514.8 5.09098 0.085999 -17.1385
841.2 531.6 4.99051 0.149271 -17.0305
913.2 362.4 4.76669 -0.753631 -17.206
222 270 8.18482 -0.511232 -16.8354
522 410.4 6.6731 -0.135757 -17.2952
835.2 516 5.01439 0.0815417 -17.1293
794.4 326.4 5.37101 -0.811116 -17.2108
216 282 8.20562 -0.440482 -16.8414
622.8 333.6 6.21445 -0.605031 -17.1352
772.8 436.8 5.36933 -0.241815 -17.2549
781.2 414 5.35905 -0.359449 -17.2693
679.2 458.4 5.81203 -0.0385108 -17.1061
496.8 466.8 6.7412 0.183591 -17.3006
163.2 344.4 8.36368 -0.0959276 -16.8007
199.2 420 8.07148 0.227141 -16.7595
768 510 5.34807 0.110314 -17.0394
502.8 349.2 6.8285 -0.417212 -17.246
739.2 450 5.53103 -0.158643 -17.4844
722.4 446.4 5.60901 -0.140006 -17.1799
248.4 342 7.96564 -0.19131 -16.8346
655.2 524.4 5.85548 0.277515 -16.8252
655.2 499.2 5.92547 0.19745 -17.6091
560.4 355.2 6.47466 -0.421015 -16.9721
331.2 182.4 7.57909 -0.960602 -16.4924
267.6 420 7.60352 0.153939 -16.4953
284.4 464.4 7.51136 0.331148 -16.5568
625.2 644.4 5.86508 0.780523 -16.5757
574.8 646.8 6.06671 0.817379 -16.4956
1234.8 141.6 3.2689 -2.24925 -17.4341
926.4 543.6 4.96065 0.0585297 -15.5526
928.8 678 4.89264 0.457438 -15.5527
919.2 618 4.94586 0.291242 -15.5549
715.2 662.4 5.4897 0.76192 -16.6063
790.8 667.2 5.14328 0.764847 -16.7651
945.6 508.8 4.93324 -0.0673174 -15.4973
1256.4 420 2.9208 -0.824561 -17.5202
1086 499.2 4.65619 -0.156484 -15.1845
452.16 316.8 7.05156 -0.529639 -17.0004
820.8 452.16 5.12232 -0.211794 -17.3169
796.32 455.04 5.24126 -0.179224 -17.2364
957.6 434.88 4.9352 -0.295999 -15.4885
576 289.44 6.4702 -0.782588 -17.0263
830.88 443.52 5.05449 -0.273818 -17.4192
796.32 439.2 5.24107 -0.261153 -17.4714
803.52 419.04 5.25966 -0.348364 -16.9811
1146.24 393.12 3.49666 -0.870194 -17.4879
1169.28 362.88 3.33615 -1.06456 -17.6604
237.6 424.8 7.64962 0.18069 -16.3293
465.12 493.92 6.87909 0.351752 -17.3148
603.36 276.48 6.40833 -0.925248 -17.3651
319.68 295.2 7.5168 -0.44831 -16.5229
833.76 387.36 5.08201 -0.585807 -17.5813
1012.32 352.8 4.19083 -0.952471 -17.5259
1023.84 433.44 4.85408 -0.295044 -15.1501
398.88 396 7.28066 -0.0707905 -17.152
436.32 311.04 7.14393 -0.53518 -16.9765
452.16 413.28 6.82653 -0.0495666 -16.5889
587.52 394.56 6.33147 -0.25631 -17.0576
564.48 380.16 6.17627 -0.227363 -15.5545
804.96 396 5.26174 -0.464862 -16.9939
1046.88 672.48 4.6909 0.311467 -15.1858
699.84 439.2 5.73886 -0.157821 -17.2264
741.6 292.32 5.66516 -0.933619 -17.151
724.32 292.32 5.76454 -0.953773 -17.3212
771.84 436.32 5.36591 -0.25717 -17.4071
960.48 347.04 4.49684 -0.889424 -17.3587
1114.56 339.84 3.75138 -1.07829 -17.3954
288 277.92 7.65382 -0.490989 -16.4603
480.96 465.12 5.94374 0.00150348 -13.7424
551.52 472.32 6.47691 0.164119 -17.3936
717.12 430.56 5.66706 -0.231461 -17.5101
815.04 511.2 5.12806 0.0678229 -16.9559
794.88 501.12 5.21962 0.055857 -17.1147
1163.52 509.76 4.4684 -0.163195 -15.1425
1182.24 511.2 4.32051 -0.178224 -15.3522
1202.4 493.92 4.09002 -0.278563 -15.706
421.92 473.76 7.13309 0.297147 -17.3194
427.68 460.8 7.08089 0.223372 -17.2064
597.6 476.64 6.15765 0.110666 -16.8776
502.56 348.48 6.8291 -0.420335 -17.2457
535.68 277.92 6.78279 -0.848211 -17.4287
904.32 361.44 4.75266 -0.792509 -17.5563
884.16 360 4.8751 -0.747814 -17.3297
233.28 272.16 8.01408 -0.493714 -16.6235
142.56 277.92 8.69051 -0.418177 -17.0096
673.92 311.04 5.95882 -0.721259 -16.8535
673.92 282.24 6.04803 -0.977661 -17.5014
836.64 329.76 5.14654 -0.841234 -17.2571
835.2 516.96 5.00559 0.0812307 -17.1905
234.72 289.44 8.27669 -0.453639 -17.146
511.2 427.68 6.16873 -0.0423763 -14.8944
506.88 407.52 6.76266 -0.127298 -17.3201
512.64 482.4 6.69902 0.262074 -17.5217
578.88 491.04 6.29633 0.222837 -17.3013
737.28 518.4 5.48583 0.181115 -16.966
718.56 489.6 5.58907 0.0732313 -17.2568
548.64 518.4 6.33756 0.354356 -16.8369
551.52 492.48 6.09208 0.123074 -15.2532
721.44 446.4 5.61285 -0.140509 -17.2924
560.16 354.24 6.47259 -0.420825 -16.9723
213.12 316.8 8.16286 -0.269597 -16.8182
249.12 341.28 7.87792 -0.182075 -16.6576
859.68 411.84 4.97704 -0.449432 -17.1426
767.52 509.76 5.32305 0.126504 -17.6065
793.44 505.44 5.21489 0.0877063 -17.2948
662.4 384.48 5.98299 -0.414698 -17.2686
311.04 272.16 7.58802 -0.546896 -16.5372
205.92 72 8.26355 -1.36185 -16.4489
329.76 115.2 7.62688 -1.2548 -16.4414
560.16 264.96 6.62291 -0.916251 -17.2174
571.68 329.76 6.43516 -0.562982 -16.8984
339.84 280.8 7.56122 -0.562655 -16.7914
588.96 162.72 6.48583 -1.34794 -16.7647
331.2 182.88 7.57909 -0.960602 -16.4924
246.24 635.04 7.39131 1.01244 -16.327
217.44 524.16 7.61164 0.604115 -16.2944
329.76 466.56 7.51548 0.332317 -17.0592
383.04 639.36 6.95009 1.00713 -16.723
419.04 640.8 6.69793 0.903874 -16.3896
596.16 416.16 6.31254 -0.165137 -17.4827
372.96 455.04 7.31637 0.237674 -17.0706
865.44 313.92 4.99723 -0.998904 -17.4837
701.28 208.8 5.93175 -1.27132 -16.978
715.68 316.8 5.77192 -0.817362 -17.4184
676.8 108 6.14704 -1.72533 -16.8814
941.76 577.44 4.9141 0.146194 -15.492
925.92 542.88 4.96217 0.0588363 -15.5525
933.12 675.36 4.88659 0.437782 -15.5036
640.8 658.08 5.78558 0.792699 -16.4863
790.56 668.16 5.15171 0.748016 -16.6672
1228.32 659.52 4.16629 0.20078 -15.307
972 599.04 4.88943 0.175798 -15.2446
1130.4 521.28 4.52291 -0.124944 -15.1991
1131.84 482.4 4.45295 -0.241267 -15.3857
977.76 511.2 4.9319 -0.065108 -15.1645
1055.52 483.84 4.74575 -0.179763 -15.1701
535.68 278.208 6.7659 -0.832717 -17.336
822.528 452.736 5.1257 -0.210961 -17.2603
800.064 449.28 5.24354 -0.196735 -17.0135
960.768 347.328 4.51852 -0.874338 -17.2515
393.984 490.752 7.15849 0.387005 -17.026
397.44 357.696 7.27652 -0.260765 -16.9867
400.896 336.96 7.34731 -0.380141 -17.16
478.656 425.088 6.92895 -0.00479265 -17.5004
551.232 494.208 6.36655 0.250579 -16.9252
686.016 400.896 5.83519 -0.328459 -17.1346
680.832 369.792 5.90429 -0.512257 -17.3726
1022.98 433.728 4.85295 -0.295388 -15.178
1237.25 504.576 3.97118 -0.257399 -15.7168
419.904 255.744 7.35307 -0.822965 -17.1911
480.384 464.832 6.85974 0.195525 -17.4303
497.664 466.56 6.6924 0.173515 -17.0952
741.312 319.68 5.63559 -0.819367 -17.3287
838.08 328.32 5.12643 -0.895855 -17.562
815.616 508.032 5.12109 0.069165 -17.0378
794.88 501.12 5.21333 0.0572614 -17.2123
1164.67 509.76 4.47086 -0.163187 -15.1456
772.416 435.456 5.36671 -0.260674 -17.4265
768.96 412.992 5.43428 -0.3629 -17.2122
530.496 468.288 6.55271 0.15684 -17.2199
1012.61 352.512 4.28328 -0.889452 -17.2186
209.088 290.304 8.12455 -0.384225 -16.648
411.264 418.176 7.22182 0.0213058 -17.2217
613.44 397.44 6.18912 -0.28136 -17.09
634.176 362.88 6.18772 -0.508029 -17.5955
777.6 525.312 5.27636 0.189087 -17.3029
767.232 509.76 5.33065 0.129148 -17.4163
927.936 342.144 4.6845 -0.882384 -17.299
437.184 361.152 7.15741 -0.291596 -17.2427
673.92 311.04 6.01313 -0.824287 -17.5092
748.224 508.032 5.41942 0.134258 -17.2349
177.984 414.72 8.45693 0.254667 -17.2327
241.92 271.296 8.04948 -0.511636 -16.769
233.28 271.296 8.16558 -0.531396 -16.8961
559.872 354.24 6.57576 -0.475424 -17.4911
570.24 521.856 6.19551 0.315139 -16.5421
654.912 499.392 5.8785 0.158643 -16.8919
661.824 383.616 5.99154 -0.411844 -17.3001
665.28 366.336 5.9994 -0.515291 -17.4875
209.088 323.136 8.25473 -0.238493 -16.9529
701.568 487.296 5.67441 0.0839241 -17.3372
762.048 459.648 5.3984 -0.128863 -17.5501
604.8 359.424 6.34922 -0.499759 -17.6141
639.36 461.376 6.01625 0.00875999 -17.2702
209.088 216 8.35637 -0.774013 -16.8931
309.312 273.024 7.57781 -0.539599 -16.5008
292.032 326.592 7.52339 -0.27056 -16.3558
331.776 183.168 7.61367 -0.981712 -16.5737
281.664 174.528 7.86149 -0.989779 -16.5826
559.872 266.112 6.64549 -0.934625 -17.327
599.616 271.296 6.47667 -0.971728 -17.5484
637.632 198.72 6.21543 -1.19427 -16.701
502.848 347.328 6.73961 -0.396955 -16.8868
603.072 300.672 6.37891 -0.77172 -17.3415
437.184 311.04 7.20085 -0.547838 -17.1562
565.056 188.352 6.66855 -1.28656 -17.1565
445.824 43.2 7.24001 -1.74709 -16.5782
214.272 589.248 7.53427 0.848483 -16.2421
238.464 530.496 7.61013 0.647821 -16.4987
264.384 590.976 7.35512 0.8254 -16.3023
266.112 527.04 7.46614 0.582937 -16.4391
281.664 611.712 7.48296 1.02387 -16.8185
323.136 399.168 7.55984 0.0206635 -16.9237
219.456 523.584 7.74494 0.641087 -16.5596
217.728 523.584 7.70823 0.63466 -16.4924
311.04 495.936 7.51827 0.488448 -16.9398
330.048 466.56 7.4908 0.332187 -16.9951
267.84 461.376 7.5662 0.325835 -16.5094
497.664 648 6.26923 0.717813 -15.8207
575.424 648 6.11224 0.906615 -16.8882
390.528 616.896 6.93992 0.899361 -16.6933
506.304 407.808 6.74926 -0.133184 -17.246
596.16 416.448 6.31008 -0.166856 -17.4686
565.056 380.16 6.17799 -0.22603 -15.5545
794.88 326.592 5.36219 -0.84975 -17.4506
895.104 311.04 4.84368 -1.06657 -17.5678
701.568 209.088 5.9388 -1.2654 -16.9222
760.32 214.272 5.64657 -1.31133 -17.0336
710.208 336.96 5.78064 -0.663638 -17.0646
741.312 293.76 5.67253 -0.973231 -17.3931
908.928 103.68 5.02438 -2.0279 -17.1056
889.92 96.768 5.12659 -2.01771 -17.0124
914.112 157.248 4.96133 -1.73496 -17.0749
753.408 124.416 5.76075 -1.71489 -16.9036
1114.56 336.96 3.75741 -1.08295 -17.3668
984.96 247.104 4.53184 -1.38748 -17.1229
1128.38 155.52 3.91071 -1.97201 -17.1173
997.056 129.6 4.56743 -1.93217 -17.037
926.208 544.32 4.96328 0.0619643 -15.5535
933.12 675.648 4.88623 0.436513 -15.4944
919.296 618.624 4.94521 0.292544 -15.555
905.472 634.176 4.94737 0.365782 -15.6788
679.104 530.496 5.76119 0.304615 -17.2561
713.664 663.552 5.48475 0.774814 -16.5865
1214.78 532.224 4.34047 -0.135633 -15.1555
1225.15 644.544 4.18636 0.154271 -15.3083
1206.14 648 4.19851 0.181512 -15.3829
1043.71 589.248 4.72853 0.0989191 -15.1819
990.144 651.456 4.84069 0.296298 -15.1683
978.048 609.984 4.885 0.191848 -15.2126
1135.3 504.576 4.48262 -0.178493 -15.2848
1137.02 473.472 4.42355 -0.276114 -15.4128
1181.95 511.488 4.32523 -0.177577 -15.3466
957.312 435.456 4.93505 -0.295249 -15.4885
1059.26 438.912 4.75426 -0.315514 -15.1672
946.944 508.032 4.93451 -0.0680448 -15.4772
1085.18 499.392 4.65685 -0.156363 -15.1842
1097.28 114.048 4.05948 -2.19627 -17.2186
673.92 110.592 6.16129 -1.74706 -16.9632
198.72 136.512 8.18492 -1.0395 -16.4103
358.733 429.235 7.46529 0.118341 -17.2037
373.248 414.72 7.34201 0.0461661 -17.0128
435.456 408.499 7.03304 -0.0496276 -16.9973
427.162 420.941 7.15225 0.0240321 -17.2923
481.075 464.486 6.81981 0.183814 -17.2664
528.768 468.634 6.4963 0.148894 -16.9231
904.09 360.806 4.76448 -0.78837 -17.5122
373.248 271.642 7.37758 -0.623413 -16.6765
369.101 244.685 7.46366 -0.761268 -16.7807
348.365 252.979 7.60533 -0.724434 -16.8826
700.877 439.603 5.72182 -0.156363 -17.0463
684.288 437.53 5.80124 -0.146437 -17.0003
686.362 402.278 5.81993 -0.305299 -16.8776
761.011 458.266 5.40408 -0.124007 -17.4976
843.955 443.75 5.03642 -0.274069 -17.0873
883.354 358.733 4.86399 -0.784355 -17.55
953.856 479.002 4.94908 -0.151122 -15.3993
167.962 306.893 8.53535 -0.292511 -17.0346
435.456 360.806 7.0062 -0.288447 -16.7424
628.301 337.997 6.19236 -0.623517 -17.4171
700.877 485.222 5.68499 0.0745791 -17.4956
690.509 493.517 5.73658 0.125612 -17.3003
846.029 352.512 5.05553 -0.771329 -17.4992
852.25 331.776 5.03369 -0.926225 -17.7233
831.514 441.677 5.0421 -0.299385 -17.6811
479.002 400.205 6.87001 -0.116648 -17.1563
516.326 259.2 6.66251 -0.777119 -16.4761
559.872 352.512 6.52013 -0.459236 -17.1783
242.611 352.512 7.70456 -0.118491 -16.3081
250.906 331.776 7.77166 -0.232289 -16.4478
230.17 329.702 8.04629 -0.230933 -16.7936
609.638 505.958 6.1142 0.270854 -17.1817
636.595 495.59 5.99146 0.190079 -17.2279
655.258 499.738 5.92017 0.189362 -17.4703
638.669 479.002 5.85312 0.0411373 -15.3043
665.626 483.149 5.87169 0.0908797 -17.4497
715.392 429.235 5.66416 -0.235054 -17.4462
740.275 447.898 5.52642 -0.147841 -16.7668
719.539 447.898 5.63705 -0.140566 -17.6417
219.802 474.854 7.6628 0.411767 -16.3268
184.55 474.854 8.13942 0.501292 -16.885
190.771 325.555 8.47592 -0.232835 -17.1774
232.243 269.568 8.0296 -0.510337 -16.646
209.434 215.654 8.32832 -0.766251 -16.8416
290.304 271.642 7.66203 -0.516369 -16.4966
317.261 292.378 7.57652 -0.465175 -16.6464
331.776 184.55 7.58951 -0.971559 -16.5227
282.01 174.182 7.83988 -0.966453 -16.5418
599.271 271.642 6.42063 -0.934163 -17.4131
570.24 329.702 6.55832 -0.617649 -17.4738
460.339 207.36 7.04535 -1.02132 -16.7669
400.205 335.923 7.29171 -0.369474 -16.9986
393.984 304.819 7.5521 -0.553465 -17.4722
499.738 41.472 7.03962 -1.84274 -16.7173
561.946 172.109 6.60655 -1.28058 -16.7628
566.093 186.624 6.58921 -1.2225 -16.8475
234.317 578.534 7.60844 0.85126 -16.553
213.581 588.902 7.63286 0.892743 -16.4427
263.347 588.902 7.43527 0.866444 -16.495
190.771 628.301 7.65724 1.0552 -16.376
323.482 400.205 7.56113 0.0173458 -16.9232
217.728 522.547 7.67535 0.617937 -16.4297
497.664 638.669 6.53402 1.01735 -17.2338
574.387 649.037 6.05997 0.813441 -16.4851
416.794 640.742 6.77526 0.984145 -16.6585
586.829 431.309 6.24774 -0.0804814 -16.8604
588.902 367.027 6.31896 -0.393062 -16.9238
545.357 518.4 6.36826 0.367353 -16.9281
400.205 393.984 7.31441 -0.072079 -17.2558
373.248 493.517 7.05999 0.371332 -16.4948
464.486 493.517 6.76616 0.314505 -16.8416
794.189 325.555 5.35708 -0.874458 -17.5633
864.691 313.114 4.99722 -0.998177 -17.4832
908.237 313.114 4.75902 -1.08886 -17.6546
893.722 311.04 4.84983 -1.05456 -17.5264
680.141 205.286 6.05071 -1.26017 -16.9537
653.184 201.139 6.14981 -1.20388 -16.7081
709.171 337.997 5.77962 -0.683814 -17.1049
773.453 308.966 5.49311 -0.94541 -17.5398
740.275 294.451 5.67152 -0.972058 -17.4162
908.237 101.606 5.02724 -2.01041 -17.0333
1136.33 319.334 3.5967 -1.25308 -17.4943
1011.92 350.438 4.18486 -0.961621 -17.592
1067.9 282.01 4.06764 -1.3114 -17.2755
1235.87 141.005 3.30248 -2.23437 -17.3805
960.077 172.109 4.7404 -1.6752 -16.9442
1001.55 153.446 4.61663 -1.70935 -16.7084
924.826 543.283 4.96234 0.0627687 -15.5521
914.458 671.846 4.92062 0.460401 -15.5668
804.557 393.984 5.25667 -0.476485 -17.0967
821.146 452.045 5.12017 -0.218536 -17.3235
1210.98 530.842 4.34311 -0.132873 -15.1548
1204.76 646.963 4.20029 0.174213 -15.3853
970.445 601.344 4.88984 0.173875 -15.281
1090.71 582.682 4.60259 0.0617216 -15.2269
1045.09 586.829 4.72552 0.100834 -15.1828
1088.64 553.651 4.61917 -0.0171245 -15.1955
989.107 651.11 4.84356 0.291053 -15.1667
1134.26 503.885 4.47955 -0.179135 -15.2845
1132.19 520.474 4.51266 -0.121983 -15.2321
1018.14 431.309 4.86111 -0.295268 -15.1772
976.666 512.179 4.95203 -0.0630333 -15.0865
1084.49 497.664 4.65882 -0.156905 -15.1845
744.422 215.654 5.7345 -1.282 -16.9704
199.066 136.858 8.09531 -1.00641 -16.2643
739.031 447.898 5.52257 -0.155448 -17.4138
883.354 358.318 4.87337 -0.785448 -17.5204
435.456 395.643 7.10318 -0.103374 -17.2051
527.524 325.97 6.72545 -0.582313 -17.2695
676.823 333.435 5.9587 -0.672851 -17.2002
674.335 311.04 5.99855 -0.813664 -17.3816
664.382 423.014 5.92664 -0.202268 -17.3259
656.917 497.664 5.90048 0.178085 -17.334
711.66 502.641 5.62055 0.159975 -17.5138
1134.67 358.318 3.66004 -1.00305 -17.2774
1134.67 328.458 3.44657 -1.26612 -17.9219
634.522 495.176 5.99381 0.185617 -17.2001
701.706 437.944 5.72265 -0.161744 -17.0957
681.8 432.968 5.8037 -0.145685 -17.0033
709.171 408.085 5.72546 -0.340925 -17.495
958.003 388.178 4.96261 -0.439657 -15.5101
671.846 460.339 5.83645 -0.0292389 -17.0832
649.452 457.851 5.97431 -0.00983217 -17.4088
228.925 340.9 8.09832 -0.172811 -16.9094
189.112 348.365 8.15704 -0.0977195 -16.6939
435.456 408.085 7.03771 -0.053814 -16.9819
184.136 425.503 8.27073 0.28231 -16.9865
161.741 423.014 8.39524 0.294488 -17.0126
510.106 482.734 5.90014 0.0141217 -13.7482
495.176 482.734 6.67959 0.261847 -17.0974
253.809 231.414 7.93334 -0.68982 -16.5984
209.019 213.996 8.35005 -0.772275 -16.8789
308.552 271.227 7.78269 -0.590222 -16.9062
333.435 338.412 7.56993 -0.311445 -16.8807
291.133 325.97 7.57409 -0.279584 -16.4534
199.066 136.858 8.18703 -1.05165 -16.4083
330.947 184.136 7.59263 -0.973041 -16.5342
281.18 174.182 7.80263 -0.95606 -16.4612
599.685 273.715 6.3918 -0.905007 -17.1004
552.407 281.18 6.60018 -0.800493 -17.0578
629.545 335.923 6.19318 -0.625332 -17.365
597.197 333.435 6.39516 -0.617224 -17.4391
574.802 288.645 6.55165 -0.819135 -17.3684
400.62 335.923 7.36407 -0.387172 -17.2134
393.155 306.063 7.39399 -0.522212 -17.0997
420.526 338.412 7.26972 -0.401874 -17.2529
452.874 293.622 6.96924 -0.590995 -16.6183
450.386 316.017 7.08699 -0.536781 -17.0917
552.407 104.509 6.8005 -1.70736 -17.1288
452.874 99.5328 7.04423 -1.39253 -16.3172
276.204 569.825 7.2742 0.711365 -16.1882
246.344 632.033 7.48033 1.06265 -16.5353
191.601 627.057 7.63138 1.04384 -16.3241
323.482 398.131 7.47449 0.00630623 -16.7227
278.692 375.736 7.37588 -0.054932 -16.0432
218.972 475.269 7.62713 0.406159 -16.2538
311.04 495.176 7.53231 0.489788 -16.9767
166.717 452.874 8.30217 0.432627 -16.9752
569.825 520.059 6.28747 0.365511 -17.1558
574.802 646.963 6.13119 0.933088 -17.0448
345.877 627.057 7.06986 0.962924 -16.553
562.36 380.713 6.41445 -0.299389 -16.8835
627.057 398.131 6.14255 -0.289942 -17.2227
544.942 517.571 6.37454 0.362488 -16.8784
627.057 455.363 6.09918 -0.00328267 -17.42
383.201 360.806 7.37307 -0.222717 -17.071
452.874 410.573 6.9425 -0.0498497 -16.9989
348.365 465.316 7.42322 0.322837 -17.0931
462.828 492.687 6.87377 0.350434 -17.2584
420.526 472.781 7.11321 0.294372 -17.2423
813.681 308.552 5.29494 -0.95562 -17.4539
913.214 358.318 4.69874 -0.811496 -17.5936
878.377 308.552 4.92944 -1.06475 -17.5775
664.382 278.692 6.08058 -0.968729 -17.3231
753.961 124.416 5.75487 -1.61905 -16.611
1112.28 333.435 3.75246 -1.09143 -17.3707
1010.26 350.853 4.22553 -0.928302 -17.4165
1067.49 283.669 4.10609 -1.28154 -17.145
1127.21 154.276 3.89352 -1.98985 -17.159
1229.23 141.834 3.31538 -2.23445 -17.3689
958.003 174.182 4.71193 -1.73242 -17.1634
813.681 544.942 5.09077 0.238911 -17.2209
925.655 542.454 4.96519 0.0594683 -15.5539
913.214 669.358 4.92446 0.45791 -15.5716
918.19 619.592 4.94138 0.299649 -15.5561
900.772 629.545 4.95822 0.356718 -15.6972
744.008 532.501 5.44191 0.246864 -17.3691
711.66 661.893 5.48591 0.86892 -17.0712
848.517 388.178 5.02194 -0.567286 -17.3245
803.727 393.155 5.25543 -0.483694 -17.1913
821.146 450.386 5.12894 -0.21981 -17.2322
659.405 383.201 5.98627 -0.409862 -17.213
768.891 510.106 5.32073 0.12228 -17.3379
773.868 472.781 5.31594 -0.0782435 -17.5235
1089.88 582.267 4.60111 0.0585 -15.2271
1132.19 520.059 4.5202 -0.130806 -15.2085
1221.77 641.987 4.19515 0.151854 -15.3066
943.073 574.802 4.90946 0.145044 -15.4928
990.352 542.454 4.87939 0.00622118 -15.1818
1087.4 577.29 4.61101 0.0562119 -15.225
1045.09 559.872 4.73419 0.024501 -15.1781
1084.91 554.895 4.62373 -0.0161541 -15.1957
1040.12 557.384 4.78516 0.0156401 -15.0588
987.863 649.452 4.99628 0.22334 -14.6919
960.492 661.893 4.88322 0.342833 -15.2688
1020.21 659.405 4.76627 0.289378 -15.1795
1134.67 472.781 4.43556 -0.283915 -15.4196
1079.93 423.014 4.70814 -0.360865 -15.1956
980.398 482.734 4.92001 -0.144132 -15.2279
975.422 512.594 4.9269 -0.0620909 -15.2032
1055.05 482.734 4.74497 -0.179315 -15.1958
126.904 654.428 7.63479 1.06417 -15.9547
226.935 334.43 8.17701 -0.184746 -17.0342
498.659 465.814 6.63854 0.158501 -16.8156
498.659 441.926 6.80649 0.0471037 -17.5043
453.87 409.08 6.93247 -0.0631341 -16.9838
462.828 492.687 6.92727 0.35981 -17.4657
406.094 421.024 7.10781 0.0323398 -16.8072
937.599 403.108 5.16113 -0.297509 -14.7974
223.949 432.968 7.92798 0.246837 -16.7693
394.15 197.075 7.53412 -1.06444 -17.0566
495.673 656.917 6.31855 0.845107 -16.1233
1137.66 110.481 3.87888 -2.25462 -17.2026
1098.84 113.467 4.09358 -2.13279 -17.0734
1221.27 641.987 4.19287 0.147129 -15.3068
1185.44 659.903 4.44185 0.177305 -15.0106
1221.27 280.683 3.15311 -1.55236 -17.5986
489.701 650.945 6.57427 1.10824 -17.317
639.001 197.075 6.2339 -1.25477 -16.8884
579.281 188.117 6.55591 -1.25058 -16.9677
591.225 158.257 6.49679 -1.37895 -16.8141
1086.9 555.393 4.62443 -0.0218361 -15.1961
1134.67 519.561 4.51706 -0.135761 -15.1962
441.926 95.5515 7.1449 -1.40976 -16.4306
961.487 173.187 4.72874 -1.69999 -17.0211
937.599 152.285 4.86475 -1.73598 -16.9002
1021.21 659.903 4.76236 0.289152 -15.1798
1095.86 647.959 4.56977 0.226288 -15.2057
1054.05 480.743 4.75324 -0.195501 -15.192
1066 462.828 4.72988 -0.249411 -15.1731
191.103 627.057 7.61461 1.03666 -16.2881
1083.91 558.379 4.63295 -0.00245008 -15.1963
1045.09 585.253 4.72625 0.0970588 -15.1824
331.444 185.131 7.61404 -0.993421 -16.5711
307.556 149.299 7.59944 -1.02293 -16.2708
286.655 161.243 7.7868 -1.01754 -16.443
289.641 528.519 7.46016 0.621693 -16.6694
606.155 522.547 6.06897 0.324556 -16.8934
573.309 519.561 6.1158 0.261322 -16.0296
1212.31 531.505 4.35566 -0.13913 -15.1246
1194.39 528.519 4.3106 -0.149538 -15.3045
979.403 609.141 4.8803 0.191052 -15.2412
970.445 603.169 4.89289 0.175215 -15.2453
943.571 576.295 4.90946 0.145044 -15.4928
994.333 543.449 4.87887 0.0091919 -15.19
1068.98 283.669 4.12255 -1.27043 -17.092
1137.66 501.645 4.47285 -0.18716 -15.2983
1137.66 471.786 4.43307 -0.278177 -15.4191
1113.77 334.43 3.77677 -1.09376 -17.3055
1149.6 319.5 3.5068 -1.26515 -17.601
531.505 262.767 6.77414 -0.896326 -17.1729
785.314 540.463 5.221 0.269164 -17.3874
746.496 531.505 5.38696 0.28641 -17.4827
247.837 588.239 7.47834 0.861304 -16.4302
212.005 585.253 7.70667 0.922665 -16.5812
925.655 543.449 4.96051 0.0600216 -15.5528
1063.01 435.954 4.74511 -0.324749 -15.1629
949.543 504.631 4.94038 -0.0724487 -15.4506
958.501 450.884 4.94431 -0.237925 -15.4511
334.43 334.43 7.52538 -0.279773 -16.7547
316.514 289.641 7.53592 -0.466427 -16.5161
325.472 397.136 7.52311 0.00686236 -16.8108
483.729 256.795 7.07162 -0.904672 -17.3817
310.542 495.673 7.50818 0.479488 -16.9306
328.458 468.8 7.20956 0.304081 -16.3121
250.823 229.921 7.94053 -0.693004 -16.601
235.893 468.8 7.85842 0.419263 -16.8048
217.977 474.772 7.63811 0.407415 -16.2735
406.094 492.687 7.13903 0.389522 -17.1967
376.234 492.687 6.97621 0.339954 -16.2453
349.36 465.814 7.4294 0.321269 -17.1047
370.262 247.837 7.59584 -0.808856 -17.1079
764.412 412.066 5.45277 -0.34708 -17.0264
588.239 367.276 6.31257 -0.39387 -16.8718
707.678 382.206 5.73494 -0.448959 -17.002
462.828 352.346 6.96844 -0.363438 -17.011
421.024 337.416 7.27137 -0.393045 -17.2351
597.197 334.43 6.41705 -0.619931 -17.5431
609.141 298.598 6.351 -0.780756 -17.231
797.258 322.486 5.36211 -0.867042 -17.4553
692.748 337.416 5.88259 -0.692738 -17.294
707.678 313.528 5.79641 -0.838325 -17.4995
674.833 307.556 6.00566 -0.824351 -17.4236
400.122 334.43 7.35465 -0.392714 -17.1875
719.622 483.729 5.58807 0.0591898 -17.4833
740.524 447.898 5.52792 -0.154353 -17.3735
477.758 429.982 6.95858 -0.00251335 -17.6248
489.701 370.262 6.85706 -0.288452 -17.1151
803.23 391.164 5.264 -0.493548 -17.2464
400.122 391.164 7.3012 -0.0952536 -17.1955
555.393 438.94 6.40502 -4.38675e-05 -16.9046
247.837 334.43 7.98966 -0.224294 -16.8844
170.201 304.57 8.33757 -0.286931 -16.7248
561.365 382.206 6.35231 -0.278802 -16.5503
1128.7 152.285 3.86837 -2.03424 -17.272
755.454 125.411 5.77877 -1.85739 -17.2637
671.846 104.509 6.15724 -1.715 -16.8422
665.875 280.683 6.04125 -0.961339 -17.4009
247.837 633.029 7.48113 1.05925 -16.5323
677.221 394.15 5.89315 -0.384049 -17.4618
687.971 376.234 5.82949 -0.441786 -17.0131
849.214 386.984 5.04496 -0.561798 -17.1199
827.715 394.15 5.13902 -0.503134 -17.2606
394.15 197.075 7.22576 -0.939821 -16.4136
372.651 193.492 7.62216 -1.03696 -17.0278
580.475 648.556 6.12503 0.935155 -17.086
641.39 197.075 6.26235 -1.27739 -17.0303
1125.12 150.494 3.91749 -2.00266 -17.1358
247.24 587.642 7.50292 0.85642 -16.4656
576.892 186.325 6.51935 -1.21437 -16.7513
591.225 157.66 6.46075 -1.32853 -16.6258
1064.2 283.071 4.07374 -1.29533 -17.2436
1042.71 558.976 4.73805 0.0259538 -15.2064
541.06 519.561 6.42777 0.377059 -17.1063
515.978 512.395 6.51914 0.378788 -16.9839
1117.95 100.329 3.96102 -2.29654 -17.2482
340.402 279.488 7.58033 -0.588949 -16.8316
1085.7 580.475 4.6476 0.0426759 -15.1457
1132.29 519.561 4.51728 -0.124185 -15.2171
333.236 186.325 7.62934 -1.00194 -16.6228
336.819 168.41 7.56341 -1.01673 -16.4365
290.238 530.311 7.41799 0.610989 -16.5543
910.128 100.329 5.02729 -2.01938 -17.0304
1135.87 501.645 4.46948 -0.189919 -15.2913
637.806 515.978 5.99695 0.306172 -17.3428
573.309 519.561 6.28807 0.359638 -17.1802
913.711 637.806 4.93719 0.354897 -15.5629
917.294 619.89 4.94414 0.304186 -15.5707
881.463 587.642 5.15708 0.178369 -15.0871
963.876 641.39 4.86071 0.31301 -15.3732
974.625 609.141 4.91248 0.170814 -15.1128
974.625 512.395 4.94893 -0.0717857 -15.1167
487.313 211.408 6.98927 -1.0692 -17.0139
551.81 261.572 6.63649 -0.908013 -17.1395
695.137 530.311 5.69594 0.309129 -17.2659
1207.53 530.311 4.35317 -0.137365 -15.1187
369.068 247.24 7.66967 -0.829131 -17.327
784.717 541.06 5.22594 0.252961 -17.0999
917.294 558.976 4.96907 0.110399 -15.554
924.461 544.644 4.9657 0.063073 -15.5532
250.823 533.894 7.60491 0.6563 -16.6237
218.574 523.145 7.88656 0.674037 -16.864
462.23 351.152 6.98787 -0.371803 -17.1167
447.898 315.32 7.1044 -0.528454 -17.1359
763.218 412.066 5.4274 -0.36487 -17.3019
322.486 290.238 7.56102 -0.477208 -16.6376
311.737 494.479 7.36294 0.454743 -16.56
315.32 469.397 7.48055 0.363421 -16.8206
849.214 329.653 5.06862 -0.845131 -17.1977
415.649 472.98 7.15236 0.304457 -17.3525
340.402 419.232 7.44021 0.096641 -16.8086
322.486 394.15 7.46616 -0.00938225 -16.6677
383.4 358.318 7.46276 -0.266387 -17.3164
584.059 494.479 6.25544 0.235258 -17.2699
609.141 455.064 6.18472 0.00592848 -17.265
587.642 455.064 6.29904 0.0259882 -17.3636
942.377 419.232 4.99095 -0.326642 -15.5348
605.558 297.404 6.34884 -0.796044 -17.2695
655.722 498.062 5.93036 0.190919 -17.5962
702.304 437.148 5.70328 -0.164228 -16.8882
673.638 462.23 5.81952 -0.0204844 -17.0082
788.3 501.645 5.22136 0.0857601 -17.393
795.466 447.898 5.23234 -0.199324 -17.1769
949.543 505.229 5.11155 -0.067193 -14.7261
974.625 469.397 4.90869 -0.187487 -15.3299
247.24 336.819 7.68029 -0.207719 -16.254
404.9 422.815 7.36471 0.0540542 -17.68
358.318 422.815 7.44601 0.0884623 -17.1209
673.638 336.819 5.97564 -0.676722 -17.3197
695.137 322.486 5.87766 -0.757805 -17.2317
756.051 308.154 5.59128 -0.94154 -17.6369
924.461 437.148 4.97457 -0.257269 -15.6761
924.461 308.154 4.73814 -1.02084 -17.1379
494.479 372.651 6.9173 -0.303901 -17.4049
766.801 508.812 5.33454 0.137398 -17.7762
824.132 422.815 5.17929 -0.336722 -16.6612
523.145 490.896 6.55114 0.282223 -17.1803
555.393 440.731 5.85773 -0.0488363 -13.7583
1092.87 648.556 4.60883 0.217351 -15.1373
1117.95 261.572 3.8806 -1.41521 -17.0917
756.051 125.411 5.75429 -1.73084 -16.9259
670.055 103.912 6.20531 -1.81754 -17.0963
666.472 279.488 6.1178 -1.02632 -17.7282
558.976 168.41 6.62142 -1.2845 -16.7468
268.739 207.825 7.55841 -0.712514 -15.9879
189.909 627.057 7.65274 1.05381 -16.3678
567.576 331.086 6.4915 -0.576956 -17.1202
920.161 619.174 4.93968 0.295965 -15.5551
911.561 606.274 4.95478 0.285741 -15.5571
881.463 584.775 5.02579 0.25557 -15.7474
1122.25 309.587 3.67225 -1.27844 -17.592
1105.05 296.687 3.90645 -1.23532 -17.134
1195.35 524.578 4.31189 -0.147256 -15.3081
606.274 520.278 6.14904 0.356212 -17.4552
576.176 520.278 6.26669 0.357122 -17.1083
343.985 257.989 7.49803 -0.694785 -16.6094
288.088 270.889 7.78686 -0.544873 -16.7386
997.558 554.677 4.86601 0.0376308 -15.1651
1139.45 498.779 4.44715 -0.204563 -15.3045
1135.15 468.68 4.43343 -0.280808 -15.4274
275.188 567.576 7.56902 0.843329 -16.8395
455.781 408.483 6.98172 -0.072878 -17.1739
1053.46 305.287 4.13857 -1.14661 -17.1572
300.987 313.887 7.53904 -0.347339 -16.4309
558.976 417.082 6.40055 -0.104821 -16.8283
743.869 520.278 5.43339 0.20269 -17.1254
1109.35 412.783 4.62768 -0.407284 -15.2181
1135.15 361.185 3.6433 -0.979659 -17.2992
481.58 253.689 7.05 -0.882813 -17.238
773.967 408.483 5.38911 -0.400084 -17.4147
786.867 503.079 5.24928 0.0708293 -16.8375
795.466 447.181 5.26277 -0.217975 -17.3535
365.485 245.09 7.6102 -0.81075 -17.1547
481.58 318.187 6.95259 -0.546484 -17.151
554.677 262.289 6.67726 -0.926107 -17.3369
533.177 257.989 6.76163 -0.890901 -17.1309
627.773 335.386 6.23279 -0.631215 -17.465
924.461 541.777 4.96526 0.0653356 -15.5534
967.459 335.386 4.49285 -0.944679 -17.2637
270.889 421.382 7.38577 0.115985 -16.1128
223.591 429.982 7.851 0.262478 -16.6329
322.486 395.583 7.40497 -0.0263421 -16.5188
761.068 339.686 5.53634 -0.747754 -17.5022
743.869 313.887 5.62823 -0.850405 -17.4715
851.364 326.786 5.02302 -0.930323 -17.7151
795.466 322.486 5.35 -0.869255 -17.4269
950.26 503.079 4.94434 -0.0767802 -15.4078
976.059 468.68 4.90549 -0.185861 -15.3735
584.775 421.382 6.3713 -0.114241 -17.3944
593.375 365.485 6.3091 -0.408422 -16.8836
313.887 494.479 7.63038 0.512428 -17.2246
799.766 386.984 5.28084 -0.50651 -17.2458
1049.16 395.583 4.79522 -0.422286 -15.1568
915.861 309.587 4.70683 -1.02232 -17.3991
950.26 391.283 5.10158 -0.358912 -14.958
283.788 318.187 7.54349 -0.301221 -16.3132
232.19 300.987 7.90845 -0.342517 -16.4834
550.377 485.879 6.30822 0.200418 -16.4582
515.978 438.581 6.63956 0.0267087 -17.0924
610.574 455.781 6.05289 -0.0185017 -16.168
675.071 305.287 6.00118 -0.829435 -17.4186
417.082 472.98 7.15236 0.304457 -17.3525
412.783 425.682 6.97217 0.041048 -16.5885
438.581 472.98 6.92744 0.274075 -16.9377
460.081 455.781 5.89534 -0.01648 -13.4748
657.872 391.283 6.01272 -0.36875 -17.3391
644.973 498.779 5.98266 0.198099 -17.4808
675.071 460.081 5.84805 -0.0219682 -17.3535
1135.15 515.978 4.52032 -0.128912 -15.2095
640.673 515.978 5.95698 0.28547 -17.195
1066.35 283.788 4.05111 -1.32253 -17.3484
1117.95 257.989 3.83676 -1.45766 -17.2673
670.772 103.196 6.17881 -1.72894 -16.8459
666.472 270.889 6.03904 -0.908339 -17.1028
442.881 507.379 6.90925 0.41637 -17.0934
374.084 193.492 7.58775 -1.04205 -16.9608
558.976 167.693 6.64048 -1.28725 -16.7435
202.091 133.294 8.18764 -1.08055 -16.4357
1100.75 116.095 4.08002 -2.14414 -17.1014
593.375 366.345 6.2651 -0.408452 -16.7132
598.535 335.386 6.37303 -0.570277 -17.3027
918.441 345.705 4.67438 -0.906433 -17.5979
319.906 397.303 7.21062 -0.0251601 -16.0371
335.386 361.185 7.52945 -0.165916 -16.8608
557.256 417.942 6.4767 -0.12559 -17.2953
1011.32 314.747 4.35486 -1.06128 -17.073
268.309 469.54 7.54803 0.345545 -16.5257
221.871 433.422 6.707 0.0885818 -14.4991
221.871 521.138 7.54807 0.570198 -16.1989
417.942 335.386 7.28249 -0.417952 -17.2463
454.061 407.623 6.97239 -0.0946911 -17.1823
743.009 448.901 5.51072 -0.150426 -17.333
779.127 541.777 5.23497 0.257168 -17.15
820.405 505.659 5.374 -0.00806213 -14.7838
799.766 335.386 5.32759 -0.824856 -17.4285
789.447 417.942 5.30407 -0.361369 -17.2278
851.364 325.066 5.11305 -0.835112 -16.9219
588.215 495.339 6.23722 0.227941 -17.0728
588.215 454.061 5.9442 -0.0197788 -14.698
970.039 469.54 4.90752 -0.187807 -15.3593
206.391 454.061 7.95938 0.361268 -16.7327
350.865 469.54 6.99223 0.222969 -15.9834
314.747 469.54 7.46009 0.318652 -16.7619
469.54 485.02 6.95385 0.289048 -17.7611
675.931 304.427 5.96856 -0.807141 -17.1313
428.262 402.463 6.01838 -0.0656816 -13.7027
361.185 423.102 7.27788 0.0748974 -16.6899
361.185 381.824 7.47122 -0.117928 -17.0914
670.772 433.422 5.8776 -0.171393 -17.0886
650.133 392.143 6.01443 -0.390441 -17.2115
1052.6 479.86 4.77383 -0.203875 -15.1237
1047.44 583.055 4.72429 0.073538 -15.2114
970.039 603.694 4.89815 0.177934 -15.1841
1047.44 562.416 4.73506 0.0168262 -15.2053
918.441 557.256 4.98664 0.0981184 -15.5574
1129.99 521.138 4.51481 -0.127146 -15.2396
789.447 448.901 5.27648 -0.227647 -17.1738
877.163 593.375 5.00591 0.276674 -15.9477
918.441 159.953 4.9112 -1.77277 -17.2805
743.009 154.793 5.76328 -1.61484 -16.9394
644.973 196.072 6.22364 -1.27164 -16.9324
758.488 128.995 5.7404 -1.7038 -16.9188
665.612 103.196 6.17881 -1.72894 -16.8459
727.529 294.108 5.76076 -0.962107 -17.3572
665.612 283.788 6.07664 -0.945774 -17.3321
412.783 479.86 6.8977 0.256899 -16.443
552.097 448.901 6.47562 0.0411511 -17.3312
577.896 521.138 6.27473 0.355167 -17.1619
536.617 515.978 6.4633 0.372946 -17.1859
273.468 366.345 7.52846 -0.061488 -16.3595
211.551 583.055 7.58878 0.846846 -16.3152
211.551 567.576 7.48244 0.714817 -16.0822
242.51 583.055 7.33783 0.759452 -16.0606
294.108 531.458 7.48205 0.637363 -16.7232
459.221 206.391 7.26596 -1.09199 -17.2552
572.736 185.752 6.56063 -1.23907 -16.8825
443.741 288.948 7.16322 -0.659347 -17.1552
567.576 304.427 6.37564 -0.605685 -16.4025
201.231 134.154 8.21789 -1.05965 -16.4791
330.226 185.752 7.65765 -0.999266 -16.6876
309.587 144.474 7.76022 -1.15551 -16.6123
340.546 335.386 7.72583 -0.34278 -17.3029
340.546 278.628 7.52491 -0.614745 -16.6906
913.281 98.0359 5.02123 -2.01015 -16.9668
1124.83 149.634 3.84109 -2.1687 -17.4764
229.094 278.628 7.16537 -0.32865 -15.1631
272.436 365.313 7.07048 -0.0705899 -15.323
235.286 359.121 8.22734 -0.0924497 -17.2542
427.23 396.271 7.15706 -0.098458 -17.2222
656.324 328.162 6.08321 -0.706582 -17.478
792.543 383.888 5.31788 -0.539824 -17.2926
885.419 451.997 5.06139 -0.207013 -15.8088
953.528 501.531 4.94641 -0.0857744 -15.3966
910.186 507.723 4.98844 -0.0927448 -15.7292
1114.51 328.162 3.64758 -1.19349 -17.667
786.351 309.587 5.41521 -1.09973 -18.6311
885.419 507.723 5.10824 -0.00860838 -15.4033
563.448 352.929 6.51799 -0.470035 -17.2715
569.64 297.203 6.43469 -0.682358 -16.6457
922.569 315.779 4.8347 -0.977796 -17.0338
1009.25 408.655 4.91093 -0.386886 -15.1551
996.87 390.08 4.90853 -0.39572 -15.1675
699.666 501.531 5.65625 0.153451 -17.1046
643.941 495.339 5.87899 0.125812 -16.2058
885.419 303.395 4.95348 -1.05131 -17.3641
1058.79 470.572 4.74759 -0.204783 -15.1695
916.377 557.256 5.0019 0.0900849 -15.46
996.87 544.873 4.88114 0.000664301 -15.1678
674.9 464.38 5.9391 -0.0126464 -18.1271
712.05 377.696 5.7077 -0.447092 -16.7121
873.035 582.023 5.03243 0.276364 -15.8014
786.351 501.531 5.28945 0.0495842 -16.7882
984.486 130.027 4.62682 -1.92056 -17.1304
1114.51 253.861 3.85153 -1.47115 -17.2509
1064.98 284.82 4.03068 -1.33215 -17.4791
650.133 191.944 6.25124 -1.30847 -17.0342
662.516 284.82 6.07664 -0.945774 -17.3321
538.681 476.764 6.4578 0.195986 -16.975
451.997 507.723 6.81355 0.381287 -16.7859
414.846 501.531 6.98986 0.411788 -16.7892
315.779 458.189 7.22935 0.282744 -16.2205
297.203 451.997 7.74561 0.275943 -17.0402
247.67 532.49 7.28421 0.534354 -15.8677
575.832 185.752 6.57862 -1.24695 -16.8974
594.407 148.602 6.50711 -1.42625 -16.9075
445.805 321.97 7.15171 -0.518688 -17.2492
439.613 260.053 7.1066 -0.759175 -16.9288
594.407 340.546 6.34806 -0.574288 -17.1141
637.749 291.012 6.22675 -0.78627 -16.8788
204.327 130.027 8.19116 -1.06284 -16.4227
328.162 185.752 7.67228 -0.98771 -16.7073
278.628 179.56 7.91989 -0.983995 -16.7271
309.587 142.41 7.59727 -1.02291 -16.2679
1126.9 142.41 4.61804 -1.22735 -15.2788
356.644 468.095 7.30697 0.295452 -16.7586
319.494 453.235 7.20896 0.26106 -16.1201
378.934 319.494 7.40914 -0.414107 -16.9652
482.956 326.924 6.92901 -0.523792 -17.1094
661.278 468.095 5.86255 -0.0101861 -16.8853
638.987 497.816 5.95364 0.181868 -17.1785
817.31 505.246 5.17218 0.0175246 -16.3772
1025.35 334.354 4.06078 -1.15674 -17.9436
965.911 304.634 4.21473 -1.37654 -18.7237
356.644 416.085 7.29608 0.0668595 -16.6699
475.526 445.805 6.69477 0.0919546 -16.4413
787.589 475.526 5.27111 -0.0545443 -17.4691
824.74 445.805 5.14123 -0.235436 -16.88
884.18 512.676 5.07355 0.0285459 -15.7338
423.515 460.665 6.97887 0.203785 -16.7136
401.225 475.526 7.14364 0.310938 -17.2342
683.568 334.354 5.96398 -0.919913 -18.8543
646.418 334.354 6.17153 -0.807469 -18.3236
676.138 304.634 5.89445 -0.810496 -16.9642
705.858 430.945 5.69944 -0.186038 -17.0589
586.977 423.515 6.249 -0.123765 -16.7626
921.331 356.644 4.94841 -0.653631 -16.3933
943.621 319.494 4.5792 -0.933859 -17.2732
913.901 319.494 4.69143 -1.0695 -17.7607
951.051 438.375 4.93448 -0.273585 -15.4151
1129.37 423.515 4.60917 -0.401465 -15.1854
1055.07 475.526 4.74624 -0.216834 -15.1705
1129.37 505.246 4.50154 -0.157298 -15.218
713.288 378.934 5.77726 -0.531336 -17.7751
780.159 542.396 5.25177 0.262019 -17.1973
1047.64 304.634 4.07992 -1.17603 -17.3828
765.299 208.042 5.59428 -1.30294 -16.7622
728.148 148.602 5.831 -1.60188 -16.8554
668.708 141.172 6.16379 -1.63496 -17.0497
743.009 304.634 5.63223 -0.916839 -17.4573
728.148 297.203 5.75278 -0.952968 -17.3867
661.278 289.773 6.10797 -0.921775 -17.455
795.019 297.203 5.3553 -0.99582 -17.4313
534.966 475.526 6.50914 0.192085 -17.3315
505.246 490.386 6.663 0.288386 -17.3321
594.407 497.816 6.19627 0.227406 -17.0079
222.903 520.106 7.2688 0.474502 -15.6443
319.494 497.816 7.40124 0.443478 -16.682
594.407 148.602 6.49866 -1.37327 -16.8305
542.396 170.892 6.67619 -1.29285 -16.7543
408.655 297.203 7.55194 -0.609517 -17.6493
557.256 297.203 6.59446 -0.756857 -17.2521
326.924 185.752 7.66222 -0.974547 -16.6649
341.784 170.892 7.28526 -0.904903 -15.9189
282.343 178.322 7.90149 -0.994352 -16.7062
282.343 319.494 7.67897 -0.310241 -16.5741
341.784 267.483 7.78807 -0.741147 -17.3503
1121.94 141.172 3.96859 -1.97989 -16.9838
802.449 329.896 5.34084 -0.834639 -17.4557
775.701 312.064 5.50398 -0.967736 -17.825
927.275 383.392 4.96588 -0.515338 -16.042
891.61 383.392 4.7635 -0.703935 -17.7688
1007.52 454.721 4.86261 -0.292522 -15.2598
954.023 436.889 4.9477 -0.253052 -15.5214
954.023 338.812 4.37882 -1.09229 -18.3614
1007.52 312.064 4.64165 -0.873591 -16.1705
258.567 463.637 7.6943 0.39548 -16.7989
222.903 427.973 8.1979 0.283599 -17.2268
320.98 454.721 7.41406 0.258733 -16.6934
303.148 329.896 7.54172 -0.308953 -16.5025
276.399 312.064 7.78413 -0.305278 -16.8045
401.225 356.644 7.34153 -0.274859 -17.0441
436.889 329.896 7.12699 -0.490042 -17.1145
454.721 508.218 6.69462 0.377653 -16.4902
508.218 490.386 6.7158 0.294761 -17.3655
668.708 410.141 5.92627 -0.273007 -17.1606
695.456 383.392 5.81134 -0.45223 -17.1524
838.114 383.392 5.11328 -0.563357 -16.9932
481.47 338.812 6.57449 -0.357616 -15.8608
945.107 454.721 4.99154 -0.191092 -15.5335
989.688 392.309 4.88813 -0.386708 -15.5103
954.023 499.302 4.93755 -0.0882514 -15.3444
668.708 427.973 5.9493 -0.175551 -17.2915
704.372 490.386 5.63702 0.0831183 -16.9974
668.708 499.302 5.83137 0.177819 -17.3208
1069.93 294.231 4.07698 -1.24126 -17.1854
731.121 294.231 5.72715 -0.938883 -17.2841
659.792 294.231 6.1321 -0.819896 -16.8764
882.694 312.064 4.971 -1.02411 -17.5606
481.47 454.721 6.71129 0.167423 -16.7896
463.637 401.225 6.47824 -0.146516 -15.4526
419.057 392.309 6.86957 -0.110689 -16.0748
543.882 454.721 6.52864 0.0835317 -17.3106
552.798 401.225 6.45071 -0.18975 -16.6727
401.225 472.554 7.03696 0.295051 -16.6526
597.379 499.302 6.24128 0.153662 -17.1164
534.966 472.554 5.86674 -0.00388821 -13.7605
338.812 383.392 7.33792 -0.0565312 -16.4565
267.483 365.56 7.41494 -0.0997077 -16.0027
356.644 481.47 7.19277 0.424958 -16.5986
463.637 205.07 7.17758 -1.07807 -17.1022
481.47 285.315 7.02474 -0.7589 -17.2777
597.379 356.644 6.00522 -0.317839 -15.1024
552.798 356.644 6.18 -0.348309 -15.3722
615.211 303.148 6.30255 -0.747493 -17.1486
347.728 213.987 7.62628 -0.901168 -16.8912
285.315 187.238 8.12006 -1.08231 -17.0298
222.903 276.399 8.34599 -0.51792 -17.1215
338.812 338.812 7.3829 -0.318359 -16.3554
347.728 267.483 7.35363 -0.609924 -16.3015
