1508 832 0.53967 -1.30015 24.8175
1603 77 0.766496 -2.90527 24.7242
1898 612 0.799495 -1.76746 23.9396
1231.2 884.4 -0.0840352 -1.23108 24.6717
1713.6 362.4 0.762456 -2.22296 24.3489
369.6 468 -4.70907 -2.80154 31.0098
1035.6 746.4 0.0619991 -0.163506 37.5789
1869.6 1029.6 0.589367 -1.21649 23.7306
1715.04 519.84 0.75802 -1.92734 24.3533
1313.28 671.04 0.40665 -1.58093 25.8905
1199.52 614.88 0.422187 -1.7298 27.9692
1694.88 800.64 0.731944 -1.42236 24.4111
741.6 348.48 -3.17815 -4.77598 37.1221
603.36 334.08 -1.93219 -2.81137 26.7609
207.36 650.88 -3.46785 -1.68443 26.9362
151.2 642.24 -3.33793 -1.725 26.3658
148.32 744.48 -3.47873 -1.37728 26.5835
790.56 750.24 -1.54122 -1.08846 28.679
1764 360 0.760304 -2.19008 24.1841
1254.24 914.4 0.016262 -1.11013 24.9218
1798.56 869.76 0.810551 -1.31751 24.2405
1596.67 877.824 0.53584 -1.28832 24.3878
1441.15 464.832 0.647595 -2.14362 25.4345
1311.55 768.96 0.378913 -1.29676 25.8746
1107.65 502.848 0.470304 -2.57387 32.3728
1147.39 580.608 0.430332 -1.91779 29.7947
1178.5 540.864 0.599783 -2.14545 29.6432
551.232 730.944 -1.75656 -1.48195 25.6127
221.184 502.848 -5.42104 -2.53153 30.476
1449.79 508.032 0.682755 -2.02936 25.5012
1693.44 798.336 0.725349 -1.42323 24.4084
603.072 333.504 -1.92368 -2.81594 26.7637
350.784 876.096 -2.35895 -1.073 25.7191
89.856 857.088 -3.52389 -1.02354 26.3612
158.976 870.912 -3.36937 -0.956723 26.4796
207.36 651.456 -3.47095 -1.68435 26.9434
38.016 779.328 -3.40952 -1.33741 25.9451
146.88 743.04 -3.282 -1.39875 26.2569
896.832 938.304 -0.840723 -0.829912 25.9331
513.216 810.432 -1.86297 -1.27389 25.6031
571.968 644.544 -1.61966 -1.72015 25.3116
514.944 608.256 -1.82958 -1.81021 25.5089
642.816 794.88 -1.61649 -1.25038 25.9955
1410.05 950.4 -0.360625 -1.61355 22.6473
1126.66 986.688 -0.172441 -0.695248 25.8198
983.232 608.256 -0.541241 -1.75037 36.1488
1724.54 862.272 0.658745 -1.3479 24.1921
1819.58 857.088 0.862735 -1.33862 24.272
1800.58 969.408 0.636743 -1.23287 23.9624
1615.68 876.096 0.54115 -1.29363 24.3339
1728 642.816 0.790174 -1.70226 24.3898
1778.11 653.184 0.782688 -1.69001 24.229
1444.61 603.072 0.624579 -1.77735 25.401
1146.7 580.608 0.450343 -1.92278 29.986
1300.15 667.699 0.483017 -1.56563 26.4214
1109.38 503.885 0.467256 -2.57164 32.3785
393.984 711.245 -2.13575 -1.54828 25.4588
1248.31 611.712 0.390248 -1.7505 26.8125
1219.28 564.019 0.554882 -1.99046 28.1844
489.37 707.098 -1.89816 -1.55591 25.5189
1692.06 800.41 0.728233 -1.4216 24.4102
1198.54 456.192 0.904249 -2.73916 30.6762
308.966 383.616 -9.7208 -4.97893 40.2701
742.349 348.365 -3.11237 -4.69625 36.676
601.344 331.776 -1.87778 -2.77212 26.5386
812.851 286.157 -2.30035 -5.39601 36.6878
350.438 877.133 -2.28613 -1.10736 25.5406
441.677 804.557 -2.04498 -1.29436 25.5768
458.266 941.415 -1.97353 -0.946805 25.4706
141.005 665.626 -3.29664 -1.65351 26.2387
955.93 829.44 -0.677427 -0.993885 26.7074
578.534 891.648 -1.68386 -1.05511 25.5593
514.253 810.778 -1.83062 -1.28014 25.4862
626.227 872.986 -1.62553 -1.04477 25.8665
642.816 796.263 -1.60473 -1.25544 25.9417
580.608 924.826 -1.69759 -0.935056 25.6523
514.253 609.638 -1.81491 -1.81304 25.456
1368.58 416.794 0.621076 -2.34922 26.0075
1304.29 223.949 0.657174 -3.21029 26.8498
1721.09 518.4 0.765107 -1.93263 24.3493
1777.08 452.045 0.778214 -2.03516 24.1836
1864.17 120.269 0.774022 -2.51881 23.9187
1069.98 578.534 0.135238 -1.99149 32.5736
1038.87 682.214 -0.179723 -1.30595 30.2775
1725.24 862.618 0.659404 -1.34887 24.1923
1799.89 868.839 0.813507 -1.31614 24.2474
1820.62 856.397 0.862735 -1.33862 24.272
1694.13 955.93 0.455366 -1.26353 23.9146
1638.14 858.471 0.58185 -1.33493 24.3212
1571.79 796.263 0.698079 -1.35542 24.8763
1685.84 588.902 0.772482 -1.80905 24.4753
1716.94 777.6 0.756704 -1.45945 24.3809
1445.3 603.418 0.606936 -1.77193 25.3397
1484.7 694.656 0.645635 -1.55174 25.215
373.248 512.594 -4.3802 -2.46241 30.4018
1172 460.339 0.541372 -2.60487 29.609
393.155 711.66 -2.17818 -1.54626 25.5817
437.944 679.311 -1.9654 -1.6404 25.3209
335.923 982.887 -2.36491 -0.797806 25.6309
898.284 928.143 -0.887525 -0.670254 26.6202
602.174 333.435 -1.85647 -2.7575 26.4406
741.519 320.993 -2.85206 -4.63466 34.9821
641.987 796.263 -1.65067 -1.22113 26.1366
328.458 746.496 -2.25673 -1.47822 25.344
582.267 925.655 -1.69537 -0.943442 25.6473
1784.13 674.335 0.781668 -1.65503 24.2149
457.851 940.585 -1.95931 -0.956692 25.4272
577.29 890.819 -1.69487 -1.04097 25.6103
1055.05 803.727 -0.285538 -0.980127 27.6179
1022.7 395.643 -0.186336 -3.4385 32.1618
1687.08 589.732 0.77165 -1.80827 24.4752
206.531 651.94 -3.44853 -1.68591 26.8804
477.758 552.407 -2.15773 -2.00123 26.1377
1694.55 955.515 0.451414 -1.26609 23.9149
982.887 607.15 -0.545565 -1.76619 36.1088
1776.66 450.386 0.777588 -2.03517 24.1836
1799.06 967.957 0.640305 -1.23318 23.9676
146.811 744.008 -3.35081 -1.39521 26.39
559.872 495.176 -1.9174 -2.18068 26.1937
537.477 520.059 -1.96766 -2.09918 26.1242
442.921 858.471 -2.03695 -1.16007 25.5265
442.921 806.216 -2.03219 -1.3006 25.5159
1863.75 119.439 0.773066 -2.5186 23.9195
1721.92 517.571 0.765083 -1.93103 24.3494
549.919 731.566 -1.75903 -1.48735 25.5863
1572.62 796.263 0.698471 -1.35904 24.8633
1445.71 602.174 0.568921 -1.77696 25.2015
1724.41 860.959 0.659405 -1.34887 24.1923
1687.08 863.447 0.609395 -1.3386 24.2257
1147.12 579.779 0.476079 -1.92664 30.2646
1485.53 694.241 0.653817 -1.55198 25.2387
1368.58 415.549 0.59192 -2.33146 25.8917
465.316 734.055 -1.98379 -1.4838 25.56
1286.46 455.363 0.573141 -2.35487 26.9523
1306.37 1007.77 0.181158 -0.821323 25.197
86.5936 352.346 -12.5663 -5.42336 39.9238
197.075 289.641 -9.61897 -5.61599 37.3019
624.071 868.922 -1.6567 -1.02866 25.9742
641.987 797.258 -1.65435 -1.21879 26.1685
214.991 594.211 -3.45164 -1.9038 26.9509
534.491 916.697 -1.80748 -0.9776 25.6047
770.384 785.314 -1.52082 -1.02669 27.9517
833.09 937.599 -1.00992 -0.889929 25.6312
223.949 853.992 -3.27487 -0.979041 26.6975
600.183 331.444 -1.84073 -2.74607 26.364
1233.21 928.641 0.156476 -0.830751 25.9667
406.094 570.323 -2.18264 -1.92376 25.6501
955.515 862.95 -0.673003 -0.876073 26.7916
1758.74 794.272 0.735091 -1.45155 24.2142
328.458 746.496 -2.25945 -1.47652 25.3513
450.884 976.417 -2.04409 -0.834599 25.6271
456.856 940.585 -2.0108 -0.923768 25.5736
788.3 483.729 -0.999745 -2.06827 24.789
1693.05 955.515 0.457669 -1.26224 23.9142
576.295 892.809 -1.6967 -1.04602 25.6014
507.617 859.964 -1.91466 -1.11627 25.7289
976.417 1000.3 -0.609897 -0.82267 25.2429
967.459 943.571 -0.646326 -0.861501 25.7071
1684.1 591.225 0.771172 -1.80172 24.4768
1830.41 352.346 0.83327 -2.19566 24.1051
1716.94 776.356 0.756795 -1.46138 24.3758
1672.15 782.328 0.72577 -1.44563 24.4773
594.211 656.917 -1.63505 -1.67931 25.5649
633.029 543.449 -1.68877 -2.03037 26.2398
406.094 851.006 -2.11867 -1.18257 25.5094
549.421 731.566 -1.76251 -1.48535 25.6056
1749.79 289.641 0.750994 -2.31629 24.1966
1448.2 131.383 0.716035 -3.06397 25.4757
1716.94 516.575 0.7579 -1.93024 24.3505
1681.11 501.645 0.736248 -1.9739 24.4383
1110.79 564.351 0.31551 -2.03817 30.6945
65.6917 492.687 -7.28998 -2.76677 31.8165
1719.93 862.95 0.660135 -1.34812 24.1923
483.729 731.566 -1.91921 -1.48268 25.5484
397.136 734.552 -2.15981 -1.48368 25.5525
421.024 710.664 -2.09214 -1.5583 25.5117
1478.06 298.598 0.691276 -2.56467 25.2574
349.36 489.701 -4.66185 -2.60633 30.6283
286.655 486.715 -5.05055 -2.65635 30.5969
343.388 432.968 -5.13653 -3.10168 31.555
1528.82 480.743 0.673545 -2.05195 24.9815
1322.79 421.024 0.630849 -2.40054 26.5144
223.949 498.659 -5.32117 -2.52904 30.3082
1197.38 612.127 0.440771 -1.74666 28.1516
1206.34 591.225 0.54914 -1.83545 28.4378
1191.41 501.645 0.546339 -2.31141 28.8107
349.36 874.893 -2.27749 -1.11257 25.5134
349.36 241.865 -6.45411 -5.31891 34.361
576.892 892.212 -1.66598 -1.06131 25.4853
512.395 824.132 -1.84587 -1.23481 25.5202
157.66 867.13 -3.56675 -0.909756 26.8378
85.9964 859.964 -3.59324 -1.00588 26.4728
157.66 799.049 -3.50592 -1.1621 26.6973
85.9964 788.3 -3.3454 -1.29007 26.0461
451.481 974.625 -2.13085 -0.769447 25.8519
455.064 935.21 -2.0052 -0.934017 25.5429
512.395 609.141 -1.84774 -1.81411 25.5755
548.227 566.143 -1.78881 -1.92719 25.6831
1694.84 953.126 0.459261 -1.26804 23.913
1712.76 716.636 0.722631 -1.58472 24.2987
1795.17 361.901 0.77452 -2.17527 24.1176
329.653 745.302 -2.22194 -1.47685 25.284
788.3 483.73 -1.00606 -2.07079 24.7908
1024.79 641.39 -0.0578074 -1.38566 37.3738
1734.26 580.475 0.760606 -1.82753 24.3038
1684.1 591.225 0.771085 -1.80172 24.4766
404.9 849.214 -2.12815 -1.18484 25.5014
490.896 791.883 -1.92437 -1.32087 25.6155
634.223 548.227 -1.75575 -1.99494 26.5362
1465.52 881.463 3.3054 0.507283 32.9381
1752.18 508.812 0.78147 -1.94386 24.2674
1762.93 451.481 0.748285 -2.03656 24.1864
1809.51 885.046 0.853309 -1.30133 24.2691
548.227 727.386 -1.76251 -1.48535 25.6056
1451.19 132.578 0.740192 -3.09069 25.5575
1630.35 555.393 0.821306 -1.88255 24.8096
1146.62 580.475 0.505097 -1.93357 30.4613
1573.02 795.466 0.696211 -1.36021 24.8632
1719.93 859.964 0.653728 -1.34471 24.1923
1673.35 781.134 0.721087 -1.44138 24.4736
462.23 730.969 -1.98889 -1.49124 25.5892
397.733 734.552 -2.15538 -1.49145 25.535
483.73 705.887 -1.97031 -1.55535 25.6781
82.4132 447.898 -6.98185 -3.03286 31.5044
1401.02 609.141 0.680548 -1.75245 25.9068
1193.2 501.645 0.630674 -2.3737 29.441
1508.52 913.711 4.15795 1.04958 34.2914
770.384 777.55 -1.62074 -0.980218 28.6641
533.894 913.711 -1.8055 -0.999288 25.5792
641.39 799.049 -1.67292 -1.20754 26.2756
899.379 931.627 -0.902182 -0.604879 26.9306
834.881 935.21 -1.00399 -0.89057 25.6284
204.241 652.139 -3.50932 -1.68759 27.0097
336.819 978.209 -2.33929 -0.851916 25.5607
351.152 870.713 -2.27474 -1.11183 25.5378
555.393 419.232 -1.87711 -2.41477 26.0364
200.658 290.238 -9.70866 -5.66385 37.5688
351.152 240.073 -6.45465 -5.31351 34.343
157.66 401.316 -12.1008 -4.89498 40.7016
558.976 494.479 -1.92669 -2.19952 26.2251
1578.03 425.682 0.664744 -2.14727 24.6414
1767.23 924.461 0.719847 -1.24413 24.1815
1040.56 533.177 -0.157534 -2.25018 30.3483
1504.94 137.594 0.743008 -2.95807 25.1937
395.583 730.969 -2.15538 -1.49145 25.535
1509.24 838.465 0.415048 -1.34957 24.4974
1638.23 580.475 0.820462 -1.82624 24.7542
1793.02 881.463 0.797205 -1.30112 24.2383
1479.14 632.073 0.673422 -1.71364 25.3239
1595.23 171.993 0.734951 -2.70686 24.7123
477.28 447.181 -2.16486 -2.33731 26.1456
1479.14 300.987 0.711587 -2.56272 25.3054
1573.73 795.466 0.694654 -1.36341 24.8495
1526.44 834.165 0.563902 -1.28956 24.811
1522.14 640.673 0.605812 -1.69889 24.8365
1573.73 743.869 0.536285 -1.52913 24.4394
1487.74 692.271 0.606315 -1.57656 25.0855
1423.24 494.479 0.623041 -2.07487 25.5418
1629.63 300.987 0.750861 -2.40344 24.6451
348.285 434.282 -5.01756 -3.08771 31.247
1315.74 644.973 0.649949 -1.65842 26.8297
1629.63 421.382 0.766512 -2.14727 24.6772
1629.63 847.064 0.545419 -1.34781 24.2806
1672.63 782.567 0.721604 -1.44784 24.479
1307.14 765.368 0.381948 -1.30895 25.9292
1307.14 666.472 0.378304 -1.615 25.8553
412.783 735.269 -2.11864 -1.49277 25.5656
417.082 709.47 -2.10762 -1.56109 25.5646
1285.65 503.079 0.608203 -2.17997 27.0347
1199.65 610.574 0.456839 -1.74631 28.1863
1371.64 412.783 0.650524 -2.3717 26.0935
1509.24 911.561 3.95083 0.916943 33.7211
1092.15 898.662 -0.23369 -0.822873 26.4975
1053.46 799.766 -0.377677 -1.24831 25.6424
1298.55 993.258 0.216565 -0.788117 25.4328
546.077 726.669 -1.76251 -1.48535 25.6056
593.375 653.572 -1.71596 -1.68382 25.9
576.176 894.362 -1.6837 -1.0564 25.5395
640.673 799.766 -1.64617 -1.21697 26.1051
567.576 778.267 -1.77684 -1.3481 25.8181
838.465 933.06 -1.04159 -0.824665 26.0605
202.091 653.572 -3.49906 -1.68448 26.9733
120.395 558.976 -3.91987 -2.05873 27.1496
154.793 799.766 -3.59427 -1.15836 26.8254
451.481 971.759 -2.03157 -0.839878 25.5787
404.183 851.364 -2.16292 -1.17165 25.6015
352.585 240.79 -6.43224 -5.32901 34.4062
421.382 417.082 -2.44604 -2.48183 26.4518
1501.5 128.995 0.702719 -2.95431 25.1162
1692.41 650.133 0.727376 -1.70001 24.3997
1635.65 577.896 0.831748 -1.82502 24.8031
1403.46 608.854 0.648382 -1.76298 25.8106
1568.57 794.606 0.697697 -1.36998 24.8483
1547.93 712.05 0.735488 -1.51949 25.0468
1522.14 696.571 0.710091 -1.57062 25.123
1527.3 490.179 0.669079 -2.0605 24.9575
1305.42 763.648 0.252769 -1.36641 25.3417
1816.24 856.524 0.845893 -1.33801 24.2637
1749.17 820.405 0.707826 -1.41952 24.179
490.179 696.571 -1.8634 -1.59831 25.4029
1486.02 691.411 0.607642 -1.57991 25.0892
1444.74 706.89 0.490164 -1.54738 24.9826
1630.49 469.54 0.744634 -2.07647 24.617
1625.33 846.204 0.609747 -1.32401 24.4405
1687.25 799.766 0.670536 -1.44318 24.2918
1310.58 536.617 0.653499 -2.05693 26.8304
1289.95 443.741 0.669044 -2.39748 27.0957
319.906 495.339 -4.63802 -2.55269 30.2204
1429.26 412.783 0.75485 -2.3696 25.8765
1140.31 433.422 0.3662 -2.76558 29.3792
1651.13 227.03 0.781602 -2.53437 24.5672
1697.57 655.292 0.75717 -1.67648 24.4346
1764.65 923.601 0.725198 -1.24471 24.1842
1697.57 954.56 0.46039 -1.26802 23.913
1026.8 655.292 -0.414614 -1.65281 26.6028
1088.71 897.802 -0.189368 -0.732308 26.8708
1052.6 928.761 -0.104116 0.304908 30.4649
1764.65 252.829 0.746882 -2.36001 24.1248
1031.96 443.741 -0.324394 -2.46005 27.1204
546.937 727.529 -1.77179 -1.49353 25.624
572.736 892.642 -1.71628 -1.03615 25.6594
206.391 655.292 -3.27683 -1.6801 26.5584
515.978 614.014 -1.87229 -1.81552 25.6516
366.345 619.174 -2.24696 -1.798 25.544
433.422 841.044 -2.06897 -1.21589 25.5624
350.865 872.003 -2.28573 -1.12489 25.5426
598.535 330.226 -1.86598 -2.78768 26.4755
247.67 175.433 -6.52776 -5.49707 32.6984
288.948 314.747 -9.14454 -5.72391 38.5414
309.587 381.824 -10.2269 -5.16775 41.2999
396.271 718.242 -2.12841 -1.53723 25.4766
321.97 495.339 -4.63802 -2.55269 30.2204
1133.09 594.407 0.463179 -1.93402 30.9127
1108.32 563.448 0.246961 -1.99604 29.8335
1653.19 222.903 0.782306 -2.5579 24.5866
1133.09 433.422 0.447339 -2.8877 30.5229
1479.83 625.366 0.636974 -1.73344 25.1792
1455.06 551.065 0.641427 -1.93501 25.367
1504.59 130.027 0.796055 -3.02592 25.3754
1275.5 501.531 0.606132 -2.20258 27.2244
1188.81 501.531 0.558978 -2.29517 28.8303
1182.62 482.956 0.613417 -2.55203 29.6198
1343.61 346.737 0.686852 -2.69818 26.5217
1362.18 730.625 0.536279 -1.40845 25.8499
1312.65 544.873 0.633522 -2.04178 26.7822
1671.77 866.843 0.591609 -1.32167 24.2361
1622.24 848.268 0.542581 -1.351 24.2801
1671.77 780.159 0.717504 -1.44739 24.4844
1578.89 427.23 0.680826 -2.15139 24.6897
1504.59 359.121 0.675587 -2.39808 25.0956
1195.01 612.982 0.425414 -1.75527 28.1105
1467.44 365.313 0.677015 -2.42419 25.3262
1430.29 371.504 0.678798 -2.43408 25.6396
1442.68 705.858 0.499531 -1.55498 25.0231
1789.41 674.9 0.725195 -1.67872 24.083
1696.54 656.324 0.710636 -1.70102 24.3375
1733.69 588.215 0.789663 -1.81747 24.3625
1578.89 860.652 0.622013 -1.25229 24.682
1764.65 922.569 0.72476 -1.24551 24.1944
1715.11 773.967 0.759763 -1.49455 24.3798
1529.36 476.764 0.676732 -2.07651 24.9738
1752.26 507.723 0.728601 -1.95591 24.1568
1684.15 507.723 0.752313 -1.97239 24.4501
1287.88 445.805 0.659519 -2.46721 27.219
544.873 724.433 -1.78175 -1.4989 25.655
650.133 538.681 -1.86689 -2.05922 27.0028
544.873 761.584 -1.78649 -1.40303 25.654
204.327 656.324 -3.54964 -1.67365 27.0693
210.519 588.215 -3.85843 -1.93406 27.6464
136.218 631.557 -3.46148 -1.77309 26.4971
513.914 612.982 -1.85281 -1.81444 25.566
365.313 619.174 -2.19975 -1.7983 25.4399
817.31 291.012 -2.20036 -5.43137 37.3552
594.407 328.162 -2.0176 -2.91289 26.9883
210.519 291.012 -9.69178 -5.66503 37.5719
142.41 210.519 -6.71487 -4.86467 31.683
359.121 241.478 -6.46774 -5.34233 34.5036
427.23 421.038 -2.31985 -2.42742 26.1269
1552.89 304.634 0.728363 -2.42878 24.8824
1500.88 282.343 0.515828 -2.48613 24.6911
1500.88 141.172 0.724566 -2.96906 25.1754
185.752 438.375 -7.17089 -3.29891 33.0569
334.354 743.009 -2.22061 -1.48261 25.2883
393.795 683.568 -2.43485 -1.57254 26.0893
1025.35 393.795 -0.119011 -3.81007 34.3774
1129.37 349.214 0.499083 -3.63757 31.2356
1463.73 237.763 0.649189 -2.74015 25.25
1523.17 698.428 0.599176 -1.58222 24.7812
1181.38 482.956 0.636516 -2.5439 29.6112
1404.29 393.795 0.63851 -2.41973 25.6648
1426.58 371.504 0.707018 -2.45424 25.743
1448.87 505.246 0.583875 -2.04497 25.223
1396.86 505.246 0.599222 -2.0621 25.5528
1590.04 185.752 0.810776 -2.75459 24.8795
1277.97 705.858 0.348478 -1.48931 26.1882
1300.27 661.278 0.306571 -1.6216 25.5549
1441.44 705.858 0.429886 -1.55989 24.8118
1448.87 549.826 0.734731 -1.9561 25.6851
1694.06 653.848 0.719952 -1.69318 24.3568
1731.21 586.977 0.791844 -1.81745 24.3623
1575.18 861.89 0.504254 -1.33678 24.4167
1664.34 780.159 0.717591 -1.44514 24.4749
1025.35 646.418 -0.435067 -1.67522 25.303
1627.19 304.634 0.741882 -2.4136 24.6455
1523.17 475.526 0.718719 -2.08462 25.1204
1760.93 453.235 0.744136 -2.05188 24.1607
1040.21 274.913 0.197535 -5.11579 35.0124
1173.95 326.924 0.568625 -3.36094 29.3629
1285.41 438.375 0.691507 -2.48725 27.4782
542.396 720.718 -1.78883 -1.51306 25.6675
572.117 899.04 -1.71688 -1.02875 25.6569
230.333 698.428 -3.56608 -1.42836 27.289
141.172 668.708 -3.51762 -1.63519 26.6517
505.246 616.697 -1.88716 -1.81558 25.6446
364.074 616.697 -2.22247 -1.80487 25.513
393.795 847.03 -2.17746 -1.1828 25.5741
594.407 326.924 -1.84931 -2.75997 26.2403
832.17 304.634 -2.29312 -5.57423 37.7911
601.837 490.386 -2.01128 -2.2814 27.0519
549.826 423.515 -1.92137 -2.4188 26.0569
884.18 386.365 -1.27868 -3.47874 31.4896
824.74 334.354 -2.42825 -5.41541 38.4791
237.763 170.892 -5.87001 -5.11874 31.4465
141.172 208.042 -6.77534 -4.88187 31.8447
364.074 245.193 -6.43224 -5.32901 34.4062
438.375 490.386 -2.40644 -2.2393 26.4116
765.299 772.729 -1.54874 -1.04075 28.0703
1444.41 499.302 0.655926 -2.06864 25.4222
1399.83 508.218 0.670223 -2.08269 25.9369
1453.32 552.798 0.665436 -1.93201 25.4363
1399.83 392.309 0.679612 -2.44185 25.867
1524.65 704.372 0.736014 -1.5543 25.1607
1444.41 704.372 0.532223 -1.55713 25.1605
1560.32 873.778 0.446686 -1.30233 24.343
1382 748.953 0.543396 -1.3825 25.7763
1043.18 543.882 0.187875 -2.37048 36.1002
1301.75 659.792 0.189888 -1.64158 25.0926
1328.5 740.037 0.514656 -1.3938 26.1364
1524.65 472.554 0.598752 -2.08862 24.733
1685.14 508.218 0.697258 -1.97047 24.3392
1631.65 454.721 0.740438 -2.0881 24.6376
1043.18 276.399 0.277425 -5.47172 36.5756
1132.35 347.728 0.609032 -3.886 32.6205
1025.35 436.889 -0.406538 -2.38223 26.4913
1212.59 445.805 0.773857 -2.69714 29.4691
1337.42 347.728 0.583258 -2.62754 26.1469
793.533 624.127 -1.53548 -1.6999 28.6739
570.631 900.527 -1.72205 -1.01864 25.6523
222.903 704.372 -3.5778 -1.4171 27.3128
205.07 588.463 -3.5508 -1.95821 27.015
543.882 713.288 -1.85199 -1.55953 25.7725
401.225 713.288 -2.03645 -1.56288 25.2753
508.218 615.211 -1.95198 -1.8039 25.8098
365.56 615.211 -2.30593 -1.82086 25.7259
231.819 740.037 -3.23245 -1.34453 26.6747
508.218 829.198 -1.9415 -1.20831 25.8267
588.463 320.98 -1.91275 -2.81385 26.5264
829.198 303.148 -1.56844 -3.81445 30.4305
606.295 490.386 -1.92405 -2.25807 26.6364
784.617 508.218 -1.00332 -2.06392 24.7903
222.903 294.231 -9.69888 -5.77155 37.8756
231.819 169.406 -5.87001 -5.11874 31.4465
365.56 249.651 -6.54844 -5.42067 34.8074
543.882 427.973 -1.89296 -2.41082 25.9817
