1156 31 -0.742662 -0.550635 1.68252
1068.1 101.2 -0.919386 -0.584361 1.96961
1115.4 106.7 -0.869992 -0.581322 1.9819
1203.4 168.3 -0.70551 -0.445804 1.73444
1197.9 135.3 -0.707714 -0.467446 1.71321
1067 108.9 -0.874743 -0.54258 1.85856
1048.3 678.7 -0.597837 -0.126002 1.19793
1158.3 479.6 -0.611854 -0.195763 1.35788
1206.7 520.3 -0.587824 -0.181407 1.35827
1130.14 44.77 -0.829991 -0.618636 1.89171
1113.2 54.45 -0.874231 -0.639749 1.97235
1207.58 62.92 -0.704956 -0.527266 1.70337
1231.78 53.24 -0.695751 -0.547097 1.73978
1115.62 106.48 -0.869992 -0.581322 1.9819
1255.98 583.22 -0.559765 -0.1604 1.33064
1185.8 636.46 -0.565588 -0.144794 1.24587
1039.39 658.24 -0.600574 -0.132743 1.19488
1196.69 474.32 -0.595657 -0.202138 1.36207
1002.24 610.929 -0.631339 -0.137683 1.23209
1143.33 71.874 -0.813114 -0.586566 1.8862
1123.36 95.832 -0.867009 -0.59748 1.99507
1189.91 94.501 -0.726456 -0.5147 1.7445
1241.82 109.142 -0.683105 -0.498669 1.74159
1088.76 67.881 -0.913982 -0.63689 2.00705
1131.35 605.605 -0.588023 -0.149732 1.25311
1159.3 529.738 -0.597179 -0.176178 1.31495
1138.01 633.556 -0.579838 -0.143491 1.23551
1102.07 692.12 -0.581064 -0.125286 1.20406
1039.51 657.514 -0.607757 -0.128308 1.21491
1207.22 520.421 -0.584225 -0.182677 1.34025
1182.99 237.184 -0.725414 -0.394086 1.78765
1122.96 95.1665 -0.857319 -0.589588 1.96979
1199.1 83.4537 -0.716478 -0.518206 1.73025
1194.71 36.6025 -0.713308 -0.54519 1.69158
1127.36 108.343 -0.851414 -0.574943 1.97246
1184.46 163.979 -0.722045 -0.451682 1.73976
1221.06 125.913 -0.707859 -0.495836 1.77793
1197.63 134.697 -0.715321 -0.477074 1.74204
1023.41 73.205 -1.37904 -0.94687 2.88261
1080.51 55.6358 -0.92602 -0.654331 2.00901
1144.93 629.563 -0.580358 -0.142967 1.24807
1187.39 663.237 -0.561891 -0.137346 1.23651
1206.42 519.756 -0.582723 -0.182637 1.33381
1183.72 236.745 -0.704445 -0.380771 1.70431
1174.06 204.535 -0.769817 -0.44923 1.89999
1111.25 222.25 -0.798785 -0.412655 1.81007
1087.09 127.23 -1.00776 -0.644992 2.28249
1042 127.23 -1.00988 -0.601815 2.12156
1206.27 518.584 -0.583441 -0.182805 1.33602
1228.82 471.879 -0.586863 -0.204543 1.38429
1141.85 645.815 -0.580133 -0.138153 1.24086
1246.53 568.51 -0.559847 -0.167655 1.30771
1048.44 566.9 -0.627507 -0.154679 1.26724
1157.96 479.932 -0.611075 -0.195686 1.35573
1117.69 473.49 -0.628842 -0.195373 1.35114
1048.44 512.142 -0.644785 -0.173605 1.30788
1025.89 484.764 -0.66309 -0.183439 1.32355
1220.77 162.662 -0.6986 -0.456707 1.75684
1183.72 164.272 -0.725901 -0.455029 1.75355
1198.22 135.283 -0.714332 -0.475586 1.73867
1170.84 167.493 -0.734738 -0.450056 1.74744
1124.14 144.946 -0.871966 -0.548003 2.03608
1241.7 107.904 -0.684496 -0.500899 1.74634
1199.83 83.7465 -0.709698 -0.512663 1.71221
1195 37.0417 -0.714097 -0.546033 1.69332
1088.7 67.6414 -0.919688 -0.645017 2.02379
1014.62 665.141 -0.612364 -0.12562 1.20213
1001.74 611.994 -0.632008 -0.137458 1.23306
1186.95 239.161 -0.727158 -0.395405 1.79257
1105.45 209.044 -0.829821 -0.438766 1.8758
1243.64 485.408 -0.579404 -0.199201 1.38439
1220.61 162.984 -0.686254 -0.443774 1.71389
1185.17 164.755 -0.720343 -0.449176 1.73672
1197.58 134.639 -0.713305 -0.475566 1.73607
1245.41 568.671 -0.558325 -0.168532 1.30115
1186.95 635.99 -0.569404 -0.142663 1.26024
1008.02 465.921 -0.680134 -0.190126 1.33896
1087.74 529.697 -0.625282 -0.169715 1.30504
1048.76 566.9 -0.626495 -0.154984 1.265
1243.64 108.065 -0.684496 -0.500899 1.74634
1068.25 630.676 -0.602888 -0.13849 1.22855
1082.42 54.9184 -0.924254 -0.653875 2.00609
1015.1 664.335 -0.612297 -0.125861 1.20251
1106.87 200.718 -0.770938 -0.412295 1.70995
1186.77 237.744 -0.726941 -0.396894 1.79647
1173.13 204.615 -0.775337 -0.453126 1.91778
1141.95 645.025 -0.577927 -0.1389 1.2378
1007.49 465.743 -0.68093 -0.189985 1.34149
1182.87 165.641 -0.726459 -0.452434 1.75148
1219.9 124.718 -0.694256 -0.480789 1.72692
1227.69 471.59 -0.587624 -0.204556 1.38686
1030.87 469.641 -0.66216 -0.190797 1.32499
1102.97 114.974 -0.8922 -0.581704 2.01829
1190.67 598.256 -0.571474 -0.155644 1.27252
1227.69 543.692 -0.570756 -0.174918 1.32188
1184.82 541.743 -0.585065 -0.173075 1.31164
1130.26 604.102 -0.590278 -0.148825 1.25978
1048.41 565.128 -0.626505 -0.154786 1.2653
1241.33 107.179 -0.680077 -0.498462 1.73629
1229.64 50.6667 -0.687239 -0.533317 1.69893
1007.49 588.513 -0.637077 -0.14442 1.25195
1015.28 664.513 -0.612937 -0.125546 1.20395
1089.33 66.2564 -0.918209 -0.645508 2.02027
1124.41 93.5384 -0.855553 -0.589618 1.96566
1018.2 486.595 -0.665326 -0.181759 1.31995
1206.84 518.749 -0.584037 -0.18306 1.33906
1228.28 471.59 -0.588645 -0.203902 1.38729
1181.12 475.877 -0.605351 -0.199123 1.37312
1142.53 647.364 -0.577539 -0.13909 1.23615
1106.09 675.231 -0.583566 -0.129901 1.21519
1129.67 604.492 -0.590688 -0.149077 1.2595
1086.8 126.472 -1.00192 -0.644597 2.27145
1041.78 126.472 -0.998197 -0.594682 2.09433
1189.69 598.061 -0.57066 -0.155421 1.26919
1219.7 165.056 -0.693602 -0.452325 1.74597
1219.7 124.328 -0.702323 -0.489645 1.75619
1200.41 135.046 -0.713586 -0.477834 1.74129
1082.51 651.651 -0.594789 -0.133915 1.22174
1123.24 563.764 -0.600019 -0.162383 1.27747
1086.8 531.61 -0.622064 -0.170406 1.29533
1204.7 94.3179 -0.71514 -0.514503 1.74555
1228.28 51.4461 -0.69503 -0.542789 1.72288
1206.84 62.1641 -0.700973 -0.524193 1.69269
1056.79 75.0256 -0.967126 -0.645667 2.04472
1140.39 70.7384 -0.813674 -0.587797 1.88492
1018.63 485.737 -0.663016 -0.181514 1.31473
1044.57 646.078 -0.608575 -0.13203 1.21582
1079.94 615.424 -0.604377 -0.142644 1.24158
1098.8 141.477 -0.927512 -0.576265 2.11332
1136.53 577.697 -0.595455 -0.157222 1.28134
1207.27 162.698 -0.714607 -0.462373 1.77674
1181.33 165.056 -0.726202 -0.452032 1.74647
1197.84 134.403 -0.716707 -0.479693 1.74879
1200.2 82.5282 -0.718778 -0.523177 1.74123
1209.63 61.3066 -0.70949 -0.534424 1.71966
1049.29 565.908 -0.626436 -0.155091 1.26421
1049.29 539.97 -0.636753 -0.163949 1.28901
1063.43 75.4543 -0.943456 -0.631398 2.0113
1131.82 110.824 -0.84711 -0.570146 1.9715
1124.74 94.3179 -0.848442 -0.583949 1.94799
1141.25 70.7384 -0.804087 -0.578475 1.85211
1226.13 471.59 -0.588179 -0.204243 1.38676
1174.26 205.141 -0.780072 -0.456305 1.93281
61.3066 205.141 -1.54111 -0.279595 1.11699
259.374 176.846 -1.73341 -0.375296 1.39431
521.107 212.215 -1.3346 -0.357743 1.52054
568.266 200.426 -1.26537 -0.370448 1.52699
431.504 129.687 -2.15028 -0.597851 1.92002
235.795 596.561 -0.889545 -0.0867527 1.03421
337.187 405.567 -1.05018 -0.155998 1.16516
554.118 436.22 -0.903362 -0.163508 1.22374
568.266 438.578 -0.89127 -0.164269 1.22407
726.248 200.426 -1.103 -0.384453 1.59246
792.271 153.267 -1.14331 -0.472839 1.75174
884.231 372.556 -0.805794 -0.231568 1.4258
679.089 386.703 -0.898136 -0.201806 1.32413
646.078 120.255 -1.17343 -0.455696 1.53431
688.521 127.329 -1.12633 -0.448087 1.54631
650.794 186.278 -1.1796 -0.392208 1.56049
681.447 190.994 -1.16651 -0.39739 1.59471
615.424 124.971 -1.208 -0.449428 1.52076
629.572 183.92 -1.20077 -0.391376 1.5505
735.68 94.3179 -1.0774 -0.479091 1.55239
771.049 101.392 -1.05 -0.477074 1.57213
657.867 77.8123 -1.21109 -0.518495 1.58093
693.237 99.0338 -1.15127 -0.486392 1.56812
740.396 624.856 -0.708615 -0.116188 1.16395
759.259 639.004 -0.698125 -0.114174 1.16153
771.049 643.72 -0.694012 -0.113369 1.16306
544.686 672.015 -0.752396 -0.091853 1.0988
754.543 523.464 -0.754273 -0.146816 1.22737
565.908 634.288 -0.759267 -0.101947 1.11604
521.107 139.119 -1.33197 -0.436008 1.50539
561.192 146.193 -1.2767 -0.426653 1.51525
518.749 193.352 -1.32073 -0.373063 1.50411
570.623 117.897 -1.2437 -0.448879 1.49305
983.264 525.822 -0.664345 -0.163999 1.28083
940.821 563.55 -0.661881 -0.149411 1.23574
139.119 58.9487 -1.68945 -0.469671 1.21578
47.159 143.835 -1.51113 -0.331565 1.08935
77.8123 172.13 -1.5289 -0.314821 1.12386
792.271 594.203 -0.706472 -0.127974 1.19415
881.873 528.18 -0.702506 -0.155239 1.25783
907.81 528.18 -0.693049 -0.156416 1.26293
103.75 426.789 -0.907015 -0.158382 0.977
679.089 528.18 -0.784576 -0.137786 1.20172
664.941 561.192 -0.767464 -0.12721 1.17901
721.532 132.045 -1.13892 -0.462886 1.61333
749.828 188.636 -1.09976 -0.405231 1.62391
436.22 94.3179 -2.07312 -0.650104 1.86636
681.447 471.59 -0.812186 -0.159678 1.23634
532.896 80.1702 -1.36822 -0.514247 1.53535
143.835 120.255 -1.77029 -0.416203 1.25818
726.248 471.59 -0.79699 -0.163516 1.25351
775.765 492.811 -0.764565 -0.159693 1.25471
452.726 627.214 -0.801138 -0.0958613 1.08757
117.897 580.055 -0.917619 -0.0902221 0.994274
469.232 542.328 -0.847954 -0.117452 1.12908
424.431 582.413 -0.836163 -0.103462 1.09606
462.158 563.55 -0.836553 -0.110531 1.11746
410.283 132.045 -2.20572 -0.594619 1.90625
820.566 478.663 -0.754459 -0.168732 1.28213
273.522 87.2441 -1.92279 -0.536969 1.48475
940.821 462.158 -0.710966 -0.186019 1.32788
412.641 615.424 -0.821133 -0.0949451 1.08264
405.567 655.51 -0.799245 -0.0868758 1.06471
106.108 589.487 -0.925361 -0.0832557 0.992369
66.0225 99.0338 -1.61057 -0.392792 1.1259
224.005 51.8749 -1.60904 -0.486854 1.27794
330.113 407.282 -1.04916 -0.1555 1.15748
113.61 342.974 -0.910644 -0.19416 0.977501
568.051 201.497 -1.26144 -0.369748 1.52414
235.795 598.061 -0.899044 -0.0842969 1.03961
319.395 542.328 -0.908211 -0.106444 1.08339
68.5948 454.441 -0.894961 -0.14949 0.960817
553.046 437.292 -0.906345 -0.163582 1.22706
338.687 407.282 -1.04889 -0.15653 1.16139
816.707 205.785 -1.11664 -0.41773 1.7758
921.743 235.795 -0.950603 -0.376908 1.72391
889.589 315.108 -0.86531 -0.280302 1.52676
790.984 154.338 -1.14331 -0.472839 1.75174
649.507 186.492 -1.17524 -0.391674 1.55627
679.518 184.349 -1.14482 -0.396065 1.56737
576.625 135.046 -1.24076 -0.433705 1.50148
613.066 141.477 -1.23034 -0.439839 1.54703
576.625 195.067 -1.24809 -0.374963 1.52341
623.784 169.344 -1.20123 -0.405955 1.5387
79.3128 278.667 -0.91159 -0.218806 0.96072
523.036 147.908 -1.31884 -0.423788 1.4979
739.538 625.928 -0.714871 -0.114643 1.16983
778.123 525.179 -0.741502 -0.149364 1.22752
692.379 619.497 -0.728408 -0.11441 1.15547
703.097 40.7282 -1.17459 -0.560284 1.60197
658.082 77.1692 -1.20099 -0.513248 1.57047
77.1692 171.487 -1.59904 -0.321178 1.14493
544.472 673.087 -0.750765 -0.0923983 1.09699
718.102 175.774 -1.13195 -0.414573 1.61002
784.554 186.492 -1.08352 -0.416163 1.66159
390.133 90.0307 -2.07892 -0.63261 1.77217
139.333 60.0205 -1.65898 -0.464978 1.20521
495.169 499.456 -0.87846 -0.130546 1.16406
726.677 473.733 -0.798017 -0.163 1.2549
788.841 450.154 -0.784462 -0.178251 1.29446
769.548 520.892 -0.750368 -0.148406 1.23279
452.297 628.072 -0.803084 -0.0953508 1.08921
820.995 480.164 -0.754586 -0.168417 1.28224
846.718 473.733 -0.743248 -0.173541 1.28743
831.713 518.749 -0.727225 -0.154378 1.25186
422.287 585.2 -0.836472 -0.103562 1.09658
467.302 602.349 -0.809848 -0.102806 1.10081
872.441 471.59 -0.733773 -0.177609 1.29668
289.385 70.7384 -1.86154 -0.555067 1.47356
518.749 45.0154 -1.34502 -0.538931 1.48943
381.559 640.933 -0.836915 -0.0810951 1.07812
338.687 141.477 -1.98918 -0.496062 1.63836
375.128 132.903 -1.92033 -0.51547 1.66222
375.128 158.626 -1.94439 -0.475331 1.68667
218.646 96.4615 -1.97909 -0.511868 1.42808
60.0205 205.785 -1.55103 -0.278602 1.12025
83.6 270.092 -0.885258 -0.221065 0.953769
42.8718 578.769 -0.962074 -0.0794998 0.977724
107.179 589.487 -0.928529 -0.0822577 0.993787
664.513 561.62 -0.765037 -0.127455 1.17607
645.22 598.061 -0.752423 -0.115485 1.15181
763.118 205.785 -1.08441 -0.389059 1.63355
520.892 212.215 -1.34544 -0.35852 1.53018
327.969 145.764 -1.86626 -0.463865 1.55756
122.185 370.841 -0.913092 -0.181277 0.982387
141.477 411.569 -0.919614 -0.16375 0.995119
243.59 300.102 -1.32839 -0.213289 1.21587
282.564 446.256 -1.02008 -0.134509 1.11427
491.077 385.846 -1.00115 -0.182423 1.24849
339.077 407.282 -1.0555 -0.155835 1.16813
886.666 374.154 -0.804139 -0.231345 1.42292
646.974 118.872 -1.17916 -0.458433 1.53964
650.872 187.077 -1.17503 -0.391942 1.55667
578.769 136.41 -1.25107 -0.437457 1.51508
629.436 181.231 -1.20129 -0.395753 1.55036
777.538 524.205 -0.745694 -0.147832 1.23338
722.974 586.564 -0.73185 -0.124673 1.17727
606.051 615.795 -0.756761 -0.108666 1.13403
584.615 678.154 -0.735519 -0.0939479 1.10287
629.436 666.461 -0.725456 -0.0995279 1.1167
652.82 645.025 -0.72735 -0.106156 1.13098
691.795 617.743 -0.726675 -0.115521 1.1534
522.256 146.154 -1.31978 -0.423998 1.49816
541.743 146.154 -1.31033 -0.429451 1.51566
516.41 189.026 -1.32819 -0.380418 1.50618
526.154 177.333 -1.32584 -0.395011 1.51377
699.59 483.282 -0.803323 -0.155701 1.24159
937.333 670.359 -0.633335 -0.119963 1.18461
837.948 606.051 -0.686883 -0.127508 1.19759
736.615 95.4872 -1.0823 -0.481262 1.55904
993.846 541.743 -0.6532 -0.159718 1.26814
703.487 40.9231 -1.23597 -0.590587 1.67099
693.743 99.3846 -1.1165 -0.473465 1.53538
366.359 79.8974 -1.89039 -0.585215 1.61745
103.282 428.718 -0.906435 -0.158089 0.976571
547.59 463.795 -0.875696 -0.151456 1.19659
498.872 493.025 -0.903977 -0.130558 1.18888
722.974 130.564 -1.09745 -0.448309 1.56515
785.333 187.077 -1.06794 -0.410784 1.64277
124.718 163.692 -1.58237 -0.337423 1.18216
874.974 471.59 -0.727297 -0.178925 1.28693
908.102 471.59 -0.720282 -0.179781 1.30875
163.692 81.8461 -1.79427 -0.472302 1.27737
748.307 459.897 -0.798989 -0.169119 1.2773
730.769 514.461 -0.765611 -0.147902 1.22093
471.59 541.743 -0.849328 -0.117192 1.13141
422.872 590.461 -0.837093 -0.100342 1.09697
413.128 615.795 -0.825681 -0.0939731 1.08581
452.102 625.538 -0.802882 -0.0948733 1.08976
432.615 48.7179 -2.14388 -0.755186 1.89136
442.359 87.6923 -2.14246 -0.68544 1.9235
387.795 637.231 -0.813571 -0.0895129 1.06482
407.282 654.769 -0.80044 -0.0862676 1.06593
629.436 489.128 -0.825811 -0.148227 1.21149
128.615 547.59 -0.93161 -0.100556 1.00162
118.872 580.718 -0.919051 -0.0892669 0.99487
520.308 37.0256 -1.33661 -0.543798 1.48455
557.333 77.9487 -1.36095 -0.526693 1.56287
288.41 70.1538 -1.88522 -0.55923 1.48601
272.82 87.6923 -1.88279 -0.526673 1.46416
317.641 76 -1.84791 -0.556352 1.51239
185.128 103.282 -2.0158 -0.492287 1.39332
945.128 502.769 -0.689069 -0.170017 1.29323
66.2564 99.3846 -1.60037 -0.39009 1.12303
339.077 142.256 -1.87904 -0.474769 1.58047
380 120.82 -1.94746 -0.54203 1.68617
376.102 159.795 -1.92852 -0.471759 1.67884
278.667 153.949 -1.92627 -0.441319 1.50972
329.333 146.154 -1.83965 -0.458733 1.54233
268.923 173.436 -1.92366 -0.411148 1.49302
142.256 411.179 -0.920005 -0.163899 0.994593
62.359 206.564 -1.53079 -0.276744 1.1142
750.256 216.308 -1.10033 -0.376216 1.6326
765.846 274.769 -1.00797 -0.306192 1.54776
545.641 216.308 -1.2957 -0.351661 1.5241
107.179 311.795 -0.908473 -0.205999 0.971634
459.897 122.769 -1.77676 -0.53746 1.7214
639.179 216.308 -1.21035 -0.364874 1.58272
68.2051 454.051 -0.895942 -0.149043 0.961168
890.564 313.743 -0.858929 -0.278648 1.51639
680.102 385.846 -0.902412 -0.201994 1.33024
329.333 407.282 -1.05718 -0.15491 1.16269
360.513 572.923 -0.869924 -0.0994745 1.08459
329.51 407.459 -1.05816 -0.155055 1.16303
646.62 118.695 -1.16074 -0.452212 1.52061
690.909 127.552 -1.14355 -0.455391 1.56914
566.9 634.219 -0.762381 -0.101308 1.11686
584.615 678.508 -0.736369 -0.0935857 1.10391
845.035 572.214 -0.699223 -0.137268 1.22121
508.438 595.245 -0.803888 -0.10557 1.11916
46.0606 145.268 -1.54373 -0.334476 1.0977
729.883 513.753 -0.771512 -0.146744 1.22828
522.611 139.953 -1.31257 -0.42966 1.48955
644.848 478.322 -0.828765 -0.15371 1.22686
694.452 99.2074 -1.1496 -0.487232 1.57362
366.713 79.7203 -1.89549 -0.585022 1.62018
772.401 102.751 -1.07782 -0.488523 1.60941
621.818 563.356 -0.780558 -0.123365 1.16248
611.189 570.443 -0.780447 -0.120625 1.15673
628.904 488.951 -0.82634 -0.147921 1.21244
434.032 47.8321 -2.18881 -0.767167 1.91934
441.119 88.5781 -2.15626 -0.687899 1.93269
451.748 632.447 -0.810039 -0.0900218 1.09465
106.294 143.496 -1.41723 -0.333098 1.11052
728.112 180.699 -1.12867 -0.412107 1.62374
786.573 187.785 -1.05442 -0.404046 1.62502
439.347 565.128 -0.847821 -0.108255 1.1123
875.151 471.235 -0.717684 -0.178639 1.27028
908.811 471.235 -0.722998 -0.179197 1.31479
942.471 487.179 -0.710586 -0.172498 1.3301
832.634 519.067 -0.726358 -0.154027 1.25087
375.571 131.096 -1.95585 -0.523642 1.68446
377.343 159.441 -1.94156 -0.474136 1.68808
520.839 37.2028 -1.3408 -0.545794 1.48757
558.042 77.9487 -1.40289 -0.540282 1.60051
224.988 51.3753 -2.00954 -0.588005 1.43736
221.445 95.6643 -1.98844 -0.513317 1.433
382.657 639.534 -0.823464 -0.0860629 1.06887
407.459 655.478 -0.80051 -0.0865112 1.06649
138.182 565.128 -0.92377 -0.0947416 1.00427
49.6037 33.6597 -1.49602 -0.430363 1.07499
85.0349 269.277 -0.914391 -0.22119 0.963862
749.37 216.13 -1.09035 -0.373356 1.61941
267.506 173.613 -1.89242 -0.401944 1.48299
325.967 173.613 -1.8572 -0.418368 1.55443
86.8065 573.986 -0.946255 -0.0860938 0.989561
568.671 201.958 -1.26846 -0.37091 1.53169
621.818 194.872 -1.19158 -0.376267 1.53099
520.839 212.587 -1.33624 -0.356201 1.52206
136.41 402.144 -0.914842 -0.168466 0.990588
56.69 464.149 -0.893986 -0.145475 0.95616
646.62 194.872 -1.18314 -0.383934 1.55951
689.137 196.643 -1.10885 -0.377746 1.54729
435.804 125.781 -2.43815 -0.674382 2.12178
490.722 386.2 -1.00506 -0.182574 1.25247
554.499 435.804 -0.903094 -0.16378 1.22347
922.983 237.389 -0.959704 -0.380004 1.73855
820.233 207.273 -1.11602 -0.417432 1.77457
340.14 407.459 -1.05484 -0.155569 1.16913
361.398 573.986 -0.871721 -0.0989949 1.08602
568.671 437.576 -0.904168 -0.163024 1.23774
540.326 147.04 -1.31033 -0.429451 1.51566
572.214 120.466 -1.25673 -0.452881 1.50508
589.93 118.695 -1.27582 -0.46541 1.54558
568.671 143.496 -1.28663 -0.436763 1.53402
726.34 527.925 -0.763002 -0.142196 1.2157
680.279 170.07 -1.18423 -0.425769 1.60979
680.279 184.242 -1.1455 -0.3969 1.56746
648.391 164.755 -1.1763 -0.41282 1.54956
814.918 206.145 -1.1053 -0.412896 1.75681
956.643 360.754 -0.786171 -0.249622 1.48483
581.394 164.272 -1.26601 -0.41417 1.53735
82.136 278.618 -0.90716 -0.217836 0.960042
698.961 484.764 -0.801212 -0.15563 1.23902
542.742 616.825 -0.772676 -0.105888 1.11131
542.742 673.193 -0.747614 -0.0926522 1.09295
769.824 523.416 -0.748438 -0.147565 1.23064
531.468 547.573 -0.825476 -0.120718 1.14756
682.856 99.8516 -1.15351 -0.484131 1.56125
365.586 66.0309 -1.91108 -0.610176 1.62433
360.754 74.0835 -1.94147 -0.605518 1.63551
391.354 90.1886 -2.10109 -0.637617 1.78701
879.339 679.635 -0.650364 -0.112322 1.1718
413.901 615.215 -0.8194 -0.094991 1.08092
452.553 626.488 -0.800301 -0.09579 1.08698
789.15 621.657 -0.694623 -0.120772 1.17512
106.294 143.335 -1.63738 -0.360537 1.1779
740.835 600.72 -0.713388 -0.12431 1.16621
441.28 88.5781 -2.18063 -0.695161 1.94878
125.62 33.8207 -1.64365 -0.484341 1.18291
162.662 80.5255 -1.80713 -0.475187 1.28056
46.7048 144.946 -1.55785 -0.336313 1.10152
536.3 460.606 -0.89465 -0.152717 1.20354
723.119 130.451 -1.1095 -0.45285 1.58037
438.059 566.9 -0.846341 -0.107899 1.11072
471.879 542.742 -0.84932 -0.117314 1.13108
421.954 591.057 -0.804995 -0.110931 1.0721
984.022 526.637 -0.663161 -0.163681 1.27932
736.003 96.6306 -1.08858 -0.483708 1.56694
771.434 98.2411 -0.973311 -0.442034 1.47194
583.005 528.247 -0.814602 -0.130663 1.17051
623.267 568.51 -0.757434 -0.128479 1.13834
584.615 679.635 -0.732768 -0.0953243 1.09987
289.892 80.5255 -1.8518 -0.537057 1.4751
317.27 75.694 -1.84865 -0.555644 1.51251
634.541 66.0309 -1.20402 -0.515165 1.53469
908.328 471.879 -0.720347 -0.179074 1.31043
942.148 487.985 -0.69808 -0.175109 1.30417
388.133 637.762 -0.816535 -0.0884658 1.06712
520.195 37.0417 -1.34206 -0.546544 1.48929
557.237 78.915 -1.37993 -0.531586 1.58017
665.141 562.068 -0.764407 -0.127676 1.17594
375.249 132.062 -1.934 -0.518831 1.67279
186.819 103.073 -2.00063 -0.490385 1.38946
128.841 547.573 -0.925019 -0.101498 0.999522
30.5997 74.0835 -1.49683 -0.388434 1.06338
64.4204 99.8516 -1.61149 -0.391726 1.12539
268.955 146.556 -1.91328 -0.444168 1.48764
328.544 146.556 -1.8461 -0.458406 1.54626
61.1994 207.756 -1.56547 -0.278044 1.1243
85.357 268.955 -0.912922 -0.22133 0.963269
723.119 201.314 -1.10971 -0.384359 1.59779
103.073 430.006 -0.902627 -0.157875 0.974835
143.335 412.291 -0.919004 -0.163638 0.995015
86.9675 573.342 -0.939108 -0.0876647 0.987058
570.121 201.314 -1.2535 -0.367507 1.51724
632.93 194.872 -1.20245 -0.382766 1.56209
545.963 217.419 -1.31703 -0.355693 1.5414
434.838 125.62 -2.12203 -0.60347 1.906
107.904 312.439 -0.907629 -0.205489 0.971197
112.736 343.039 -0.909789 -0.193443 0.976524
679.635 386.522 -0.898494 -0.20149 1.32641
404.238 608.773 -0.832011 -0.0945853 1.08369
151.388 196.482 -1.64 -0.313689 1.23416
103.073 260.903 -0.913258 -0.225732 0.968482
56.3679 463.827 -0.894184 -0.145314 0.956314
568.51 438.059 -0.884213 -0.165383 1.21749
339.818 407.459 -1.05345 -0.155532 1.16867
330.155 407.459 -1.07861 -0.152127 1.17478
246.408 571.731 -0.915761 -0.0903855 1.05099
966.306 294.723 -0.812037 -0.300697 1.54399
491.206 386.522 -1.00441 -0.181991 1.2519
554.016 436.448 -0.903631 -0.163551 1.22418
690.909 128.841 -1.13278 -0.450925 1.55715
707.014 117.567 -1.07598 -0.446362 1.51407
681.246 148.167 -1.15531 -0.436286 1.57099
711.845 135.283 -1.11331 -0.446181 1.56928
647.425 117.567 -1.21431 -0.471824 1.57539
665.141 119.178 -1.15498 -0.455526 1.53954
629.709 181.988 -1.19713 -0.39486 1.5458
591.057 119.178 -1.25493 -0.46031 1.53067
595.889 135.283 -1.23933 -0.441636 1.52934
681.246 164.272 -1.15155 -0.417865 1.57114
650.646 185.209 -1.18777 -0.396653 1.57039
669.972 183.598 -1.15215 -0.395387 1.56058
537.91 584.615 -0.797341 -0.111635 1.12967
552.405 136.893 -1.28814 -0.43743 1.51047
890.173 314.782 -0.857988 -0.27864 1.51462
956.057 361.633 -0.778432 -0.247805 1.47015
956.057 581.248 -0.653768 -0.14434 1.23558
786.222 477.297 -0.771175 -0.16657 1.27389
639.812 455.335 -0.850897 -0.162595 1.2455
941.416 487.545 -0.700574 -0.175278 1.30883
818.432 459.727 -0.767814 -0.177037 1.29727
833.073 519.756 -0.727109 -0.153618 1.25233
885.781 374.81 -0.802674 -0.230441 1.42139
789.15 622.243 -0.69398 -0.120714 1.17388
761.332 689.591 -0.677883 -0.104422 1.13671
652.989 645.668 -0.728996 -0.105771 1.13246
677.878 598.817 -0.741005 -0.118947 1.15909
868.211 560.75 -0.693245 -0.143455 1.22985
837.465 607.602 -0.685374 -0.127734 1.19522
727.658 181.548 -1.12558 -0.411147 1.62003
765.724 188.869 -1.07855 -0.404113 1.62575
723.265 86.3819 -1.09727 -0.49097 1.55649
661.773 48.3153 -1.25371 -0.566224 1.62715
749.619 216.687 -1.0919 -0.373905 1.62195
787.686 240.112 -1.10414 -0.365766 1.71065
657.381 193.261 -1.16505 -0.38423 1.5585
682.271 191.797 -1.20361 -0.405462 1.63798
922.383 237.184 -0.957057 -0.378538 1.73467
414.34 499.258 -0.910814 -0.125498 1.13664
603.209 472.904 -0.849336 -0.152441 1.21405
628.099 490.474 -0.822274 -0.149135 1.20618
508.043 483.153 -0.887202 -0.13943 1.18047
547.573 465.584 -0.880317 -0.150387 1.20173
638.348 442.158 -0.845093 -0.169984 1.2352
407.02 655.917 -0.798916 -0.0867635 1.06546
480.225 530.004 -0.840945 -0.125873 1.12842
361.633 575.391 -0.866546 -0.100042 1.08256
607.602 617.85 -0.757309 -0.10814 1.13442
584.176 679.342 -0.739323 -0.0925677 1.10691
629.563 669.094 -0.729117 -0.0981856 1.12096
553.43 664.701 -0.752226 -0.0939241 1.10186
55.6358 464.12 -0.890946 -0.14544 0.955273
281.107 446.551 -1.02119 -0.133407 1.11498
144.946 601.745 -0.917834 -0.0794475 1.00629
229.864 626.635 -0.849993 -0.0879091 1.01432
235.72 597.353 -0.897554 -0.0847974 1.03858
377.738 162.515 -1.94619 -0.473624 1.69263
455.335 33.6743 -2.18556 -0.815138 1.96435
442.158 87.846 -2.17322 -0.692238 1.94345
360.169 74.6691 -1.91613 -0.600456 1.62123
390.915 89.3101 -2.10056 -0.638371 1.78747
603.209 136.161 -1.19949 -0.431721 1.50227
516.827 190.333 -1.3203 -0.377508 1.4995
633.955 65.8845 -1.19617 -0.510981 1.52579
569.535 202.046 -1.26848 -0.370464 1.53127
544.645 216.687 -1.30364 -0.35312 1.52988
534.397 240.112 -1.25348 -0.316902 1.47727
105.415 143.482 -1.70038 -0.368114 1.19736
29.282 74.6691 -1.4975 -0.388415 1.06356
327.958 146.41 -1.85783 -0.460243 1.55288
265.002 169.836 -1.96463 -0.417654 1.51135
289.892 80.5255 -1.85573 -0.538122 1.47734
316.246 76.1332 -1.83856 -0.552989 1.50674
187.405 102.487 -1.99073 -0.488217 1.38554
221.079 96.6306 -1.98243 -0.511732 1.43146
152.266 196.189 -1.64929 -0.314115 1.23842
61.4922 207.902 -1.58024 -0.27879 1.12859
652.989 118.592 -1.1795 -0.461793 1.54989
666.166 120.056 -1.16687 -0.461334 1.55529
641.276 137.625 -1.20329 -0.445517 1.55998
648.596 163.979 -1.17435 -0.412744 1.54762
704.232 146.41 -1.09853 -0.427243 1.54162
610.53 163.979 -1.20624 -0.409028 1.52525
629.563 181.548 -1.20041 -0.396265 1.54947
535.861 127.377 -1.29211 -0.442113 1.49148
553.43 137.625 -1.2786 -0.434183 1.50321
736.442 120.056 -1.08582 -0.461028 1.57119
670.558 524.148 -0.785184 -0.139849 1.20179
572.463 121.52 -1.26237 -0.454391 1.5122
591.496 120.056 -1.22956 -0.452234 1.50959
585.64 130.305 -1.23918 -0.443529 1.51205
497.794 494.866 -0.872903 -0.135113 1.16218
679.342 183.013 -1.1429 -0.396348 1.56438
707.16 645.668 -0.707604 -0.111037 1.13939
682.271 99.5588 -1.14834 -0.481712 1.5557
966.306 294.151 -0.829199 -0.305653 1.5805
923.714 236.918 -0.94812 -0.375703 1.71999
737.374 452.54 -0.812009 -0.172807 1.28249
786.621 476.498 -0.769744 -0.166333 1.27131
941.017 464.519 -0.708118 -0.185128 1.32196
942.348 488.477 -0.700574 -0.175278 1.30883
818.565 459.195 -0.767075 -0.177091 1.29626
895.763 376.673 -0.793857 -0.229715 1.41778
692.12 620.246 -0.725536 -0.114544 1.15085
879.791 680.141 -0.646171 -0.114643 1.16418
801.262 668.162 -0.663756 -0.115954 1.13846
766.656 189.002 -1.07886 -0.403138 1.62637
678.81 79.86 -1.12539 -0.48821 1.51961
763.994 192.995 -1.08647 -0.402047 1.63406
657.514 192.995 -1.18292 -0.388708 1.57782
680.141 194.326 -1.20267 -0.40349 1.63668
814.572 206.305 -1.11743 -0.416813 1.7744
491.139 387.321 -1.00435 -0.182095 1.25128
346.06 636.218 -0.826423 -0.0876683 1.05303
440.561 565.675 -0.846434 -0.107853 1.11053
480.491 529.738 -0.853242 -0.12253 1.13842
423.258 590.964 -0.837099 -0.100692 1.09716
499.125 686.796 -0.756909 -0.0872154 1.07916
67.881 455.202 -0.895216 -0.148764 0.960724
286.165 447.216 -1.026 -0.132954 1.12017
327.426 408.617 -1.0642 -0.154461 1.1668
130.438 547.041 -0.931087 -0.100905 1.00258
107.811 586.971 -0.921363 -0.0852217 0.991624
85.184 573.661 -0.92828 -0.0904311 0.983591
246.235 572.33 -0.915552 -0.0907768 1.05084
453.871 107.811 -2.13971 -0.654368 1.95796
351.384 139.755 -1.88051 -0.484861 1.60075
376.673 131.769 -1.95411 -0.523287 1.68581
400.631 154.396 -1.98018 -0.503032 1.75629
455.202 33.275 -2.1769 -0.810577 1.95858
425.92 77.198 -2.1555 -0.699716 1.89217
366.025 66.55 -1.97584 -0.62885 1.66279
493.801 109.142 -1.28511 -0.445398 1.42555
523.083 150.403 -1.31921 -0.422534 1.49593
520.421 35.937 -1.34482 -0.548097 1.49124
578.985 196.988 -1.2375 -0.372832 1.51727
621.577 195.657 -1.20155 -0.378613 1.54247
145.079 118.459 -1.68615 -0.404892 1.23025
86.515 47.916 -1.57897 -0.444383 1.12944
29.282 75.867 -1.5137 -0.391266 1.06765
270.193 146.41 -1.90989 -0.444855 1.48645
255.552 59.895 -1.90452 -0.563108 1.44024
316.778 75.867 -1.83856 -0.552989 1.50674
191.664 38.599 -2.00106 -0.587605 1.38201
187.671 102.487 -2.02315 -0.49597 1.39898
222.277 97.163 -1.981 -0.5113 1.43139
106.48 312.785 -0.896933 -0.205114 0.967843
81.191 279.51 -0.908216 -0.218031 0.960578
151.734 196.988 -1.64 -0.313689 1.23416
25.289 232.925 -1.61684 -0.249896 1.10888
79.86 267.531 -0.903393 -0.221788 0.957833
649.528 163.713 -1.17126 -0.412363 1.54452
670.824 183.678 -1.17202 -0.401348 1.58273
710.754 149.072 -1.09617 -0.426625 1.5492
680.141 182.347 -1.1632 -0.402686 1.58644
576.323 557.689 -0.801432 -0.121398 1.1557
746.691 126.445 -1.07584 -0.453854 1.57486
740.036 145.079 -1.07691 -0.433931 1.56992
681.472 147.741 -1.15094 -0.434835 1.56683
592.295 119.79 -1.29967 -0.47397 1.57703
569.668 143.748 -1.27159 -0.432103 1.52194
585.64 129.107 -1.24754 -0.446074 1.51956
99.825 178.354 -1.57197 -0.315552 1.15884
531.069 131.769 -1.30823 -0.440153 1.49621
666.831 119.79 -1.16916 -0.462745 1.55846
650.859 131.769 -1.14989 -0.438146 1.5183
746.691 95.832 -1.08785 -0.488785 1.58185
593.626 653.521 -0.743172 -0.0995314 1.11442
370.018 71.874 -1.89952 -0.599737 1.62613
372.68 90.508 -1.97007 -0.59455 1.67891
392.645 89.177 -2.15639 -0.654925 1.82433
728.057 181.016 -1.12202 -0.410315 1.61569
710.754 63.888 -1.15838 -0.532549 1.60051
533.731 151.734 -1.30351 -0.419019 1.50032
439.23 632.225 -0.802502 -0.0933435 1.08249
951.06 110.11 -0.95454 -0.51256 1.75371
786.5 476.74 -0.766842 -0.166409 1.26722
895.4 376.31 -0.789961 -0.229217 1.41115
788.92 621.94 -0.692246 -0.121466 1.17088
801.02 667.92 -0.664828 -0.115409 1.14039
773.19 104.06 -1.05928 -0.480506 1.58986
785.29 189.97 -1.04354 -0.398795 1.61088
646.14 194.81 -1.17538 -0.38172 1.55171
715.11 193.6 -1.11531 -0.390746 1.58918
890.56 314.6 -0.85667 -0.27789 1.51244
389.62 499.73 -0.92781 -0.122423 1.13299
583.22 529.98 -0.817157 -0.129984 1.17254
491.26 387.2 -1.00319 -0.182286 1.251
346.06 636.46 -0.833704 -0.0852431 1.05792
607.42 618.31 -0.757399 -0.108052 1.134
503.36 631.62 -0.774571 -0.101351 1.09289
493.68 567.49 -0.816379 -0.114226 1.11858
67.76 454.96 -0.894573 -0.148805 0.960589
280.72 446.49 -1.02893 -0.132814 1.11841
136.73 566.28 -0.922272 -0.0945126 1.00292
107.69 586.85 -0.918351 -0.0859524 0.99027
245.63 572.33 -0.900715 -0.0943821 1.04323
235.95 596.53 -0.900823 -0.0838034 1.04062
376.31 131.89 -1.95478 -0.523467 1.68694
442.86 88.33 -2.16976 -0.691621 1.94168
529.98 131.89 -1.30823 -0.440153 1.49621
632.83 65.34 -1.20366 -0.514437 1.53334
520.3 36.3 -1.35014 -0.550162 1.49519
567.49 202.07 -1.2596 -0.367527 1.5216
543.29 202.07 -1.29409 -0.367043 1.51729
511.83 260.15 -1.2281 -0.29092 1.43329
135.52 58.08 -1.65188 -0.462225 1.20045
64.13 99.22 -1.63441 -0.394971 1.13032
327.91 146.41 -1.8559 -0.459622 1.55172
307.34 150.04 -1.82657 -0.441542 1.50421
112.53 343.64 -0.914466 -0.192552 0.97848
681.23 147.62 -1.15573 -0.436314 1.57223
713.9 169.4 -1.12716 -0.417683 1.59559
650.98 183.92 -1.18421 -0.3961 1.56659
630.41 180.29 -1.20043 -0.396375 1.54967
736.89 119.79 -1.08522 -0.460566 1.57051
739.31 146.41 -1.11379 -0.447613 1.61516
573.54 122.21 -1.29268 -0.463401 1.54229
566.28 130.68 -1.28043 -0.449305 1.52244
735.68 96.8 -1.09139 -0.483849 1.56889
746.57 95.59 -1.10393 -0.496046 1.60211
82.28 165.77 -1.58558 -0.325936 1.14339
85.91 170.61 -1.52414 -0.31627 1.13065
706.64 117.37 -1.12895 -0.466815 1.57417
546.92 148.83 -1.29507 -0.42537 1.51166
525.14 175.45 -1.34121 -0.400749 1.5245
565.07 174.24 -1.24752 -0.392539 1.50135
658.24 79.86 -1.20977 -0.515231 1.57848
677.6 90.75 -1.16042 -0.492885 1.55953
291.61 81.07 -1.8877 -0.546698 1.49412
317.02 76.23 -1.83856 -0.552989 1.50674
306.13 85.91 -1.85004 -0.536412 1.49807
456.17 33.88 -2.18556 -0.815138 1.96435
330.33 77.44 -1.85837 -0.563553 1.53748
366.63 66.55 -1.95018 -0.621679 1.64806
786.5 477.4 -0.770283 -0.166456 1.27133
680.9 387.2 -0.89699 -0.20148 1.32433
691.9 621.5 -0.724489 -0.114703 1.14931
895.4 577.5 -0.673678 -0.141673 1.21887
859.1 599.5 -0.679853 -0.131682 1.20249
772.2 96.8 -1.04523 -0.478602 1.56784
691.9 42.9 -1.27388 -0.600349 1.69268
721.6 267.3 -1.03755 -0.307804 1.52053
646.8 194.7 -1.18107 -0.382963 1.55832
815.1 206.8 -1.11693 -0.416679 1.77174
553.3 436.7 -0.902156 -0.164119 1.22231
423.5 590.7 -0.832459 -0.102181 1.09358
612.7 641.3 -0.738778 -0.105707 1.11873
56.1 462 -0.892592 -0.146049 0.955957
20.9 504.9 -0.87796 -0.132586 0.941536
144.1 412.5 -0.91885 -0.163559 0.995342
38.5 698.5 -0.888556 -0.0530974 0.958576
107.8 587.4 -0.933625 -0.081889 0.996005
47.3 579.7 -0.952429 -0.0821264 0.975546
236.5 597.3 -0.896624 -0.0847278 1.03834
434.5 125.4 -2.11749 -0.601806 1.90223
448.8 103.4 -2.13503 -0.65765 1.93932
350.9 139.7 -1.88603 -0.484966 1.60283
378.4 162.8 -1.94071 -0.472544 1.68984
493.9 110 -1.34602 -0.46115 1.47116
522.5 150.7 -1.31454 -0.420107 1.49179
567.6 202.4 -1.25528 -0.366432 1.51758
621.5 195.8 -1.1959 -0.376635 1.53626
519.2 213.4 -1.32671 -0.353264 1.51357
51.7 33 -1.58144 -0.448376 1.09732
29.7 75.9 -1.52724 -0.39328 1.07109
63.8 100.1 -1.62505 -0.395187 1.12811
265.1 169.4 -1.95476 -0.417366 1.50522
223.3 97.9 -1.97081 -0.509185 1.42843
124.3 341 -0.922306 -0.193646 0.985048
154 198 -1.66806 -0.31554 1.24622
25.3 233.2 -1.59818 -0.249253 1.10469
244.2 301.4 -1.34448 -0.213311 1.22504
643.5 149.6 -1.1808 -0.428043 1.54358
677.6 165 -1.0958 -0.398311 1.50392
651.2 184.8 -1.18708 -0.396685 1.56979
618.2 151.8 -1.2149 -0.426194 1.54082
630.3 180.4 -1.2172 -0.401803 1.56787
445.5 27.5 -2.16744 -0.810897 1.92782
436.7 53.9 -2.16509 -0.751384 1.91185
680.9 147.4 -1.17229 -0.442132 1.58973
682 182.6 -1.15022 -0.399888 1.5753
697.4 94.6 -1.13139 -0.486026 1.55741
729.3 172.7 -1.11622 -0.417352 1.60801
742.5 172.7 -1.09671 -0.416164 1.60542
96.8 152.9 -1.60058 -0.344024 1.15959
124.3 173.8 -1.56552 -0.324726 1.17871
399.3 81.4 -1.96375 -0.618141 1.71905
455.4 34.1 -2.21051 -0.821406 1.98177
653.4 118.8 -1.17126 -0.458345 1.54156
656.7 133.1 -1.16696 -0.444243 1.54586
592.9 119.9 -1.23076 -0.4535 1.51282
579.7 126.5 -1.25141 -0.44734 1.51456
381.7 121 -1.94917 -0.54183 1.69007
377.3 133.1 -1.94526 -0.520665 1.68225
724.9 119.9 -1.09057 -0.457164 1.55664
738.1 119.9 -1.08151 -0.458984 1.56629
657.8 80.3 -1.19283 -0.507645 1.56048
678.7 79.2 -1.13174 -0.490506 1.52581
654.5 82.5 -1.20478 -0.507548 1.56829
665.5 93.5 -1.18795 -0.496082 1.57058
308 79.2 -1.82125 -0.540153 1.48773
316.8 77 -1.8404 -0.552314 1.50838
366.3 79.2 -1.90144 -0.590489 1.62451
328.9 93.5 -1.85888 -0.539991 1.54239
361.9 100.1 -1.89076 -0.553232 1.61566
609.4 119.9 -1.2207 -0.457068 1.5287
618.2 139.7 -1.20137 -0.433392 1.52468
687.5 145.2 -1.14509 -0.437602 1.57054
706.2 129.8 -1.11677 -0.449305 1.56291
590.7 151.8 -1.24096 -0.423494 1.52504
533.5 151.8 -1.29942 -0.418162 1.49678
532.4 173.8 -1.29896 -0.39453 1.4983
559.9 176 -1.26053 -0.39213 1.50382
53.9 224.4 -1.55111 -0.261019 1.11527
631.4 99 -1.23685 -0.493511 1.56919
540.1 123.2 -1.37549 -0.468371 1.56116
524.7 129.8 -1.30195 -0.438504 1.48165
559.9 132 -1.26863 -0.438818 1.50296
746.9 193.6 -1.13082 -0.409671 1.66273
425.7 75.9 -2.13456 -0.691555 1.87825
431.2 70.4 -2.08335 -0.694981 1.85386
896 376 -0.79121 -0.229326 1.41281
859 600 -0.676972 -0.133028 1.19662
821 207 -1.10772 -0.415302 1.77006
342 408 -1.05438 -0.155328 1.16992
346 636 -0.827377 -0.0872727 1.05381
608 616 -0.759501 -0.107457 1.13623
38 699 -0.888556 -0.0530974 0.958576
86 573 -0.944615 -0.0864052 0.988681
47 579 -0.95321 -0.0821236 0.975713
434 125 -2.11749 -0.601806 1.90223
44 139 -1.53514 -0.33917 1.09339
69 102 -1.62312 -0.393033 1.13277
231 112 -1.94315 -0.484968 1.43461
256 60 -1.90589 -0.563175 1.44246
154 197 -1.70461 -0.31853 1.26027
670 181 -1.16351 -0.400611 1.57187
136 59 -1.6166 -0.454458 1.188
585 129 -1.24761 -0.44572 1.51898
362 100 -1.90099 -0.555583 1.62101
650 131 -1.1674 -0.443698 1.53603
584 149 -1.26026 -0.428843 1.53354
565 175 -1.24388 -0.391477 1.49785
527 150 -1.29046 -0.41503 1.48025
326 105 -1.86169 -0.521791 1.53956
409 71 -2.1801 -0.705783 1.86652
731 201 -1.10614 -0.386703 1.60632
456 86 -2.18745 -0.711359 1.98732
350 140 -1.84501 -0.477499 1.57948
