1032 541 -23.8653 -0.702917 2.26868
1033 682 -23.8663 -0.593068 2.27815
1140 289 -23.7792 -0.89488 2.29615
1014 682 -23.8563 -0.592726 2.25616
1055 65 -23.9534 -1.15188 2.31998
1105 260 -23.8673 -0.940211 2.32349
1091 434 -23.8891 -0.795529 2.32983
1141.4 263.9 -23.853 -0.937203 2.34668
1106.3 260 -23.8572 -0.937323 2.31807
1002.3 685.1 -23.8483 -0.591815 2.24366
1024.4 466.7 -23.8856 -0.761279 2.26966
1079 449.8 -23.9126 -0.78304 2.33601
1076.4 683.8 -23.8169 -0.60179 2.28546
1072.5 674.7 -23.8443 -0.604932 2.29742
1063.4 217.1 -23.8774 -0.974902 2.29008
1002.3 218.4 -23.8146 -0.94524 2.20276
1067.3 89.7 -23.9919 -1.1472 2.35474
1032.2 542.1 -23.8566 -0.703097 2.2652
1011.4 616.2 -23.8621 -0.642622 2.25203
1073.15 674.31 -23.8453 -0.604046 2.29868
1098.5 218.01 -23.8478 -0.969815 2.30589
1061.32 216.32 -23.8863 -0.978194 2.29405
1012.31 241.67 -23.8924 -0.950756 2.25474
1063.01 60.84 -23.952 -1.15473 2.32681
1056.25 65.91 -24.0023 -1.17222 2.34825
1125.54 677.69 -23.8289 -0.607571 2.33215
1002.17 684.45 -23.8446 -0.591596 2.24163
1020.76 635.44 -23.8483 -0.630579 2.25528
1142.44 466.44 -23.8494 -0.769718 2.35378
1058.95 65.91 -23.9502 -1.15055 2.32319
1124.86 676.676 -23.8297 -0.60647 2.32904
1039.18 608.569 -23.8515 -0.651989 2.27196
1149.03 511.901 -23.8213 -0.733419 2.33676
1142.44 467.961 -23.8222 -0.767352 2.33449
1026 467.961 -23.8787 -0.761196 2.268
1030.39 540.462 -23.8673 -0.702046 2.26829
1028.2 539.803 -23.8495 -0.703577 2.25804
1051.04 611.205 -23.9104 -0.644476 2.31426
1039.62 608.349 -23.8688 -0.650565 2.28036
1056.76 65.6903 -23.922 -1.13575 2.30896
1111.02 214.207 -23.9043 -0.991431 2.34979
1013.92 271.329 -23.8116 -0.900635 2.21499
1059.61 217.064 -23.8559 -0.968562 2.27705
1009.92 608.92 -23.8528 -0.648923 2.24627
1084.18 219.063 -23.9011 -0.982165 2.32404
1013.63 271.044 -23.8116 -0.900635 2.21499
1058.18 219.063 -23.8785 -0.973974 2.28823
1058.18 70.5457 -23.9918 -1.16612 2.34071
1076.38 217.206 -23.8202 -0.958474 2.25812
1047.9 596.111 -23.754 -0.666238 2.22622
1016.53 527.087 -23.976 -0.714767 2.30648
1011.51 203.933 -23.9968 -1.00949 2.31214
1018.03 254.508 -23.8726 -0.935019 2.24077
763.524 509.016 -23.8448 -0.70359 2.0339
710.501 328.739 -23.7569 -0.828698 1.97628
731.71 360.553 -23.7537 -0.807961 1.9897
562.038 381.762 -23.8195 -0.782798 1.86329
593.852 424.18 -23.7564 -0.755933 1.90417
604.456 477.202 -23.8407 -0.713131 1.90901
657.479 243.903 -23.841 -0.890228 1.92943
509.016 254.508 -23.7624 -0.857182 1.83406
466.598 466.598 -23.7165 -0.711718 1.82889
477.202 296.926 -23.7948 -0.833244 1.80992
339.344 381.762 -23.7508 -0.759259 1.7379
381.762 371.157 -23.7221 -0.768882 1.76689
593.852 381.762 -23.7798 -0.787807 1.90234
625.665 371.157 -23.7769 -0.790994 1.91978
519.62 286.321 -23.8602 -0.86366 1.82962
572.643 466.598 -23.7626 -0.724327 1.88657
763.524 413.575 -23.7734 -0.774586 2.01671
763.524 434.784 -23.9356 -0.765147 2.0629
657.479 371.157 -23.8076 -0.791263 1.95958
477.202 371.157 -23.768 -0.773347 1.82273
455.993 222.694 -24.044 -0.945207 1.75185
434.784 371.157 -23.7592 -0.778101 1.79872
381.762 328.739 -23.7765 -0.797341 1.75755
307.53 318.135 -23.8534 -0.810725 1.6879
296.926 349.948 -23.7875 -0.777084 1.7087
265.112 233.299 -23.853 -0.860644 1.65785
572.643 286.321 -24.0807 -0.893633 1.8671
252.876 522.068 -23.6918 -0.667764 1.71364
367.079 244.719 -23.9737 -0.892625 1.70563
350.764 334.449 -23.6681 -0.781506 1.75468
301.82 203.933 -23.7922 -0.884161 1.68303
440.494 244.719 -23.653 -0.83502 1.80089
342.607 522.068 -23.807 -0.673009 1.74602
277.348 554.697 -23.7589 -0.646102 1.71581
261.034 399.708 -23.7467 -0.741457 1.69445
285.506 456.809 -23.7768 -0.710573 1.70871
244.719 456.809 -23.8669 -0.703208 1.66158
513.91 522.068 -23.7976 -0.676347 1.85613
432.337 473.124 -23.8058 -0.707377 1.7976
440.494 367.079 -23.7202 -0.773621 1.80295
505.753 367.079 -23.7676 -0.781927 1.84098
416.023 448.652 -23.7987 -0.734367 1.78416
644.427 342.607 -23.6939 -0.803206 1.92846
709.685 334.449 -23.8047 -0.823498 1.97939
538.382 203.933 -23.7549 -0.890901 1.8523
293.663 350.764 -23.7263 -0.77441 1.71519
309.978 473.124 -23.8334 -0.698603 1.70387
897.304 187.618 -23.7857 -0.949778 2.10655
938.09 195.775 -23.9509 -1.00324 2.20105
726 285.506 -23.7664 -0.855934 1.98148
750.472 285.506 -23.7304 -0.84918 1.9969
734.157 448.652 -23.7854 -0.745002 2.00115
513.91 252.876 -23.8368 -0.872895 1.83511
554.697 334.449 -23.8078 -0.812375 1.87188
293.663 261.034 -23.7729 -0.836579 1.70024
301.82 285.506 -23.842 -0.84269 1.69099
212.09 244.719 -23.84 -0.850221 1.62664
987.034 195.775 -23.8556 -0.976084 2.20383
774.944 187.618 -23.8101 -0.946993 2.01987
709.685 375.236 -23.8012 -0.79725 1.97571
734.157 358.921 -23.7854 -0.80927 1.99565
758.629 407.865 -23.7757 -0.773789 2.01671
644.427 212.09 -23.8209 -0.912314 1.92399
677.056 203.933 -23.894 -0.949934 1.96559
685.214 236.562 -23.6981 -0.869214 1.93493
685.214 464.966 -23.8086 -0.730755 1.96682
603.641 334.449 -23.7146 -0.801978 1.90482
489.438 293.663 -23.785 -0.820781 1.81967
505.753 342.607 -23.4842 -0.767881 1.84132
288.643 357.666 -23.7313 -0.77373 1.71147
175.696 232.169 -23.735 -0.840963 1.63066
119.222 326.292 -23.7519 -0.782355 1.60117
294.918 200.795 -23.9185 -0.910211 1.65546
351.392 520.813 -23.7999 -0.672641 1.74797
119.222 545.912 -23.7169 -0.647279 1.63444
125.497 420.415 -23.7464 -0.723624 1.61875
495.713 495.713 -23.8096 -0.701789 1.84163
401.59 558.462 -23.7609 -0.656501 1.79334
778.081 357.666 -23.7573 -0.811383 2.01819
897.304 194.52 -23.8155 -0.955456 2.11693
985.151 200.795 -23.8359 -0.970093 2.196
803.181 596.111 -23.8852 -0.639674 2.09126
878.479 571.011 -23.8781 -0.670447 2.14425
740.432 545.912 -23.788 -0.681036 2.01234
690.234 470.614 -23.7748 -0.727364 1.96909
696.508 288.643 -23.7725 -0.850899 1.96256
589.836 250.994 -23.806 -0.883182 1.89263
577.286 288.643 -23.7863 -0.843552 1.87713
658.859 495.713 -23.96 -0.708991 1.98379
552.187 288.643 -23.7661 -0.836086 1.86662
451.789 571.011 -23.7973 -0.648566 1.81677
495.713 571.011 -23.7962 -0.651595 1.85141
451.789 596.111 -23.9969 -0.608816 1.8173
495.713 596.111 -23.7849 -0.633424 1.85385
250.994 250.994 -23.7236 -0.833115 1.67923
269.819 282.368 -23.7383 -0.814902 1.68838
677.684 376.491 -23.7719 -0.791644 1.95366
432.965 301.193 -23.7653 -0.817127 1.79054
420.415 338.842 -23.7796 -0.796442 1.78258
658.859 596.111 -23.8167 -0.64383 1.96237
621.21 326.292 -23.8358 -0.828817 1.91694
495.713 294.918 -23.7975 -0.836984 1.81969
382.766 376.491 -23.7289 -0.762757 1.76962
652.584 345.117 -23.7834 -0.812873 1.93152
608.66 527.087 -23.7959 -0.680061 1.91669
633.76 370.216 -23.6975 -0.784278 1.91156
602.386 426.69 -23.8195 -0.745867 1.91642
508.263 370.216 -23.7933 -0.78431 1.85022
552.187 432.965 -23.8535 -0.744418 1.87198
571.011 464.339 -23.7705 -0.722253 1.88949
439.24 370.216 -23.7227 -0.772323 1.80507
451.789 426.69 -23.7889 -0.732411 1.80934
313.743 370.216 -23.7413 -0.76655 1.72452
363.941 370.216 -23.7433 -0.769576 1.75447
307.468 470.614 -23.7736 -0.702887 1.72531
351.392 489.438 -23.8205 -0.694064 1.74263
269.819 451.789 -23.9133 -0.706429 1.65925
288.643 489.438 -23.7738 -0.692187 1.71265
169.421 564.737 -23.776 -0.636806 1.64946
207.07 564.737 -23.7513 -0.641054 1.67468
734.157 451.789 -23.7778 -0.744955 2.00388
727.883 181.971 -23.806 -0.943229 1.98801
101.363 231.687 -23.7269 -0.82542 1.59227
115.843 323.396 -23.7313 -0.779639 1.60721
115.843 545.429 -23.7405 -0.64778 1.62822
96.5362 574.39 -23.7774 -0.625985 1.60698
164.111 458.547 -23.7894 -0.700884 1.63324
366.837 540.602 -23.8247 -0.660233 1.75811
419.932 468.2 -23.7446 -0.711512 1.79515
844.691 241.34 -23.8449 -0.919188 2.08857
738.502 357.184 -23.7943 -0.808617 1.99871
815.731 564.737 -23.8841 -0.667743 2.09804
738.502 448.893 -23.7871 -0.744376 2.00648
936.401 608.178 -23.8911 -0.642319 2.2008
521.295 294.435 -23.7262 -0.827143 1.84602
564.737 342.703 -23.8 -0.806861 1.87616
217.206 255.821 -23.7661 -0.833553 1.64917
270.301 284.782 -23.7523 -0.816699 1.69281
656.446 342.703 -23.7675 -0.809611 1.93928
617.831 559.91 -23.8185 -0.66399 1.93373
424.759 366.837 -23.7275 -0.772891 1.79492
308.916 468.2 -23.7102 -0.704842 1.73592
690.234 516.468 -23.867 -0.697351 1.98687
545.429 255.821 -23.8329 -0.87926 1.85764
501.988 284.782 -23.7512 -0.836617 1.83272
555.083 289.608 -23.7661 -0.836086 1.86662
492.334 366.837 -23.7697 -0.781395 1.83169
226.86 376.491 -23.7885 -0.757407 1.66281
270.301 405.452 -23.7687 -0.741038 1.69581
284.782 574.39 -23.7574 -0.636984 1.72062
231.687 617.831 -23.7667 -0.6105 1.69314
207.553 202.726 -23.8017 -0.8738 1.62662
752.982 415.105 -23.7932 -0.771737 2.01477
724.021 289.608 -23.7787 -0.85097 1.98139
584.044 463.374 -23.7916 -0.724238 1.89776
608.178 439.24 -23.8333 -0.745037 1.91654
892.959 188.246 -23.8014 -0.953471 2.11373
752.982 516.468 -23.7861 -0.702197 2.02011
603.351 574.39 -23.7952 -0.653496 1.92227
574.39 304.089 -23.7775 -0.830232 1.88188
574.39 328.223 -23.761 -0.815019 1.88491
511.642 371.664 -23.7643 -0.779263 1.84431
526.122 487.508 -23.7926 -0.70467 1.86307
453.72 463.374 -23.7939 -0.714488 1.81074
289.608 352.357 -23.7441 -0.774084 1.7083
265.474 526.122 -23.7695 -0.664152 1.70354
236.514 559.91 -23.735 -0.643962 1.69656
265.474 559.91 -23.7576 -0.64459 1.70837
260.648 323.396 -23.7702 -0.790909 1.6845
96.5362 390.971 -23.7424 -0.737593 1.59877
91.7094 415.105 -23.7408 -0.721214 1.59933
256.192 452.977 -23.7685 -0.710851 1.68999
787.141 278.47 -23.7762 -0.867464 2.02224
698.031 196.785 -23.8978 -0.952981 1.97915
816.844 564.365 -23.8897 -0.666993 2.09876
664.614 226.489 -23.8195 -0.902091 1.93969
594.069 219.063 -23.8017 -0.899718 1.88925
586.643 282.183 -23.7624 -0.844357 1.88668
612.633 256.192 -23.7915 -0.870673 1.90352
657.188 345.302 -23.7836 -0.810526 1.94167
516.097 375.006 -23.7822 -0.784057 1.85001
560.652 404.709 -23.8027 -0.765177 1.87767
248.766 252.479 -23.7615 -0.835585 1.6705
605.207 289.608 -23.7757 -0.847206 1.90466
575.504 334.164 -23.7766 -0.810494 1.88444
389.858 386.145 -23.8019 -0.763066 1.76313
319.312 245.053 -23.8049 -0.850507 1.70411
516.097 334.164 -23.8014 -0.80538 1.84137
456.69 245.053 -23.8483 -0.877339 1.79283
445.552 252.479 -23.7947 -0.852995 1.79164
534.662 278.47 -23.7628 -0.840439 1.85387
323.025 519.81 -23.7804 -0.67278 1.73583
683.179 378.719 -23.7904 -0.791019 1.96064
683.179 523.523 -23.8171 -0.692248 1.97463
642.337 549.514 -23.7851 -0.672579 1.94411
382.432 330.451 -23.7658 -0.798801 1.7615
334.164 438.126 -23.8212 -0.725655 1.72831
311.886 367.58 -23.7594 -0.767759 1.7201
957.936 193.072 -23.8078 -0.960995 2.16466
983.926 193.072 -23.8872 -0.98486 2.21498
426.987 367.58 -23.7426 -0.775788 1.79272
460.403 375.006 -23.7657 -0.77863 1.80923
274.757 285.896 -23.7523 -0.816699 1.69281
207.924 326.738 -23.7795 -0.788376 1.64859
204.211 564.365 -23.7801 -0.639015 1.66818
263.618 560.652 -23.7764 -0.643346 1.70416
118.814 230.202 -23.7421 -0.836757 1.59808
70.5457 267.331 -23.7705 -0.813328 1.55749
81.6844 545.801 -23.7446 -0.644872 1.60677
89.1103 564.365 -23.7359 -0.635899 1.61492
493.82 441.839 -23.7793 -0.735028 1.84004
556.939 464.116 -23.7663 -0.721846 1.87879
501.245 490.107 -23.7998 -0.702153 1.84472
178.221 233.915 -23.7569 -0.840683 1.62653
189.359 259.905 -23.8116 -0.834228 1.62213
642.337 590.356 -23.8322 -0.641575 1.95167
568.078 393.57 -23.821 -0.773339 1.88622
638.624 375.006 -23.7788 -0.786813 1.92561
289.608 612.633 -23.8065 -0.606532 1.71615
252.479 594.069 -23.798 -0.622213 1.6948
894.816 193.072 -23.8621 -0.970279 2.13153
757.438 519.81 -23.7808 -0.701975 2.01928
746.299 549.514 -23.782 -0.680607 2.0151
716.595 375.006 -23.7727 -0.792607 1.98213
263.618 196.785 -23.7218 -0.867345 1.68275
122.527 326.738 -23.7642 -0.780893 1.60001
835.409 456.69 -23.916 -0.753838 2.12073
746.299 616.346 -23.7688 -0.63757 2.01468
772.289 620.059 -23.8484 -0.626345 2.05646
776.002 185.646 -23.873 -0.96238 2.03406
349.015 519.81 -23.8335 -0.674965 1.74424
371.293 245.053 -23.896 -0.87905 1.72081
400.996 256.192 -23.6718 -0.829129 1.7782
185.646 393.57 -23.7546 -0.74168 1.64896
141.091 608.92 -23.76 -0.609906 1.64052
898.529 378.719 -23.9652 -0.835486 2.18528
842.835 200.498 -23.8618 -0.957138 2.08962
527.236 646.05 -23.7865 -0.603691 1.87525
285.896 352.728 -23.7537 -0.773722 1.70401
334.164 341.589 -23.7788 -0.786831 1.72355
167.082 456.69 -23.7721 -0.703267 1.63662
163.369 497.533 -23.7713 -0.6775 1.63957
81.6844 460.403 -23.7525 -0.69604 1.59113
96.5362 393.57 -23.7507 -0.736912 1.59724
824.27 620.059 -23.8657 -0.629964 2.10012
512.384 538.375 -23.8074 -0.669703 1.85898
549.514 542.088 -23.7405 -0.674613 1.88024
185.646 519.81 -23.7758 -0.665091 1.65191
170.795 564.365 -23.7469 -0.638915 1.65805
983.926 237.627 -23.8286 -0.933391 2.19282
876.251 549.514 -23.8651 -0.684794 2.13815
727.734 293.321 -23.8104 -0.858148 1.98927
764.863 285.896 -23.7908 -0.864478 2.01464
742.586 452.977 -23.7871 -0.744376 2.00648
449.264 631.198 -23.7851 -0.611264 1.82282
486.394 627.485 -23.785 -0.614878 1.84903
419.561 601.495 -23.8417 -0.619326 1.79938
939.371 612.633 -23.864 -0.641618 2.19275
868.825 612.633 -23.8654 -0.63518 2.13656
425.559 254.193 -23.7361 -0.845982 1.78544
456.976 245.625 -23.7734 -0.860452 1.79703
374.149 388.43 -23.7693 -0.759911 1.75953
377.005 436.983 -23.7875 -0.728813 1.76188
514.098 248.481 -23.7896 -0.864334 1.83504
536.947 279.898 -23.7412 -0.838999 1.8553
665.471 282.754 -23.7667 -0.850765 1.94101
708.313 348.444 -23.7903 -0.814747 1.97668
277.042 568.364 -23.7679 -0.641083 1.71677
614.061 254.193 -23.787 -0.870347 1.90346
285.61 265.617 -23.7583 -0.829736 1.69518
608.349 291.322 -23.7577 -0.839327 1.90106
576.932 337.02 -23.7837 -0.808921 1.8832
285.61 385.573 -23.746 -0.752799 1.70864
274.186 405.566 -23.7325 -0.738455 1.7079
334.164 436.983 -23.8788 -0.726801 1.72087
214.207 259.905 -23.7877 -0.83361 1.64455
62.8342 265.617 -23.7695 -0.813084 1.55708
456.976 365.581 -23.7872 -0.779785 1.80567
325.595 479.825 -23.7771 -0.697466 1.73423
179.934 234.2 -23.7286 -0.837052 1.63545
268.473 654.047 -23.7636 -0.590333 1.71691
514.098 297.034 -23.7527 -0.826955 1.84009
514.098 339.876 -23.8078 -0.804799 1.84257
422.703 602.637 -23.8584 -0.616773 1.7981
639.766 377.005 -23.7776 -0.785493 1.92954
645.479 559.796 -23.7944 -0.665599 1.94803
368.437 342.732 -23.7599 -0.786783 1.75206
539.803 419.847 -23.799 -0.751589 1.86738
428.415 485.537 -23.7683 -0.699816 1.80029
476.969 505.53 -23.8374 -0.687752 1.82743
496.961 442.695 -23.8297 -0.734205 1.83624
502.674 485.537 -23.798 -0.704368 1.84722
479.825 311.315 -23.7993 -0.824595 1.81708
479.825 339.876 -23.8188 -0.802996 1.81741
479.825 574.076 -23.7928 -0.646472 1.83912
625.486 377.005 -23.7424 -0.782166 1.91767
396.998 605.493 -23.817 -0.6174 1.78507
845.405 242.768 -23.8638 -0.921724 2.09458
716.881 377.005 -23.7476 -0.791494 1.97745
751.154 414.134 -23.786 -0.770316 2.0109
748.298 616.918 -23.7789 -0.635877 2.01951
519.81 539.803 -23.806 -0.669038 1.85973
548.371 542.659 -23.7865 -0.67244 1.87964
745.442 454.12 -23.7847 -0.743711 2.00874
722.593 485.537 -23.7942 -0.720676 1.99543
748.298 548.371 -23.782 -0.680607 2.0151
277.042 285.61 -23.7493 -0.815504 1.695
208.495 662.615 -23.763 -0.581402 1.6853
128.524 534.091 -23.7305 -0.657933 1.63367
142.805 374.149 -23.7587 -0.752041 1.61952
122.812 416.991 -23.7308 -0.723398 1.62146
139.949 608.349 -23.7593 -0.610952 1.6396
154.229 639.766 -23.7747 -0.590182 1.64649
177.078 662.615 -23.7576 -0.578964 1.6658
822.557 619.774 -23.8567 -0.629309 2.09894
853.974 636.91 -23.9128 -0.609492 2.14049
348.444 511.242 -23.7071 -0.681222 1.76389
142.805 454.12 -23.7306 -0.700165 1.63581
165.654 454.12 -23.7923 -0.703688 1.63134
165.654 494.105 -23.7475 -0.680355 1.64577
97.1074 394.142 -23.7453 -0.736147 1.59933
731.161 294.178 -23.7742 -0.849023 1.98668
765.435 285.61 -23.7908 -0.864478 2.01464
739.73 354.156 -23.7905 -0.809006 2.0013
222.776 374.149 -23.7463 -0.755819 1.67229
94.2513 439.839 -23.7361 -0.709078 1.6075
976.786 611.205 -23.8692 -0.643338 2.22568
199.927 468.4 -23.7908 -0.697045 1.65241
968.218 562.652 -23.8572 -0.679972 2.21303
905.384 614.061 -23.8554 -0.639565 2.16154
117.1 605.493 -23.7598 -0.609985 1.6248
94.2513 639.766 -23.7624 -0.588997 1.6134
888.247 471.256 -23.9183 -0.747458 2.16609
853.974 542.659 -23.8744 -0.685793 2.12335
816.844 565.508 -23.8849 -0.66605 2.09985
282.754 194.215 -23.8287 -0.895586 1.66723
271.329 528.378 -23.7414 -0.664541 1.71381
416.991 219.92 -23.8221 -0.885675 1.76129
436.983 222.776 -23.8034 -0.885436 1.78182
682.608 439.839 -23.8169 -0.750609 1.9698
676.896 462.688 -23.7704 -0.732121 1.96044
639.766 257.049 -23.8336 -0.880806 1.92622
648.335 262.761 -23.8203 -0.871796 1.93212
711.169 257.049 -23.7846 -0.877428 1.97535
699.744 265.617 -23.7992 -0.873719 1.96652
596.925 257.049 -23.7888 -0.868078 1.89179
502.674 377.005 -23.7681 -0.775259 1.83804
422.703 442.695 -23.7928 -0.727072 1.79034
419.847 465.544 -23.7554 -0.713507 1.79563
451.264 465.544 -23.7693 -0.715196 1.81164
434.127 377.005 -23.7675 -0.769707 1.7959
451.264 377.005 -23.7843 -0.772116 1.80402
279.898 456.976 -23.749 -0.710342 1.71119
711.169 285.61 -23.7632 -0.852757 1.97042
565.508 285.61 -23.7804 -0.843555 1.87116
528.378 297.034 -23.7391 -0.82769 1.84894
514.098 214.207 -23.9121 -0.920869 1.82987
396.998 368.437 -23.7869 -0.773081 1.76853
474.552 114.244 -23.9684 -1.02451 1.78024
951.301 432.809 -23.9042 -0.784424 2.21441
960.089 612.963 -23.8629 -0.641109 2.20876
744.783 454.779 -23.7847 -0.742176 2.01038
692.055 516.295 -23.8083 -0.696968 1.98052
718.419 377.884 -23.7749 -0.792132 1.98365
751.374 415.233 -23.7733 -0.767164 2.00989
887.588 470.158 -23.9165 -0.747553 2.16422
898.573 373.49 -23.9551 -0.83574 2.1819
749.177 619.554 -23.7714 -0.63462 2.01958
643.721 659.1 -23.7809 -0.600847 1.95362
749.177 551.447 -23.7799 -0.678355 2.018
641.524 551.447 -23.784 -0.672134 1.9418
643.721 593.19 -23.8384 -0.640648 1.95429
707.434 577.811 -23.7847 -0.660576 1.99102
935.922 610.766 -23.8719 -0.641077 2.19432
823.875 619.554 -23.8498 -0.629567 2.09789
876.603 547.053 -23.8486 -0.686219 2.13494
922.74 542.659 -23.8722 -0.692591 2.17936
960.089 193.336 -23.84 -0.967426 2.17619
951.301 344.929 -23.9707 -0.872173 2.2373
995.241 322.959 -23.9255 -0.886616 2.25986
740.389 182.351 -23.8163 -0.945853 1.99196
676.676 138.411 -23.936 -1.01686 1.95819
714.025 191.139 -23.8179 -0.936761 1.97447
913.952 188.942 -23.8346 -0.962421 2.13528
766.753 285.61 -23.765 -0.858549 2.00917
707.434 349.323 -23.7896 -0.812886 1.97619
848.042 239.473 -23.8538 -0.921009 2.09288
452.582 445.991 -23.8065 -0.729204 1.80865
445.991 487.734 -23.7762 -0.701478 1.81018
443.794 421.824 -23.8103 -0.744567 1.79931
375.687 388.869 -23.7567 -0.758607 1.76038
393.263 388.869 -23.773 -0.760922 1.76923
639.327 441.597 -23.8186 -0.744249 1.93772
634.933 514.098 -23.737 -0.696086 1.93224
558.038 463.567 -23.7675 -0.723606 1.88003
505.31 485.537 -23.798 -0.704368 1.84722
540.462 380.081 -23.8106 -0.780192 1.86245
516.295 421.824 -23.778 -0.748891 1.85165
424.021 604.175 -23.8299 -0.618021 1.80164
432.809 582.205 -23.8553 -0.632334 1.80586
342.732 542.659 -23.7676 -0.661145 1.75292
623.948 645.918 -23.7874 -0.608743 1.93923
549.25 606.372 -23.7834 -0.630541 1.88662
538.265 676.676 -23.7777 -0.586829 1.88383
595.387 540.462 -23.8023 -0.674948 1.91307
604.175 575.614 -23.8065 -0.650012 1.92371
94.471 441.597 -23.7349 -0.708195 1.60767
164.775 366.899 -23.7595 -0.758305 1.63312
98.865 395.46 -23.7385 -0.735401 1.60253
92.274 417.43 -23.7543 -0.722621 1.59776
274.625 406.445 -23.7471 -0.740866 1.70204
186.745 395.46 -23.7827 -0.741792 1.64246
160.381 606.372 -23.7577 -0.612469 1.6484
177.957 665.691 -23.7498 -0.58206 1.67038
94.471 641.524 -23.7579 -0.587488 1.61722
41.743 672.282 -23.6913 -0.582499 1.61523
279.019 641.524 -23.7678 -0.593957 1.72217
228.488 615.16 -23.7502 -0.612594 1.69525
279.019 571.22 -23.7577 -0.641623 1.71746
467.961 120.835 -23.974 -1.01919 1.78055
456.976 246.064 -23.7835 -0.860632 1.79579
373.49 243.867 -23.8828 -0.87834 1.72312
399.854 259.246 -23.8007 -0.850387 1.75889
575.614 338.338 -23.7863 -0.808833 1.88285
514.098 250.458 -23.7896 -0.864334 1.83504
118.638 188.942 -23.7552 -0.865791 1.58856
125.229 327.353 -23.775 -0.780889 1.59939
72.501 331.747 -23.7474 -0.7743 1.57906
118.638 259.246 -23.7609 -0.821874 1.59266
166.972 259.246 -23.7501 -0.824281 1.62533
61.516 268.034 -23.7646 -0.81233 1.55894
283.413 351.52 -23.7874 -0.777848 1.69609
213.109 329.55 -23.7639 -0.784922 1.65528
318.565 246.064 -23.7803 -0.849587 1.70875
213.109 261.443 -23.7889 -0.831253 1.6404
544.856 294.398 -23.76 -0.833612 1.85955
683.267 230.685 -23.827 -0.901115 1.95567
711.828 285.61 -23.7457 -0.851457 1.96837
703.04 307.58 -23.7811 -0.840246 1.96862
687.661 380.081 -23.7731 -0.788766 1.96186
641.524 257.049 -23.8072 -0.876827 1.92495
648.115 265.837 -23.8119 -0.869654 1.93123
448.188 237.276 -23.8058 -0.872896 1.78795
632.736 314.171 -23.7835 -0.82982 1.92123
309.777 366.899 -23.7985 -0.769391 1.71129
303.186 388.869 -23.7216 -0.753978 1.72372
217.503 208.715 -23.7957 -0.869207 1.63634
681.07 522.886 -23.8115 -0.691534 1.97334
700.843 522.886 -23.8085 -0.692865 1.99058
239.473 340.535 -23.7722 -0.781986 1.67122
973.271 199.927 -23.8577 -0.970741 2.19686
845.845 371.293 -23.9329 -0.828976 2.12643
687.661 252.655 -23.7779 -0.878248 1.95421
667.888 283.413 -23.7651 -0.850962 1.9411
656.903 307.58 -23.7751 -0.836791 1.93519
575.614 303.186 -23.8153 -0.836101 1.88123
454.779 652.509 -23.7757 -0.59764 1.82986
478.946 652.509 -23.7877 -0.598412 1.84439
399.854 347.126 -23.7284 -0.784892 1.7755
281.216 492.128 -23.7527 -0.689634 1.71326
685.464 478.946 -23.7793 -0.721327 1.96786
700.843 478.946 -23.773 -0.723541 1.97725
621.751 217.503 -23.8069 -0.904491 1.9062
577.811 476.749 -23.7666 -0.716102 1.89547
584.402 463.567 -23.784 -0.725172 1.89777
494.325 650.312 -23.7871 -0.599899 1.85499
511.901 667.888 -23.7817 -0.58895 1.86767
503.113 377.884 -23.7674 -0.774936 1.83738
518.492 377.884 -23.7833 -0.777435 1.84799
424.021 443.794 -23.7834 -0.727969 1.79066
294.398 542.659 -23.7502 -0.659113 1.72693
248.261 257.049 -23.7605 -0.833616 1.67015
226.291 261.443 -23.7909 -0.833978 1.64566
173.563 325.156 -23.7357 -0.783151 1.64157
738.192 287.807 -23.7815 -0.857253 1.99055
661.297 347.126 -23.784 -0.809393 1.94347
676.676 380.081 -23.7673 -0.787877 1.95083
623.948 338.338 -23.7858 -0.812093 1.91536
610.766 340.535 -23.7642 -0.808521 1.90586
639.327 340.535 -23.777 -0.812189 1.92753
619.554 366.899 -23.7472 -0.788581 1.91332
626.145 377.884 -23.7665 -0.783808 1.91948
623.948 538.265 -23.7745 -0.678437 1.93164
623.948 560.235 -23.7794 -0.664824 1.93132
599.781 259.246 -23.7961 -0.869328 1.89408
430.612 364.702 -23.7758 -0.778136 1.79046
435.006 380.081 -23.7556 -0.769486 1.79566
997.1 454.61 -23.9764 -0.774024 2.29248
964.99 637.13 -23.8837 -0.621652 2.2252
755.43 515.45 -23.7632 -0.704062 2.0156
748.67 410.67 -23.8153 -0.7751 2.01597
657.41 442.78 -23.8227 -0.745145 1.95331
887.25 469.82 -23.9384 -0.749093 2.17059
922.74 434.33 -23.9246 -0.78183 2.19661
772.33 537.42 -23.9263 -0.682562 2.07321
746.98 608.4 -23.7954 -0.639009 2.02476
708.11 539.11 -23.8062 -0.682734 1.99236
642.2 594.88 -23.7295 -0.649923 1.94125
855.14 640.51 -23.8523 -0.615679 2.12576
875.42 547.56 -23.8648 -0.685714 2.13824
924.43 542.49 -23.8744 -0.693076 2.18209
816.27 562.77 -23.8983 -0.667207 2.10177
986.96 190.97 -23.8356 -0.970794 2.19881
993.72 354.9 -23.9666 -0.867118 2.27832
912.6 189.28 -23.8226 -0.959113 2.13267
745.29 354.9 -23.7876 -0.811164 2.00345
701.35 341.38 -23.7655 -0.814794 1.96948
904.15 258.57 -23.8443 -0.90992 2.13609
944.71 258.57 -23.8373 -0.912898 2.1653
427.57 488.41 -23.7577 -0.699462 1.8011
341.38 518.83 -23.7235 -0.677694 1.75538
496.86 444.47 -23.7912 -0.731681 1.83889
561.08 478.27 -23.7564 -0.714792 1.88464
625.3 378.56 -23.7751 -0.784016 1.91985
540.8 380.25 -23.7967 -0.779426 1.86419
528.97 437.71 -23.7843 -0.738828 1.86066
408.98 676 -23.7535 -0.585197 1.80538
483.34 574.6 -23.7806 -0.646888 1.84137
591.5 645.58 -23.8095 -0.603936 1.91988
493.48 650.65 -23.7756 -0.601252 1.85429
625.3 596.57 -23.8038 -0.637764 1.94039
486.72 542.49 -23.7815 -0.666624 1.8413
490.1 589.81 -23.7762 -0.638464 1.84626
108.16 464.75 -23.7611 -0.694066 1.60713
167.31 493.48 -23.7665 -0.680094 1.64333
35.49 459.68 -23.7475 -0.692518 1.5685
114.92 442.78 -23.729 -0.709592 1.62113
99.71 395.46 -23.7495 -0.735474 1.59944
184.21 520.52 -23.7889 -0.664515 1.64903
305.89 432.64 -23.8035 -0.726898 1.71348
238.29 381.94 -23.7629 -0.753742 1.67776
42.25 672.62 -23.7332 -0.574182 1.59887
167.31 564.46 -23.7654 -0.637237 1.65004
270.4 654.03 -23.7465 -0.592474 1.72187
322.79 682.76 -23.7675 -0.573244 1.75298
265.33 576.29 -23.7741 -0.634768 1.70794
201.11 564.46 -23.7534 -0.640014 1.67217
229.84 564.46 -23.7743 -0.640399 1.68557
430.95 314.34 -23.9555 -0.838244 1.7691
425.88 346.45 -23.7645 -0.79032 1.78866
478.27 343.07 -23.8011 -0.800617 1.81829
574.6 339.69 -23.7676 -0.805485 1.88301
312.65 192.66 -23.9379 -0.927749 1.66109
60.84 268.71 -23.7588 -0.811784 1.56134
300.82 307.58 -23.8678 -0.820565 1.68208
282.23 349.83 -23.7593 -0.776495 1.70132
316.03 218.01 -23.7812 -0.868342 1.70462
682.76 574.6 -23.8338 -0.655543 1.98141
709.8 594.88 -23.7863 -0.646963 1.99367
282.23 221.39 -23.7879 -0.863896 1.68238
197.73 204.49 -23.8076 -0.874958 1.61882
218.01 209.56 -23.817 -0.873412 1.63105
802.75 459.68 -23.9433 -0.750487 2.09629
807.82 471.51 -23.9296 -0.740011 2.09919
539.11 278.85 -23.765 -0.843145 1.85507
248.43 218.01 -23.756 -0.858574 1.66917
699.66 267.02 -23.7918 -0.870936 1.96689
610.09 295.75 -23.7797 -0.840552 1.90307
621.92 304.2 -23.7859 -0.83629 1.91262
593.19 295.75 -23.7626 -0.836691 1.8926
485.03 677.69 -23.7814 -0.582428 1.85146
385.32 326.17 -23.785 -0.801198 1.75932
373.49 346.45 -23.7962 -0.788325 1.75027
275.47 535.73 -23.7638 -0.660956 1.71149
665.86 258.57 -23.7804 -0.873024 1.94163
616.85 248.43 -23.7964 -0.875834 1.90592
615.16 256.88 -23.779 -0.868201 1.90482
427.57 654.03 -23.7798 -0.59492 1.81335
317.72 245.05 -23.799 -0.852182 1.7046
900.77 231.53 -23.8286 -0.925953 2.12444
779.09 185.9 -23.8168 -0.947437 2.02532
703.04 461.37 -23.7764 -0.734022 1.9785
684.45 479.96 -23.7679 -0.720683 1.96704
583.05 463.06 -23.8037 -0.725776 1.89772
579.67 478.27 -23.7546 -0.715238 1.89597
518.83 378.56 -23.7833 -0.777435 1.84799
297.44 542.49 -23.7889 -0.656446 1.71996
209.56 579.67 -23.7629 -0.631047 1.6762
180.83 606.71 -23.774 -0.610772 1.65835
128.44 214.63 -23.746 -0.848891 1.60127
689.52 380.25 -23.7664 -0.787371 1.96219
703.04 376.87 -23.7659 -0.789894 1.97221
689.52 299.13 -23.7832 -0.844206 1.96129
691.21 515.45 -23.8053 -0.697675 1.97979
642.2 380.25 -23.776 -0.785272 1.93069
657.41 305.89 -23.7654 -0.836096 1.93649
674.31 299.13 -23.7602 -0.840799 1.94333
621.92 559.39 -23.7806 -0.664931 1.93196
611.78 341.38 -23.7741 -0.809313 1.90894
621.92 339.69 -23.7915 -0.811862 1.91532
605.02 660.79 -23.773 -0.599946 1.92743
599.95 686.14 -23.789 -0.58049 1.92634
471.51 246.74 -23.7595 -0.857782 1.81165
422.5 464.75 -23.7389 -0.713984 1.79798
307.58 366.73 -23.7878 -0.768591 1.71292
305.89 388.7 -23.7484 -0.753301 1.71956
263.64 263.64 -23.7639 -0.830527 1.67936
278.85 451.23 -23.7962 -0.712242 1.70146
275.47 523.9 -23.772 -0.667946 1.70942
902.46 686.14 -23.8726 -0.580101 2.17157
905.84 434.33 -23.9566 -0.782284 2.19211
716.56 184.21 -23.8151 -0.941059 1.97685
452.92 380.25 -23.7353 -0.768134 1.80896
393.77 388.7 -23.773 -0.760922 1.76923
305.89 468.13 -23.7877 -0.704703 1.72012
275.47 397.15 -23.7799 -0.747361 1.69632
283.92 388.7 -23.7582 -0.75268 1.70665
219.7 638.82 -23.7648 -0.595444 1.68731
212.94 261.95 -23.7972 -0.831462 1.63714
114.92 544.18 -23.7357 -0.649149 1.62777
114.92 557.7 -23.7353 -0.640297 1.62826
138.58 567.84 -23.7425 -0.636492 1.63941
114.92 326.17 -23.7378 -0.779219 1.60642
959.92 194.35 -23.8473 -0.968218 2.18083
880.49 400.53 -23.968 -0.811087 2.17158
807.82 648.96 -23.8667 -0.605049 2.08965
753.74 523.9 -23.7864 -0.697096 2.02022
730.08 535.73 -23.8219 -0.685264 2.01076
748.67 542.49 -23.7864 -0.684102 2.01875
723.32 567.84 -23.7946 -0.664538 2.00367
750.36 550.94 -23.7928 -0.677624 2.02112
956.8 492.7 -23.9185 -0.734421 2.22887
994.5 406.9 -23.9656 -0.816244 2.28363
919.1 468 -23.9185 -0.752201 2.19277
919.1 390 -23.9259 -0.820972 2.19126
923 434.2 -23.9144 -0.78124 2.19194
752.7 621.4 -23.77 -0.634265 2.0217
930.8 687.7 -23.873 -0.582155 2.19415
826.8 618.8 -23.857 -0.629579 2.10068
856.7 640.9 -23.8609 -0.614304 2.12958
769.6 187.2 -23.8361 -0.950921 2.02277
564.2 383.5 -23.8063 -0.779922 1.88019
93.6 442 -23.7456 -0.706609 1.60358
93.6 640.9 -23.7474 -0.590046 1.6204
767 192.4 -23.8357 -0.947079 2.02065
685.1 260 -23.7963 -0.876454 1.95584
699.4 269.1 -23.7761 -0.867226 1.96444
962 197.6 -23.8378 -0.965174 2.17846
973.7 201.5 -23.8518 -0.967567 2.19548
690.3 380.9 -23.7531 -0.785717 1.96062
646.1 243.1 -23.8444 -0.895365 1.93164
647.4 267.8 -23.7774 -0.862509 1.92759
239.2 257.4 -23.7764 -0.836346 1.65965
594.1 296.4 -23.7653 -0.835975 1.89261
562.9 297.7 -23.743 -0.829182 1.87123
305.5 390 -23.7674 -0.754055 1.71656
248.3 217.1 -23.7648 -0.859271 1.66691
120.9 343.2 -23.7615 -0.770209 1.60338
374.4 390 -23.743 -0.757053 1.76226
396.5 390 -23.7597 -0.759511 1.77247
864.5 469.3 -23.9354 -0.747586 2.1493
734.5 297.7 -23.7663 -0.847587 1.98751
673.4 379.6 -23.7885 -0.788525 1.95317
440.7 232.7 -23.7945 -0.872751 1.78343
204.1 669.5 -23.7483 -0.579772 1.68552
183.3 694.2 -23.7363 -0.567442 1.67827
198.9 564.2 -23.7534 -0.640014 1.67217
172.9 221 -23.7502 -0.84803 1.62691
692.9 601.9 -23.7939 -0.640667 1.98422
659.1 341.9 -23.7732 -0.812524 1.94026
599.3 257.4 -23.7669 -0.862478 1.89323
282.1 349.7 -23.7648 -0.777609 1.70022
703.3 306.8 -23.7899 -0.842466 1.97092
612.3 297.7 -23.7551 -0.836583 1.90334
436.8 679.9 -23.7668 -0.581568 1.82122
200.2 343.2 -23.7109 -0.771161 1.66544
900.9 373.1 -23.958 -0.83652 2.18408
721.5 444.6 -23.7915 -0.748203 1.99306
702 481 -23.7708 -0.721955 1.97808
691.6 514.8 -23.8053 -0.697675 1.97979
624 646.1 -23.771 -0.610596 1.93777
512.2 299 -23.7643 -0.827308 1.83876
520 379.6 -23.7683 -0.776047 1.84991
115.7 559 -23.7485 -0.638867 1.62442
111.8 620.1 -23.7312 -0.606128 1.63341
868.4 690.3 -23.8563 -0.577983 2.13872
754 525.2 -23.7959 -0.696504 2.02009
627.9 533 -23.7738 -0.68228 1.93325
536.9 395.2 -23.7748 -0.766946 1.86136
429 315.9 -23.9035 -0.83048 1.77294
300.3 494 -23.7607 -0.689189 1.72392
65 267.8 -23.8019 -0.818173 1.54365
903.5 687.7 -23.8619 -0.580998 2.16875
751.4 551.2 -23.8084 -0.676757 2.02422
733.2 393.9 -23.8058 -0.785084 2.00062
600.6 690.3 -23.7624 -0.584396 1.9252
538.2 674.7 -23.7784 -0.587602 1.88434
301.6 308.1 -23.9233 -0.825929 1.67179
118.3 443.3 -23.7343 -0.708751 1.61972
954.2 546 -23.8683 -0.693237 2.20234
969.8 564.2 -23.8688 -0.67948 2.21831
825.5 692.9 -23.8558 -0.574611 2.10464
708.5 538.2 -23.8114 -0.683153 1.99266
707.2 570.7 -23.7874 -0.661543 1.99191
640.9 492.7 -23.7985 -0.709492 1.94216
487.5 677.3 -23.7804 -0.583497 1.85242
471.9 258.7 -23.791 -0.855633 1.80669
349.7 510.9 -23.8027 -0.678885 1.74916
292.5 657.8 -23.7775 -0.586074 1.72974
323.7 682.5 -23.7937 -0.569025 1.74897
260 491.4 -23.8243 -0.684609 1.68254
279.5 492.7 -23.7628 -0.688868 1.71154
262.6 263.9 -23.7408 -0.827284 1.68487
244.4 460.2 -23.7745 -0.704894 1.68391
119.6 260 -23.7545 -0.821034 1.59593
941.2 235.3 -23.8195 -0.927397 2.15384
904.8 434.2 -23.9096 -0.779503 2.1756
845 370.5 -23.9369 -0.831024 2.12742
786.5 387.4 -23.9543 -0.810314 2.07923
756.6 694.2 -23.844 -0.571515 2.04862
635.7 512.2 -23.757 -0.696331 1.93416
559 462.8 -23.7534 -0.723824 1.88086
271.7 655.2 -23.7513 -0.590847 1.72175
274.3 647.4 -23.7447 -0.596491 1.72441
279.5 466.7 -23.7308 -0.703416 1.71577
148.2 457.6 -23.7818 -0.700172 1.62268
36.4 460.2 -23.7445 -0.693022 1.57003
669 258 -23.7832 -0.87268 1.94175
885 198 -23.8454 -0.957931 2.11815
716 262 -23.7922 -0.876511 1.97776
968 687 -23.874 -0.582967 2.22664
590 281 -23.7632 -0.845743 1.88821
706 380 -23.7794 -0.791006 1.97476
643 381 -23.7864 -0.786027 1.93285
281 349 -23.7581 -0.776979 1.70146
112 548 -23.7192 -0.650245 1.63275
887 468 -23.9285 -0.749758 2.16667
609 676 -23.7844 -0.590125 1.93077
713 490 -23.7817 -0.717267 1.98947
703 482 -23.7647 -0.722086 1.97707
502 262 -23.7866 -0.85704 1.82935
842 608 -23.8633 -0.636967 2.11559
757 628 -23.833 -0.62132 2.04074
995 361 -23.9705 -0.860951 2.28085
750 413 -23.8259 -0.776414 2.0182
612 298 -23.7547 -0.83433 1.90444
881 370 -23.9592 -0.836962 2.16657
868 690 -23.8629 -0.5776 2.14041
475 606 -23.7781 -0.627649 1.83945
786 389 -23.9135 -0.806143 2.06951
675 301 -23.7488 -0.836657 1.94473
883 434 -23.9476 -0.779216 2.16802
721 231 -23.7945 -0.899431 1.97876
692 601 -23.799 -0.640167 1.98435
559 574 -23.788 -0.652663 1.89194
35 700 -23.7383 -0.555859 1.59557
743 282 -23.7823 -0.861747 1.99527
295 683 -23.762 -0.573061 1.73652
994 355 -23.9702 -0.866832 2.2806
926 543 -23.8684 -0.69285 2.18035
748 448 -23.7901 -0.747946 2.01182
538 674 -23.7784 -0.587602 1.88434
881 574 -23.8479 -0.667235 2.13685
950 433 -23.9386 -0.7865 2.2265
864 627 -23.8687 -0.624199 2.13452
790 538 -23.9241 -0.683791 2.08485
552 349 -23.7611 -0.797281 1.86875
747 355 -23.7751 -0.810741 2.00236
712 627 -23.8466 -0.617288 2.0103
21 466 -23.7434 -0.688088 1.56344
920 391 -23.9596 -0.823924 2.20465
931 611 -23.865 -0.641564 2.18747
898 624 -23.895 -0.624996 2.1721
