1130 215 4.21037 -0.157358 19.9867
46 245 1.81652 -0.0673449 19.7791
64 413 1.78923 0.31126 19.8749
186 198 1.66142 -0.329861 20.5045
39 371 1.79238 0.210754 19.7998
963 359 3.98969 0.151744 20.5838
578 126 1.73852 -2.13733 26.2189
366 170 1.30991 -0.89673 22.5546
78 632 1.6353 0.905293 20.1325
700 346 3.05266 0.00685467 23.9448
962 549 3.87425 0.597953 20.0684
316.8 103.2 1.39541 -1.03602 21.8338
849.6 561.6 3.68308 0.743267 20.5862
934.8 340.8 3.94753 0.0942563 20.7385
1165.2 278.4 4.21227 0.00312722 19.8211
1150.8 276 4.21073 -0.00736296 19.8826
135.6 574.8 1.56054 0.829589 20.4538
544.8 210 0.970589 -1.72794 28.1421
594 246 1.52655 -1.30633 28.2418
856.8 340.8 3.79095 0.0674067 21.3835
332.4 120 1.18973 -1.12845 22.3984
141.6 298.8 1.63139 -0.00726339 20.3564
1136.4 252 4.20117 -0.0659753 19.9386
1116 247.2 4.1874 -0.0863539 20.0016
110.4 493.2 1.64824 0.54702 20.2185
313.2 470.4 1.2166 0.702127 22.2136
324 463.2 1.03295 0.708726 22.6996
428.4 234 0.259348 -1.14667 26.3177
258 288 1.66392 -0.0875525 20.9209
276 451.2 1.25887 0.568179 21.783
1104 183.6 4.21791 -0.255661 20.1557
271.2 244.8 1.70963 -0.239662 20.9177
55.2 285.6 1.80688 0.0184133 19.8203
499.2 230.4 0.352644 -1.50945 28.3734
412.8 214.8 0.645931 -1.10945 24.9342
523.2 186 0.69662 -2.01506 28.1757
614.4 168 2.29362 -1.44271 24.9563
579.6 122.4 1.91377 -1.96043 25.3925
294 549.6 1.26878 1.04896 21.9336
46.8 615.6 1.67625 0.819236 19.9753
264 421.2 1.22995 0.429335 21.7469
258 494.4 1.40518 0.70521 21.3763
50.4 391.2 1.79755 0.256006 19.8278
57.6 526.8 1.64704 0.605896 20.042
1195.2 321.6 4.21009 0.09831 19.6986
1096.8 129.6 4.16365 -0.362207 20.0585
944.4 540 3.85939 0.594832 20.1501
871.2 618 3.7121 0.8455 20.3646
855.6 524.4 3.71153 0.660102 20.7212
1143.6 577.2 4.05999 0.542256 19.5601
974.4 532.8 3.90324 0.557048 20.0528
1173.6 434.4 4.1531 0.299386 19.6617
1159.2 448.8 4.1368 0.332459 19.6852
1117.2 484.8 4.0866 0.405826 19.7316
1220.4 453.6 4.1786 0.329191 19.5508
1075.2 441.6 4.07655 0.339207 19.9254
313.92 424.8 1.07683 0.486369 22.5019
679.68 457.92 2.97619 0.718086 23.3862
869.76 404.64 3.7907 0.298803 21.0276
1144.8 286.56 4.19861 0.00628422 19.8974
718.56 161.28 3.20185 -1.04131 23.1177
904.32 361.44 3.87934 0.151273 20.8942
1035.36 213.12 4.16993 -0.251804 20.5128
113.76 292.32 1.77611 0.00745037 20.0453
696.96 443.52 3.0653 0.604147 23.2098
161.28 377.28 1.64318 0.229167 20.4362
797.76 388.8 3.60155 0.254304 21.9872
856.8 341.28 3.79491 0.0662325 21.4669
313.92 362.88 1.14367 0.155357 22.3581
826.56 252 3.72963 -0.338138 21.9094
216 360 1.55 0.167586 20.8462
1059.84 182.88 4.2097 -0.329223 20.4372
113.76 394.56 1.68319 0.271515 20.1844
224.64 550.08 1.49108 0.866515 21.0069
990.72 228.96 4.09139 -0.238309 20.6835
360 450.72 0.760434 0.740925 23.7904
397.44 368.64 0.642539 0.175811 24.6652
763.2 421.92 3.45479 0.426975 22.1278
344.16 244.8 1.11588 -0.516936 22.757
384.48 443.52 0.565122 0.763495 24.6493
876.96 236.16 3.91135 -0.386159 21.7436
76.32 263.52 1.80538 -0.0452738 19.8819
348.48 204.48 1.05811 -0.775066 22.9055
260.64 393.12 1.34919 0.298346 21.4984
282.24 361.44 1.30371 0.158993 21.7563
226.08 164.16 1.60728 -0.505944 20.7919
961.92 282.24 4.01955 -0.085221 20.7309
427.68 292.32 0.732975 -0.470008 25.0122
270.72 244.8 1.75214 -0.232864 20.8253
257.76 106.56 1.60987 -0.762298 20.9777
299.52 120.96 1.39919 -0.898068 21.6931
527.04 237.6 0.717071 -1.41379 28.258
586.08 254.88 1.10435 -1.50245 30.2232
378.72 216 0.971413 -0.821111 23.5271
442.08 273.6 -0.608255 -1.06788 29.196
414.72 214.56 0.603482 -1.12082 25.0615
614.88 168.48 2.33266 -1.39937 24.717
374.4 165.6 1.14833 -1.04083 23.0301
437.76 138.24 0.925979 -1.65347 24.7349
135.36 574.56 1.54839 0.832628 20.4708
46.08 614.88 1.677 0.815935 19.9758
144 655.2 1.59633 1.06634 20.4432
146.88 653.76 1.53549 1.08788 20.5493
211.68 506.88 1.43988 0.700447 21.0272
67.68 396 1.7947 0.271136 19.8835
77.76 452.16 1.66187 0.418811 20.0874
341.28 514.08 1.08063 1.0289 22.8127
874.08 319.68 3.83826 -0.00394249 21.192
718.56 194.4 3.20625 -0.861311 23.123
655.2 339.84 2.60607 -0.106706 25.3465
747.36 342.72 3.37956 0.0145926 23.0034
758.88 54.72 3.42478 -1.37249 22.3045
671.04 180 2.81164 -1.26154 24.5341
754.56 148.32 3.40783 -1.08083 22.9751
1103.04 263.52 4.1785 -0.0583696 20.0634
1130.4 296.64 4.18138 0.0277096 19.9056
1195.2 293.76 4.21462 0.0380825 19.7125
1100.16 257.76 4.17343 -0.0685322 20.0678
972 48.96 4.05784 -0.808986 20.7566
1074.24 184.32 4.21722 -0.299458 20.3471
1097.28 129.6 4.16312 -0.361127 20.0585
884.16 529.92 3.75669 0.614326 20.4242
871.2 617.76 3.71329 0.842432 20.3647
920.16 656.64 3.77856 0.843498 20.0337
734.4 626.4 3.33401 1.22168 21.6202
861.12 493.92 3.73471 0.560722 20.714
871.2 446.4 3.77447 0.424409 20.8417
1143.36 576 4.06041 0.542252 19.5602
1108.8 557.28 4.0274 0.521749 19.6245
1137.6 652.32 4.01592 0.643144 19.4656
986.4 529.92 3.91287 0.542118 19.9885
1052.64 617.76 3.96031 0.655853 19.7053
1110.24 434.88 4.11477 0.311706 19.8341
1104.48 375.84 4.12869 0.199722 19.9122
1159.2 447.84 4.1377 0.332449 19.6853
1117.44 485.28 4.08503 0.403909 19.7311
1069.63 183.168 4.21195 -0.306689 20.3762
302.4 475.2 1.22306 0.70107 22.0796
687.744 457.92 3.05002 0.679345 23.0098
850.176 274.752 3.80852 -0.240249 21.8271
858.816 243.648 3.84969 -0.362113 21.8242
361.152 451.008 0.819681 0.729198 23.6434
383.616 414.72 0.60298 0.518989 24.4954
953.856 198.72 4.01981 -0.359996 20.8265
314.496 362.88 1.14222 0.15481 22.3586
654.912 376.704 2.70401 0.220371 24.5522
763.776 421.632 3.45531 0.414524 22.0298
857.088 342.144 3.79702 0.0748267 21.4644
865.728 333.504 3.80836 0.0494875 21.1703
160.704 378.432 1.64231 0.230522 20.4353
349.056 235.008 1.2581 -0.530568 22.4676
347.328 203.904 1.02834 -0.785401 22.982
876.096 236.736 3.90774 -0.387474 21.7445
257.472 288.576 1.65787 -0.0870108 20.9177
395.712 324.864 0.663422 -0.164261 24.5674
779.328 350.784 3.54208 0.0704962 22.4022
279.936 143.424 1.56203 -0.683734 21.2049
288.576 112.32 1.52692 -0.851053 21.3492
288.576 266.112 1.81511 -0.163 20.8239
34.56 255.744 1.80645 -0.0461501 19.7623
162.432 276.48 1.70042 -0.0668108 20.3487
257.472 107.136 1.62235 -0.753708 20.9525
309.312 53.568 1.50163 -1.16265 21.535
210.816 133.056 1.75389 -0.521974 20.4698
297.216 120.96 1.50748 -0.845325 21.4485
108.864 89.856 1.79784 -0.498702 19.9867
378.432 216 1.05369 -0.789251 23.2983
402.624 283.392 0.658162 -0.510221 24.6984
336.96 309.312 1.03524 -0.159108 22.8345
521.856 186.624 0.684518 -2.0068 28.1429
539.136 119.232 1.517 -2.03254 25.5667
438.912 138.24 1.02174 -1.58673 24.4666
217.728 603.072 1.50843 1.04061 20.9439
293.76 549.504 1.12111 1.08776 22.2246
186.624 625.536 1.49649 1.07673 20.7924
39.744 686.016 1.70978 0.964727 19.9192
240.192 425.088 1.42808 0.417069 21.2045
217.728 428.544 1.43296 0.418375 21.067
262.656 421.632 1.36421 0.418219 21.4692
91.584 378.432 1.70183 0.229194 20.0821
57.024 511.488 1.63812 0.571383 20.0523
76.032 452.736 1.65978 0.422439 20.0878
390.528 563.328 1.71732 1.11694 22.0337
342.144 514.944 1.05091 1.03443 22.8735
869.184 202.176 3.91603 -0.596916 22.148
822.528 312.768 3.70523 -0.0846956 21.9329
703.296 347.328 3.07604 0.0174881 23.6695
665.28 41.472 2.94263 -1.5228 22.5187
718.848 51.84 3.21963 -1.43326 22.4274
670.464 179.712 2.69405 -1.40933 25.2845
777.6 153.792 3.53493 -1.03946 22.9162
786.24 152.064 3.58224 -1.07934 23.0703
1147.39 326.592 4.18168 0.0968831 19.8415
955.584 100.224 3.99372 -0.63014 20.6578
971.136 48.384 4.05962 -0.812802 20.7705
1060.99 183.168 4.20773 -0.328487 20.4365
1057.54 141.696 4.2211 -0.452542 20.4903
813.888 606.528 3.58546 0.876007 20.5793
889.92 589.248 3.74525 0.744389 20.277
883.008 547.776 3.75545 0.667388 20.4216
919.296 656.64 3.7804 0.843945 20.0502
900.288 418.176 3.86876 0.331566 20.8792
691.2 419.904 3.05177 0.466729 23.1835
724.032 444.096 3.26041 0.561897 22.6239
1187.14 608.256 4.0755 0.563086 19.4466
1145.66 679.104 4.01734 0.678418 19.4446
1185.41 668.736 4.03395 0.629995 19.3454
1207.87 616.896 4.08245 0.563569 19.386
959.04 578.88 3.86296 0.659411 20.0501
1016.06 630.72 3.89675 0.680219 19.7125
1033.34 682.56 3.90045 0.743356 19.6194
1081.73 609.984 3.97609 0.614817 19.5997
1054.08 618.624 3.96169 0.656298 19.7054
1183.68 442.368 4.15432 0.313523 19.6217
1188.86 364.608 4.19945 0.17577 19.7132
1118.02 485.568 4.08618 0.403889 19.7311
1221.7 495.936 4.13922 0.387309 19.4637
950.4 520.128 3.879 0.550774 20.1875
990.144 466.56 3.95279 0.410603 20.1126
978.048 456.192 3.9651 0.40307 20.3061
1036.8 497.664 3.99426 0.452307 19.9041
1074.82 444.096 4.0698 0.334702 19.9206
537.408 70.848 1.89989 -1.93186 23.9778
978.739 223.949 4.07931 -0.265259 20.7467
953.856 196.992 4.01363 -0.351457 20.7713
1059.61 182.477 4.21069 -0.32845 20.423
385.69 371.174 0.673281 0.189923 24.3867
696.73 443.75 3.05554 0.592388 23.2797
686.362 456.192 3.05405 0.676354 22.9727
883.354 547.43 3.75337 0.672706 20.437
881.28 526.694 3.7575 0.620171 20.4872
72.576 250.906 1.82506 -0.0738688 19.8465
864.691 333.85 3.82632 0.035204 21.4249
257.126 184.55 1.49951 -0.516227 21.1905
348.365 203.213 1.22263 -0.713631 22.527
87.0912 87.0912 1.8276 -0.466923 19.8804
242.611 236.39 1.58693 -0.263204 20.9571
184.55 325.555 1.69902 0.0698086 20.439
45.6192 246.758 1.81883 -0.0709523 19.781
161.741 275.789 1.6976 -0.0677224 20.3484
68.4288 282.01 1.81437 -0.000108942 19.8562
221.875 99.5328 1.62336 -0.707401 20.7263
315.187 101.606 1.33254 -1.06989 21.9658
317.261 151.373 1.47472 -0.778124 21.6816
557.798 250.906 1.05157 -1.26785 28.4286
510.106 244.685 0.428877 -1.36234 28.4983
615.859 292.378 0.724061 -1.47135 35.2685
400.205 284.083 0.458017 -0.567392 25.2405
520.474 184.55 0.684518 -2.0068 28.1429
615.859 170.035 2.28528 -1.45579 25.0523
335.923 188.698 1.21558 -0.756281 22.4304
481.075 145.152 1.38303 -1.50091 24.3466
244.685 580.608 1.34803 1.06486 21.394
134.784 574.387 1.56034 0.826822 20.4555
238.464 425.088 1.32263 0.426376 21.3946
284.083 408.499 1.30388 0.382331 21.7877
91.2384 377.395 1.70183 0.229194 20.0821
49.7664 389.837 1.80383 0.256706 19.8176
114.048 367.027 1.70666 0.200411 20.1528
76.7232 452.045 1.65588 0.422518 20.0879
503.885 671.846 2.76013 0.981273 20.2337
597.197 678.067 2.87745 1.27216 21.0187
582.682 501.811 1.9042 1.30869 25.6983
922.752 230.17 4.0125 -0.333186 21.307
750.643 342.144 3.37826 0.0116351 23.1977
748.57 286.157 3.37316 -0.310177 23.2354
794.189 161.741 3.62796 -1.04668 23.1475
665.626 43.5456 2.93502 -1.52512 22.5508
1101.08 263.347 4.17472 -0.0449741 20.0497
1146.7 325.555 4.18223 0.0983023 19.8411
1192.32 321.408 4.21041 0.0958154 19.7204
1078.27 265.421 4.14645 -0.0592271 20.1276
1078.27 223.949 4.13224 -0.14704 20.0461
1051.32 329.702 4.08242 0.0913526 20.1114
1161.22 118.195 4.30755 -0.390559 20.0545
1229.65 167.962 4.29842 -0.198813 19.7455
1200.61 190.771 4.27907 -0.174833 19.8246
999.475 45.6192 4.14072 -0.80432 20.7357
1007.77 190.771 4.14312 -0.356204 20.6841
1057.54 141.005 4.22185 -0.456076 20.4899
835.661 541.21 3.65408 0.714781 20.7504
910.311 595.123 3.78083 0.737418 20.1703
918.605 543.283 3.81804 0.614206 20.2354
924.826 605.491 3.80323 0.742112 20.1237
646.963 603.418 2.92648 1.28926 22.1079
731.981 624.154 3.3348 1.1945 21.5004
937.267 414.72 3.93147 0.311239 20.6113
899.943 418.867 3.86132 0.3346 20.7835
690.509 418.867 3.01622 0.486137 23.4164
709.171 485.222 3.19972 0.761541 22.4112
958.003 578.534 3.86257 0.662764 20.0473
945.562 537.062 3.86118 0.593291 20.1678
1043.02 599.271 3.94732 0.623077 19.7285
1069.98 528.768 4.01804 0.504638 19.7783
962.151 632.448 3.84218 0.743135 19.9033
1072.05 678.067 3.95455 0.733491 19.595
1051.32 617.933 3.96034 0.657693 19.7066
1132.19 501.811 4.07808 0.426554 19.6507
1040.95 364.954 4.06961 0.17189 20.1342
999.475 489.37 3.96112 0.459067 20.0709
989.107 466.56 3.95484 0.411353 20.1128
976.666 456.192 3.96571 0.404846 20.3062
1074.12 443.75 4.07828 0.340568 19.9256
319.334 655.258 1.84535 1.23249 21.0455
440.433 136.858 1.03445 -1.58196 24.4862
744.008 57.2314 3.35134 -1.39877 22.4405
783.821 522.547 3.51873 0.73189 21.1777
706.683 52.2547 3.16127 -1.43276 22.4438
654.428 47.2781 2.88621 -1.47111 22.4703
328.458 522.547 0.970705 1.08137 22.8989
278.692 557.384 1.2438 1.06927 21.8577
679.311 276.204 2.69497 -0.715559 26.4287
1186.93 365.783 4.19462 0.178129 19.7169
858.471 111.974 3.83924 -0.915129 21.7592
584.755 594.709 2.56653 1.33972 22.4122
1107.3 557.384 4.02759 0.5264 19.6476
1199.37 500.152 4.12141 0.40071 19.5096
1216.79 450.386 4.17028 0.32565 19.5467
604.662 226.437 1.66075 -1.52489 28.2047
425.503 460.339 -0.0145199 1.11819 27.067
79.6263 485.222 1.67635 0.50724 20.0836
654.428 335.923 2.57449 -0.133783 25.611
878.377 106.998 3.90791 -0.907358 21.6828
985.375 380.713 4.00186 0.211897 20.3467
161.741 276.204 1.6965 -0.0654513 20.3483
109.486 126.904 1.82525 -0.390794 19.9581
184.136 622.08 1.49595 1.07193 20.7928
116.951 602.174 1.53935 0.893572 20.4147
918.19 651.94 3.77495 0.827969 20.0186
1052.56 617.103 3.95903 0.658369 19.7064
104.509 614.615 1.61524 0.894528 20.2444
1074.95 442.921 4.07231 0.33728 19.9206
532.501 246.344 0.802274 -1.30462 28.2043
500.152 231.414 0.362209 -1.49462 28.3527
316.017 69.673 1.4494 -1.15203 21.7119
651.94 495.176 2.68884 1.08342 24.3517
273.715 164.229 1.71873 -0.526687 20.8807
243.855 579.779 1.58061 0.960744 21.0328
661.893 403.108 2.78517 0.428401 24.1962
741.519 196.577 3.32538 -0.875383 23.2874
716.636 159.253 3.16329 -1.18145 23.7008
1020.21 179.159 4.16906 -0.372804 20.6361
1057.54 139.346 4.2246 -0.460939 20.4883
425.503 320.993 0.708207 -0.24496 25.0366
778.844 345.877 3.53712 0.0647639 22.3821
744.008 355.83 3.38321 0.0918059 22.8051
746.496 286.157 3.36493 -0.336765 23.3161
1159.56 263.762 4.22555 -0.0372587 19.9101
1099.84 261.274 4.17329 -0.0689739 20.0718
348.365 204.042 1.22042 -0.708205 22.534
159.253 378.225 1.63549 0.226715 20.4339
213.996 507.617 1.46968 0.703044 20.9929
236.39 328.458 1.55668 0.0671494 20.9727
211.507 328.458 1.55148 0.0524347 20.8212
253.809 286.157 1.683 -0.09325 20.8597
243.855 236.39 1.70317 -0.242085 20.7357
739.031 388.178 3.34581 0.260392 22.6652
72.1613 251.32 1.82157 -0.07085 19.8462
134.369 572.314 1.55838 0.824891 20.4553
186.624 517.571 1.57323 0.703075 20.684
1074.95 303.575 4.12609 0.0341983 20.0703
1129.7 181.647 4.24174 -0.246668 20.0679
1099.84 184.136 4.22197 -0.260972 20.1665
1147.12 144.323 4.2807 -0.330595 20.0705
1147.12 325.97 4.17988 0.0983044 19.8414
1132.19 293.622 4.18039 0.025256 19.9062
400.62 286.157 0.743062 -0.468908 24.4286
967.957 47.2781 4.0593 -0.817206 20.7797
1077.44 223.949 4.17392 -0.168544 20.2018
962.98 355.83 3.99036 0.150736 20.5841
863.447 333.435 3.8224 0.0350012 21.473
858.471 241.367 3.85889 -0.369234 21.7711
731.566 622.08 3.2165 2.52587 26.4955
405.596 666.87 2.1805 1.26539 21.0371
624.568 171.694 2.33778 -1.46084 25.1415
520.059 184.136 0.744294 -1.97475 27.8487
286.655 110.481 1.58258 -0.816116 21.2075
316.514 68.6776 1.42521 -1.1782 21.7561
919.683 650.945 3.77857 0.838433 20.0901
143.327 650.945 1.58415 1.05181 20.4445
588.239 597.197 2.60653 1.29534 22.2422
940.585 415.052 3.9332 0.312367 20.6115
985.375 379.22 4.00159 0.201505 20.3809
1051.07 579.281 3.96581 0.588486 19.7376
397.136 197.075 0.966559 -0.994939 23.8083
370.262 167.215 1.64965 -0.755233 21.9074
98.5375 313.528 1.81063 0.0702763 19.9563
259.781 107.495 1.62008 -0.758129 20.9493
235.893 77.6356 1.60025 -0.823033 20.8747
961.487 576.295 3.86355 0.660061 20.0479
946.557 537.477 3.86254 0.590218 20.1734
1021.21 492.687 3.9835 0.457619 20.0019
1077.94 441.926 4.07315 0.34083 19.9201
116.453 633.029 1.63397 0.947039 20.2779
119.439 600.183 1.53748 0.893759 20.4153
740.524 197.075 3.31998 -0.849977 23.1503
785.314 152.285 3.57213 -1.07674 23.0858
1003.29 489.701 3.95949 0.457908 20.072
991.347 465.814 3.95371 0.40665 20.1018
71.6636 253.809 1.81894 -0.065455 19.846
158.257 379.22 1.62878 0.226785 20.4317
698.72 438.94 3.04174 0.58004 23.419
641.987 453.87 2.42526 0.903264 25.8346
722.608 483.729 3.2794 0.716769 22.0977
101.523 403.108 1.70219 0.296494 20.1051
268.739 531.505 1.28213 0.91679 21.6563
238.879 415.052 1.51698 0.362059 21.037
253.809 283.669 1.48552 -0.127862 21.2171
916.697 561.365 3.81343 0.673531 20.2788
525.533 265.753 0.0700882 -1.33374 30.7939
549.421 214.991 1.08113 -1.55248 27.9456
498.659 232.907 0.380244 -1.48638 28.406
779.342 346.374 3.5388 0.0523384 22.4525
743.51 355.332 3.35507 0.0904957 23.0993
767.398 298.598 3.50125 -0.204405 22.5971
185.131 173.187 1.67224 -0.400943 20.4718
877.879 388.178 3.80086 0.245355 20.9567
1173.49 200.061 4.25605 -0.165297 19.8833
931.627 480.743 3.87111 0.484229 20.4509
274.711 343.388 1.72391 0.0996363 20.909
188.117 519.561 1.52144 0.712284 20.7628
155.271 531.505 1.54389 0.719416 20.5927
862.95 334.43 3.74782 0.0687346 20.6733
1033.15 209.019 4.16513 -0.265715 20.5295
1098.84 185.131 4.21248 -0.261357 20.1716
1149.6 143.327 4.28778 -0.329831 20.0725
415.052 343.388 0.563469 -0.0541981 25.2194
358.318 325.472 1.13332 -0.0753563 22.8289
1063.01 179.159 4.21221 -0.333065 20.4371
1119.74 289.641 4.16961 0.0147006 19.9438
394.15 406.094 0.731253 0.46596 24.3752
1218.28 450.884 4.17881 0.326663 19.5531
1188.42 364.29 4.19845 0.174133 19.7125
1140.65 570.323 4.05745 0.53853 19.5767
665.875 537.477 2.76771 1.34102 24.365
833.09 621.085 3.63028 0.907958 20.5455
665.875 179.159 2.73238 -1.3073 24.6216
743.51 56.7337 3.34223 -1.41158 22.5023
859.964 110.481 3.82771 -0.882466 21.6371
537.477 71.6636 1.82959 -2.00948 24.2602
179.159 62.7057 1.68085 -0.724735 20.4112
343.985 483.73 1.00875 0.868481 22.9467
781.134 343.985 3.52692 0.0530305 22.3856
766.801 300.987 3.48832 -0.175236 22.9385
745.302 286.655 3.37208 -0.323076 23.2832
852.797 444.315 3.72504 0.420118 20.8324
1074.95 440.731 4.07226 0.333676 19.928
82.4132 214.991 1.76529 -0.181011 19.9593
89.5795 347.569 1.72688 0.150043 20.0273
96.7459 311.737 1.83475 0.0645103 19.9043
189.909 519.561 1.5055 0.722216 20.8039
240.073 111.079 1.64284 -0.707018 20.8219
956.709 576.892 3.86672 0.658133 20.0359
945.96 537.477 3.86376 0.589052 20.166
1053.46 619.89 3.95839 0.659003 19.7056
78.83 558.976 1.65744 0.702748 20.1178
379.817 415.649 0.684587 0.518805 24.2457
756.051 508.812 3.41624 0.732723 21.5383
723.803 451.481 3.26951 0.552409 22.4874
1089.29 132.578 4.14832 -0.355585 20.0681
1160.95 121.828 4.2994 -0.377876 20.0498
1171.7 200.658 4.25507 -0.168112 19.8952
157.66 379.817 1.58117 0.233919 20.5183
204.241 379.817 1.42996 0.22606 20.9633
265.155 336.819 1.71323 0.103624 20.9195
254.406 286.655 1.69556 -0.0935694 20.8142
705.887 490.896 3.19825 0.758071 22.4654
648.556 490.896 2.7389 0.998975 23.9294
680.805 451.481 2.97999 0.698674 23.5693
214.991 247.24 1.58912 -0.210136 20.7877
548.227 268.739 1.09183 -1.02378 27.8784
548.227 214.991 0.956691 -1.64733 28.3277
856.38 566.143 3.69597 0.736582 20.5251
834.881 544.644 3.65481 0.710111 20.7134
935.21 211.408 3.96698 -0.349732 20.9802
1003.29 487.313 3.9659 0.452317 20.0712
974.625 455.064 3.96169 0.402104 20.3148
1064.2 179.159 4.20905 -0.325566 20.4246
1035.54 168.41 4.19083 -0.386686 20.5215
795.466 311.737 3.61005 -0.104696 22.2571
992.541 293.821 4.05833 -0.0382174 20.5195
1103.62 154.077 4.19296 -0.324619 20.1129
1132.29 254.406 4.20472 -0.0610572 19.9724
1096.45 261.572 4.17536 -0.0605377 20.0656
1114.37 240.073 4.19533 -0.0940921 20.0503
1107.2 225.74 4.19006 -0.145336 20.0547
756.051 386.984 3.40324 0.223612 22.3215
745.302 379.817 3.39405 0.231014 22.5576
942.377 415.649 3.9357 0.30855 20.5833
1186.03 365.485 4.19083 0.178147 19.721
1089.29 376.234 4.11041 0.206451 19.9547
935.21 627.057 3.80711 0.769454 20.0571
1006.87 541.06 3.92873 0.5528 19.9394
1139.45 569.726 4.03774 0.521807 19.5026
920.878 601.974 3.80166 0.738612 20.1425
662.889 179.159 2.71315 -1.38064 25.0545
422.815 634.223 2.18486 1.19245 21.1448
354.735 128.995 1.30915 -1.06928 22.376
150.494 225.74 1.54858 -0.245502 20.519
993.258 331.086 4.01946 0.0771027 20.4282
963.159 339.686 3.999 0.0922825 20.6294
1006.16 537.477 3.93353 0.553793 19.9384
1130.85 623.474 4.02566 0.607036 19.5394
1092.15 610.574 3.98644 0.613757 19.5829
98.8958 124.695 1.84394 -0.365866 19.8957
713.77 159.093 3.1479 -1.11421 23.3417
834.165 391.283 3.70318 0.26472 21.1591
838.465 266.589 3.78046 -0.329279 22.292
859.964 111.795 3.83872 -0.902656 21.7345
864.263 331.086 3.79821 0.0479082 21.2338
877.163 292.388 3.84357 -0.0959889 21.1295
1062.06 460.081 4.04413 0.376054 19.9383
1079.25 438.581 4.0806 0.335781 19.937
154.793 378.384 1.64455 0.226952 20.3938
163.393 189.192 1.63927 -0.340815 20.4188
726.669 442.881 3.25684 0.558364 22.5886
924.461 386.984 3.91548 0.237722 20.6612
154.793 528.878 1.59499 0.696778 20.4908
206.391 481.58 1.80867 0.544367 20.4164
279.488 554.677 1.37537 1.00813 21.565
240.79 227.89 1.66638 -0.255625 20.7963
782.567 249.389 3.54305 -0.573657 23.4443
1100.75 184.892 4.21359 -0.263841 20.1853
1001.86 253.689 4.08642 -0.14929 20.5508
1023.36 240.79 4.14263 -0.201809 20.5257
1109.35 339.686 4.09336 0.130454 19.7946
1135.15 253.689 4.19903 -0.0598437 19.9458
993.258 438.581 3.98527 0.355898 20.2187
945.96 412.783 3.93502 0.318004 20.5826
1156.65 447.181 4.13539 0.338753 19.7015
1186.75 365.485 4.19836 0.179514 19.7167
937.36 627.773 3.80809 0.764944 20.0252
1139.45 567.576 4.03626 0.520425 19.5417
662.172 378.384 2.86325 0.222877 23.6717
756.768 511.678 3.43572 0.713625 21.3235
769.667 300.987 3.4754 -0.233623 22.9856
675.071 275.188 2.72175 -0.703075 26.1938
103.196 399.883 1.7313 0.283478 20.0573
266.589 378.384 1.30155 0.231423 21.6435
120.395 593.375 1.5374 0.885213 20.4157
81.6965 558.976 1.70021 0.699441 20.0542
442.881 137.594 1.07713 -1.56994 24.3913
576.176 210.691 1.15648 -1.91628 29.2325
550.377 210.691 0.958055 -1.66709 28.3918
146.194 81.6965 1.81443 -0.555951 20.1082
150.494 223.591 1.58921 -0.240057 20.4616
722.369 448.901 3.25797 0.576684 22.5921
727.529 221.871 3.23896 -0.765696 23.5383
1150.63 330.226 4.17478 0.108271 19.8139
1176.43 325.066 4.19293 0.0994716 19.7396
1155.79 314.747 4.19199 0.0789633 19.8245
257.989 103.196 1.54073 -0.792038 21.0977
237.35 108.355 1.05478 -0.964926 21.7708
856.524 562.416 3.69115 0.730523 20.5572
902.962 515.978 3.80344 0.610536 20.4405
877.163 521.138 3.7559 0.603946 20.5109
990.678 521.138 3.93536 0.522828 20.0145
1042.28 165.113 4.18267 -0.409584 20.4785
1088.71 263.149 4.12343 -0.0498905 19.941
866.843 190.912 3.86322 -0.560835 21.6013
1001 257.989 4.08394 -0.144504 20.5497
1026.8 242.51 4.12902 -0.180845 20.5091
1016.48 242.51 4.11717 -0.168942 20.4935
1119.67 190.912 4.22829 -0.239221 20.0866
1068.07 175.433 4.2198 -0.343203 20.4181
252.829 283.788 1.68592 -0.0999458 20.8319
1021.64 330.226 4.05353 0.0801244 20.2142
944.24 417.942 3.9417 0.317843 20.581
1062.92 423.102 4.10838 0.3072 20.1793
866.843 454.061 3.75809 0.446746 20.7802
1047.44 108.355 4.2197 -0.564537 20.561
1171.27 206.391 4.25508 -0.167079 19.8952
712.05 159.953 3.18719 -1.05206 22.9909
768.807 304.427 3.50293 -0.217884 22.6538
681.091 314.747 2.95295 -0.248833 23.8959
866.843 237.35 3.88463 -0.425952 21.9135
98.0359 448.901 1.87237 0.391448 19.864
98.0359 402.463 1.73011 0.287639 20.0593
263.149 381.824 1.16587 0.234359 21.8653
443.741 139.314 1.26193 -1.44959 23.8249
552.097 211.551 1.13128 -1.64019 28.0359
98.0359 159.953 1.82909 -0.299246 19.9008
294.108 278.628 1.75401 -0.13905 21.0101
247.67 272.436 1.70278 -0.125605 20.7744
786.351 402.463 3.5299 0.30191 21.9381
835.885 383.888 3.70183 0.248543 21.2698
835.885 544.873 3.6535 0.694836 20.6467
947.336 414.846 3.93732 0.331499 20.5697
1040.21 167.177 4.15142 -0.358847 20.3808
1102.13 346.737 4.10969 0.129752 19.862
1003.06 445.805 3.98466 0.368712 20.1355
1157.86 458.189 4.13609 0.350059 19.7223
1133.09 563.448 4.0595 0.52868 19.5981
1139.28 520.106 4.07066 0.455794 19.5922
749.2 377.696 3.41835 0.245783 21.7187
662.516 377.696 2.79112 0.259517 24.0714
662.516 495.339 2.80052 0.978836 23.4979
854.46 557.256 3.68861 0.729917 20.5169
879.227 513.914 3.75652 0.621936 20.5695
965.911 340.546 3.98279 0.0961061 20.5414
1157.86 309.587 4.17987 0.0731194 19.7581
1089.75 260.053 4.1617 -0.104389 20.1307
767.776 266.245 3.49929 -0.419992 23.0652
674.9 278.628 2.70051 -0.77305 26.1305
482.956 377.696 1.45968 0.21789 24.1761
582.023 495.339 1.92773 1.24606 25.5118
154.793 532.49 1.74545 0.652454 20.2435
253.861 544.873 1.30681 0.943144 21.455
625.366 160.985 2.2767 -1.54116 25.3639
198.136 291.012 1.53917 -0.0479604 20.7566
154.793 284.82 1.64828 -0.0440519 20.3633
475.526 378.934 1.4402 0.218132 24.1463
690.998 416.085 2.90385 0.556146 24.3123
653.848 378.934 2.89196 0.227795 23.2414
928.761 393.795 3.91408 0.250788 20.7097
1017.92 222.903 4.13176 -0.282198 20.6513
252.623 304.634 1.73657 -0.030162 20.7019
988.202 371.504 4.05173 0.180044 20.5981
1084.79 378.934 4.10976 0.192071 19.9372
720.718 490.386 3.23529 0.754179 22.3771
646.418 482.956 2.47795 0.967555 25.4041
1129.37 230.333 4.19965 -0.106819 19.9525
1092.22 289.773 4.14431 -0.00419371 20.0593
743.009 156.032 3.3937 -1.08721 23.075
869.32 230.333 3.89908 -0.40617 21.6564
289.773 453.235 1.12607 0.597717 22.1521
252.623 542.396 1.30792 0.921485 21.5354
453.235 141.172 1.06747 -1.5965 24.6058
549.826 208.042 1.35256 -1.66577 27.4131
631.557 163.462 2.50068 -1.40946 24.245
170.892 156.032 1.76096 -0.405195 20.2429
766.785 249.651 3.43112 -0.664337 23.4036
784.617 222.903 3.58877 -1.0376 25.4461
847.03 267.483 3.76799 -0.277338 21.8703
954.023 419.057 3.95495 0.316394 20.5355
1069.93 463.637 4.02957 0.364272 19.8177
1069.93 427.973 4.11017 0.324744 19.9654
222.903 240.735 1.70395 -0.208658 20.6038
1069.93 213.987 4.19294 -0.217329 20.2245
1016.44 222.903 4.1579 -0.286444 20.5533
1052.1 374.476 4.06572 0.195826 20.1354
998.604 534.966 3.9254 0.545313 20.0432
945.107 490.386 3.86922 0.50314 20.1441
686.54 463.637 3.05438 0.784674 23.0176
650.876 383.392 2.64433 0.26067 24.8558
829.198 365.56 3.7093 0.177909 21.4375
793.533 534.966 3.54057 0.741016 20.9468
864.862 472.554 3.74839 0.481456 20.8679
909.443 267.483 3.92078 -0.163503 21.0265
1096.68 356.644 4.13062 0.131955 19.979
1061.02 320.98 4.08938 0.071077 20.1538
1096.68 285.315 4.14188 0.0156274 20.0538
873.778 231.819 3.86329 -0.396163 21.7318
677.624 320.98 2.98863 -0.130871 23.2656
383.392 454.721 0.0217593 0.93946 25.9607
258.567 543.882 1.32359 0.915776 21.4967
169.406 490.386 1.58515 0.569293 20.5036
410.141 187.238 1.45784 -0.843575 22.5696
633.043 169.406 2.43411 -1.50829 24.9733
526.05 187.238 0.574366 -2.07336 28.3191
499.302 329.896 1.51183 -0.143033 24.3644
356.644 213.987 1.77892 -0.46813 21.336
285.315 187.238 1.90434 -0.397599 20.6307
222.903 347.728 1.38904 0.100414 21.1871
205.07 294.231 1.52673 -0.0667418 20.854
303.148 285.315 1.66846 -0.140197 21.2058
597.379 499.302 1.88827 1.29492 25.7548
