850 150 -2.62366 -0.320772 14.1336
207 121 -4.66847 -0.455667 14.2397
397 164 -5.56007 -1.23376 18.1574
183 406 -4.63447 0.465071 14.0986
1011.6 122.4 -2.51267 -0.0838683 13.0122
286.8 174 -4.87667 -0.488981 15.1646
36 69.6 -4.30936 -0.22916 13.1049
464.4 283.2 -5.671 -0.536327 20.2693
302.4 192 -4.82071 -0.420869 15.1947
896.4 232.8 -2.56454 -0.0114451 13.7182
252 420 -4.3787 0.495271 14.0369
187.2 181.2 -4.51877 -0.186321 13.9136
387.6 273.6 -6.06243 -0.507543 19.2949
853.2 246 -2.6267 -0.033249 14.1015
241.2 150 -4.60423 -0.383293 14.331
464.4 232.8 -6.05556 -1.21716 21.577
422.4 30 -4.40572 -1.22022 15.5032
452.4 175.2 -4.95683 -1.03336 17.6978
250.8 487.2 -4.39058 0.696445 14.0595
122.4 447.6 -4.55959 0.554891 13.7255
1160.4 202.8 -2.29719 0.0591558 12.9681
1076.4 504 -2.25543 0.588122 13.4062
479.52 280.8 -7.49644 -1.24488 27.1937
921.6 185.76 -2.52046 -0.107672 13.6671
810.72 480.96 -2.73448 0.641408 14.1635
227.52 308.16 -4.6167 0.148791 14.2896
239.04 352.8 -4.42548 0.298481 14.032
636.48 516.96 -3.49335 1.1661 16.63
617.76 488.16 -3.66481 1.06896 17.1131
1020.96 213.12 -2.5088 0.0760595 12.9582
997.92 211.68 -2.53507 0.0610188 13.001
928.8 139.68 -2.50415 -0.218626 13.6637
220.32 426.24 -4.3794 0.502663 13.8743
632.16 237.6 -3.85333 -0.80421 19.1867
691.2 214.56 -3.19271 -0.493724 16.2439
750.24 141.12 -2.89996 -0.59913 15.1517
722.88 129.6 -3.02116 -0.836409 15.839
735.84 436.32 -2.94926 0.58345 15.1919
511.2 288 -7.20894 -1.22993 28.3421
838.08 211.68 -2.66039 -0.126178 14.1132
586.08 322.56 -4.63198 -0.223591 21.5995
290.88 303.84 -4.89152 0.0630834 15.2761
83.52 331.2 -4.45653 0.257806 13.4516
247.68 67.68 -4.60685 -0.668158 14.3664
257.76 46.08 -4.65027 -0.797424 14.5074
282.24 149.76 -4.80882 -0.541975 15.0012
87.84 165.6 -4.31764 -0.0853557 13.2581
485.28 266.4 -7.12756 -1.3989 26.1792
433.44 228.96 -5.97716 -1.0812 20.1724
493.92 180 -5.55612 -1.69438 20.877
450.72 41.76 -4.27889 -1.17235 15.5313
432 171.36 -5.23049 -1.14329 18.0148
239.04 627.84 -4.36738 1.08938 13.9813
95.04 534.24 -4.5118 0.752138 13.5669
191.52 509.76 -4.65012 0.789193 14.1783
853.92 146.88 -2.62162 -0.321462 14.1336
715.68 175.68 -3.05284 -0.623913 15.909
1103.04 383.04 -2.35512 0.341777 13.0292
1075.68 504 -2.25589 0.587642 13.4064
853.632 245.376 -2.6204 -0.0475773 14.1824
345.6 210.816 -5.15582 -0.565378 16.3604
696.384 266.112 -3.16847 -0.219268 16.2723
732.672 442.368 -2.95468 0.598473 15.164
734.4 402.624 -2.9354 0.471167 15.7161
432 279.936 -6.96945 -0.882989 23.222
604.8 250.56 -4.24966 -0.853245 20.0935
634.176 407.808 -3.57695 0.558996 17.2078
762.048 205.632 -2.84527 -0.372931 15.2821
889.92 207.36 -2.56719 -0.0859887 13.7955
463.104 283.392 -7.4751 -1.10611 26.101
684.288 447.552 -3.16979 0.672611 15.5967
805.248 250.56 -2.73852 -0.0474624 14.3275
668.736 302.4 -3.28704 -0.0344252 16.1542
653.184 292.032 -3.54295 -0.241867 17.8948
898.56 183.168 -2.56071 -0.131418 13.7368
573.696 298.944 -5.06982 -0.667907 23.2246
584.064 440.64 -4.35529 0.99037 19.9377
838.08 212.544 -2.65805 -0.132261 14.0885
245.376 212.544 -4.75952 -0.232461 14.6495
298.944 226.368 -4.79968 -0.258996 15.1169
323.136 304.128 -4.72318 0.0642198 15.2155
76.032 248.832 -4.46407 0.0741734 13.4217
81.216 330.048 -4.41574 0.262581 13.374
176.256 293.76 -4.55644 0.139463 13.9438
235.008 108.864 -4.58093 -0.500728 14.2555
247.104 69.12 -4.62252 -0.677814 14.399
276.48 86.4 -4.73722 -0.740872 14.8001
283.392 150.336 -4.79926 -0.538367 14.9802
115.776 32.832 -3.98782 -0.215824 12.8941
101.952 127.872 -4.25443 -0.146268 13.2072
587.52 240.192 -4.54922 -1.07061 21.0642
468.288 267.84 -6.87592 -1.15467 24.4605
433.728 229.824 -6.00756 -1.09683 20.2907
625.536 81.216 -3.55823 -1.25304 16.3125
335.232 169.344 -5.07594 -0.705892 16.048
452.736 174.528 -5.2331 -1.21872 18.5277
412.992 167.616 -5.37024 -1.16257 17.9917
254.016 494.208 -4.342 0.706847 13.994
50.112 445.824 -4.43939 0.513502 13.3322
611.712 378.432 -3.82876 0.39741 17.9987
691.2 307.584 -3.18105 0.00038284 16.1133
748.224 293.76 -2.91142 0.0703314 14.6079
831.168 44.928 -2.67641 -0.650314 14.2376
886.464 126.144 -2.56269 -0.321976 13.914
675.648 91.584 -3.30059 -1.21876 16.4725
718.848 158.976 -3.03045 -0.671681 15.7613
1057.54 219.456 -2.44791 0.0782693 12.9848
1145.66 167.616 -2.29757 -0.0040347 13.0235
1081.73 58.752 -2.35365 -0.222195 13.1279
865.728 623.808 -2.64515 0.899801 13.618
808.704 411.264 -2.73073 0.444176 14.1257
758.592 516.672 -2.8672 0.805363 14.531
718.848 495.936 -3.00075 0.821694 15.1552
724.032 449.28 -2.98447 0.633678 15.1763
1100.74 499.392 -2.24234 0.562039 13.3266
731.981 441.677 -2.94831 0.591901 15.1162
731.981 402.278 -2.94126 0.469942 15.8305
605.491 425.088 -3.89182 0.718884 18.0442
508.032 302.746 -6.88273 -0.848022 26.7796
487.296 279.936 -6.99059 -1.16893 25.8908
246.758 211.507 -4.72868 -0.222665 14.5806
298.598 226.022 -4.86734 -0.274529 15.2677
236.39 352.512 -4.43267 0.302502 14.0308
292.378 304.819 -4.92666 0.0589257 15.3584
136.858 277.862 -4.49552 0.108272 13.6732
244.685 111.974 -4.61369 -0.517957 14.3771
252.979 130.637 -4.66817 -0.497591 14.5232
190.771 155.52 -4.56612 -0.280282 14.0063
561.946 234.317 -4.73733 -1.0703 20.5806
462.413 232.243 -5.88549 -1.13137 20.9812
412.646 167.962 -5.47988 -1.22436 18.3127
246.758 561.946 -4.39266 0.914391 14.0713
93.312 532.915 -4.50979 0.752098 13.5669
255.053 425.088 -4.34904 0.512622 14.0115
51.84 404.352 -4.42914 0.422173 13.3275
406.426 669.773 -4.15584 1.45756 14.7454
640.742 226.022 -3.71096 -0.829594 18.4947
848.103 149.299 -2.62568 -0.323183 14.134
673.92 91.2384 -3.29128 -1.19033 16.4051
719.539 118.195 -3.03396 -0.936727 15.9847
1036.8 290.304 -2.49943 0.204828 12.9277
831.514 545.357 -2.69745 0.776578 13.9064
709.171 541.21 -3.04797 1.02315 15.2287
649.037 551.578 -3.39311 1.30263 16.3724
802.483 364.954 -2.68785 0.299308 14.8626
875.059 454.118 -2.61782 0.515994 13.6566
640.742 441.677 -3.49401 0.755297 16.894
756.864 514.253 -2.86757 0.806295 14.5492
976.666 566.093 -2.38761 0.761777 13.6585
691.753 403.108 -3.13383 0.475938 15.7254
328.458 206.531 -4.93988 -0.453966 15.7076
308.552 204.042 -4.85097 -0.395166 15.3426
622.08 430.479 -3.70096 0.736496 17.5988
883.354 213.996 -2.571 -0.0849709 13.8676
637.01 330.947 -3.60136 0.0658928 17.5349
1072.47 599.685 -2.41018 0.688412 13.0184
490.199 278.692 -6.40874 -1.01029 23.8574
627.057 79.6263 -3.55358 -1.24115 16.3063
1157.07 72.1613 -2.24932 -0.17747 13.0855
1109.79 52.2547 -2.30797 -0.229334 13.1355
465.316 179.159 -5.02968 -1.12351 18.2583
447.898 174.182 -5.12082 -1.15312 18.1719
1084.91 572.314 -2.39824 0.633783 12.9795
116.951 388.178 -4.57405 0.393207 13.7249
47.2781 577.29 -4.59503 0.85383 13.5144
395.643 171.694 -5.74689 -1.30364 18.685
589.732 527.524 -3.79248 1.28419 16.7291
885.842 666.87 -2.61652 0.967263 13.5263
273.715 84.6029 -4.72452 -0.741403 14.7698
111.974 418.038 -4.58186 0.474753 13.7124
47.2781 445.409 -4.42327 0.521754 13.292
126.904 482.734 -4.59887 0.656733 13.8221
415.549 251.32 -6.30289 -0.898502 20.66
423.014 231.414 -6.21773 -1.13441 20.6415
671.846 189.112 -3.30936 -0.743983 16.7751
674.335 149.299 -3.36257 -1.11346 17.3158
793.774 94.5562 -2.74617 -0.62045 14.5781
843.541 47.2781 -2.64814 -0.606705 14.1334
888.33 574.802 -2.60669 0.768819 13.5504
883.354 542.454 -2.61356 0.710106 13.6043
965.468 472.781 -2.581 0.488867 12.978
233.902 619.592 -4.43273 1.08433 14.0714
196.577 622.08 -4.41051 1.04041 13.8292
136.858 74.6496 -4.36403 -0.345154 13.4631
1010.26 435.456 -2.50877 0.420269 13.0102
246.344 559.872 -4.41384 0.913361 14.0709
206.531 554.895 -4.5206 0.894008 14.0431
776.356 49.7664 -2.80799 -0.825793 14.773
1087.4 104.509 -2.38187 -0.107368 13.0221
893.307 485.222 -2.59148 0.577246 13.5957
111.974 134.369 -4.26928 -0.14962 13.2839
995.328 333.435 -2.5427 0.271495 12.9595
243.855 111.974 -4.58292 -0.504092 14.3126
846.029 661.893 -2.68002 1.01444 13.7113
174.182 291.133 -4.52381 0.137144 13.8781
582.267 268.739 -4.76911 -0.936687 22.12
599.685 206.531 -4.08506 -1.04559 18.9192
753.961 574.802 -2.87617 1.01065 14.62
808.704 410.573 -2.7314 0.438954 14.0638
885.842 124.416 -2.57026 -0.313143 13.8831
286.157 517.571 -4.27675 0.786324 14.087
238.879 171.694 -4.70555 -0.346804 14.5181
248.832 124.416 -4.59964 -0.462073 14.3769
253.809 425.503 -4.38237 0.50533 14.037
213.996 383.201 -4.44276 0.399965 13.9514
281.18 330.947 -4.84524 0.192079 15.082
293.622 303.575 -4.83098 0.0706243 15.1484
714.148 271.227 -3.06968 -0.205677 16.3529
689.265 216.484 -3.16405 -0.463551 15.9535
390.666 221.461 -5.56337 -0.797258 18.0617
532.501 306.063 -6.3944 -0.783488 26.5319
233.902 353.341 -4.434 0.301339 14.0309
231.414 318.505 -4.28332 0.200427 13.7685
681.8 445.409 -3.19579 0.71487 16.2782
641.987 345.877 -3.43492 0.190809 16.3428
813.681 490.199 -2.7306 0.658121 14.0366
838.564 470.293 -2.67699 0.576877 13.9078
617.103 487.711 -3.72275 1.10182 17.4775
689.265 365.783 -3.13759 0.288408 15.4933
584.755 323.482 -4.40498 -0.169624 20.2536
617.103 291.133 -3.90795 -0.337171 18.7809
572.314 296.11 -5.13588 -0.721178 23.4888
1089.88 274.711 -2.41538 0.179318 12.9332
313.528 101.523 -4.96116 -0.921566 15.5765
1146.62 164.229 -2.29483 -0.00911502 13.0244
131.383 268.739 -4.45382 0.105641 13.5892
922.669 107.495 -2.52251 -0.292492 13.6796
119.439 444.912 -4.58996 0.556319 13.7757
89.5795 403.108 -4.49761 0.430524 13.5187
68.6776 403.108 -4.50949 0.436468 13.4813
397.136 170.201 -5.40236 -1.12096 17.7687
692.748 659.903 -3.08926 1.39253 14.8458
701.706 597.197 -3.08448 1.25802 15.2836
659.903 615.113 -3.2379 1.34656 15.2259
674.833 149.299 -3.31828 -0.936977 16.5035
244.851 561.365 -4.38778 0.91223 14.0543
206.033 555.393 -4.47517 0.8879 13.9837
241.865 552.407 -4.38654 0.881705 14.0278
489.701 277.697 -7.02152 -1.14309 26.4006
615.113 519.561 -3.78977 1.35973 17.8924
782.328 606.155 -2.80156 1.00597 14.1534
979.403 406.094 -2.56376 0.385576 13.0003
827.118 62.7057 -2.68593 -0.598036 14.234
791.286 77.6356 -2.7641 -0.712982 14.7143
737.538 322.486 -2.95141 0.144001 15.0935
200.061 489.701 -4.40304 0.677728 13.8483
137.355 534.491 -4.59843 0.807473 13.8409
761.426 200.061 -2.84551 -0.381098 15.2529
713.65 173.187 -3.06848 -0.607733 15.7999
740.524 146.313 -2.92414 -0.583717 15.074
848.02 149.299 -2.63611 -0.308654 14.1362
238.879 173.187 -4.63626 -0.318325 14.3749
214.991 140.341 -4.56182 -0.345687 14.1169
644.973 346.374 -3.44851 0.166648 16.4909
689.762 310.542 -3.19541 0.0193134 16.1734
235.893 56.7337 -4.5908 -0.690016 14.3057
892.809 486.715 -2.59343 0.576293 13.5955
848.02 659.903 -2.67888 1.00357 13.6509
173.187 292.626 -4.51057 0.134749 13.847
803.23 364.29 -2.6866 0.295033 14.8348
898.781 185.131 -2.55073 -0.130635 13.7928
934.613 149.299 -2.50278 -0.17386 13.6226
253.809 426.996 -4.35867 0.520256 14.0322
304.57 471.786 -4.26202 0.652202 14.1491
734.552 438.94 -2.94985 0.590186 15.0702
639.001 271.725 -3.6371 -0.380816 17.9054
322.486 301.584 -4.82129 0.0426609 15.4224
298.598 226.935 -4.83741 -0.276112 15.2009
743.51 373.248 -2.90214 0.337014 16.0169
970.445 56.7337 -2.43769 -0.384073 13.5752
403.108 295.612 -6.42546 -0.420122 20.6331
615.113 486.715 -3.73938 1.09889 17.5263
856.978 238.879 -2.63256 -0.0345089 14.012
713.65 241.865 -3.05677 -0.322296 15.9471
636.015 307.556 -3.59301 -0.109538 17.4932
1107.8 110.481 -2.31626 -0.130674 13.1187
674.833 89.5795 -3.29879 -1.18357 16.3257
931.627 343.388 -2.61874 0.268824 13.1295
435.954 573.309 -8.78756 4.50055 29.204
286.655 606.155 -4.29754 1.05514 14.1209
447.898 173.187 -5.10015 -1.13384 18.0468
570.323 203.047 -4.30562 -1.0584 18.8028
74.6496 253.809 -4.46926 0.0847552 13.4112
444.315 265.155 -6.8724 -1.08399 23.2512
713.053 100.329 -3.07837 -0.998606 15.9282
988.958 584.059 -2.38471 0.777681 13.5629
942.377 558.976 -2.47389 0.737948 13.6102
240.073 175.576 -4.6502 -0.329296 14.4041
619.89 576.892 -3.88197 1.99877 19.0063
892.212 483.73 -2.59471 0.571607 13.5947
920.878 111.079 -2.5161 -0.283843 13.6736
186.325 605.558 -4.54414 1.0278 14.0256
849.214 207.825 -2.6432 -0.124408 13.9993
845.631 146.91 -2.63762 -0.294018 13.9963
856.38 429.982 -2.64322 0.46386 13.7774
530.311 308.154 -6.82139 -0.875607 28.3454
250.823 422.815 -4.34129 0.506176 13.966
211.408 419.232 -4.42228 0.491156 13.9028
580.475 268.739 -4.83703 -0.947852 22.4263
627.057 229.324 -3.87151 -0.871953 18.883
297.404 229.324 -4.96048 -0.298517 15.4611
698.72 494.479 -3.10691 0.871677 15.508
247.24 211.408 -4.72511 -0.239565 14.5761
300.987 293.821 -4.81655 0.0101848 15.2007
390.567 222.157 -5.52094 -0.772445 17.9701
713.053 272.322 -3.04721 -0.164064 15.9175
899.379 182.742 -2.55262 -0.126208 13.7139
852.797 240.073 -2.62722 -0.0381434 14.0791
601.974 422.815 -3.82671 0.660311 17.4324
591.225 308.154 -4.22354 -0.243571 19.3989
1153.78 437.148 -2.33229 0.425789 12.9195
1064.2 530.311 -2.39689 0.596778 13.1045
1146.62 161.243 -2.29475 -0.00645289 13.0094
759.635 200.658 -2.84621 -0.391751 15.2975
673.638 89.5795 -3.28984 -1.1793 16.2178
928.044 343.985 -2.61859 0.273532 13.1265
200.658 487.313 -4.53076 0.704236 14.0691
85.9964 404.9 -4.49892 0.428191 13.524
89.5795 533.894 -4.5147 0.750834 13.5573
286.655 605.558 -4.32089 1.06101 14.1702
243.656 558.976 -4.39932 0.898823 14.056
576.892 204.241 -4.34951 -1.0788 18.9644
68.0805 128.995 -4.33403 -0.14165 13.2178
272.322 82.4132 -4.57947 -0.662509 14.4501
128.995 268.739 -4.51063 0.091039 13.6616
1044.86 111.795 -2.45786 -0.0901409 13.0128
202.091 481.58 -4.68726 0.702134 14.309
240.79 176.293 -4.68483 -0.329276 14.4535
580.475 266.589 -4.76599 -0.899676 21.9744
773.967 103.196 -2.83477 -0.59687 14.5806
713.77 103.196 -3.07331 -0.988422 15.8687
847.064 146.194 -2.63299 -0.333446 14.2008
795.466 546.077 -2.76906 0.817194 14.0673
829.865 541.777 -2.7005 0.75924 13.9003
877.163 537.477 -2.62738 0.702263 13.6068
249.389 421.382 -4.34036 0.505792 13.963
279.488 365.485 -4.31077 0.327823 14.0625
184.892 511.678 -4.73206 0.801079 14.2864
761.068 197.792 -2.85717 -0.432122 15.593
739.569 141.894 -2.91719 -0.681257 15.3935
223.591 219.291 -4.6291 -0.14684 14.2881
692.271 399.883 -3.14429 0.455365 15.8409
726.669 236.49 -3.00528 -0.345262 15.9354
335.386 348.285 -4.36296 0.272761 14.5709
305.287 283.788 -4.82032 -0.0203672 15.2516
636.373 331.086 -3.59943 0.0804525 17.4271
636.373 309.587 -3.6083 -0.106957 17.602
670.772 257.989 -3.37246 -0.353623 17.0146
1160.95 412.783 -2.32203 0.378104 12.9218
1083.55 571.876 -2.41332 0.633307 12.9374
804.066 365.485 -2.69155 0.296876 14.752
816.965 593.375 -2.72945 0.922058 14.0167
1148.05 159.093 -2.29514 -0.0113437 13.0081
1126.55 206.391 -2.3052 0.0484875 13.0573
1173.85 90.2962 -2.24864 -0.135563 13.0157
1105.05 111.795 -2.26247 -0.148617 13.2592
124.695 477.28 -4.5201 0.635775 13.6843
85.9964 404.183 -4.50347 0.431631 13.527
249.389 490.179 -4.37948 0.704757 14.0392
240.79 558.976 -4.39241 0.894769 14.0333
464.38 176.293 -5.02006 -1.13764 18.1195
558.976 202.091 -4.39073 -1.04054 18.6338
632.073 81.6965 -3.54241 -1.22438 16.231
477.28 266.589 -6.99256 -1.20156 25.0591
503.079 283.788 -6.96024 -1.12151 26.9312
240.79 103.196 -4.63875 -0.553731 14.3806
975.199 407.623 -2.56971 0.384176 13.0066
970.039 392.143 -2.57993 0.352842 12.9757
185.752 510.818 -4.22133 0.693997 13.4843
665.612 541.777 -3.28348 1.17117 16.019
846.204 557.256 -2.66502 0.752031 13.746
820.405 278.628 -2.6946 0.0502306 14.0307
784.287 252.829 -2.83397 0.0463506 13.7259
892.642 479.86 -2.59067 0.551472 13.5902
252.829 345.705 -4.38964 0.272845 14.0321
252.829 325.066 -3.99881 0.240956 13.3176
299.267 232.19 -4.92762 -0.28568 15.4015
1026.8 283.788 -2.4974 0.198029 12.9288
423.102 227.03 -6.02327 -1.0976 20.156
500.499 407.623 -3.72849 0.455662 14.3688
624.334 428.262 -3.67481 0.702521 17.4272
469.54 232.19 -5.84542 -1.14599 20.9348
464.38 237.35 -5.81722 -1.15662 20.9395
964.879 614.014 -2.43365 0.829515 13.5298
1073.23 593.375 -2.41168 0.686947 13.0183
1171.27 536.617 -2.1842 0.604973 13.1772
1068.07 536.617 -2.403 0.588945 13.0286
743.009 376.664 -2.88175 0.344393 15.8412
779.127 603.694 -2.81965 0.976986 14.1203
1124.83 206.391 -2.31083 0.0544471 13.0305
1135.15 314.747 -2.32929 0.230168 12.9767
1078.39 319.906 -2.44037 0.260367 12.8972
639.813 216.711 -3.77281 -0.958072 18.8828
712.05 103.196 -3.06881 -0.904793 15.5689
882.323 123.835 -2.57468 -0.308484 13.8187
717.21 314.747 -3.02999 0.000132711 15.7248
696.571 309.587 -3.12972 0.0512215 15.6434
588.215 485.02 -4.28711 1.37245 19.5326
165.113 361.185 -4.62842 0.298913 14.0076
247.67 423.102 -4.38664 0.492154 14.0345
103.196 588.215 -4.61447 0.924697 13.7832
103.196 536.617 -4.62524 0.779055 13.7204
402.463 165.113 -5.35384 -1.11332 17.6843
103.196 134.154 -4.27953 -0.150787 13.2551
340.546 211.551 -4.77868 -0.394037 15.4002
283.788 154.793 -4.71618 -0.496842 14.8038
278.628 149.634 -4.88831 -0.566813 15.1736
180.592 309.587 -4.55881 0.174672 13.957
608.854 206.391 -3.94913 -0.993449 18.5714
427.23 229.094 -6.5042 -1.25505 21.5466
681.091 365.313 -3.17749 0.285267 15.6992
253.861 340.546 -4.39248 0.267183 14.0257
699.666 272.436 -3.12751 -0.240267 16.7472
749.2 377.696 -2.90706 0.342803 16.3824
773.967 179.56 -2.80835 -0.498983 15.4711
854.46 204.327 -2.63475 -0.122509 13.9122
953.528 427.23 -2.60324 0.415009 13.028
303.395 210.519 -4.88953 -0.368304 15.3417
365.313 179.56 -5.51335 -0.990175 17.4742
1027.83 470.572 -2.46857 0.478992 13.0245
1052.6 458.189 -2.44501 0.447019 12.9671
1157.86 414.846 -2.33938 0.384262 12.8484
736.817 439.613 -2.9713 0.629075 15.6724
891.61 476.764 -2.59292 0.561121 13.5906
699.666 594.407 -3.09625 1.25279 15.2622
885.419 563.448 -2.61153 0.735733 13.4992
773.967 594.407 -2.8296 1.06619 14.6215
798.734 551.065 -2.76117 0.832363 14.0664
1126.9 204.327 -2.31189 0.0502757 13.0069
1120.7 117.643 -2.30395 -0.128724 13.1
928.761 334.354 -2.61902 0.273882 13.1162
1034.02 284.82 -2.48789 0.185324 13.0302
941.144 260.053 -2.6212 0.138018 13.0614
1095.94 272.436 -2.41928 0.188003 12.9048
749.2 185.752 -2.89544 -0.487435 15.4147
699.666 309.587 -3.23191 -0.0699028 17.4018
879.227 266.245 -2.64477 0.125369 13.3069
612.982 501.531 -3.50109 1.01575 16.0289
334.354 390.08 -4.15749 0.389413 14.0584
130.027 538.681 -4.67541 0.820807 13.9376
458.189 173.369 -5.07632 -1.16783 18.192
402.463 167.177 -5.50516 -1.22053 18.1348
637.749 216.711 -3.69863 -0.864539 18.2024
563.448 198.136 -4.34993 -1.03461 18.4812
185.752 304.634 -4.52497 0.16249 13.9047
208.042 260.053 -5.00772 -0.142706 14.8004
683.568 371.504 -3.21327 0.305504 16.0499
1047.64 222.903 -2.46282 0.112753 12.954
1040.21 208.042 -2.47247 0.0473241 12.961
572.117 356.644 -4.04608 0.274944 18.104
624.127 423.515 -3.47388 0.603383 16.1008
698.428 267.483 -3.11948 -0.203398 16.2476
653.848 260.053 -3.49811 -0.448904 17.4309
750.439 185.752 -2.87211 -0.391994 14.7308
980.771 393.795 -2.54651 0.382724 12.985
899.04 505.246 -2.62463 0.586692 13.3096
713.288 549.826 -3.04226 1.13599 15.6835
661.278 542.396 -3.3248 1.18253 16.1641
1129.37 200.612 -2.3185 0.0209412 13.0597
1084.79 148.602 -2.39119 -0.0344513 13.0696
653.848 334.354 -3.46427 0.0973609 17.3069
616.697 572.117 -3.67251 1.69688 17.4497
297.203 475.526 -4.29801 0.65536 14.1839
297.203 416.085 -4.21879 0.464923 14.0122
200.612 482.956 -4.5914 0.6819 14.0449
178.322 512.676 -4.60173 0.774666 13.9807
631.557 215.473 -3.77994 -0.968896 18.7395
557.256 200.612 -4.37505 -1.05981 18.5824
274.913 222.903 -4.81416 -0.254502 14.9392
326.924 148.602 -4.97259 -0.708324 15.7855
282.343 156.032 -4.9212 -0.570477 15.226
163.462 289.773 -4.59704 0.120417 13.8601
472.554 267.483 -6.01358 -0.98325 21.8384
606.295 205.07 -4.42444 -1.3647 21.2322
633.043 517.134 -3.68023 1.35003 17.8663
1087.76 543.882 -2.39755 0.591893 13.0087
740.037 410.141 -2.96658 0.461986 15.2312
775.701 427.973 -2.79283 0.560374 15.2306
713.288 543.882 -3.0314 1.05977 15.2755
713.288 499.302 -3.03159 0.835056 15.1954
998.604 178.322 -2.53467 -0.0141997 12.984
1043.18 205.07 -2.47027 0.0439938 12.9359
1087.76 169.406 -2.39626 -0.0195233 13.0333
936.191 267.483 -2.63662 0.146754 13.0024
1096.68 285.315 -2.41846 0.19746 12.8872
1025.35 276.399 -2.48597 0.200006 12.9995
686.54 169.406 -3.17121 -0.595123 16.0478
864.862 205.07 -2.61374 -0.116095 14.0387
820.282 276.399 -2.71324 0.0606881 14.1634
205.07 436.889 -4.55158 0.542537 14.0701
169.406 410.141 -4.73975 0.495384 14.205
285.315 419.057 -4.29468 0.464031 14.0817
213.987 543.882 -4.5218 0.846293 14.0453
222.903 472.554 -4.43937 0.650117 14.024
169.406 517.134 -4.7955 0.813603 14.3495
454.721 169.406 -5.13237 -1.21024 18.2945
401.225 169.406 -5.48916 -1.21168 18.0693
570.631 320.98 -4.14873 -0.0909315 18.1453
579.547 294.231 -4.21668 -0.34295 18.718
338.812 356.644 -4.79124 0.286776 15.7524
312.064 338.812 -4.25964 0.253319 14.0883
