276 686 -2 0.0470765 4.95842
607.2 547.2 -2.11111 -0.0771637 6.65349
1881.6 657.6 0.249019 -0.312864 4.42291
498 242.4 -2.15701 -0.858167 5.94654
1332 283.2 0.068265 -1.20937 8.05149
1178.4 536.4 -0.37612 -0.163042 9.22958
1171.2 147.6 -0.572608 -3.34801 15.031
1760.4 477.6 0.219265 -0.507215 4.69104
1621.2 238.8 0.214758 -0.921222 5.31455
1833.6 746.4 0.259265 -0.195116 4.51897
1781.28 544.32 0.230412 -0.420609 4.64338
1622.88 220.32 0.217848 -0.946588 5.32667
1765.44 604.8 0.233704 -0.343607 4.67538
1880.64 658.08 0.249019 -0.312864 4.42291
406.08 865.44 -2.02503 0.516286 5.46352
1206.72 27.36 -0.455401 -2.78419 10.0515
1713.6 482.4 0.216 -0.498749 4.82291
498.24 240.48 -2.14165 -0.864439 5.91517
1084.32 64.8 -1.02302 -2.35768 9.34606
1545.12 269.28 0.208361 -0.930744 5.75008
456.48 420.48 -2.04069 -0.424686 5.59211
1850.69 172.8 0.210534 -0.861625 4.53701
1819.58 435.456 0.228922 -0.556156 4.57492
544.32 727.488 -2.2886 0.483865 6.67897
660.096 580.608 -2.37727 0.148125 7.81919
620.352 616.896 -2.12697 0.140034 6.83361
725.76 544.32 -2.13843 -0.0192938 7.8707
737.856 152.064 -2.38178 -1.65461 8.45648
571.968 701.568 -2.19412 0.389885 6.63861
1629.5 162.432 0.209791 -1.03892 5.29085
782.784 497.664 -2.14528 -0.178739 8.66886
857.088 438.912 -2.31124 -0.483199 10.8939
919.296 432 -1.90124 -0.558437 10.7309
1584.58 521.856 0.237356 -0.421867 5.42733
1632.96 139.968 0.211698 -1.08107 5.29547
1880.06 658.368 0.248737 -0.311142 4.42614
1842.05 141.696 0.209212 -0.901411 4.55966
1762.56 387.072 0.217325 -0.626698 4.70774
1836.86 552.96 0.232262 -0.420587 4.51061
445.824 825.984 -2.09846 0.523348 5.75191
1598.4 412.992 0.231353 -0.617194 5.40296
1800.58 404.352 0.222776 -0.593994 4.61624
1840.32 744.768 0.253352 -0.202394 4.49121
1332.29 283.392 0.0502161 -1.17193 7.81796
1689.98 385.344 0.200456 -0.638572 4.90207
1676.16 350.784 0.19183 -0.687308 4.95853
1729.73 642.816 0.23301 -0.282365 4.75178
1764.29 604.8 0.235416 -0.344953 4.67552
473.472 319.68 -2.08619 -0.64746 5.72671
471.744 300.672 -2.08371 -0.686276 5.69637
497.664 241.92 -2.10494 -0.847526 5.83728
1626.05 599.616 0.213957 -0.309084 5.1029
783.821 497.664 -2.22493 -0.174904 8.97984
1157.07 499.738 -0.467517 -0.306786 9.93402
1389.31 717.466 0.197771 0.204521 6.77431
1627.78 599.271 0.22577 -0.309038 5.14087
1710.72 329.702 0.201372 -0.711585 4.85608
1762.56 387.763 0.216929 -0.626189 4.70771
1828.92 51.84 0.20306 -1.02235 4.60988
1855.87 176.256 0.218325 -0.857388 4.53685
1298.07 172.109 -0.0431705 -1.73857 8.69035
1302.22 138.931 -0.0283815 -1.90087 8.69629
1710.72 489.37 0.210461 -0.486325 4.8194
1733.53 354.586 0.210676 -0.669691 4.80321
1833.06 566.093 0.230902 -0.405397 4.50616
1837.21 551.578 0.233844 -0.422885 4.51024
1839.28 748.57 0.254918 -0.20005 4.49934
412.646 70.5024 -2.09812 -1.12094 5.42585
408.499 68.4288 -2.10815 -1.12892 5.44711
719.539 580.608 -2.16441 0.11962 7.90932
1223.42 39.3984 -0.382575 -2.67386 9.89535
1625.7 199.066 0.213262 -0.982387 5.3054
1629.85 161.741 0.212363 -1.03812 5.30258
1764.63 605.491 0.234591 -0.343719 4.67544
485.222 159.667 -2.1679 -1.03489 5.89118
1828.92 87.0912 0.203924 -0.982076 4.60601
1878.68 659.405 0.261924 -0.307549 4.45737
1293.93 60.1344 -0.10388 -2.21829 8.71813
1737.68 244.685 0.197164 -0.820999 4.78654
1789.52 371.174 0.217177 -0.643073 4.6441
489.37 85.0176 -2.16444 -1.20939 5.88028
402.278 866.765 -2.02955 0.518764 5.46186
690.509 758.938 -1.70639 0.430489 6.34454
1150.85 340.07 -0.597329 -1.75358 16.2169
1159.14 165.888 -0.699313 -3.38554 16.0772
1679.62 242.611 0.195728 -0.857336 4.99775
1870.39 238.464 0.235473 -0.785425 4.53039
607.565 659.405 -2.09135 0.25772 6.65962
617.103 689.265 -2.08223 0.348511 6.71084
918.19 435.456 -1.80115 -0.509477 10.1121
918.19 430.479 -1.95637 -0.570022 11.0546
1699.52 472.781 0.216996 -0.510473 4.88824
1734.36 353.341 0.210816 -0.668556 4.80321
1754.27 400.62 0.210493 -0.604441 4.71637
1764.22 385.69 0.217083 -0.623334 4.70919
1766.71 415.549 0.21963 -0.584455 4.69393
1766.71 355.83 0.216976 -0.658424 4.71713
1801.54 405.596 0.221966 -0.590241 4.6169
1838.87 552.407 0.234406 -0.421705 4.51028
1836.38 552.407 0.233547 -0.420597 4.5102
771.379 507.617 -2.20918 -0.13587 8.74839
1779.15 320.993 0.224656 -0.704657 4.71143
1841.36 746.496 0.25555 -0.198326 4.50038
1833.89 744.008 0.255358 -0.19908 4.51216
1585.06 520.059 0.239502 -0.425519 5.44454
1570.13 154.276 0.179283 -1.1154 5.55102
1833.89 435.456 0.23215 -0.557948 4.54634
1179.46 534.989 -0.372846 -0.16526 9.17472
1159.56 500.152 -0.458474 -0.30193 9.76102
1759.24 480.246 0.221929 -0.505432 4.70253
1776.66 562.36 0.220927 -0.395406 4.62771
1828.92 84.6029 0.205951 -0.979141 4.59762
1684.59 306.063 0.193821 -0.756154 4.94468
1736.85 246.344 0.19618 -0.819729 4.78645
1858.78 557.384 0.238788 -0.413558 4.47171
1293.93 62.208 -0.0933673 -2.26834 8.82501
1871.22 236.39 0.239661 -0.792257 4.53802
457.851 418.038 -2.05804 -0.428409 5.62814
485.222 410.573 -2.07308 -0.452563 5.76103
159.253 1027.68 -2.19309 0.687188 4.96545
853.992 438.94 -2.37092 -0.493823 11.1
1236.2 468.8 -0.0628246 -0.511537 10.4368
1340.71 226.935 0.0370355 -1.35515 7.69043
1513.89 498.659 0.219196 -0.455707 5.83982
1690.07 388.178 0.200505 -0.636198 4.90105
1797.56 409.08 0.223651 -0.591071 4.61677
1860.27 194.089 0.215008 -0.832222 4.50963
746.496 292.626 -2.30549 -1.0709 8.48535
1567.64 534.491 0.24036 -0.397431 5.53218
1582.57 519.561 0.239238 -0.426385 5.44396
1776.66 546.435 0.250945 -0.426021 4.70293
1761.73 606.155 0.235299 -0.341793 4.67472
1839.37 615.113 0.242751 -0.356017 4.50611
421.024 241.865 -2.07682 -0.784995 5.47391
486.715 86.5936 -2.16485 -1.20863 5.87673
716.636 579.281 -2.16616 0.116307 7.89864
680.805 185.131 -2.44826 -1.40247 7.97337
1068.98 68.6776 -1.301 -3.12804 12.1407
1077.94 98.5375 -1.37698 -3.42221 13.914
1615.42 274.711 0.219103 -0.8674 5.33334
1696.04 325.472 0.19175 -0.721883 4.8754
1776.66 704.692 0.255619 -0.224104 4.66827
1776.66 325.472 0.226468 -0.708003 4.71082
1782.63 600.183 0.232977 -0.35251 4.62193
1549.73 301.584 0.236555 -0.861488 5.76053
1567.64 155.271 0.187211 -1.12707 5.5891
1764.72 358.318 0.216721 -0.663174 4.7111
483.729 194.089 -2.16358 -0.964684 5.89758
429.982 194.089 -2.06677 -0.881246 5.45492
659.903 582.267 -2.27963 0.122448 7.52606
1292.93 62.7057 -0.0963257 -2.27767 8.92788
1710.97 486.715 0.21176 -0.489005 4.8195
1857.28 558.379 0.243422 -0.416704 4.48388
606.155 659.903 -2.08804 0.254384 6.63876
304.57 952.529 -1.94942 0.535032 5.00412
456.856 418.038 -2.04583 -0.439673 5.60732
1712.76 487.313 0.2139 -0.49277 4.82118
1712.76 483.73 0.212967 -0.49349 4.82109
781.134 487.313 -2.33848 -0.219256 9.42691
1565.85 347.569 0.223513 -0.764833 5.62009
1684.1 408.483 0.205771 -0.606424 4.92488
1669.76 397.733 0.202476 -0.633169 4.97736
1773.67 558.976 0.221978 -0.400414 4.62805
1777.26 544.644 0.234353 -0.420259 4.6597
1766.51 415.649 0.218823 -0.582845 4.69008
1809.51 429.982 0.227465 -0.563764 4.58987
444.315 261.572 -2.0924 -0.767058 5.60463
483.73 408.483 -2.06038 -0.452286 5.71645
1078.54 68.0805 -1.206 -3.02115 11.6638
1146.62 329.653 -0.641788 -1.91229 17.0533
1691.26 383.4 0.200697 -0.638767 4.89629
1748.59 465.814 0.22405 -0.517651 4.74561
1784.42 598.391 0.232972 -0.35251 4.62191
1841.76 745.302 0.253175 -0.199455 4.4884
1798.76 404.9 0.221029 -0.598714 4.6354
487.313 85.9964 -2.12992 -1.18633 5.77848
408.483 68.0805 -2.11309 -1.12922 5.46429
128.995 143.327 -2.1573 -0.816892 4.76934
738.135 146.91 -2.4446 -1.70962 8.67384
659.305 580.475 -2.30269 0.126539 7.60193
1289.95 283.071 -0.0227563 -1.27899 8.60237
1336.53 279.488 0.0507175 -1.17174 7.81234
1071.37 68.0805 -1.34124 -3.24662 12.5089
1676.93 447.898 0.215595 -0.549762 4.97489
1630.35 157.66 0.20916 -1.03642 5.28795
1762.93 605.558 0.23184 -0.339763 4.67492
1834.59 555.393 0.234722 -0.420745 4.51029
1512.1 498.062 0.223108 -0.460207 5.85521
616.307 687.971 -2.07283 0.345873 6.67526
605.558 659.305 -2.09971 0.250447 6.66227
727.386 537.477 -2.14567 -0.0301298 7.90678
1780.12 546.077 0.233903 -0.423003 4.6594
743.869 292.388 -2.26754 -1.04944 8.27417
1165.25 361.185 -0.477511 -1.14332 11.8395
1148.05 326.786 -0.637492 -1.83769 15.8971
1685.53 412.783 0.204779 -0.603741 4.92601
1767.23 421.382 0.21621 -0.578883 4.69282
1337.24 279.488 0.0361879 -1.16144 7.65716
1298.55 223.591 -0.00494681 -1.59229 8.82818
472.98 262.289 -2.11535 -0.795732 5.76593
791.167 434.282 -2.59295 -0.458108 10.58
718.07 576.176 -2.21052 0.117566 8.02598
1173.85 116.095 -0.655799 -3.81336 15.7459
1827.42 528.878 0.236092 -0.445538 4.54763
1750.03 464.38 0.21949 -0.529147 4.73046
1569.43 533.177 0.238172 -0.397158 5.5319
1762.93 606.274 0.233305 -0.343686 4.67528
1836.02 554.677 0.232581 -0.419763 4.50985
1827.42 739.569 0.24514 -0.205194 4.51059
1629.63 597.675 0.224643 -0.310781 5.13578
614.874 687.971 -2.05442 0.3362 6.60548
726.669 537.477 -2.10802 -0.0542452 7.7765
490.179 237.35 -2.12604 -0.856666 5.87059
485.02 237.35 -2.09381 -0.846562 5.77248
1289.95 283.788 -0.0149269 -1.31533 8.86499
1289.95 278.628 -0.0270868 -1.30558 8.64766
758.488 288.948 -2.3233 -1.13876 8.73663
1295.11 221.871 -0.0244952 -1.55113 8.64977
1336.38 278.628 0.0556858 -1.19248 7.89889
614.014 681.091 -2.09559 0.339673 6.74866
603.694 655.292 -2.11673 0.248953 6.68841
1542.77 288.948 0.211386 -0.881772 5.72514
1547.93 257.989 0.202956 -0.926992 5.71452
1563.41 531.458 0.234357 -0.401323 5.50516
1676.93 448.901 0.211039 -0.548628 4.95152
1336.38 227.03 0.0585003 -1.38523 7.93827
1537.61 350.865 0.219623 -0.75174 5.80072
1537.61 319.906 0.217022 -0.826108 5.79274
1682.09 412.783 0.205067 -0.601163 4.91669
448.901 263.149 -2.08177 -0.763697 5.58833
423.102 237.35 -2.07682 -0.784995 5.47391
660.452 577.896 -2.31882 0.130487 7.62974
1233.19 459.221 -0.0808277 -0.550448 10.3199
1666.61 392.143 0.202776 -0.629964 4.97706
1584.05 510.818 0.241195 -0.440712 5.44253
1774.96 552.097 0.229499 -0.409639 4.64039
1625.33 593.375 0.222115 -0.312306 5.11462
1284.79 299.267 -0.0330532 -1.27595 8.9224
1160.95 500.499 -0.443823 -0.298438 9.76044
304.427 944.24 -1.95002 0.523833 5.01121
730.625 272.436 -2.24796 -1.08353 7.97582
1009.25 117.643 -1.88515 -3.12701 13.2888
130.027 136.218 -2.15806 -0.819818 4.77003
117.643 117.643 -2.16456 -0.8573 4.77152
445.805 266.245 -2.03022 -0.734218 5.48998
780.159 482.956 -2.12924 -0.227998 8.51122
1337.42 229.094 0.0462726 -1.35087 7.79731
1294.07 222.903 -0.0181224 -1.55355 8.71317
1560.32 526.298 0.235845 -0.401515 5.50507
1585.09 507.723 0.235209 -0.452844 5.44582
1677.96 445.805 0.204528 -0.553311 4.92976
1263.11 532.49 0.0161876 -0.260702 9.3054
1777.03 551.065 0.230581 -0.418822 4.64973
489.147 235.286 -2.13915 -0.864045 5.90846
482.956 204.327 -2.1496 -0.939715 5.87306
482.956 142.41 -2.15923 -1.06166 5.8611
1331.22 278.628 0.0436157 -1.24561 7.89413
1510.78 495.339 0.216343 -0.460053 5.87008
773.967 507.723 -2.24982 -0.124719 8.91146
842.076 433.422 -1.61382 -0.451617 7.49196
1009.25 160.985 -2.11275 -3.36352 16.0098
1628.43 594.407 0.228028 -0.320638 5.17731
1281.69 538.681 0.0783964 -0.199569 9.09878
1287.88 204.327 -0.0513647 -1.61708 8.68632
1164.05 501.531 -0.426266 -0.29884 9.70191
421.038 235.286 -2.07721 -0.799051 5.45683
303.395 941.144 -1.94313 0.513813 4.99314
772.729 490.386 -2.38377 -0.109725 9.35072
1560.32 527.536 0.201727 -0.413827 5.38839
438.375 148.602 -1.97953 -0.976888 5.36278
609.267 676.138 -2.10895 0.32763 6.75397
594.407 653.848 -2.0965 0.236169 6.60764
705.858 572.117 -2.22638 0.103266 8.03889
713.288 557.256 -2.29508 0.0517622 8.23674
795.019 430.945 -2.60864 -0.471574 10.727
1263.11 534.966 -0.0510942 -0.230039 8.66591
1329.99 274.913 0.0528464 -1.21033 7.90882
1545.46 252.623 0.209837 -0.939756 5.76986
1582.61 505.246 0.236027 -0.441886 5.44388
839.6 430.945 -2.56286 -0.521285 11.5603
772.729 475.526 -2.14761 -0.256363 8.48499
1225.96 445.805 -0.0952381 -0.60043 10.482
1515.74 490.386 0.210646 -0.462225 5.81918
1768.36 549.826 0.234897 -0.420316 4.67428
1627.19 594.407 0.222212 -0.313598 5.13053
1708.92 482.956 0.216276 -0.496099 4.81975
1760.93 423.515 0.219995 -0.572631 4.71477
728.148 520.106 -2.18679 -0.0813488 8.09466
757.869 282.343 -2.28268 -1.12294 8.54053
1166.52 505.246 -0.42942 -0.300332 9.80234
