590 212 -0.896007 -0.932082 3.37393
1248 382 0.139259 -0.785044 3.80379
1731 331 0.480867 -0.651154 2.8739
1891.2 706.8 0.358311 -0.273668 2.45024
1215.6 854.4 0.115408 0.0533192 3.9689
1215.6 818.4 0.121117 -0.00257993 4.00061
1687.2 28.8 0.46627 -1.00326 2.9227
1501.92 725.76 0.437672 -0.209358 3.43969
102.24 540 -1.68852 -0.443848 3.52282
90.72 541.44 -1.68423 -0.440687 3.49024
144 421.92 -1.67457 -0.64367 3.57007
324 907.2 -1.80687 0.30145 4.52059
802.08 305.28 -0.510941 -0.682732 2.95617
799.2 292.32 -0.520842 -0.708653 2.99232
1068.48 853.92 -0.113413 0.183055 4.85588
1333.44 178.56 0.202591 -1.01518 3.42913
596.16 473.76 -1.24671 -0.704306 4.56582
110.88 426.24 -1.66117 -0.615598 3.47546
87.84 535.68 -1.64277 -0.446964 3.42067
799.2 277.92 -0.531676 -0.750365 3.07643
1334.88 237.6 0.198679 -0.918181 3.40461
1329.12 227.52 0.19918 -0.94842 3.46418
1730.88 331.2 0.481302 -0.650244 2.874
810.72 339.84 -0.475291 -0.606541 2.80178
145.44 524.16 -1.65588 -0.479714 3.57393
269.28 1013.76 -2.28898 0.734273 5.21395
590.4 211.68 -0.911827 -0.945938 3.4229
590.4 165.6 -1.33837 -1.49616 4.68808
707.04 275.04 -0.938986 -1.10467 4.27887
1019.52 760.32 -0.239377 -0.0524283 4.74119
1303.2 276.48 0.188636 -0.908573 3.57247
1452.96 692.64 0.349821 -0.256008 3.36691
109.44 463.68 -1.65399 -0.560443 3.47642
252 986.4 -1.7914 0.405352 4.21707
1660.32 118.08 0.460771 -0.923558 2.97163
592.704 216 -0.932324 -0.964768 3.48216
590.976 216 -1.42564 -1.45326 4.97018
141.696 423.36 -1.69433 -0.64466 3.59669
791.424 252.288 -0.702405 -1.06815 3.99082
806.976 314.496 -0.457778 -0.602898 2.67973
91.584 432 -1.6584 -0.604005 3.43543
800.064 316.224 -0.465895 -0.604046 2.67917
1332.29 190.08 0.200058 -0.990581 3.42741
1342.66 210.816 0.198595 -0.948254 3.37472
1347.84 273.024 0.210519 -0.853798 3.38282
103.68 476.928 -1.65805 -0.539393 3.47492
1318.46 193.536 0.18467 -1.00569 3.45572
1168.13 34.56 0.0474394 -1.65656 4.31078
1501.63 725.76 0.412336 -0.217455 3.34758
1339.2 378.432 0.191472 -0.698603 3.35988
622.08 214.272 -1.16127 -1.27379 4.39365
88.128 535.68 -1.64416 -0.441186 3.43033
77.76 480.384 -1.63286 -0.521584 3.3722
1019.52 760.32 -0.240151 -0.0531217 4.6968
1097.28 910.656 -0.117432 0.113923 3.73463
97.4592 534.989 -1.66506 -0.448135 3.47601
808.704 317.261 -0.474964 -0.631707 2.79278
1335.4 188.698 0.197709 -0.992252 3.41489
1304.29 584.755 0.20016 -0.417636 3.64025
1325.03 186.624 0.181933 -0.998572 3.42788
1335.4 184.55 0.197666 -0.998874 3.4121
1306.37 441.677 0.177882 -0.635263 3.53085
593.05 215.654 -0.929026 -0.961492 3.4715
794.189 250.906 -0.444235 -0.606833 2.49571
787.968 246.758 -0.730014 -1.11348 4.10722
810.778 340.07 -0.487678 -0.621591 2.86539
827.367 311.04 -0.473599 -0.674812 2.94195
105.754 493.517 -1.66425 -0.51536 3.48621
767.232 153.446 -0.850107 -1.45756 4.48529
798.336 277.862 -0.463664 -0.624937 2.63637
1300.15 360.806 0.174417 -0.762984 3.54434
1314.66 219.802 0.186498 -0.965844 3.49707
1497.14 580.608 0.396164 -0.411262 3.32486
1501.29 725.76 0.404281 -0.214943 3.34064
1517.88 580.608 0.389885 -0.405325 3.2222
1163.29 93.312 0.040416 -1.53518 4.33382
1148.77 72.576 0.0159851 -1.5743 4.33666
1165.36 62.208 0.0369541 -1.58502 4.2854
1329.18 228.096 0.198778 -0.94438 3.44319
622.08 213.581 -1.35963 -1.47373 5.01753
590.976 165.888 -1.38477 -1.54076 4.81264
145.152 524.621 -1.66361 -0.483576 3.58747
1492.99 674.335 0.400604 -0.280217 3.36899
1333.74 189.112 0.208454 -1.01312 3.47287
796.263 248.832 -0.568726 -0.856451 3.27831
788.798 246.344 -0.716138 -1.09137 4.02548
801.239 301.087 -0.503471 -0.682092 2.91897
94.5562 430.479 -1.63797 -0.601256 3.40442
89.5795 427.991 -1.67466 -0.610083 3.45803
873.4 460.339 -0.437856 -0.535654 3.14867
1497.97 579.779 0.416755 -0.411098 3.37218
1517.88 579.779 0.412566 -0.41172 3.28975
1316.32 218.972 0.186314 -0.969881 3.48095
622.08 171.694 -1.20967 -1.4237 4.51577
589.732 211.507 -1.26995 -1.29475 4.46974
144.323 525.036 -1.44613 -0.451323 3.24749
97.0445 534.989 -1.66431 -0.44867 3.47178
141.834 423.014 -1.63428 -0.632762 3.50876
768.891 303.575 -0.626593 -0.794236 3.35546
1306.37 584.755 0.189305 -0.414405 3.54716
591.225 164.229 -1.12966 -1.25643 4.04827
704.692 277.697 -1.2547 -1.45232 5.56148
704.692 274.711 -0.716213 -0.825238 3.32937
827.118 310.542 -0.575103 -0.858506 3.65176
797.258 325.472 -0.541201 -0.707798 3.11446
791.286 316.514 -0.521316 -0.668724 2.9562
600.183 343.388 -1.22169 -0.973603 4.42791
800.244 292.626 -0.582949 -0.821548 3.40113
1304.88 274.711 0.177812 -0.894623 3.52441
1313.83 194.089 0.181618 -1.00326 3.49026
1146.62 71.6636 0.00826662 -1.5712 4.33715
1164.53 59.7197 0.0465681 -1.60016 4.31271
1322.79 394.15 0.197033 -0.691946 3.4789
1337.72 376.234 0.196369 -0.706251 3.39491
146.313 519.561 -1.62156 -0.476137 3.51436
98.5375 534.491 -1.66431 -0.44867 3.47178
140.341 424.01 -1.67724 -0.644603 3.57962
92.5655 429.982 -1.65173 -0.605287 3.42291
770.384 304.57 -0.62177 -0.784274 3.33059
791.286 217.977 -0.67598 -1.07699 3.79535
1494.19 673.638 0.40009 -0.27783 3.36122
591.225 211.408 -1.34447 -1.36576 4.68561
809.799 343.985 -0.483019 -0.611374 2.85613
802.633 315.32 -0.446692 -0.578408 2.56622
809.799 361.901 -0.514196 -0.632121 3.04738
791.883 318.903 -0.521316 -0.668724 2.9562
784.717 164.826 -0.921995 -1.69224 5.14867
770.384 154.077 -0.881417 -1.53101 4.68422
1150.2 78.83 0.00826662 -1.5712 4.33715
1336.53 376.234 0.206294 -0.729621 3.47673
619.89 171.993 -1.46247 -1.70041 5.29719
591.225 168.41 -1.32518 -1.48242 4.64666
591.225 329.653 -1.22453 -0.99054 4.38168
827.715 308.154 -0.509677 -0.750056 3.21552
143.327 515.978 -1.49247 -0.466491 3.32382
96.7459 533.894 -1.67358 -0.454857 3.48501
139.744 422.815 -1.69461 -0.641905 3.598
93.1627 429.982 -1.67449 -0.60896 3.45614
784.717 214.991 -0.562897 -0.849498 3.12431
1304.28 584.059 0.181697 -0.419253 3.54094
1289.95 372.651 0.173759 -0.749913 3.60806
808.366 318.187 -0.421919 -0.547558 2.44977
597.675 365.485 -1.53119 -1.12546 5.46999
619.174 180.592 -1.29981 -1.51634 4.80722
1324.34 391.283 0.186087 -0.692153 3.44558
1337.24 374.084 0.221742 -0.739188 3.53557
1320.04 399.883 0.219714 -0.714646 3.66632
1307.14 438.581 0.174387 -0.64389 3.54436
1732.83 309.587 0.449247 -0.648095 2.81292
1513.54 580.475 0.365603 -0.403856 3.16705
619.174 210.691 -1.24957 -1.35114 4.61062
589.075 210.691 -1.52984 -1.57342 5.28225
589.075 167.693 -1.07979 -1.20408 3.8927
597.675 339.686 -1.28674 -1.01184 4.61532
773.967 305.287 -0.585683 -0.745278 3.18674
146.194 515.978 -1.60778 -0.473882 3.48922
90.2962 429.982 -1.70485 -0.617449 3.50353
786.867 214.991 -0.575422 -0.901525 3.26514
1496.34 675.071 0.40009 -0.27783 3.36122
1332.94 180.592 0.209762 -1.00508 3.43962
773.967 154.793 -0.973852 -1.71244 5.24734
603.694 376.664 -1.85312 -1.29041 6.51582
588.215 330.226 -2.08239 -1.59294 7.04341
784.287 159.953 -0.553617 -0.901258 3.0658
799.766 299.267 -0.532077 -0.724545 3.06886
1320.9 392.143 0.182328 -0.687323 3.4281
1336.38 371.504 0.206294 -0.729621 3.47673
1496.34 675.931 0.387373 -0.275452 3.32734
1336.38 242.51 0.1932 -0.913161 3.38042
789.447 247.67 -0.518049 -0.750633 2.9445
784.287 216.711 -0.392417 -0.524891 2.1667
139.314 423.102 -1.63893 -0.632392 3.51726
98.0359 423.102 -1.42477 -0.564506 3.11102
98.0359 531.458 -1.66701 -0.454091 3.47639
820.405 381.824 -0.479185 -0.577536 2.91762
1300.27 577.896 0.197911 -0.422998 3.66291
588.215 170.273 -1.13918 -1.27036 4.07497
1728.53 309.587 0.483344 -0.670394 2.87301
600.599 235.286 -2.10654 -2.07151 7.20735
1492.21 544.873 0.406081 -0.462698 3.37359
619.174 204.327 -1.18339 -1.28525 4.37326
588.215 204.327 -1.27596 -1.32729 4.49683
588.215 167.177 -0.985697 -1.09355 3.5964
792.543 247.67 -0.73836 -1.14683 4.20479
786.351 216.711 -0.807085 -1.32833 4.51821
798.734 297.203 -0.581784 -0.814805 3.37228
792.543 266.245 -0.65499 -0.971368 3.74541
749.2 284.82 -0.791411 -1.00324 3.9905
600.599 377.696 -2.79838 -1.9226 9.53935
798.734 352.929 -0.411765 -0.489364 2.34452
792.543 321.97 -0.521862 -0.664806 2.95176
773.967 377.696 -0.459611 -0.503899 2.54265
551.065 643.941 -2.44391 -0.254244 7.83089
773.967 154.793 -0.892431 -1.57524 4.80998
136.218 421.038 -1.47915 -0.601757 3.2955
1727.5 321.97 0.487425 -0.672526 2.9019
1003.06 743.009 -0.313904 0.0723687 7.74171
383.888 897.802 -1.8245 0.346236 4.90494
787.589 252.623 -0.651739 -0.969625 3.69523
795.019 297.203 -0.51443 -0.704072 2.95843
802.449 349.214 -0.508084 -0.62331 2.9497
772.729 156.032 -0.678088 -1.12745 3.61716
616.697 178.322 -0.936807 -1.08166 3.59072
586.977 170.892 -0.930123 -1.029 3.43027
586.977 326.924 -1.06402 -0.890841 3.84857
594.407 237.763 -1.30892 -1.30194 4.65541
728.148 312.064 -0.67449 -0.764463 3.30506
698.428 237.763 -0.692159 -0.84169 3.19123
1500.88 579.547 0.397829 -0.40668 3.36256
594.407 438.375 -1.19347 -0.717815 4.31528
720.718 416.085 -0.697702 -0.618547 3.37061
854.46 423.515 -0.451198 -0.561059 3.07391
141.172 512.676 -1.49247 -0.466491 3.32382
141.172 416.085 -1.68279 -0.639977 3.57673
1723.78 319.494 0.457782 -0.650814 2.85933
