1422 286 0.0800475 -1.77446 9.81508
1645 351 -0.0274873 -1.4918 8.72144
1567 157 -0.0591897 -1.76649 8.90461
1714 124 -0.029992 -1.72834 8.61298
1665 119 -0.0428969 -1.75848 8.69153
1640 106 -0.0510784 -1.78659 8.73505
1709 37 -0.0413527 -1.82409 8.61791
1627 240 -0.0465687 -1.6284 8.74803
855 81 -1.4133 -3.24198 13.5015
63 699 -3.3075 -0.494787 11.069
1680 288 -0.02504 -1.55511 8.6581
1569 279 -0.0435532 -1.61321 8.90153
1274 736 -0.0659555 -0.81666 10.0615
1127 691 -0.0917532 -0.64343 12.1025
1686 1044 0.0315581 -0.722957 8.60475
430.8 710.4 -2.22233 -0.552827 10.9817
1532.4 252 0.110538 -1.75891 9.37983
1840.8 80.4 -0.0228464 -1.71056 8.41116
1153.2 736.8 -0.171083 -0.65756 10.9658
1290 576 -0.0895348 -1.16963 9.97057
1441.2 102 0.0576218 -2.10937 9.73087
1434 164.4 0.0682955 -1.99543 9.76823
1466.4 956.4 -0.00679951 -0.647833 9.10387
126 705.6 -3.20413 -0.457213 11.2133
1645.2 350.4 -0.0272228 -1.49158 8.72144
1664.4 118.8 -0.0417585 -1.75917 8.69428
1623.6 138 -0.0435801 -1.76401 8.78734
1639.2 105.6 -0.0510782 -1.78659 8.73505
1618.8 99.6 -0.0476462 -1.81284 8.79456
1687.2 150 -0.033458 -1.71338 8.65859
1664.4 75.6 -0.0457796 -1.8099 8.69556
1634.4 76.8 -0.0567847 -1.8238 8.744
1634.4 171.6 -0.0430417 -1.71104 8.75051
1702.8 265.2 -0.0268434 -1.57449 8.61547
1696.8 226.8 -0.0292495 -1.61958 8.62949
1676.4 78 -0.0501043 -1.79429 8.65851
1624.8 219.6 -0.0487287 -1.65207 8.7536
1118.4 676.8 -0.216788 -0.765508 11.4513
1090.08 632.16 -0.370768 -0.926411 11.1312
1081.44 619.2 -0.542034 -1.05017 9.84329
1442.88 76.32 0.0568014 -2.15514 9.73234
1529.28 252 0.106915 -1.75472 9.37904
1624.32 211.68 -0.0474017 -1.66421 8.7557
1632.96 41.76 -0.0526247 -1.87345 8.76615
1699.2 210.24 -0.0251243 -1.6388 8.63561
1753.92 691.2 0.013661 -1.11952 8.51837
558.72 691.2 -1.70614 -0.737843 10.3452
1693.44 237.6 -0.0333569 -1.60532 8.62015
413.28 740.16 -2.27001 -0.468876 11.0061
1440 100.8 0.0574077 -2.1091 9.73134
1647.36 528.48 -0.0168819 -1.28306 8.69522
1789.92 407.52 -0.00580071 -1.40607 8.47003
1804.32 380.16 -0.00636004 -1.43725 8.45424
125.28 705.6 -3.18467 -0.460115 11.1775
855.36 79.2 -1.4128 -3.236 13.4747
1654.56 444.96 -0.0069174 -1.38547 8.71879
1686.24 149.76 -0.0406467 -1.70793 8.64349
1684.8 122.4 -0.0463944 -1.73741 8.63846
1647.36 423.36 -0.0230608 -1.41153 8.70941
1689.12 41.76 -0.0419289 -1.83389 8.65476
1647.36 43.2 -0.0437707 -1.86566 8.74682
1692 167.04 -0.0333353 -1.68912 8.64631
1844.64 48.96 -0.0146244 -1.74441 8.42463
1645.92 64.8 -0.0503825 -1.83138 8.72889
1638.72 105.12 -0.0406856 -1.79395 8.76372
1660.32 102.24 -0.0458966 -1.77893 8.69931
1676.16 77.76 -0.0319877 -1.80918 8.70146
1637.28 213.12 -0.0435974 -1.65623 8.73247
1625.76 237.6 -0.046732 -1.63388 8.7492
1589.76 519.84 -0.0271495 -1.29183 8.81124
1216.8 836.64 -0.0955978 -0.508017 10.4055
1774.08 506.88 0.000469738 -1.30788 8.49213
1703.52 96.48 -0.0367281 -1.76351 8.62807
1618.56 282.24 -0.0241514 -1.59256 8.80826
1846.08 158.4 -0.0129006 -1.64047 8.40937
1257.12 888.48 -0.0689823 -0.469137 10.0812
1260 948.96 -0.0622633 -0.348824 10.0457
1071.36 965.952 -0.483672 -0.320089 9.92365
1361.66 831.168 0.114526 -0.636304 9.96687
1532.74 240.192 0.109254 -1.77553 9.38349
1624.32 209.088 -0.0486477 -1.66379 8.75561
1620.86 330.048 -0.0303519 -1.52753 8.78021
1638.14 236.736 -0.0459983 -1.62544 8.72124
1641.6 153.792 -0.0460026 -1.73056 8.73351
1638.14 212.544 -0.0398202 -1.65973 8.7368
1643.33 241.92 -0.0404615 -1.62122 8.72558
1646.78 338.688 -0.0277902 -1.50686 8.71734
1664.06 153.792 -0.0416797 -1.71827 8.6892
1662.34 416.448 -0.0139291 -1.41361 8.69676
1667.52 381.888 -0.0115796 -1.4577 8.69486
1664.06 119.232 -0.0415268 -1.75772 8.69684
1667.52 233.28 -0.0347219 -1.6223 8.68196
1670.98 222.912 -0.0318458 -1.6361 8.67834
1681.34 60.48 -0.0439692 -1.81665 8.66634
1677.89 44.928 -0.0466805 -1.83573 8.66975
1686.53 150.336 -0.0333255 -1.71231 8.66034
1698.62 216 -0.0251985 -1.63362 8.63757
1691.71 167.616 -0.0357318 -1.69023 8.64316
1688.26 164.16 -0.0382799 -1.69302 8.64219
1688.26 43.2 -0.0418603 -1.83291 8.6545
1712.45 122.688 -0.047369 -1.71896 8.57787
1703.81 81.216 -0.0351168 -1.7829 8.62851
1655.42 235.008 -0.0464252 -1.61989 8.68561
1646.78 96.768 -0.0469005 -1.79658 8.73215
1648.51 243.648 -0.0299306 -1.62461 8.73628
1648.51 214.272 -0.0415278 -1.65161 8.71449
1653.7 212.544 -0.0406336 -1.65045 8.70448
1679.62 89.856 -0.0423954 -1.7838 8.67077
1702.08 264.384 -0.0241938 -1.57766 8.62242
1696.9 226.368 -0.0232081 -1.62361 8.64601
1696.9 79.488 -0.0375476 -1.78695 8.64089
1688.26 81.216 -0.0401471 -1.7897 8.64985
1624.32 221.184 -0.0487582 -1.65311 8.759
1627.78 245.376 -0.042572 -1.62395 8.75323
1643.33 338.688 -0.0319548 -1.50646 8.71733
1646.78 55.296 -0.0510977 -1.8451 8.73337
1658.88 210.816 -0.0342025 -1.65367 8.70839
1683.07 236.736 -0.0299942 -1.61374 8.65753
1676.16 231.552 -0.0352674 -1.62036 8.65971
1683.07 210.816 -0.0444937 -1.63729 8.63241
1674.43 212.544 -0.0320925 -1.64359 8.67541
1660.61 60.48 -0.0528594 -1.82618 8.69144
537.408 708.48 -1.96342 -0.568879 11.141
1655.42 254.016 -0.0410707 -1.59892 8.68897
1845.5 48.384 -0.0150662 -1.74404 8.42463
158.976 395.712 -3.08471 -1.38292 11.0345
1631.23 126.144 -0.0450279 -1.77149 8.76639
1717.63 39.744 -0.0309736 -1.82259 8.61753
1636.42 81.216 -0.0683444 -1.8095 8.7212
1636.42 62.208 -0.0455037 -1.8485 8.76466
1632.96 181.44 -0.0416847 -1.70088 8.76097
1657.15 172.8 -0.0388891 -1.69888 8.71045
1738.37 775.872 0.0204036 -1.03478 8.54125
1707.26 46.656 -0.0321275 -1.82343 8.63934
1707.26 39.744 -0.0425215 -1.82215 8.61864
1612.22 247.104 -0.0375426 -1.63197 8.80452
1636.42 195.264 -0.0430387 -1.68119 8.74228
1646.78 330.048 -0.0275565 -1.51603 8.7176
1747.01 736.128 0.00531455 -1.07944 8.5072
1622.59 136.512 -0.0367145 -1.76644 8.80345
430.272 710.208 -2.21234 -0.563098 10.9526
1679.62 288.576 -0.0249794 -1.55654 8.66052
1833.41 129.6 -0.0142381 -1.67671 8.43202
1707.26 915.84 0.016057 -0.879779 8.56109
1278.72 706.752 -0.087741 -0.89865 9.97664
974.592 438.912 -0.63102 -1.80752 17.0279
1638.14 194.918 -0.0415876 -1.67986 8.74152
1679.62 116.122 -0.0341889 -1.75386 8.67673
1679.62 290.304 -0.0278865 -1.55489 8.65552
1681.69 70.5024 -0.0373189 -1.81166 8.68411
860.544 80.8704 -1.44126 -3.37557 13.8822
860.544 76.7232 -1.49233 -3.69391 14.8344
1634 242.611 -0.0404213 -1.62426 8.74523
1640.22 350.438 -0.025688 -1.49641 8.73119
1648.51 242.611 -0.0345403 -1.62143 8.72176
1663.03 120.269 -0.0353314 -1.76398 8.71562
1675.47 223.949 -0.033595 -1.62914 8.66602
1671.32 221.875 -0.0357309 -1.63403 8.67217
1677.54 76.7232 -0.0531647 -1.79313 8.64972
1671.32 76.7232 -0.0429631 -1.80548 8.68998
1679.62 89.1648 -0.0472503 -1.78023 8.65513
1681.69 85.0176 -0.039388 -1.786 8.67336
1679.62 60.1344 -0.0607071 -1.80685 8.64097
1706.57 47.6928 -0.0321275 -1.82343 8.63934
1706.57 41.472 -0.0443268 -1.82628 8.61968
1706.57 87.0912 -0.0285535 -1.77969 8.64395
1702.43 87.0912 -0.0285535 -1.77969 8.64395
1721.09 45.6192 -0.044005 -1.79819 8.5847
1716.94 41.472 -0.041709 -1.81896 8.60366
1719.01 60.1344 -0.0319247 -1.79927 8.60937
1634 41.472 -0.0576932 -1.86718 8.74799
1679.62 118.195 -0.034547 -1.75323 8.67748
1607.04 265.421 -0.0309625 -1.61785 8.83259
1604.97 265.421 -0.0359653 -1.61271 8.82526
1623.63 223.949 -0.0489153 -1.65224 8.75475
1638.14 78.7968 -0.0457422 -1.82736 8.76145
1631.92 70.5024 -0.0365539 -1.85082 8.80063
1638.14 161.741 -0.0464239 -1.72107 8.73863
1631.92 55.9872 -0.0452959 -1.85808 8.78127
1627.78 221.875 -0.0427926 -1.64829 8.75617
1663.03 219.802 -0.0435116 -1.63618 8.6743
1658.88 211.507 -0.0342025 -1.65367 8.70839
1665.1 74.6496 -0.0403711 -1.81815 8.70799
1675.47 234.317 -0.0329898 -1.61748 8.66999
1696.21 41.472 -0.0460969 -1.8275 8.6347
1689.98 41.472 -0.0569634 -1.82389 8.63325
1698.28 80.8704 -0.0393785 -1.78412 8.6438
410.573 736.128 -2.26308 -0.484221 10.973
1631.92 155.52 -0.0462206 -1.73133 8.75126
1646.44 64.2816 -0.0476711 -1.83581 8.73552
1665.1 60.1344 -0.0426911 -1.83034 8.70623
1675.47 211.507 -0.0490466 -1.635 8.64102
1696.21 228.096 -0.0401776 -1.61345 8.60643
1617.41 337.997 -0.0531326 -1.50625 8.73507
1629.85 39.3984 -0.051971 -1.87949 8.77571
777.6 118.195 -1.99382 -3.49982 15.0687
1648.51 331.776 -0.0377615 -1.51129 8.69633
1663.03 153.446 -0.0364201 -1.72019 8.70022
1692.06 58.0608 -0.0481309 -1.80908 8.63275
1667.17 232.243 -0.0375235 -1.62142 8.6749
1698.28 211.507 -0.0305096 -1.63864 8.6291
1685.84 203.213 -0.0325323 -1.65123 8.65259
1631.92 82.944 -0.0357926 -1.83777 8.80518
1648.51 232.243 -0.0446763 -1.62755 8.70301
1615.33 257.126 -0.041669 -1.6167 8.78925
1631.92 180.403 -0.0418083 -1.70486 8.75791
1741.82 761.011 0.00736718 -1.05463 8.51639
1623.63 136.858 -0.0357726 -1.76799 8.80705
1692.06 167.962 -0.0380037 -1.68556 8.63422
1656.81 172.109 -0.0294791 -1.70761 8.73475
1667.17 282.01 -0.0305743 -1.56755 8.67812
1592.53 503.885 -0.0338095 -1.31153 8.79972
58.0608 729.907 -3.2377 -0.422776 10.9457
60.1344 698.803 -3.28126 -0.498181 11.013
122.342 350.438 -3.23024 -1.518 11.0911
128.563 707.098 -2.91319 -0.541068 10.7392
1250.38 928.973 -0.069782 -0.382999 10.0866
1624.87 136.858 -0.0338523 -1.77225 8.80894
1662.2 111.974 -0.0429556 -1.76559 8.69674
1669.66 363.295 -0.0204846 -1.48245 8.6762
1679.62 89.5795 -0.0483352 -1.77144 8.64925
121.928 360.806 -3.18448 -1.47973 11.0022
1614.92 256.297 -0.0319031 -1.62203 8.80892
1632.34 84.6029 -0.052762 -1.8209 8.75898
1637.31 77.1379 -0.049023 -1.83035 8.75824
1637.31 169.206 -0.0428383 -1.71546 8.75141
1624.87 201.554 -0.0456047 -1.67064 8.76043
1647.27 330.947 -0.0433637 -1.50786 8.68464
1639.8 211.507 -0.0225503 -1.671 8.7833
1647.27 97.0445 -0.0459737 -1.79378 8.72912
1642.29 102.021 -0.0489026 -1.78661 8.74283
1642.29 154.276 -0.0365304 -1.73537 8.75981
1679.62 69.673 -0.0432496 -1.80716 8.6685
1637.31 161.741 -0.0391705 -1.73358 8.75614
1637.31 154.276 -0.0365304 -1.73537 8.75981
1639.8 233.902 -0.0470903 -1.6265 8.71685
1657.22 211.507 -0.0347225 -1.65456 8.71124
1659.71 59.7197 -0.0455583 -1.83422 8.71426
1657.22 59.7197 -0.0411487 -1.83766 8.7315
1664.69 119.439 -0.0353314 -1.76398 8.71562
719.125 472.781 -2.28072 -1.38736 15.6996
726.59 455.363 -2.24033 -1.50797 15.9102
741.519 440.433 -2.5013 -1.71489 18.0102
1012.75 119.439 -0.591194 -3.84808 15.8694
1532.81 248.832 0.109523 -1.75975 9.37984
1532.81 241.367 0.109528 -1.77461 9.38323
1622.38 281.18 -0.0334326 -1.58603 8.77846
1639.8 106.998 -0.0484145 -1.78877 8.73996
1659.71 442.921 -0.0127461 -1.37906 8.69947
1704.5 47.2781 -0.0437183 -1.81837 8.61936
1721.92 47.2781 -0.0339307 -1.81364 8.6057
1647.27 64.6963 -0.0476711 -1.83581 8.73552
1632.34 57.2314 -0.0403161 -1.85481 8.78049
1649.76 52.2547 -0.0471952 -1.83957 8.7279
1637.31 194.089 -0.0317858 -1.68894 8.76814
1699.52 221.461 -0.0249791 -1.62727 8.63634
1699.52 211.507 -0.0301861 -1.63805 8.62921
1687.08 201.554 -0.0325323 -1.65123 8.65259
1704.5 97.0445 -0.0358978 -1.76451 8.62808
1702.01 87.0912 -0.0285535 -1.77969 8.64395
1687.08 82.1146 -0.0422179 -1.78743 8.66131
432.968 736.543 -2.23841 -0.470922 11.04
149.299 373.248 -3.09514 -1.44636 10.9986
1664.69 74.6496 -0.0413148 -1.81539 8.70158
1649.76 213.996 -0.0381464 -1.65425 8.72313
1669.66 49.7664 -0.0361209 -1.84391 8.70698
1664.69 216.484 -0.0351459 -1.64382 8.69217
1692.06 166.717 -0.0342492 -1.69253 8.64778
1657.22 171.694 -0.0368412 -1.69939 8.70431
1702.01 261.274 -0.0241938 -1.57766 8.62242
1664.69 151.788 -0.0375186 -1.7198 8.69754
1684.59 119.439 -0.0263522 -1.75353 8.68762
1679.62 291.133 -0.0249794 -1.55654 8.66052
758.938 134.369 -2.1805 -3.53631 15.6446
72.1613 729.078 -3.25037 -0.419124 11.0124
129.393 706.683 -3.19569 -0.459475 11.2024
1711.96 121.928 -0.0383527 -1.7263 8.59896
1251.63 928.143 -0.0674069 -0.369361 10.1574
534.989 706.683 -1.96863 -0.571819 11.1469
779.342 830.104 -1.18438 -0.38935 10.6341
1621.39 226.935 -0.047352 -1.64843 8.75871
1636.32 125.411 -0.0455984 -1.76771 8.75474
1657.22 244.851 -0.0704657 -1.59933 8.63036
1645.28 200.061 -0.0439198 -1.67069 8.71867
1669.17 212.005 -0.0459556 -1.63832 8.64532
1687.08 116.453 -0.0307595 -1.75257 8.675
1675.14 74.6496 -0.0459214 -1.80247 8.6692
1675.14 235.893 -0.0332123 -1.6169 8.66365
59.7197 701.706 -3.2489 -0.50488 10.9574
1612.43 244.851 0.00285942 -1.65845 8.89852
1636.32 197.075 -0.0258534 -1.68677 8.7692
1633.33 179.159 -0.0418083 -1.70486 8.75791
1633.33 241.865 -0.0436639 -1.62246 8.73621
1636.32 74.6496 -0.0467357 -1.83146 8.76564
1660.21 101.523 -0.0298907 -1.79042 8.74526
782.328 137.355 -2.12826 -3.73384 16.3486
761.426 116.453 -2.27941 -3.86735 16.3967
1627.36 137.355 -0.0328877 -1.77139 8.8116
1660.21 119.439 -0.0411383 -1.7578 8.70193
1678.12 59.7197 -0.0312481 -1.83654 8.71185
1699.03 119.439 -0.0303941 -1.74324 8.64188
1681.11 253.809 -0.0424659 -1.58877 8.6238
1621.39 280.683 -0.0334326 -1.58603 8.77846
1639.31 155.271 -0.0486745 -1.73044 8.74026
1684.1 203.047 -0.0325323 -1.65123 8.65259
1678.12 292.626 -0.0261911 -1.55409 8.65702
1681.11 89.5795 -0.0257524 -1.79928 8.70767
1702.01 86.5936 -0.0192319 -1.79234 8.67255
400.122 713.65 -1.99569 -0.676639 10.1562
412.066 734.552 -2.32182 -0.476772 11.1307
874.893 83.6076 -1.41912 -3.6602 14.7909
779.342 143.327 -1.74255 -2.91876 13.6062
842.048 304.57 -3.15645 -5.16792 33.226
155.271 400.122 -3.0716 -1.35882 10.9924
56.7337 728.58 -3.25715 -0.419541 10.9811
131.383 707.678 -3.18467 -0.460115 11.1775
537.477 740.524 -1.96075 -0.474584 11.1488
537.477 707.678 -1.97511 -0.575592 11.1551
1531.81 247.837 0.107484 -1.76189 9.38086
1251.13 952.529 -0.0702116 -0.3453 10.0468
1254.11 883.851 -0.0237007 -0.416502 10.3182
1006.28 170.201 -0.607912 -3.56468 16.0574
971.042 429.982 -0.638109 -1.89119 17.5725
1533.6 240.073 0.107346 -1.77251 9.38296
734.552 447.898 -2.41721 -1.58615 17.15
1590.93 508.812 -0.035985 -1.30772 8.79103
128.995 623.474 -3.13741 -0.712798 11.0556
863.547 229.324 -2.62598 -6.13856 30.79
1254.11 881.463 -0.0237007 -0.416502 10.3182
1644.68 347.569 -0.0322957 -1.49689 8.71833
1659.01 118.245 -0.0411383 -1.7578 8.70193
1637.51 121.828 -0.0455984 -1.76771 8.75474
1662.6 168.41 -0.0401946 -1.69725 8.69026
1644.68 168.41 -0.0408649 -1.71214 8.73758
1680.51 89.5795 -0.040064 -1.78263 8.66308
1684.1 168.41 -0.0345756 -1.68991 8.65495
1709.18 121.828 -0.0326889 -1.73653 8.62424
763.218 136.161 -2.31973 -3.78885 16.5983
1623.18 225.74 -0.0479984 -1.64728 8.7622
1669.76 218.574 -0.0371388 -1.63708 8.67028
1250.53 924.461 -0.0699778 -0.38449 10.1304
1619.6 279.488 -0.0334326 -1.58603 8.77846
1605.27 261.572 -0.027218 -1.62112 8.84801
1626.76 132.578 -0.0395608 -1.76475 8.77459
1694.84 232.907 -0.0240323 -1.61504 8.64814
1676.93 293.821 -0.0216281 -1.55743 8.67089
1680.51 250.823 -0.0424659 -1.58877 8.6238
1659.01 68.0805 -0.0487382 -1.82073 8.70788
1676.93 121.828 -0.0307595 -1.75257 8.675
1623.18 329.653 -0.0339318 -1.53188 8.76857
1644.68 329.653 -0.0367993 -1.5118 8.69943
433.565 734.552 -2.22575 -0.474202 11.0383
419.232 730.969 -2.29628 -0.482222 11.142
154.077 401.316 -3.08947 -1.36863 11.0234
146.91 372.651 -3.0781 -1.44342 10.9516
71.6636 723.803 -3.13869 -0.452987 10.8283
537.477 738.135 -1.9594 -0.481792 11.1145
537.477 705.887 -1.68137 -0.73176 10.1621
1343.69 945.96 0.109206 -0.378352 9.98499
1064.2 960.293 -0.495014 -0.314264 9.97351
154.793 399.883 -3.11079 -1.37735 11.0539
1651.13 240.79 -0.0370412 -1.61564 8.69114
1535.04 240.79 0.10435 -1.76946 9.38243
1535.04 236.49 0.110189 -1.77375 9.38272
1629.63 214.991 -0.0450086 -1.65647 8.75029
872.863 85.9964 -1.41139 -3.58569 14.5502
859.964 81.6965 -1.4891 -3.58448 14.5922
864.263 193.492 -2.20753 -5.42859 24.9203
1629.63 331.086 -0.0206445 -1.52588 8.78374
1616.73 352.585 -0.0316594 -1.50015 8.77544
1625.33 343.985 -0.0321113 -1.50695 8.75786
1629.63 133.294 -0.0360105 -1.76913 8.79308
1633.93 176.293 -0.0347436 -1.71473 8.78236
1707.03 120.395 -0.0270523 -1.73779 8.63323
1689.83 111.795 -0.0294221 -1.75778 8.67986
1642.53 120.395 -0.0476478 -1.76669 8.72791
1672.63 124.695 -0.0314817 -1.76021 8.71521
1659.73 116.095 -0.0380248 -1.77097 8.72421
1672.63 210.691 -0.0348846 -1.63932 8.67356
1638.23 245.09 -0.0439342 -1.61801 8.72394
1621.03 279.488 -0.0334326 -1.58603 8.77846
1608.13 262.289 -0.027218 -1.62112 8.84801
1689.83 206.391 -0.0316256 -1.63417 8.63347
1681.23 90.2962 -0.0470867 -1.78468 8.67003
1664.03 167.693 -0.0414182 -1.69785 8.68369
1590.93 515.978 -0.0203564 -1.29462 8.83206
1642.53 343.985 -0.0338824 -1.4957 8.7089
434.282 709.47 -2.25234 -0.538719 11.0894
429.982 718.07 -2.25234 -0.538719 11.0894
116.095 365.485 -3.19175 -1.48176 11.0158
81.6965 722.369 -3.24865 -0.415763 11.0463
133.294 705.17 -3.17774 -0.468369 11.1779
533.177 705.17 -1.97511 -0.575592 11.1551
1603.83 417.082 -0.0286111 -1.41817 8.80551
1685.53 167.693 -0.035276 -1.69241 8.65797
1625.33 240.79 -0.054521 -1.62084 8.73345
1251.25 924.461 -0.0699778 -0.38449 10.1304
399.883 632.073 -2.38438 -0.749864 11.1687
696.57 150.494 -2.29266 -3.04067 14.3719
1630.49 242.51 -0.054521 -1.62084 8.73345
1620.17 242.51 -0.054521 -1.62084 8.73345
1661.45 206.391 -0.0336087 -1.65219 8.68297
1656.29 283.788 -0.0283817 -1.5718 8.69275
1656.29 278.628 -0.0283817 -1.5718 8.69275
1630.49 170.273 -0.0350165 -1.71789 8.76957
1630.49 159.953 -0.0331025 -1.73901 8.78748
433.422 732.689 -2.01497 -0.591704 10.4242
412.783 727.529 -2.29447 -0.502442 11.068
1635.65 531.458 0.00387464 -1.29075 8.76715
1640.81 159.953 -0.0390278 -1.73346 8.75703
1666.61 278.628 -0.0283817 -1.5718 8.69275
1645.97 237.35 -0.0343682 -1.62408 8.72151
1362.18 825.565 0.142698 -0.625715 10.0581
1640.81 201.231 -0.0307824 -1.66761 8.73374
1676.93 288.948 -0.0261911 -1.55409 8.65702
1697.57 257.989 -0.0187246 -1.58304 8.63893
1671.77 118.675 -0.0386408 -1.75613 8.69026
1630.49 128.995 -0.036823 -1.76721 8.7805
1702.73 118.675 -0.0270523 -1.73779 8.63323
1666.61 165.113 -0.0380912 -1.70314 8.68435
866.843 144.474 -1.67798 -4.24075 18.1822
128.995 371.504 -3.13662 -1.44484 10.9465
123.835 350.865 -3.21973 -1.51464 11.0759
1604.69 417.942 -0.0328427 -1.42006 8.79356
1615.01 356.025 -0.0284751 -1.49851 8.78715
1604.69 257.989 -0.027218 -1.62112 8.84801
1460.22 954.56 -0.0205454 -0.649671 9.09888
1733.69 773.967 0.00861572 -1.03851 8.52108
1248.67 918.441 -0.0849647 -0.399509 10.0667
1253.83 877.163 -0.0819659 -0.490999 10.0414
1774.96 515.978 0.00707513 -1.30563 8.50313
995.838 474.7 -0.488858 -1.53959 16.146
134.154 701.73 -3.16901 -0.46937 11.185
128.995 629.493 -3.15634 -0.705929 11.1053
397.303 706.89 -2.42053 -0.503684 11.3092
397.303 629.493 -2.4133 -0.746904 11.2412
860.652 173.369 -2.0314 -4.96957 22.2008
433.422 712.05 -2.24598 -0.538813 11.0795
1634.62 130.027 -0.0180858 -1.7848 8.83312
1634.62 340.546 -0.0378738 -1.51213 8.70417
1634.62 328.162 -0.0324106 -1.51354 8.73928
1634.62 526.298 0.00315307 -1.29557 8.78639
743.009 439.613 -2.37775 -1.65648 17.2065
1591.28 513.914 -0.0178861 -1.29993 8.82963
1603.66 507.723 -0.0278488 -1.30612 8.80142
1634.62 204.327 -0.0274032 -1.68037 8.78002
1634.62 160.985 -0.0444002 -1.73208 8.75748
1665.58 204.327 -0.0308597 -1.66217 8.70566
1752.26 656.324 0.00507731 -1.16383 8.50439
1616.04 359.121 -0.0284751 -1.49851 8.78715
1634.62 229.094 -0.0436195 -1.64202 8.73631
1622.24 315.779 -0.020011 -1.5522 8.81411
1659.39 278.628 -0.0247998 -1.57758 8.7153
1622.24 278.628 -0.0331354 -1.58635 8.78074
1696.54 253.861 -0.0187246 -1.58304 8.63893
148.602 396.271 -3.08107 -1.37728 10.9699
123.835 352.929 -3.16669 -1.45631 10.9762
773.967 117.643 -1.95002 -3.32541 14.3861
1603.66 260.053 -0.0297522 -1.61823 8.83992
674.9 532.49 -1.94424 -1.06392 12.7832
804.926 340.546 -1.52879 -1.94208 12.9307
1677.96 291.012 -0.0261911 -1.55409 8.65702
1003.06 123.835 -0.623994 -3.85425 15.9695
965.911 421.038 -0.668771 -1.97195 17.6222
532.49 699.666 -1.97636 -0.58729 11.1277
130.027 625.366 -3.10763 -0.709358 11.0464
767.776 433.422 -2.3595 -1.79544 18.4458
1064.98 953.528 -0.483198 -0.308853 9.98666
527.536 698.428 -1.9767 -0.600176 11.0597
1619.76 148.602 -0.0441759 -1.76076 8.78856
430.945 713.288 -2.2045 -0.551981 11.0134
1604.9 260.053 -0.0225268 -1.62648 8.84933
1619.76 237.763 -0.0230586 -1.65152 8.80517
1627.19 527.536 -0.0151522 -1.28184 8.7359
1612.33 356.644 -0.0319288 -1.50369 8.77742
1679.2 230.333 -0.0252008 -1.62371 8.67876
1679.2 215.473 -0.0252008 -1.62371 8.67876
527.536 735.579 -1.93555 -0.537698 10.8672
995.632 475.526 -0.499616 -1.51749 15.4492
1634.62 208.042 -0.0509208 -1.65229 8.7178
1671.77 156.032 -0.0363097 -1.71357 8.66975
1248.25 869.32 -0.0733109 -0.490631 10.1325
1716.35 847.03 0.0112061 -0.960063 8.52859
393.795 631.557 -2.40752 -0.743047 11.1956
780.159 193.182 -2.57454 -4.10547 19.5776
148.602 393.795 -3.09268 -1.39083 10.9562
