836 277 11.8419 -0.634828 -3.59627
754 494 12.0981 1.02034 -3.79655
480 561 13.4453 1.46261 -1.37873
537 522 13.2307 1.22318 -1.38544
566 572 13.0878 1.49319 -1.7558
1111 617 10.6234 1.06508 -1.30524
1141 577 10.5129 0.873213 -1.31887
516 611 13.2319 1.65298 -1.41338
777 392 12.1194 0.3063 -3.11345
1172 521 10.4903 0.59924 -1.18901
523 400 13.4762 0.677472 -1.66351
551 369 13.3648 0.508577 -1.68509
491 461 13.4836 0.996741 -1.32694
53 407 15.2417 1.11598 -0.777689
986 529 10.9199 0.844981 -2.20695
492 494 13.4523 1.13672 -1.35199
179 365 13.0322 0.683801 2.0293
175 520 15.0613 1.64835 -1.5889
940 427 10.9574 0.292418 -3.47753
1145 339 10.3839 -0.310536 -1.97072
501 408 13.5757 0.735028 -1.6787
333 378 17.6634 0.979336 -9.10699
327 91 15.7977 -1.23359 -3.50591
432 540 13.773 1.47724 -1.66032
442 513 13.7418 1.31174 -1.62493
815 358 11.9263 0.0373662 -3.08306
829 98 12.2193 -1.40054 -2.28434
648 680 12.552 1.56991 -0.512001
840 426 11.6683 0.415805 -3.17786
320.4 309.6 17.9655 0.131861 -8.90582
889.2 63.6 11.9973 -1.35217 -1.61268
111.6 180 15.4409 0.0948127 -1.04813
112.8 343.2 15.1419 0.820663 -0.907414
98.4 386.4 15.1023 1.00334 -0.825123
199.2 176.4 15.5608 -0.146892 -1.83346
872.4 530.4 11.4017 1.02483 -2.87419
1063.2 448.8 10.7664 0.366346 -1.77794
789.6 216 12.2419 -1.03169 -3.64386
789.6 210 12.2514 -0.991433 -3.41045
772.8 208.8 12.3714 -1.01678 -3.59464
1232.4 590.4 10.2996 0.824781 -1.01515
82.8 266.4 15.4535 0.50952 -1.02108
68.4 255.6 15.6033 0.458665 -1.11301
62.4 198 16.2829 0.134835 -1.84022
63.6 276 15.6244 0.55962 -1.14715
110.4 446.4 15.0678 1.2518 -0.937458
33.6 639.6 14.4546 1.71534 0.111758
854.4 508.8 11.5982 0.896823 -2.49716
117.6 525.6 15.0523 1.62103 -1.11696
574.8 462 13.1456 0.933442 -1.73723
784.8 441.6 12.0188 0.610652 -3.04211
768 440.4 12.1289 0.603951 -2.99439
1088.4 464.4 10.8146 0.426466 -1.36343
158.4 297.6 15.1758 0.579523 -1.17967
1129.2 516 10.6476 0.617477 -1.24861
506.4 474 13.4053 1.04507 -1.33367
489.6 468 13.4921 1.02014 -1.32289
145.2 358.8 15.1765 0.855017 -1.2
75.6 333.6 15.2477 0.796724 -0.806112
139.2 408 15.3 1.11116 -1.45135
1102.8 418.8 10.7426 0.192242 -1.43533
1233.6 511.2 10.1175 0.491628 -1.44093
504 516 13.384 1.2315 -1.37438
774 379.2 12.1374 0.181042 -3.65489
160.8 394.8 15.229 1.03425 -1.48253
136.8 400.8 15.0845 1.05283 -1.06478
434.4 432 13.8664 0.92894 -1.61028
207.6 420 15.3217 1.18247 -2.11143
474 466.8 13.5666 1.02562 -1.34241
207.6 512.4 15.2135 1.68561 -2.16093
543.6 398.4 13.378 0.661976 -1.67513
1137.6 480 10.5568 0.460262 -1.41367
336 352.8 17.5003 0.671422 -8.65129
342 338.4 17.5271 0.47831 -8.75883
920.4 403.2 11.1348 0.13501 -3.42149
186 392.4 15.3873 1.03391 -1.95637
716.4 394.8 12.5106 0.135897 -9.07448
711.6 380.4 12.5879 -0.0374091 -8.96729
144 510 15.2489 1.63351 -1.61761
967.2 558 10.7749 1.08659 -2.94273
1017.6 410.4 11.0223 0.20656 -1.74057
1118.4 410.4 10.6464 0.146258 -1.52365
536.4 464.4 13.2774 0.9664 -1.35324
230.4 285.6 15.3316 0.39885 -2.02645
477.6 410.4 12.8028 0.673853 1.79753
562.8 402 13.2755 0.649765 -1.71524
224.4 322.8 15.3747 0.609995 -2.12007
518.4 410.4 13.4767 0.745655 -1.67021
1183.2 344.4 10.265 -0.290624 -1.81939
216 386.4 15.3813 1.0044 -2.2141
326.4 148.8 15.5433 -0.748863 -3.17824
308.4 141.6 15.4119 -0.638524 -2.62068
272.4 111.6 15.7884 -0.815226 -2.80443
556.8 255.6 14.8153 -1.12536 -8.32282
565.2 295.2 14.3757 -0.504549 -6.97273
384 310.8 17.1783 -0.0549498 -9.09762
352.8 98.4 15.3793 -1.08231 -3.06248
356.4 116.4 15.2402 -0.913472 -2.87265
454.8 118.8 14.6068 -1.03984 -2.91754
258 632.4 14.549 2.12441 -1.67361
63.6 568.8 15.0179 1.75314 -0.767204
138 534 14.9783 1.6452 -1.1567
56.4 492 15.0812 1.44136 -0.691185
426 582 13.7525 1.66668 -1.66435
536.4 523.2 12.9147 0.968109 0.49513
464.4 511.2 13.5652 1.258 -1.34463
441.6 512.4 13.7402 1.31974 -1.6465
441.6 471.6 13.7888 1.11804 -1.63515
848.4 339.6 11.7234 -0.144247 -3.15476
802.8 344.4 12.0282 -0.0503389 -3.09829
858 297.6 11.7036 -0.46274 -3.33038
855.6 88.8 12.0858 -1.46304 -2.26983
944.4 531.6 10.9907 0.935061 -2.76254
643.2 596.4 12.6671 1.53466 -1.79634
682.8 572.4 12.4899 1.46435 -2.40928
1111.2 616.8 10.6198 1.06819 -1.3056
1188 692.4 10.2554 1.31345 -1.29449
1256.4 656.4 10.0398 1.07778 -1.23422
1221.6 622.8 10.3913 0.95412 -0.886254
1078.8 577.2 10.8083 0.929103 -1.2498
1035.6 567.6 10.784 0.950984 -1.80844
1092 657.6 10.6975 1.24551 -1.24154
1030.8 625.2 10.7984 1.22392 -1.68367
1241.28 599.04 10.2959 0.859412 -0.946296
1236.96 596.16 10.215 0.85693 -1.12357
851.04 529.92 11.542 1.03422 -2.80026
33.12 269.28 16.0506 0.552079 -1.47811
744.48 156.96 12.6478 -1.35562 -3.58823
730.08 155.52 12.7555 -1.3481 -3.62691
1190.88 529.92 10.3289 0.618238 -1.3477
168.48 364.32 15.3055 0.88993 -1.59846
152.64 364.32 15.0952 0.871908 -1.12531
511.2 515.52 13.3381 1.2123 -1.32931
125.28 371.52 15.0723 0.914886 -0.916683
159.84 275.04 15.1832 0.475312 -1.15892
923.04 443.52 11.0035 0.397888 -3.70124
1077.12 447.84 10.7953 0.336172 -1.56501
113.76 342.72 15.1262 0.804981 -0.867209
129.6 336.96 15.085 0.774434 -0.911205
149.76 285.12 15.2065 0.53378 -1.15011
825.12 446.4 11.76 0.597455 -2.96903
1133.28 444.96 10.572 0.278778 -1.47257
1219.68 437.76 10.1955 0.162286 -1.47815
1239.84 416.16 9.98618 0.0251703 -1.74404
1234.08 419.04 9.96989 0.0316879 -1.8153
69.12 344.16 15.2185 0.852203 -0.733652
185.76 390.24 15.198 0.985128 -1.60801
390.24 347.04 16.7742 0.467714 -8.53686
403.2 338.4 17.3598 0.195969 -10.6918
505.44 475.2 13.4017 1.05742 -1.32563
924.48 522.72 11.0419 0.912114 -3.08396
917.28 501.12 10.9751 0.795985 -3.67228
118.08 501.12 15.0833 1.51012 -1.13286
558.72 347.04 13.3799 0.378104 -1.74239
1150.56 502.56 10.4299 0.548005 -1.5287
1176.48 430.56 10.2887 0.150821 -1.71371
783.36 442.08 12.0247 0.609692 -2.98917
1121.76 486.72 10.7591 0.510944 -1.11884
1189.44 362.88 10.0953 -0.237722 -2.07183
1234.08 511.2 10.1634 0.491639 -1.34194
1229.76 486.72 10.1317 0.39039 -1.4605
535.68 463.68 13.2763 0.967921 -1.35348
846.72 587.52 11.6218 1.30231 -2.0056
144 509.76 15.1575 1.59572 -1.44736
145.44 358.56 15.276 0.875892 -1.3718
146.88 335.52 15.1549 0.743393 -1.13971
992.16 480.96 10.921 0.580139 -2.25296
959.04 406.08 10.9792 0.131525 -3.05983
288 430.56 17.6868 1.75079 -8.17691
521.28 398.88 13.4848 0.671688 -1.66325
660.96 397.44 13.0739 0.376794 -7.59896
912.96 372.96 11.3371 0.00971705 -2.84182
1105.92 424.8 10.7055 0.220048 -1.50032
1117.44 410.4 10.5873 0.131868 -1.67722
182.88 420.48 15.2831 1.17471 -1.81659
362.88 328.32 17.1189 0.288354 -8.35353
397.44 426.24 16.5522 1.43472 -8.94816
557.28 424.8 13.1208 0.745097 -0.762441
960.48 473.76 11.0245 0.586919 -2.48848
1013.76 429.12 11.0368 0.318222 -1.74033
349.92 424.8 17.2182 1.55182 -8.9921
1167.84 348.48 10.2263 -0.302752 -2.0753
1108.8 348.48 10.5474 -0.207414 -2.00162
216 387.36 15.2829 0.974955 -2.03542
286.56 372.96 17.4769 1.02018 -7.29495
388.8 377.28 17.035 0.834668 -9.5376
339.84 377.28 17.4601 0.976681 -8.83902
319.68 305.28 18.1063 0.101136 -9.23063
64.8 276.48 16.0125 0.54868 -1.63488
43.2 302.4 15.3238 0.696042 -0.666057
118.08 289.44 15.2708 0.57208 -1.01994
272.16 110.88 15.161 -0.539684 -1.7078
64.8 148.32 15.7042 -0.00567473 -1.05442
509.76 272.16 15.6678 -0.943437 -9.4984
550.08 292.32 14.9287 -0.708178 -8.90459
480.96 267.84 15.8517 -0.825977 -8.64365
414.72 158.4 14.9394 -0.809052 -3.28771
452.16 118.08 14.729 -1.13356 -3.26132
302.4 591.84 14.3278 1.83262 -1.56751
326.88 421.92 17.5081 1.57316 -8.93186
96.48 437.76 15.1151 1.22204 -0.908013
57.6 488.16 15.2103 1.46864 -0.887364
524.16 591.84 13.2156 1.55473 -1.40392
580.32 528.48 12.9204 1.10335 -0.546068
396 576 13.7575 1.56886 -1.12975
450.72 578.88 13.5004 1.52105 -1.12231
432 540 13.6698 1.3978 -1.26884
463.68 511.2 13.4863 1.20457 -1.03816
865.44 244.8 11.7966 -0.68618 -2.63865
803.52 345.6 12.0387 -0.0394076 -2.91886
858.24 298.08 11.7224 -0.429105 -3.13215
773.28 208.8 12.3702 -0.979712 -3.42286
648 280.8 13.6428 -1.12961 -8.63545
855.36 89.28 12.0932 -1.36808 -2.03633
760.32 181.44 12.4912 -1.17693 -3.48459
1236.96 234.72 9.35938 -1.38581 -3.26989
1238.4 233.28 9.42608 -1.34012 -3.10238
959.04 322.56 10.8471 -0.514224 -3.9201
817.92 635.04 11.8123 1.4605 -1.50819
648 679.68 12.557 1.58903 -0.604551
732.96 632.16 12.2459 1.49206 -1.22671
796.32 443.52 11.9401 0.591093 -3.16769
812.16 368.64 11.9237 0.108229 -3.10915
907.2 385.92 11.2695 0.0658654 -3.19507
767.52 479.52 12.0811 0.862442 -2.93849
1164.96 603.36 10.5441 0.947554 -1.02517
1183.68 689.76 10.2912 1.30353 -1.24784
1035.36 567.36 10.8664 0.944711 -1.56461
1088.64 620.64 10.677 1.10647 -1.38883
1029.6 624.96 10.7679 1.23594 -1.7866
691.2 380.16 12.8566 0.0354386 -8.80389
910.656 383.616 11.3151 0.0926771 -2.90064
1047.17 390.528 10.8311 0.0577056 -2.00881
1055.81 371.52 10.8607 -0.0301215 -1.8267
1064.45 432 10.7633 0.249059 -1.8343
1088.64 404.352 10.7414 0.135394 -1.63871
1135.3 411.264 10.5593 0.127486 -1.5319
1118.02 409.536 10.5312 0.0988302 -1.8223
165.888 259.2 15.2754 0.386989 -1.32162
157.248 262.656 15.1979 0.416591 -1.1495
198.72 445.824 15.3108 1.31473 -2.06951
737.856 423.36 12.3112 0.53397 -3.38228
922.752 442.368 10.944 0.386184 -4.04882
912.384 402.624 11.2812 0.171275 -3.05673
1092.1 499.392 10.7073 0.571701 -1.53284
644.544 470.016 13.193 1.27762 -8.50184
1088.64 464.832 10.7137 0.421128 -1.54287
1190.59 385.344 10.1335 -0.12538 -1.93869
1190.59 362.88 10.2629 -0.185461 -1.69175
1233.79 511.488 10.2114 0.498918 -1.25852
177.984 305.856 15.3455 0.585358 -1.63285
433.728 432 13.7913 0.914543 -1.31051
514.944 416.448 13.4897 0.756499 -1.6664
661.824 400.896 13.1511 0.352268 -8.58715
362.88 359.424 17.111 0.665728 -8.57677
335.232 354.24 17.4449 0.683841 -8.50293
463.104 438.912 13.523 0.887674 -0.833914
532.224 442.368 13.3244 0.863425 -1.35479
535.68 402.624 13.4021 0.698272 -1.67236
679.104 416.448 12.8901 0.540039 -8.50368
984.96 599.616 10.7703 1.24879 -2.47309
1218.24 328.32 9.82074 -0.506184 -2.3715
813.888 483.84 11.8065 0.806454 -2.82756
1014.34 428.544 10.8191 0.279515 -2.35204
1022.98 402.624 10.8714 0.109829 -2.21197
1095.55 345.6 10.5994 -0.236137 -2.06591
1207.87 416.448 10.1165 0.0420292 -1.77362
506.304 387.072 13.5763 0.63385 -1.70172
938.304 445.824 11.0191 0.392403 -3.15334
983.232 478.656 10.8966 0.574412 -2.52401
960.768 475.2 11.015 0.568679 -2.55908
974.592 449.28 10.9616 0.404691 -2.52669
1135.3 475.2 10.4897 0.432149 -1.56994
1133.57 371.52 10.4097 -0.12245 -1.99082
1114.56 368.064 12.1955 0.514886 2.02639
200.448 328.32 15.3738 0.672205 -1.93463
471.744 457.92 13.5306 0.983621 -1.11432
224.64 259.2 15.3705 0.27515 -1.9571
974.592 392.256 10.8754 0.0366988 -3.12972
950.4 373.248 10.8936 -0.155848 -3.81099
397.44 426.816 16.4885 1.4644 -8.70072
1109.38 347.328 10.6219 -0.178804 -1.80193
1133.57 333.504 10.4697 -0.302007 -1.93143
1209.6 354.24 9.90218 -0.340293 -2.27364
219.456 440.64 15.3844 1.2939 -2.38548
656.64 357.696 13.3908 -0.200212 -8.97193
387.072 392.256 16.6578 1.03865 -8.47197
388.8 376.704 16.6515 0.806553 -8.35477
997.056 387.072 10.8046 -0.0257457 -2.84763
369.792 397.44 16.8477 1.10906 -8.41848
262.656 231.552 17.8414 -0.513472 -6.82137
205.632 281.664 15.2366 0.436127 -1.62488
67.392 255.744 15.5669 0.461581 -1.04931
105.408 260.928 15.4173 0.461889 -1.12263
62.208 330.048 15.4045 0.804688 -0.934847
82.944 286.848 15.5131 0.593767 -1.13553
212.544 91.584 15.8391 -0.747389 -2.24094
260.928 96.768 16.014 -0.960514 -3.03129
266.112 171.072 15.9292 -0.488785 -3.17956
105.408 103.68 15.4288 -0.212929 -0.867965
639.36 311.04 13.6213 -0.657533 -8.23154
482.112 267.84 15.9596 -0.86443 -9.05869
374.976 354.24 16.9621 0.603496 -8.63153
418.176 345.6 16.4748 0.330981 -8.619
411.264 307.584 16.8341 -0.149012 -9.18578
397.44 155.52 14.831 -0.666373 -2.64591
355.968 115.776 15.4545 -1.05193 -3.34204
290.304 603.072 14.1931 1.78049 -1.13027
305.856 684.288 13.6991 1.79572 -0.279402
57.024 566.784 15.0783 1.76327 -0.821907
86.4 677.376 14.2442 1.77844 0.12394
34.56 639.36 14.468 1.72175 0.090346
160.704 684.288 14.0438 1.77302 0.0591121
153.792 635.904 14.2118 1.7131 -0.125395
328.32 421.632 17.384 1.55643 -8.58898
285.12 456.192 17.3665 1.9674 -7.56649
96.768 437.184 15.0521 1.20683 -0.805739
177.984 442.368 15.2057 1.26932 -1.68577
138.24 407.808 15.1601 1.09085 -1.2184
124.416 371.52 15.0716 0.913075 -0.92154
100.224 520.128 15.0146 1.57843 -0.920242
169.344 447.552 15.2182 1.30007 -1.62663
525.312 590.976 13.2776 1.63116 -1.80553
571.968 597.888 13.0172 1.58415 -1.68176
578.88 528.768 13.0596 1.2673 -1.74759
514.944 611.712 13.2376 1.66048 -1.41392
425.088 582.336 13.6553 1.60067 -1.29995
480.384 561.6 13.4379 1.44885 -1.34822
533.952 362.88 13.2116 0.529527 -0.469839
592.704 456.192 12.9332 0.834762 -0.532221
827.712 228.096 11.9532 -1.04664 -3.94549
803.52 345.6 12.0651 0.00744579 -2.47801
858.816 298.944 11.7229 -0.433949 -3.14542
649.728 279.936 13.6692 -1.158 -8.94227
798.336 169.344 12.2537 -1.2506 -3.29824
665.28 150.336 13.2224 -1.28606 -3.59763
724.032 150.336 12.8198 -1.43983 -3.79654
1100.74 203.904 9.88612 -1.69301 -4.15638
1021.25 259.2 9.8543 -1.61869 -6.02304
976.32 271.296 10.2153 -1.43977 -6.08359
959.04 323.136 10.7694 -0.583776 -4.28849
1041.98 295.488 10.5828 -0.674254 -3.04462
1131.84 55.296 10.8968 -1.56058 -1.47608
1206.14 108.864 10.3973 -1.47447 -1.74433
855.36 575.424 11.4937 1.27846 -2.63233
848.448 565.056 11.5236 1.25478 -2.71411
943.488 530.496 11.0171 0.922906 -2.6458
753.408 552.96 12.0417 1.37218 -3.4633
687.744 686.016 12.4204 1.41821 0.0126178
839.808 425.088 11.6817 0.417836 -3.06458
798.336 418.176 11.9596 0.406423 -3.15735
812.16 368.064 11.9253 0.103841 -3.10656
805.248 495.936 11.8914 0.885818 -2.55273
843.264 454.464 11.653 0.59494 -2.94519
917.568 501.12 11.0254 0.787998 -3.38355
870.912 511.488 11.4602 0.910468 -2.70014
680.832 475.2 12.7512 1.28301 -9.10208
767.232 478.656 12.0821 0.872246 -2.98313
1232.06 590.976 10.233 0.832866 -1.1497
1194.05 527.04 10.4313 0.601949 -1.11554
1104.19 686.016 10.7547 1.30459 -0.938632
1109.38 615.168 10.637 1.05413 -1.3068
1185.41 686.016 10.4394 1.23771 -0.976368
1178.5 609.984 10.4266 0.963987 -1.13513
1007.42 597.888 10.8934 1.13841 -1.77096
1033.34 551.232 10.8977 0.860541 -1.55345
1093.82 660.096 10.6539 1.26102 -1.33349
1238.98 416.448 10.0064 0.023906 -1.69054
1102.46 511.488 10.5225 0.607903 -1.80279
1190.59 525.312 10.3437 0.607068 -1.3037
1010.88 485.568 10.611 0.580559 -2.95938
960.768 523.584 10.8327 0.871176 -2.94521
1206.84 549.504 10.2517 0.674856 -1.35859
182.477 487.296 15.2816 1.53315 -1.92663
153.446 491.443 15.3455 1.57272 -1.82124
215.654 454.118 15.2795 1.36942 -2.20091
396.058 427.162 16.4841 1.45303 -8.67789
483.149 439.603 13.5604 0.901202 -1.41474
462.413 437.53 13.5092 0.885595 -0.774967
545.357 470.707 13.2984 1.00081 -1.73609
534.989 462.413 13.0965 0.887062 -0.342379
680.141 474.854 12.7388 1.26596 -8.83601
912.384 402.278 11.2871 0.172844 -2.98814
501.811 331.776 13.6812 0.338884 -1.80666
505.958 385.69 12.7836 0.641937 1.76389
530.842 439.603 13.3011 0.859366 -1.25242
537.062 416.794 12.7226 0.667554 1.82015
1074.12 344.218 10.6859 -0.229139 -2.1506
1092.79 337.997 10.7173 -0.224754 -1.77276
1057.54 323.482 10.6608 -0.39659 -2.43812
1107.3 346.291 10.538 -0.218688 -2.04961
1107.3 337.997 10.5639 -0.283733 -1.97828
1169.51 433.382 10.3945 0.183994 -1.55177
1134.26 408.499 10.5672 0.115201 -1.53417
1194.39 358.733 10.1381 -0.260432 -1.93343
1188.17 385.69 10.1504 -0.0923147 -1.90658
1190.25 362.88 10.1494 -0.232306 -1.9737
1188.17 360.806 10.0959 -0.238307 -2.07074
286.157 435.456 17.8262 1.86353 -8.52839
371.174 435.456 16.655 1.58325 -8.31836
364.954 420.941 17.1286 1.5048 -9.21486
624.154 327.629 13.8411 -0.406437 -8.84404
617.933 381.542 13.6362 0.275807 -7.64807
989.107 479.002 10.9162 0.568064 -2.31728
1001.55 371.174 10.8962 -0.063262 -2.48782
178.33 346.291 15.1556 0.789311 -1.39282
147.226 333.85 15.1532 0.739371 -1.14505
155.52 410.573 15.2156 1.1233 -1.46108
1167.44 348.365 10.2508 -0.278525 -2.00286
1144.63 350.438 10.3685 -0.266274 -1.99364
1173.66 425.088 10.2215 0.121501 -1.86527
213.581 389.837 15.558 1.03467 -2.54424
184.55 389.837 15.206 0.987758 -1.6202
221.875 362.88 15.3009 0.840704 -2.05507
207.36 263.347 15.4681 0.304593 -2.02006
367.027 344.218 17.2188 0.462743 -8.88788
350.438 344.218 17.3453 0.544083 -8.66855
362.88 329.702 17.3664 0.283807 -9.06348
342.144 337.997 17.7536 0.451071 -9.34939
586.829 389.837 13.7148 0.480663 -5.6622
949.709 553.651 10.9818 1.02505 -2.55614
966.298 541.21 10.941 0.933003 -2.42297
974.592 449.971 10.9481 0.404822 -2.57859
396.058 391.91 16.4736 0.98711 -8.22026
389.837 373.248 16.2434 0.790917 -7.22489
1142.55 379.469 10.3934 -0.0873118 -1.88991
360.806 360.806 17.3344 0.683934 -9.11321
344.218 371.174 17.4418 0.874258 -8.91114
505.958 435.456 13.4544 0.8638 -1.35455
497.664 412.646 13.4248 0.756554 -0.973341
205.286 279.936 15.2728 0.427143 -1.65786
64.2816 273.715 15.8041 0.552825 -1.34126
66.3552 228.096 15.599 0.357917 -1.03746
155.52 261.274 15.1981 0.412543 -1.14929
141.005 215.654 15.3126 0.218712 -1.12732
76.7232 329.702 15.2312 0.784432 -0.769118
62.208 329.702 15.4005 0.798509 -0.926478
82.944 286.157 15.4827 0.597272 -1.07089
116.122 286.157 15.3354 0.562993 -1.1048
319.334 62.208 15.7844 -1.35346 -3.25747
265.421 53.9136 15.793 -1.1406 -2.58532
190.771 178.33 15.6352 -0.140056 -1.8805
213.581 136.858 15.7752 -0.443839 -2.22741
308.966 141.005 15.5994 -0.712366 -3.01933
101.606 151.373 15.7153 -0.0902983 -1.30756
481.075 267.494 15.9809 -0.870739 -9.12583
441.677 196.992 14.7397 -0.592505 -3.47526
389.837 346.291 16.8278 0.475427 -8.65933
398.131 105.754 15.048 -1.08117 -3.0444
354.586 114.048 15.3622 -0.98868 -3.13234
412.646 157.594 14.908 -0.781989 -3.18411
240.538 576.461 14.2444 1.60734 -0.692629
290.304 601.344 14.1436 1.7363 -1.02234
207.36 673.92 14.1434 1.89243 -0.415498
58.0608 566.093 15.0871 1.76777 -0.822272
87.0912 675.994 14.2541 1.78995 0.10323
114.048 663.552 14.3247 1.8194 -0.138378
194.918 489.37 15.3325 1.59179 -2.19033
95.3856 437.53 15.1407 1.22351 -0.95079
51.84 402.278 15.1571 1.09278 -0.63899
99.5328 520.474 15.0163 1.57238 -0.919961
66.3552 487.296 15.1949 1.46441 -0.926751
145.152 505.958 15.164 1.59524 -1.46926
136.858 458.266 15.0824 1.31199 -1.14833
524.621 590.976 13.1988 1.55681 -1.33807
578.534 528.768 13.0614 1.26602 -1.7472
512.179 646.963 13.1223 1.66485 -0.859582
396.058 574.387 13.8575 1.62914 -1.49228
400.205 530.842 13.8083 1.36563 -1.25955
449.971 578.534 13.4707 1.5096 -0.997527
425.088 580.608 13.6421 1.58089 -1.22863
479.002 561.946 13.4535 1.45122 -1.37829
396.058 636.595 13.6487 1.76929 -1.00796
431.309 649.037 13.4163 1.69919 -0.702862
532.915 362.88 13.4615 0.476779 -1.68037
537.062 522.547 13.2278 1.22849 -1.38637
491.443 493.517 13.4495 1.15076 -1.34898
495.59 458.266 13.4777 0.979828 -1.38672
611.712 458.266 13.6145 1.21234 -8.3002
435.456 385.69 13.9078 0.705102 -1.61468
408.499 445.824 16.3172 1.70151 -8.75356
462.413 512.179 13.4986 1.21827 -1.08005
439.603 512.179 13.5824 1.2341 -1.0035
470.707 456.192 13.4897 0.97035 -0.925196
864.691 246.758 11.7501 -0.765037 -3.12357
823.219 240.538 11.9787 -0.848502 -3.52339
827.367 228.096 11.9436 -1.07175 -4.06477
802.483 344.218 12.0315 -0.05673 -3.14691
914.458 358.733 11.2433 -0.117327 -3.31189
787.968 213.581 12.2537 -1.08304 -3.89654
669.773 356.659 13.2131 -0.225306 -9.09103
781.747 321.408 12.1811 -0.160751 -3.04784
827.367 95.3856 12.2235 -1.46756 -2.44489
887.501 64.2816 12.0031 -1.32331 -1.55563
864.691 163.814 11.8671 -1.29016 -2.97404
821.146 155.52 12.206 -1.01828 -2.12131
661.479 186.624 13.262 -1.13518 -4.11758
665.626 151.373 13.2599 -1.34457 -3.86397
752.717 159.667 12.5792 -1.36163 -3.62767
982.887 271.642 10.168 -1.41457 -5.96549
1020.21 259.2 10.0847 -1.41344 -5.16846
1132.19 101.606 10.8262 -1.35326 -1.53059
1196.47 132.71 10.3924 -1.3596 -1.82404
848.103 584.755 11.5107 1.35657 -2.69938
848.103 564.019 11.4878 1.24852 -2.95985
870.912 576.461 11.3968 1.26652 -2.61617
816.999 634.522 11.7809 1.50946 -1.78418
931.047 651.11 11.1836 1.48987 -1.9384
680.141 570.24 12.496 1.48513 -2.55857
752.717 551.578 12.0856 1.32687 -2.88279
734.055 632.448 12.2056 1.51661 -1.37112
852.25 510.106 11.5592 0.917127 -2.83839
812.851 493.517 11.7801 0.882945 -3.10475
841.882 454.118 11.692 0.609311 -2.62389
814.925 483.149 11.7793 0.814139 -3.07855
688.435 408.499 12.7849 0.388854 -8.78687
783.821 441.677 12.0142 0.600779 -3.24745
736.128 423.014 12.3335 0.534193 -4.03517
777.6 377.395 12.1416 0.194506 -3.12393
640.742 458.266 13.2618 1.16783 -8.80942
765.159 476.928 12.0818 0.861197 -3.05994
1096.93 588.902 10.6893 0.954416 -1.31496
1235.87 595.123 10.2167 0.851544 -1.12864
1107.3 613.786 10.6354 1.04782 -1.30925
1175.73 651.11 10.3687 1.14117 -1.21825
1219.28 624.154 10.2816 0.975041 -1.11049
972.519 576.461 10.746 1.16449 -2.88318
1047.17 655.258 10.7132 1.34203 -1.67536
1123.89 423.014 10.6398 0.198178 -1.43239
1109.38 393.984 10.6108 0.0415208 -1.71257
1217.2 435.456 10.121 0.144346 -1.6525
1136.33 481.075 10.5577 0.447121 -1.40568
1225.5 447.898 10.235 0.22144 -1.37218
1204.76 452.045 10.1252 0.223926 -1.71727
960.077 400.205 11.001 0.133145 -2.91514
1063.76 431.309 10.7645 0.257132 -1.81685
1090.71 393.984 10.7957 0.0843721 -1.4803
980.813 508.032 10.8085 0.73034 -2.71016
103.68 103.68 15.5082 -0.235282 -0.957272
47.2781 226.437 16.1019 0.30071 -1.54347
370.76 435.456 16.4952 1.52972 -7.87115
445.409 432.968 13.7778 0.917891 -1.53562
505.129 435.456 13.4681 0.86478 -1.43187
515.082 415.549 13.4222 0.748 -1.34588
1132.19 398.131 10.4569 0.011541 -1.83562
146.811 505.129 15.1896 1.58609 -1.53469
119.439 502.641 15.0967 1.52176 -1.14915
121.928 490.199 15.1417 1.48675 -1.2073
149.299 223.949 15.2783 0.257697 -1.15168
121.928 213.996 15.4313 0.226058 -1.17448
174.182 320.993 15.1816 0.683643 -1.37626
223.949 335.923 15.3483 0.69317 -2.09374
201.554 328.458 15.3205 0.677731 -1.82606
512.594 385.69 13.5727 0.625837 -1.72139
507.617 385.69 13.561 0.62936 -1.63011
517.571 373.248 13.53 0.570379 -1.64231
1077.44 500.152 10.7411 0.577786 -1.58161
204.042 278.692 15.2818 0.431206 -1.68661
1174.49 423.014 10.318 0.126208 -1.6963
243.855 355.83 15.3897 0.796969 -2.44993
104.509 102.021 15.3656 -0.199063 -0.77136
211.507 89.5795 15.7414 -0.68968 -2.06103
786.309 211.507 12.251 -1.0438 -3.71327
398.131 572.314 13.8285 1.60441 -1.37528
400.62 530.012 13.8241 1.36821 -1.2972
691.753 196.577 12.9651 -0.987747 -3.63717
915.702 358.318 11.2965 -0.089691 -2.97056
933.12 134.369 11.4374 -1.61627 -3.15541
1132.19 54.743 10.8738 -1.55863 -1.47164
1092.37 659.405 10.6375 1.27023 -1.38317
1107.3 612.127 10.6455 1.04277 -1.30785
1147.12 226.437 9.45813 -1.62952 -4.31881
263.762 166.717 15.8793 -0.475338 -3.0594
213.996 139.346 15.8191 -0.448053 -2.32571
308.552 141.834 15.6616 -0.739357 -3.16032
276.204 131.881 15.9498 -0.792974 -3.23551
368.271 196.577 16.0878 -0.8105 -5.23233
398.131 154.276 15.0054 -0.769461 -3.13369
811.192 368.271 11.9431 0.0979755 -3.09922
1204.35 126.904 10.4044 -1.33287 -1.65118
1174.49 649.452 10.3773 1.13433 -1.21856
313.528 579.779 14.2168 1.74511 -1.37823
408.085 445.409 16.4154 1.71345 -9.08771
111.974 184.136 15.5121 0.101832 -1.15514
59.7197 199.066 16.0203 0.187653 -1.47292
102.021 151.788 15.7937 -0.0881038 -1.42544
641.987 597.197 12.7198 1.67439 -2.59312
885.842 64.6963 11.9926 -1.37919 -1.72026
176.671 174.182 16.0077 -0.201589 -2.34335
335.923 97.0445 15.4237 -1.04153 -2.92199
273.715 102.021 15.8859 -0.946891 -3.01306
266.25 54.743 15.5912 -1.02991 -2.23054
111.974 569.825 15.066 1.84074 -1.16559
99.5328 520.059 15.0151 1.57214 -0.919976
64.6963 537.477 15.1273 1.67293 -0.897719
109.486 445.409 15.0792 1.25107 -0.953688
420.526 263.762 16.6092 -0.682736 -8.53876
1047.58 654.428 10.7221 1.34338 -1.65035
1025.19 607.15 10.7966 1.15462 -1.75921
231.414 654.428 14.0188 1.76847 -0.315384
201.554 602.174 14.3482 1.72273 -0.63398
863.447 246.344 11.7805 -0.709884 -2.805
826.122 251.32 11.9296 -0.889968 -3.80562
821.146 238.879 11.9735 -0.846092 -3.50794
833.587 106.998 12.1853 -1.31782 -2.2319
826.122 94.5562 12.2149 -1.48974 -2.53273
1122.23 544.942 10.6207 0.737776 -1.35331
525.036 544.942 13.2428 1.34028 -1.40627
848.517 564.849 11.5912 1.20797 -2.28304
806.216 549.919 11.7731 1.20252 -2.78888
863.447 164.229 11.8707 -1.27325 -2.8687
796.263 169.206 12.2863 -1.18963 -3.0319
808.704 141.834 12.2692 -1.18784 -2.57882
204.042 510.106 15.1445 1.66642 -1.9943
584.755 480.246 13.0716 1.00917 -1.72659
758.938 562.36 12.0245 1.39234 -3.02814
74.6496 410.573 15.1725 1.12153 -0.802952
92.0679 385.69 15.029 0.990255 -0.673002
378.225 114.463 15.1717 -1.00094 -3.02511
355.83 99.5328 15.3887 -1.10517 -3.16277
1196.88 562.36 10.3577 0.742414 -1.20277
1186.93 520.059 10.3574 0.575313 -1.31978
851.006 510.106 11.5277 0.936195 -3.15908
811.192 492.687 11.801 0.868012 -2.80224
823.634 445.409 11.8079 0.582209 -2.86227
855.982 298.598 11.6611 -0.519461 -3.7554
612.127 594.709 12.8702 1.61441 -2.20436
569.825 597.197 13.0155 1.57658 -1.64252
577.29 527.524 13.0766 1.26958 -1.76792
651.94 223.949 13.1699 -0.710244 -3.47802
761.426 154.276 12.5213 -1.42371 -3.7441
751.473 159.253 12.5883 -1.27672 -3.32931
910.725 403.108 11.3259 0.19933 -2.67027
910.725 383.201 11.3388 0.0900429 -2.80348
487.711 500.152 13.4656 1.17002 -1.34756
482.734 440.433 13.5322 0.889622 -1.28273
549.919 286.157 14.6126 -0.578585 -7.23101
990.352 477.758 10.7879 0.551834 -2.85276
972.933 445.409 11.0005 0.412593 -2.40935
1074.95 333.435 10.8163 -0.231536 -1.76771
1040.12 293.622 10.5196 -0.694602 -3.26994
766.403 485.222 12.0607 0.908902 -3.12775
783.821 440.433 12.0197 0.603507 -3.33762
870.912 574.802 11.3916 1.27956 -2.75098
77.1379 328.458 15.3408 0.774959 -0.921069
82.1146 281.18 15.506 0.583382 -1.13517
1137.16 345.877 10.5292 -0.189519 -1.73383
1107.3 338.412 10.5622 -0.281647 -1.99429
1169.51 447.898 10.3016 0.247022 -1.70843
1147.12 500.152 10.4269 0.508711 -1.57668
1139.65 440.433 10.4871 0.234975 -1.59599
1094.86 467.804 10.8076 0.432642 -1.2751
325.97 420.526 17.3818 1.56197 -8.55557
176.671 308.552 15.2278 0.579992 -1.42394
776.356 378.225 12.143 0.180515 -3.46633
154.276 490.199 15.3286 1.56083 -1.81985
136.858 457.851 15.1317 1.32171 -1.24435
649.452 430.479 13.2408 0.802723 -8.73066
1020.21 405.596 10.9121 0.127057 -2.13982
1020.21 373.248 10.7828 -0.085995 -2.56597
333.435 358.318 17.6072 0.685224 -8.87979
318.505 306.063 17.8209 0.140841 -8.53512
134.369 408.085 15.1392 1.08323 -1.1378
124.416 370.76 15.1415 0.930331 -1.01477
960.492 400.62 10.9031 0.0936546 -3.32304
967.957 370.76 10.8601 -0.117383 -3.47951
1114.77 408.085 10.4554 0.0915866 -2.01683
1107.3 395.643 10.5145 0.0155525 -1.9986
462.828 435.456 13.6354 0.900892 -1.31189
435.456 385.69 13.9127 0.701745 -1.61343
1067.49 467.804 10.7952 0.435354 -1.60666
982.887 597.197 10.6734 1.27939 -2.87704
1010.26 554.895 10.7856 0.949169 -2.25698
156.764 261.274 15.2141 0.410813 -1.17112
1189.42 383.201 10.1501 -0.106764 -1.92541
532.501 360.806 13.4665 0.477466 -1.68005
395.643 425.503 16.7923 1.47209 -9.6289
450.386 119.439 14.7349 -1.12794 -3.27106
988.361 370.262 10.9138 -0.096085 -2.77392
1131.69 352.346 10.5568 -0.175796 -1.68482
1140.65 337.416 10.4042 -0.309528 -1.92994
633.029 400.122 13.4661 0.468267 -7.6769
615.113 409.08 13.7103 0.599966 -8.49256
444.912 432.968 13.7668 0.918014 -1.45515
104.509 101.523 15.5142 -0.238575 -0.969989
441.926 197.075 14.7575 -0.606821 -3.55513
444.912 158.257 14.7085 -0.853523 -3.2409
612.127 594.211 12.8669 1.63156 -2.24367
570.323 597.197 13.0248 1.57676 -1.55017
871.907 176.173 11.8115 -1.2519 -3.15687
1158.56 104.509 10.6889 -1.35053 -1.53736
1077.94 250.823 9.85435 -1.39493 -4.50716
1024.19 259.781 10.0678 -1.3963 -5.0334
1188.42 176.173 9.68676 -1.69122 -3.31526
1197.38 131.383 10.3983 -1.35215 -1.77849
313.528 579.281 14.1849 1.71702 -1.29463
692.748 197.075 12.9505 -0.973624 -3.51232
662.889 188.117 13.1392 -0.893223 -3.0442
665.875 152.285 13.2206 -1.27343 -3.56905
785.314 212.005 12.2651 -1.09351 -3.93989
1176.48 647.959 10.3882 1.1257 -1.20518
170.201 621.085 14.5107 1.87865 -0.768427
200.061 161.243 15.6351 -0.219381 -1.96284
209.019 92.5655 16.0292 -0.796578 -2.47594
397.136 573.309 13.8096 1.59566 -1.31215
525.533 594.211 13.2214 1.57559 -1.45519
982.389 274.711 10.0163 -1.57768 -6.81665
973.431 223.949 10.517 -1.74775 -5.56346
504.631 274.711 15.5457 -0.818871 -8.69154
907.739 319.5 11.6457 -0.123366 -1.70503
886.837 65.6917 12.0065 -1.41247 -1.81162
322.486 143.327 15.4537 -0.707392 -2.96049
277.697 131.383 15.6536 -0.660281 -2.67256
842.048 424.01 11.772 0.438809 -2.38714
1206.34 110.481 10.5046 -1.35325 -1.46433
274.711 101.523 15.8742 -0.929115 -2.98017
824.132 235.893 11.8589 -1.25334 -4.96014
943.571 286.655 10.5706 -1.20212 -5.82438
1182.45 259.781 9.74341 -1.04489 -3.08035
1221.27 226.935 9.46344 -1.39241 -3.25613
1161.55 235.893 9.46167 -1.56442 -4.18809
86.5936 412.066 15.137 1.11968 -0.835156
89.5795 370.262 15.1647 0.944236 -0.826744
110.481 570.323 15.081 1.84654 -1.16066
101.523 519.561 15.017 1.56205 -0.921514
656.917 277.697 13.3682 -0.943075 -6.80031
650.945 223.949 13.4352 -1.16753 -5.3775
668.861 355.332 13.1971 -0.212815 -8.75807
797.258 170.201 12.286 -1.14756 -2.94578
821.146 152.285 12.1687 -1.19407 -2.72327
1027.18 612.127 10.7537 1.17352 -1.90742
191.103 179.159 15.9241 -0.182667 -2.33734
170.201 155.271 15.8737 -0.2428 -2.05123
400.122 104.509 14.844 -0.964855 -2.5239
522.547 543.449 13.2975 1.38764 -1.66031
913.711 376.234 11.3094 0.0601598 -3.02566
845.034 456.856 11.7473 0.612668 -2.20899
824.132 444.912 11.784 0.572862 -3.09884
848.02 346.374 11.7266 -0.104832 -3.15132
856.978 298.598 11.7341 -0.418683 -3.15136
916.697 495.673 11.3252 0.752721 -2.19137
1185.44 555.393 10.3537 0.732566 -1.27162
1188.42 519.561 10.4619 0.576075 -1.10369
62.7057 256.795 15.6428 0.454401 -1.1533
62.7057 220.963 16.0744 0.281209 -1.62487
480.743 564.351 13.4036 1.43492 -1.21845
424.01 582.267 13.6625 1.60412 -1.31535
447.898 528.519 13.6439 1.33969 -1.43225
585.253 483.729 13.082 1.01207 -1.73773
848.02 582.267 11.6405 1.24774 -1.95245
818.16 585.253 11.6465 1.39806 -2.64522
851.006 528.519 11.5309 1.01831 -2.96849
788.3 546.435 11.894 1.22628 -2.86124
1122.73 543.449 10.7708 0.730879 -0.951089
119.439 510.603 15.1174 1.58389 -1.25213
65.6917 489.701 15.1028 1.44014 -0.76809
92.5655 438.94 15.0225 1.20122 -0.727268
370.262 340.402 17.2637 0.432959 -9.02285
412.066 310.542 16.802 -0.130838 -9.08107
379.22 310.542 17.0269 -0.00742064 -8.60768
552.407 283.669 14.6126 -0.578585 -7.23101
1012.25 543.449 10.8998 0.878828 -1.86382
1161.55 483.729 10.4368 0.42523 -1.46496
734.552 167.215 12.7173 -1.26643 -3.6855
752.468 161.243 12.5972 -1.35772 -3.67745
755.454 552.407 12.0234 1.44693 -3.8525
746.496 549.421 12.1262 1.27636 -2.80933
1045.09 331.444 10.8678 -0.28301 -2.14494
1042.11 295.612 10.5909 -0.671194 -3.06863
179.159 489.701 15.19 1.51211 -1.76929
113.467 340.402 15.0903 0.807806 -0.812601
74.6496 289.641 15.3073 0.629063 -0.807243
782.328 322.486 12.4342 0.422538 1.28088
958.501 465.814 10.9835 0.541824 -2.87581
1107.8 340.402 10.5961 -0.218475 -1.89099
203.047 277.697 15.3278 0.405137 -1.74684
262.767 229.921 17.4759 -0.362731 -6.05926
925.655 579.281 10.96 1.28165 -3.16732
486.715 498.659 13.4754 1.17423 -1.34837
438.94 513.589 13.682 1.28549 -1.37925
1197.38 358.318 10.0168 -0.285113 -2.1393
1188.42 355.332 10.1593 -0.250553 -1.89703
534.491 438.94 13.3263 0.851114 -1.41002
525.533 459.842 13.2956 0.939759 -1.1525
656.917 373.248 13.341 0.054068 -9.23246
785.314 444.912 12.0158 0.594688 -3.09256
1146.62 498.659 10.5765 0.514062 -1.24714
1116.76 489.701 10.7396 0.515153 -1.18249
295.612 418.038 17.3663 1.54379 -7.56227
334.43 373.248 16.8982 0.88575 -7.20655
961.487 400.122 11.0889 0.155837 -2.52056
1009.26 555.393 10.8073 0.941328 -2.1601
970.445 573.309 10.8865 1.10802 -2.40163
958.501 531.505 10.9484 0.885991 -2.61512
149.299 226.935 15.2682 0.246819 -1.13293
334.43 358.318 17.8647 0.773135 -9.47908
776.356 379.22 12.1478 0.210623 -3.22406
534.491 403.108 13.4664 0.700504 -1.97829
516.575 415.052 13.4693 0.761344 -1.53971
1057.04 373.248 10.8135 -0.0420498 -1.98522
1021.21 373.248 10.8144 -0.0689233 -2.519
173.187 397.136 15.1861 1.04677 -1.48966
125.411 370.262 15.1424 0.92706 -1.0416
415.052 418.038 16.262 1.27766 -8.59025
370.262 435.954 16.7638 1.60941 -8.59763
641.987 597.197 12.6843 1.56815 -2.01772
865.936 247.837 11.8127 -0.649563 -2.60114
450.884 119.439 14.7145 -1.119 -3.21013
336.819 96.7459 15.3676 -1.009 -2.76644
820.549 236.49 11.978 -0.871065 -3.56435
1028.37 609.141 10.776 1.17087 -1.83087
1157.37 107.495 10.5414 -1.55238 -2.03216
132.578 533.894 15.0627 1.67881 -1.27609
838.464 426.399 11.7041 0.427579 -2.89828
795.466 422.815 11.9663 0.445744 -3.1917
799.049 361.901 12.0558 0.141443 -2.35228
978.209 598.391 10.8705 1.20641 -2.20383
111.079 569.726 15.0911 1.84632 -1.20347
125.411 526.728 15.008 1.60883 -1.06239
419.232 580.475 13.7077 1.62938 -1.48106
401.316 533.894 13.9494 1.47079 -1.78844
748.885 161.243 12.5813 -1.11452 -2.81668
730.969 157.66 12.7339 -1.49122 -4.15059
827.715 93.1627 12.2275 -1.53144 -2.60313
917.294 358.318 11.178 -0.177902 -3.68958
859.964 326.07 11.6818 -0.271062 -3.35345
906.545 318.903 11.4608 -0.340014 -2.81923
125.411 372.651 15.2304 0.937303 -1.17574
89.5795 369.068 15.1768 0.941691 -0.843289
490.896 358.318 13.7474 0.508411 -2.00197
845.631 351.152 11.7564 -0.0722047 -2.89738
802.633 347.569 12.037 -0.0162909 -2.83655
856.38 300.987 11.7373 -0.418069 -3.1667
820.549 304.57 12.0626 -0.140628 -1.95564
1092.87 340.402 10.8128 -0.168041 -1.51845
1160.95 508.812 10.3939 0.537309 -1.51007
1203.95 451.481 10.1892 0.224073 -1.6013
1168.12 447.898 10.3142 0.244874 -1.70744
397.733 103.912 15.0258 -1.09848 -2.94602
354.735 103.912 14.9692 -0.788252 -2.20892
584.059 483.73 13.0975 1.03489 -1.73215
605.558 358.318 13.8004 0.070531 -7.47907
71.6636 483.73 15.1301 1.46844 -0.875223
125.411 462.23 15.1057 1.33407 -1.11922
93.1627 437.148 15.1879 1.24326 -1.01951
537.477 523.145 13.1888 1.23123 -1.18988
849.214 566.143 11.5376 1.2323 -2.49445
816.965 584.059 11.6587 1.39961 -2.59264
849.214 512.395 11.5753 0.928866 -2.74803
788.3 548.227 11.9094 1.18234 -2.31684
809.799 490.896 11.8154 0.868134 -2.96605
842.048 455.064 11.616 0.6053 -3.3732
942.377 286.655 10.3494 -1.42805 -6.80768
1121.54 544.644 10.6226 0.749997 -1.30885
1186.03 519.561 10.5007 0.573657 -1.01582
1168.12 533.894 10.39 0.643788 -1.40185
121.828 211.408 15.3651 0.23165 -1.05529
89.5795 182.742 15.526 0.146924 -0.975607
100.329 150.494 15.4979 -0.0167788 -1.00612
992.541 469.397 11.0517 0.561718 -1.85549
956.709 465.814 10.9683 0.529648 -2.86352
412.066 311.737 16.7097 -0.121534 -8.80699
376.234 311.737 16.2298 0.125657 -6.41403
752.468 551.81 12.031 1.41794 -3.8477
734.552 551.81 12.1247 1.46992 -4.10831
1006.87 555.393 10.8606 0.931758 -2.00121
1186.03 354.735 10.4087 -0.174999 -1.49251
512.395 329.653 14.0123 0.214065 -3.57089
562.56 286.655 14.3844 -0.581866 -6.84882
874.296 512.395 11.4022 0.905812 -3.01499
1014.04 476.563 10.8321 0.538618 -2.23404
1067.79 469.397 10.8732 0.483957 -1.38392
103.912 329.653 15.1257 0.754255 -0.794462
1071.37 340.402 10.7724 -0.210712 -1.88102
1039.12 297.404 10.643 -0.607286 -2.82887
136.161 408.483 15.0714 1.08781 -1.05243
476.563 566.143 13.4445 1.4691 -1.38634
451.481 580.475 13.5495 1.57164 -1.34897
462.23 512.395 13.4803 1.19942 -0.982609
487.313 498.062 13.4741 1.16728 -1.45358
777.55 326.07 12.1702 -0.259175 -3.97567
541.06 480.146 13.3103 1.05085 -1.8294
508.812 476.563 13.3749 1.02731 -1.26284
533.894 440.731 13.3181 0.854178 -1.38297
523.145 462.23 13.3092 0.948051 -1.2285
533.894 404.9 13.4422 0.694886 -1.80556
763.218 440.731 12.2031 0.618494 -2.4958
963.876 397.733 10.9622 0.105935 -3.0617
333.236 358.318 17.736 0.751791 -9.21609
684.388 433.565 12.7641 0.728245 -8.72329
1193.2 412.066 10.1914 0.0645889 -1.72876
1164.53 412.066 10.3353 0.0713195 -1.76775
1178.87 372.651 10.1712 -0.177901 -2.0341
214.991 390.567 15.3089 1.00739 -2.08047
336.819 422.815 16.4381 1.42779 -6.86334
336.819 372.651 16.9819 0.891258 -7.3689
956.709 530.311 10.9164 0.90681 -2.70825
186.325 243.656 15.2242 0.2895 -1.35329
734.552 422.815 12.2971 0.595894 -4.13595
773.967 383.4 12.3387 0.465232 0.0834312
1103.62 419.232 10.6147 0.172738 -1.79348
1132.29 397.733 10.374 0.00282633 -2.02447
1107.2 397.733 10.6213 0.0626018 -1.71467
1128.7 472.98 10.4618 0.394723 -1.7386
164.826 444.315 15.1917 1.26907 -1.54995
222.157 336.819 15.3246 0.713172 -2.05227
243.656 293.821 15.456 0.418642 -2.34553
1060.62 429.982 10.9395 0.298196 -1.33358
1057.04 372.651 10.8 -0.0421798 -1.9817
469.397 372.651 12.7118 0.638438 2.21949
433.565 386.984 12.7827 0.656664 2.05112
594.808 422.815 13.6047 0.785221 -6.14434
358.318 426.399 17.2389 1.56324 -9.01228
390.567 372.651 16.6299 0.775639 -8.30113
899.379 598.391 11.1452 1.39613 -2.94204
824.132 587.642 11.6465 1.37687 -2.46772
1186.03 175.576 9.88075 -1.53296 -2.88634
1121.54 139.744 10.7968 -1.18049 -1.65514
978.209 272.322 10.043 -1.52764 -6.59975
863.547 164.826 11.8359 -1.52261 -3.80977
781.134 211.408 12.2869 -1.05638 -3.77634
863.547 247.24 11.7472 -0.796706 -3.30561
526.728 594.808 13.2255 1.56875 -1.42273
275.905 447.898 16.7207 1.72763 -5.97867
290.238 601.974 14.1598 1.74128 -1.02997
447.898 118.245 14.7229 -1.10995 -3.19671
103.912 100.329 14.8114 -0.0164556 -0.0452487
214.991 139.744 15.6919 -0.400907 -2.08741
369.784 434.282 16.5424 1.57237 -7.902
808.366 485.879 11.8242 0.838862 -2.84715
821.265 447.181 11.8533 0.577156 -2.2377
1083.55 571.876 10.8233 0.89885 -1.23746
180.592 313.887 15.177 0.625307 -1.34594
296.687 417.082 17.471 1.57066 -7.8091
343.985 391.283 17.1227 1.1392 -8.17039
438.581 546.077 13.7454 1.5046 -1.65641
765.368 576.176 11.9029 1.57266 -3.83046
748.168 541.777 12.0545 1.36491 -3.41331
847.064 111.795 12.12 -1.11111 -1.64268
976.059 425.682 11.1671 0.328631 -1.81922
967.459 395.583 10.9147 0.069923 -3.26171
107.495 266.589 15.411 0.501762 -1.14724
85.9964 275.188 16.3012 0.524196 -2.10432
791.167 184.892 12.3175 -1.08251 -3.00205
915.861 490.179 10.8914 0.756786 -4.22069
911.561 464.38 11.2061 0.583358 -2.93724
950.26 498.779 10.7569 0.748617 -3.7503
958.859 464.38 11.1295 0.546199 -2.10659
1062.06 550.377 10.8046 0.831165 -1.4934
1053.46 507.379 10.888 0.653974 -1.45043
1031.96 335.386 10.8274 -0.297608 -2.30962
412.783 309.587 16.9751 -0.14748 -9.71594
369.784 313.887 16.9853 0.0389141 -8.28859
567.576 546.077 13.0769 1.3339 -1.753
520.278 546.077 13.2955 1.33607 -1.40053
537.477 520.278 13.2657 1.26088 -1.66789
524.578 528.878 13.0916 1.15471 -0.380998
580.475 481.58 13.0791 1.03227 -1.72986
610.574 455.781 12.6898 0.715837 1.41811
584.775 447.181 13.2381 0.915754 -2.62249
756.768 176.293 12.5532 -1.26727 -3.72721
1186.75 515.978 10.4554 0.55097 -1.11368
107.495 339.686 15.1289 0.813161 -0.88595
116.095 296.687 15.3188 0.606699 -1.12985
124.695 485.879 15.2023 1.49732 -1.38468
85.9964 503.079 15.1364 1.51633 -1.00464
137.594 451.481 15.1291 1.29925 -1.22051
778.267 326.786 12.2022 -0.110093 -3.03107
180.592 485.879 15.2404 1.54119 -1.84358
150.494 494.479 15.2693 1.55861 -1.66336
154.793 442.881 15.0844 1.26005 -1.26774
322.486 305.287 18.0991 0.0858751 -9.1642
765.368 485.879 12.0977 0.883171 -2.58421
735.269 481.58 12.2254 1.06415 -4.7255
902.962 558.976 11.1924 1.17019 -2.91619
877.163 511.678 11.6117 0.860631 -1.61181
1130.85 399.883 10.5404 0.0582307 -1.66238
1105.05 417.082 10.5984 0.17654 -1.77852
1109.35 395.583 10.8613 0.13046 -1.08504
477.28 477.28 13.5297 1.04524 -1.31896
455.781 481.58 13.7291 1.13675 -1.74817
533.177 434.282 13.4268 0.848741 -1.98121
1001.86 442.881 10.736 0.350013 -2.78174
1186.75 382.684 10.1554 -0.118321 -1.92478
159.093 395.583 15.2464 1.05423 -1.46831
395.583 425.682 14.3822 1.00048 -2.3946
391.283 369.784 16.7679 0.763893 -8.7203
558.976 404.183 12.921 0.650883 0.488675
511.678 412.783 13.4616 0.76718 -1.44945
730.969 425.682 12.3428 0.556787 -3.65072
197.792 270.889 15.3905 0.376468 -1.80499
159.093 253.689 14.9223 0.399951 -0.703322
1036.26 421.382 10.8426 0.219705 -2.04513
245.09 292.388 15.4278 0.423937 -2.31379
1126.55 468.68 10.4712 0.396794 -1.76445
1070.65 468.68 10.7827 0.479629 -1.62201
1143.75 494.479 10.532 0.510054 -1.40148
1027.66 610.574 10.9368 1.12133 -1.31272
980.359 597.675 10.6081 1.29865 -3.21354
1178.15 619.174 10.4102 0.989009 -1.18747
799.766 361.185 12.0547 0.141674 -2.37034
877.163 584.775 11.2593 1.36116 -3.21895
847.064 576.176 11.4689 1.37807 -3.05503
1191.05 176.293 9.73118 -1.69261 -3.23285
1027.66 262.289 11.4476 -0.23961 -0.569495
1079.25 249.389 9.59505 -1.56066 -5.24204
752.468 81.6965 12.6754 -1.40787 -2.23372
864.263 163.393 11.7998 -1.53911 -3.9358
872.863 103.196 12.0105 -1.17718 -1.74664
920.161 356.885 11.2083 -0.150777 -3.49572
821.265 305.287 11.8655 -0.458017 -4.07146
864.263 249.389 11.7649 -0.741268 -3.02766
429.982 593.375 13.5734 1.59105 -1.11155
421.382 580.475 13.7688 1.66052 -1.6425
399.883 567.576 13.9253 1.63917 -1.80856
571.876 597.675 13.023 1.55554 -1.46489
571.876 524.578 13.1253 1.27441 -1.95498
214.991 455.781 15.1285 1.34463 -1.88134
202.091 507.379 15.161 1.64064 -1.98087
128.995 524.578 15.1039 1.6585 -1.29423
438.581 193.492 14.5545 -0.500271 -2.84976
447.181 120.395 14.6243 -1.02724 -2.83238
399.883 103.196 15.2274 -1.17898 -3.34015
210.691 90.2962 16.11 -0.829116 -2.62885
111.795 103.196 15.6575 -0.289258 -1.17954
318.187 141.894 15.5325 -0.69698 -2.89578
214.991 141.894 15.7175 -0.411678 -2.17456
335.386 94.596 15.5309 -1.09563 -3.10246
270.889 103.196 15.7963 -0.888634 -2.80349
939.08 283.788 10.142 -1.65814 -8.12064
1104.19 423.102 10.5939 0.159505 -1.80785
1171.27 474.7 10.5304 0.393243 -1.17724
1140.31 495.339 10.4557 0.494371 -1.57115
118.675 345.705 15.1977 0.804072 -0.964811
474.7 567.576 13.4147 1.44626 -1.18336
490.179 500.499 13.396 1.13841 -1.06689
433.422 515.978 13.6969 1.28863 -1.40859
686.251 433.422 12.6568 0.729192 -7.25135
820.405 149.634 12.2173 -1.18541 -2.62114
959.719 464.38 10.9918 0.517181 -2.60553
1006.16 521.138 11.048 0.740459 -1.50469
1016.48 402.463 11.2064 0.209818 -1.11383
149.634 495.339 15.0696 1.48695 -1.27819
108.355 443.741 15.0676 1.24979 -0.937833
175.433 170.273 16.0884 -0.23493 -2.49172
577.896 485.02 13.0979 1.02917 -1.85215
583.055 448.901 12.9867 0.799655 -0.754866
877.163 515.978 11.4875 0.885861 -2.41419
980.359 536.617 11.0489 0.874841 -1.84949
959.719 531.458 10.9749 0.890612 -2.52265
1037.12 319.906 10.8609 -0.271249 -2.16739
175.433 314.747 15.4885 0.625663 -1.91687
185.752 412.783 15.2998 1.11911 -1.82401
541.777 485.02 13.2655 1.04518 -1.52803
536.617 438.581 13.3108 0.837531 -1.38829
608.854 361.185 12.755 0.536951 0.849868
768.807 386.984 12.1804 0.284605 -2.73111
794.606 175.433 12.288 -1.04451 -2.66965
1171.27 376.664 10.1554 -0.15274 -1.99209
196.072 268.309 15.1548 0.396952 -1.38093
185.752 242.51 15.2412 0.268043 -1.36954
340.546 356.025 16.4504 0.691493 -6.07928
356.025 309.587 16.7885 0.151386 -7.54428
469.54 433.422 13.66 0.874842 -1.42128
386.984 371.504 17.0122 0.694028 -9.3753
242.51 294.108 15.4703 0.417815 -2.37081
180.592 485.02 15.0626 1.46791 -1.50336
216.711 459.221 15.3617 1.39093 -2.36644
469.54 412.783 13.6149 0.776523 -1.2415
464.38 412.783 13.6387 0.796794 -1.33565
433.422 392.143 13.5501 0.734158 -0.379111
1083.55 438.581 10.7955 0.30036 -1.4404
1026.8 614.014 10.871 1.15446 -1.52844
980.359 598.535 10.7869 1.24369 -2.52244
1083.55 572.736 10.7523 0.895428 -1.32116
1062.92 552.097 10.9811 0.813262 -0.976073
804.926 485.02 11.8805 0.836703 -2.34326
768.807 583.055 11.9471 1.44647 -2.53819
748.168 546.937 12.1001 1.30311 -3.13279
1145.47 113.515 10.8936 -1.1803 -1.16874
1150.63 232.19 9.02811 -1.8734 -5.35594
665.612 190.912 13.1863 -1.00565 -3.58419
861.684 165.113 11.8946 -1.23326 -2.8056
872.003 103.196 12.1548 -0.927644 -1.12547
768.807 314.747 12.212 -0.166698 -3.18227
856.524 304.427 11.7563 -0.294441 -2.56696
779.127 330.226 12.1733 -0.0316426 -3.10442
371.504 433.422 17.0173 1.63874 -9.33498
417.942 583.055 13.7897 1.68066 -1.66877
402.463 536.617 13.63 1.29834 -0.70534
603.694 593.375 12.8484 1.57429 -1.86547
572.736 531.458 13.1197 1.26218 -1.79149
134.154 412.783 15.2301 1.12058 -1.30323
201.231 510.818 15.2252 1.65333 -2.05881
128.995 531.458 15.1918 1.69814 -1.47261
438.581 190.912 14.7601 -0.614372 -3.42198
366.345 196.072 16.0913 -0.791029 -5.16902
448.901 123.835 14.6959 -1.00965 -3.10439
366.345 335.386 17.0968 0.253904 -8.52251
515.978 330.226 13.5597 0.365067 -1.56383
557.256 288.948 13.7181 -0.137475 -3.03549
98.0359 154.793 15.7828 -0.084577 -1.41805
113.515 103.196 15.7513 -0.351244 -1.30162
257.989 159.953 15.5035 -0.349172 -2.38011
314.747 144.474 15.5774 -0.751156 -3.16261
1021.64 482.956 10.8318 0.5807 -2.00412
984.486 470.572 10.8634 0.523112 -2.66323
1040.21 439.613 10.8447 0.264583 -1.81491
1126.9 470.572 10.7638 0.435355 -1.02158
1139.28 439.613 10.6178 0.267003 -1.2869
216.711 247.67 15.144 0.273248 -1.45566
458.189 482.956 13.6318 1.14049 -1.31754
575.832 482.956 13.1117 1.0357 -1.73046
643.941 458.189 13.2452 1.1794 -8.70845
916.377 377.696 11.5818 0.176904 -1.46101
1003.06 513.914 10.9841 0.75339 -1.93617
1108.32 396.271 11.4231 0.286268 0.144044
1064.98 408.655 10.7897 0.169192 -1.86772
1083.55 390.08 10.8386 0.100592 -1.4463
1064.98 371.504 11.0555 0.0641078 -1.04301
507.723 414.846 13.4517 0.763555 -1.3866
891.61 340.546 11.8764 0.157482 -0.64975
848.268 352.929 11.7515 -0.0550989 -2.89794
854.46 303.395 11.7182 -0.37434 -3.15876
959.719 526.298 10.9706 0.896141 -2.57502
916.377 489.147 11.1779 0.730359 -2.82881
965.911 464.38 11.0315 0.537245 -2.43237
916.377 470.572 11.174 0.601079 -3.04326
179.56 315.779 15.0629 0.633056 -1.13041
538.681 482.956 13.2582 1.03208 -1.40142
538.681 427.23 13.1182 0.784101 -0.419311
210.519 408.655 15.2415 1.10639 -1.93958
185.752 408.655 15.2707 1.09789 -1.79468
191.944 365.313 15.2991 0.886457 -1.77859
1015.45 396.271 11.0543 0.165879 -1.66259
340.546 359.121 16.9839 0.717818 -7.56827
743.009 408.655 12.3004 0.44894 -3.2772
724.433 421.038 12.339 0.555658 -3.75541
965.911 563.448 10.6261 1.13354 -3.5649
1126.9 575.832 10.5746 0.883729 -1.3538
743.009 427.23 12.285 0.449902 -3.84186
848.268 458.189 11.5547 0.685396 -3.6068
879.227 569.64 11.4101 1.20943 -2.43921
773.967 575.832 12.03 1.28951 -1.56011
916.377 216.711 11.5608 -0.813853 -2.30146
1102.13 340.546 10.7374 -0.185985 -1.63271
650.133 216.711 13.5675 -1.18144 -5.83849
749.2 160.985 12.6511 -1.50429 -4.37712
860.652 167.177 11.9815 -0.990601 -2.0843
786.351 179.56 12.2899 -1.21422 -3.54978
817.31 142.41 12.213 -1.28944 -2.8353
743.009 315.779 12.4632 -0.297626 -3.7757
817.31 303.395 11.9657 -0.400104 -3.48523
371.504 433.422 15.7932 1.34771 -5.80482
476.764 563.448 13.4373 1.45567 -1.31289
433.422 588.215 13.6167 1.65887 -1.35603
433.422 513.914 13.5722 1.27861 -1.06455
136.218 445.805 15.0641 1.2436 -1.09122
160.985 396.271 15.1659 1.05189 -1.4122
198.136 507.723 14.9521 1.55224 -1.49144
148.602 495.339 15.2257 1.54827 -1.59321
439.613 160.985 14.7256 -0.824155 -3.19626
402.463 154.793 15.2439 -0.943402 -3.98068
520.106 334.354 14.0758 0.226953 -3.88591
557.256 284.82 14.4506 -0.572223 -6.75494
191.944 173.369 15.5661 -0.1339 -1.80308
167.177 154.793 15.6712 -0.214466 -1.71859
260.053 154.793 15.8308 -0.471094 -2.94348
365.313 328.162 16.8311 0.419316 -7.80541
1107.08 505.246 10.6949 0.530555 -1.29088
163.462 297.203 15.1766 0.565105 -1.20751
178.322 267.483 15.0125 0.41299 -0.988889
832.17 156.032 12.1077 -1.47137 -3.55802
787.589 178.322 12.3257 -1.26601 -3.72504
780.159 148.602 12.4423 -1.67458 -4.3978
936.191 349.214 11.1223 -0.206321 -3.09779
928.761 326.924 11.2576 -0.440634 -3.50788
913.901 468.095 11.4091 0.582922 -1.89083
995.632 349.214 10.97 -0.179094 -2.49425
1069.93 475.526 11.1987 0.517995 -0.480726
1055.07 430.945 10.776 0.270707 -1.83417
245.193 289.773 15.0788 0.429264 -1.6756
416.085 468.095 13.8959 1.13534 -1.62561
564.687 527.536 13.1034 1.27267 -1.74331
534.966 482.956 13.2658 1.03087 -1.40078
616.697 423.515 13.5178 0.814803 -7.58914
824.74 230.333 12.0339 -0.78655 -3.01631
795.019 215.473 12.1896 -1.132 -3.93074
832.17 193.182 11.9082 -1.54629 -4.49545
772.729 208.042 12.3367 -1.1434 -4.08303
1010.49 393.795 10.9868 0.193761 -1.98345
965.911 393.795 10.8992 0.0666968 -3.26055
1092.22 341.784 10.6295 -0.258655 -2.0564
1032.78 304.634 10.6233 -0.625613 -2.95331
222.903 408.655 15.964 1.23161 -3.3705
1003.06 445.805 10.9265 0.375428 -2.10307
1107.08 416.085 10.878 0.253081 -0.957372
1017.92 482.956 11.1714 0.564969 -1.02931
1062.5 549.826 10.8619 0.838602 -1.32317
653.848 430.945 13.0091 0.736822 -6.89345
765.299 572.117 11.9524 1.44413 -2.9324
728.148 482.956 12.2865 1.14467 -5.98895
1121.94 141.172 10.8146 -1.19143 -1.62323
1017.92 260.053 10.0213 -1.44848 -5.36647
1114.51 334.354 10.5999 -0.261837 -2.02698
720.718 163.462 12.7131 -1.02126 -2.41755
668.708 156.032 13.2601 -1.38137 -4.09587
891.61 341.784 11.4767 -0.155843 -2.67513
809.879 297.203 11.9642 -0.311437 -3.07227
497.816 423.515 13.2964 0.814115 -0.522248
542.396 430.945 13.1916 0.780469 -0.834136
520.106 371.504 13.3379 0.616448 -0.730023
475.526 564.687 13.4673 1.46779 -1.41171
490.386 497.816 13.4431 1.14732 -1.25442
586.977 557.256 12.8666 1.30371 -0.879287
564.687 549.826 13.102 1.4094 -1.74681
215.473 460.665 15.3544 1.4031 -2.39064
371.504 430.945 16.884 1.4471 -8.51145
193.182 505.246 15.528 1.75004 -2.62917
401.225 156.032 15.3907 -1.0078 -4.41146
393.795 289.773 16.909 -0.279029 -8.56967
512.676 334.354 13.9276 0.295149 -2.87926
260.053 148.602 15.9295 -0.534223 -3.07637
178.322 312.064 15.2332 0.622148 -1.45847
341.784 356.644 16.326 0.679938 -5.91105
936.191 347.728 11.0709 -0.249661 -3.3444
918.359 356.644 11.3183 -0.0845639 -2.76479
1016.44 481.47 10.8247 0.527969 -2.17994
1069.93 410.141 10.892 0.185716 -1.47208
249.651 356.644 15.3853 0.77062 -2.46025
249.651 294.231 15.144 0.414016 -1.69969
374.476 356.644 16.299 0.678041 -6.69626
365.56 320.98 16.3138 0.291334 -6.32102
410.141 356.644 14.9612 0.532123 -4.13194
499.302 445.805 13.3989 0.970776 -1.32938
490.386 499.302 13.4866 1.14045 -1.37876
454.721 517.134 13.609 1.26329 -1.35415
508.218 490.386 13.3467 1.10473 -1.37855
463.637 490.386 13.5567 1.14549 -1.17082
1007.52 445.805 11.0841 0.416097 -1.50923
1007.52 419.057 11.2153 0.319726 -1.26036
918.359 436.889 11.185 0.385829 -3.3344
971.855 392.309 11.4422 0.267583 -0.882838
1105.6 419.057 10.5632 0.135911 -1.8146
962.939 526.05 11.2709 0.833852 -1.38424
927.275 543.882 10.8349 1.09706 -3.5647
1105.6 534.966 10.6194 0.676921 -1.48
1087.76 472.554 10.9587 0.508721 -1.01701
748.953 419.057 12.2725 0.470951 -3.57834
855.946 481.47 11.6793 0.691149 -2.24444
909.443 231.819 11.4754 -1.00988 -3.15739
1078.85 240.735 9.21876 -2.06255 -6.70644
1052.1 347.728 10.9648 -0.125836 -1.78768
1025.35 258.567 9.9903 -1.44233 -5.26233
757.869 205.07 12.4843 -0.980532 -3.34342
855.946 169.406 11.8838 -1.29269 -3.23596
793.533 178.322 12.3121 -1.22232 -3.39005
784.617 312.064 12.0333 -0.350724 -4.76175
811.365 294.231 11.9701 -0.378838 -3.3281
543.882 436.889 13.3279 0.805898 -1.52982
588.463 401.225 13.924 0.571798 -6.77835
517.134 401.225 13.4262 0.663088 -1.37568
410.141 534.966 14.2232 1.64907 -2.91811
552.798 526.05 13.2435 1.27207 -1.99982
579.547 481.47 13.285 1.09933 -2.9155
213.987 454.721 15.761 1.5917 -3.25982
303.148 427.973 16.6387 1.45765 -5.99467
329.896 401.225 17.4739 1.34873 -8.72905
267.483 383.392 15.6088 0.930262 -3.10986
187.238 508.218 15.0373 1.57488 -1.56351
570.631 356.644 12.8231 0.554935 1.02475
552.798 285.315 14.6513 -0.70344 -7.77201
196.154 169.406 15.969 -0.222377 -2.48607
178.322 312.064 14.8138 0.620501 -0.690976
436.889 187.238 14.4594 -0.616367 -2.84991
