835 170 3.36971 -2.29891 14.7959
903 406 2.7582 -0.527538 10.8808
298 1041 0.651779 0.41147 6.92529
434 840 0.810447 0.321735 7.65632
259 956 0.63301 0.223263 6.83301
1000.8 171.6 2.09962 -1.00563 7.31905
796.8 183.6 2.36121 -1.59484 11.0107
724.8 260.4 1.8723 -1.15414 10.0991
418.8 862.8 0.804673 0.296752 7.4213
1044 583.2 5.37309 1.23226 16.2571
1098 680.4 3.75312 0.996758 11.0544
544.8 706.8 1.04699 0.236564 8.51166
448.8 818.4 0.828548 0.320021 7.78918
866.4 294 2.86848 -1.15695 11.9312
412.8 872.4 0.775327 0.349251 7.52793
836.4 249.6 3.00552 -1.53252 13.2374
841.2 170.4 2.59646 -1.67315 11.0638
850.8 231.6 2.76143 -1.46084 11.7158
1801.2 870 2.10068 -0.100271 5.43939
1312.8 1053.6 2.23057 0.57011 6.47082
799.2 296.64 2.56522 -1.18345 12.2947
802.08 282.24 2.85671 -1.38102 13.6622
838.08 286.56 3.07121 -1.33613 13.624
1008 73.44 2.5635 -1.50999 8.56338
1035.36 41.76 2.26014 -1.31888 7.48958
897.12 324 2.87063 -0.935181 11.3124
846.72 185.76 2.69803 -1.65164 11.3939
838.08 178.56 2.63159 -1.66496 11.3169
832.32 181.44 2.56376 -1.62218 11.0951
836.64 194.4 2.59133 -1.58795 11.2692
374.4 928.8 0.727608 0.372882 7.2974
888.48 177.12 2.86898 -1.65746 11.2372
488.16 797.76 0.902498 0.35182 8.04558
882.72 190.08 3.13289 -1.76425 12.3758
1159.2 787.68 3.75945 1.41737 10.4163
987.84 408.96 2.35378 -0.50706 8.30497
610.56 609.12 1.25519 0.00143064 8.68248
962.496 295.488 2.70434 -0.91908 9.6047
841.536 193.536 2.61629 -1.58593 11.2243
841.536 174.528 3.17345 -2.05967 13.6402
838.08 169.344 2.63377 -1.72453 11.3348
836.352 193.536 2.89945 -1.81775 12.7087
1028.16 70.848 2.53124 -1.45503 8.29784
881.28 188.352 2.91247 -1.64228 11.5163
846.72 228.096 2.54787 -1.3585 10.8982
850.176 243.648 2.73092 -1.39127 11.5968
864 186.624 2.70769 -1.60719 11.1407
888.192 176.256 2.87338 -1.66151 11.274
618.624 566.784 1.39509 0.189893 11.7167
997.056 101.952 2.33473 -1.30299 7.98034
796.608 183.168 2.7401 -1.89875 12.9226
648 523.584 1.44931 -0.151489 9.76704
867.456 293.76 2.86725 -1.1587 11.8931
907.2 324.864 3.0684 -0.973777 11.92
449.28 820.8 0.830074 0.320668 7.78865
604.8 587.52 1.30037 0.230796 11.1161
787.968 311.04 2.73396 -1.19088 13.8378
787.968 306.893 2.70656 -1.22634 13.4298
850.176 232.243 2.62719 -1.35905 11.0931
883.354 188.698 2.84675 -1.59718 11.2331
966.298 236.39 2.9001 -1.21628 10.1888
841.882 174.182 2.4036 -1.49734 10.2737
839.808 178.33 3.02546 -1.9546 13.1054
879.207 296.525 2.9312 -1.13 11.9654
765.159 423.014 1.81915 -0.496068 9.10063
715.392 439.603 1.62315 -0.457749 8.7859
829.44 184.55 2.74419 -1.73714 12.0193
848.103 186.624 3.06267 -1.892 12.9886
962.151 331.776 2.54751 -0.762166 9.13227
796.263 184.55 2.45911 -1.70788 11.5956
837.734 286.157 2.83753 -1.26676 12.5316
899.943 406.426 2.63515 -0.511657 10.4662
1020.21 543.283 2.12296 -0.200062 7.4815
984.96 474.854 2.1803 -0.33931 7.85998
939.341 141.005 3.55416 -2.0899 12.5739
888.33 194.089 2.66137 -1.44025 10.4156
838.564 169.206 2.6872 -1.77084 11.5988
763.914 423.014 1.81537 -0.495996 9.08091
900.772 320.993 3.05398 -1.00817 11.998
890.819 318.505 3.19578 -1.0826 12.7347
935.608 106.998 3.59554 -2.3506 12.761
828.611 184.136 2.62061 -1.69868 11.6222
885.842 179.159 2.8621 -1.64873 11.2217
704.195 271.227 1.5698 -0.919039 8.22905
798.751 184.136 2.47672 -1.71544 11.6809
836.076 286.157 2.8205 -1.25423 12.4615
933.12 383.201 2.69106 -0.585983 10.0899
721.613 530.012 1.48661 -0.27314 7.66295
1020.21 544.942 2.28534 -0.146873 7.95485
729.078 395.643 1.75107 -0.589514 9.43375
898.781 319.5 2.95313 -0.977825 11.6015
788.3 310.542 2.46895 -1.08666 12.1066
770.384 319.5 2.37627 -1.04468 12.0757
839.062 191.103 2.53405 -1.53178 10.8744
839.062 179.159 2.67285 -1.70487 11.5094
848.02 185.131 2.72786 -1.64973 11.4747
997.319 516.575 2.11185 -0.251486 7.55485
1373.55 830.104 2.23566 0.136287 6.28305
964.473 274.711 2.78176 -1.0256 9.82467
928.641 400.122 2.70353 -0.513294 10.1926
931.627 382.206 2.73671 -0.613556 10.2679
800.244 286.655 2.85134 -1.36914 13.7457
940.585 140.341 3.40811 -1.99122 12.15
867.13 286.655 2.77197 -1.12692 11.4515
838.464 186.325 2.6265 -1.65415 11.4037
842.048 132.578 2.51181 -1.71435 10.5631
1379.52 920.878 2.22523 0.259003 6.26317
1368.78 906.545 2.22876 0.256655 6.29626
799.049 186.325 3.15434 -2.28634 15.2723
831.298 286.655 2.78085 -1.22804 12.4253
928.044 401.316 2.70434 -0.517114 10.1969
942.377 139.744 3.46552 -2.01963 12.288
838.465 176.293 2.15701 -1.31635 9.14369
825.565 184.892 2.79034 -1.81481 12.3959
838.465 167.693 2.49578 -1.63166 10.7554
881.463 288.088 3.32643 -1.29715 13.497
799.766 184.892 2.73995 -1.89754 12.9042
834.165 133.294 2.87866 -2.13349 12.451
700.87 434.282 1.63028 -0.498122 9.18197
928.761 374.084 2.66146 -0.61564 10.0119
885.763 184.892 2.4288 -1.35808 9.53784
855.664 189.192 2.47331 -1.41406 10.2177
1375.94 829.865 2.23453 0.130374 6.28252
866.843 283.788 2.81094 -1.12541 11.7165
923.601 397.303 3.1362 -0.52348 11.7839
902.962 325.066 3.16417 -0.991831 12.3858
1382.82 841.044 2.23786 0.14105 6.26372
1377.66 830.725 2.23589 0.13292 6.28286
835.885 175.433 2.15701 -1.31635 9.14369
799.766 185.752 2.09561 -1.31862 9.50954
939.08 412.783 2.63039 -0.467888 9.81737
866.843 278.628 2.34898 -0.986445 9.71205
1046.4 600.599 2.31522 -0.00352502 7.88435
1021.64 538.681 2.49586 -0.100699 8.58656
854.46 191.944 2.66726 -1.55983 11.168
835.885 179.56 2.28209 -1.46087 9.86072
934.953 408.655 3.06364 -0.519532 11.5199
916.377 396.271 2.78102 -0.557624 10.7042
835.885 130.027 2.89206 -2.09633 12.4254
1374.57 916.377 2.22228 0.250244 6.26036
773.967 315.779 2.30497 -1.00411 11.6972
736.817 371.504 2.01988 -0.727749 11.1331
712.05 123.835 1.5766 -1.2316 7.91684
928.761 408.655 3.29483 -0.54427 12.3348
906.471 408.655 2.82497 -0.493613 11.0937
735.579 364.074 2.2834 -0.88663 12.6746
1017.92 534.966 2.09156 -0.224084 7.30049
965.911 222.903 2.98972 -1.28205 10.4448
1374.57 913.901 2.22773 0.254554 6.27555
1374.57 832.17 2.2416 0.139933 6.29949
884.18 178.322 2.57873 -1.42102 10.0969
