1002 357 0.241292 -0.191015 1.74059
1009 327 0.253417 -0.218096 1.75679
1250 619 0.236532 -0.00996397 1.40066
1221 378 0.24834 -0.121514 1.43807
1035 343.85 0.244191 -0.187772 1.67751
1001.65 356.5 0.242046 -0.192434 1.74449
1003.95 326.6 0.248633 -0.21732 1.75788
1164.95 303.6 0.241569 -0.166769 1.47788
1250.05 618.7 0.235691 -0.010069 1.39874
1124.7 380.65 0.228127 -0.130247 1.49674
1221.3 377.2 0.241999 -0.119085 1.42409
1108.26 499.905 0.239668 -0.0727235 1.55224
1043.45 560.74 0.262975 -0.0442902 1.73132
1215.38 224.825 0.236148 -0.186998 1.41036
1105.61 354.43 0.227127 -0.147926 1.51744
1165.12 302.853 0.23863 -0.164857 1.47006
1006.42 234.083 0.229347 -0.267437 1.68876
1009.07 325.335 0.250242 -0.216763 1.74764
1191.57 95.22 0.217217 -0.240509 1.38864
1190.25 154.732 0.229571 -0.223243 1.41845
1076.52 179.86 0.221077 -0.253023 1.53643
1251.08 618.93 0.235098 -0.0102243 1.39648
1125.45 379.557 0.227932 -0.130222 1.49559
1097.68 507.84 0.239765 -0.0700537 1.56731
1039.48 514.453 0.240082 -0.0725802 1.66486
1020.51 509.493 0.226955 -0.0751586 1.66187
1002.26 503.41 0.235485 -0.0847177 1.73221
1008.34 365.01 0.25029 -0.18746 1.75348
1050.92 547.515 0.229401 -0.0498621 1.61423
1215.18 225.089 0.234196 -0.185764 1.40555
1218.22 346.759 0.244445 -0.135164 1.43217
1006.82 232.694 0.225514 -0.263431 1.67413
1009.86 323.946 0.246194 -0.214435 1.73475
1049.4 342.197 0.251162 -0.188705 1.67213
1119.36 85.169 0.212509 -0.272125 1.45183
1231.91 60.835 0.220802 -0.243043 1.35877
1134.57 591.62 0.233253 -0.022534 1.50703
1113.28 425.845 0.245463 -0.115104 1.55693
1125.45 378.698 0.234345 -0.133469 1.5112
1231.91 407.594 0.228319 -0.0992982 1.3906
1181.72 485.159 0.238304 -0.0729276 1.45817
1026.59 396.948 0.253409 -0.158932 1.72631
1064.61 509.493 0.235103 -0.0716382 1.60395
1038.76 514.056 0.257376 -0.0771929 1.72118
1166.59 302.578 0.229315 -0.159922 1.44607
1093.13 339.307 0.248823 -0.172246 1.59237
1119.36 85.7013 0.213676 -0.273505 1.4561
1114.12 45.4742 0.209919 -0.292628 1.44997
1107.12 160.909 0.223911 -0.249718 1.49694
1131.61 592.913 0.239147 -0.0215643 1.52255
1178.83 617.399 0.235313 -0.0096029 1.46244
1003.93 648.881 0.246558 0.0172927 1.76302
1037.16 634.889 0.275183 0.00397659 1.78206
1126.36 379.534 0.232928 -0.132701 1.5069
1184.08 418.012 0.234617 -0.10323 1.44862
1222.56 376.036 0.239577 -0.118791 1.41724
1164.84 472.232 0.243363 -0.0816179 1.49144
1002.18 503.714 0.235485 -0.0847177 1.73221
1038.91 514.208 0.244449 -0.0738042 1.67703
1047.92 547.089 0.231855 -0.0498429 1.62212
1007.69 366.067 0.253337 -0.190007 1.76495
1114.29 253.431 0.24687 -0.211109 1.54798
1166.59 301.704 0.232566 -0.161467 1.45419
1176.64 329.863 0.23839 -0.148024 1.45891
1176.64 307.738 0.227272 -0.153329 1.43196
1057.97 205.158 0.230244 -0.25524 1.59322
1001.66 356.01 0.243209 -0.193431 1.74782
1092.17 339.919 0.250305 -0.173354 1.59581
1047.92 341.931 0.24232 -0.184227 1.65033
1106.25 160.909 0.224254 -0.249959 1.4976
1192.73 162.92 0.232408 -0.22009 1.42118
1057.97 140.795 0.220392 -0.283707 1.55755
1104.23 591.339 0.23418 -0.0221084 1.54516
1037.86 603.407 0.246823 -0.0169482 1.6929
1066.02 555.135 0.24247 -0.0468478 1.62281
1037.86 631.566 0.268425 0.00417027 1.75758
1112.28 424.396 0.243195 -0.114889 1.55007
1126.36 378.135 0.235294 -0.134344 1.51413
1001.66 502.839 0.243943 -0.0869723 1.76282
1037.86 514.907 0.244449 -0.0738042 1.67703
1214.36 222.054 0.2404 -0.191612 1.4214
1131.09 589.83 0.255347 -0.024477 1.56633
1105.64 587.517 0.240964 -0.024544 1.56382
1214.36 483.43 0.248055 -0.0721529 1.447
1218.98 344.646 0.236761 -0.131796 1.41256
1216.67 636.092 0.230885 -0.00249883 1.41842
1191.23 161.914 0.231767 -0.220142 1.42169
1230.55 404.786 0.230788 -0.100703 1.39501
1221.3 372.403 0.237666 -0.117715 1.41321
1059.38 240.558 0.239917 -0.241304 1.61581
1022.37 242.871 0.229313 -0.249076 1.65816
1057.07 205.862 0.233476 -0.257464 1.60122
1112.58 423.29 0.250589 -0.118274 1.57261
1036.25 633.779 0.281207 0.00338282 1.80565
1144.96 342.333 0.240473 -0.151134 1.4981
1091.76 340.02 0.247893 -0.171887 1.59112
1126.46 319.202 0.251692 -0.175251 1.55183
1057.07 414.038 0.249094 -0.135886 1.65403
1036.25 328.455 0.224694 -0.182834 1.61378
1084.83 319.202 0.25028 -0.186803 1.60322
1117.21 631.466 0.232376 0.00044372 1.5289
1215.63 220.782 0.2404 -0.191612 1.4214
1159.77 119.701 0.228874 -0.252669 1.44851
1087.95 87.7806 0.217465 -0.294812 1.50809
1058.69 140.981 0.220392 -0.283707 1.55755
1178.39 619.785 0.280159 -0.0103496 1.56941
1181.05 481.464 0.24407 -0.0760571 1.47314
1040.07 601.164 0.237626 -0.0167973 1.65874
1220.95 343.143 0.247262 -0.135727 1.43419
1218.29 303.242 0.242106 -0.153633 1.42677
1167.75 300.582 0.235049 -0.16318 1.45975
1058.69 242.062 0.24298 -0.243635 1.62595
1021.45 244.722 0.228104 -0.24865 1.65309
1056.03 414.963 0.240183 -0.133666 1.62749
1042.73 406.983 0.261228 -0.151062 1.71305
1002.83 353.783 0.240871 -0.193615 1.73841
1106.57 353.783 0.241275 -0.157308 1.55617
1002.83 502.744 0.228913 -0.0835794 1.69955
1135.83 492.104 0.250587 -0.0778716 1.55079
1159.77 468.163 0.247207 -0.084589 1.50458
1066.67 555.944 0.225843 -0.0430947 1.57894
1016.13 508.064 0.251111 -0.0831123 1.76064
1079.97 478.804 0.235293 -0.0883964 1.58283
1079.97 58.5204 0.213183 -0.312078 1.50601
1082.89 253.899 0.238931 -0.220197 1.57439
1153.25 238.604 0.216854 -0.186836 1.42586
1085.95 204.954 0.236424 -0.247445 1.56082
1104.31 587.332 0.246805 -0.0264253 1.57881
1134.9 535.329 0.239314 -0.0518104 1.51591
1159.37 471.089 0.246148 -0.0841004 1.50206
1058.42 201.895 0.235474 -0.262013 1.60625
1058.42 137.656 0.218528 -0.28311 1.5526
1055.36 412.968 0.240819 -0.132856 1.62978
1125.72 376.26 0.235265 -0.134484 1.51207
1134.9 492.503 0.232794 -0.0732992 1.50085
1189.96 162.128 0.234521 -0.222388 1.42921
1217.49 370.142 0.244941 -0.12213 1.43049
1085.95 318.138 0.255609 -0.190443 1.61595
1055.36 315.079 0.242926 -0.196854 1.6367
1064.54 553.683 0.23967 -0.0453191 1.61734
1079.83 58.1214 0.217404 -0.316723 1.51739
1214.43 220.25 0.238895 -0.191255 1.41833
1062.4 137.197 0.219911 -0.284253 1.55334
1034.26 151.269 0.221282 -0.296021 1.60974
1160.9 186.447 0.232336 -0.22133 1.45808
1037.77 633.218 0.266802 0.00284626 1.75132
1023.7 598.039 0.246943 -0.0203876 1.72148
1087.02 204.037 0.232403 -0.244074 1.55017
1196.08 87.9469 0.223935 -0.247521 1.39659
1108.13 587.485 0.241694 -0.027558 1.55972
1136.27 538.235 0.247077 -0.0551746 1.53447
1136.27 496.02 0.229138 -0.071388 1.49382
1115.17 422.145 0.24304 -0.117083 1.55241
1129.24 376.413 0.231417 -0.132827 1.49628
1160.9 376.413 0.233258 -0.128758 1.46919
1016.67 376.413 0.227349 -0.164665 1.66597
1027.22 249.769 0.246593 -0.264365 1.69844
1146.83 344.752 0.246405 -0.154132 1.51381
1062.4 299.019 0.238786 -0.201059 1.61049
1006.11 503.056 0.218914 -0.0798885 1.66534
1016.67 471.395 0.245351 -0.106274 1.72734
1065.92 555.824 0.23967 -0.0453191 1.61734
1087.02 87.9469 0.230974 -0.30515 1.54002
1153.86 242.733 0.231269 -0.196029 1.46255
1059.94 238.688 0.249497 -0.251188 1.65178
1027.57 230.597 0.250928 -0.278611 1.70337
1157.03 376.237 0.225229 -0.120719 1.44886
1128.71 586.606 0.249281 -0.0259646 1.55551
1169.17 347.918 0.22743 -0.135541 1.43844
1035.66 323.645 0.243094 -0.1988 1.67477
1055.89 408.601 0.246351 -0.138285 1.64349
1063.98 554.241 0.240824 -0.0464285 1.6252
1157.03 469.285 0.229915 -0.0804405 1.46974
1039.71 598.742 0.2555 -0.0201454 1.71456
1177.26 618.97 0.239566 -0.00983752 1.46788
1197.48 84.9567 0.223935 -0.247521 1.39659
1152.98 238.688 0.22706 -0.192663 1.45045
1042.14 600.158 0.233766 -0.0184963 1.64726
1028.18 227.967 0.219945 -0.249577 1.60287
1056.09 409.41 0.245188 -0.139106 1.64186
1023.53 334.972 0.24256 -0.197529 1.69737
1037.48 321.015 0.239846 -0.198303 1.66357
1046.79 465.239 0.220879 -0.102264 1.59589
1158.45 469.891 0.240066 -0.0847351 1.495
1060.74 200.053 0.228467 -0.255888 1.57979
1088.66 88.3954 0.227602 -0.30751 1.53448
1079.35 246.577 0.255064 -0.237651 1.62642
1021.9 337.066 0.237602 -0.193843 1.68419
1037.95 321.015 0.216001 -0.184508 1.58853
1027.25 609.928 0.264395 -0.0158693 1.74619
1005.85 502.923 0.241376 -0.0844814 1.7396
1059.35 556.426 0.236076 -0.0472684 1.62036
1043.3 465.472 0.222009 -0.102675 1.60345
1128.9 497.573 0.241562 -0.0749541 1.5307
1123.55 583.177 0.239179 -0.0256835 1.5308
1027.25 165.858 0.229174 -0.299907 1.62752
1059.35 197.959 0.199567 -0.229342 1.48837
1059.35 139.106 0.228417 -0.293344 1.57713
1058.28 553.751 0.227379 -0.0433138 1.59758
1150.57 313.792 0.237932 -0.164041 1.49514
1027.52 504.528 0.250404 -0.086799 1.69769
1156.72 467.612 0.23673 -0.0835036 1.48931
1125.96 498.376 0.239446 -0.0730919 1.52681
1058.28 135.361 0.231888 -0.296601 1.58905
1095.2 332.25 0.259562 -0.18668 1.62863
1058.28 239.959 0.250995 -0.25074 1.66347
756.793 184.584 0.104001 -0.455794 2.14641
769.098 313.792 0.205222 -0.484675 2.84443
153.82 356.862 -0.20597 -0.0943568 1.32149
215.348 313.792 -0.218077 -0.132193 1.40246
246.111 221.5 -0.228529 -0.195561 1.47823
123.056 129.208 -0.221866 -0.179244 1.31246
209.195 227.653 -0.220859 -0.173757 1.4193
596.82 344.556 -0.087109 -0.507647 3.26477
504.528 184.584 -0.163759 -0.448124 2.1375
572.209 178.431 -0.0935321 -0.456876 2.14382
399.931 141.514 -0.201223 -0.340312 1.73779
264.57 535.292 -0.174743 -0.0324845 1.35975
203.042 393.778 -0.184724 -0.0785203 1.30971
147.667 436.848 -0.186505 -0.0604371 1.27893
529.14 406.084 -0.181857 -0.307542 2.7689
399.931 486.07 -0.183864 -0.0814462 1.69907
449.153 473.764 -0.160867 -0.102437 1.78693
892.154 307.639 0.275104 -0.343262 2.25889
984.446 153.82 0.259846 -0.389361 1.85096
818.32 578.362 0.267078 -0.0475204 2.69869
861.39 406.084 0.215916 -0.21094 2.10519
806.015 473.764 0.243581 -0.203313 2.63942
855.237 449.153 0.255962 -0.193785 2.36555
701.418 449.153 0.202027 -0.460812 4.48202
929.071 596.82 0.224671 -0.0196354 1.87576
996.751 504.528 0.243674 -0.0863411 1.75126
996.751 541.445 0.250837 -0.060254 1.80542
486.07 516.834 -0.119955 -0.0616113 1.65098
461.459 547.598 -0.158578 -0.0463479 1.86553
996.751 363.014 0.240766 -0.187544 1.74098
756.793 516.834 0.191062 -0.140719 2.76354
762.945 553.751 0.208663 -0.0985435 2.96568
430.695 196.889 -0.165048 -0.277376 1.64694
399.931 221.5 -0.202616 -0.284997 1.73152
424.542 227.653 -0.216607 -0.340601 1.95435
430.695 363.014 -0.207136 -0.21558 1.95139
990.599 246.111 0.246352 -0.286116 1.79001
922.918 375.32 0.257488 -0.235606 2.05271
965.987 381.473 0.248977 -0.192268 1.88287
953.682 399.931 0.248977 -0.192268 1.88287
929.071 529.14 0.23725 -0.0776271 1.93748
922.918 252.264 0.264971 -0.356927 2.02374
818.32 516.834 0.242554 -0.131788 2.55888
793.709 387.626 0.227539 -0.332422 2.76361
812.168 381.473 0.222477 -0.299659 2.45407
793.709 418.389 0.330547 -0.382577 3.38994
812.168 412.237 0.237047 -0.270097 2.535
516.834 492.223 -0.175282 -0.145896 2.54175
455.306 332.25 -0.192343 -0.252849 1.99228
479.917 338.403 -0.168112 -0.246823 2.01179
449.153 166.125 -0.212842 -0.428803 2.03089
455.306 215.348 -0.230217 -0.452883 2.28182
436.848 258.417 -0.203545 -0.30672 1.94144
301.487 301.487 -0.238572 -0.190793 1.62897
299.614 304.964 -0.243257 -0.192893 1.64801
101.655 315.665 -0.212003 -0.101843 1.27802
155.157 358.467 -0.199595 -0.091079 1.30373
278.213 197.959 -0.250335 -0.250484 1.61869
599.228 347.766 -0.0842216 -0.502542 3.2448
551.076 181.908 -0.12483 -0.450976 2.13657
577.827 181.908 -0.0935321 -0.456876 2.14382
444.071 160.507 -0.218168 -0.439798 2.06203
224.71 449.421 -0.18312 -0.0622402 1.33946
128.406 428.02 -0.198684 -0.0616964 1.27491
203.309 395.918 -0.184724 -0.0785203 1.30971
144.457 438.72 -0.19713 -0.0599163 1.28365
203.309 433.37 -0.187583 -0.066325 1.3261
518.974 492.223 -0.159354 -0.136098 2.40225
401.269 486.873 -0.184864 -0.0826132 1.70855
893.492 288.913 0.246196 -0.328063 2.11855
888.141 310.314 0.24248 -0.307065 2.11209
989.796 246.111 0.240541 -0.278142 1.75758
984.446 149.807 0.23147 -0.356113 1.73478
861.39 502.923 0.225247 -0.118901 2.15631
791.837 599.228 0.310027 -0.0196012 3.32987
695.532 502.923 0.21578 -0.338558 4.9596
861.39 406.619 0.230186 -0.224569 2.19594
647.38 422.67 0.0604309 -0.689258 5.50534
930.943 604.578 0.255084 -0.0160949 1.99743
775.786 460.121 0.216573 -0.242454 2.8395
802.537 476.172 0.240091 -0.194646 2.61323
433.37 262.162 -0.204503 -0.310653 1.94423
995.146 449.421 0.247679 -0.129144 1.77841
952.344 235.411 0.224348 -0.299291 1.77858
759.735 518.974 0.212002 -0.153163 2.95862
765.086 556.426 0.214481 -0.0958128 2.94429
791.837 390.568 0.216067 -0.317003 2.65477
797.187 422.67 0.230692 -0.285258 2.69293
834.639 545.725 0.24118 -0.0865408 2.38718
454.771 524.324 -0.171287 -0.070823 1.91919
406.619 524.324 -0.208429 -0.0659716 1.89231
379.868 556.426 -0.207252 -0.0360885 1.77329
995.146 588.527 0.226871 -0.0257202 1.71644
540.375 379.868 -0.183934 -0.407087 3.08804
449.421 476.172 -0.175016 -0.108124 1.88413
476.172 497.573 -0.156784 -0.0922336 1.8671
454.771 315.665 -0.202802 -0.28748 2.06536
331.715 428.02 -0.204983 -0.105836 1.57466
246.111 230.061 -0.230177 -0.195733 1.4879
246.577 232.62 -0.230177 -0.195733 1.4879
302.405 218.662 -0.261411 -0.269469 1.71794
297.753 307.058 -0.238572 -0.190793 1.62897
88.3954 232.62 -0.22006 -0.132844 1.28584
209.358 223.315 -0.21125 -0.163926 1.37744
102.353 316.363 -0.215868 -0.104269 1.29263
316.363 111.657 -0.222542 -0.296644 1.57062
279.143 200.053 -0.246401 -0.247075 1.60152
125.615 130.267 -0.211228 -0.169728 1.27959
530.372 288.448 -0.168319 -0.440254 2.5342
372.191 321.015 -0.267105 -0.251729 1.96451
553.634 181.443 -0.117867 -0.448272 2.12746
400.106 144.224 -0.194962 -0.321432 1.68092
446.629 162.834 -0.218168 -0.439798 2.06203
265.186 539.677 -0.186897 -0.0330865 1.41475
227.967 446.629 -0.18312 -0.0622402 1.33946
637.378 455.934 0.0119598 -0.580587 5.69783
828.125 353.582 0.228121 -0.330139 2.41658
772.297 316.363 0.220023 -0.500786 2.93025
832.778 186.096 0.196765 -0.465221 2.17367
860.692 190.748 0.222122 -0.465652 2.18276
776.949 186.096 0.129672 -0.460265 2.1568
986.307 153.529 0.229485 -0.344763 1.74143
893.259 590.854 0.236651 -0.0261282 2.04521
865.345 404.758 0.230186 -0.224569 2.19594
739.73 418.715 0.227062 -0.406346 3.46888
832.778 502.458 0.269119 -0.153454 2.61514
935.13 241.924 0.25695 -0.346852 1.97656
990.959 246.577 0.23724 -0.275812 1.74779
967.697 283.796 0.250868 -0.277818 1.85836
488.501 232.62 -0.162753 -0.335558 1.94325
507.111 390.801 -0.195508 -0.296136 2.57896
525.72 409.41 -0.181937 -0.312166 2.82741
535.025 409.41 -0.174266 -0.311354 2.80312
488.501 525.72 -0.123691 -0.0634774 1.68985
995.612 539.677 0.234327 -0.0594578 1.74064
930.478 330.32 0.257101 -0.269956 2.00272
795.559 390.801 0.232315 -0.332848 2.72409
795.559 418.715 0.244719 -0.300447 2.80341
446.629 493.153 -0.174447 -0.0894603 1.85162
762.992 521.068 0.212002 -0.153163 2.95862
348.929 367.539 -0.270073 -0.201518 1.92376
921.173 376.844 0.260851 -0.2366 2.06965
958.392 441.977 0.239457 -0.143652 1.83292
958.392 493.153 0.253328 -0.106334 1.90613
804.864 516.415 0.266759 -0.145858 2.77521
525.72 358.234 -0.19579 -0.412824 2.95442
562.939 437.325 -0.146134 -0.319699 3.34432
428.02 362.886 -0.202517 -0.211866 1.91583
455.934 400.106 -0.180497 -0.178991 1.90675
93.0478 234.642 -0.217325 -0.131499 1.28006
101.139 315.553 -0.215868 -0.104269 1.29263
125.412 129.458 -0.211228 -0.169728 1.27959
558.287 351.963 -0.169532 -0.495949 3.2738
602.788 347.918 -0.0802551 -0.510138 3.29944
582.56 182.05 -0.0856229 -0.458883 2.1603
445.011 161.822 -0.209254 -0.427784 2.01896
93.0478 517.831 -0.207919 -0.0330015 1.28376
230.597 445.011 -0.183746 -0.0638034 1.34601
129.458 424.783 -0.203493 -0.064532 1.29854
202.278 436.92 -0.179054 -0.0615838 1.29205
586.606 432.875 -0.13067 -0.450533 4.07122
372.191 368.146 -0.255111 -0.205931 1.94014
825.294 351.963 0.231728 -0.332049 2.42692
837.43 186.096 0.196765 -0.465221 2.17367
861.704 190.141 0.222122 -0.465652 2.18276
974.979 198.232 0.244942 -0.333819 1.8085
877.886 529.968 0.257909 -0.0960827 2.25034
752.474 586.606 0.257526 -0.0608138 3.49966
865.749 501.649 0.230648 -0.119416 2.16601
647.289 424.783 0.0771515 -0.744361 6.05359
683.699 469.285 0.182963 -0.447094 4.92554
930.478 529.968 0.232767 -0.0734745 1.89887
987.116 614.925 0.244653 -0.00960924 1.79117
837.43 465.239 0.243507 -0.184278 2.41259
801.02 477.376 0.226051 -0.187449 2.57082
833.385 501.649 0.239535 -0.138021 2.42175
768.656 461.194 0.232769 -0.258688 2.97495
505.695 428.829 -0.161313 -0.191411 2.19965
538.059 420.738 -0.183382 -0.315247 3.02454
837.43 542.105 0.241894 -0.0857441 2.3802
999.253 445.011 0.247185 -0.129332 1.77709
566.378 440.966 -0.141939 -0.3094 3.2104
525.922 493.558 -0.151515 -0.140605 2.44556
991.161 287.235 0.243371 -0.251204 1.77031
809.111 392.419 0.230361 -0.303574 2.54595
825.294 372.191 0.231001 -0.302008 2.3936
796.975 416.692 0.23822 -0.293321 2.73235
934.524 242.733 0.251897 -0.339744 1.94959
485.467 521.877 -0.141112 -0.0728802 1.88737
449.057 436.92 -0.180077 -0.140716 1.91544
485.467 230.597 -0.189407 -0.408049 2.18198
432.875 262.961 -0.201875 -0.299268 1.90982
853.613 639.198 0.230055 0.0251573 2.22584
764.61 517.831 0.204318 -0.148596 2.86376
602.788 457.148 -0.0857511 -0.415729 4.40913
635.152 457.148 0.0119598 -0.580587 5.69783
457.148 315.553 -0.194058 -0.274213 1.99004
485.467 287.235 -0.191164 -0.347899 2.17455
453.102 356.009 -0.191168 -0.229275 1.97524
461.194 327.69 -0.188779 -0.252279 1.97769
218.46 311.508 -0.227167 -0.14353 1.45467
238.688 343.872 -0.213282 -0.123799 1.44041
954.751 384.328 0.251337 -0.193809 1.89788
987.116 396.465 0.246423 -0.169998 1.79061
950.706 424.783 0.27026 -0.181036 1.98492
319.599 428.829 -0.181911 -0.0905923 1.47682
210.369 238.688 -0.219807 -0.166867 1.40791
250.825 230.597 -0.231464 -0.196019 1.49184
234.642 521.877 -0.173878 -0.0351937 1.32332
267.007 538.059 -0.185646 -0.0339156 1.40672
954.751 493.558 0.256835 -0.107405 1.9246
970.934 481.421 0.236465 -0.107168 1.79499
906.205 258.916 0.223485 -0.320751 1.94672
360.055 165.868 -0.214268 -0.291467 1.66277
408.601 165.868 -0.21646 -0.371618 1.86797
384.328 534.014 -0.215263 -0.0545485 1.84068
404.556 525.922 -0.183984 -0.0548134 1.72213
396.465 554.241 -0.186967 -0.0379007 1.71266
302.537 218.108 -0.241807 -0.246904 1.63058
94.9826 235.698 -0.218733 -0.13291 1.28487
179.412 239.216 -0.201509 -0.140965 1.31652
313.091 80.9111 -0.218611 -0.305844 1.54875
583.967 288.466 -0.0953596 -0.45377 2.5892
401.038 221.626 -0.199102 -0.28082 1.73815
401.038 358.823 -0.23228 -0.215122 1.92969
555.824 182.93 -0.113415 -0.453627 2.14203
583.967 182.93 -0.0856229 -0.458883 2.1603
351.788 109.054 -0.212558 -0.318892 1.62397
408.074 168.858 -0.23951 -0.414632 1.98988
232.18 524.163 -0.173001 -0.0348959 1.31731
91.4648 517.128 -0.207324 -0.0332217 1.28195
228.662 446.77 -0.175813 -0.0626094 1.31774
587.485 432.699 -0.13291 -0.456851 4.1537
401.038 485.467 -0.186462 -0.0854543 1.71922
830.219 355.305 0.231663 -0.330854 2.41791
840.772 186.447 0.196765 -0.465221 2.17367
865.397 197.001 0.231918 -0.473338 2.21878
861.88 401.038 0.232749 -0.230757 2.18603
868.915 503.056 0.234977 -0.122826 2.21035
995.559 591.003 0.249012 -0.0268895 1.7923
837.254 464.36 0.243507 -0.184278 2.41259
802.076 478.431 0.286059 -0.228478 3.03846
524.163 446.77 -0.155484 -0.189359 2.33423
510.092 390.484 -0.185981 -0.284887 2.48702
506.574 429.181 -0.167105 -0.202488 2.27302
830.219 372.895 0.231001 -0.302008 2.3936
798.558 415.109 0.23822 -0.293321 2.73235
450.288 228.662 -0.201917 -0.352339 1.99643
432.699 260.323 -0.201875 -0.299268 1.90982
425.663 323.645 -0.225528 -0.261252 2.02557
453.806 358.823 -0.191168 -0.229275 1.97524
460.842 327.162 -0.189372 -0.258517 1.99991
805.594 513.61 0.272002 -0.154474 2.86813
840.772 545.271 0.233382 -0.0832572 2.31567
854.844 569.896 0.236454 -0.0513481 2.2538
450.288 436.217 -0.189046 -0.14949 1.99427
446.77 161.822 -0.20638 -0.422747 2.00178
890.023 591.003 0.245151 -0.0259861 2.10892
879.469 650.807 0.243954 0.0293351 2.1631
383.448 552.306 -0.204682 -0.0409835 1.77438
882.987 316.609 0.23798 -0.309623 2.11224
770.415 552.306 0.184774 -0.0865867 2.62355
460.842 471.395 -0.181575 -0.121064 2.03248
478.431 478.431 -0.159599 -0.113955 1.9784
988.523 175.894 0.276505 -0.380953 1.88678
956.862 386.966 0.245819 -0.191165 1.88287
956.862 443.252 0.249896 -0.147704 1.88044
956.862 496.02 0.241069 -0.101454 1.86127
935.755 531.199 0.252435 -0.0788967 1.98609
960.38 583.967 0.260836 -0.0322768 1.93025
939.273 232.18 0.268034 -0.373352 2.03248
773.933 425.663 0.268408 -0.340066 3.18024
685.986 471.395 0.206358 -0.48014 5.3469
696.539 503.056 0.211305 -0.322686 4.91438
513.61 306.055 -0.182952 -0.391192 2.44589
559.342 351.788 -0.160683 -0.448904 3.01319
186.447 390.484 -0.192533 -0.083781 1.31832
140.715 436.217 -0.20657 -0.0652976 1.3145
882.987 232.18 0.242146 -0.411044 2.15973
302.843 217.191 -0.241807 -0.246904 1.63058
275.312 58.1214 -0.214511 -0.281711 1.46956
281.43 198.836 -0.245441 -0.246704 1.59835
584.273 287.548 -0.0921652 -0.461332 2.62632
400.732 357.906 -0.227968 -0.210122 1.90162
345.67 64.2395 -0.222185 -0.353614 1.63561
229.427 446.617 -0.176936 -0.063922 1.3225
397.673 483.326 -0.179737 -0.0792962 1.66857
706.634 315.079 0.10578 -0.477124 2.82476
773.933 318.138 0.219206 -0.488258 2.88875
841.231 186.6 0.195873 -0.458801 2.14831
862.644 195.777 0.241202 -0.487858 2.26574
770.874 183.541 0.123838 -0.461297 2.1517
868.762 501.68 0.234482 -0.120239 2.17626
841.231 541.447 0.24473 -0.0845105 2.38095
792.287 584.273 0.224085 -0.0291717 2.6895
731.106 492.503 0.225772 -0.255071 3.72186
449.676 226.368 -0.200493 -0.358072 2.00932
486.385 229.427 -0.19837 -0.435873 2.27063
431.322 260.017 -0.211448 -0.320883 1.98626
489.444 272.253 -0.191103 -0.391279 2.28456
832.054 501.68 0.244896 -0.138978 2.45595
385.437 535.329 -0.204378 -0.0523236 1.79098
394.614 556.742 -0.184894 -0.0347995 1.71183
807.582 394.614 0.23773 -0.310956 2.61913
370.142 593.45 -0.192873 -0.00957734 1.65864
911.589 235.545 0.256736 -0.385411 2.08723
899.353 275.312 0.234242 -0.3258 2.01897
544.506 373.201 -0.175684 -0.40074 3.00001
504.739 428.263 -0.170902 -0.207154 2.31543
446.617 602.627 -0.154389 -0.00499248 1.75065
345.67 422.145 -0.21017 -0.117854 1.63331
253.899 235.545 -0.226859 -0.193015 1.48851
758.638 562.86 0.237943 -0.0792724 3.1599
936.061 532.27 0.23194 -0.0732865 1.89065
994.182 535.329 0.229696 -0.0610951 1.72586
994.182 590.391 0.269678 -0.0245586 1.86562
452.735 357.906 -0.195078 -0.23491 2.01966
461.912 324.256 -0.184746 -0.256578 1.96385
523.093 446.617 -0.1725 -0.212071 2.56264
526.152 498.621 -0.141034 -0.124457 2.29567
474.148 192.718 -0.199712 -0.439801 2.15029
948.297 308.961 0.247361 -0.264786 1.89483
890.176 590.391 0.247705 -0.027341 2.13252
908.53 559.801 0.266294 -0.0555909 2.13034
893.235 324.256 0.255534 -0.309943 2.15608
933.002 327.315 0.252202 -0.265039 1.9754
798.405 602.627 0.247207 -0.0125062 2.74933
731.106 376.26 0.208387 -0.508569 3.57269
773.933 425.204 0.207767 -0.291805 2.77363
452.735 397.673 -0.181356 -0.180382 1.92732
452.735 455.794 -0.149582 -0.106654 1.69089
480.267 492.503 -0.154761 -0.102185 1.95581
220.25 312.02 -0.217442 -0.137486 1.42481
957.474 440.499 0.250946 -0.147509 1.88516
547.565 287.548 -0.146685 -0.449315 2.57449
296.725 305.902 -0.235478 -0.185284 1.61416
324.256 419.086 -0.181794 -0.0961617 1.47681
140.715 434.381 -0.207039 -0.0654131 1.31548
581.214 397.673 -0.146386 -0.502657 3.85569
565.919 437.44 -0.146637 -0.315454 3.24707
985.005 134.597 0.21293 -0.334187 1.67619
556.742 183.541 -0.112084 -0.459622 2.16769
357.906 165.187 -0.208599 -0.284864 1.63556
198.836 636.277 -0.171016 0.00456162 1.28606
936.061 605.686 0.234257 -0.0143839 1.89753
988.064 611.805 0.245115 -0.0102634 1.78903
825.936 351.788 0.231339 -0.330118 2.41136
688.28 376.26 0.110007 -0.50324 3.54954
232.486 523.093 -0.173001 -0.0348959 1.31731
303.242 218.122 -0.241807 -0.246904 1.63058
159.601 111.721 -0.228555 -0.208087 1.3585
585.204 186.201 -0.0835799 -0.459204 2.17205
231.422 446.883 -0.17444 -0.0640788 1.31757
704.905 316.542 0.0999412 -0.467137 2.79382
864.506 196.841 0.228562 -0.454934 2.1713
843.226 542.644 0.24085 -0.0872382 2.35429
428.263 505.404 -0.190106 -0.0831626 1.8801
388.363 537.324 -0.198738 -0.0518799 1.76848
353.783 574.564 -0.200992 -0.0225081 1.6618
805.986 513.384 0.24822 -0.143295 2.71218
808.646 396.343 0.246074 -0.310968 2.66933
827.266 369.743 0.230532 -0.3085 2.40783
800.666 414.963 0.224808 -0.280583 2.62459
718.205 574.564 0.261407 -0.0846001 4.5024
755.446 595.844 0.263311 -0.0199418 3.47301
454.863 401.663 -0.181323 -0.178916 1.92717
545.304 375.063 -0.169212 -0.385398 2.9012
516.044 406.983 -0.194795 -0.301396 2.80482
542.644 420.283 -0.168854 -0.321443 3.0273
372.403 367.083 -0.251411 -0.200655 1.91361
954.947 444.223 0.248282 -0.143784 1.87842
954.947 497.424 0.247314 -0.102461 1.89145
912.387 236.742 0.256736 -0.385411 2.08723
899.087 276.642 0.241736 -0.338315 2.0749
936.327 242.062 0.251775 -0.335832 1.94342
486.784 228.762 -0.19837 -0.435873 2.27063
444.223 244.722 -0.188422 -0.300307 1.88104
933.667 329.842 0.25161 -0.264316 1.96998
938.987 532.004 0.246685 -0.0787508 1.95053
994.847 534.664 0.229696 -0.0610951 1.72586
960.267 585.204 0.272088 -0.0317705 1.97214
223.442 311.222 -0.2167 -0.137823 1.42265
986.867 289.942 0.231071 -0.241759 1.7368
494.764 332.502 -0.195712 -0.347138 2.40282
553.284 353.783 -0.168425 -0.467331 3.14186
891.107 590.524 0.23633 -0.0254186 2.08377
909.727 561.264 0.250342 -0.0541544 2.05316
446.883 159.601 -0.20281 -0.41629 1.97885
486.784 287.282 -0.195084 -0.363656 2.24607
460.183 324.522 -0.189737 -0.266217 2.01489
266.002 537.324 -0.184617 -0.033342 1.40444
210.142 220.782 -0.217555 -0.172975 1.39597
252.702 234.082 -0.227441 -0.193608 1.49079
207.482 242.062 -0.217035 -0.163633 1.39391
936.327 606.484 0.232327 -0.0142078 1.88737
140.981 436.243 -0.206074 -0.0650128 1.31097
989.527 611.805 0.2541 -0.0111104 1.82735
614.465 396.343 -0.0627512 -0.532621 4.0282
571.904 422.943 -0.148557 -0.391245 3.51601
231.422 643.725 -0.164292 0.00615849 1.29718
297.922 308.562 -0.235478 -0.185284 1.61416
106.401 204.822 -0.225097 -0.149572 1.31105
864.506 468.163 0.236914 -0.160327 2.20562
869.826 502.744 0.240512 -0.122286 2.1975
391.023 135.661 -0.201285 -0.329358 1.69331
353.783 164.921 -0.206284 -0.277142 1.60991
125.021 127.681 -0.218971 -0.178447 1.30723
202.161 438.903 -0.184776 -0.0650255 1.31356
372.403 321.862 -0.265747 -0.254543 1.96811
276.642 58.5204 -0.206233 -0.267773 1.43266
750.126 194.181 0.0988211 -0.444266 2.1351
771.406 183.541 0.123838 -0.461297 2.1517
723.525 313.882 0.127004 -0.475642 2.81251
776.726 321.862 0.223329 -0.485483 2.89718
489.444 273.982 -0.177505 -0.344792 2.11753
500.084 183.541 -0.172674 -0.451753 2.1517
555.944 183.541 -0.112084 -0.459622 2.16769
343.143 63.8405 -0.225796 -0.359661 1.65161
380.383 111.721 -0.202362 -0.336653 1.6726
228.762 593.184 -0.166295 -0.0114564 1.2957
79.8006 593.184 -0.199338 -0.00935189 1.25708
585.204 289.942 -0.0921652 -0.461332 2.62632
590.524 351.123 -0.101668 -0.489725 3.21523
55.8604 63.8405 -0.20476 -0.165419 1.22104
805.986 186.201 0.161212 -0.455329 2.13062
843.226 188.861 0.196405 -0.456064 2.14094
518.704 95.7607 -0.159327 -0.553871 2.14495
401.663 220.782 -0.197194 -0.284034 1.74697
324.522 125.021 -0.235367 -0.315706 1.64583
281.962 199.501 -0.242368 -0.24331 1.58497
844.267 541.256 0.266165 -0.0915539 2.48152
723.988 451.047 0.226817 -0.390414 3.94678
788.754 481.117 0.225136 -0.187978 2.72339
566.7 478.804 -0.14554 -0.247965 3.34468
828.076 367.777 0.257454 -0.340819 2.58629
800.319 414.038 0.240238 -0.294728 2.72405
562.074 444.108 -0.149666 -0.321057 3.29488
448.734 446.421 -0.189046 -0.14949 1.99427
353.898 573.639 -0.200992 -0.0225081 1.6618
393.22 601.396 -0.189695 -0.00393964 1.74643
393.22 633.779 -0.1814 0.017196 1.69991
377.029 645.344 -0.188395 0.0241122 1.68091
453.36 393.22 -0.187446 -0.192087 1.96807
802.632 619.9 0.26311 0.012632 2.80071
508.873 386.281 -0.183358 -0.284343 2.46805
515.812 407.099 -0.180061 -0.274107 2.55868
541.256 418.664 -0.207665 -0.383618 3.45844
899.781 238.245 0.258023 -0.388162 2.10066
899.781 277.567 0.241736 -0.338315 2.0749
876.65 527.378 0.262992 -0.0971513 2.28102
922.911 596.77 0.28659 -0.0166778 2.16768
717.049 377.029 0.174631 -0.50146 3.52639
788.754 365.464 0.234904 -0.385065 2.78111
772.562 423.29 0.237383 -0.315904 2.98402
971.485 481.117 0.250203 -0.111612 1.85145
955.294 494.995 0.247314 -0.102461 1.89145
451.047 224.367 -0.196492 -0.349304 1.97165
444.108 242.871 -0.202286 -0.329429 1.96267
323.828 617.587 -0.190965 0.00260705 1.53715
876.65 316.889 0.249797 -0.330365 2.21486
897.467 349.272 0.254068 -0.27504 2.12481
959.92 228.993 0.240156 -0.318148 1.84238
994.616 242.871 0.236422 -0.272818 1.73845
615.274 397.846 -0.0567621 -0.51414 3.91934
612.961 414.038 -0.0608881 -0.539225 4.41351
978.425 587.517 0.265319 -0.0260906 1.89381
224.367 307.637 -0.2184 -0.1404 1.42981
187.358 349.272 -0.202243 -0.101756 1.33778
828.076 351.585 0.231339 -0.330118 2.41136
545.882 286.82 -0.150858 -0.461644 2.6303
494.995 333.081 -0.187016 -0.32273 2.31756
397.846 485.743 -0.178035 -0.0795998 1.65711
983.051 136.471 0.210666 -0.332373 1.6696
872.024 420.977 0.238817 -0.208906 2.18798
869.711 501.934 0.238026 -0.119703 2.18359
390.907 134.158 -0.206912 -0.341489 1.72686
43.9482 293.759 -0.204913 -0.0973853 1.2277
111.027 321.515 -0.21985 -0.107586 1.31183
700.857 377.029 0.130098 -0.48779 3.4468
645.344 427.916 0.0454765 -0.664878 5.48522
201.236 439.482 -0.185645 -0.0651636 1.31557
141.097 437.168 -0.206074 -0.0650128 1.31097
173.48 439.482 -0.198294 -0.0668249 1.32725
758.684 314.576 0.194179 -0.486462 2.86497
566.7 351.585 -0.147598 -0.486013 3.21503
606.022 349.272 -0.0715773 -0.485739 3.17948
372.403 319.202 -0.25992 -0.24845 1.93262
404.786 358.524 -0.225097 -0.213155 1.92363
106.401 203.549 -0.22163 -0.147819 1.30312
71.7049 240.558 -0.211852 -0.121217 1.25323
793.38 185.045 0.145688 -0.449806 2.12432
124.905 129.531 -0.218971 -0.178447 1.30723
501.934 185.045 -0.167701 -0.437869 2.10987
522.752 83.2702 -0.15764 -0.584419 2.19207
279.88 201.236 -0.237637 -0.238874 1.56631
303.011 217.428 -0.241807 -0.246904 1.63058
233.619 444.108 -0.169908 -0.0621358 1.29881
231.306 520.439 -0.170486 -0.0346967 1.30764
164.227 113.34 -0.233121 -0.213023 1.37505
770.249 182.732 0.123838 -0.461297 2.1517
585.204 187.358 -0.0835799 -0.459204 2.17205
323.828 124.905 -0.228054 -0.305458 1.61532
950.668 282.193 0.239663 -0.278389 1.86875
499.621 471.864 -0.145459 -0.124644 1.98687
453.36 402.473 -0.182336 -0.179381 1.93463
474.177 420.977 -0.168008 -0.165418 1.95519
851.206 448.734 0.236631 -0.18526 2.27189
793.38 536.63 0.240959 -0.109246 2.76747
467.238 474.177 -0.173328 -0.119326 1.99785
474.177 478.804 -0.160186 -0.114751 1.94634
858.145 569.013 0.254087 -0.0514936 2.34369
522.953 82.4656 -0.152915 -0.571027 2.15784
866.895 199.124 0.230273 -0.455102 2.17416
971.485 480.714 0.267513 -0.117756 1.91656
995.622 446.521 0.242208 -0.127184 1.76329
961.429 585.305 0.251951 -0.030018 1.88869
718.054 378.135 0.182646 -0.506395 3.56061
772.361 424.396 0.248787 -0.340496 3.12163
893.043 470.658 0.261034 -0.154099 2.17243
870.918 502.839 0.239399 -0.121674 2.17726
798.509 470.658 0.235817 -0.205466 2.67829
905.111 388.192 0.244847 -0.222215 2.0464
941.315 528.987 0.24358 -0.0768451 1.91862
889.02 593.35 0.25135 -0.0244183 2.15368
919.19 601.396 0.260509 -0.0167572 2.07254
812.588 561.169 0.243788 -0.0695431 2.58754
695.93 98.5565 0.0439363 -0.584647 2.21784
804.543 187.056 0.159385 -0.458067 2.15435
844.77 185.045 0.206126 -0.465582 2.1721
722.077 311.76 0.127004 -0.475642 2.81251
876.952 317.794 0.253374 -0.331585 2.23068
907.122 279.579 0.234493 -0.316327 1.99185
897.065 351.987 0.254722 -0.27322 2.12118
828.679 351.987 0.230935 -0.327959 2.39614
856.838 341.931 0.259432 -0.335964 2.37637
901.088 235.329 0.250655 -0.384812 2.07244
448.533 446.521 -0.176983 -0.133561 1.88841
571.225 422.385 -0.166001 -0.455747 4.00042
603.407 424.396 -0.0998235 -0.518745 4.46049
541.055 418.362 -0.177105 -0.311349 2.97239
174.988 368.078 -0.201023 -0.0929402 1.32655
140.795 438.476 -0.207796 -0.0652604 1.31701
307.738 498.817 -0.229961 -0.0684211 1.64476
233.317 444.51 -0.175591 -0.0644018 1.3222
319.806 418.362 -0.186412 -0.099 1.48869
215.215 398.249 -0.183537 -0.0813639 1.32118
78.4429 551.112 -0.201274 -0.0222094 1.25825
44.2499 597.373 -0.205066 -0.00765411 1.25028
323.828 619.498 -0.193998 0.00343561 1.55956
201.136 637.6 -0.169858 0.00427506 1.28408
317.794 587.316 -0.187965 -0.0130361 1.50909
231.306 524.964 -0.167395 -0.0346381 1.2967
440.487 172.977 -0.211575 -0.403316 1.98198
337.908 142.806 -0.217999 -0.29154 1.61444
370.09 84.477 -0.209509 -0.351509 1.6626
559.157 183.033 -0.107129 -0.448474 2.12828
482.726 297.681 -0.192942 -0.340469 2.19855
460.601 323.828 -0.188808 -0.267258 2.01434
404.283 358.022 -0.227249 -0.21193 1.91614
450.544 225.272 -0.192796 -0.341853 1.94272
402.271 221.249 -0.193445 -0.272 1.70884
587.316 289.635 -0.0892806 -0.453593 2.59592
567.203 351.987 -0.146131 -0.490802 3.24378
607.43 349.976 -0.068281 -0.490136 3.22181
547.089 287.624 -0.150669 -0.457938 2.61559
490.771 233.317 -0.197445 -0.438173 2.27897
44.2499 295.669 -0.203858 -0.0964961 1.22605
108.613 205.158 -0.218665 -0.146587 1.2966
297.681 307.738 -0.232276 -0.181529 1.59783
454.567 402.271 -0.183388 -0.179366 1.94187
734.145 462.612 0.237487 -0.330611 3.72404
806.554 388.192 0.236033 -0.3184 2.6234
826.668 382.158 0.250906 -0.312596 2.5306
754.259 462.612 0.241654 -0.286863 3.35434
951.372 281.59 0.244766 -0.284127 1.89175
949.361 311.76 0.246402 -0.26283 1.89563
854.827 406.294 0.222527 -0.22627 2.18463
864.884 466.635 0.240406 -0.16359 2.22693
458.589 446.521 -0.167659 -0.134528 1.87865
466.635 472.669 -0.172615 -0.117486 1.98524
356.01 573.237 -0.20123 -0.0219146 1.67613
343.942 597.373 -0.184688 -0.00870241 1.56741
716.043 571.225 0.257879 -0.0931133 4.46727
325.315 127.677 -0.235272 -0.314968 1.65215
951.459 445.997 0.28172 -0.163271 2.02912
954.957 496.718 0.237725 -0.0983611 1.85678
953.208 391.777 0.243162 -0.188728 1.876
788.802 486.224 0.229142 -0.189943 2.74041
792.3 365.542 0.250636 -0.4043 2.88501
893.742 470.483 0.266974 -0.157724 2.20082
871.005 501.965 0.255204 -0.127633 2.26773
836.025 503.714 0.266936 -0.148228 2.56599
905.985 388.279 0.265753 -0.239452 2.14241
746.826 619.148 0.249702 0.0232988 3.50304
746.826 543.941 0.253249 -0.136788 3.5776
884.997 645.383 0.259225 0.0280786 2.21606
890.244 592.913 0.246634 -0.0238376 2.1281
939.216 608.654 0.26008 -0.00947183 2.00485
982.941 138.171 0.221987 -0.346503 1.71357
988.188 176.65 0.222003 -0.314795 1.70223
671.618 69.9602 -0.0250363 -0.129578 1.13532
795.798 181.897 0.150692 -0.467 2.16528
844.77 187.144 0.204036 -0.458749 2.14989
722.34 313.072 0.130284 -0.489735 2.8674
762.567 314.821 0.196685 -0.488624 2.87825
898.989 351.55 0.254722 -0.27322 2.12118
830.778 351.55 0.23827 -0.33919 2.44488
862.26 342.805 0.247515 -0.315162 2.2768
881.499 229.12 0.239069 -0.409361 2.14454
390.028 496.718 -0.205786 -0.0828908 1.79952
397.024 407.518 -0.172893 -0.127049 1.63494
603.407 425.008 -0.0929522 -0.510085 4.36105
510.71 386.53 -0.178624 -0.281634 2.44941
552.686 400.522 -0.165618 -0.373156 3.10103
391.777 535.196 -0.198738 -0.0518799 1.76848
176.65 515.957 -0.185904 -0.0357187 1.30023
232.618 445.997 -0.174652 -0.0643207 1.31695
215.128 398.773 -0.182156 -0.0810009 1.31624
201.136 440.75 -0.186184 -0.0653636 1.31759
325.315 528.2 -0.221893 -0.0527789 1.66218
320.068 589.415 -0.19432 -0.0124509 1.53901
447.746 159.16 -0.21227 -0.435446 2.03576
353.299 162.658 -0.214069 -0.289902 1.64681
370.789 83.9523 -0.201825 -0.337769 1.62755
585.917 188.893 -0.0786129 -0.444971 2.13849
433.754 356.797 -0.197415 -0.214496 1.91087
372.538 318.319 -0.272757 -0.268613 2.02115
445.997 244.861 -0.198574 -0.33037 1.96368
587.666 290.335 -0.0892806 -0.453593 2.59592
489.722 276.343 -0.187758 -0.367318 2.22039
197.638 146.917 -0.235723 -0.216424 1.42429
188.893 353.299 -0.204475 -0.103085 1.34479
306.076 218.626 -0.239159 -0.247633 1.62577
830.778 575.423 0.262947 -0.0499631 2.58058
802.794 508.961 0.251691 -0.153492 2.74517
855.264 444.248 0.2484 -0.202069 2.31235
836.025 465.236 0.265405 -0.203768 2.54825
865.758 466.985 0.248593 -0.167879 2.26483
459.989 360.295 -0.183742 -0.224408 1.97102
801.045 412.765 0.23933 -0.293212 2.69994
809.79 439.001 0.242881 -0.247557 2.64282
452.993 404.02 -0.185089 -0.183623 1.96687
482.726 407.518 -0.195452 -0.229574 2.28808
468.734 439.001 -0.17076 -0.152449 1.97372
465.236 204.634 -0.196003 -0.398508 2.06233
475.73 194.14 -0.202793 -0.448994 2.18832
473.981 230.869 -0.213901 -0.436319 2.2765
829.029 549.188 0.269405 -0.0876427 2.62906
755.571 463.487 0.223615 -0.267476 3.13838
724.089 454.742 0.230667 -0.387034 3.968
515.957 306.076 -0.187852 -0.416036 2.56517
449.495 447.746 -0.174408 -0.131985 1.86684
468.734 472.232 -0.148868 -0.106003 1.80299
694.355 508.961 0.192779 -0.289101 4.6025
846.519 542.192 0.264661 -0.092056 2.45753
857.013 564.929 0.247554 -0.0571959 2.31346
860.511 404.02 0.222527 -0.22627 2.18463
802.794 617.399 0.284645 0.01474 2.97713
701.351 564.929 0.241973 -0.136696 4.92748
984.69 404.02 0.224256 -0.153935 1.72089
955.109 497.326 0.247678 -0.102358 1.891
994.652 555.119 0.242942 -0.0489037 1.77391
976.402 588.579 0.263088 -0.0264946 1.88958
734.583 441.054 0.236697 -0.386387 3.71673
872.982 500.368 0.245815 -0.122639 2.21805
836.481 503.41 0.260127 -0.145815 2.51891
906.441 387.823 0.265753 -0.239452 2.14241
716.332 570.328 0.254044 -0.0975142 4.40203
941.422 673.748 0.252294 0.0460078 1.96281
907.962 558.161 0.261835 -0.0573935 2.13008
690.477 144.483 0.0266433 -0.446596 1.99317
796.938 182.505 0.149374 -0.461579 2.14262
742.187 311.779 0.160728 -0.482166 2.85063
763.479 314.821 0.197188 -0.4824 2.85378
792.376 343.718 0.234249 -0.417898 2.76447
704.165 317.863 0.100359 -0.470239 2.83632
661.581 229.652 0.0238952 -0.626597 2.86901
690.477 241.819 0.0754106 -0.620866 2.92842
898.837 278.32 0.238316 -0.332199 2.05482
898.837 351.322 0.250851 -0.270079 2.11256
831.919 357.406 0.239922 -0.333579 2.45139
845.607 352.843 0.258483 -0.337221 2.45044
903.4 234.215 0.241626 -0.373264 2.03106
403.032 514.056 -0.187872 -0.0672813 1.75425
147.525 526.223 -0.189522 -0.0321062 1.28104
86.6899 466.909 -0.207023 -0.0499701 1.27301
177.942 369.573 -0.199275 -0.0921654 1.32389
139.921 438.012 -0.204421 -0.0639889 1.30666
184.026 392.386 -0.192985 -0.082289 1.3162
228.131 591.62 -0.168398 -0.011505 1.30262
441.054 185.547 -0.213348 -0.397561 2.00405
384.781 28.8966 -0.20934 -0.407574 1.69286
371.094 85.169 -0.206568 -0.346811 1.65222
501.889 182.505 -0.170719 -0.449271 2.14144
530.785 182.505 -0.142295 -0.460185 2.17347
479.076 349.801 -0.186799 -0.268378 2.14008
343.718 301.133 -0.257899 -0.240341 1.82432
407.594 357.406 -0.22386 -0.214149 1.92479
439.533 222.048 -0.212211 -0.359544 1.99813
609.871 351.322 -0.0636969 -0.484202 3.2118
492.763 234.215 -0.181659 -0.406755 2.17589
202.276 170.338 -0.225298 -0.197622 1.40172
298.091 307.217 -0.23678 -0.184905 1.61616
830.398 574.891 0.27184 -0.0498492 2.63683
529.264 501.889 -0.136732 -0.11924 2.25533
448.658 244.861 -0.195483 -0.327775 1.95175
479.076 238.777 -0.196856 -0.399053 2.17676
806.064 390.865 0.237639 -0.320158 2.64196
453.221 403.032 -0.183846 -0.181221 1.95294
693.519 507.972 0.202514 -0.298852 4.75933
702.644 512.535 0.199917 -0.249669 4.25653
801.501 412.157 0.23933 -0.293212 2.69994
810.626 438.012 0.236458 -0.242149 2.60306
728.499 494.284 0.213697 -0.247095 3.62909
822.793 477.555 0.266916 -0.19384 2.68204
853.211 450.179 0.240262 -0.189389 2.29116
790.855 444.095 0.235784 -0.256887 2.78308
789.334 485.159 0.236046 -0.193959 2.79905
774.125 422.803 0.234799 -0.324386 2.9779
757.396 431.928 0.215624 -0.319363 3.06371
872.982 611.392 0.276687 -0.00189323 2.37297
701.123 564.245 0.244593 -0.140659 5.03601
453.221 223.569 -0.199043 -0.356572 1.99523
472.992 229.652 -0.217356 -0.442395 2.2983
746.75 577.932 0.252204 -0.0613595 3.56798
748.271 596.183 0.259931 -0.0228167 3.56194
608.35 454.742 -0.0768564 -0.434573 4.52653
436.491 626.6 -0.181533 0.0162885 1.89843
393.907 635.726 -0.194086 0.0205646 1.78702
953.589 390.865 0.232278 -0.18103 1.83206
885.149 252.465 0.239235 -0.377405 2.11641
906.441 247.903 0.233453 -0.346482 1.99845
822.793 641.809 0.275706 0.0463957 2.71956
542.952 416.72 -0.172792 -0.315931 2.96583
550.557 424.324 -0.165837 -0.323728 3.09491
390.865 533.827 -0.189846 -0.0513394 1.71898
392.386 535.348 -0.196079 -0.0532515 1.75713
523.71 83.3175 -0.142797 -0.516997 2.03007
954.845 497.26 0.248353 -0.102046 1.89834
892.688 465.52 0.270627 -0.16451 2.22073
876.818 497.26 0.258431 -0.130367 2.25964
837.143 501.228 0.260235 -0.145123 2.51523
941.62 673.152 0.249324 0.0463261 1.95037
981.295 138.863 0.233091 -0.361003 1.75079
696.958 97.865 0.0427076 -0.574886 2.19031
846.4 187.795 0.20386 -0.45828 2.14861
741.922 312.11 0.161175 -0.487594 2.8538
689.023 245.985 0.0703752 -0.591994 2.82711
897.977 279.047 0.229136 -0.321321 2.00945
921.782 230.115 0.22408 -0.335537 1.89377
443.038 447.005 -0.210393 -0.157463 2.09719
403.362 514.453 -0.182968 -0.0658168 1.72211
167.958 365.01 -0.208855 -0.096417 1.34067
329.302 435.103 -0.179619 -0.0894981 1.48022
175.893 368.978 -0.19738 -0.0912713 1.31747
201.02 440.392 -0.1871 -0.0655226 1.32095
531.645 187.795 -0.13677 -0.442569 2.13052
435.103 355.753 -0.191645 -0.210706 1.88887
439.07 222.18 -0.212173 -0.360913 2.00093
588.513 288.305 -0.0885942 -0.470395 2.6695
567.352 351.785 -0.142146 -0.466051 3.11588
546.193 285.66 -0.153884 -0.48057 2.70128
488.003 230.115 -0.191323 -0.42056 2.21218
198.375 145.475 -0.235896 -0.217001 1.42562
290.95 60.835 -0.213308 -0.287095 1.48357
105.8 318.723 -0.211183 -0.102496 1.28637
297.562 308.142 -0.235812 -0.184444 1.61352
567.352 447.005 -0.152128 -0.33138 3.50745
726.052 447.005 0.213182 -0.367093 3.70911
736.633 469.487 0.22749 -0.30134 3.56388
703.57 511.807 0.199917 -0.249669 4.25653
792.177 634.8 0.243056 0.0374875 2.79463
737.955 517.097 0.241268 -0.198972 3.65525
839.787 577.932 0.274493 -0.0447838 2.58234
845.078 452.295 0.276451 -0.215346 2.55912
796.145 472.133 0.242538 -0.209164 2.75217
473.455 486.68 -0.15283 -0.0991077 1.86262
715.472 538.258 0.251672 -0.189451 4.4609
859.625 402.04 0.255657 -0.253033 2.34092
831.852 599.092 0.280038 -0.0147583 2.68219
465.52 305.497 -0.189404 -0.293546 2.06301
543.547 416.587 -0.163745 -0.305769 2.88833
465.52 203.665 -0.196003 -0.398508 2.06233
450.973 223.503 -0.199043 -0.356572 1.99523
514.453 388.815 -0.177053 -0.283638 2.47191
874.172 588.513 0.260638 -0.0305285 2.27117
892.688 588.513 0.263126 -0.0303662 2.20269
899.3 597.77 0.276876 -0.0186228 2.23535
469.487 470.81 -0.148715 -0.106511 1.80001
519.742 499.905 -0.146713 -0.118313 2.24427
447.005 157.378 -0.199622 -0.408155 1.95203
985.263 286.982 0.254504 -0.263211 1.82215
958.812 300.207 0.230962 -0.251107 1.8124
876.818 317.4 0.239287 -0.316692 2.15978
872.85 350.462 0.231281 -0.278392 2.14604
802.758 341.205 0.248668 -0.422132 2.78548
831.852 350.462 0.22791 -0.325908 2.37182
733.987 440.392 0.235523 -0.389405 3.75388
994.75 431.25 0.236554 -0.136914 1.74442
991.3 592.25 0.240534 -0.0224253 1.77313
906.2 387.55 0.25875 -0.234181 2.10792
868.25 396.75 0.274478 -0.267224 2.38664
923.45 535.9 0.243609 -0.0737644 1.9855
939.55 609.5 0.233582 -0.00915139 1.89131
685.4 186.3 0.0499561 -0.604133 2.57349
727.95 24.15 0.0371915 -0.434382 1.7191
696.9 98.9 0.0431446 -0.57886 2.20146
796.95 181.7 0.147327 -0.456949 2.13124
846.4 187.45 0.19944 -0.449257 2.11906
703.8 319.7 0.109143 -0.502878 2.99482
748.65 196.65 0.0993732 -0.452021 2.17036
661.25 230 0.0238942 -0.632669 2.89257
882.05 227.7 0.239245 -0.407982 2.133
836.05 194.35 0.195828 -0.455044 2.16355
140.3 439.3 -0.204367 -0.0639857 1.30665
326.6 511.75 -0.225585 -0.0632458 1.67904
236.9 447.35 -0.177545 -0.0648685 1.33107
318.55 417.45 -0.187611 -0.0995799 1.49055
178.25 370.3 -0.198295 -0.0915368 1.32204
447.35 157.55 -0.212383 -0.434396 2.03041
500.25 181.7 -0.17016 -0.447683 2.13332
568.1 287.5 -0.120528 -0.479466 2.69811
501.4 189.75 -0.170236 -0.441963 2.13804
801.55 412.85 0.246851 -0.30328 2.74718
485.3 318.55 -0.192309 -0.319627 2.23163
802.7 469.2 0.257083 -0.21985 2.80283
716.45 570.4 0.259896 -0.0977667 4.50423
859.05 403.65 0.255657 -0.253033 2.34092
852.15 450.8 0.256667 -0.198914 2.38885
867.1 465.75 0.283015 -0.188166 2.43786
395.6 621 -0.181004 0.00752768 1.70224
922.3 258.75 0.232532 -0.319655 1.93337
872.85 350.75 0.245154 -0.291542 2.21718
607.2 454.25 -0.0793008 -0.4547 4.6761
471.5 228.85 -0.190219 -0.375898 2.07212
471.5 334.65 -0.196078 -0.288462 2.16769
203.55 171.35 -0.226611 -0.198733 1.40576
892.4 320.85 0.257706 -0.315281 2.16713
897 351.9 0.262939 -0.281661 2.16928
437 173.65 -0.217295 -0.40839 2.00267
335.8 594.55 -0.188692 -0.0101654 1.55679
884.35 253 0.243246 -0.38191 2.13678
872.85 501.4 0.255204 -0.127633 2.26773
362.25 182.85 -0.19524 -0.258175 1.59311
797 181 0.14467 -0.45061 2.10946
764 317 0.210309 -0.506408 2.9696
771 189 0.126497 -0.467099 2.18632
661 231 0.0240538 -0.629986 2.88352
317 416 -0.184935 -0.0980402 1.48012
442 188 -0.211319 -0.393633 1.99619
547 285 -0.14724 -0.456536 2.59984
570 254 -0.140519 -0.648353 3.10975
524 188 -0.14342 -0.438005 2.11692
802 412 0.246851 -0.30328 2.74718
547 419 -0.162441 -0.313622 2.94478
805 510 0.242852 -0.149678 2.70378
897 352 0.236726 -0.257975 2.04858
369 361 -0.2621 -0.216661 1.95812
448 158 -0.199622 -0.408155 1.95203
886 245 0.226842 -0.369953 2.0585
989 612 0.256548 -0.00885641 1.83759
773 180 0.121296 -0.456695 2.12729
