465 252 15.5647 -1.05722 -8.60643
833 357 11.3946 0.0208871 -2.22874
933 307 10.8743 -0.390465 -2.05918
116 368 15.1854 0.955992 -0.879019
734 357 11.9811 0.0793116 -3.17663
543 476 13.0497 1.13381 -1.74144
529 473 13.1241 1.13069 -1.73736
542 455 13.0123 0.980095 -1.24949
1105 642 11.6314 0.856496 2.11626
1256 342 11.4844 0.326027 2.13881
791 126 11.9941 -1.32768 -1.94299
1145 552 11.7227 0.685416 2.35071
765 464 11.6331 0.813087 -2.80621
1197 354 11.6722 0.394388 2.30127
1115 470 11.7969 0.58592 2.37923
1134 649 11.5882 0.8562 2.12153
1110 638 11.6351 0.841422 2.12775
1179 565 11.7443 0.693378 2.46902
835 460 10.9273 0.695523 -3.98074
29 391 16.0978 1.24139 -1.5828
1170 671 11.5919 0.857736 2.22865
1223 699 11.5129 0.880876 2.23677
1196 677 11.5493 0.860762 2.22909
809 473 11.309 0.81926 -2.92803
131 299 15.3345 0.592986 -1.11616
964 472 10.6713 0.607495 -1.54375
52 334 15.5988 0.854425 -0.945027
287 304 17.9655 0.131861 -8.90582
90 267 15.6033 0.458665 -1.11301
664 382 12.5106 0.135897 -9.07448
306 368 17.4601 0.976681 -8.83902
328 324 17.1189 0.288354 -8.35353
866 388 10.9792 0.131525 -3.05983
309 324 17.7871 0.339541 -9.41805
1040 334 10.2156 -0.341102 -1.96919
244 119 16.0525 -0.968905 -3.10531
122 422 15.117 1.21977 -0.918128
98 465 15.1859 1.45713 -0.925581
405 542 13.7525 1.66668 -1.66435
774 338 11.7383 -0.0988965 -2.85374
719 54 12.5049 -1.38834 -1.20408
755 144 12.183 -1.2061 -2.06777
752 615 11.8197 1.45675 -0.619433
669 699 12.1961 1.58213 0.485661
1049 571 11.7924 0.750343 2.23076
1080 503 11.7819 0.642065 2.26918
328.8 120 15.3793 -1.08231 -3.06248
304.8 112.8 15.7648 -1.20744 -3.48236
451.2 525.6 13.4518 1.45706 -1.38674
798 103.2 11.9973 -1.35217 -1.61268
805.2 69.6 12.0332 -1.36177 -1.12804
813.6 550.8 11.2259 1.32274 -2.55192
878.4 298.8 10.7772 -0.753661 -4.16469
873.6 282 10.1934 -1.52372 -7.3937
1060.8 496.8 11.7833 0.639717 2.20871
1084.8 422.4 11.8041 0.523671 2.28359
80.4 376.8 15.3949 1.03408 -0.93246
154.8 315.6 15.1519 0.656718 -1.02961
682.8 174 12.6478 -1.35562 -3.58823
753.6 248.4 11.9593 -0.89799 -3.84732
834 356.4 11.3165 -0.0327033 -2.76867
1192.8 445.2 11.7688 0.542165 2.49472
436.8 482.4 13.4863 1.20457 -1.03816
418.8 484.8 13.7402 1.31974 -1.6465
416.4 451.2 13.7888 1.11804 -1.63515
733.2 357.6 11.9849 0.089954 -3.10837
120 175.2 15.8241 -0.107222 -1.49528
116.4 172.8 15.6972 -0.0828902 -1.27354
444 528 13.3469 1.37897 -0.73788
439.2 508.8 13.478 1.35104 -1.14264
776.4 120 12.0932 -1.36808 -2.03633
135.6 344.4 15.1655 0.818828 -0.94958
678 298.8 12.5615 -1.09674 -9.33686
255.6 132 15.7884 -0.815226 -2.80443
649.2 211.2 12.8519 -0.995414 -3.60644
740.4 468 11.7912 0.882921 -2.94769
741.6 457.2 11.7907 0.807583 -2.9972
116.4 368.4 15.1107 0.9436 -0.74689
1129.2 213.6 9.35164 -1.51869 -2.92451
858 475.2 10.7603 0.787114 -3.76841
1194 356.4 11.6647 0.400056 2.28698
756 308.4 11.8575 -0.36092 -3.47149
744 291.6 11.9903 -0.435762 -3.28046
1116 470.4 11.7918 0.586833 2.369
1125.6 445.2 11.7936 0.551504 2.38993
780 316.8 11.695 -0.30448 -3.19655
542.4 475.2 13.0517 1.1292 -1.73956
542.4 454.8 13.0788 1.01025 -1.75025
742.8 216 12.098 -1.11664 -3.6027
789.6 534 11.3636 1.27914 -2.83102
806.4 518.4 11.2482 1.1551 -2.97631
1100.4 328.8 9.56697 -0.591254 -2.62352
690 466.8 12.1203 0.984157 -3.7818
156 484.8 15.1575 1.59572 -1.44736
182.4 476.4 15.2577 1.58242 -1.88631
510 464.4 13.2525 1.09765 -1.74268
90 266.4 15.7804 0.452706 -1.38466
964.8 471.6 10.6693 0.605904 -1.54346
867.6 344.4 10.9398 -0.257183 -3.49011
903.6 454.8 10.7848 0.562846 -2.45301
890.4 453.6 10.8057 0.557569 -2.73012
51.6 333.6 15.5732 0.856747 -0.906385
495.6 357.6 13.4494 0.495461 -1.63753
866.4 387.6 11.0003 0.139605 -2.94647
192 384 15.3918 1.02957 -2.03733
878.4 540 10.7176 1.18114 -2.96617
328.8 412.8 17.1311 1.53938 -9.22706
296.4 410.4 17.5081 1.57316 -8.93186
472.8 454.8 13.4212 1.05429 -1.43774
838.8 423.6 10.944 0.386184 -4.04882
175.2 358.8 15.2171 0.880636 -1.44557
630 402 12.8901 0.540039 -8.50368
660 368.4 12.5879 -0.0374091 -8.96729
307.2 333.6 17.5271 0.47831 -8.75883
984 325.2 10.5867 -0.316719 -1.89434
1036.8 357.6 11.8421 0.427393 2.16397
1006.8 348 10.3973 -0.213094 -2.00053
1012.8 333.6 10.3839 -0.310536 -1.97072
217.2 313.2 15.4284 0.556946 -2.20059
282 271.2 18.0701 -0.310303 -8.76501
206.4 115.2 16.0192 -0.81892 -2.55826
386.4 265.2 16.9839 -0.772234 -9.71575
441.6 266.4 15.9544 -0.839369 -9.04901
348 303.6 17.0269 -0.00742064 -8.60768
369.6 126 15.1381 -1.1424 -3.26546
421.2 138 14.6068 -1.03984 -2.91754
270 684 13.4672 1.72312 0.739101
91.2 531.6 15.1359 1.78553 -0.917484
45.6 416.4 15.4212 1.25078 -0.803491
378 537.6 13.7072 1.53434 -0.933028
384 496.8 13.8281 1.37242 -1.31061
944.4 264 9.89977 -1.47726 -5.49125
906 273.6 10.1257 -1.42014 -6.04462
901.2 63.6 11.5352 -1.48116 -1.09428
718.8 54 12.5077 -1.4252 -1.31453
681.6 114 12.6964 -1.37234 -2.21044
775.2 182.4 11.9355 -1.26134 -3.016
984 258 9.57158 -1.57922 -5.32683
999.6 216 9.94192 -1.62079 -3.90932
1105.2 238.8 9.42608 -1.34012 -3.10238
1210.8 94.8 10.1895 -1.36725 -0.549422
1039.2 130.8 10.6523 -1.36798 -1.37007
818.4 682.8 11.5943 1.54295 -0.0535635
645.6 567.6 12.3499 1.47695 -1.47566
792 487.2 11.4209 0.936316 -2.76934
1172.4 564 11.7249 0.691499 2.41958
1238.4 602.4 11.7325 0.712397 2.57189
1228.8 687.6 11.5108 0.861059 2.24233
1171.2 442.8 11.7778 0.54063 2.46932
1232.4 388.8 11.603 0.428838 2.28758
1080 502.8 11.7759 0.64076 2.24758
822.24 525.6 10.9697 1.22963 -3.74633
630.72 457.92 12.7512 1.28301 -9.10208
933.12 308.16 10.8742 -0.39176 -2.06728
1038.24 234.72 9.57147 -1.53991 -3.99086
509.76 463.68 13.1425 1.04281 -1.09523
828 455.04 11.1977 0.667951 -2.81288
125.28 335.52 15.1193 0.777742 -0.769272
722.88 221.76 12.2537 -1.08304 -3.89654
48.96 264.96 16.1623 0.485919 -1.55469
790.56 537.12 11.3806 1.26313 -2.70294
1062.72 194.4 9.89907 -1.5302 -2.79463
204.48 288 15.4965 0.415693 -2.12391
779.04 316.8 11.698 -0.299515 -3.19727
756 309.6 11.8625 -0.357201 -3.4268
1249.92 41.76 9.92704 -1.77715 -0.782796
51.84 276.48 16.0604 0.552433 -1.47765
331.2 135.36 15.4134 -1.00911 -3.26985
352.8 122.4 15.2714 -1.14194 -3.26417
689.76 519.84 12.0856 1.32687 -2.88279
1114.56 470.88 11.7959 0.586584 2.37916
1120.32 444.96 11.7979 0.555706 2.38538
472.32 453.6 13.4055 1.04447 -1.33564
593.28 306.72 13.6213 -0.657533 -8.23154
914.4 403.2 10.7881 0.210282 -2.40665
83.52 282.24 15.9923 0.547465 -1.67825
89.28 332.64 15.4305 0.810081 -0.980664
70.56 325.44 15.6275 0.794603 -1.1227
698.4 194.4 12.5058 -1.25126 -3.80896
682.56 205.92 12.5967 -1.08078 -3.57199
884.16 476.64 10.7299 0.743647 -3.07882
133.92 295.2 15.4441 0.566774 -1.31598
197.28 450.72 15.1609 1.4168 -1.81999
286.56 302.4 18.1063 0.101136 -9.23063
145.44 205.92 15.5675 0.0472531 -1.41466
354.24 411.84 16.7153 1.40814 -8.91207
338.4 423.36 16.6674 1.56389 -8.34844
768.96 527.04 11.5007 1.25467 -2.96562
776.16 488.16 11.5014 0.968688 -3.00611
699.84 457.92 12.0818 0.861197 -3.05994
174.24 358.56 15.1453 0.875176 -1.30663
146.88 336.96 15.1906 0.774275 -1.09701
182.88 426.24 15.2057 1.26932 -1.68577
652.32 332.64 12.7744 -0.475178 -8.09118
149.76 440.64 15.2359 1.35468 -1.43121
613.44 387.36 13.0739 0.376794 -7.59896
514.08 344.16 13.3799 0.378104 -1.74239
354.24 342.72 16.7742 0.467714 -8.53686
341.28 349.92 16.9621 0.603496 -8.63153
368.64 329.76 17.3598 0.195969 -10.6918
436.32 420.48 13.523 0.887674 -0.833914
709.92 345.6 12.1696 0.0569929 -2.70618
712.8 336.96 12.1614 -0.0310563 -3.13391
324 375.84 17.1048 1.00111 -8.60782
302.4 347.04 17.5003 0.671422 -8.65129
328.32 324 17.3353 0.301438 -8.96187
306.72 332.64 17.5702 0.470722 -8.87747
646.56 430.56 12.5993 0.856097 -8.70887
1000.8 331.2 10.4697 -0.302007 -1.93143
983.52 324 10.5407 -0.350382 -2.0562
876.96 411.84 10.891 0.290161 -2.90986
200.16 328.32 15.3738 0.672205 -1.93463
352.8 367.2 17.035 0.834668 -9.5376
335.52 365.76 17.0034 0.821407 -8.65551
123.84 273.6 15.4173 0.461889 -1.12263
128.16 204.48 15.5617 0.074131 -1.25415
250.56 82.08 15.6035 -1.02358 -2.22586
218.88 50.4 16.0262 -1.26047 -2.50423
244.8 118.08 16.014 -0.960514 -3.03129
303.84 161.28 15.5433 -0.748863 -3.17824
122.4 136.8 15.8223 -0.330876 -1.45749
524.16 282.24 14.5244 -0.703546 -7.77114
469.44 270.72 15.6678 -0.943437 -9.4984
442.08 266.4 15.8517 -0.825977 -8.64365
374.4 303.84 16.8341 -0.149012 -9.18578
384.48 172.8 14.9394 -0.809052 -3.28771
269.28 578.88 13.9428 1.6712 -0.263271
315.36 535.68 14.2628 1.71002 -1.65419
185.76 653.76 13.7465 1.67632 0.735514
90.72 531.36 15.0148 1.73538 -0.698194
204.48 489.6 15.0718 1.6331 -1.84747
122.4 421.92 15.0521 1.20683 -0.805739
97.92 465.12 15.191 1.46054 -0.926382
528.48 557.28 12.9393 1.47394 -1.02747
404.64 542.88 13.7511 1.6676 -1.66446
426.24 540 13.4707 1.5096 -0.997527
597.6 452.16 13.193 1.27762 -8.50184
450.72 525.6 13.4379 1.44885 -1.34822
417.6 486.72 13.7058 1.29859 -1.53339
904.32 273.6 10.0753 -1.47381 -6.30279
894.24 228.96 10.5489 -1.62297 -5.04078
843.84 285.12 10.4995 -1.42925 -7.5414
872.64 282.24 10.1034 -1.62337 -7.91881
753.12 247.68 11.9593 -0.89799 -3.84732
804.96 69.12 12.0159 -1.44621 -1.36292
829.44 61.92 11.9256 -1.34953 -0.928679
901.44 61.92 11.5417 -1.46909 -1.06366
682.56 188.64 12.6414 -1.32342 -3.97232
681.12 113.76 12.7237 -1.51067 -2.66735
754.56 138.24 12.1832 -1.38732 -2.52368
1010.88 151.2 10.7109 -1.30837 -1.6172
1077.12 144 10.3085 -1.46462 -1.67817
783.36 671.04 11.7493 1.52585 -0.0353157
728.64 360 12.0113 0.0988528 -3.18376
717.12 512.64 11.8826 1.2534 -3.15514
787.68 483.84 11.411 0.912059 -3.08272
1127.52 599.04 11.7572 0.753983 2.39483
1172.16 564.48 11.7243 0.691656 2.41954
1245.6 642.24 11.7272 0.756034 2.58335
1211.04 629.28 11.7365 0.754446 2.5345
1048.32 568.8 11.7918 0.747205 2.22994
1172.16 443.52 11.7764 0.54363 2.4671
1130.4 439.2 11.7906 0.54014 2.39584
1239.84 391.68 11.6154 0.441469 2.32625
1085.76 423.36 11.8028 0.52447 2.28349
1080 502.56 11.7777 0.642234 2.25711
286.848 302.4 18.1063 0.101136 -9.23063
376.704 357.696 16.4302 0.635457 -8.52579
380.16 336.96 16.4748 0.330981 -8.619
514.944 523.584 13.1038 1.40473 -1.54176
1036.8 392.256 11.8276 0.478432 2.16408
91.584 355.968 15.2279 0.909476 -0.712376
103.68 331.776 15.3474 0.795528 -0.961892
523.584 466.56 13.1584 1.07035 -1.63415
729.216 184.896 12.2717 -1.1298 -2.811
98.496 255.744 15.49 0.396981 -0.979885
330.048 411.264 17.1286 1.5048 -9.21486
345.6 133.056 15.2466 -1.02183 -3.12458
362.88 119.232 15.2125 -1.18947 -3.31064
333.504 119.232 15.3887 -1.10517 -3.16277
435.456 419.904 13.5092 0.885595 -0.774967
421.632 418.176 13.7778 0.917891 -1.53562
501.12 438.912 13.2495 0.931491 -1.2639
494.208 355.968 13.4615 0.476779 -1.68037
836.352 387.072 11.1909 0.155874 -3.03508
848.448 362.88 11.0487 -0.101411 -3.60497
167.616 387.072 15.2638 1.04053 -1.53699
587.52 388.8 13.4898 0.441751 -8.38888
699.84 456.192 12.0818 0.861197 -3.05994
864 501.12 10.8675 0.938269 -2.93942
164.16 470.016 15.3286 1.56083 -1.81985
157.248 483.84 15.164 1.59524 -1.46926
468.288 475.2 13.4467 1.17683 -1.52499
473.472 454.464 13.378 1.03694 -1.24923
459.648 445.824 13.478 1.01848 -1.31374
851.904 414.72 10.9574 0.292418 -3.47753
51.84 276.48 16.0552 0.553287 -1.46463
57.024 240.192 16.21 0.329087 -1.66716
167.616 273.024 15.2141 0.410813 -1.17112
153.792 245.376 15.3123 0.280563 -1.15648
338.688 423.36 16.6674 1.56389 -8.34844
362.88 418.176 16.4885 1.4644 -8.70072
155.52 233.28 15.3126 0.218712 -1.12732
209.088 452.736 15.6136 1.56833 -2.9521
471.744 376.704 13.561 0.62936 -1.63011
494.208 385.344 13.438 0.657791 -1.73967
646.272 430.272 12.6061 0.839882 -8.66081
888.192 452.736 10.7633 0.553138 -2.96475
150.336 440.64 15.1317 1.32171 -1.24435
715.392 423.36 12.0171 0.611899 -3.11798
578.88 324.864 13.8411 -0.406437 -8.84404
620.352 347.328 13.2131 -0.225306 -9.09103
608.256 345.6 13.3908 -0.200212 -8.97193
611.712 326.592 13.4412 -0.510021 -9.39385
872.64 319.68 10.7439 -0.613788 -4.44058
354.24 343.872 16.8278 0.475427 -8.65933
343.872 354.24 16.8961 0.669493 -8.64453
368.064 330.048 17.0695 0.226497 -9.79939
895.104 442.368 10.7589 0.475909 -2.79314
352.512 368.064 17.035 0.834668 -9.5376
452.736 421.632 13.5604 0.901202 -1.41474
713.664 336.96 12.1733 -0.0316426 -3.10442
200.448 328.32 15.3205 0.677731 -1.82606
328.32 352.512 17.111 0.665728 -8.57677
983.232 333.504 10.5622 -0.281647 -1.99429
302.4 381.888 17.5802 1.15932 -9.17374
323.136 376.704 17.1048 1.00111 -8.60782
319.68 250.56 17.9213 -0.76721 -9.54345
330.048 203.904 16.2203 -0.795476 -5.40657
203.904 286.848 15.2818 0.431206 -1.68661
250.56 81.216 15.8545 -1.15455 -2.72896
183.168 193.536 15.9319 -0.193179 -2.33303
245.376 119.232 16.014 -0.960514 -3.03129
288.576 158.976 15.6616 -0.739357 -3.16032
331.776 134.784 15.3622 -0.98868 -3.13234
115.776 172.8 15.7951 -0.10677 -1.43023
122.688 136.512 15.5082 -0.235282 -0.957272
508.032 286.848 14.9287 -0.708178 -8.90459
350.784 255.744 17.8477 -0.90574 -10.5386
471.744 259.2 15.6023 -1.0567 -9.18506
442.368 266.112 15.9596 -0.86443 -9.05869
374.976 304.128 16.8341 -0.149012 -9.18578
347.328 304.128 17.1783 -0.0549498 -9.09762
611.712 167.616 13.2224 -1.28606 -3.59763
383.616 172.8 14.908 -0.781989 -3.18411
369.792 171.072 14.831 -0.666373 -2.64591
414.72 171.072 14.6028 -0.803175 -2.89379
419.904 138.24 14.7145 -1.119 -3.21013
269.568 578.88 13.9493 1.67606 -0.283831
89.856 532.224 15.0871 1.76777 -0.822272
293.76 411.264 17.5081 1.57316 -8.93186
48.384 416.448 15.4442 1.25468 -0.840366
120.96 423.36 15.1407 1.22351 -0.95079
489.024 552.96 13.1988 1.55681 -1.33807
404.352 544.32 13.6553 1.60067 -1.29995
380.16 675.648 13.0261 1.48707 1.14746
475.2 682.56 12.8393 1.61324 0.624155
540.864 456.192 13.1084 1.02052 -1.95728
630.72 457.92 12.7512 1.28301 -9.10208
451.008 525.312 13.4379 1.44885 -1.34822
418.176 485.568 13.7505 1.31626 -1.65017
943.488 264.384 9.84285 -1.53798 -5.74354
893.376 228.096 10.4904 -1.70818 -5.43081
872.64 283.392 10.1691 -1.54992 -7.59159
756.864 248.832 11.9296 -0.889968 -3.80562
715.392 317.952 12.2318 0.0204419 -1.45508
803.52 70.848 12.0159 -1.44621 -1.36292
718.848 53.568 12.5077 -1.4252 -1.31453
682.56 114.048 12.7237 -1.51067 -2.66735
755.136 138.24 12.1824 -1.29643 -2.21086
1062.72 195.264 9.91452 -1.51377 -2.74738
1038.53 235.008 9.63097 -1.49059 -3.84656
1211.33 95.04 10.1789 -1.37093 -0.555057
988.416 172.8 10.8518 -1.10767 -1.47704
694.656 528.768 12.0152 1.39055 -3.07896
768.96 546.048 11.5107 1.35657 -2.69938
751.68 549.504 11.5709 1.46991 -3.19749
749.952 613.44 11.8175 1.46071 -0.64973
860.544 444.096 10.9435 0.544065 -3.06533
755.136 383.616 11.7919 0.262332 -3.07181
689.472 520.128 12.0527 1.36546 -3.42503
770.688 497.664 11.5433 1.05052 -2.90858
717.12 513.216 11.8936 1.23096 -2.89778
1171.58 585.792 11.7469 0.717398 2.47153
1214.78 628.992 11.731 0.753191 2.53127
1093.82 587.52 11.7737 0.753629 2.33669
1085.18 539.136 11.7833 0.688686 2.3024
1152.58 440.64 11.7848 0.543774 2.44442
1124.93 442.368 11.798 0.553778 2.40072
1238.98 390.528 11.609 0.438291 2.31208
1178.5 399.168 11.6561 0.459531 2.25607
1114.56 471.744 11.7921 0.587297 2.36898
1190.59 444.096 11.7688 0.54138 2.49452
1085.18 423.36 11.8034 0.525941 2.28542
1074.82 480.384 11.8043 0.612109 2.29138
337.997 423.014 16.655 1.58325 -8.31836
360.806 414.72 16.4841 1.45303 -8.67789
866.765 387.763 10.9622 0.105935 -3.0617
495.59 354.586 13.4665 0.477466 -1.68005
495.59 423.014 13.3011 0.859366 -1.25242
700.877 460.339 12.0885 0.858758 -2.90824
709.171 367.027 12.143 0.180515 -3.46633
174.182 431.309 15.1735 1.28825 -1.53846
151.373 439.603 15.0824 1.31199 -1.14833
302.746 381.542 17.5943 1.17371 -9.22584
323.482 375.322 17.1048 1.00111 -8.60782
300.672 362.88 16.9819 0.891258 -7.3689
344.218 354.586 16.8769 0.678856 -8.53896
435.456 418.867 13.6354 0.900892 -1.31189
570.24 396.058 13.8287 0.605742 -9.52728
574.387 371.174 13.6362 0.275807 -7.64807
675.994 418.867 12.2739 0.613573 -3.68306
331.776 335.923 17.2188 0.462743 -8.88788
306.893 331.776 17.7536 0.451071 -9.34939
439.603 398.131 13.5203 0.76751 -0.762413
481.075 402.278 13.4222 0.748 -1.34588
452.045 420.941 13.5322 0.889622 -1.28273
750.643 427.162 11.929 0.583647 -1.14624
715.392 423.014 12.0142 0.600779 -3.24745
908.237 387.763 10.7313 0.0744895 -2.83392
335.923 387.763 16.8477 1.10906 -8.41848
352.512 367.027 16.6515 0.806553 -8.35477
543.283 377.395 13.7148 0.480663 -5.6622
203.213 286.157 15.2728 0.427143 -1.65786
128.563 205.286 15.5407 0.0846932 -1.21037
80.8704 282.01 15.8041 0.552825 -1.34126
182.477 356.659 15.2332 0.860712 -1.5553
134.784 342.144 15.0903 0.807806 -0.812601
205.286 114.048 15.8933 -0.777236 -2.32977
321.408 111.974 15.3902 -1.10511 -2.91147
248.832 182.477 15.3406 -0.309769 -2.03978
244.685 118.195 16.374 -1.11556 -3.75385
288.23 157.594 15.6148 -0.715189 -3.05109
331.776 132.71 15.3538 -0.995393 -3.10145
172.109 190.771 16.0077 -0.201589 -2.34335
116.122 176.256 15.7813 -0.0932888 -1.42573
541.21 267.494 14.595 -1.13619 -9.20006
601.344 226.022 13.2376 -0.854327 -3.73605
545.357 282.01 14.568 -0.972179 -9.68005
383.616 261.274 16.8453 -0.741535 -9.265
375.322 306.893 16.802 -0.130838 -9.08107
611.712 167.962 13.2224 -1.28606 -3.59763
383.616 172.109 14.908 -0.781989 -3.18411
352.512 134.784 15.1717 -1.00094 -3.02511
414.72 170.035 14.6971 -0.850167 -3.23463
418.867 136.858 14.7145 -1.119 -3.21013
190.771 649.037 13.8604 1.76052 0.48129
132.71 537.062 15.066 1.84074 -1.16559
329.702 410.573 16.884 1.4471 -8.51145
294.451 410.573 17.384 1.55643 -8.58898
194.918 468.634 15.3325 1.59179 -2.19033
41.472 396.058 15.4437 1.15821 -0.754682
120.269 423.014 15.0225 1.20122 -0.727268
178.33 387.763 15.1798 1.04344 -1.46478
143.078 367.027 15.0218 0.917778 -0.812374
66.3552 516.326 15.1582 1.69513 -0.713787
489.37 553.651 13.2327 1.59289 -1.5388
406.426 553.651 13.6 1.62597 -1.19521
449.971 524.621 13.4036 1.43492 -1.21845
443.75 528.768 13.4206 1.45407 -1.15183
481.075 636.595 12.939 1.63736 0.000518233
601.344 416.794 13.2408 0.802723 -8.73066
566.093 441.677 13.6145 1.21234 -8.3002
539.136 456.192 13.0884 1.01893 -1.79059
630.375 456.192 12.7388 1.26596 -8.83601
476.928 489.37 13.5232 1.31011 -2.21842
416.794 485.222 13.6743 1.2833 -1.38652
437.53 483.149 13.4986 1.21827 -1.08005
864.691 226.022 10.632 -1.85494 -6.07415
941.415 263.347 9.84285 -1.53798 -5.74354
858.471 344.218 12.1147 0.446166 2.09143
841.882 286.157 10.25 -1.76626 -9.52015
709.171 219.802 12.3605 -1.05525 -3.79617
649.037 211.507 12.8572 -0.984335 -3.54862
752.717 244.685 11.9735 -0.846092 -3.50794
721.613 221.875 12.251 -1.0438 -3.71327
702.951 315.187 12.2423 -0.192691 -3.05588
731.981 337.997 12.0295 -0.0449151 -3.08541
779.674 296.525 11.7363 -0.400381 -3.07898
802.483 70.5024 12.0159 -1.44621 -1.36292
846.029 159.667 11.4394 -1.56623 -3.07946
792.115 122.342 11.949 -1.46705 -2.27119
682.214 114.048 12.6744 -1.30595 -2.00345
750.643 124.416 12.2149 -1.48974 -2.53273
1101.08 238.464 9.48334 -1.30461 -2.98466
982.887 257.126 9.59505 -1.56066 -5.24204
1057.54 269.568 9.83598 -0.978775 -2.82969
1210.98 93.312 10.1399 -1.4068 -0.640654
1051.32 163.814 10.3924 -1.3596 -1.82404
692.583 528.768 12.0245 1.39234 -3.02814
769.306 528.768 11.4878 1.24852 -2.95985
671.846 642.816 12.169 1.61937 -0.488063
825.293 423.014 10.9228 0.370961 -4.82471
862.618 499.738 10.8222 0.948321 -3.188
862.618 443.75 10.9835 0.541824 -2.87581
887.501 452.045 10.8278 0.555271 -2.67119
790.042 489.37 11.362 0.97049 -3.3825
773.453 481.075 11.5277 0.936195 -3.15908
738.202 466.56 11.801 0.868012 -2.80224
1155 603.418 11.7465 0.745347 2.44033
1094.86 582.682 11.7523 0.741537 2.29107
1138.41 524.621 11.6205 0.655857 2.12043
1237.94 601.344 11.7393 0.711671 2.58047
1184.03 566.093 11.7464 0.690937 2.48781
1157.07 665.626 11.5984 0.856281 2.20999
1107.3 675.994 11.711 0.877254 2.27919
1175.73 673.92 11.584 0.862342 2.22476
1210.98 628.301 11.7334 0.754458 2.52918
1061.68 574.387 11.7848 0.751024 2.26521
1016.06 651.11 11.7799 0.89731 2.14309
1030.58 607.565 11.7715 0.824457 2.14392
1130.11 437.53 11.791 0.540222 2.39585
1237.94 389.837 11.6089 0.438689 2.31205
1148.77 449.971 11.7824 0.557023 2.43254
1113.52 468.634 11.7925 0.588797 2.3694
1084.49 423.014 11.8052 0.527838 2.2912
1061.68 501.811 11.7921 0.643379 2.22439
1074.12 479.002 11.8037 0.607989 2.28575
719.539 53.9136 12.5028 -1.41367 -1.28425
171.694 427.991 15.0095 1.24232 -1.196
186.624 403.108 15.1447 1.08598 -1.53912
457.851 355.83 13.7188 0.521941 -1.85212
925.655 325.97 10.8678 -0.28301 -2.14494
184.136 323.482 15.1816 0.683643 -1.37626
161.741 241.367 15.2783 0.257697 -1.15168
360.806 383.201 16.4736 0.98711 -8.22026
440.433 395.643 13.6149 0.776523 -1.2415
418.038 418.038 13.7142 0.919927 -1.22984
335.923 385.69 16.8726 1.10303 -8.46796
569.825 395.643 13.7103 0.599966 -8.49256
228.925 296.11 15.3176 0.447724 -2.07377
711.66 323.482 12.1811 -0.160751 -3.04784
609.638 199.066 13.1863 -1.00565 -3.58419
719.125 54.743 12.5028 -1.41367 -1.28425
900.772 59.7197 11.5364 -1.52559 -1.18148
84.6029 612.127 14.3503 1.77204 0.320702
418.038 136.858 14.7349 -1.12794 -3.27106
860.959 604.662 11.1154 1.45373 -1.52131
1211.81 627.057 11.7341 0.751861 2.52851
554.895 634.522 12.6634 1.61958 -0.1961
204.042 114.463 15.8397 -0.749478 -2.21385
1010.26 149.299 10.7595 -1.25898 -1.46377
1229.23 589.732 11.7367 0.704446 2.56454
330.947 131.881 15.3538 -0.995393 -3.10145
400.62 542.454 13.6553 1.60067 -1.29995
689.265 520.059 12.0545 1.36491 -3.41331
189.112 649.452 13.8906 1.77737 0.41696
527.524 554.895 13.0155 1.57658 -1.64252
982.887 256.297 9.55639 -1.59453 -5.3884
1102.33 238.879 9.59183 -1.22794 -2.70958
306.063 641.987 13.5785 1.76198 0.116053
313.528 116.951 15.4237 -1.04153 -2.92199
383.201 171.694 14.9346 -0.792792 -3.22651
370.76 171.694 15.0054 -0.769461 -3.13369
709.171 218.972 12.3551 -1.02924 -3.64734
1089.88 584.755 11.7759 0.752204 2.33461
253.809 129.393 16.3639 -1.06467 -3.9533
793.774 104.509 11.9926 -1.37919 -1.72026
828.611 62.208 11.9076 -1.42027 -1.11831
801.239 69.673 12.0224 -1.48238 -1.47764
94.5562 467.804 15.1028 1.44014 -0.76809
121.928 134.369 15.5142 -0.238575 -0.969989
201.554 487.711 15.2152 1.67605 -2.12564
1099.84 159.253 10.087 -1.46017 -1.86917
487.711 549.919 13.2214 1.57559 -1.45519
689.265 176.671 12.5972 -1.35772 -3.67745
390.666 442.921 14.0026 1.1174 -1.86169
599.685 231.414 13.1699 -0.710244 -3.47802
1079.93 537.477 11.7771 0.689892 2.27937
1147.12 447.898 11.7813 0.555603 2.42592
1114.77 470.293 11.7927 0.587739 2.36797
751.473 243.855 11.9735 -0.846092 -3.50794
1199.37 403.108 11.7054 0.479077 2.39013
1206.84 477.758 11.7573 0.580628 2.50863
1062.51 194.089 9.92357 -1.50389 -2.71472
1020.21 141.834 10.6889 -1.35053 -1.53736
748.984 425.503 11.7821 0.575767 -3.17539
753.961 383.201 11.7867 0.243376 -3.21068
741.519 393.155 11.8233 0.311628 -3.91757
383.201 261.274 16.6092 -0.682736 -8.53876
410.573 206.531 14.7575 -0.606821 -3.55513
1057.54 268.739 9.71449 -1.07255 -3.17202
778.844 298.598 11.7341 -0.418683 -3.15136
1084.91 423.014 11.8025 0.526859 2.28154
1042.61 360.806 11.8379 0.431949 2.16502
768.891 495.176 11.5511 1.0199 -2.7952
719.125 512.594 11.894 1.22628 -2.86124
863.447 442.921 10.9683 0.529648 -2.86352
497.664 492.687 13.2226 1.23914 -1.39321
539.966 457.851 13.1138 1.02608 -1.90057
495.176 455.363 13.2343 1.01625 -1.07099
89.5795 328.458 15.4005 0.798509 -0.926478
79.6263 281.18 16.0435 0.538989 -1.71086
1060.02 500.152 11.7933 0.644462 2.22763
826.122 420.526 10.9496 0.369407 -4.6501
826.122 388.178 11.3259 0.19933 -2.67027
156.764 480.246 15.1694 1.59452 -1.48999
141.834 497.664 14.9564 1.58907 -0.935113
161.741 470.293 15.2332 1.53857 -1.63619
783.821 179.159 11.8707 -1.27325 -2.8687
49.7664 233.902 16.2865 0.31609 -1.70988
711.66 318.505 12.1952 -0.180545 -3.33978
184.136 316.017 15.2526 0.616175 -1.45316
360.806 415.549 16.7923 1.47209 -9.6289
338.412 423.014 16.7638 1.60941 -8.59763
552.407 408.085 13.6047 0.785221 -6.14434
495.176 420.526 12.8075 0.730609 1.45076
517.571 395.643 13.0481 0.683492 -0.224113
472.781 373.248 13.4751 0.618963 -1.26242
681.8 111.974 12.6505 -1.16156 -1.55287
791.286 121.928 11.9955 -1.2985 -1.84928
415.052 483.729 13.707 1.29675 -1.46752
827.118 367.276 11.2366 0.00371905 -3.41914
167.215 400.122 15.2357 1.11828 -1.49883
791.286 191.103 11.8695 -1.00819 -2.19381
991.347 173.187 10.9727 -0.977176 -1.02593
1033.15 609.141 11.7763 0.822272 2.1473
1155.58 606.155 11.7477 0.748038 2.43944
119.439 134.369 15.6575 -0.289258 -1.17954
256.795 122.425 15.8742 -0.929115 -2.98017
203.047 113.467 16.11 -0.829116 -2.62885
289.641 558.379 14.1436 1.7363 -1.02234
361.304 119.439 15.2274 -1.17898 -3.34015
639.001 561.365 12.3793 1.57829 -2.17276
1212.31 543.449 11.7313 0.656055 2.50389
382.206 173.187 14.8714 -0.75517 -2.96682
689.762 519.561 12.0234 1.44693 -3.8525
719.622 56.7337 12.5135 -1.44844 -1.39928
982.389 253.809 9.58235 -1.62479 -5.38623
940.585 262.767 10.0678 -1.3963 -5.0334
1095.86 579.281 11.7679 0.739713 2.32132
1137.66 522.547 11.6204 0.65728 2.12159
310.542 116.453 15.3676 -1.009 -2.76644
295.612 86.5936 15.6897 -1.26679 -2.99215
671.846 641.987 12.1889 1.54149 -0.160236
770.384 540.463 11.5377 1.30572 -2.49664
140.341 609.141 14.4038 1.86378 -0.193811
247.837 179.159 15.8308 -0.471094 -2.94348
794.272 104.509 12.0065 -1.41247 -1.81162
827.118 62.7057 11.9056 -1.47288 -1.24223
800.244 71.6636 12.0224 -1.48238 -1.47764
89.5795 462.828 15.5292 1.54988 -1.42376
185.131 582.267 14.2678 1.73898 -0.212718
597.197 444.912 13.2452 1.1794 -8.70845
1051.07 235.893 10.779 -0.58101 -0.577694
1045.09 238.879 9.96997 -1.17889 -2.71015
185.131 194.089 15.969 -0.222377 -2.48607
307.556 641.987 13.4863 1.67271 0.412763
379.22 531.505 13.9253 1.63917 -1.80856
465.814 271.725 15.5457 -0.818871 -8.69154
609.141 274.711 13.3682 -0.943075 -6.80031
689.762 176.173 12.5972 -1.35772 -3.67745
1080.93 573.309 11.773 0.741039 2.28007
1077.94 537.477 11.7867 0.693426 2.27245
1155.58 412.066 11.6836 0.484393 2.24034
1134.67 367.276 11.6852 0.410603 2.16483
534.491 516.575 13.0502 1.36991 -1.7754
477.758 567.337 13.3086 1.68801 -1.68216
450.884 525.533 13.4445 1.4691 -1.38634
752.468 244.851 11.9735 -0.846092 -3.50794
740.524 253.809 12.0219 -0.898329 -4.1863
719.622 220.963 12.2869 -1.05638 -3.77634
755.454 382.206 11.7838 0.22682 -3.4915
1122.73 441.926 11.7915 0.546543 2.36907
110.481 403.108 15.1165 1.11464 -0.772333
737.538 462.828 11.8154 0.868134 -2.96605
824.132 340.402 11.3212 -0.165711 -3.19348
842.048 286.655 10.3267 -1.71239 -9.10415
1203.35 432.968 11.768 0.53186 2.51837
409.08 206.033 14.8398 -0.652827 -3.82695
376.234 304.57 16.7097 -0.121534 -8.80699
791.286 531.505 11.3722 1.24605 -2.9158
1077.94 477.758 11.7971 0.609456 2.26532
1045.09 456.856 11.798 0.583878 2.16129
459.842 471.786 13.4741 1.16728 -1.45358
779.342 298.598 11.7341 -0.418683 -3.15136
713.65 319.5 12.1952 -0.180545 -3.33978
376.234 504.631 13.521 1.24939 -0.250087
561.365 349.36 13.8004 0.070531 -7.47907
510.603 283.669 14.6126 -0.578585 -7.23101
621.085 346.374 13.1971 -0.212815 -8.75807
868.922 283.669 10.3494 -1.42805 -6.80768
301.584 349.36 17.8647 0.773135 -9.47908
319.5 307.556 17.3383 0.0660468 -8.48433
636.015 418.038 12.7641 0.728245 -8.72329
585.253 388.178 13.4661 0.468267 -7.6769
498.659 492.687 13.2226 1.23914 -1.39321
540.463 459.842 13.0979 1.02917 -1.85215
504.631 456.856 13.3103 1.05085 -1.8294
292.626 409.08 17.1647 1.51492 -7.96003
152.285 435.954 15.1291 1.29925 -1.22051
143.327 367.276 15.0343 0.918949 -0.835754
791.286 480.743 11.4022 0.905812 -3.01499
833.09 468.8 10.8914 0.756786 -4.22069
209.019 382.206 15.3089 1.00739 -2.08047
355.332 364.29 16.6299 0.775639 -8.30113
656.917 364.29 12.6663 -0.0647524 -8.99685
937.599 298.598 10.556 -0.670169 -3.15168
898.781 424.01 10.6511 0.344296 -3.20803
480.743 400.122 13.4214 0.758316 -1.27788
477.758 376.234 13.5499 0.623938 -1.6877
1000.3 98.5375 10.8738 -1.55863 -1.47164
683.79 110.481 12.6542 -1.20867 -1.69255
901.767 59.7197 11.545 -1.50641 -1.1166
200.061 561.365 14.562 1.84978 -1.00514
418.038 137.355 14.7229 -1.10995 -3.19671
799.049 71.6636 12.0312 -1.4796 -1.48227
1057.04 268.739 9.81679 -0.994973 -2.88755
128.995 537.477 15.0639 1.83569 -1.15282
85.9964 526.728 15.1918 1.77914 -0.956766
867.13 283.071 10.142 -1.65814 -8.12064
888.629 229.324 10.517 -1.74775 -5.56346
1117.95 415.649 11.6973 0.49182 2.16963
1135.87 365.485 11.6862 0.407802 2.16404
114.662 175.576 15.7828 -0.084577 -1.41805
171.993 189.909 16.0077 -0.201589 -2.34335
397.733 544.644 13.7688 1.66052 -1.6425
558.976 555.393 12.8702 1.61441 -2.20436
1178.87 573.309 11.7316 0.693873 2.43971
1207.53 548.227 11.7437 0.663374 2.53446
465.814 254.406 15.6099 -1.06656 -8.8357
673.638 175.576 12.714 -1.31027 -3.6059
662.889 168.41 12.8198 -1.43983 -3.79654
763.218 551.81 11.5868 1.37531 -2.43248
766.801 533.894 11.5376 1.2323 -2.49445
820.549 340.402 11.8699 0.220735 0.16585
777.55 300.987 11.7499 -0.384575 -2.9784
738.135 254.406 12.0205 -0.948694 -4.42947
752.468 240.073 11.978 -0.871065 -3.56435
1060.62 573.309 11.7847 0.746557 2.25682
1074.95 537.477 11.7832 0.691703 2.2647
1203.95 433.565 11.7687 0.533177 2.51782
1153.78 419.232 11.6851 0.486621 2.24075
1150.2 365.485 11.6753 0.406382 2.19584
476.563 329.653 14.0123 0.214065 -3.57089
709.47 322.486 12.212 -0.166698 -3.18227
1060.62 193.492 9.85784 -1.56773 -2.93517
1060.62 164.826 10.544 -1.17471 -1.26588
376.234 308.154 16.9751 -0.14748 -9.71594
752.468 383.4 11.7721 0.210532 -3.62735
78.83 279.488 16.3012 0.524196 -2.10432
412.066 483.73 13.6969 1.28863 -1.40859
508.812 283.071 14.6126 -0.578585 -7.23101
562.56 351.152 13.6348 0.129847 -6.13341
1078.54 480.146 11.8006 0.609129 2.2764
1067.79 462.23 11.8066 0.588287 2.26378
770.384 483.73 11.5753 0.928866 -2.74803
766.801 437.148 11.616 0.6053 -3.3732
734.552 462.23 11.8239 0.84535 -2.98155
791.883 483.73 11.4875 0.885861 -2.41419
813.382 555.393 11.266 1.33199 -2.41444
824.132 515.978 11.0629 1.12885 -3.26419
838.464 365.485 11.0912 -0.0739582 -3.73375
146.91 401.316 15.2301 1.12058 -1.30323
182.742 465.814 15.2404 1.54119 -1.84358
781.134 139.744 12.0105 -1.17718 -1.74664
232.907 297.404 15.4602 0.424501 -2.34704
530.311 498.062 13.1253 1.27441 -1.95498
498.062 494.479 12.8585 0.975981 0.90013
537.477 462.23 13.1295 1.0576 -2.00532
103.912 329.653 15.165 0.766754 -0.645871
103.912 286.655 15.4802 0.552967 -1.0973
1039.12 347.569 11.8389 0.400636 2.16413
637.806 419.232 12.6568 0.729192 -7.25135
171.993 214.991 15.6232 0.0379864 -1.81391
300.987 347.569 17.736 0.751791 -9.21609
673.638 415.649 12.2971 0.595894 -4.13595
705.887 372.651 12.1498 0.307495 -3.08432
354.735 365.485 16.7679 0.763893 -8.7203
476.563 376.234 13.5722 0.612745 -1.77921
494.479 419.232 13.4268 0.848741 -1.98121
1031.96 609.141 11.7764 0.818281 2.14797
1153.78 601.974 11.7491 0.748946 2.43918
999.708 139.744 10.8409 -1.33 -1.47251
1207.53 93.1627 10.0053 -1.55583 -0.906806
938.794 265.155 9.9903 -1.44233 -5.26233
684.388 111.079 12.673 -1.4556 -2.33226
784.717 254.406 11.7472 -0.796706 -3.30561
290.238 566.143 14.2116 1.80771 -1.25158
268.739 576.892 13.9384 1.6543 -0.225934
408.483 204.241 14.7575 -0.606821 -3.55513
118.245 132.578 15.7827 -0.328793 -1.36799
329.653 204.241 15.4049 -0.50074 -3.36553
90.2962 455.781 15.5124 1.51527 -1.39574
313.887 116.095 15.5472 -1.10518 -3.14028
296.687 85.9964 15.7879 -1.30903 -3.1977
1057.76 266.589 9.60822 -1.15393 -3.45981
1117.95 189.192 9.82227 -1.40386 -2.14243
171.993 189.192 16.0884 -0.23493 -2.49172
447.181 528.878 13.4147 1.44626 -1.18336
748.168 425.682 11.784 0.572862 -3.09884
425.682 339.686 15.9046 0.188841 -9.18458
460.081 348.285 13.094 0.557541 0.86123
563.276 348.285 13.6348 0.129847 -6.13341
769.667 468.68 11.5592 0.917127 -2.83839
735.269 460.081 11.8242 0.838862 -2.84715
795.466 481.58 11.4368 0.891501 -2.47808
829.865 412.783 11.3236 0.418441 -2.33779
868.563 279.488 11.4469 -0.325795 -1.12679
1027.66 515.978 11.8057 0.676727 2.16016
1156.65 490.179 11.7862 0.604739 2.46911
683.671 485.879 12.1883 1.01844 -1.93257
821.265 558.976 11.1186 1.35599 -2.71817
1036.26 395.583 11.8264 0.482739 2.16275
1083.55 477.28 11.8041 0.606591 2.28636
1126.55 438.581 11.7961 0.545063 2.39306
1070.65 464.38 11.8079 0.583582 2.27047
705.17 313.887 12.2547 -0.157652 -2.79418
103.196 326.786 15.3698 0.778856 -0.976381
339.686 305.287 16.9853 0.0389141 -8.28859
391.283 442.881 13.535 0.981899 -0.264936
485.879 498.779 13.2271 1.23158 -1.01769
460.081 468.68 13.4471 1.14524 -1.30882
670.772 408.483 12.339 0.555658 -3.75541
782.567 180.592 11.8359 -1.52261 -3.80977
718.07 197.792 12.3175 -1.08251 -3.00205
339.686 421.382 16.5424 1.57237 -7.902
528.878 494.479 12.9237 1.09503 -0.381462
503.079 455.781 13.2655 1.04518 -1.52803
438.581 412.783 13.66 0.874842 -1.42128
206.391 399.883 13.1268 0.760032 2.23948
197.792 485.879 15.161 1.64064 -1.98087
159.093 472.98 15.1981 1.52126 -1.55148
184.892 464.38 15.5533 1.59914 -2.54992
141.894 464.38 15.1417 1.48675 -1.2073
1139.45 365.485 11.6825 0.406404 2.15322
1036.26 610.574 11.7789 0.817457 2.14926
1083.55 580.475 11.772 0.748862 2.29029
1182.45 571.876 11.7446 0.696757 2.48218
782.567 137.594 11.9692 -1.32634 -2.26211
687.971 107.495 12.6754 -1.40787 -2.23372
399.883 541.777 13.6626 1.61565 -1.32407
111.795 399.883 15.1172 1.11028 -0.769386
85.9964 524.578 15.4972 1.88799 -1.48346
408.483 202.091 14.4887 -0.481926 -2.60191
369.784 124.695 15.0258 -1.09848 -2.94602
610.574 202.091 13.2148 -1.03763 -3.78216
202.091 111.795 15.9018 -0.761314 -2.28545
331.086 202.091 15.1916 -0.414641 -2.84456
253.689 124.695 15.7963 -0.888634 -2.80349
1037.12 557.256 11.784 0.736235 2.1592
1047.44 500.499 11.8015 0.645511 2.19518
459.221 350.865 12.9122 0.577494 1.61654
670.772 464.38 12.2865 1.14467 -5.98895
686.251 175.433 12.6511 -1.50429 -4.37712
748.168 428.262 11.784 0.572862 -3.09884
737.849 428.262 11.8039 0.580274 -2.81224
784.287 252.829 11.8064 -0.598383 -2.32113
1119.67 474.7 11.7909 0.587977 2.36937
1078.39 479.86 11.7906 0.610434 2.26531
1124.83 443.741 11.7894 0.544686 2.3736
634.653 366.345 12.4866 0.51716 1.44592
810.086 521.138 11.0258 1.22082 -4.0404
196.072 485.02 15.2252 1.65333 -2.05881
335.386 314.747 16.7885 0.151386 -7.54428
474.7 402.463 13.4517 0.763555 -1.3866
438.581 407.623 13.6834 0.842094 -1.54315
799.766 335.386 11.5219 -0.196559 -3.23037
779.127 304.427 11.7563 -0.294441 -2.56696
474.7 438.581 13.354 0.951775 -1.05814
448.901 531.458 13.4373 1.45567 -1.31289
500.499 423.102 13.2177 0.818066 -0.844621
939.08 361.185 11.0555 0.0641078 -1.04301
206.391 402.463 15.2415 1.10639 -1.93958
335.386 423.102 17.0173 1.63874 -9.33498
350.865 361.185 17.0122 0.694028 -9.3753
299.267 366.345 16.3895 1.01002 -6.09335
526.298 495.339 13.1197 1.26218 -1.79149
1031.96 397.303 11.8326 0.476354 2.1664
686.251 397.303 12.2655 0.408133 -3.8601
1171.27 495.339 11.7811 0.606753 2.50315
1119.67 412.783 11.6883 0.483139 2.1546
1037.12 614.014 11.7755 0.81851 2.14792
1155.79 603.694 11.7507 0.739431 2.45238
1078.39 577.896 11.779 0.751196 2.30604
1135.15 521.138 11.6307 0.649628 2.11694
1083.55 510.818 11.7782 0.644698 2.27263
732.689 464.38 11.8317 0.855748 -3.40274
835.885 366.345 11.2491 0.0134723 -2.72786
773.967 521.138 11.5271 1.2171 -2.88511
706.89 541.777 12.03 1.28951 -1.56011
1006.16 144.474 11.6669 -0.232908 1.3455
897.802 273.468 11.3192 -0.363624 -1.00346
407.623 201.231 14.7575 -0.606821 -3.55513
608.854 206.391 13.2226 -1.03387 -3.87454
113.515 175.433 15.4497 -0.0123825 -0.864728
294.108 98.0359 15.7163 -1.26796 -3.03961
252.829 123.835 15.7963 -0.888634 -2.80349
123.835 283.788 15.846 0.487315 -1.88291
154.793 421.038 15.0641 1.2436 -1.09122
154.793 359.121 15.1403 0.883163 -1.08206
167.177 346.737 15.3104 0.83951 -1.55947
210.519 167.177 15.7951 -0.434294 -2.33196
185.752 191.944 16.7269 -0.39814 -3.76808
278.628 297.203 17.7475 0.115628 -8.51813
544.873 526.298 12.8666 1.30371 -0.879287
520.106 551.065 13.1047 1.60683 -1.7639
507.723 489.147 12.9743 1.11633 -0.125909
532.49 458.189 13.285 1.09933 -2.9155
538.681 427.23 12.5913 0.706645 2.28937
773.967 445.805 11.5547 0.685396 -3.6068
414.846 544.873 13.742 1.65655 -1.61989
501.531 458.189 13.2758 1.05695 -1.52504
458.189 470.572 13.4431 1.14732 -1.25442
501.531 414.846 13.3279 0.805898 -1.52982
439.613 408.655 13.6589 0.812577 -1.51093
482.956 365.313 13.4081 0.561274 -1.15133
606.79 414.846 13.0091 0.736822 -6.89345
637.749 365.313 12.4902 0.513183 1.28938
699.666 377.696 12.1804 0.284605 -2.73111
408.655 482.956 13.7709 1.34122 -1.67846
185.752 396.271 15.4282 1.09968 -1.9485
191.944 266.245 15.4214 0.362629 -1.87266
334.354 421.038 16.7035 1.60193 -8.39293
1126.9 439.613 11.7939 0.545789 2.38687
1083.55 476.764 11.8008 0.604955 2.29427
1089.75 421.038 11.8064 0.530387 2.28633
1133.09 520.106 11.6262 0.650086 2.1155
1052.6 489.147 11.7756 0.624514 2.15229
730.625 458.189 11.8317 0.855748 -3.40274
835.885 365.313 11.4906 0.155659 -1.38292
705.858 538.681 11.9524 1.44413 -2.9324
681.091 513.914 12.1086 1.35025 -3.33827
829.693 557.256 11.1659 1.30207 -2.26658
798.734 532.49 11.5344 1.12354 -1.38548
1009.25 142.41 10.8665 -1.18061 -1.15032
934.953 260.053 10.1025 -1.37301 -4.92862
687.283 117.643 12.6754 -1.40787 -2.23372
780.159 179.56 11.963 -0.954298 -1.77732
693.475 309.587 12.4632 -0.297626 -3.7757
464.38 563.448 13.3142 1.60298 -1.41533
142.41 445.805 15.247 1.37874 -1.36069
148.602 501.531 15.0347 1.6455 -1.19623
371.504 117.643 14.9081 -1.08542 -2.72448
600.599 222.903 13.5675 -1.18144 -5.83849
513.914 278.628 14.4506 -0.572223 -6.75494
117.643 173.369 15.4108 -0.00412828 -0.801108
328.162 204.327 15.0604 -0.365839 -2.48057
253.861 123.835 15.9436 -0.936725 -3.07535
136.218 321.97 15.4175 0.644026 -1.2682
482.956 393.795 13.4262 0.663088 -1.37568
453.235 364.074 13.7844 0.590631 -1.72302
668.708 460.665 12.4166 1.18769 -7.29096
795.019 534.966 11.5499 1.1107 -1.23345
230.333 289.773 15.144 0.414016 -1.69969
505.246 453.235 13.2658 1.03087 -1.40078
549.826 453.235 13.7066 1.38778 -6.66497
527.536 460.665 13.285 1.09933 -2.9155
683.568 401.225 12.2725 0.470951 -3.57834
1025.35 416.085 11.8297 0.529783 2.16751
1077.36 475.526 11.8018 0.60283 2.31176
1114.51 401.225 11.6993 0.473636 2.13796
1032.78 393.795 11.8383 0.478709 2.16644
1040.21 542.396 11.7861 0.728779 2.17206
735.579 460.665 11.881 0.826857 -2.29968
876.75 378.934 11.3696 0.242422 -0.827889
705.858 542.396 11.9374 1.37738 -2.60206
743.009 482.956 11.8532 0.864913 -1.77052
683.568 527.536 12.2127 1.01705 0.467398
1003.06 141.172 10.9228 -1.17945 -1.05776
936.191 260.053 10.1086 -1.34968 -5.02611
720.718 193.182 12.3069 -1.12592 -2.99405
720.718 319.494 12.1971 -0.264738 -3.66167
698.428 356.644 12.2134 0.0584185 -3.46737
743.009 297.203 11.9701 -0.378838 -3.3281
802.449 334.354 11.4767 -0.155843 -2.67513
832.17 282.343 11.8036 -0.0848374 -0.256484
586.977 430.945 13.1262 1.12703 -7.47776
505.246 490.386 13.2167 1.25006 -1.73927
378.934 527.536 13.2025 1.18303 0.890224
512.676 557.256 13.137 1.5756 -1.64
193.182 482.956 15.0373 1.57488 -1.56351
393.795 200.612 14.6559 -0.573984 -2.89045
408.655 141.172 14.6243 -1.02724 -2.83238
594.407 222.903 13.6243 -1.22635 -5.9665
512.676 282.343 14.6513 -0.70344 -7.77201
185.752 193.182 16.8042 -0.406297 -3.94838
156.032 170.892 15.3389 -0.124533 -1.00989
282.343 200.612 16.9796 -0.885059 -6.27442
304.634 349.214 16.4504 0.691493 -6.07928
570.631 410.141 13.5178 0.814803 -7.58914
534.966 392.309 13.924 0.571798 -6.77835
829.198 365.56 11.5485 0.173264 -1.49005
454.721 463.637 13.4611 1.10313 -1.34921
481.47 427.973 13.3751 0.908434 -1.20733
722.204 196.154 12.3121 -1.22232 -3.39005
704.372 169.406 12.4423 -1.67458 -4.3978
829.198 463.637 11.3639 0.72447 -1.85904
873.778 436.889 11.199 0.522858 -1.3807
1061.02 463.637 11.7811 0.590743 2.15501
1034.27 401.225 11.8269 0.522878 2.16787
1096.68 543.882 11.7582 0.702411 2.30219
1043.18 543.882 11.7897 0.715101 2.19039
1087.76 472.554 11.8044 0.599267 2.28986
731.121 436.889 11.8749 0.630728 -3.19573
686.54 401.225 12.2804 0.481659 -3.67687
775.701 445.805 11.6793 0.691149 -2.24444
704.372 543.882 12.0433 1.20483 -1.00448
980.771 249.651 9.21876 -2.06255 -6.70644
731.121 222.903 12.2317 -1.25419 -4.94919
641.96 249.651 12.761 -0.634797 -3.16611
713.288 312.064 12.2046 -0.0185054 -1.5515
847.03 258.567 11.9017 0.0123928 0.801089
766.785 294.231 11.5934 -1.09784 -8.1426
401.225 445.805 14.2236 1.23441 -2.95895
445.805 401.225 13.6109 0.800115 -1.39977
597.379 365.56 13.6543 -0.00184928 -10.6043
419.057 526.05 13.5475 1.44992 -1.05952
499.302 490.386 13.2139 1.23592 -1.49501
401.225 490.386 13.7492 1.3469 -1.38957
517.134 499.302 13.2435 1.27207 -1.99982
249.651 419.057 16.6387 1.45765 -5.99467
178.322 445.805 15.0999 1.36115 -1.46586
374.476 427.973 15.2801 1.47127 -5.79754
294.231 401.225 17.4739 1.34873 -8.72905
615.211 169.406 13.243 -1.36856 -4.06389
472.554 329.896 13.9276 0.295149 -2.87926
597.379 329.896 13.0612 0.0534557 -3.68263
526.05 347.728 13.4223 0.37933 -2.19831
329.896 205.07 15.4791 -0.536278 -3.62046
178.322 285.315 15.0485 0.451178 -0.972471
356.644 294.231 16.909 -0.279029 -8.56967
