885 343 -11.2982 -1.28495 19.3857
242 470 -6.66689 -0.0682252 10.5339
274 52 -8.75145 -1.94613 11.7424
769 476 -9.86493 0.053784 16.1756
675 510 -8.55562 0.218881 14.0197
549 176 -7.72624 -1.41488 12.4817
529 167 -7.64788 -1.40108 12.3108
957 903 -4.9165 1.27068 11.8899
767 1027 -4.67919 1.23183 10.7772
627 1059 -4.82943 1.24556 10.4809
681 597 -8.66215 0.759771 14.1591
1441 71 -3.53482 -1.17433 12.0584
990 683 -4.58563 0.48774 11.5673
1520 950 -3.21525 1.05271 11.9528
1556 1060 -3.04213 1.12717 11.5277
1063.2 879.6 -4.33207 0.995283 11.5733
990 876 -4.48051 0.99049 11.4421
1122 457.2 -4.2582 -0.162908 11.7198
990 682.8 -4.58623 0.483786 11.5775
504 507.6 -7.36596 0.112253 11.968
1166.4 387.6 -4.17187 -0.354899 11.8135
654 219.6 -9.2764 -1.64631 14.4737
1317.6 176.4 -3.7832 -0.894941 11.862
1513.2 127.2 -3.35628 -1.02033 12.0917
1441.2 70.8 -3.53924 -1.18043 12.0594
1405.2 834 -3.54255 0.831642 12.0461
1214.4 825.6 -4.02322 0.854256 11.8687
1750.8 649.2 -3.15814 0.825191 16.8776
298.8 805.2 -6.56318 0.98221 10.6407
504 628.8 -7.31572 0.619166 11.9336
780 633.6 -9.62885 1.25528 16.0824
997.2 429.6 -4.56661 -0.229974 11.5577
382.8 354 -6.83111 -0.468627 11.0919
400.8 338.4 -6.85447 -0.53284 11.1738
1710 364.8 -3.48826 -0.76412 17.3695
273.6 51.6 -8.75209 -1.94733 11.7433
556.8 380.4 -7.73261 -0.458093 12.5262
1176 669.6 -4.09906 0.418398 11.7724
789.6 424.8 -10.4097 -0.380245 17.0138
667.2 303.6 -9.16687 -1.09865 14.5038
916.8 981.6 -4.53955 1.21448 11.1918
953.28 129.6 -5.07449 -1.21316 12.0144
1454.4 210.24 -3.51554 -0.825911 12.1448
1546.56 381.6 -3.26593 -0.377625 12.1709
247.68 817.92 -6.5055 0.976561 10.4554
1369.44 669.6 -3.65195 0.391884 12.0143
1198.08 669.6 -4.0628 0.418763 11.8363
1300.32 423.36 -3.82169 -0.25841 11.9044
371.52 691.2 -6.694 0.676319 10.9521
355.68 515.52 -6.72642 0.0860367 10.926
915.84 580.32 -12.4716 1.41565 21.5399
538.56 766.08 -7.49501 1.28851 12.2461
1316.16 177.12 -3.78048 -0.893636 11.8583
1512 126.72 -3.3529 -1.01558 12.0599
1163.52 171.36 -4.28037 -0.973383 11.9641
1764 276.48 -3.21268 -1.21196 16.9177
1177.92 753.12 -4.14589 0.670562 11.8746
1176.48 671.04 -4.21106 0.449408 11.9812
1033.92 197.28 -4.6053 -0.900698 11.78
1329.12 378.72 -3.7831 -0.383742 11.9868
1169.28 823.68 -4.15651 0.86613 11.8587
1211.04 266.4 -4.04831 -0.679733 11.8026
1300.32 158.4 -3.81167 -0.941049 11.827
352.8 404.64 -6.63478 -0.284499 10.8697
1032.48 551.52 -4.48786 0.112388 11.6293
398.88 336.96 -7.04026 -0.545403 11.2936
1059.84 482.4 -4.38995 -0.0892596 11.6181
440.64 506.88 -7.27355 0.0938831 11.6112
1215.36 832.32 -4.02783 0.885215 11.912
668.16 609.12 -8.35267 0.778665 13.7695
609.12 612 -8.02514 0.710629 13.0648
662.4 541.44 -8.47545 0.395268 13.8506
444.96 633.6 -7.00847 0.561727 11.4391
1090.08 40.32 -4.45867 -1.34228 11.8435
1330.56 485.28 -3.63644 -0.108528 11.6553
1427.04 433.44 -3.52157 -0.239153 12.0116
329.76 597.6 -6.73341 0.359052 10.8473
701.28 384.48 -8.57566 -0.547916 14.249
768.96 476.64 -9.67268 0.0446849 15.9575
1797.12 669.6 -2.92729 0.872776 16.5701
1591.2 918.72 -3.15915 1.11553 12.5275
1120.32 456.48 -4.29955 -0.161514 11.7922
659.52 689.76 -8.12184 1.18643 13.5074
714.24 869.76 -5.74759 1.27951 11.6463
375.84 819.36 -6.59318 1.0908 10.9081
1543.1 442.368 -3.27479 -0.220702 12.1816
537.408 767.232 -7.13132 1.18979 11.9409
1544.83 381.888 -3.26922 -0.377551 12.1687
1771.2 542.592 -3.04159 0.222039 16.1838
1712.45 578.88 -3.42764 0.498265 17.5254
1512 126.144 -3.38212 -1.03136 12.1476
1437.7 70.848 -3.54216 -1.17808 12.0555
953.856 188.352 -4.97588 -0.981634 11.9017
893.376 205.632 -9.85534 -2.29368 17.6755
494.208 449.28 -7.30765 -0.14944 11.8783
998.784 430.272 -4.57068 -0.233379 11.5741
1427.33 433.728 -3.54098 -0.239685 12.0679
1009.15 369.792 -4.59756 -0.400842 11.6553
380.16 60.48 -8.53668 -1.97044 12.1361
1313.28 834.624 -3.79382 0.867337 12.0125
1021.25 611.712 -4.63723 0.304193 11.8197
1378.94 577.152 -3.6678 0.148925 12.1037
1689.98 525.312 -3.66614 0.208428 18.2495
1724.54 475.2 -3.41079 -0.107822 17.534
444.096 634.176 -7.18252 0.589748 11.5617
1009.15 209.088 -4.52827 -0.83466 11.5422
1183.68 580.608 -4.11756 0.175391 11.8436
502.848 628.992 -7.32215 0.617906 11.9274
713.664 663.552 -8.65762 1.22106 14.4377
240.192 470.016 -6.58124 -0.0680779 10.4867
1263.17 803.52 -3.94715 0.805521 12.0273
1216.51 832.896 -4.03574 0.892737 11.9352
554.688 380.16 -7.53477 -0.456059 12.3449
501.12 361.152 -7.41229 -0.510617 11.9852
271.296 50.112 -8.74491 -1.94301 11.7294
706.752 412.992 -9.01733 -0.383084 14.6911
615.168 454.464 -8.0032 -0.119206 13.0775
879.552 530.496 -4.5271 0.0341963 10.9906
832.896 402.624 -10.0446 -0.564723 17.1238
762.048 400.896 -8.96931 -0.480493 15.1765
805.248 330.048 -10.0081 -1.15265 16.7182
760.32 324.864 -9.9073 -1.12693 16.1046
328.32 198.72 -6.84744 -0.975406 10.9208
658.368 390.528 -8.17876 -0.471133 13.5337
848.448 317.952 -10.06 -1.32261 17.3476
1517.18 948.672 -3.30518 1.16398 12.299
1235.52 755.136 -3.99307 0.665864 11.9243
1456.7 212.544 -3.50259 -0.816831 12.1309
1422.14 354.24 -3.54466 -0.442405 12.0469
881.28 869.184 -5.19981 1.21582 11.8502
248.832 819.072 -6.4788 0.968377 10.4401
737.856 155.52 -9.1676 -2.15628 15.122
88.128 539.136 -7.24749 0.168335 10.3358
688.435 234.317 -8.79347 -1.5009 14.3497
686.362 161.741 -8.72202 -1.91619 14.2524
1113.52 282.01 -4.26836 -0.632372 11.6597
1250.38 576.461 -3.95983 0.159268 11.9308
1003.62 431.309 -4.60209 -0.228091 11.6396
1302.22 157.594 -3.83977 -0.950664 11.8744
1219.28 145.152 -3.96907 -0.967106 11.6809
1289.78 82.944 -3.92038 -1.17673 11.9797
1196.47 91.2384 -4.03425 -1.11152 11.6733
1009.84 209.434 -4.51508 -0.82891 11.5181
1437.01 646.963 -3.45359 0.302914 11.9375
499.738 360.806 -7.43286 -0.515094 11.9918
524.621 161.741 -7.64224 -1.4159 12.2681
777.6 632.448 -9.31616 1.19726 15.6989
1314.66 835.661 -3.79461 0.870883 12.0241
1173.66 588.902 -4.13585 0.194796 11.8126
1092.79 590.976 -4.36449 0.220091 11.7725
1262.82 802.483 -3.90338 0.780873 11.9222
1426.64 433.382 -3.5315 -0.239483 12.0418
443.75 634.522 -7.18252 0.589748 11.5617
1169.51 143.078 -4.18711 -1.00862 11.8168
1111.45 99.5328 -4.27654 -1.11306 11.6454
599.271 665.626 -7.89811 0.956112 12.8954
586.829 572.314 -7.94146 0.474867 12.844
713.318 663.552 -8.49152 1.17875 14.2651
665.626 609.638 -8.36182 0.779185 13.7741
725.76 586.829 -8.8401 0.753313 14.6904
661.479 541.21 -8.43658 0.389389 13.8065
242.611 615.859 -6.77067 0.397222 10.5837
223.949 553.651 -6.60596 0.182292 10.4474
346.291 240.538 -6.64065 -0.809158 10.8554
279.936 248.832 -6.93791 -0.795961 10.8134
331.776 199.066 -6.90357 -0.980655 10.9566
816.999 267.494 -10.1804 -1.70798 17.0645
767.232 261.274 -9.79094 -1.62548 16.0354
1337.47 232.243 -3.73771 -0.755088 11.9113
1316.74 178.33 -3.81871 -0.909239 11.9372
1708.65 342.144 -3.39698 -0.816838 16.5201
761.011 325.555 -10.036 -1.14455 16.2395
675.994 510.106 -8.53743 0.220694 13.999
630.375 429.235 -8.03134 -0.252794 13.2064
891.648 522.547 -11.006 0.576612 19.1613
765.159 474.854 -9.33218 0.0333395 15.5827
657.331 389.837 -8.18927 -0.472421 13.527
856.397 352.512 -11.1506 -1.14049 18.743
848.103 317.261 -10.223 -1.33601 17.4793
1789.52 595.123 -3.03115 0.543815 17.364
1515.8 947.635 -3.28454 1.13506 12.2105
1517.88 831.514 -3.23384 0.747031 11.9354
1665.1 1005.7 -2.9007 1.11398 11.9692
1024.36 613.786 -4.47685 0.278708 11.5857
1169.51 802.483 -4.11157 0.790539 11.778
991.181 877.133 -4.54301 1.0207 11.5315
1437.01 70.5024 -3.53854 -1.1683 12.0293
1864.17 439.603 -2.67482 -0.300113 15.7172
1121.82 456.192 -4.25734 -0.16013 11.7237
1422.49 354.586 -3.49723 -0.426562 11.9013
503.885 850.176 -6.75434 1.36033 11.5228
445.824 769.306 -7.16516 1.12681 11.5592
437.53 926.899 -6.09173 1.31067 10.8096
891.648 205.286 -9.65185 -2.23583 17.3797
352.512 404.352 -6.71757 -0.285251 10.9197
1169.51 144.323 -4.10081 -0.978512 11.663
547.43 171.694 -7.75916 -1.41619 12.4953
348.365 241.367 -6.68985 -0.81652 10.8845
333.435 199.066 -6.93485 -0.985332 10.976
778.844 632.033 -9.25384 1.17606 15.6346
1109.79 622.08 -4.31315 0.303482 11.7654
1184.44 579.779 -4.10255 0.165953 11.8059
1010.26 209.019 -4.52442 -0.827286 11.5309
1074.95 293.622 -4.34949 -0.607352 11.5871
442.921 632.033 -7.18252 0.589748 11.5617
495.176 567.337 -7.45665 0.367288 11.9985
753.961 186.624 -9.0898 -1.94552 15.1771
1303.88 194.089 -3.83856 -0.868716 11.9304
500.152 629.545 -7.36422 0.626628 11.9558
584.755 572.314 -7.89249 0.472341 12.8011
704.195 415.549 -8.56416 -0.370531 14.2217
440.433 505.129 -7.26162 0.0826655 11.5927
714.148 661.893 -8.55145 1.18331 14.3059
1022.7 47.2781 -4.48879 -1.26177 11.5349
1206.84 803.727 -4.04981 0.794898 11.8847
893.307 522.547 -11.1081 0.581019 19.2891
880.865 427.991 -11.2557 -0.391402 19.2649
306.063 149.299 -6.77803 -1.10222 10.8128
689.265 383.201 -8.27215 -0.514826 13.8338
666.87 303.575 -8.71071 -1.0358 14.0465
1517.88 948.05 -3.27453 1.12153 12.1849
1455.67 211.507 -3.48752 -0.81259 12.0892
1438.25 69.673 -3.53598 -1.16702 12.0276
1313.83 159.253 -3.87997 -0.981991 12.0689
1176.98 487.711 -4.10972 -0.0747778 11.7483
1331.25 482.734 -3.76261 -0.10191 11.9671
1328.76 378.225 -3.73531 -0.380219 11.8719
1194.39 293.622 -4.1025 -0.61228 11.8158
534.989 763.914 -7.21247 1.20452 11.9931
502.641 851.006 -6.63569 1.31987 11.4305
375.736 813.681 -6.71136 1.09893 10.9734
686.776 161.741 -8.69463 -1.90571 14.2228
890.819 206.531 -9.87157 -2.29828 17.6869
741.519 156.764 -9.12997 -2.15449 15.0955
495.176 393.155 -7.44317 -0.376766 11.9668
353.341 410.573 -6.93733 -0.257598 11.0574
438.94 504.631 -7.74743 0.11622 11.9267
612.127 453.87 -8.20812 -0.121955 13.2393
259.781 238.879 -6.77776 -0.794593 10.6546
815.174 265.753 -9.99766 -1.667 16.8303
349.36 241.865 -6.42669 -0.776111 10.7366
385.192 209.019 -7.13165 -1.01888 11.2918
716.636 483.729 -8.81478 0.0750306 14.5883
639.001 531.505 -8.21875 0.309139 13.4256
633.029 459.842 -8.11346 -0.0925202 13.2832
842.048 403.108 -9.63593 -0.538734 16.7149
767.398 394.15 -9.34218 -0.546682 15.538
967.459 253.809 -4.68766 -0.718849 11.5728
316.514 86.5936 -7.66529 -1.53967 11.3489
755.454 447.898 -9.41868 -0.166334 15.5635
653.931 388.178 -8.50313 -0.493299 13.8184
716.636 310.542 -9.22021 -1.09616 15.0002
889.823 340.402 -10.9536 -1.27873 18.9995
1546.74 639.001 -3.24751 0.287777 12.1637
1696.04 576.295 -3.51717 0.514939 17.7504
1525.84 898.781 -3.20214 0.917279 11.9509
1054.05 743.51 -4.43467 0.645098 11.6882
1101.83 597.197 -4.29924 0.223717 11.704
991.347 546.435 -4.65748 0.108912 11.6851
1313.83 770.384 -3.80748 0.684604 12.0214
1248.14 573.309 -3.94804 0.148979 11.8847
1158.56 845.034 -4.12726 0.907139 11.733
1221.27 949.543 -3.99288 1.20217 11.8886
1454.17 212.005 -3.46598 -0.804528 12.0252
1719.93 474.772 -3.40695 -0.14409 17.5196
1176.48 486.715 -4.10733 -0.0807198 11.747
1170.51 391.164 -4.13404 -0.34899 11.744
1328.76 376.234 -3.75616 -0.383448 11.9223
901.767 546.435 -12.1544 0.935799 20.8586
591.225 898.781 -5.90697 1.29627 11.2443
432.968 925.655 -6.10003 1.30963 10.8117
376.234 815.174 -6.7343 1.10959 10.9944
546.435 170.201 -7.79001 -1.43148 12.5161
856.978 209.019 -10.0183 -2.22923 17.3515
749.482 158.257 -9.28393 -2.1852 15.3982
244.851 373.248 -6.83566 -0.352155 10.6362
352.346 412.066 -6.60456 -0.251512 10.8548
487.313 265.155 -7.7539 -0.95034 12.1713
440.731 261.572 -7.67051 -0.932337 11.8706
1705.59 365.485 -3.58845 -0.760375 17.6521
759.635 322.486 -9.71699 -1.12568 15.9205
809.799 426.399 -10.0068 -0.349479 16.7989
770.384 455.064 -9.38672 -0.119894 15.6705
877.88 426.399 -11.1028 -0.401094 19.0379
655.722 386.984 -8.04197 -0.480078 13.3733
716.636 308.154 -8.85017 -1.06544 14.6061
1454.77 548.227 -3.47739 0.0671655 12.1328
1651.85 1003.29 -2.92959 1.11269 11.9579
1057.04 741.719 -4.577 0.702003 11.9192
1100.04 594.808 -4.28281 0.220809 11.6759
1042.71 555.393 -4.41541 0.128669 11.5612
1393.86 662.889 -3.59959 0.383016 12.0394
1214.7 770.384 -4.01669 0.694836 11.847
1254.11 591.225 -3.94592 0.195831 11.9288
1006.87 928.044 -4.56434 1.20155 11.6368
1221.86 945.96 -3.99423 1.19972 11.8845
1318.61 845.631 -3.79921 0.906079 12.0666
1221.86 842.048 -4.01458 0.909066 11.9094
1454.77 211.408 -3.4638 -0.80334 12.0122
1770.09 240.073 -3.20408 -1.43232 17.1541
1537.18 530.311 -3.28225 0.020852 12.2275
1723.51 469.397 -3.38956 -0.112098 17.3096
971.042 275.905 -4.63467 -0.659536 11.5152
1268.45 286.655 -3.9429 -0.628507 11.937
1315.03 157.66 -3.82216 -0.96313 11.947
1175.28 483.73 -4.19053 -0.0758342 11.9174
1329.36 480.146 -3.78095 -0.108179 11.9917
1293.53 451.481 -3.80511 -0.18683 11.8367
1325.78 376.234 -3.73435 -0.383297 11.8704
655.722 687.971 -8.19419 1.19202 13.5273
530.311 763.218 -7.33013 1.23138 12.0588
902.962 544.644 -11.1696 0.823898 19.5854
293.821 777.55 -6.54633 0.884733 10.6124
501.645 627.057 -7.39451 0.635491 11.9672
376.234 813.382 -6.57329 1.07523 10.9023
687.971 161.243 -8.76626 -1.91583 14.316
619.89 386.984 -8.05726 -0.47748 13.1827
261.572 240.073 -6.23813 -0.722029 10.3654
455.064 143.327 -7.79021 -1.47362 12.0459
136.161 336.819 -7.06045 -0.467915 10.4075
437.148 501.645 -6.72561 0.0480597 11.2237
718.07 309.587 -9.09575 -1.10275 14.8304
761.068 391.283 -9.21881 -0.542919 15.398
1453.34 550.377 -3.49298 0.0704979 12.168
1638.23 610.574 -3.0185 0.186979 12.1716
1513.54 945.96 -3.17668 0.969358 11.7418
1737.13 958.859 -2.78454 1.07432 12.3129
1057.76 743.869 -4.41596 0.648359 11.6574
1100.75 593.375 -4.29658 0.224149 11.6899
1044.86 554.677 -4.52257 0.121573 11.7602
1311.44 769.667 -3.85157 0.706272 12.1045
1367.34 550.377 -3.66196 0.0793614 11.9914
1246.95 567.576 -3.95425 0.139162 11.8885
1006.16 928.761 -4.64941 1.26523 11.7521
1255.55 847.064 -3.93507 0.900666 11.919
1453.34 210.691 -3.42014 -0.77798 11.8464
1530.74 133.294 -3.30834 -0.998744 12.0456
1543.63 533.177 -3.26954 0.017338 12.1766
1625.33 408.483 -3.1417 -0.33012 12.5183
1724.23 468.68 -3.20839 -0.150821 15.9047
1745.73 335.386 -3.34719 -0.909295 17.4363
1707.03 343.985 -3.58423 -0.915686 17.547
1152.35 283.788 -4.19052 -0.634965 11.7391
1173.85 176.293 -4.12031 -0.902632 11.7151
1341.54 257.989 -3.77877 -0.714719 12.0355
1384.54 184.892 -3.65567 -0.880165 11.998
1298.55 417.082 -3.82158 -0.265569 11.8703
528.878 761.068 -7.36117 1.23228 12.083
752.468 558.976 -9.84766 0.703236 16.0958
597.675 898.662 -5.7953 1.25983 11.1516
722.369 868.563 -5.93599 1.34691 11.8764
374.084 666.472 -6.68106 0.603981 10.9576
498.779 627.773 -7.14908 0.577508 11.7696
266.589 907.262 -6.78022 1.337 10.6552
253.689 812.666 -6.79278 1.04688 10.6242
111.795 877.163 -6.80522 1.15134 10.204
429.982 924.461 -6.29206 1.36156 10.9185
378.384 812.666 -6.99281 1.18391 11.1754
571.876 279.488 -7.63168 -0.899599 12.482
687.971 163.393 -8.63102 -1.86298 14.167
890.062 275.188 -11.279 -1.96175 19.4325
842.764 249.389 -10.0901 -1.8777 17.1935
743.869 154.793 -8.85973 -2.08034 14.8628
735.269 477.28 -8.7017 0.0362401 14.6465
769.667 455.781 -9.50688 -0.129419 15.7831
262.289 240.79 -6.83051 -0.80046 10.6893
455.781 141.894 -8.07702 -1.55022 12.2443
438.581 503.079 -7.21805 0.0608346 11.5556
365.485 520.278 -6.98083 0.118587 11.1327
490.179 391.283 -7.44773 -0.371381 11.9696
722.369 866.843 -5.84159 1.31394 11.749
861.684 546.937 -10.7132 0.76759 18.3726
753.328 562.416 -9.78746 0.6952 16.0282
1160.95 841.044 -4.17556 0.938143 11.8252
1759.49 552.097 -3.15965 0.314418 17.2006
1635.65 608.854 -3.0358 0.177873 12.2078
232.19 464.38 -6.82097 -0.0744972 10.5877
242.51 371.504 -6.35078 -0.338536 10.3692
134.154 376.664 -7.09472 -0.352552 10.4346
990.678 531.458 -4.59485 0.0893948 11.5909
1171.27 392.143 -4.09929 -0.341683 11.702
1253.83 665.612 -3.99532 0.419598 12.0761
1367.34 552.097 -3.65173 0.0833717 11.9646
1774.96 237.35 -3.18392 -1.42293 17.0039
1057.76 743.009 -4.40673 0.639717 11.6525
1093.87 593.375 -4.31047 0.226473 11.6944
1305.42 768.807 -3.80469 0.686144 11.9807
1212.55 768.807 -4.01669 0.694836 11.847
1449.9 211.551 -3.49564 -0.807804 12.0571
1511.82 706.89 -3.44301 0.548614 12.6243
433.422 500.499 -7.20842 0.0498678 11.5343
490.179 392.143 -7.39757 -0.380155 11.9045
386.984 356.025 -6.60956 -0.439993 10.9712
1511.82 330.226 -3.47556 -0.55294 12.6324
1418.94 361.185 -3.49533 -0.415335 11.8803
495.339 629.493 -7.36674 0.628643 11.9537
1738.85 505.659 -3.51715 0.0589476 19.0364
1702.73 340.546 -3.48141 -0.86436 16.9648
1341.54 257.989 -3.70612 -0.691769 11.8658
1315.74 154.793 -3.74307 -0.950986 11.7383
1150.63 283.788 -4.17725 -0.629222 11.7136
335.386 196.072 -6.86792 -0.979983 10.9559
732.689 474.7 -8.66494 0.026571 14.5597
691.411 381.824 -8.62698 -0.555254 14.2389
614.014 381.824 -8.08641 -0.481286 13.2155
758.488 392.143 -9.21881 -0.542919 15.398
376.664 810.086 -6.93445 1.16546 11.1338
1176.43 476.764 -4.10378 -0.0959415 11.7681
1325.03 365.313 -3.7642 -0.411077 11.9118
1250.73 668.708 -3.98709 0.412526 11.9787
1244.54 594.407 -3.93043 0.202168 11.8647
1622.24 712.05 -2.99317 0.415292 11.8859
1058.79 736.817 -4.38336 0.635195 11.6203
1095.94 594.407 -4.32321 0.201207 11.6442
996.87 544.873 -4.61006 0.0969136 11.641
1281.69 835.885 -3.85215 0.874065 11.944
297.203 167.177 -6.76351 -1.04456 10.751
743.009 154.793 -8.86567 -2.08493 14.8622
600.599 179.56 -8.38306 -1.60391 13.3282
705.858 650.133 -8.60641 1.08153 14.286
557.256 687.283 -7.96231 1.04524 12.7064
650.133 538.681 -8.26036 0.357525 13.5556
520.106 749.2 -7.5679 1.20189 12.1813
377.696 662.516 -6.94606 0.641048 11.1563
1510.78 705.858 -3.42074 0.550184 12.5783
1715.11 470.572 -3.477 -0.153482 17.7491
1739.88 396.271 -3.26951 -0.550962 16.7178
1355.99 247.67 -3.70152 -0.731229 11.9675
1176.43 173.369 -4.33257 -0.99413 12.1347
972.103 278.628 -4.58881 -0.637097 11.4419
451.997 136.218 -7.64629 -1.46902 11.9139
1417.91 359.121 -3.54491 -0.425755 12.0245
848.268 433.422 -10.4883 -0.313988 17.9006
612.982 501.531 -8.04747 0.131891 13.0746
606.79 321.97 -7.94448 -0.786318 12.9508
377.696 811.118 -6.67789 1.09054 10.9797
724.433 866.843 -5.95879 1.34733 11.8884
755.392 557.256 -8.68943 0.553703 14.766
1170.24 390.08 -4.08155 -0.333814 11.6747
1307.7 475.526 -3.70417 -0.113338 11.73
1337.42 349.214 -3.68692 -0.44692 11.8353
1634.62 609.267 -3.08134 0.211011 12.4573
676.138 579.547 -8.39314 0.610286 13.8632
364.074 520.106 -6.98759 0.117297 11.1631
386.365 364.074 -6.33238 -0.414905 10.8028
690.998 163.462 -8.66801 -1.86964 14.2232
638.987 215.473 -8.90996 -1.60887 14.0416
1300.27 772.729 -3.84589 0.701051 12.053
1203.67 772.729 -4.00364 0.69442 11.7622
1508.31 326.924 -3.32358 -0.50143 12.0659
1500.88 141.172 -3.38781 -1.02685 12.2079
1419.15 170.892 -3.54874 -0.891139 11.9269
1315.13 148.602 -3.74434 -0.960597 11.7578
1173.95 170.892 -4.13882 -0.946963 11.7806
1144.23 163.462 -4.14393 -0.938045 11.6346
1411.72 393.795 -3.51394 -0.31917 11.8791
1508.31 705.858 -3.45889 0.576231 12.7549
1448.87 668.708 -3.49413 0.381955 12.1464
1538.03 594.407 -3.13149 0.12504 11.6433
1760.93 505.246 -3.2682 0.0391089 17.6118
1627.19 512.676 -3.14425 -0.00824264 12.6301
1731.21 393.795 -3.32927 -0.585867 17.0499
728.148 475.526 -8.75931 0.0221321 14.6161
609.267 505.246 -8.04747 0.131891 13.0746
728.148 430.945 -8.47912 -0.26561 14.4494
624.127 349.214 -7.87944 -0.669648 13.0279
757.869 393.795 -9.19176 -0.574388 15.3113
973.341 349.214 -4.68247 -0.476325 11.5436
1694.06 319.494 -3.65998 -1.10814 18.1046
1010.49 921.331 -4.56204 1.19591 11.6275
1062.5 743.009 -4.40573 0.63704 11.673
1508.31 928.761 -3.35441 1.10395 12.2439
