854 621 3.51852 -0.364493 14.0204
1321 476 3.22192 -0.994662 10.7135
975 159 3.79424 -1.90275 13.2152
1761 527 3.21969 -0.960598 10.0703
1312 582 3.20883 -0.847941 10.7262
920.4 542.4 4.04008 -0.559863 14.6966
862.8 576 3.83101 -0.4227 14.9246
1321.92 470.88 3.21507 -0.99638 10.7036
862.56 576 3.81334 -0.427058 14.8766
927.36 391.68 4.05065 -1.21511 14.4641
1301.76 698.4 3.21265 -0.677602 10.7693
1504.8 200.16 3.13377 -1.28214 10.2757
344.16 423.36 1.955 -1.18604 12.436
383.04 48.96 2.1004 -2.04523 12.672
377.28 156.96 2.06683 -1.81631 12.7348
322.56 37.44 1.99466 -1.97034 12.3265
813.6 194.4 4.96524 -2.83371 19.1785
803.52 191.52 4.78393 -2.80691 18.806
329.76 165.6 1.97328 -1.73128 12.4595
970.56 195.84 4.06901 -1.91182 13.9446
853.92 423.36 5.02724 -1.08504 18.8738
342.72 829.44 1.8458 -0.268064 12.5343
574.56 658.08 2.49632 -0.380659 13.9163
1319.04 505.44 3.19991 -0.959002 10.6852
1759.68 527.04 3.21829 -0.959812 10.0696
1497.6 246.24 3.13378 -1.24176 10.2879
1313.28 582.336 3.22509 -0.850109 10.7472
1451.52 516.672 3.15839 -0.960964 10.3951
279.936 919.296 1.76004 -0.231826 12.0427
336.96 307.584 1.95783 -1.42926 12.4913
361.152 222.912 2.02449 -1.64571 12.6981
734.4 95.04 4.06377 -3.19024 17.6542
1028.16 749.952 3.61185 -0.149684 12.6726
1086.91 544.32 3.40806 -0.811331 11.8056
1458.43 331.776 3.16264 -1.16254 10.3808
1524.1 69.12 3.14133 -1.4071 10.256
485.568 653.184 2.2166 -0.433362 13.8942
1088.64 349.056 3.44269 -1.22884 11.8008
1451.52 316.224 3.15739 -1.17927 10.3897
1434.24 309.312 3.15226 -1.1886 10.4035
855.36 183.168 4.92128 -2.72984 18.0337
1080 323.136 3.41669 -1.28095 11.7747
1448.06 70.848 3.17759 -1.44383 10.401
1477.44 67.392 3.16805 -1.42989 10.3446
1454.98 53.568 3.18072 -1.45747 10.391
978.048 167.616 3.83195 -1.90483 13.2693
969.408 160.704 3.861 -1.93213 13.4105
1088.64 305.856 3.41445 -1.30942 11.7262
1085.18 381.888 3.41368 -1.15971 11.7672
321.408 902.016 1.56608 0.548186 14.7686
820.8 115.776 4.86592 -3.25463 18.5125
924.48 540.864 3.82079 -0.625724 14.0374
988.416 710.208 3.67903 -0.168433 13.1339
1321.92 471.744 3.21567 -0.996328 10.7033
380.16 160.704 2.07728 -1.81516 12.7808
1071.36 482.112 3.40844 -0.937972 11.8679
1060.99 558.144 3.47708 -0.757713 12.09
1468.8 203.904 3.14451 -1.28923 10.3381
1047.17 786.24 3.30894 -0.273519 11.8801
874.368 466.56 4.15922 -0.867524 15.6901
1071.36 428.544 3.54786 -1.06315 12.1136
490.752 613.44 2.24791 -0.554231 14.0295
425.088 739.584 2.02269 -0.317277 13.1645
969.408 335.232 3.87884 -1.3769 13.5625
814.925 196.992 4.46881 -2.52972 17.4067
1090.71 379.469 3.43252 -1.16643 11.7788
373.248 352.512 2.01145 -1.3518 12.6802
375.322 134.784 2.06473 -1.86123 12.6929
383.616 221.875 2.06582 -1.66094 12.702
383.616 213.581 2.0669 -1.68501 12.7551
763.085 203.213 4.19215 -2.54524 17.7264
804.557 190.771 4.32462 -2.51487 17.0824
960.077 49.7664 4.22079 -2.56444 14.2919
1072.05 462.413 3.39861 -0.991468 11.8169
1067.9 398.131 3.43264 -1.12979 11.8978
1086.57 323.482 3.45687 -1.28513 11.8406
1084.49 381.542 3.41368 -1.15971 11.7672
371.174 105.754 2.07406 -1.93805 12.7582
1080.35 393.984 3.38378 -1.1298 11.7335
1078.27 385.69 3.43995 -1.15337 11.8731
367.027 126.49 2.06029 -1.88835 12.7518
854.323 576.461 3.78719 -0.423496 14.9313
1082.42 317.261 3.46685 -1.29957 11.8682
1084.49 308.966 3.44037 -1.31262 11.8023
767.232 238.464 3.56739 -1.94568 15.1225
860.544 615.859 3.56496 -0.380162 14.08
1472.26 174.182 3.1699 -1.32039 10.3646
1468.11 205.286 3.14379 -1.28907 10.3378
1735.6 729.907 3.21418 -0.769726 10.0936
367.027 219.802 2.02843 -1.65664 12.6441
362.88 223.949 2.02434 -1.64108 12.6643
1069.98 300.672 3.46558 -1.3419 11.9139
1721.09 746.496 3.20499 -0.758253 10.1005
868.839 595.123 3.69943 -0.413041 14.4163
1084.49 423.014 3.42675 -1.07502 11.8152
1094.86 325.555 3.45036 -1.27557 11.7812
862.618 105.754 4.62654 -2.92635 16.7939
729.907 792.115 2.74418 -0.179653 12.6333
1059.61 557.798 3.47584 -0.757136 12.0686
1130.11 257.126 3.44236 -1.39056 11.6159
1076.2 259.2 3.56803 -1.452 12.0839
1092.79 255.053 3.59805 -1.46147 12.0747
1451.52 136.858 3.16853 -1.37096 10.3838
1459.81 331.776 3.15154 -1.1627 10.3662
972.519 155.52 3.88684 -1.95909 13.4327
1478.48 66.3552 3.16732 -1.43497 10.3464
1443.23 89.1648 3.22687 -1.43594 10.4641
893.722 580.608 3.93607 -0.408175 14.7775
364.954 790.042 1.8946 -0.34033 12.5731
578.534 661.479 2.49611 -0.384898 13.7985
541.21 736.128 2.323 -0.30054 13.0532
551.578 702.951 2.38993 -0.314101 13.5381
1495.07 244.685 3.12932 -1.24387 10.2899
972.519 642.816 3.75338 -0.338964 13.4199
1082.42 316.017 3.46933 -1.30864 11.8639
1097.35 318.505 3.45083 -1.29119 11.7863
1455.67 206.531 3.14307 -1.28906 10.3537
363.295 223.949 2.02534 -1.65236 12.6994
365.783 218.972 2.03431 -1.66024 12.6692
853.494 619.592 3.57461 -0.348712 14.2125
873.4 470.293 3.77904 -0.889417 14.5234
1072.47 462.828 3.40998 -0.99295 11.8321
1072.47 477.758 3.39339 -0.952479 11.8187
1428.3 333.435 3.18907 -1.16408 10.4562
1502.95 243.855 3.13624 -1.24181 10.2838
987.863 99.5328 3.91248 -2.11726 13.3574
972.933 251.32 3.85666 -1.64312 13.4204
967.957 241.367 3.86349 -1.6756 13.4581
1072.47 577.29 3.45034 -0.72058 11.9555
1092.37 430.479 3.406 -1.05312 11.7373
1502.95 199.066 3.13463 -1.28267 10.2828
1721.92 746.496 3.18885 -0.761466 10.0917
365.783 788.798 1.89852 -0.346433 12.5396
375.736 223.949 2.04599 -1.64053 12.6708
731.566 84.6029 4.19553 -3.40844 18.359
960.492 67.1846 3.98096 -2.31784 13.7282
1069.98 452.874 3.47492 -1.01248 11.9976
1082.42 400.62 3.44619 -1.12224 11.8684
1092.37 306.063 3.45353 -1.31868 11.7912
373.248 131.881 2.05934 -1.85003 12.6489
972.933 156.764 3.81906 -1.9213 13.2516
987.863 111.974 3.89582 -2.07599 13.3332
918.19 572.314 4.03135 -0.432592 14.7331
920.679 539.966 3.88708 -0.637892 14.273
1060.02 557.384 3.45114 -0.76286 12.0211
1067.49 530.012 3.3922 -0.840527 11.8604
1445.71 87.0912 3.18997 -1.4249 10.4118
1458.16 330.947 3.18556 -1.16765 10.4092
383.201 191.601 2.06674 -1.74938 12.8255
1072.47 430.479 3.41893 -1.06088 11.8519
776.356 189.112 3.9488 -2.40081 16.3477
375.736 248.832 2.03386 -1.59607 12.777
418.038 724.101 2.01776 -0.372676 13.2004
945.562 624.568 3.86202 -0.315961 13.9644
972.933 641.987 3.75338 -0.338964 13.4199
1084.91 542.454 3.43411 -0.816015 11.8838
1684.59 744.008 3.27233 -0.725219 10.2056
987.863 711.66 3.5984 -0.205733 12.9123
786.309 741.519 2.9789 -0.211842 12.9416
364.29 131.383 2.04689 -1.8871 12.7412
809.202 173.187 4.96131 -3.00834 19.2771
806.216 188.117 4.76602 -2.80195 18.693
424.01 746.496 2.02484 -0.330617 13.0521
1092.87 325.472 3.4331 -1.27322 11.7556
1095.86 313.528 3.43257 -1.30601 11.7359
1131.69 253.809 3.45711 -1.40251 11.6281
1451.19 328.458 3.16549 -1.15852 10.3997
379.22 161.243 2.06706 -1.80901 12.7214
367.276 152.285 2.04824 -1.80603 12.6318
761.426 200.061 4.34174 -2.65667 18.3294
1089.88 432.968 3.41997 -1.05722 11.7713
1083.91 346.374 3.44712 -1.23584 11.8286
1445.22 86.5936 3.22164 -1.43552 10.4533
1454.17 429.982 3.17189 -1.06022 10.4073
1451.19 516.575 3.16258 -0.951938 10.4022
1734.86 728.58 3.21298 -0.769379 10.0922
1089.88 304.57 3.46419 -1.32259 11.8284
916.697 570.323 4.04684 -0.430638 14.794
1060.02 558.379 3.45114 -0.76286 12.0211
1066 531.505 3.38691 -0.845393 11.8412
1066 489.701 3.37806 -0.93478 11.7994
1083.91 400.122 3.39143 -1.1152 11.7452
919.683 537.477 4.03454 -0.580015 14.6955
862.95 104.509 4.62654 -2.92635 16.7939
492.687 606.155 2.25069 -0.560635 14.0102
415.052 719.622 2.01058 -0.410671 12.9612
1068.98 298.598 3.46022 -1.3452 11.908
970.445 334.43 3.84946 -1.37606 13.4794
1507.92 167.215 3.14265 -1.31492 10.2885
1495.98 244.851 3.13144 -1.24453 10.2859
1110.79 633.029 3.37982 -0.651639 11.6555
1681.11 731.566 3.2327 -0.749311 10.1723
540.463 737.538 2.31938 -0.305673 13.0508
576.295 659.903 2.48531 -0.382102 13.7941
1412.37 235.893 3.16975 -1.27228 10.4476
361.901 107.495 2.04531 -1.89754 12.5793
953.126 627.057 3.83118 -0.330823 13.7663
1082.12 376.234 3.42055 -1.16617 11.7977
1078.54 322.486 3.42901 -1.28143 11.8203
1082.12 343.985 3.45152 -1.24519 11.8528
1082.12 422.815 3.41328 -1.07335 11.7846
1078.54 261.572 3.50211 -1.43239 11.9476
1522.85 68.0805 3.1255 -1.40186 10.2475
1451.19 132.578 3.21677 -1.38327 10.4529
1067.79 490.896 3.38826 -0.934307 11.8329
1067.79 397.733 3.42572 -1.131 11.8813
1071.37 383.4 3.38656 -1.15297 11.8037
730.969 186.325 3.85828 -2.55398 17.1421
383.4 218.574 2.06289 -1.66586 12.7236
931.627 71.6636 4.10427 -2.45605 14.2837
730.969 82.4132 3.53865 -2.71817 15.4319
799.049 770.384 2.93145 -0.19618 12.6023
967.459 240.073 3.91652 -1.70618 13.6128
1132.29 265.155 3.45514 -1.38052 11.6214
1494.19 243.656 3.1485 -1.24314 10.3153
1501.35 197.075 3.14978 -1.28935 10.3081
974.625 641.39 3.71117 -0.349488 13.299
1461.94 415.649 3.16968 -1.07074 10.3945
1752.18 523.145 3.28207 -0.951736 10.1323
1716.34 526.728 3.21667 -0.95722 10.1091
537.477 103.912 2.73702 -2.64112 15.7815
372.651 351.152 2.01093 -1.34519 12.6017
573.309 659.305 2.48531 -0.382102 13.7941
1408.19 512.395 3.16633 -0.959633 10.4813
761.068 197.792 3.7028 -2.24425 15.7374
1492.04 197.792 3.13689 -1.28682 10.2954
1074.95 593.375 3.46284 -0.678584 11.9703
1096.45 249.389 3.54252 -1.44727 11.9378
1079.25 262.289 3.51372 -1.42952 11.971
1130.85 266.589 3.4664 -1.38564 11.6539
1083.55 313.887 3.49456 -1.31124 11.9229
666.472 365.485 4.33106 -1.81531 23.0485
1079.25 374.084 3.42055 -1.16617 11.7977
1449.04 133.294 3.20636 -1.37994 10.4403
1711.33 524.578 3.21248 -0.962315 10.1122
1737.13 743.869 3.15289 -0.776403 10.0438
1685.53 739.569 3.19595 -0.752106 10.1353
1070.65 477.28 3.40524 -0.960282 11.8444
1676.93 679.371 3.2265 -0.805945 10.1737
773.967 189.192 3.91955 -2.40878 16.4063
859.964 576.176 3.75125 -0.434549 14.7203
1083.55 533.177 3.38815 -0.829271 11.7735
1449.04 85.9964 3.19072 -1.4293 10.4169
971.759 154.793 3.91912 -1.97452 13.5235
421.382 743.869 2.02807 -0.35246 12.9209
490.179 606.274 2.23834 -0.574345 13.8761
743.869 163.393 3.74827 -2.53816 16.2798
915.861 528.878 4.0985 -0.594622 14.9195
784.287 314.747 4.50286 -1.82775 18.624
381.824 216.711 2.06183 -1.67871 12.7613
366.345 98.0359 2.04984 -1.91416 12.5448
815.246 361.185 5.44218 -1.6554 21.2687
1068.07 526.298 3.38033 -0.846986 11.8272
1651.13 691.411 3.16769 -0.808305 10.1332
531.458 536.617 2.4241 -0.75067 14.5364
743.009 159.953 4.18856 -2.90309 18.1744
1496.34 196.072 3.17286 -1.29813 10.3458
376.664 185.752 2.06387 -1.73335 12.705
598.535 469.54 3.13258 -0.938037 18.2858
1129.99 268.309 3.4664 -1.38564 11.6539
1455.06 108.355 3.20584 -1.4029 10.4321
1455.06 309.587 3.15664 -1.17684 10.3882
1413.78 232.19 3.20087 -1.27652 10.4888
1104.19 619.174 3.36826 -0.667324 11.6414
1062.92 557.256 3.44617 -0.768861 12.0067
1718.21 526.298 3.21248 -0.962315 10.1122
913.281 526.298 4.5301 -0.552978 16.2099
371.504 345.705 2.00942 -1.35321 12.6337
727.529 789.447 2.75109 -0.180916 12.6516
860.652 582.023 3.75125 -0.434549 14.7203
854.46 582.023 3.77739 -0.416606 14.8394
365.313 229.094 2.02255 -1.62778 12.5587
359.121 229.094 2.02255 -1.62778 12.5587
910.186 563.448 4.10217 -0.432647 15.0003
1083.55 433.422 3.42252 -1.05324 11.8034
792.543 321.97 4.1579 -1.69891 16.887
1071.17 427.23 3.33076 -1.05689 11.641
1479.83 253.861 3.14245 -1.23642 10.3258
854.46 612.982 3.61257 -0.362576 14.3149
1442.68 526.298 3.16806 -0.949906 10.4225
1746.07 520.106 3.26774 -0.956639 10.1331
1721.3 526.298 3.19442 -0.956801 10.0996
643.941 359.121 3.37244 -1.52082 18.0062
743.009 160.985 3.69986 -2.43012 16.0935
1479.83 160.985 3.25871 -1.36269 10.4614
377.696 185.752 2.05815 -1.72909 12.6971
1077.36 532.49 3.40678 -0.834996 11.8193
972.103 637.749 3.7418 -0.340681 13.3664
1708.92 662.516 3.21649 -0.820578 10.133
371.504 346.737 2.02603 -1.328 12.6345
489.147 600.599 2.26758 -0.642222 13.6041
1077.36 304.634 3.56617 -1.34652 12.0961
1121.94 267.483 3.47755 -1.37927 11.6966
1121.94 245.193 3.5222 -1.43109 11.7973
772.729 319.494 4.10435 -1.71473 17.3771
839.6 371.504 5.18558 -1.46914 19.6526
809.879 356.644 4.79849 -1.54094 19.0023
564.687 661.278 2.43209 -0.402688 13.5578
809.879 185.752 4.33963 -2.56075 17.0587
1077.36 527.536 3.41744 -0.857062 11.8713
1441.44 527.536 3.16806 -0.949906 10.4225
1404.29 512.676 3.18512 -0.963216 10.5123
1434.01 252.623 3.19526 -1.25706 10.4544
1411.72 230.333 3.20887 -1.28125 10.5016
1701.49 661.278 3.23352 -0.814073 10.1543
906.471 564.687 3.68644 -0.524013 13.7769
1077.36 267.483 3.64586 -1.46932 12.2523
1099.65 616.697 3.39077 -0.67922 11.7108
1062.5 557.256 3.51771 -0.761316 12.1771
490.386 594.407 2.26027 -0.605407 14.0043
609.267 156.032 2.89092 -2.34253 15.2752
913.901 520.106 3.89572 -0.703963 14.3598
378.934 215.473 2.04535 -1.66852 12.614
371.504 341.784 2.0033 -1.35994 12.586
356.644 787.589 1.89609 -0.34897 12.5735
