1816 606 -7.41871 -1.93149 24.6215
59 591 -7.00281 -1.70534 21.1157
39 581 -6.98731 -1.72399 21.0842
1316 562 -12.2791 -1.97934 24.2771
632 303 -17.2754 -4.05639 18.1562
1320 642 -12.3574 -1.53673 24.3408
1724.4 1044 -7.41687 -1.04016 24.5097
162 576 -7.26688 -1.73682 21.1322
201.6 523.2 -7.58052 -1.84654 20.9867
207.6 475.2 -7.6265 -1.96288 20.955
1512 369.6 -11.8897 -3.04921 25.1598
343.2 504 -8.28293 -1.91342 20.9135
1112.4 525.6 -5.67462 -1.96095 23.2432
1095.6 524.4 -5.67776 -1.95809 23.2268
404.4 454.8 -8.40453 -2.07117 21.0198
283.2 508.8 -7.87438 -1.88636 20.9991
254.4 462 -7.7859 -2.00692 20.959
1394.4 428.4 -11.717 -2.69797 24.5438
189.6 462 -7.5408 -1.99069 20.9691
147.6 466.8 -7.40896 -1.97514 20.9661
445.2 304.8 -24.4088 -5.08474 12.2231
435.6 232.8 -14.0256 -3.95546 17.8599
544.8 130.8 -11.8933 -4.12365 19.6972
138 976.8 -7.2105 -0.866822 21.1928
282 558 -7.8539 -1.7662 21.0187
649.2 692.4 -10.2619 -1.16432 21.1812
1411.2 57.6 -13.4353 -5.25854 24.7957
1184.4 61.2 -11.3877 -4.45379 23.314
1729.2 567.6 -7.72065 -2.00331 24.5743
1449.6 540 -9.38035 -2.07079 24.3384
1444.8 757.2 -9.35673 -1.31218 24.3774
59.04 590.4 -7.02781 -1.70274 21.0917
205.92 476.64 -7.55393 -1.96017 21.0037
216 573.12 -7.51798 -1.73511 21.0785
342.72 504 -8.25336 -1.91349 20.9301
1836 555.84 -7.47726 -2.04038 24.6845
1056.96 468 -6.91762 -2.07497 23.1147
1520.64 380.16 -11.9943 -3.03693 25.2243
1512 370.08 -11.9805 -3.0786 25.177
247.68 472.32 -7.87835 -1.97863 20.8749
282.24 508.32 -7.86948 -1.89317 21.0042
315.36 505.44 -8.03124 -1.90608 20.9852
341.28 465.12 -8.27094 -2.02544 20.9052
1045.44 544.32 -5.6513 -1.93986 23.1887
1393.92 427.68 -11.6376 -2.69179 24.5295
352.8 250.56 -16.0677 -4.17966 15.934
512.64 316.8 -14.4638 -3.44964 18.3279
347.04 1041.12 -7.52499 -0.656472 21.4975
349.92 548.64 -8.16076 -1.78923 21.0187
194.4 606.24 -7.3721 -1.65812 21.1342
550.08 547.2 -9.46349 -1.79458 21.0387
581.76 787.68 -9.81574 -0.829268 21.0874
1182.24 61.92 -12.1143 -4.71716 23.3311
1759.68 151.2 -14.5155 -5.08888 27.3715
1248.48 897.12 -8.13601 -1.05576 23.6194
1140.48 864 -8.57565 -1.02852 23.3367
1663.2 892.8 -7.83579 -1.25186 24.5292
1745.28 773.28 -7.67735 -1.55379 24.6243
1517.76 541.44 -8.63971 -2.06341 24.3699
84.672 573.696 -7.13825 -1.73859 21.0611
38.016 580.608 -6.98703 -1.72312 21.0822
235.008 476.928 -7.69037 -1.97259 20.9903
1513.73 361.152 -12.1183 -3.14489 25.1978
1570.75 419.904 -11.9839 -2.83759 25.4953
124.416 461.376 -7.48741 -1.97697 20.8394
89.856 461.376 -7.46952 -1.97171 20.7708
312.768 471.744 -8.18465 -1.99647 20.8684
1342.66 540.864 -12.4847 -2.11353 24.4395
1313.28 570.24 -13.0782 -1.93881 24.3398
1396.22 509.76 -10.663 -2.23065 24.3834
1045.44 544.32 -5.65126 -1.93853 23.1884
354.24 464.832 -8.26928 -2.03093 20.9493
1496.45 490.752 -9.47687 -2.24834 24.5067
1473.98 518.4 -9.8197 -2.17536 24.5166
819.072 508.032 -14.4753 -2.13577 20.857
509.76 183.168 -13.7584 -4.27892 18.5892
238.464 915.84 -7.14343 -1.05334 21.4606
112.32 991.872 -7.13747 -0.868404 21.1946
314.496 552.96 -8.10063 -1.77416 20.9534
103.68 570.24 -7.20577 -1.741 21.0399
762.048 858.816 -8.78274 -0.878205 22.1292
725.76 791.424 -9.45247 -0.931117 21.7948
648 692.928 -10.3382 -1.15524 21.1547
1700.35 155.52 -17.8172 -6.05348 28.2168
1748.74 171.072 -18.0353 -5.99304 28.7771
1263.17 686.016 -12.3771 -1.26288 24.0373
1394.5 739.584 -11.7427 -1.09701 24.6616
1555.2 841.536 -8.61732 -1.20465 24.5218
1753.92 540.864 -7.6607 -2.06356 24.6002
1434.24 646.272 -10.0544 -1.65988 24.4635
1105.23 524.621 -5.64564 -1.95795 23.2392
1285.63 566.093 -12.7049 -1.94793 24.153
864.691 576.461 -5.6372 -1.90031 23.038
1057.54 466.56 -6.91963 -2.07862 23.1148
337.997 512.179 -8.09539 -1.88018 21.0138
1816.47 449.971 -18.6754 -3.43611 29.8017
1806.11 441.677 -8.17717 -2.35524 24.9314
402.278 454.118 -8.37944 -2.07457 21.0268
375.322 476.928 -8.28353 -2.0012 21.0074
340.07 445.824 -9.01576 -2.10178 20.4242
95.3856 435.456 -7.98889 -2.05113 20.3437
302.746 518.4 -7.94292 -1.86825 21.0087
161.741 435.456 -8.17508 -2.06811 20.3951
298.598 311.04 -18.6493 -3.96745 13.6576
512.179 317.261 -12.7183 -3.16899 19.1718
711.245 136.858 -11.7078 -4.07316 20.7495
680.141 238.464 -14.5895 -4.12054 19.6023
891.648 792.115 -9.77281 -0.946734 22.3868
497.664 543.283 -9.04827 -1.80432 21.0346
580.608 787.968 -9.71046 -0.858263 21.1143
723.687 792.115 -9.16183 -0.981255 21.8715
640.742 769.306 -9.38243 -0.996312 21.4921
1439.08 360.806 -18.8932 -4.13442 26.2237
1756.34 153.446 -17.0367 -5.85496 28.4155
1700.35 155.52 -17.6113 -6.00346 28.1358
1671.32 170.035 -17.9683 -5.94879 28.0604
1395.53 843.955 -8.81213 -1.10445 24.1043
1262.82 686.362 -12.3642 -1.25974 24.0445
1754.27 609.638 -7.64113 -1.92429 24.5962
1530.32 686.362 -9.31759 -1.59292 24.6239
843.541 592.22 -5.67903 -1.88287 23.016
268.739 475.269 -7.77504 -1.97206 21.0146
353.341 465.316 -8.11558 -2.02221 21.0351
126.904 460.339 -7.50008 -1.97874 20.8297
497.664 532.501 -9.07329 -1.85427 21.011
268.739 520.059 -7.81257 -1.86798 20.9998
226.437 477.758 -7.6533 -1.95422 20.988
475.269 455.363 -9.51325 -2.13824 20.6526
1403.41 445.409 -11.659 -2.59902 24.5819
204.042 475.269 -7.53859 -1.95959 21.0049
161.741 432.968 -8.2049 -2.07904 20.3719
1483.04 490.199 -10.2209 -2.32982 24.6455
527.524 427.991 -10.457 -2.33071 20.438
440.433 537.477 -8.35316 -1.84191 21.1696
602.174 467.804 -10.0729 -2.13767 20.9605
544.942 129.393 -11.9029 -4.1603 19.6699
711.66 136.858 -13.227 -4.51723 20.2554
679.311 238.879 -13.6007 -3.93043 19.9025
445.409 875.889 -8.44527 -0.800762 21.2278
134.369 617.103 -7.19678 -1.65052 21.1327
166.717 612.127 -7.29095 -1.66106 21.1369
507.617 542.454 -9.07871 -1.81257 21.0487
584.755 788.798 -9.46222 -0.880271 21.2256
1356.13 450.386 -12.6806 -2.63991 24.485
1084.91 525.036 -5.67874 -1.95933 23.2197
1204.35 129.393 -14.2037 -5.0014 23.5512
1326.27 154.276 -15.845 -5.31517 24.5847
1408.39 57.2314 -13.256 -5.17317 24.7297
1804.03 403.108 -8.08101 -2.42776 24.8618
1836.38 510.106 -7.75377 -2.15068 24.805
1512.9 365.783 -12.0243 -3.12022 25.1946
1440.74 360.806 -18.8932 -4.13442 26.2237
1567.64 111.974 -14.102 -5.1532 25.9823
1517.88 179.159 -16.3201 -5.35803 26.2566
1216.79 838.564 -8.66382 -1.09412 23.5744
1313.83 958.003 -7.71092 -1.04654 23.7272
1323.79 539.966 -12.4064 -2.11058 24.3295
1331.25 666.87 -13.08 -1.36989 24.4986
1453.18 793.774 -9.29785 -1.20648 24.4027
1813.99 604.662 -7.42622 -1.93828 24.6214
1838.87 552.407 -7.50234 -2.04772 24.6968
1530.32 649.452 -9.34158 -1.72126 24.6181
1450.69 539.966 -9.55207 -2.0789 24.3738
868.922 468.8 -10.5118 -2.21628 22.0403
1364.59 426.996 -7.33493 -2.23106 23.7148
737.538 585.253 -11.9989 -1.59793 21.046
1558.68 507.617 -8.98313 -2.19609 24.5649
1442.23 450.884 -11.7733 -2.61833 24.8198
185.131 477.758 -7.51095 -1.95118 20.9855
853.992 501.645 -12.6739 -2.13656 21.5241
355.332 937.599 -7.80032 -0.797861 21.3491
450.884 868.922 -8.55411 -0.79708 21.1849
462.828 794.272 -8.31607 -1.08466 21.3305
412.066 815.174 -8.35147 -1.00981 21.1728
1567.64 110.481 -14.4799 -5.29055 26.0707
1672.15 170.201 -17.9683 -5.94879 28.0604
609.141 62.7057 -10.6559 -4.1131 20.587
206.033 400.122 -10.1423 -2.31468 19.0333
421.024 1012.25 -7.47141 -0.778004 21.7093
1149.6 928.641 -8.35215 -0.909557 23.3671
1355.64 134.369 -15.3533 -5.3329 24.7354
1406.4 56.7337 -13.0467 -5.09938 24.6992
594.211 859.964 -8.31512 -0.935813 21.7489
558.379 794.272 -9.43272 -0.874384 21.1661
785.314 859.964 -8.96255 -0.847002 22.16
1525.84 871.907 -8.13885 -1.19373 24.3159
1552.71 842.048 -8.61225 -1.20817 24.5153
677.818 238.879 -14.8076 -4.14652 19.4961
1319.81 636.015 -12.102 -1.55709 24.3111
1597.5 558.379 -7.9007 -2.01479 24.3614
725.594 746.496 -10.2866 -0.965579 21.5401
653.931 731.566 -10.8486 -0.918784 21.0121
113.467 397.136 -8.15502 -2.16916 20.2459
1104.81 746.496 -10.1152 -1.13616 23.1896
1821.45 582.267 -7.46036 -1.99146 24.6413
1791.59 594.211 -7.48069 -1.95839 24.5917
1334.74 191.103 -16.746 -5.28749 24.8189
1436.26 173.187 -15.955 -5.25837 25.5082
1513.89 361.304 -11.5736 -3.06365 25.0752
815.174 409.08 -12.0996 -2.65545 21.3604
1260.09 627.057 -12.4279 -1.55827 24.0158
1057.04 504.631 -5.72252 -1.97197 23.1923
1648.26 501.645 -8.07624 -2.16549 24.5215
495.673 531.505 -8.76974 -1.84937 21.1479
185.131 525.533 -7.49834 -1.84038 21.003
558.379 770.384 -9.33895 -0.973499 21.1955
1440.44 429.982 -13.0862 -2.85642 25.1077
1472.69 515.978 -8.81368 -2.13115 24.2805
1487.02 487.313 -10.3274 -2.33025 24.6744
738.135 472.98 -11.9849 -2.23629 20.9401
225.74 476.563 -7.6623 -1.95612 20.9813
1472.69 802.633 -9.35644 -1.19065 24.4611
1451.19 791.883 -10.0053 -1.12973 24.5513
1565.85 111.079 -15.2002 -5.52178 26.2978
1676.93 168.41 -17.9683 -5.94879 28.0604
566.143 143.327 -10.5061 -3.67845 20.4787
612.724 71.6636 -11.2269 -4.26984 20.3638
630.64 920.878 -7.6105 -0.968709 22.1242
867.13 827.715 -9.05344 -0.936348 22.4196
1386.69 730.969 -11.0822 -1.20993 24.486
1375.94 709.47 -12.7356 -1.11985 24.6881
1329.36 666.472 -13.2576 -1.34867 24.5099
1354.44 136.161 -13.8695 -4.87373 24.5475
207.825 397.733 -9.85691 -2.32767 19.2427
1719.93 1003.29 -7.40254 -1.13977 24.4929
1719.93 928.044 -7.16953 -1.32756 24.378
644.973 766.801 -9.88881 -0.913748 21.3285
1264.86 684.388 -12.3982 -1.29707 24.0476
1304.28 551.81 -11.822 -1.99954 24.1516
412.066 859.964 -8.38713 -0.874793 21.1664
447.898 834.881 -8.30811 -0.948043 21.2911
1279.2 971.042 -7.72953 -1.00144 23.653
1372.36 931.627 -8.39373 -0.950669 23.9825
637.806 885.046 -8.59896 -0.805884 21.7887
1791.59 594.808 -7.47212 -1.96141 24.5963
1361.61 279.488 -16.9898 -4.54568 25.052
1332.94 193.492 -16.1503 -5.09654 24.7541
175.576 566.143 -7.25506 -1.76191 21.1639
1515.69 179.159 -17.5205 -5.63447 26.4877
1426.11 236.49 -16.091 -4.75075 25.5326
1440.44 361.901 -19.2157 -4.24119 26.2332
1254.11 523.145 -19.0866 -2.44995 24.486
1365.19 508.812 -11.0383 -2.24531 24.3208
1329.36 422.815 -28.4293 -4.49394 26.3653
498.062 530.311 -8.76974 -1.84937 21.1479
609.141 515.978 -9.40946 -1.92842 21.2485
508.812 422.815 -10.1574 -2.30526 20.4819
383.4 487.313 -8.26324 -1.96059 21.0656
1569.43 881.463 -8.82938 -1.03027 24.6299
1203.95 128.995 -15.1647 -5.27061 23.5696
546.077 128.995 -11.7849 -4.08403 19.7495
636.373 885.763 -7.87737 -0.991564 22.0326
765.368 128.995 -11.8392 -4.20512 21.0183
1453.34 791.167 -10.0053 -1.12973 24.5513
1590.93 902.962 -8.42212 -1.09432 24.5706
1530.74 683.671 -9.08993 -1.62493 24.5501
348.285 249.389 -15.1836 -3.97316 16.464
791.167 859.964 -8.78358 -0.878465 22.2068
941.66 137.594 -12.4232 -4.38129 21.9702
1264.15 683.671 -12.3993 -1.27938 24.0368
1539.33 133.294 -15.3871 -5.41538 26.1465
1565.13 111.795 -15.2002 -5.52178 26.2978
1698.43 154.793 -15.7159 -5.42603 27.4898
524.578 924.461 -8.11 -0.803696 21.6329
1195.35 795.466 -9.84247 -1.02403 23.5353
1384.54 726.669 -11.0855 -1.2124 24.4864
756.768 924.461 -8.19647 -0.838442 22.2837
1590.93 821.265 -8.27949 -1.29846 24.5111
1810.22 601.975 -7.43725 -1.94461 24.6104
1793.02 593.375 -7.46523 -1.96454 24.5958
993.258 730.969 -11.6688 -0.9849 22.5917
838.465 257.989 -12.5945 -3.6622 21.367
1724.23 563.276 -7.67999 -2.02393 24.5514
1135.15 859.964 -8.44877 -1.06409 23.3083
1427.54 236.49 -15.679 -4.67622 25.457
417.082 382.684 -12.8116 -2.70063 18.4715
1113.65 524.578 -5.69462 -1.96059 23.2469
1272.75 455.781 -6.98141 -2.12596 23.5066
1363.04 425.682 -7.33333 -2.23676 23.7089
554.677 524.578 -9.128 -1.87271 21.1906
524.578 425.682 -10.4109 -2.35119 20.4221
503.079 533.177 -8.81814 -1.85422 21.1427
442.881 537.477 -8.52735 -1.82332 21.1156
472.98 451.481 -9.5648 -2.13885 20.6498
223.591 477.28 -7.72513 -1.96627 20.9359
1040.56 967.459 -8.01625 -0.850684 23.0839
1436.14 171.993 -18.0558 -5.8051 25.9169
554.677 791.167 -9.63756 -0.866935 21.0527
223.591 245.09 -12.0841 -3.41003 17.5645
374.084 133.294 -12.3077 -4.17252 18.4186
892.642 784.287 -9.40193 -1.01664 22.4361
1248.67 892.642 -8.4802 -1.00523 23.6398
1723.37 562.416 -7.72753 -2.02519 24.5703
521.138 923.601 -7.73192 -0.910047 21.8125
650.133 717.21 -10.1663 -1.05817 21.2426
1289.95 180.592 -15.4366 -5.0144 24.3506
1805.92 598.535 -7.43314 -1.95113 24.5998
1774.96 546.937 -7.68503 -2.04129 24.6386
655.292 227.03 -15.2343 -4.43284 19.0724
1496.34 201.231 -18.4214 -5.75116 26.6776
159.953 428.262 -7.66531 -2.07603 20.7642
1011.32 593.375 -5.54027 -1.89514 23.1718
1728.53 464.38 -8.25911 -2.28178 24.7871
1253.83 629.493 -13.808 -1.46782 24.1113
1248.67 521.138 -13.2029 -2.18114 23.9954
1269.31 459.221 -6.98141 -2.12596 23.5066
1357.02 485.02 -12.5598 -2.47318 24.5206
500.499 531.458 -8.81814 -1.85422 21.1427
443.741 536.617 -8.41031 -1.82467 21.1594
872.003 464.38 -9.63698 -2.18802 22.2046
872.003 423.102 -10.1972 -2.46362 22.0924
1563.41 459.221 -10.4376 -2.48852 24.9909
340.546 490.179 -8.15553 -1.94134 20.9843
670.772 428.262 -9.79863 -2.29989 21.3504
815.246 500.499 -13.6746 -2.10893 21.0895
1671.77 655.292 -7.71818 -1.79984 24.4714
1563.41 882.323 -8.79159 -1.05116 24.6179
1326.06 665.612 -13.4189 -1.34626 24.515
1558.25 113.515 -15.5783 -5.64443 26.3529
1279.63 196.072 -16.7293 -5.19003 24.3838
634.653 882.323 -8.11586 -0.939565 21.9373
789.447 856.524 -8.90473 -0.863176 22.1855
939.08 128.995 -9.87575 -3.5968 22.3514
848.268 216.711 -13.6783 -4.216 21.1524
835.885 594.407 -13.757 -1.4684 21.2818
303.395 513.914 -7.88771 -1.8781 21.0412
241.478 501.531 -7.69965 -1.90414 20.9815
241.478 445.805 -12.0218 -2.26932 17.9021
501.531 532.49 -8.77196 -1.85246 21.1614
1269.31 458.189 -7.00516 -2.12757 23.5051
1733.69 482.956 -7.43754 -2.17948 24.4638
1510.78 526.298 -10.1104 -2.17376 24.7302
1560.32 458.189 -10.0664 -2.44349 24.889
1634.62 532.49 -7.89366 -2.08307 24.4214
873.035 464.38 -9.71554 -2.19986 22.2093
891.61 414.846 -9.45521 -2.42219 22.323
1250.73 631.557 -14.09 -1.44401 24.0951
1250.73 588.215 -5.71387 -1.91189 23.3717
1486.02 489.147 -9.66665 -2.2422 24.4999
402.463 526.298 -8.29655 -1.85271 21.0808
811.118 414.846 -10.6495 -2.51993 21.6578
631.557 513.914 -9.95395 -1.95818 21.1341
557.256 526.298 -9.01492 -1.87548 21.2216
674.9 427.23 -9.44254 -2.28813 21.4744
1795.6 588.215 -7.6499 -2.00214 24.6819
1609.85 551.065 -8.43095 -2.05528 24.5644
1151.66 922.569 -8.24198 -0.949845 23.3501
1554.13 117.643 -15.8564 -5.70566 26.3999
1436.48 173.369 -18.9419 -6.02997 26.0465
1331.22 284.82 -17.5468 -4.60156 24.9622
736.817 662.516 -11.8524 -1.16185 21.1608
743.009 854.46 -8.40838 -0.948353 22.1846
551.065 786.351 -9.04997 -0.985854 21.2676
179.56 569.64 -7.21439 -1.7477 21.1923
328.162 953.528 -7.71324 -0.773542 21.2921
767.776 130.027 -8.64193 -3.19101 22.0103
792.543 854.46 -9.12601 -0.82965 22.133
1250.73 761.584 -9.38352 -1.22449 23.6922
393.795 520.106 -8.31278 -1.86629 21.065
1285.41 178.322 -17.2788 -5.46184 24.4866
1434.01 319.494 -16.1619 -4.09873 25.6842
1411.72 289.773 -20.194 -5.11614 26.1365
1441.44 520.106 -10.2112 -2.19743 24.4721
520.106 378.934 -14.4659 -2.87491 18.503
497.816 527.536 -8.8978 -1.85727 21.1051
445.805 534.966 -8.52189 -1.82801 21.1227
505.246 468.095 -9.0462 -2.01606 21.0481
683.568 497.816 -12.1604 -2.12268 20.5684
1627.19 534.966 -8.44144 -2.05893 24.5731
572.117 378.934 -12.1512 -2.71936 19.8118
1248.25 586.977 -5.71359 -1.91302 23.3716
1545.46 534.966 -9.08578 -2.11372 24.5781
631.557 512.676 -9.28343 -1.95566 21.3796
802.449 445.805 -10.6439 -2.3304 21.6033
765.299 475.526 -12.3079 -2.20074 21.0502
1575.18 542.396 -8.74287 -2.0639 24.558
1590.04 549.826 -8.523 -2.05776 24.5494
1604.9 891.61 -8.85959 -1.0198 24.7824
1263.11 676.138 -12.3909 -1.32389 24.038
1434.01 170.892 -17.5868 -5.66887 25.8303
1686.63 163.462 -16.0927 -5.46308 27.5186
1508.31 364.074 -13.1307 -3.29325 25.4268
1218.53 408.655 -29.6515 -4.52539 24.3695
735.579 616.697 -12.0645 -1.37827 21.0597
884.18 586.977 -5.65696 -1.89973 23.0486
653.848 222.903 -11.6188 -3.6234 20.4284
557.256 141.172 -12.2846 -4.14831 19.5956
334.354 245.193 -13.8889 -3.78775 17.1161
193.182 505.246 -7.45912 -1.89849 21.0326
1240.82 757.869 -10.6893 -1.10133 23.8536
1266.09 526.05 -12.246 -2.14226 23.9743
1355.25 445.805 -10.9744 -2.48388 24.29
1275 463.637 -12.0313 -2.49499 24.0211
1551.4 534.966 -9.00596 -2.11489 24.5656
1480.07 490.386 -9.61938 -2.29405 24.5395
918.359 419.057 -10.8363 -2.53488 22.0896
445.805 534.966 -8.49125 -1.82953 21.1366
392.309 526.05 -8.38831 -1.86683 21.005
401.225 481.47 -8.41996 -1.98767 20.9909
383.392 445.805 -8.28138 -2.08447 21.0038
659.792 401.225 -10.7711 -2.492 20.9088
864.862 517.134 -10.8638 -1.94123 21.9494
1061.02 481.47 -7.0738 -2.07069 23.133
731.121 472.554 -15.5459 -2.2969 19.8482
659.792 481.47 -11.0084 -2.11279 20.7868
1382 722.204 -11.1046 -1.23656 24.5317
1587.07 543.882 -8.51504 -2.05977 24.5298
1266.09 668.708 -12.3972 -1.31336 24.0225
1266.09 552.798 -12.3074 -1.9828 24.0162
1506.82 249.651 -16.7798 -4.88917 26.3164
1417.66 231.819 -22.2007 -6.17841 26.3493
1631.65 534.966 -7.62005 -2.07088 24.34
1078.85 419.057 -8.13839 -2.31541 23.0727
740.037 855.946 -9.28267 -0.798432 21.8925
240.735 240.735 -11.9945 -3.41824 17.6621
213.987 401.225 -10.0509 -2.31192 19.1371
499.302 534.966 -9.76514 -1.85678 20.7138
401.225 873.778 -8.41768 -0.834389 21.0946
1248.25 757.869 -10.9624 -1.08038 23.883
