1186 79 8.814 -0.0935633 16.8814
1034 671 8.73708 1.28187 16.4279
983 507 8.84841 0.909102 16.1396
97 261 11.0342 0.745865 16.9963
1143 99 8.83576 -0.104183 16.7273
1107 481 8.75974 0.775398 16.7109
1110 114 8.86378 -0.0993145 16.6174
223.2 99.6 11.1353 0.225694 16.5356
246 75.6 11.1898 0.0993374 16.3769
367.2 301.2 11.2378 0.616508 15.0553
1020 517.2 8.79932 0.908356 16.3118
1071.6 430.8 8.78378 0.667147 16.5352
1101.6 400.8 8.77702 0.592249 16.6521
1029.6 501.6 8.80217 0.861735 16.3767
1076.4 214.8 8.8586 0.118813 16.4981
1074 189.6 8.8649 0.0585061 16.4924
1256.4 339.6 8.69985 0.473496 17.0948
1227.6 346.8 8.71677 0.479706 17.0349
350.4 207.6 11.3278 0.249527 15.234
625.2 327.6 11.5014 -0.442751 3.63211
830.4 385.2 9.17432 0.557429 14.7443
772.8 357.6 9.40438 0.400373 13.7555
420 277.2 12.1427 0.193141 11.9815
703.2 370.8 9.83568 0.440935 11.5147
693.6 277.2 10.1158 -0.426443 10.6114
570 51.6 11.1003 -1.4138 12.9745
601.2 146.4 11.0935 -1.36615 11.1646
64.8 488.4 10.9555 1.22862 17.0305
721.2 270 9.81516 -0.290142 12.177
888 148.8 9.16666 -0.432145 15.111
709.2 150 10.0375 -0.935929 13.0025
1216.8 214.8 8.76494 0.222682 17.005
1222.8 60 8.80045 -0.0894648 16.9989
1214.4 175.2 8.7601 0.125752 16.9619
1242 145.2 8.75632 0.0908774 17.0457
1063.2 127.2 8.8997 -0.132206 16.4284
1210.8 540 8.66517 0.855058 16.9868
1123.2 690 8.67705 1.2126 16.7699
1003.2 618 8.78198 1.19243 16.2729
1084.8 669.6 8.7111 1.20986 16.6571
1029.6 633.6 8.75676 1.19505 16.4176
1250.4 430.8 8.68335 0.637153 17.085
1191.6 426 8.71044 0.634972 16.9312
410.4 462.24 11.8314 1.5576 12.2427
879.84 488.16 9.01989 0.933055 15.533
800.64 587.52 9.12493 1.47884 14.7011
803.52 614.88 9.10128 1.56962 14.8376
711.36 247.68 9.92756 -0.529899 11.7103
754.56 456.48 9.38256 0.970693 13.4479
722.88 453.6 9.55518 1.03077 12.6405
842.4 275.04 9.20678 0.0668382 14.7712
241.92 460.8 11.1589 1.26045 15.941
884.16 352.8 9.07279 0.433965 15.3167
378.72 419.04 11.7255 1.22242 13.3102
380.16 243.36 11.4724 0.278415 14.5119
676.8 449.28 10.0094 1.19615 9.39014
793.44 351.36 9.33088 0.383094 14.2358
773.28 358.56 9.40428 0.403297 13.8259
822.24 308.16 9.23895 0.171091 14.3784
812.16 315.36 9.28225 0.215047 14.4762
154.08 80.64 11.0728 0.305663 16.9051
430.56 381.6 12.1695 0.981172 11.1422
432 243.36 12.1182 -0.0938779 11.9497
439.2 354.24 12.0586 0.743091 11.4164
416.16 335.52 11.3761 0.676089 13.9618
413.28 408.96 11.7563 1.17756 12.6411
787.68 511.2 9.22072 1.17415 14.4265
830.88 565.92 9.08202 1.30387 15.0688
646.56 322.56 10.8009 -0.281506 7.03393
437.76 313.92 12.2698 0.383958 11.0144
446.4 292.32 11.9299 0.252106 11.9529
730.08 277.92 9.74863 -0.223815 12.2678
282.24 223.2 11.2158 0.457095 15.9462
89.28 203.04 11.0127 0.632137 17.0838
172.8 252 11.0942 0.678532 16.6584
132.48 233.28 11.0321 0.666994 16.9046
161.28 328.32 11.0708 0.875021 16.6585
159.84 277.92 11.0614 0.750731 16.7266
246.24 74.88 11.189 0.099869 16.3768
518.4 195.84 12.0629 -1.0376 9.91134
633.6 224.64 11.0445 -1.20058 8.62768
338.4 43.2 11.3289 -0.30139 15.632
269.28 371.52 11.2275 0.97045 15.7792
254.88 521.28 11.0861 1.45676 15.9395
64.8 488.16 10.954 1.2283 17.0304
576 558.72 10.2556 1.71833 13.8433
632.16 475.2 10.4742 1.59803 8.60015
450.72 457.92 12.2036 1.71966 9.94551
846.72 175.68 9.28294 -0.423492 14.688
709.92 149.76 10.0455 -0.955878 12.9059
1216.8 214.56 8.76514 0.221706 17.0051
1075.68 214.56 8.8597 0.122999 16.5146
1067.04 325.44 8.81928 0.404414 16.4786
1141.92 99.36 8.83354 -0.104644 16.7271
1128.96 106.56 8.84593 -0.100606 16.6865
1241.28 144 8.75091 0.0816911 17.0319
1123.2 691.2 8.67451 1.21427 16.7696
1019.52 551.52 8.7898 0.998748 16.3337
1005.12 653.76 8.76324 1.27802 16.294
1046.88 689.76 8.73149 1.30248 16.5267
1244.16 482.4 8.68032 0.733874 17.0908
992.16 407.52 8.87955 0.617851 16.1617
986.4 506.88 8.87435 0.89988 16.2824
1067.04 496.8 8.76092 0.833238 16.4999
914.112 202.176 9.09264 -0.127541 15.498
979.776 228.096 9.03011 0.139672 16.2759
195.264 76.032 11.1086 0.229543 16.6979
675.648 451.008 9.9147 1.14284 11.6111
787.968 376.704 9.32756 0.503834 13.9766
872.64 397.44 9.06468 0.593995 15.1986
820.8 309.312 9.23439 0.160399 14.354
432 243.648 11.8782 -0.0173064 12.6592
846.72 340.416 9.16464 0.359379 14.9198
869.184 328.32 9.10144 0.312167 15.0854
152.064 108.864 11.0749 0.364744 16.877
414.72 350.784 11.3938 0.75624 13.8338
869.184 494.208 9.03199 0.962349 15.4114
407.808 380.16 11.9388 0.967649 12.3562
686.016 428.544 9.86495 0.935098 11.1705
699.84 411.264 9.79316 0.757093 11.519
822.528 267.84 9.28915 0.00746964 14.5544
801.792 245.376 9.38828 -0.129306 14.3337
708.48 361.152 9.78634 0.380703 11.8579
350.784 191.808 11.3886 0.167371 15.1188
672.192 423.36 10.0289 0.912292 10.6206
423.36 316.224 11.9839 0.480552 12.1581
445.824 292.032 12.1704 0.193636 11.2482
404.352 478.656 11.8027 1.68822 12.3674
409.536 461.376 11.9784 1.59477 11.8268
214.272 264.384 11.0791 0.675066 16.4771
316.224 241.92 11.2435 0.458859 15.6318
281.664 222.912 11.216 0.460617 15.9491
202.176 335.232 11.1372 0.878382 16.3691
323.136 302.4 11.3486 0.673884 15.2243
174.528 252.288 11.0886 0.6781 16.6567
133.056 233.28 11.033 0.665817 16.9047
146.88 355.968 11.038 0.944435 16.7462
321.408 86.4 11.3287 -0.10546 15.6705
150.336 32.832 11.0697 0.211308 16.9449
561.6 226.368 12.1815 -1.30651 7.15415
411.264 214.272 11.918 -0.118721 12.997
461.376 300.672 12.2039 0.207557 10.6
566.784 155.52 11.3098 -1.12027 11.5611
338.688 43.2 11.4407 -0.373754 15.4025
369.792 124.416 11.5763 -0.255611 14.6837
191.808 606.528 11.0919 1.68096 16.183
48.384 561.6 10.9583 1.39066 17.0293
60.48 369.792 10.9566 0.981309 17.1273
63.936 489.024 10.9505 1.22768 17.041
127.872 445.824 11.0332 1.17284 16.7485
582.336 601.344 10.0772 1.75665 14.7373
380.16 433.728 11.6314 1.29896 13.4997
412.992 430.272 12.0798 1.38099 11.6061
430.272 445.824 12.2498 1.57735 10.4596
748.224 267.84 9.62684 -0.284391 12.5099
919.296 155.52 9.11159 -0.260564 15.5992
1216.51 214.272 8.76462 0.220736 17.0048
1133.57 350.784 8.76535 0.473831 16.7419
1228.61 345.6 8.71781 0.479147 17.0458
1105.92 158.976 8.84311 0.00506902 16.6082
1002.24 107.136 8.99456 -0.267531 16.154
962.496 50.112 9.08692 -0.552067 15.8412
834.624 584.064 9.06731 1.3411 15.2747
865.728 527.04 9.01761 1.09494 15.3437
727.488 544.32 9.42253 1.57207 12.9569
748.224 404.352 9.4829 0.683349 13.4246
703.296 468.288 9.67105 1.19522 11.876
1176.77 668.736 8.65236 1.12194 16.919
1085.18 670.464 8.70856 1.21234 16.6603
1235.52 494.208 8.68886 0.755071 17.095
1066.18 497.664 8.76078 0.833948 16.4999
837.734 516.326 9.08839 1.09969 15.0892
895.795 551.578 8.95404 1.13332 15.6386
897.869 524.621 8.97849 1.03459 15.7153
313.114 387.763 11.3321 1.0231 15.1888
578.534 441.677 11.0666 1.35561 9.06221
692.583 317.261 10.0126 -0.00401821 11.2435
713.318 337.997 9.79406 0.182099 11.7556
773.453 423.014 9.31765 0.735924 13.236
763.085 416.794 9.39305 0.752259 13.8746
439.603 352.512 12.1373 0.724438 11.134
429.235 352.512 12.1851 0.735276 11.2437
445.824 321.408 12.1344 0.460184 11.183
653.184 449.971 10.2471 1.27256 9.02194
715.392 400.205 9.66606 0.674036 12.1667
877.133 400.205 9.0467 0.608971 15.2409
893.722 267.494 9.08584 0.104208 15.3385
153.446 107.827 11.0705 0.364964 16.8859
147.226 74.6496 11.0784 0.30236 16.9073
700.877 375.322 9.83046 0.48295 11.6339
821.146 267.494 9.28621 0.000593724 14.4808
304.819 201.139 11.3155 0.323491 15.6133
244.685 313.114 11.1539 0.784954 16.1519
215.654 292.378 11.1203 0.745399 16.3937
93.312 263.347 11.0349 0.753642 16.998
174.182 250.906 11.0933 0.677526 16.6586
223.949 99.5328 11.1366 0.226878 16.5364
190.771 62.208 11.0759 0.212177 16.7882
321.408 87.0912 11.4297 -0.163677 15.4595
325.555 188.698 11.3122 0.23187 15.5111
566.093 155.52 11.5307 -1.30393 10.6953
143.078 580.608 11.0245 1.5333 16.5684
58.0608 607.565 10.9592 1.49313 16.9627
151.373 669.773 11.0409 1.81319 16.408
124.416 678.067 11.0074 1.77281 16.5797
304.819 441.677 11.2409 1.23787 15.3488
261.274 420.941 11.2853 1.14632 15.6289
255.053 518.4 11.1123 1.46685 15.8757
333.85 447.898 11.4596 1.31949 14.4974
85.0176 416.794 10.9962 1.09065 16.9667
128.563 441.677 11.0311 1.16358 16.7518
155.52 393.984 11.0612 1.04178 16.6499
157.594 466.56 11.0355 1.22282 16.6047
522.547 532.915 10.8081 1.84858 12.6429
412.646 429.235 11.9893 1.35316 11.9377
340.07 489.37 11.4041 1.53765 14.4447
651.11 221.875 10.5822 -0.890374 10.6147
825.293 163.814 9.35856 -0.49407 14.5432
661.479 138.931 10.4621 -1.22532 12.147
1215.13 213.581 8.76408 0.217158 16.9947
1227.57 344.218 8.71663 0.477319 17.0438
1175.73 321.408 8.73942 0.424563 16.8605
987.034 327.629 8.98405 0.423235 16.3488
1032.65 279.936 8.88245 0.265801 16.3496
1171.58 111.974 8.80481 -0.0306637 16.8357
1105.23 157.594 8.84471 0.00206059 16.6193
1090.71 111.974 8.87842 -0.132163 16.5552
1043.02 39.3984 8.96348 -0.404384 16.3364
1063.76 126.49 8.89705 -0.121539 16.439
810.778 595.123 9.08689 1.48408 14.7683
802.483 613.786 9.09615 1.59616 14.5888
875.059 605.491 8.97782 1.32929 15.6377
794.189 420.941 9.26922 0.742806 14.3812
808.704 505.958 9.14653 1.11793 14.486
798.336 466.56 9.22373 0.954787 14.4132
702.951 433.382 9.70491 0.934376 12.0545
785.895 375.322 9.32428 0.510555 14.1273
713.318 487.296 9.56622 1.39954 10.5997
725.76 497.664 9.48778 1.28993 12.7816
723.687 454.118 9.55531 1.04076 12.3406
1215.13 580.608 8.66333 0.927825 17.022
1034.73 669.773 8.73403 1.28234 16.4276
1076.2 634.522 8.71625 1.14565 16.5889
1094.86 420.941 8.7733 0.640458 16.6243
1157.07 443.75 8.72087 0.674576 16.8457
1233.79 493.517 8.68961 0.755573 17.0888
1011.92 377.395 8.87954 0.536864 16.273
1061.68 431.309 8.81418 0.672322 16.5557
1088.64 360.806 8.79289 0.497705 16.5732
1053.39 362.88 8.8444 0.505267 16.4946
1005.7 510.106 8.80103 0.905346 16.191
1040.95 468.634 8.8153 0.776489 16.4529
561.946 194.918 11.6125 -1.0854 9.99418
435.456 313.528 12.2424 0.393638 11.1159
559.872 196.577 11.6125 -1.0854 9.99418
684.288 151.788 10.2073 -0.883381 12.9859
104.509 522.547 10.9982 1.33902 16.8265
1209.32 395.643 8.71184 0.576963 16.9917
437.944 609.638 10.551 1.75685 15.4136
522.547 532.501 10.823 1.82298 12.6159
634.522 475.269 10.4182 1.59979 8.90179
577.29 442.921 11.2984 1.4408 7.69801
1211.81 579.779 8.66592 0.926048 17.0039
1179.46 539.966 8.68561 0.861959 16.9063
1107.3 114.463 8.86652 -0.0971706 16.6153
176.671 554.895 11.0453 1.47971 16.4299
139.346 520.059 11.0194 1.35315 16.6384
860.959 199.066 9.21056 -0.223859 15.0578
826.122 166.717 9.35929 -0.506792 14.4707
1142.14 664.382 8.67552 1.13998 16.8226
69.673 79.6263 10.801 0.478145 17.4624
1062.51 418.038 8.79545 0.637217 16.4776
67.1846 253.809 11 0.75308 17.1297
666.87 223.949 10.5246 -1.00555 9.93202
1224.25 258.785 8.74101 0.312294 17.0236
1214.3 213.996 8.75849 0.210514 16.9709
1074.95 632.033 8.7151 1.14368 16.5979
1154.58 236.39 8.82903 0.252031 16.9156
87.0912 413.061 10.9939 1.08619 16.9655
569.825 278.692 11.6841 -0.521916 8.21898
1132.19 485.222 8.75805 0.779463 16.8417
1159.56 442.921 8.72562 0.676335 16.8352
330.947 537.477 11.4086 1.77445 14.447
273.715 549.919 11.2204 1.65831 15.4719
146.811 517.571 11.0147 1.35544 16.6377
1211.81 174.182 8.75823 0.127961 16.9616
1164.53 166.717 8.7881 0.0780842 16.8019
213.996 293.622 11.0957 0.737368 16.4385
286.157 106.998 11.2306 0.0923548 16.0249
370.76 176.671 11.71 -0.0951546 14.2352
403.108 146.811 11.4595 -0.232423 14.5225
368.271 121.928 11.5624 -0.255726 14.7326
632.033 308.552 11.6119 -0.994737 1.82233
987.863 114.463 9.00759 -0.274862 16.0563
1000.3 619.592 8.78767 1.20519 16.2763
1057.54 507.617 8.76453 0.86327 16.4713
1226.74 343.388 8.71555 0.47533 17.032
1174.49 320.993 8.74128 0.427831 16.8758
164.229 184.136 11.0808 0.524815 16.7774
136.858 164.229 11.0543 0.514656 16.9163
987.863 325.97 8.97174 0.413012 16.28
1010.26 306.063 8.91904 0.355818 16.3193
1114.77 323.482 8.78629 0.404476 16.668
649.452 477.758 10.1813 1.55051 9.52584
918.19 156.764 9.09627 -0.300776 15.4373
836.076 383.201 9.16132 0.541169 14.6424
1035.14 355.83 8.8405 0.474906 16.3436
1084.91 286.157 8.80153 0.294372 16.4878
997.816 241.367 8.97685 0.175022 16.2864
1142.14 174.182 8.81 0.0800231 16.7341
477.758 273.715 13.1255 -0.397564 7.21673
432.968 243.855 12.0165 -0.0576942 12.2503
821.146 243.855 9.31841 -0.173647 14.3241
174.182 251.32 11.0909 0.673408 16.6586
139.346 271.227 11.0254 0.74748 16.8638
131.881 236.39 11.029 0.675682 16.9177
786.309 373.248 9.32724 0.513412 14.2542
736.543 363.295 9.62743 0.428969 13.0514
875.889 373.248 9.08139 0.512948 15.3534
895.795 248.832 9.10622 0.00496857 15.2887
320.993 510.106 11.3926 1.60439 14.6645
378.225 462.828 11.582 1.47171 13.6521
741.519 325.97 9.6091 0.215318 13.5524
323.482 370.76 11.3326 0.942149 15.1541
286.157 388.178 11.2917 1.02888 15.4976
378.225 432.968 11.5727 1.2994 13.6827
701.706 432.968 9.71774 0.925233 11.9579
669.358 420.526 10.0397 0.901919 10.0032
808.704 345.877 9.27471 0.3727 14.4134
860.959 313.528 9.13687 0.231408 14.9529
821.146 308.552 9.25957 0.192631 14.5036
340.9 559.872 11.2938 1.85339 14.5551
562.36 104.509 11.3123 -1.37761 11.9251
68.6776 80.6216 10.7984 0.481179 17.4673
582.267 600.183 9.98452 1.5665 15.5829
1057.04 364.29 8.84008 0.49801 16.4619
1015.23 373.248 8.87853 0.528527 16.3026
1137.66 424.01 8.75125 0.637924 16.7953
1125.72 361.304 8.77196 0.500822 16.7411
143.327 641.987 11.0449 1.71141 16.4674
1033.15 606.155 8.76363 1.12638 16.4133
1092.87 552.407 8.73809 0.941259 16.6393
1110.79 250.823 8.84155 0.266648 16.7135
1221.27 322.486 8.71964 0.434404 17.0012
1006.28 558.379 8.82927 1.02163 16.3665
1086.9 286.655 8.80464 0.29502 16.4881
1206.34 447.898 8.69994 0.684763 16.9886
701.706 465.814 9.71931 1.17134 11.7646
728.58 543.449 9.42912 1.57424 12.8897
1215.3 86.5936 8.79257 -0.0376359 16.9778
1161.55 179.159 8.79762 0.0997624 16.8019
1161.55 137.355 8.81202 0.0177133 16.8341
280.683 62.7057 11.2309 -0.0175415 16.1073
567.337 259.781 12.4032 -1.15716 5.27937
961.487 92.5655 9.06633 -0.414053 15.8012
74.6496 170.201 11.0142 0.58249 17.1414
322.486 265.753 11.5075 0.499742 14.9305
316.514 241.865 11.2806 0.454896 15.5387
1000.3 621.085 8.78676 1.20353 16.2768
194.089 131.383 11.1082 0.361542 16.6645
137.355 164.229 11.0566 0.513886 16.9168
274.711 549.421 11.3806 1.72262 15.0841
919.683 155.271 9.1026 -0.264593 15.5602
988.361 328.458 8.96898 0.410867 16.2781
244.851 459.842 11.1575 1.25737 15.9414
432.968 247.837 12.2014 -0.110723 11.7195
976.417 262.767 9.03488 0.237485 16.2785
958.501 280.683 9.06987 0.291716 16.2307
131.383 235.893 11.0388 0.674647 16.9081
152.285 107.495 11.0727 0.365618 16.8893
188.117 59.7197 10.8217 0.316824 17.1532
212.005 349.36 11.0776 0.914005 16.3947
214.991 292.626 11.0883 0.748216 16.455
1089.88 197.075 8.84775 0.0879855 16.5419
1036.14 355.332 8.84338 0.474142 16.3439
322.486 370.262 11.3458 0.942976 15.0841
283.669 388.178 11.2648 1.02175 15.5535
409.08 429.982 12.0701 1.37485 11.6438
376.234 421.024 11.6405 1.22484 13.6132
385.192 385.192 11.6362 1.00904 13.5931
1006.28 179.159 8.98187 -0.0231977 16.2673
1057.04 143.327 8.92207 -0.0637171 16.4558
1015.23 143.327 8.9531 -0.130925 16.188
716.636 489.701 9.55892 1.31303 12.1119
761.426 406.094 9.42611 0.695699 13.3636
432.968 343.388 12.0521 0.664383 11.65
432.968 316.514 11.9024 0.4648 12.2352
346.374 343.388 11.416 0.817262 14.7973
797.258 465.814 9.21793 0.954739 14.2654
859.964 313.528 9.13434 0.250459 15.0046
1179.46 426.996 8.71529 0.643878 16.9219
1134.67 612.127 8.72418 1.0243 16.8911
1033.15 86.5936 8.9311 -0.307243 16.2284
438.94 609.141 10.6221 1.81791 15.1446
415.052 653.931 10.5084 1.82493 15.7604
343.388 558.379 11.3831 1.8871 14.3285
152.285 394.15 11.0618 1.03867 16.6501
56.7337 609.141 10.9384 1.4961 16.998
110.481 588.239 10.9981 1.50041 16.7336
289.641 612.127 11.1571 1.90594 15.3241
561.365 197.075 11.6125 -1.0854 9.99418
92.5655 262.767 11.0403 0.749816 16.9974
318.903 512.395 11.3721 1.59613 14.748
781.134 551.81 9.21764 1.35544 14.5439
756.051 512.395 9.316 1.28012 13.5539
1024.79 283.071 8.92261 0.291031 16.4327
1143.03 118.245 8.84024 -0.0408451 16.7454
648.556 480.146 10.1575 1.50309 10.2048
917.294 157.66 9.09942 -0.307326 15.4127
139.744 272.322 11.0102 0.750251 16.8935
422.815 232.907 11.5965 0.0544557 13.7214
1053.46 580.475 8.77862 1.01644 16.5941
193.492 132.578 11.1078 0.351635 16.6672
214.991 197.075 11.1265 0.48315 16.4632
211.408 146.91 11.1332 0.353512 16.5484
318.903 369.068 11.3458 0.942976 15.0841
322.486 93.1627 11.3821 -0.127857 15.5488
630.64 308.154 11.2841 -0.694897 4.60043
974.625 261.572 9.03047 0.232986 16.2771
71.6636 286.655 10.9898 0.807871 17.0979
336.819 250.823 11.4663 0.419498 14.9303
978.209 365.485 8.96447 0.524283 16.2726
766.801 451.481 9.38964 0.94676 13.9427
1053.46 143.327 8.92228 -0.0522168 16.4747
852.797 218.574 9.23684 -0.174362 14.8858
999.708 627.057 8.77806 1.21081 16.28
1125.12 200.658 8.8191 0.134872 16.72
1085.7 193.492 8.84486 0.0815151 16.5433
293.821 480.146 11.1927 1.3932 15.4817
336.819 444.315 11.3661 1.27353 14.7431
702.304 429.982 9.74253 0.912983 11.7753
379.817 240.073 11.5346 0.244204 14.3592
738.135 322.486 9.63134 0.239497 13.6768
784.717 286.655 9.39163 0.0179554 13.8883
816.965 465.814 9.1768 0.9352 14.6788
870.713 598.391 8.96938 1.34427 15.4636
1057.04 361.901 8.81304 0.491846 16.4122
1178.87 426.399 8.72299 0.638971 16.9165
1028.37 641.39 8.75234 1.20958 16.4057
1003.29 558.976 8.82108 1.01682 16.2849
1064.2 121.828 8.897 -0.13784 16.4307
1160.95 136.161 8.80268 0.0111821 16.7993
1171.7 218.574 8.77608 0.188101 16.866
1107.2 250.823 8.84206 0.256894 16.7095
634.223 476.563 10.4231 1.58975 8.96377
369.068 523.145 11.6479 1.8754 13.2869
508.812 612.724 10.4326 1.8965 14.5916
580.475 558.976 10.2202 1.74844 13.6117
154.077 394.15 11.0595 1.03985 16.6604
85.9964 372.651 10.9977 0.988818 16.9817
125.411 637.806 11.132 1.72834 16.3964
558.976 157.66 11.6236 -1.32342 10.567
551.81 222.157 11.8544 -0.989342 9.10007
137.594 275.188 11.0205 0.75217 16.8884
128.995 236.49 11.0392 0.672312 16.9075
1057.76 361.185 8.81829 0.483796 16.4256
477.28 266.589 12.1437 -0.15053 10.6266
851.364 528.878 9.03999 1.12461 15.191
1130.85 563.276 8.72229 0.940376 16.7908
1092.15 550.377 8.73665 0.941816 16.6316
343.985 206.391 11.3657 0.228445 15.1954
1057.76 576.176 8.78516 1.01488 16.6388
1053.46 528.878 8.76594 0.927349 16.4532
210.691 343.985 11.0094 0.907087 16.5322
210.691 296.687 11.1426 0.751465 16.3469
335.386 249.389 11.5295 0.406665 14.8057
851.364 219.291 9.22993 -0.226916 14.6666
1062.06 193.492 8.8761 0.045629 16.4234
1019.06 180.592 8.97906 0.0352967 16.4312
382.684 322.486 11.3483 0.681718 14.6293
730.969 361.185 9.61202 0.465924 13.5697
735.269 322.486 9.65118 0.197736 13.3167
915.861 214.991 9.10611 -0.0130223 15.7597
1135.15 610.574 8.71723 1.02569 16.8603
1040.56 356.885 8.84306 0.474077 16.3438
1186.75 305.287 8.71132 0.357118 16.8133
1092.15 356.885 8.82202 0.511325 16.6766
825.565 163.393 9.35776 -0.484112 14.5797
696.57 266.589 10.1996 -0.658715 9.64232
85.9964 369.784 10.9771 0.993079 17.0388
257.989 597.675 11.2371 1.83012 15.4161
318.187 511.678 11.3359 1.58639 14.8799
584.775 206.391 11.4046 -1.11249 9.77251
211.551 294.108 11.1185 0.753859 16.4149
701.73 428.262 9.76112 0.911666 11.6175
319.906 309.587 11.5857 0.679694 14.6357
371.504 428.262 11.5952 1.24973 13.7584
634.653 221.871 10.7991 -0.94424 10.1335
423.102 268.309 11.9158 0.18801 12.6278
412.783 221.871 11.9351 -0.0990621 12.9977
1140.31 423.102 8.73644 0.633646 16.7727
1001 593.375 8.79452 1.1172 16.2586
743.009 371.504 9.55597 0.517036 13.7568
1176.43 325.066 8.73128 0.417484 16.8473
1078.39 325.066 8.81661 0.398913 16.5465
1114.51 247.67 8.85457 0.25794 16.7279
634.653 474.7 10.3673 1.56895 9.47896
340.546 361.185 11.3796 0.880978 14.8594
583.055 206.391 11.4353 -1.10698 9.70106
562.416 201.231 11.7753 -1.12593 9.21561
252.829 242.51 10.9319 0.591019 16.5782
1027.83 272.436 8.89597 0.239888 16.275
575.832 272.436 12.4729 -1.12842 3.75647
582.023 260.053 11.7787 -0.844168 7.51695
712.05 334.354 9.78305 0.169653 12.1564
749.2 303.395 9.58871 0.180506 14.0784
718.242 414.846 9.6151 0.781231 12.7051
743.009 365.313 9.5469 0.538106 13.8179
1021.64 371.504 8.87548 0.52887 16.3455
1003.06 594.407 8.79046 1.14334 16.2502
1133.09 489.147 8.75752 0.781546 16.8416
1046.4 551.065 8.79788 0.973914 16.4952
681.091 476.764 9.80417 1.22276 12.3492
798.734 563.448 9.125 1.35988 14.4063
1034.02 148.602 8.92076 -0.11296 16.2436
1046.4 173.369 8.89554 -0.0183548 16.3448
1114.51 247.67 8.85169 0.253649 16.7174
693.475 222.903 10.1835 -1.01571 10.5019
687.283 148.602 10.213 -1.0022 12.5531
792.543 284.82 9.38106 -0.0267657 13.6536
278.628 408.655 11.3018 1.10385 15.525
260.053 594.407 11.207 1.81089 15.5506
130.027 278.628 11.055 0.760194 16.8362
646.418 289.773 11.0454 -0.58317 6.74074
690.998 267.483 10.0517 -0.448753 11.4009
750.439 304.634 9.572 -0.0674456 12.4923
1092.22 356.644 8.78278 0.466875 16.6508
312.064 512.676 11.3469 1.58793 14.8472
430.945 230.333 11.8453 -0.0293638 12.8876
438.375 334.354 11.74 0.580616 12.529
1017.92 371.504 8.82129 0.491317 16.1376
1055.07 438.375 8.79599 0.669869 16.5183
1040.21 549.826 8.76782 0.959985 16.4053
1129.37 497.816 8.75345 0.790032 16.8531
676.138 475.526 9.82052 1.37064 11.059
995.632 237.763 8.96328 0.158341 16.271
1017.92 170.892 8.97247 -0.0268122 16.2894
1062.5 185.752 8.86322 0.0367413 16.3967
951.051 282.343 9.07675 0.307514 16.2238
705.858 141.172 10.039 -0.912146 13.2909
683.568 148.602 10.0916 -0.801647 13.4855
861.89 200.612 9.21365 -0.21665 15.0535
728.148 260.053 9.73495 -0.232193 13.1815
869.32 334.354 9.11963 0.380097 15.2547
869.32 260.053 9.16523 0.0821911 15.2939
386.365 386.365 11.7734 1.01135 13.092
579.547 423.515 10.5629 1.05457 12.2962
549.826 148.602 11.6439 -1.34659 10.7414
624.127 304.634 11.6303 -0.947479 2.73445
141.172 237.763 11.0629 0.672501 16.8133
364.074 185.752 11.9669 -0.122496 13.6152
297.203 148.602 11.2803 0.173032 15.8538
156.032 356.644 11.052 0.946299 16.6413
383.392 240.735 11.4367 0.252671 14.6065
374.476 222.903 11.6972 0.0450085 14.073
838.114 356.644 9.14263 0.471485 15.0629
838.114 419.057 9.08465 0.644125 14.2069
1105.6 436.889 8.76786 0.671716 16.7562
1025.35 374.476 8.8402 0.584487 16.3125
980.771 526.05 8.85288 0.954545 16.1594
731.121 419.057 9.6158 0.783886 12.3109
811.365 517.134 9.18945 1.14488 15.1079
900.527 178.322 9.16439 -0.26498 15.2232
1052.1 231.819 8.86365 0.143408 16.4288
1096.68 294.231 8.73284 0.274809 16.4312
1043.18 294.231 8.87027 0.295597 16.2957
775.701 320.98 9.44376 0.162934 13.363
588.463 454.721 11.0568 1.5486 8.14947
401.225 222.903 11.63 0.099734 13.8312
597.379 205.07 11.4353 -1.10698 9.70106
570.631 213.987 12.5761 -1.79431 5.00579
534.966 169.406 11.6795 -1.04885 10.6615
427.973 312.064 12.082 0.419965 11.897
481.47 267.483 13.1435 -0.537035 7.27205
579.547 258.567 12.1082 -1.14687 5.96858
