840 353 18.4592 1.82312 32.5571
894 60 18.487 1.12211 32.5348
946 370 18.4627 1.82212 32.2911
944 281 18.5224 1.60945 32.2998
703 431 18.454 2.0458 32.8577
857 273 18.436 1.63014 32.5601
938 344 18.509 1.76528 32.2984
971 356 18.514 1.78431 32.1984
78 19 23.2374 0.368851 36.4624
697 610 18.3601 2.43737 32.8295
897 34 18.4902 1.0598 32.5361
1117 139 18.7117 1.12201 31.7739
1019 671 18.591 2.58126 31.8664
139 117 24.2814 0.795398 36.4068
1113 152 18.6806 1.16879 31.8002
1089 512 18.6206 2.14074 31.7298
961 506 18.571 2.16499 32.122
1083 410 18.5678 1.87526 31.8322
899 111 18.4772 1.24365 32.5087
990 558 18.5929 2.29035 32.0118
741 549 18.3466 2.28793 32.7552
1044 323 18.6349 1.6601 31.9446
771 292 18.4881 1.70348 32.7416
957 470 18.5105 2.06134 32.1872
744 612 18.3379 2.42096 32.7292
743 277 18.491 1.68182 32.8153
942 579 18.4976 2.33396 32.1896
979 441 18.4923 1.98425 32.1576
1105 478 18.6431 2.05076 31.6823
1007 201 18.5161 1.38429 32.1717
1107 540 18.6547 2.22067 31.6307
1018 249 18.5836 1.48598 32.0801
266 50 23.1163 0.351207 35.199
651 321 18.8698 1.82004 32.9474
921 44 18.4988 1.06676 32.47
671 493 18.64 2.23738 32.8728
976.8 304.8 18.5073 1.65374 32.2118
73.2 222 24.9387 1.71471 37.0789
621.6 678 18.3033 2.5801 32.986
927.6 567.6 18.4221 2.29421 32.2721
1083.6 170.4 18.646 1.24235 31.9052
828 416.4 18.4397 1.97265 32.5701
466.8 606 18.4114 2.49117 33.3313
493.2 328.8 20.9051 1.94688 33.3795
829.2 52.8 18.6928 1.07187 32.6333
934.8 124.8 18.4882 1.24971 32.408
964.8 535.2 18.5187 2.22282 32.1379
970.8 356.4 18.514 1.78431 32.1984
1129.2 168 18.7277 1.1931 31.7122
372 510 21.6962 3.10102 33.8984
428.4 160.8 25.6459 0.526153 34.2828
1017.6 670.8 18.5912 2.58377 31.8681
691.2 530.4 18.4171 2.27575 32.8593
720 550.8 18.3237 2.29121 32.8051
600 183.6 21.7045 1.06205 32.8912
1020 319.2 18.6103 1.66149 32.0311
1081.2 644.4 18.5894 2.49562 31.7082
579.6 106.8 23.4419 0.23982 32.9972
1002 574.8 18.5225 2.31232 32.0081
1089.6 507.6 18.612 2.1251 31.7384
1118.4 656.4 18.614 2.52565 31.5611
1128 242.4 18.6917 1.40169 31.7035
888 127.2 18.475 1.28134 32.5262
966 410.4 18.4947 1.92153 32.2009
1029.6 487.2 18.6163 2.09885 31.9076
801.6 673.2 18.4265 2.57992 32.5425
940.8 578.4 18.4263 2.31982 32.2332
1125.6 537.6 18.6466 2.20977 31.5804
900 181.2 18.4423 1.40185 32.4907
1129.2 328.8 18.6949 1.62804 31.6409
1111.2 474 18.6584 2.04032 31.6535
958.8 625.2 18.5125 2.45194 32.1082
499.2 550.8 18.6654 2.4379 33.2698
615.6 556.8 18.3769 2.34298 33.0222
487.2 650.4 18.3821 2.57546 33.2688
606 414 18.9018 2.08373 33.0303
841.2 352.8 18.4587 1.82074 32.5546
714 316.8 18.5353 1.7844 32.8571
777.6 314.4 18.5454 1.76058 32.7012
897.6 34.8 18.4753 1.06826 32.5476
764.4 138 19.1036 1.21794 32.6485
986.4 230.4 18.5281 1.46986 32.2079
972 30 18.5534 0.983218 32.3247
912 478.8 18.4317 2.09336 32.3418
894 453.6 18.4228 2.03982 32.3976
991.2 558 18.5544 2.27669 32.03
997.2 368.4 18.4145 1.79539 32.1834
673.92 413.28 18.6363 2.02932 32.8908
735.84 685.44 18.3199 2.57785 32.7293
859.68 408.96 18.4071 1.95194 32.5141
959.04 532.8 18.5211 2.22367 32.1397
972 357.12 18.4866 1.77946 32.209
974.88 321.12 18.5154 1.69113 32.211
954.72 336.96 18.4862 1.74541 32.267
934.56 123.84 18.4881 1.25071 32.4066
1064.16 675.36 18.6142 2.5902 31.7186
1087.2 639.36 18.5699 2.47488 31.7084
1082.88 627.84 18.5996 2.45262 31.7028
590.4 180 21.411 1.08537 32.9846
600.48 155.52 21.324 0.945328 32.9531
1044 322.56 18.6357 1.65918 31.9434
1061.28 313.92 18.8991 1.60551 31.72
1058.4 512.64 18.6342 2.15609 31.8089
519.84 250.56 21.2145 1.53809 33.3092
1092.96 437.76 18.5949 1.94154 31.7717
449.28 429.12 21.3071 2.54283 33.5169
1016.64 671.04 18.5913 2.58269 31.8695
1003.68 341.28 18.5849 1.7212 32.0836
1019.52 318.24 18.5853 1.661 32.051
1100.16 659.52 18.6248 2.539 31.6175
1116 138.24 18.6525 1.14513 31.8228
72 221.76 24.9387 1.71471 37.0789
82.08 326.88 26.6075 2.74492 37.6189
540 250.56 21.2481 1.52225 33.185
1094.4 457.92 18.6453 1.99842 31.728
485.28 380.16 18.7907 2.03868 33.3709
743.04 612 18.3256 2.41735 32.7392
744.48 587.52 18.3423 2.36801 32.7321
992.16 267.84 18.5451 1.55867 32.17
1116 259.2 18.8363 1.4306 31.6234
718.56 552.96 18.3231 2.29552 32.8069
722.88 535.68 18.3234 2.25583 32.8072
1016.64 280.8 18.5555 1.56938 32.0935
959.04 643.68 18.4856 2.48962 32.1206
959.04 613.44 18.5181 2.42384 32.11
501.12 308.16 21.5445 1.85159 33.3558
370.08 256.32 24.4263 1.58703 34.5346
537.12 100.8 23.4984 0.232788 33.3425
377.28 63.36 23.322 0.232738 34.4969
324 486.72 25.3565 3.8234 34.7896
509.76 668.16 18.366 2.60697 33.2236
639.36 498.24 18.8133 2.29037 32.9105
440.64 426.24 21.4325 2.54767 33.5845
813.6 230.4 18.6359 1.52625 32.6163
840.96 352.8 18.4612 1.82025 32.5543
910.08 338.4 18.4799 1.76049 32.3795
777.6 313.92 18.5319 1.7484 32.7041
842.4 187.2 18.5688 1.42193 32.5787
761.76 92.16 19.0964 1.08735 32.6841
972 28.8 18.5534 0.982565 32.3237
927.36 567.36 18.3781 2.28568 32.2931
766.08 684 18.3532 2.58715 32.6424
864 512.64 18.3944 2.18189 32.4612
842.4 472.32 18.9257 2.15723 32.3104
911.52 478.08 18.4072 2.08733 32.3569
695.52 416.16 18.5261 2.02449 32.867
989.28 557.28 18.5546 2.27754 32.0301
1036.8 580.32 18.5924 2.3344 31.8676
518.4 274.752 21.325 1.66301 33.2765
537.408 279.936 21.1377 1.6728 33.1847
575.424 338.688 19.2598 1.89936 33.1056
668.736 428.544 18.6175 2.07434 32.8985
711.936 618.624 18.3227 2.43604 32.7976
841.536 352.512 18.46 1.82105 32.5554
896.832 63.936 18.4892 1.1271 32.5266
898.56 36.288 18.489 1.06059 32.5371
1003.97 342.144 18.5857 1.72261 32.0817
1019.52 338.688 18.6083 1.71112 32.0281
1019.52 580.608 18.5129 2.32556 31.9655
1100.74 131.328 18.6853 1.11978 31.8484
466.56 273.024 20.6733 1.71821 33.5283
544.32 255.744 21.3981 1.52495 33.1848
609.984 224.64 21.4123 1.31611 32.859
603.072 376.704 18.7898 1.97854 33.0638
1081.73 644.544 18.5877 2.49561 31.7033
1078.27 459.648 18.6626 2.0088 31.7584
1168.13 304.128 18.6583 1.55588 31.5623
81.216 326.592 26.6075 2.74492 37.6189
943.488 176.256 18.665 1.31709 32.2835
743.04 611.712 18.316 2.41336 32.7407
717.12 592.704 18.3325 2.38796 32.7929
744.768 587.52 18.3425 2.36739 32.7356
902.016 88.128 18.4167 1.2045 32.5331
1123.2 654.912 18.6284 2.52826 31.5369
1118.02 656.64 18.6143 2.52638 31.5678
69.12 196.992 24.9375 1.4806 37.1547
736.128 561.6 18.3414 2.31488 32.7581
959.04 658.368 18.4258 2.51218 32.1445
993.6 267.84 18.4527 1.57456 32.2109
1209.6 134.784 18.9203 0.978606 31.3289
1019.52 317.952 18.6131 1.66046 32.0293
1187.14 290.304 18.725 1.50203 31.4644
917.568 646.272 18.3894 2.47916 32.2811
915.84 575.424 18.4188 2.3199 32.2946
464.832 324.864 21.0887 1.97885 33.5165
70.848 243.648 24.098 1.89441 36.7093
615.168 357.696 19.1717 1.94927 32.9878
471.744 281.664 21.2546 1.74676 33.5128
603.072 114.048 23.8381 0.190267 32.7544
390.528 167.616 25.7244 0.661453 34.6062
485.568 563.328 18.7741 2.49316 33.2974
623.808 442.368 18.8257 2.14141 32.9795
402.624 433.728 21.5466 2.64453 33.7899
426.816 447.552 21.9027 2.74958 33.6533
775.872 264.384 18.4137 1.64367 32.7624
725.76 202.176 19.1688 1.40813 32.726
725.76 298.944 18.4883 1.73811 32.8471
843.264 186.624 18.5688 1.42204 32.5794
806.976 160.704 18.8407 1.31254 32.5912
1045.44 323.136 18.6363 1.65704 31.9393
1062.72 314.496 18.8981 1.60751 31.7285
984.96 169.344 18.4826 1.3234 32.2629
1069.63 165.888 18.5736 1.25991 31.9901
689.472 528.768 18.43 2.27737 32.8598
661.824 658.368 18.3038 2.52427 32.9044
651.456 639.36 18.3731 2.51452 32.9143
864 513.216 18.3946 2.18273 32.4588
841.536 466.56 18.969 2.15362 32.3064
696.384 416.448 18.5261 2.0251 32.8669
703.296 463.104 18.398 2.11927 32.8538
768.96 466.56 18.4244 2.0996 32.7007
1166.4 677.376 18.6988 2.59616 31.3404
1036.8 580.608 18.5269 2.31934 31.9094
1173.31 449.28 18.6783 1.94903 31.4588
1045.44 492.48 18.6144 2.10238 31.8663
1060.99 466.56 18.5869 2.03333 31.8523
493.517 549.504 18.6953 2.4444 33.2799
572.314 470.707 19.6058 2.39198 33.0271
1196.47 593.05 18.7101 2.34805 31.2861
1215.13 348.365 18.6836 1.64291 31.3774
534.989 219.802 21.5646 1.34903 33.2442
551.578 209.434 21.2203 1.31419 33.1835
897.869 180.403 18.4349 1.40255 32.5034
883.354 182.477 18.4028 1.42566 32.5435
1016.06 151.373 18.5518 1.25117 32.1544
1057.54 512.179 18.6306 2.15494 31.8171
1107.3 613.786 18.5992 2.40642 31.637
599.271 391.91 18.9746 2.0349 33.0441
578.534 402.278 18.8007 2.05992 33.1127
599.271 155.52 21.3029 0.944459 32.9705
564.019 151.373 21.8012 0.882838 33.1264
1007.77 252.979 18.4904 1.51197 32.171
982.887 255.053 18.5126 1.53973 32.2216
1101.08 128.563 18.6859 1.11429 31.8473
493.517 402.278 19.0138 2.11156 33.3235
717.466 593.05 18.3177 2.38597 32.7993
744.422 582.682 18.3446 2.35951 32.7388
1018.14 337.997 18.6103 1.70927 32.0339
987.034 327.629 18.4613 1.71142 32.1979
1001.55 230.17 18.5122 1.46349 32.1706
485.222 337.997 21.2833 2.03467 33.4102
933.12 613.786 18.4243 2.4037 32.2347
912.384 588.902 18.4153 2.35536 32.298
916.531 574.387 18.4176 2.31986 32.297
976.666 630.375 18.5017 2.46285 32.0622
1030.58 223.949 18.616 1.4097 32.0522
1111.45 354.586 18.5948 1.72096 31.7492
1128.04 329.702 18.6338 1.64049 31.6857
736.128 561.946 18.3061 2.30581 32.7672
719.539 553.651 18.3007 2.29074 32.8099
72.576 221.875 24.4492 1.71349 36.8809
80.8704 325.555 25.7284 2.65764 37.274
296.525 176.256 26.31 0.828116 35.6583
580.608 242.611 21.3636 1.43849 32.9744
431.309 308.966 22.2707 1.9179 33.7729
534.989 99.5328 23.7294 0.184437 33.3456
603.418 114.048 24.421 0.0612835 32.7199
387.763 165.888 25.5495 0.680596 34.596
58.0608 387.763 27.2238 3.50968 37.9785
615.859 557.798 18.3618 2.34048 33.0336
356.659 557.798 21.191 3.24849 33.8711
439.603 657.331 18.9337 2.8251 33.371
841.882 327.629 18.4429 1.76678 32.5647
837.734 296.525 18.5039 1.68351 32.5692
931.047 313.114 18.4996 1.69077 32.3343
781.747 259.2 18.4848 1.6199 32.7344
736.128 248.832 18.6188 1.60562 32.8091
725.76 298.598 18.3762 1.74553 32.8747
902.016 87.0912 18.4816 1.19042 32.5107
841.882 186.624 18.5677 1.42176 32.5826
1038.87 242.611 18.5591 1.46586 32.0466
1032.65 306.893 18.5468 1.63281 32.0297
1136.33 70.5024 16.8741 1.66699 33.0565
1020.21 120.269 18.6858 1.14393 32.0806
835.661 580.608 18.8867 2.48214 32.2953
661.479 657.331 18.4971 2.59987 32.8574
651.11 638.669 18.3738 2.51384 32.9134
756.864 651.11 18.4194 2.53702 32.654
819.072 516.326 18.3722 2.19292 32.5731
841.882 466.56 18.9694 2.14931 32.3046
669.773 491.443 18.5669 2.22231 32.8804
702.951 462.413 18.398 2.11927 32.8538
1184.03 605.491 18.6228 2.3678 31.3892
951.783 597.197 18.5146 2.39109 32.1343
960.077 532.915 18.5207 2.22622 32.1397
1047.17 642.816 18.6627 2.52083 31.75
1175.73 449.971 18.68 1.95104 31.4575
984.96 522.547 18.4386 2.16569 32.1424
972.519 514.253 18.5252 2.17333 32.1128
908.237 466.56 18.3861 2.06453 32.37
852.25 678.067 18.3646 2.56174 32.4371
1129.7 330.947 18.6573 1.64728 31.6807
1201.86 129.393 18.7399 1.04316 31.4997
465.316 320.993 21.3201 1.97975 33.5128
587.244 420.526 18.9509 2.11644 33.0805
564.849 420.526 18.8494 2.11832 33.1419
928.143 141.834 18.7749 1.21316 32.2936
1092.37 126.904 18.5584 1.14107 31.9531
1017.72 238.879 18.5094 1.47471 32.1226
1035.14 209.019 18.0125 1.51245 32.4029
375.736 340.9 22.1081 2.19615 34.0595
925.655 592.22 18.4179 2.35157 32.2666
990.352 226.437 18.5397 1.45852 32.2011
72.1613 243.855 25.0918 1.90963 37.1059
82.1146 201.554 25.0339 1.54287 37.0802
467.804 278.692 21.5119 1.71974 33.5704
604.662 114.463 24.0008 0.138495 32.7563
564.849 199.066 21.331 1.22032 33.1094
452.874 77.1379 23.6492 0.189007 33.9771
430.479 74.6496 23.802 0.16197 34.2081
57.2314 388.178 27.2238 3.50968 37.9785
490.199 569.825 18.6961 2.49659 33.2801
447.898 594.709 19.1487 2.72428 33.3709
467.804 604.662 18.4109 2.49133 33.3286
430.479 602.174 19.2444 2.78237 33.4267
532.501 415.549 18.8167 2.11361 33.2313
569.825 360.806 19.6319 1.98586 33.0956
395.643 413.061 21.6258 2.53459 33.8437
388.178 385.69 21.7323 2.40349 33.9024
853.494 246.344 18.4104 1.57183 32.5813
823.634 268.739 18.5621 1.62597 32.5961
838.564 209.019 18.532 1.46547 32.5957
841.052 328.458 18.4459 1.76173 32.5674
714.148 218.972 19.2501 1.46582 32.7434
753.961 216.484 18.9255 1.46339 32.6962
651.94 320.993 18.9632 1.82262 32.9347
721.613 301.087 18.4376 1.75187 32.8622
868.424 64.6963 18.5183 1.12454 32.5915
841.052 186.624 18.5649 1.41791 32.5832
806.216 161.741 18.8166 1.32425 32.6098
783.821 106.998 18.934 1.15066 32.6679
684.288 166.717 19.576 1.25129 32.8063
761.426 139.346 19.1094 1.22495 32.6551
1127.21 241.367 18.6865 1.39397 31.7143
1229.23 340.9 18.7155 1.61421 31.313
1002.79 340.9 18.5847 1.7214 32.0862
1015.23 335.923 18.4141 1.71345 32.1427
1030.16 306.063 18.5803 1.62545 32.0222
1142.14 186.624 18.6623 1.25113 31.7143
940.585 174.182 18.6828 1.31178 32.2775
1002.79 126.904 18.6738 1.16802 32.1354
1082.42 169.206 18.6257 1.23725 31.9254
875.889 522.547 18.3998 2.20181 32.4309
890.819 644.475 18.3595 2.46629 32.3546
684.288 589.732 18.3333 2.39129 32.8616
686.776 525.036 18.4204 2.26906 32.8597
721.613 552.407 18.2881 2.28636 32.8069
709.171 644.475 18.3235 2.49933 32.7964
739.031 607.15 18.3385 2.40942 32.7464
863.447 512.594 18.4118 2.18492 32.4575
808.704 510.106 18.4544 2.20763 32.5706
696.73 415.549 18.526 2.0256 32.8653
654.428 360.806 18.8305 1.92981 32.9264
639.498 500.152 18.9112 2.32579 32.9077
709.171 457.851 18.4346 2.1064 32.8373
1134.67 567.337 18.5786 2.27057 31.5963
953.027 597.197 18.5158 2.38971 32.1372
1082.42 567.337 18.5742 2.28127 31.7591
1020.21 579.779 18.489 2.32347 31.9685
1027.68 530.012 18.6153 2.20732 31.8928
1007.77 599.685 18.4918 2.37303 31.992
1047.58 641.987 18.663 2.52237 31.7519
1045.09 632.033 18.672 2.4915 31.7588
1112.28 482.734 18.5997 2.04068 31.6847
1176.98 450.386 18.6601 1.94977 31.4678
967.957 435.456 18.4946 1.96007 32.1854
970.445 388.178 18.4606 1.86468 32.2146
972.933 515.082 18.5169 2.17399 32.1174
1055.05 502.641 18.6257 2.13275 31.8299
793.774 669.358 18.4149 2.563 32.5632
273.715 47.2781 23.317 0.303569 35.2485
925.655 594.211 18.4184 2.35502 32.2633
1009.26 310.542 18.6051 1.64685 32.0784
976.417 319.5 18.514 1.69042 32.2081
940.585 558.379 17.8958 2.15781 32.5259
182.145 203.047 27.0958 1.25616 36.9571
265.753 641.987 19.8403 3.1847 34.0258
773.37 468.8 18.4658 2.11771 32.6847
453.87 77.6356 23.6492 0.189007 33.9771
406.094 158.257 26.0866 0.521699 34.524
695.734 582.267 18.3958 2.38525 32.833
686.776 525.533 18.4316 2.26914 32.8653
1068.98 164.229 18.6584 1.22969 31.9444
1015.23 149.299 18.5931 1.23242 32.1243
606.155 113.467 23.964 0.148092 32.7292
818.16 131.383 18.6768 1.25459 32.6373
809.202 510.603 18.4588 2.20519 32.5667
1042.11 406.094 18.6926 1.87562 31.8821
680.805 322.486 18.7123 1.80598 32.9014
683.79 295.612 18.6754 1.73952 32.9112
653.931 319.5 18.8672 1.81481 32.9445
842.048 328.458 18.4459 1.76173 32.5674
56.7337 385.192 26.4019 3.36373 37.6712
707.678 361.304 18.4782 1.88139 32.8751
910.725 337.416 18.4599 1.76358 32.3914
438.94 656.917 18.9338 2.82351 33.3702
468.8 606.155 18.4103 2.49116 33.3285
492.687 567.337 18.7103 2.49524 33.2826
671.846 489.701 18.6418 2.22845 32.8716
710.664 456.856 18.4357 2.10413 32.8374
907.739 522.547 18.4263 2.19789 32.3262
1164.53 247.837 18.714 1.39207 31.5763
346.374 504.631 21.9874 3.14969 34.0681
710.664 641.987 18.3247 2.49474 32.7959
659.903 656.917 18.3038 2.52427 32.9044
710.664 612.127 18.3263 2.43122 32.8055
468.8 280.683 21.5796 1.7297 33.582
728.58 203.047 19.1855 1.41167 32.7241
824.132 268.739 18.5054 1.62839 32.6112
1134.67 567.337 18.5322 2.26119 31.6192
1119.74 531.505 18.6269 2.1893 31.6093
746.496 86.5936 19.1971 1.0478 32.7273
770.384 262.767 18.4611 1.63721 32.7584
713.65 217.977 19.2492 1.4604 32.7407
913.711 98.5375 18.4917 1.19584 32.4689
901.767 86.5936 18.3926 1.21515 32.5306
997.319 191.103 18.5158 1.37079 32.2155
937.599 173.187 18.6128 1.33798 32.3146
985.375 426.996 18.4935 1.94747 32.1514
994.333 367.276 18.4624 1.79898 32.1661
973.431 388.178 18.4884 1.85301 32.1902
1215.3 346.374 18.6848 1.6434 31.3803
1221.27 316.514 18.7193 1.55576 31.341
534.491 415.052 18.8162 2.11254 33.2243
1015.23 337.416 18.6071 1.70604 32.037
1066 319.5 18.7395 1.61887 31.8153
1083.91 567.337 18.6697 2.29889 31.6843
546.435 194.089 21.37 1.19711 33.1993
770.384 310.542 18.5027 1.75116 32.7324
961.487 641.987 18.509 2.49591 32.1009
1009.26 600.183 18.5738 2.38677 31.9469
955.515 597.197 18.5142 2.39192 32.1317
71.6636 298.598 27.412 2.5094 38.0775
731.566 644.973 18.3212 2.50231 32.7414
1048.08 489.701 18.6371 2.10367 31.8487
1077.94 459.842 18.6649 2.00739 31.7632
886.837 185.131 18.46 1.41312 32.5119
588.239 421.024 18.8322 2.10341 33.0861
615.113 361.304 19.1454 1.94566 32.991
958.501 531.505 18.5499 2.22799 32.1251
588.239 647.959 18.3122 2.52111 33.0645
59.7197 441.926 27.3323 4.16553 37.9267
361.901 555.393 21.4208 3.29521 33.8871
361.901 519.561 21.312 3.07345 33.9079
913.711 630.64 18.3962 2.43443 32.2922
913.711 594.808 18.3814 2.37578 32.3092
1006.87 519.561 18.4776 2.16861 32.0439
458.647 555.393 18.8621 2.50782 33.3568
655.722 404.9 18.859 2.03613 32.8999
655.722 358.318 18.8284 1.91943 32.9277
684.388 297.404 18.6049 1.73901 32.9091
652.139 318.903 18.8606 1.81438 32.9428
795.466 347.569 18.4834 1.81717 32.6529
791.883 315.32 18.5006 1.74917 32.6783
1143.03 186.325 18.719 1.2402 31.6764
369.068 476.563 22.1118 3.01359 33.9727
358.318 447.898 21.9949 2.81047 34.0368
508.812 311.737 21.1523 1.86188 33.314
870.713 68.0805 18.4621 1.13881 32.598
902.962 189.909 18.4725 1.41408 32.47
885.046 186.325 18.418 1.42391 32.5382
906.545 523.145 18.4234 2.19427 32.3444
867.13 515.978 18.4063 2.18639 32.4576
935.21 558.976 18.4279 2.27307 32.2467
967.459 616.307 18.5206 2.43049 32.098
949.543 283.071 18.5224 1.61753 32.2826
670.055 490.896 18.6576 2.22876 32.8734
648.556 469.397 18.8255 2.21514 32.8991
770.384 261.572 18.4834 1.63491 32.7568
720.219 265.155 18.6458 1.64748 32.8279
745.302 85.9964 19.196 1.02856 32.7247
981.792 426.399 18.4935 1.94747 32.1514
996.125 175.576 18.5458 1.32763 32.2194
429.982 308.154 22.6322 1.92471 33.8275
723.803 537.477 18.328 2.25789 32.8065
1010.46 254.406 18.1367 1.5614 32.3626
1014.04 247.24 17.9952 1.58179 32.4365
1006.87 343.985 18.5939 1.72814 32.0719
1096.45 458.647 18.6416 1.9975 31.723
1089.29 326.07 18.6458 1.64503 31.8173
1146.62 315.32 18.5793 1.59735 31.6749
394.15 415.649 21.2587 2.49709 33.8001
766.801 340.402 18.5256 1.82258 32.7221
723.803 300.987 18.5445 1.74011 32.8435
1196.78 519.561 18.5937 2.139 31.4284
541.06 211.408 21.5083 1.27915 33.234
738.135 601.974 18.318 2.39201 32.7539
1189.62 286.655 18.6609 1.48907 31.5074
1082.12 566.143 18.5462 2.27245 31.7736
591.225 272.322 21.1402 1.57919 32.9174
612.724 361.901 19.3258 1.96472 32.9994
1074.95 458.647 18.6779 2.00611 31.7613
1085.7 412.066 18.6434 1.8795 31.7784
913.711 483.73 18.363 2.08003 32.368
834.881 483.73 18.3621 2.11666 32.5537
827.715 415.649 18.4106 1.9627 32.5744
684.388 523.145 18.4312 2.26172 32.8676
1014.04 207.825 18.5924 1.40301 32.1192
451.481 594.808 19.1123 2.70666 33.3582
494.479 551.81 18.7048 2.4479 33.2864
404.9 157.66 27.1474 0.416312 34.6758
422.815 71.6636 23.802 0.16197 34.2081
265.155 136.161 24.0732 0.790563 35.3562
1148.05 184.892 18.664 1.24061 31.6986
356.885 550.377 21.5953 3.31652 33.9025
675.071 266.589 18.8411 1.64935 32.9148
726.669 537.477 18.3252 2.25727 32.8032
855.664 107.495 18.5289 1.22521 32.6067
786.867 107.495 18.9259 1.15127 32.6662
911.561 120.395 18.4841 1.24426 32.475
911.561 94.596 18.4862 1.1918 32.4828
937.36 554.677 18.3625 2.25769 32.2696
980.359 515.978 18.4555 2.1687 32.136
984.658 442.881 18.4692 2.00066 32.1619
963.159 468.68 18.4481 2.05727 32.201
1010.46 627.773 18.7763 2.53325 31.796
1010.46 417.082 18.5775 1.92487 32.0369
1010.46 253.689 18.0031 1.58267 32.4293
1014.76 245.09 18.0032 1.58128 32.4295
85.9964 288.088 24.7625 2.23573 36.867
653.572 399.883 18.8926 2.03534 32.9049
761.068 146.194 19.1095 1.23106 32.6579
1083.55 563.276 18.5042 2.2609 31.7869
735.269 623.474 18.2608 2.4314 32.7595
718.07 597.675 18.2654 2.38059 32.8018
928.761 627.773 18.4009 2.43015 32.25
963.159 584.775 18.5311 2.33866 32.1017
950.26 283.788 18.5219 1.61014 32.2823
988.958 227.89 18.4839 1.4775 32.2141
1074.95 455.781 18.5628 2.00377 31.8207
464.38 279.488 21.39 1.73516 33.5663
950.26 331.086 18.452 1.74024 32.2937
313.887 472.98 24.036 3.47305 34.6026
610.574 356.885 19.1479 1.94796 32.9923
623.474 305.287 19.1363 1.78503 32.9954
782.567 262.289 18.5021 1.63239 32.7205
722.369 262.289 18.6548 1.63974 32.8318
773.967 227.89 18.9978 1.49045 32.6324
580.475 240.79 21.4868 1.41811 32.992
765.368 339.686 18.4483 1.82331 32.7546
1083.55 408.483 18.5972 1.87972 31.7894
1087.85 619.174 18.5628 2.42331 31.7208
670.772 485.879 18.6576 2.22876 32.8734
692.271 580.475 18.3059 2.36034 32.8505
808.366 507.379 18.4036 2.19121 32.5938
1001.86 189.192 18.5399 1.35285 32.2023
1079.25 167.693 18.6414 1.23803 31.9361
1156.65 300.987 18.6532 1.54884 31.623
1117.95 356.885 18.5882 1.7219 31.7506
1126.55 240.79 18.6808 1.39415 31.7212
902.962 189.192 18.444 1.4177 32.4892
834.165 206.391 18.5649 1.46622 32.5921
657.872 356.885 18.8101 1.91383 32.9274
369.784 477.28 21.9355 2.95315 33.9613
597.675 481.58 19.2876 2.35795 32.9783
468.68 606.274 18.4079 2.49923 33.3225
464.38 318.187 20.0997 1.91189 33.4884
343.985 245.09 24.9657 1.50896 34.8216
583.055 371.504 19.5031 2.03038 33.0636
624.334 304.427 19.1323 1.77534 32.9928
670.772 485.02 18.5905 2.20005 32.8784
748.168 211.551 19.013 1.45532 32.6935
732.689 103.196 19.3373 1.05639 32.7231
825.565 345.705 18.4256 1.80492 32.6026
841.044 325.066 18.4772 1.75326 32.5581
779.127 299.267 18.487 1.71474 32.7117
980.359 521.138 18.5105 2.18206 32.1094
490.179 562.416 18.7291 2.4724 33.2802
495.339 505.659 18.3844 2.26766 33.3009
748.168 257.989 18.5909 1.62726 32.7826
773.967 227.03 18.6964 1.51309 32.6967
949.4 330.226 18.5128 1.72468 32.2674
975.199 294.108 18.5181 1.62431 32.2143
1006.16 345.705 18.4757 1.73492 32.141
1021.64 294.108 18.5742 1.59937 32.0635
1011.32 242.51 18.5499 1.46232 32.1481
1083.55 515.978 18.5936 2.14592 31.7668
577.896 242.51 21.4317 1.41866 33.0046
763.648 340.546 18.4483 1.82331 32.7546
763.648 319.906 18.479 1.7689 32.7515
717.21 314.747 18.4431 1.75515 32.8661
784.287 263.149 18.2942 1.64495 32.7616
846.204 237.35 18.4236 1.53447 32.5996
794.606 232.19 18.6034 1.57029 32.6691
985.518 227.03 18.5112 1.46732 32.2114
1114.51 356.025 18.6084 1.71966 31.7419
485.02 495.339 19.2542 2.42936 33.32
464.38 283.788 21.39 1.73516 33.5663
510.818 386.984 19.0007 2.06745 33.2913
1031.96 567.576 18.5792 2.33585 31.8902
980.359 474.7 18.5016 2.063 32.1346
990.678 366.345 18.4393 1.79793 32.1804
975.199 366.345 18.4664 1.81358 32.2052
1083.55 412.783 16.9278 1.84212 33.0071
1068.07 598.535 18.6273 2.39113 31.7641
768.807 474.7 18.4645 2.11915 32.6736
830.725 479.86 18.3698 2.11357 32.5468
856.524 417.942 18.304 1.96193 32.5306
743.009 541.777 18.3717 2.26539 32.7623
681.091 521.138 18.4289 2.26046 32.869
779.127 619.174 18.365 2.43757 32.6223
866.843 515.978 18.7931 2.24441 32.2721
933.921 170.273 18.5213 1.34354 32.3856
830.725 206.391 18.5393 1.46525 32.5994
908.122 335.386 18.4945 1.7516 32.3657
392.143 159.953 24.9195 0.720821 34.5047
505.659 242.51 21.9825 1.48273 33.3945
175.433 299.267 27.1219 2.30619 36.9347
1064.98 315.779 18.5369 1.63741 31.9506
1077.36 160.985 18.6044 1.24081 31.9558
365.313 272.436 23.3823 1.728 34.3822
328.162 235.286 24.0226 1.42983 34.7315
507.723 309.587 21.134 1.85283 33.3299
761.584 334.354 18.1005 1.81347 32.8526
749.2 303.395 18.4737 1.72246 32.7865
835.885 204.327 18.5408 1.46927 32.6042
804.926 173.369 18.5724 1.38116 32.6666
1015.45 260.053 18.5222 1.52433 32.1289
1009.25 241.478 18.585 1.46355 32.1056
1114.51 352.929 18.5503 1.7143 31.7572
1114.51 526.298 18.6078 2.17792 31.6337
1157.86 501.531 18.7711 2.14014 31.3824
1133.09 495.339 18.6918 2.0997 31.5728
526.298 476.764 18.6531 2.23325 33.213
606.79 359.121 19.3119 1.95893 33.0287
600.599 482.956 19.1481 2.34159 32.9775
588.215 266.245 22.2318 1.54856 32.9121
1034.02 482.956 18.6359 2.08447 31.8819
346.737 414.846 21.9724 2.68021 34.1563
464.38 284.82 21.6528 1.76646 33.5992
978.295 513.914 18.5084 2.17084 32.1097
755.392 291.012 18.3882 1.71347 32.8139
730.625 229.094 19.1328 1.54022 32.6819
1009.25 569.64 18.5271 2.31718 31.9889
959.719 538.681 18.5493 2.23244 32.1268
699.666 359.121 18.4505 1.88241 32.8856
829.693 414.846 18.2923 1.95981 32.6063
736.817 594.407 18.3783 2.39708 32.7442
687.283 582.023 18.2885 2.36352 32.8539
743.009 538.681 18.3292 2.26245 32.7664
643.941 501.531 18.7603 2.2892 32.9202
866.843 513.914 18.4364 2.19066 32.4566
934.953 167.177 18.7248 1.29208 32.2829
941.144 130.027 18.5509 1.24794 32.3714
916.377 309.587 18.4522 1.6808 32.373
749.2 210.519 19.0334 1.4456 32.6969
897.802 185.752 18.456 1.41278 32.4972
823.501 284.82 18.4221 1.67382 32.6313
383.888 402.463 22.203 2.62134 33.9388
433.422 538.681 19.3614 2.60929 33.4536
526.298 507.723 18.3391 2.26113 33.2397
408.655 173.369 26.8341 0.570155 34.5936
408.655 160.985 26.4706 0.508901 34.7095
551.065 191.944 20.2969 1.29429 33.1958
421.038 303.395 22.1931 1.87675 33.8259
507.723 241.478 21.4765 1.49544 33.3567
179.56 204.327 24.4296 1.42158 36.0244
148.602 117.643 26.1246 0.59144 37.0246
328.162 222.903 22.238 1.4872 34.5435
698.428 401.225 18.4619 1.96968 32.862
780.159 334.354 18.4541 1.79039 32.7154
980.771 520.106 18.5129 2.17537 32.0881
743.009 230.333 19.1321 1.5373 32.6799
743.009 208.042 18.9187 1.4539 32.7167
720.718 304.634 18.5718 1.76932 32.8489
973.341 312.064 18.4225 1.65063 32.2388
988.202 222.903 18.5494 1.42336 32.2143
988.202 208.042 18.489 1.42516 32.2246
943.621 319.494 18.4695 1.7094 32.2995
973.341 468.095 18.4978 2.04095 32.1429
995.632 408.655 18.5216 1.87243 32.0878
921.331 557.256 18.3656 2.26268 32.3081
1107.08 527.536 18.5813 2.19008 31.6522
832.17 475.526 18.4132 2.11656 32.5435
802.449 505.246 18.3398 2.16918 32.6124
1069.93 163.462 18.5939 1.23278 31.966
943.621 282.343 18.5246 1.62788 32.2849
891.61 185.752 18.4611 1.40367 32.5052
824.74 208.042 18.6046 1.45763 32.5934
661.278 356.644 18.6656 1.91984 32.9392
743.009 260.053 18.5155 1.63951 32.8195
839.6 341.784 18.4507 1.79788 32.5568
839.6 245.193 18.5278 1.55589 32.5669
824.74 289.773 18.4221 1.67382 32.6313
460.665 423.515 21.0285 2.44625 33.4762
579.547 416.085 18.8224 2.09644 33.1197
512.676 393.795 19.0002 2.06918 33.2815
490.386 557.256 18.6966 2.44597 33.2861
364.074 542.396 21.5428 3.24343 33.8806
460.665 334.354 22.187 2.15455 33.6385
475.526 267.483 21.1729 1.64282 33.511
416.085 297.203 22.0538 1.87016 33.8673
601.837 356.644 19.2531 1.95214 33.0212
245.193 141.172 27.5056 0.500453 36.481
364.074 163.462 26.2791 0.611757 34.9162
594.407 482.956 19.2814 2.33758 33.0019
722.204 347.728 18.3769 1.86182 32.8483
722.204 312.064 18.4858 1.76207 32.8744
784.617 499.302 18.2634 2.10333 32.7139
855.946 499.302 18.8791 2.21231 32.2885
838.114 472.554 18.29 2.10916 32.5487
829.198 294.231 18.4055 1.68885 32.6304
971.855 356.644 18.4168 1.78358 32.2181
508.218 312.064 21.324 1.8446 33.3395
526.05 285.315 20.9075 1.64571 33.246
838.114 249.651 18.5041 1.56572 32.5965
677.624 517.134 18.5654 2.27777 32.8685
980.771 445.805 18.4931 1.98659 32.1431
1096.68 543.882 18.5525 2.22654 31.7177
677.624 419.057 18.7445 2.04659 32.8697
641.96 374.476 18.9761 1.96542 32.929
998.604 213.987 18.5408 1.42593 32.2184
900.527 178.322 18.4464 1.42551 32.4987
962.939 258.567 18.5061 1.53533 32.2714
945.107 303.148 18.5196 1.6517 32.2912
722.204 169.406 19.317 1.28282 32.7489
802.449 231.819 18.7975 1.47239 32.6237
847.03 178.322 18.5424 1.40579 32.5859
766.785 196.154 18.9774 1.42813 32.6461
668.708 356.644 18.6536 1.89892 32.9117
748.953 258.567 18.4823 1.62681 32.8054
508.218 401.225 19.0066 2.09503 33.2967
579.547 419.057 18.8896 2.09524 33.1278
445.805 490.386 19.4771 2.52564 33.4074
597.379 481.47 19.1524 2.32525 32.9761
338.812 463.637 22.6014 3.02795 34.1945
365.56 481.47 22.5284 3.27639 34.0714
481.47 187.238 26.6171 0.59492 33.8757
419.057 303.148 22.3076 1.86876 33.982
552.798 347.728 20.1554 1.95541 33.138
187.238 231.819 24.0712 1.63662 35.9036
365.56 276.399 20.0931 1.8009 33.91
320.98 294.231 22.6559 1.87995 34.5528
