1347 27 -1.86031 -2.22886 12.4774
1250 31 -2.28441 -2.17283 12.1887
1139 85 -2.78533 -1.92392 12.0404
1218 62.4 -2.4174 -2.00688 12.0806
52.8 698.4 -7.19665 0.896426 10.0236
1051.2 97.2 -4.3539 -3.13436 16.4227
1017.6 141.6 -4.98146 -3.12884 17.6813
1549.2 183.6 -0.819854 -1.69665 13.8019
504 331.2 -10.0213 -1.45275 16.9723
950.4 100.8 -5.06012 -3.05134 15.9525
1594.08 136.8 -0.583488 -1.93718 13.8698
1824.48 180 0.628635 -1.71633 14.3169
1464.48 149.76 -1.27743 -1.83341 13.4892
1320.48 355.68 -2.02214 -0.761625 13.6507
1317.6 282.24 -2.01942 -1.1425 13.3873
852.48 420.48 -4.02345 -0.339211 11.4958
750.24 511.2 -4.63951 0.0964963 11.6861
1668.96 180 -0.144485 -1.77018 14.2967
460.8 224.64 -9.43533 -2.22352 15.6129
1638.72 367.2 -0.275047 -0.70089 14.317
236.16 324 -6.92988 -0.793657 10.8044
1324.8 57.6 -1.94706 -2.0562 12.3285
1326.24 468 -1.9646 -0.117791 13.429
1138.75 84.672 -2.79047 -1.93161 12.0791
100.224 475.2 -7.27744 -0.0821802 10.3362
1052.35 96.768 -4.33847 -3.13149 16.3916
1373.76 205.632 -1.72909 -1.52228 13.2535
1370.3 400.896 -1.71731 -0.45803 12.6967
1320.19 354.24 -2.00372 -0.748666 13.3783
1325.38 468.288 -1.9759 -0.128967 13.5152
1442.88 77.76 -1.41712 -2.03154 12.6749
311.04 506.304 -7.09656 0.0784494 11.4033
857.088 525.312 -3.82544 0.144429 11.102
1221.7 32.832 -2.39834 -2.15179 12.0793
561.6 255.744 -10.0185 -2.32302 17.9377
703.296 179.712 -6.59765 -2.26357 14.7601
366.336 698.112 -7.29178 1.22445 12.0199
307.584 41.472 -6.20683 -1.98241 10.5291
119.232 573.696 -7.25383 0.378646 10.4139
1168.13 388.8 -3.39262 -0.744387 16.6116
596.16 41.472 -4.96119 -1.97224 10.8736
69.12 316.224 -7.41748 -0.806805 10.3316
851.904 584.064 -4.30086 0.464101 12.1598
331.776 169.344 -7.55752 -1.83884 12.0798
292.032 158.976 -6.98325 -1.68419 11.2165
337.997 427.162 -7.47407 -0.3774 12.008
1325.03 468.634 -1.95949 -0.135601 13.3531
1463.96 149.299 -1.2769 -1.83497 13.4836
122.342 145.152 -9.09778 -2.11833 12.0669
76.7232 151.373 -10.3286 -2.31131 12.7305
561.946 255.053 -10.1035 -2.35613 18.0698
1370.65 400.205 -1.71842 -0.452946 12.659
1320.88 354.586 -2.0053 -0.756464 13.3866
1318.81 315.187 -2.0269 -0.98762 13.4925
1262.82 414.72 -2.47057 -0.478714 15.2059
296.525 721.613 -6.93785 1.1742 11.1339
1439.08 329.702 -1.3857 -0.8569 13.2649
313.114 601.344 -6.83323 0.540413 11.1501
1320.88 143.078 -2.07382 -2.0168 13.846
1410.05 58.0608 -1.55986 -2.06698 12.5481
223.949 416.794 -6.81076 -0.335385 10.6042
1202.69 311.04 -3.04445 -1.33438 16.183
1629.85 379.469 -0.28748 -0.635946 14.4511
335.923 398.131 -7.44274 -0.505878 11.9788
435.456 230.17 -9.53769 -2.16095 15.4379
313.114 155.52 -7.7106 -1.94098 12.1328
306.893 43.5456 -6.23099 -1.98241 10.5602
128.563 190.771 -8.70758 -1.74634 11.7519
298.598 244.685 -8.74668 -1.60564 13.0431
308.966 207.36 -7.74957 -1.64626 12.1176
1613.26 99.5328 -0.394011 -2.31368 14.634
1361.11 209.019 -1.8462 -1.74857 14.6538
898.284 534.989 -3.89941 0.196992 11.783
853.494 425.503 -4.06647 -0.34065 11.6197
79.6263 574.802 -7.35889 0.378262 10.2795
748.984 714.148 -4.823 1.17498 12.0101
1040.12 403.108 -3.2722 -0.435715 12.1008
313.528 156.764 -7.79378 -1.95147 12.2372
1438.25 413.061 -1.39626 -0.394735 12.6271
1184.44 423.014 -3.41387 -0.555782 17.5596
236.39 323.482 -7.0225 -0.817197 10.8856
174.182 569.825 -7.06569 0.356822 10.562
423.014 231.414 -8.75838 -1.91427 14.3134
64.6963 393.155 -7.36572 -0.451649 10.2484
348.365 251.32 -7.83749 -1.46217 12.5234
298.598 243.855 -8.58281 -1.57269 12.8645
194.089 241.367 -6.98952 -1.16997 10.6296
54.743 761.426 -7.17655 1.17515 9.99903
1669.66 179.159 -0.153166 -1.76144 14.2083
1667.17 72.1613 -0.0883055 -2.54974 14.9961
1147.12 286.157 -4.23016 -2.09051 20.1824
1326.27 59.7197 -1.94716 -2.04778 12.32
632.033 92.0679 -4.98629 -1.84177 11.2171
744.008 345.877 -4.49994 -0.697887 11.3334
418.038 82.1146 -5.77259 -1.84008 10.7323
323.482 418.038 -6.7745 -0.349083 11.1786
567.337 549.421 -11.6822 0.861648 20.4213
540.463 549.421 -10.5001 0.731455 18.1738
235.893 325.472 -6.87874 -0.79192 10.7301
582.267 77.6356 -5.14619 -1.87466 11.0661
456.856 223.949 -9.15509 -2.16175 15.1831
92.5655 358.318 -7.32177 -0.622935 10.3623
107.495 313.528 -7.28795 -0.826175 10.4229
337.416 176.173 -7.70264 -1.8761 12.2728
1266.06 552.407 -2.45776 0.465557 15.1536
1669.17 176.173 -0.164062 -1.76864 14.1983
1149.6 283.669 -4.46664 -2.28793 21.494
1361.61 209.019 -1.80949 -1.71224 14.3795
1248.14 65.6917 -2.28438 -2.01308 12.1937
630.043 92.5655 -5.0151 -1.85633 11.2642
749.482 176.173 -4.96638 -1.67736 12.3212
946.557 86.5936 -4.8582 -2.95709 15.3165
265.753 56.7337 -6.37127 -1.92233 10.465
935.21 408.483 -3.83519 -0.42235 12.1294
508.812 161.243 -6.21138 -1.75549 11.9516
469.397 447.898 -8.6993 -0.296332 14.7027
981.792 404.9 -3.46164 -0.415368 11.7649
1035.54 358.318 -3.32728 -0.678566 12.2215
455.064 222.157 -9.40012 -2.22007 15.4978
576.892 326.07 -12.7309 -2.15132 22.2496
1186.03 419.232 -3.34444 -0.570032 17.1466
1035.54 598.391 -3.52482 0.589435 13.0074
1547.93 179.159 -0.823752 -1.71517 13.7856
1533.6 132.578 -0.887747 -2.11671 14.2064
1802.34 168.41 0.512068 -1.74739 14.2671
1666.18 71.6636 0.0323283 -2.7685 15.8217
1372.36 85.9964 -1.73173 -2.10361 13.0779
1250.53 68.0805 -2.28137 -2.00235 12.1546
304.57 601.974 -6.96076 0.579804 11.2178
770.384 179.159 -4.86081 -1.66923 12.3289
75.2468 146.91 -9.97186 -2.25728 12.4193
315.32 82.4132 -6.15452 -1.78344 10.521
308.154 501.645 -7.18631 0.0739236 11.4962
1315.74 279.488 -2.0348 -1.17043 13.3906
1363.04 206.391 -1.82481 -1.75259 14.5552
146.194 227.89 -7.4914 -1.30303 10.7968
146.194 417.082 -7.15368 -0.3424 10.5284
1092.15 490.179 -3.21355 0.00405799 12.8942
1259.85 412.783 -2.50767 -0.514974 15.0226
1186.75 417.082 -3.20023 -0.561291 16.3735
331.086 395.583 -7.14395 -0.496006 11.6118
412.783 335.386 -8.89927 -1.14703 14.3572
1530.74 133.294 -0.897778 -2.06369 13.9982
150.494 756.768 -6.81066 1.15247 10.2118
627.773 90.2962 -5.03453 -1.87152 11.2699
558.976 429.982 -13.3622 -0.7218 22.6428
761.068 309.587 -4.56282 -0.884403 11.664
210.691 184.892 -2.0338 -0.242569 6.13708
210.691 318.187 -6.84911 -0.814727 10.5792
305.287 503.079 -7.21759 0.0789981 11.538
1181.59 417.942 -3.33821 -0.629842 17.1135
330.226 397.303 -7.20256 -0.499953 11.6683
459.221 412.783 -8.93624 -0.566015 14.9412
412.783 335.386 -8.83664 -1.10838 14.3057
505.659 201.231 -7.77544 -2.04345 14.0498
1429.26 624.334 -1.47768 0.645376 12.7579
1026.8 701.73 -3.53313 1.17277 12.8647
1527.3 134.154 -0.906297 -2.12513 14.2958
1805.92 170.273 0.521079 -1.77797 14.2695
1666.61 175.433 -0.169472 -1.76771 14.1405
1444.74 536.617 -1.32408 0.194623 12.5904
1150.63 278.628 -4.1781 -2.16816 20.0888
103.196 541.777 -7.30411 0.165284 10.3826
851.364 294.108 -4.14001 -0.945272 11.771
773.967 180.592 -4.76836 -1.64054 12.1785
469.54 448.901 -8.9502 -0.304727 15.0816
328.162 396.271 -7.29795 -0.531942 11.753
297.203 718.242 -6.90193 1.16005 11.095
1523.17 136.218 -0.933039 -2.11127 14.2679
284.82 513.914 -7.09671 0.120876 11.3144
142.41 414.846 -7.10363 -0.362566 10.4149
1244.54 297.203 -2.5103 -1.28319 14.4449
1665.58 173.369 -0.155229 -1.82425 14.3605
984.486 179.56 -3.19916 -1.2561 10.8967
612.982 191.944 -6.96409 -1.98862 14.0271
854.46 427.23 -4.11231 -0.335622 11.7828
1362.18 408.655 -1.76725 -0.420127 12.8313
575.832 328.162 -12.6454 -2.1113 22.0354
416.085 341.784 -8.35054 -1.05302 13.6603
297.203 713.288 -6.74133 1.07586 10.8989
1434.01 594.407 -1.33665 0.502913 12.7872
1694.06 252.623 -0.0285214 -1.44791 14.2773
1656.91 163.462 -0.199886 -1.84699 14.2916
1523.17 141.172 -0.953151 -2.0545 14.0507
690.998 163.462 -4.86735 -1.56021 11.6532
616.697 193.182 -6.66384 -1.94388 13.592
1240.82 297.203 -2.52045 -1.24683 14.3314
1359.71 208.042 -1.8674 -1.82178 14.9336
854.46 430.945 -4.07037 -0.33754 11.691
1017.92 705.858 -3.47042 1.16718 12.7385
423.515 237.763 -8.21364 -1.77356 13.6227
1367.14 475.526 -1.77716 -0.139052 12.8547
319.494 170.892 -7.37104 -1.79213 11.7159
185.752 208.042 -7.38167 -1.48898 10.9701
468.095 445.805 -9.05652 -0.235222 15.0879
200.612 780.159 -6.72045 1.2362 10.3207
