78 560 7.9266 0.557691 2.45882
152 207 7.84932 -0.0401946 2.63063
579 230 7.71531 -0.453387 4.92101
1098 537 9.66751 0.655826 4.47772
241 111 7.96525 -0.227828 2.70098
1193 292 9.71357 0.00770274 3.59285
413 158 7.8158 -0.368387 3.50213
1100 371 9.72223 0.120746 4.80608
528 322 7.74503 -0.00202116 4.39732
449 133 7.85102 -0.464427 3.6145
464 111 7.76707 -0.61386 3.83073
436 205 7.74939 -0.293247 3.73567
1202 211 9.71999 -0.161001 3.54618
177 320 7.64711 0.136456 2.89219
405 107 7.87998 -0.452482 3.34841
134 424 7.76038 0.351868 2.69421
1185 645 9.75198 0.812605 3.81691
324 169.2 7.959 -0.187687 2.94828
367.2 484.8 7.73808 0.523978 3.46034
547.2 271.2 7.81018 -0.19319 4.40313
1099.2 536.4 9.66925 0.657001 4.47845
54 426 7.92875 0.346298 2.40525
236.4 132 7.9626 -0.188004 2.69303
232.8 123.6 7.95964 -0.205076 2.68964
427.2 256.8 7.77274 -0.12236 3.64833
402 148.8 7.80389 -0.377869 3.44752
409.2 561.6 7.62501 0.799887 3.85876
1022.4 261.6 9.52942 -0.375024 5.55781
1207.2 423.6 9.73227 0.292221 3.56352
1200 406.8 9.72235 0.255489 3.56765
278.4 150 7.94058 -0.19341 2.83114
406.8 108 7.89604 -0.45101 3.3321
440.4 522 7.60903 0.700801 4.05652
235.2 180 7.92827 -0.114737 2.73869
234 438 7.70619 0.392588 3.01304
260.4 534 7.85356 0.581049 2.94222
1197.6 374.4 9.72123 0.18334 3.57186
1204.8 314.4 9.73022 0.0642158 3.57173
133.2 562.8 7.90889 0.581148 2.57684
108 550.8 7.9257 0.551714 2.51049
1203.6 355.2 9.72582 0.147001 3.566
1186.8 319.2 9.70679 0.0617413 3.59643
372 592.8 7.70644 0.832498 3.54795
188.4 616.8 7.85416 0.718803 2.75907
436.8 88.8 7.80929 -0.598918 3.60173
410.4 100.8 7.91386 -0.465212 3.32209
1203.6 255.6 9.72495 -0.062179 3.53685
28.8 33.6 8.04335 -0.179912 2.24529
284.4 133.2 7.9296 -0.237837 2.85588
453.6 154.8 7.88 -0.400271 3.59358
541.2 178.8 7.80081 -0.527567 4.3578
1203.6 210 9.72039 -0.160587 3.54636
28.8 247.2 8.14217 0.121337 2.18685
39.6 195.6 8.14776 0.054423 2.1923
31.2 352.8 7.94258 0.239088 2.35164
120 319.2 7.59595 0.145465 2.79391
126 277.2 7.59964 0.0611139 2.80063
241.2 57.6 7.87183 -0.37176 2.79952
357.6 54 7.95178 -0.479336 3.05723
225.6 692.4 7.76658 0.927384 2.95966
268.8 672 7.7542 0.919511 3.09841
114 595.2 7.67761 0.689559 2.75209
313.2 418.8 7.80277 0.342414 3.14684
241.2 529.2 7.85143 0.561104 2.88414
331.2 612 7.76699 0.830158 3.30354
370.8 532.8 7.63291 0.692178 3.63657
462 420 7.68115 0.365065 4.04291
411.6 441.6 7.53079 0.436468 3.99812
1166.4 324 9.81849 0.0129822 4.31426
1192.8 541.2 9.79172 0.583752 3.93045
1185.6 645.6 9.7531 0.811929 3.81274
1060.8 588 9.60965 0.884094 4.82225
1202.4 487.2 9.73739 0.426135 3.60572
1003.2 397.2 9.47184 0.214631 5.5703
527.04 262.08 7.78062 -0.203751 4.29516
1203.84 355.68 9.72615 0.147931 3.56618
1185.12 318.24 9.70645 0.0614899 3.60352
400.32 48.96 7.76693 -0.667319 3.48636
384.48 28.8 7.87509 -0.624828 3.26215
466.56 217.44 7.75119 -0.291415 3.89825
449.28 208.8 7.78434 -0.273524 3.73717
351.36 555.84 7.58531 0.749142 3.62904
1154.88 394.56 9.701 0.226851 3.88234
1156.32 370.08 9.81434 0.135688 4.45518
217.44 174.24 7.92169 -0.115624 2.69899
1189.44 313.92 9.70807 0.0604438 3.60434
1193.76 292.32 9.71315 0.00926647 3.59438
502.56 47.52 7.82405 -0.868626 3.98766
1208.16 388.8 9.74269 0.215726 3.59814
1196.64 401.76 9.71811 0.246698 3.58993
1203.84 370.08 9.72783 0.176298 3.55283
452.16 133.92 7.88762 -0.456416 3.57282
476.64 119.52 7.77297 -0.609875 3.90659
411.84 69.12 7.75284 -0.645426 3.56242
1202.4 228.96 9.72047 -0.123541 3.55082
1196.64 227.52 9.71237 -0.125265 3.55005
1203.84 210.24 9.72102 -0.162116 3.54142
413.28 187.2 7.81455 -0.277644 3.4983
414.72 158.4 7.81646 -0.369487 3.50205
498.24 172.8 7.81185 -0.462997 4.01012
511.2 194.4 7.78778 -0.417039 4.1319
466.56 174.24 7.7568 -0.419728 3.8762
538.56 155.52 7.67819 -0.667119 4.57017
423.36 210.24 7.79169 -0.241874 3.58823
560.16 217.44 7.84876 -0.398074 4.41737
296.64 324 7.84225 0.13899 3.02755
31.68 352.8 7.93344 0.236898 2.35848
129.6 105.12 8.16316 -0.0879812 2.29284
70.56 169.92 8.10847 0.00487539 2.2618
57.6 128.16 8.15585 -0.0320342 2.20668
469.44 239.04 7.85796 -0.183594 3.73306
460.8 315.36 7.80422 0.0376993 3.78691
545.76 148.32 7.60803 -0.771671 4.77577
357.12 76.32 7.93726 -0.437641 3.07404
407.52 108 7.8813 -0.452031 3.35617
361.44 138.24 7.84027 -0.33725 3.23752
319.68 540 7.77828 0.639154 3.2251
76.32 577.44 7.91913 0.585352 2.47043
76.32 563.04 7.93583 0.556934 2.44623
241.92 443.52 7.72073 0.40763 3.01966
256.32 384.48 7.87471 0.274662 2.87605
60.48 423.36 7.93445 0.344923 2.40708
365.76 576 7.63115 0.816701 3.62949
408.96 561.6 7.68506 0.783851 3.7533
424.8 623.52 7.52097 1.06506 4.13722
519.84 489.6 7.36035 0.697396 5.15472
355.68 393.12 7.81541 0.281832 3.28511
394.56 478.08 7.53453 0.54701 3.90056
439.2 521.28 7.57994 0.703581 4.09342
789.12 145.44 8.1099 -1.69363 8.013
1189.44 541.44 9.79172 0.583752 3.93045
1213.92 662.4 9.77516 0.803216 3.66397
1185.12 645.12 9.75367 0.813583 3.8176
1059.84 587.52 9.60862 0.881294 4.81983
1074.24 623.52 9.65174 0.99316 4.80029
1200.96 486.72 9.73763 0.423614 3.60674
1193.76 478.08 9.72867 0.417098 3.64637
407.808 108.864 7.89504 -0.450236 3.34354
378.432 108.864 7.86468 -0.422033 3.26891
433.728 100.224 7.81328 -0.561555 3.58841
411.264 76.032 7.76426 -0.618877 3.55161
445.824 134.784 7.85145 -0.454909 3.5951
421.632 119.232 7.88986 -0.445593 3.40934
435.456 171.072 7.80057 -0.367873 3.62815
416.448 153.792 7.79996 -0.385461 3.53506
960.768 395.712 9.25119 0.241324 3.76647
1207.87 388.8 9.74385 0.217539 3.60886
478.656 157.248 7.78669 -0.484261 3.90795
449.28 209.088 7.82207 -0.267203 3.6772
527.04 262.656 7.83032 -0.19104 4.18218
357.696 530.496 7.60846 0.671281 3.61969
585.792 338.688 7.36395 -0.0623351 5.90322
936.576 497.664 9.20718 0.728779 6.24187
279.936 150.336 7.93246 -0.197757 2.85224
516.672 153.792 7.70051 -0.622546 4.34224
435.456 203.904 7.74706 -0.292944 3.73373
451.008 148.608 8.85683 0.108402 1.95633
476.928 119.232 7.76768 -0.612061 3.91785
1161.22 164.16 9.79343 -0.447491 4.27292
558.144 155.52 7.67526 -0.737636 4.76139
271.296 195.264 7.90051 -0.113679 2.86484
259.2 324.864 7.8382 0.146235 2.92609
286.848 158.976 7.92759 -0.188431 2.86772
302.4 136.512 7.67628 -0.354821 3.22955
542.592 295.488 7.74483 -0.106406 4.49516
387.072 241.92 7.64937 -0.161737 3.63565
376.704 336.96 7.75999 0.135544 3.43925
404.352 285.12 7.69377 -0.036777 3.67144
485.568 335.232 7.61855 0.0424633 4.30968
577.152 95.04 7.57083 -1.15003 5.20055
369.792 82.944 7.9872 -0.407151 3.04392
359.424 53.568 7.93735 -0.485507 3.08265
319.68 540.864 7.78895 0.633307 3.21365
247.104 680.832 7.79026 0.906839 2.99608
255.744 385.344 7.87424 0.27571 2.87592
312.768 366.336 7.71682 0.215467 3.25413
281.664 387.072 7.8541 0.275151 2.9826
63.936 489.024 7.93933 0.440691 2.4191
67.392 475.2 7.92848 0.42118 2.42963
407.808 527.04 7.68114 0.675781 3.75832
378.432 675.648 7.68304 1.08006 3.6191
352.512 383.616 7.77151 0.262534 3.34116
463.104 502.848 7.68108 0.644049 4.07979
1204.42 355.968 9.72614 0.147315 3.56614
1014.34 304.128 9.38679 -0.00885767 3.98153
858.816 646.272 8.8732 1.35563 5.57138
1152.58 649.728 9.72529 0.889425 4.04156
1124.93 609.984 9.70003 0.831042 4.26153
978.048 537.408 9.37463 0.855067 5.68648
1043.71 549.504 9.53373 0.724987 4.61269
983.232 648 9.37491 1.18945 5.10873
1074.82 623.808 9.65103 0.994881 4.80038
1197.5 402.624 9.71756 0.24779 3.58549
1200.96 487.296 9.73495 0.426261 3.60667
1195.78 478.656 9.72858 0.415908 3.63582
1005.7 395.712 9.4544 0.214367 5.21741
129.6 357.696 7.63307 0.218295 2.7922
1208.91 279.936 9.74006 -0.0166861 3.59062
479.002 155.52 7.78119 -0.490874 3.92264
462.413 147.226 7.82516 -0.469942 3.74353
458.266 134.784 7.76983 -0.525354 3.80687
476.928 95.3856 7.73108 -0.701538 3.96786
489.37 400.205 7.70662 0.30817 4.19304
622.08 192.845 7.176 -1.09187 6.89985
628.301 170.035 7.50739 -1.03305 6.07726
1152.92 188.698 9.66204 -0.243812 3.68594
418.867 215.654 7.90378 -0.180441 3.3896
524.621 261.274 7.77259 -0.208956 4.27518
638.669 240.538 7.50331 -0.676786 6.39667
528.768 230.17 7.98188 -0.242819 3.88818
238.464 240.538 7.93412 0.00588113 2.75061
196.992 226.022 7.99784 0.00931915 2.5899
294.451 213.581 7.92273 -0.0861185 2.91162
311.04 335.923 7.77579 0.146437 3.17157
275.789 329.702 7.83693 0.147742 2.96724
219.802 167.962 7.92627 -0.134313 2.70553
68.4288 170.035 8.1258 0.00746951 2.24384
479.002 236.39 7.69279 -0.266883 4.08146
381.542 337.997 7.72362 0.125087 3.52983
404.352 284.083 7.71675 -0.0335318 3.61494
458.266 313.114 7.83657 0.0407378 3.72399
508.032 192.845 7.7749 -0.423346 4.15352
367.027 80.8704 7.92999 -0.432328 3.1116
362.88 55.9872 7.94757 -0.479894 3.07273
418.867 114.048 7.88637 -0.456675 3.40526
315.187 574.387 7.77442 0.709481 3.21514
325.555 636.595 7.74663 0.893063 3.30725
286.157 642.816 7.70782 0.890205 3.21916
99.5328 553.651 7.91186 0.552271 2.50756
153.446 564.019 7.75559 0.626139 2.77243
120.269 673.92 7.80091 0.806251 2.66791
257.126 383.616 7.92124 0.266657 2.83562
252.979 449.971 7.71928 0.419475 3.05511
321.408 454.118 7.81535 0.437782 3.16743
170.035 369.101 7.93415 0.254227 2.60851
64.2816 487.296 7.93334 0.443866 2.42441
64.2816 474.854 7.93406 0.420412 2.4271
122.342 489.37 7.76727 0.468873 2.67616
491.443 588.902 7.30857 1.11205 4.99358
373.248 593.05 7.71169 0.833918 3.55065
410.573 545.357 7.71206 0.736057 3.72045
371.174 665.626 7.62735 1.06439 3.67992
429.235 675.994 7.41317 1.30228 4.34862
470.707 642.816 8.0048 0.948746 3.56798
551.578 362.88 7.85438 0.154672 4.3634
360.806 391.91 7.85087 0.284145 3.25989
408.499 495.59 7.61892 0.589992 3.84145
908.237 93.312 9.04615 -1.33048 6.01478
719.539 163.814 7.76304 -1.36722 7.28351
1194.39 292.378 9.71812 0.0084784 3.58846
806.63 653.184 8.69044 1.3215 5.2001
858.471 644.89 8.81696 1.49841 6.16503
738.202 624.154 8.40442 1.21571 5.18738
937.267 495.59 9.20673 0.765423 6.61863
1188.17 541.21 9.7906 0.583197 3.93
1123.89 609.638 9.70164 0.830546 4.2506
989.107 595.123 9.4145 1.08419 5.63511
1072.05 622.08 9.65013 0.993989 4.80026
1196.47 402.278 9.71759 0.247377 3.58521
1198.54 485.222 9.73192 0.430923 3.64461
1192.32 476.928 9.72496 0.407574 3.63372
257.126 298.598 7.90264 0.104618 2.84469
271.227 129.393 7.91827 -0.236742 2.82832
497.664 393.155 7.64695 0.268474 4.35302
614.615 241.367 7.35886 -0.693129 6.28794
938.097 515.082 9.20915 0.802857 6.04271
1164.53 184.136 9.78209 -0.368682 4.14646
442.921 209.019 7.75944 -0.281861 3.74093
525.036 261.274 7.77855 -0.210968 4.2622
547.43 174.182 7.44962 -0.744935 5.15267
57.2314 604.662 7.85386 0.635527 2.48706
164.229 199.066 7.84592 -0.0615399 2.66192
261.274 320.993 7.88912 0.146729 2.87671
258.785 298.598 7.90355 0.101063 2.84956
719.125 164.229 7.74901 -1.37507 7.30262
796.263 49.7664 8.5771 -1.2622 5.2269
256.297 383.201 7.87455 0.276905 2.87744
216.484 363.295 7.81344 0.228046 2.83838
313.528 512.594 7.82073 0.560365 3.14423
276.204 385.69 7.87911 0.269912 2.93907
62.208 423.014 7.93471 0.344068 2.40713
54.743 298.598 7.69578 0.136886 2.57646
179.159 624.568 7.86134 0.722485 2.72889
398.131 350.853 7.68071 0.152122 3.68532
403.108 283.669 7.77969 -0.023773 3.53008
1067.49 161.741 9.55481 -0.486028 4.31441
1124.72 609.638 9.70154 0.833897 4.24994
980.398 644.475 9.37854 1.23749 5.33237
196.577 226.437 7.95773 0.00223706 2.63341
360.806 390.666 7.77504 0.280496 3.3563
1186.93 646.963 9.7525 0.81365 3.81716
1194.39 475.269 9.72329 0.408413 3.6409
241.367 102.021 7.92012 -0.263694 2.75469
241.367 57.2314 7.87489 -0.373625 2.79925
218.972 646.963 7.81499 0.809561 2.87845
206.531 614.615 7.84623 0.712769 2.81784
119.439 490.199 7.97185 0.450863 2.49047
296.11 213.996 7.92472 -0.0848212 2.91192
311.04 333.435 7.79933 0.146222 3.13311
291.133 325.97 7.9057 0.145681 2.93666
243.855 544.942 7.71095 0.631273 3.0576
335.923 619.592 7.62701 0.901119 3.51661
447.898 452.874 7.65382 0.470478 4.02352
403.108 651.94 7.61379 1.09561 3.872
343.388 669.358 7.7124 1.01553 3.43455
539.966 92.0679 7.89222 -0.77936 4.12999
154.276 562.36 7.7568 0.625542 2.77394
131.881 559.872 7.9072 0.579184 2.57555
375.736 460.339 7.73195 0.459743 3.51187
629.545 169.206 7.50557 -1.04138 6.1428
629.545 149.299 7.43416 -1.228 6.38763
592.22 151.788 7.45297 -0.992945 5.64858
1186.93 539.966 9.79054 0.583874 3.92974
1072.47 619.592 9.64482 0.98527 4.80017
370.76 189.112 7.90878 -0.195577 3.16765
350.853 149.299 7.81349 -0.302225 3.22361
1199.37 403.108 9.71907 0.248817 3.58612
477.758 97.0445 7.89298 -0.600612 3.68172
418.038 114.463 7.87184 -0.449852 3.43022
599.685 455.363 6.82465 0.677097 7.5202
335.923 597.197 7.74755 0.799169 3.33458
328.458 520.059 7.80827 0.583822 3.22075
353.341 530.012 7.76376 0.636282 3.38489
318.505 161.741 7.9342 -0.209163 2.95494
333.435 151.788 7.70502 -0.336007 3.30635
987.863 594.709 9.40252 1.02828 5.33686
462.828 146.811 7.83935 -0.459897 3.71693
445.409 134.369 7.85618 -0.455375 3.58696
1010.26 467.804 9.47451 0.508548 5.34831
634.522 211.507 7.50398 -0.832196 6.25994
960.492 296.11 9.30627 -0.35544 6.76688
965.468 231.414 9.29942 -0.52711 5.60019
599.685 358.318 7.36503 0.042869 6.12285
507.617 191.601 8.08754 -0.275104 3.53035
788.798 54.743 8.56051 -1.29656 5.31816
716.636 164.229 7.70049 -1.4265 7.46904
161.243 197.075 7.84673 -0.0631992 2.65598
232.907 110.481 7.95694 -0.21949 2.69318
241.865 56.7337 7.87487 -0.370592 2.80074
286.655 125.411 7.96578 -0.243348 2.82402
253.809 250.823 7.95087 0.0222582 2.78086
391.164 343.388 7.733 0.146663 3.56726
403.108 283.669 7.95009 0.0164032 3.26998
179.159 579.281 7.88005 0.632923 2.71054
128.397 426.996 7.76141 0.35229 2.69248
1146.62 650.945 9.72108 0.888561 4.05893
1086.9 641.987 9.66713 1.03463 4.79583
1125.72 612.127 9.7041 0.828186 4.2506
1086.9 612.127 9.68231 0.955739 4.81043
331.444 256.795 7.64905 -0.0839427 3.39682
295.612 212.005 7.92386 -0.0886855 2.91272
782.328 441.926 8.92242 0.343243 3.03663
220.963 647.959 7.81171 0.810413 2.88502
250.823 618.099 7.66855 0.8172 3.14949
471.786 641.987 7.49707 1.2381 4.529
1152.59 546.435 9.77023 0.6477 4.25844
155.271 639.001 7.85222 0.73612 2.68649
179.159 624.071 7.86136 0.720852 2.72877
307.556 334.43 7.79932 0.145001 3.13304
271.725 310.542 7.87016 0.114275 2.91139
540.463 92.5655 7.70084 -0.898504 4.50167
528.519 59.7197 7.74741 -0.96574 4.31406
298.598 633.029 7.79308 0.847975 3.13412
337.416 618.099 7.69613 0.87061 3.41644
119.439 591.225 7.94382 0.621574 2.53004
98.5375 552.407 7.91447 0.553441 2.50031
474.772 468.8 7.90297 0.495399 3.72922
1071.97 618.099 9.63709 0.980339 4.7991
1149.6 343.388 9.8067 0.0490891 4.45184
1092.87 292.626 9.66944 -0.119614 4.5551
1185.44 564.351 9.77433 0.634992 3.93305
1188.42 540.463 9.78659 0.582338 3.92842
456.856 310.542 7.81955 0.0350611 3.74299
241.865 131.383 7.96216 -0.196254 2.71385
223.949 149.299 7.91045 -0.167706 2.72517
570.323 173.187 7.72715 -0.654067 4.77487
630.043 149.299 7.40119 -1.25174 6.48781
1048.08 558.379 9.38504 0.522674 3.09777
403.108 194.089 7.79581 -0.264849 3.49266
367.276 188.117 7.99202 -0.177188 3.06141
412.066 149.299 7.81302 -0.390187 3.49854
352.346 164.229 7.91009 -0.243706 3.11713
477.758 95.5515 7.81528 -0.652577 3.81949
418.038 113.467 7.88501 -0.453196 3.39154
447.898 68.6776 7.81104 -0.684012 3.65976
409.08 582.267 8.07578 0.700091 3.13305
373.248 570.323 7.6408 0.802812 3.65417
406.094 107.495 7.89728 -0.447574 3.33342
546.435 361.304 7.78009 0.153877 4.49094
328.458 194.089 7.87559 -0.161543 3.07751
961.487 525.533 9.30199 0.792818 5.56989
1161.55 343.388 9.81445 0.0612858 4.38581
1197.38 292.626 9.71693 0.0112517 3.57503
1188.42 313.528 9.70743 0.0563036 3.62048
662.889 209.019 7.27194 -1.12709 7.58039
994.333 214.991 9.44433 -0.617786 5.7543
994.333 459.842 9.42607 0.50205 5.70016
432.968 247.837 7.85243 -0.132581 3.55587
421.024 209.019 7.89185 -0.20154 3.43155
961.487 295.612 9.30491 -0.354214 6.71557
546.435 271.725 7.66659 -0.224629 4.67188
570.323 280.683 7.30207 -0.360452 5.79456
468.8 173.187 7.79143 -0.413999 3.83965
435.954 188.117 7.79887 -0.317435 3.63159
462.828 146.313 7.81745 -0.4663 3.75001
1161.55 164.229 9.79089 -0.449465 4.27184
516.575 137.355 7.64606 -0.70974 4.42453
62.7057 424.01 7.96434 0.345496 2.39811
256.795 382.206 7.87455 0.276905 2.87744
113.467 98.5375 8.19588 -0.0824857 2.24895
257.989 157.66 7.88342 -0.186833 2.84991
329.653 326.07 7.71188 0.107018 3.33399
304.57 333.236 7.81942 0.150546 3.10105
311.737 311.737 7.89133 0.104966 3.02232
283.071 322.486 7.90054 0.141948 2.92621
487.313 336.819 7.46929 0.0542417 4.55024
1082.12 634.223 9.6719 1.02058 4.79822
1186.03 566.143 9.774 0.635293 3.91526
240.073 243.656 7.92387 -0.0042597 2.76966
408.483 634.223 7.62957 1.03163 3.86782
483.73 591.225 7.58518 1.01781 4.43007
440.731 587.642 7.6693 0.906909 3.99142
476.563 469.397 7.46915 0.571253 4.53191
1046.29 551.81 9.38405 0.522708 3.0974
189.909 627.057 7.82727 0.743773 2.79704
197.075 605.558 7.84144 0.701175 2.79422
329.653 257.989 7.64547 -0.076435 3.39318
361.901 483.73 7.72703 0.523146 3.44972
376.234 437.148 7.61586 0.407346 3.6776
1146.62 343.985 9.80786 0.0506588 4.45103
494.479 297.404 7.57946 -0.104228 4.43145
1067.79 619.89 9.63554 0.978808 4.79897
1146.62 369.068 9.80228 0.132045 4.46298
286.655 562.56 7.58308 0.713422 3.33333
279.488 541.06 7.86943 0.597533 2.97947
311.737 637.806 7.73575 0.890244 3.25822
336.819 616.307 7.76356 0.843081 3.33534
379.817 114.662 7.90092 -0.401406 3.22435
458.647 544.644 7.39482 0.877489 4.58002
408.483 580.475 7.67828 0.847297 3.78043
372.651 573.309 7.64077 0.801006 3.65407
351.152 515.978 7.78316 0.59085 3.34834
404.9 197.075 8.86125 0.158259 1.89162
354.735 164.826 7.83145 -0.268259 3.24515
515.978 394.15 8.04488 0.27679 3.70485
573.309 204.241 7.74358 -0.535884 4.80348
444.315 132.578 7.85618 -0.455375 3.58696
1010.46 333.236 9.48446 -0.0416849 5.44002
541.06 555.393 7.45212 1.00434 5.1939
308.154 179.159 7.8834 -0.184023 2.99818
318.903 143.327 7.69922 -0.34951 3.26671
465.814 171.993 7.79147 -0.410147 3.83988
1157.37 186.325 9.78304 -0.391981 4.2827
1160.95 161.243 9.79637 -0.455605 4.2744
637.806 243.656 7.52047 -0.635193 6.31653
472.98 232.907 7.66803 -0.270108 4.10523
422.815 211.408 7.91047 -0.196246 3.4019
938.794 494.479 9.20912 0.710624 6.08858
996.125 412.066 9.48021 0.279923 6.34628
598.391 358.318 7.89289 0.113799 4.79569
1103.62 537.477 9.68422 0.659924 4.45832
716.636 161.243 7.67882 -1.44727 7.55288
171.993 369.068 7.97757 0.261668 2.56544
275.905 386.984 7.89528 0.280452 2.91598
257.989 383.4 7.91149 0.266015 2.84765
236.49 637.806 7.78366 0.804959 2.95171
286.655 125.411 7.97444 -0.23945 2.81591
200.658 232.907 7.99528 0.0137812 2.60435
257.989 297.404 7.81872 0.0894378 2.94701
1135.15 365.485 9.76037 0.131077 4.45983
412.783 111.795 7.88186 -0.453633 3.3563
382.684 116.095 7.90092 -0.401406 3.22435
382.684 81.6965 7.91223 -0.459787 3.19823
460.081 541.777 7.63679 0.790297 4.13553
924.461 558.976 9.14567 1.04786 6.24448
920.161 541.777 9.10236 1.04876 6.74815
1062.06 584.775 9.61965 0.873869 4.82389
253.689 189.192 7.91307 -0.0892515 2.7934
214.991 180.592 7.93938 -0.099827 2.67952
257.989 159.093 7.89892 -0.180791 2.8248
262.289 279.488 7.86895 0.048337 2.87464
245.09 245.09 7.86203 -0.00617623 2.84506
262.289 550.377 7.8574 0.61818 2.96158
249.389 524.578 7.83783 0.562528 2.91573
309.587 563.276 7.7765 0.69571 3.21911
339.686 524.578 7.76304 0.615848 3.32912
309.587 528.878 7.63845 0.633308 3.37982
477.28 464.38 7.47689 0.556543 4.50032
442.881 464.38 7.63433 0.502188 4.02131
670.772 266.589 7.47073 -0.634762 7.11144
339.686 614.874 7.69708 0.861268 3.41454
292.388 606.274 7.74916 0.808042 3.20232
468.68 85.9964 7.78178 -0.687476 3.82042
537.477 210.691 8.06532 -0.269459 3.76995
537.477 163.393 7.78197 -0.589727 4.34312
627.773 283.788 7.56598 -0.398635 6.04859
326.786 193.492 8.02701 -0.116317 2.87353
326.786 146.194 7.66904 -0.354168 3.33395
305.287 146.194 7.92922 -0.227811 2.94759
950.26 412.783 9.26218 0.286762 6.15193
524.578 558.976 7.25025 1.07531 5.47131
636.373 331.086 7.10404 -0.23327 7.49289
472.98 232.19 7.72551 -0.261652 3.97125
434.282 249.389 7.78324 -0.14819 3.65671
520.278 257.989 7.72291 -0.236638 4.38762
1126.55 610.574 9.69802 0.831992 4.24956
662.172 210.691 7.2751 -1.13396 7.61762
515.978 485.879 7.5951 0.632767 4.62511
378.384 593.375 7.70786 0.85512 3.57837
171.993 374.084 7.95543 0.26313 2.5984
343.985 451.481 7.7544 0.436123 3.32922
348.285 374.084 7.71094 0.227978 3.37763
262.289 382.684 7.91149 0.266015 2.84765
253.689 614.874 7.68482 0.813236 3.13589
515.978 137.594 7.7127 -0.682192 4.30114
455.781 309.587 7.75521 0.0207157 3.84755
425.682 214.991 7.75295 -0.253078 3.65978
245.09 103.196 7.88895 -0.280672 2.79654
202.091 232.19 7.97624 0.0119294 2.62554
313.887 309.587 7.87648 0.109035 3.03168
257.989 300.987 7.81159 0.0898156 2.94168
252.829 531.458 7.84548 0.569189 2.92951
325.066 196.072 8.02507 -0.0941154 2.88427
247.67 103.196 7.88365 -0.287032 2.81078
407.623 196.072 7.79504 -0.264823 3.49237
1088.71 294.108 9.66695 -0.123136 4.54432
381.824 118.675 7.84325 -0.428991 3.31256
412.783 108.355 7.8953 -0.452398 3.37056
454.061 98.0359 7.79591 -0.612488 3.72661
510.818 438.581 7.4447 0.439885 4.85362
459.221 541.777 7.51429 0.821068 4.3701
526.298 242.51 7.67648 -0.334086 4.51595
505.659 185.752 7.77803 -0.437936 4.09041
959.719 412.783 9.29386 0.297079 5.69619
1124.83 614.014 9.70346 0.829701 4.26089
1150.63 546.937 9.77327 0.660496 4.26003
737.849 165.113 7.58756 -1.68538 8.56381
376.664 433.422 7.73723 0.397196 3.50378
423.102 376.664 7.8831 0.228584 3.45871
371.504 567.576 7.59869 0.786874 3.69416
546.937 572.736 7.29479 1.16818 5.65844
118.675 464.38 7.95585 0.408862 2.49524
175.433 376.664 7.91883 0.256022 2.62504
350.865 454.061 7.71848 0.438322 3.407
356.025 386.984 7.72597 0.268792 3.42559
257.989 381.824 7.93431 0.268704 2.83174
206.391 614.014 7.8082 0.711697 2.84463
154.793 567.576 7.7835 0.627802 2.74244
128.995 557.256 7.92115 0.575639 2.56316
252.829 619.174 7.6809 0.818072 3.12678
510.818 134.154 7.7703 -0.647155 4.17777
402.463 294.108 8.08611 0.0580522 3.04144
134.154 211.551 8.05157 0.0151141 2.42552
278.628 159.953 7.92729 -0.193431 2.84394
257.989 304.427 7.78626 0.086073 2.9922
303.395 532.49 7.71063 0.62174 3.27553
346.737 520.106 7.96376 0.584484 3.08695
315.779 513.914 7.80295 0.572874 3.17731
928.761 396.271 9.18256 0.249126 3.06253
941.144 526.298 9.20547 0.89535 6.32258
439.613 241.478 7.77514 -0.149875 3.75678
928.761 321.97 9.1984 -0.147292 5.7755
1133.09 352.929 9.7537 0.127709 4.45897
1114.51 235.286 9.69078 -0.304709 4.61126
736.817 160.985 7.69476 -1.58926 8.12566
681.091 154.793 7.26375 -1.64819 8.00241
421.038 371.504 7.54384 0.20583 4.03122
173.369 371.504 7.96457 0.259124 2.58786
334.354 414.846 7.80595 0.351326 3.2148
130.027 551.065 7.91474 0.55943 2.54871
377.696 117.643 7.79026 -0.436857 3.3648
631.557 148.602 7.37602 -1.27701 6.59165
507.723 130.027 7.65533 -0.706584 4.38858
402.463 272.436 7.73856 -0.0461961 3.59808
216.711 179.56 7.92158 -0.100068 2.69444
136.218 210.519 8.09526 0.0171092 2.3931
352.929 142.41 7.81902 -0.318313 3.2176
130.027 229.094 7.97206 0.0242763 2.48696
309.587 309.587 7.8289 0.0993519 3.08503
260.053 303.395 7.86411 0.0962471 2.89228
334.354 253.861 7.65537 -0.0846753 3.4024
936.191 527.536 9.18661 0.98951 7.04425
899.04 438.375 9.09661 0.410295 4.9202
505.246 237.763 7.66366 -0.270144 4.41206
468.095 185.752 7.78707 -0.395055 3.85269
735.579 163.462 8.06931 -1.09928 6.2644
490.386 393.795 8.07812 0.270192 3.48103
423.515 371.504 7.51203 0.184601 4.06727
401.225 497.816 7.70261 0.586878 3.67692
572.117 527.536 7.56393 0.882633 5.30007
260.053 453.235 7.71454 0.42627 3.09921
334.354 416.085 8.15926 0.3037 2.78161
260.053 378.934 7.90241 0.263205 2.87086
230.333 549.826 7.74262 0.620151 2.99007
163.462 564.687 7.75828 0.624448 2.77497
141.172 527.536 7.82421 0.520378 2.6659
260.053 542.396 7.91036 0.584445 2.88522
319.494 512.676 7.81499 0.58066 3.18446
252.623 527.536 7.83314 0.577184 2.95901
438.375 156.032 7.66297 -0.481967 3.84447
438.375 304.634 7.75536 0.00736052 3.75166
200.612 230.333 7.99528 0.0137812 2.60435
215.473 178.322 7.91457 -0.103002 2.70242
274.913 237.763 7.9102 -0.0297089 2.87008
326.924 148.602 7.70273 -0.339359 3.30556
245.193 245.193 7.91612 0.011918 2.7774
371.504 349.214 7.7609 0.155597 3.44631
297.203 260.053 7.87574 0.00641415 2.9636
170.892 371.504 7.96457 0.259124 2.58786
401.225 294.231 7.57331 -0.0851386 3.80483
427.973 258.567 7.76722 -0.099225 3.66803
401.225 267.483 7.71935 -0.0593665 3.60623
757.869 526.05 8.63062 0.639675 4.09693
419.057 365.56 7.65497 0.154661 3.84275
588.463 454.721 7.34163 0.565737 6.04978
517.134 365.56 7.47723 0.161163 4.83138
570.631 534.966 7.44984 0.932034 5.55145
570.631 508.218 8.02295 0.644457 4.16122
329.896 427.973 7.81476 0.355778 3.18337
267.483 383.392 7.92064 0.262205 2.8403
258.567 526.05 7.83314 0.577184 2.95901
320.98 517.134 7.82107 0.560618 3.16062
454.721 222.903 7.77555 -0.245321 3.75173
410.141 231.819 7.76356 -0.180386 3.56709
410.141 196.154 7.80587 -0.246613 3.49909
463.637 329.896 7.78294 0.0642231 3.8683
633.043 276.399 7.58911 -0.463756 6.16698
196.154 205.07 7.88462 -0.0691018 2.68268
329.896 249.651 7.64502 -0.10578 3.39677
365.56 169.406 7.82473 -0.279532 3.23635
338.812 294.231 7.74452 0.0445283 3.36508
303.148 258.567 7.89811 0.00135651 2.98189
213.987 356.644 7.7995 0.20639 2.84086
