1168.4 270.25 0.240435 -0.203625 3.07459
1029.25 251.85 0.235726 -0.232002 3.21457
1169.09 269.79 0.241658 -0.20408 3.07786
1087.09 597.77 0.236819 -0.0681623 3.13764
1145.29 359.72 0.229154 -0.167811 3.06829
1038.16 435.103 0.241227 -0.138794 3.21103
1145.22 358.926 0.23076 -0.168283 3.07283
1066.13 141.441 0.219961 -0.267202 3.13247
1227.35 550.557 0.269826 -0.0951019 3.08035
1154.34 360.447 0.237203 -0.16864 3.07997
1168.34 269.347 0.24058 -0.203927 3.07526
1110.62 325.315 0.251753 -0.188671 3.15036
1065.14 141.669 0.217289 -0.265467 3.12294
1231.3 552.686 0.26963 -0.0953436 3.08064
1227.8 437.252 0.234602 -0.137945 3.01973
1149.1 491.471 0.241476 -0.116216 3.09033
1115.87 494.969 0.231791 -0.114896 3.10122
1204.8 247.397 0.243725 -0.209773 3.0545
1098.2 605.418 0.243329 -0.0647517 3.14245
1146.47 528.987 0.281221 -0.0964768 3.17818
1228.94 549.1 0.272851 -0.0949447 3.08758
1051.94 297.681 0.26594 -0.214968 3.2578
1064.01 140.795 0.215028 -0.263983 3.11609
1222.91 474.68 0.233721 -0.124276 3.01802
1088.14 207.17 0.227968 -0.236671 3.12191
1230.95 293.658 0.236402 -0.187712 3.01946
1148.48 492.782 0.237669 -0.115643 3.08264
1114.29 494.794 0.234755 -0.114524 3.10751
1076.08 396.237 0.256226 -0.158104 3.19697
1110.27 325.84 0.247717 -0.18763 3.14069
1206.81 432.442 0.255882 -0.139607 3.07236
1077.89 663.848 0.255629 -0.0296619 3.19438
1080.2 610.648 0.238936 -0.060243 3.14646
1228.24 437.168 0.233022 -0.137128 3.01523
1052.44 296.072 0.26724 -0.215867 3.26236
1059.38 471.864 0.235431 -0.120629 3.16931
1223.61 474.177 0.235138 -0.124243 3.02228
1149.59 492.682 0.242272 -0.116014 3.09247
1114.9 492.682 0.235199 -0.11451 3.11017
1087.14 208.175 0.226724 -0.23621 3.1189
1228.24 550.508 0.275453 -0.0945975 3.09462
1010.81 60.1396 0.240667 -0.345565 3.26273
1107.96 326.142 0.252583 -0.189101 3.15466
1149.59 543.569 0.280582 -0.0912196 3.17501
1053.37 143.641 0.233512 -0.277917 3.1777
1223.61 476.144 0.235138 -0.124243 3.02228
1018.79 300.582 0.254339 -0.215792 3.27717
1194.35 651.705 0.237187 -0.0609646 3.0451
1058.69 473.483 0.235277 -0.120496 3.16185
1159.77 321.862 0.234107 -0.18164 3.06548
1101.25 287.282 0.245 -0.206045 3.14438
1151.79 489.444 0.241393 -0.115938 3.08959
1167.75 268.662 0.235071 -0.202159 3.06199
1165.09 93.1007 0.234296 -0.27219 3.06877
1002.83 106.401 0.250516 -0.330457 3.30408
1048.05 364.423 0.235463 -0.171999 3.17897
1114.55 61.1805 0.239818 -0.303193 3.12882
1064.01 74.4806 0.237253 -0.312181 3.17335
1085.29 601.164 0.238571 -0.0677543 3.14395
1186.37 593.184 0.240942 -0.0791203 3.05686
1146.47 529.344 0.275012 -0.0975453 3.1642
1049.24 299.784 0.273674 -0.218743 3.283
1055.36 143.774 0.226207 -0.272646 3.15413
1101.25 287.548 0.251295 -0.208061 3.16234
1033.95 409.909 0.245144 -0.152215 3.22851
1012.54 61.1805 0.240667 -0.345565 3.26273
1113.48 492.503 0.235821 -0.114508 3.11398
1089.01 614.864 0.235347 -0.0606562 3.1326
1193.02 189.659 0.255483 -0.238868 3.08406
1030.89 250.84 0.235282 -0.233804 3.21425
1048.33 302.537 0.255679 -0.210765 3.23685
1203.11 249.769 0.228988 -0.203605 3.02193
1160.9 355.305 0.235707 -0.169501 3.07269
1002.59 130.161 0.242361 -0.313459 3.27989
1065.92 77.3933 0.23653 -0.311543 3.18061
1009.63 66.8396 0.241477 -0.347289 3.27129
1055.36 365.859 0.23269 -0.172225 3.17523
1153.86 488.985 0.234566 -0.117959 3.07067
1090.54 615.628 0.227969 -0.0637614 3.11345
1153.86 137.197 0.238225 -0.258793 3.08467
1097.58 154.787 0.230755 -0.260562 3.12084
1161.07 351.963 0.232012 -0.168713 3.06271
1063.98 76.8656 0.241615 -0.315431 3.18632
1059.94 469.285 0.236807 -0.12278 3.17566
1055.89 364.1 0.23385 -0.172334 3.17854
1157.03 489.512 0.246698 -0.117901 3.09881
1112.53 493.558 0.235821 -0.114508 3.11398
1185.35 594.697 0.254391 -0.074642 3.08877
1055.89 141.594 0.228769 -0.275106 3.16122
1193.44 186.096 0.25916 -0.240697 3.0919
1136.8 113.276 0.231066 -0.26838 3.08692
1047.8 299.371 0.25742 -0.210597 3.24122
1132.76 356.009 0.223178 -0.168294 3.06059
1165.12 267.007 0.239207 -0.203705 3.0724
1163.1 353.582 0.233278 -0.169435 3.06441
1056.09 139.572 0.229069 -0.274326 3.16118
1111.92 493.153 0.240718 -0.113751 3.12612
1139.84 223.315 0.233119 -0.221483 3.08458
1054 139.106 0.229069 -0.274326 3.16118
1144.95 331.715 0.230656 -0.177458 3.06663
1016.55 112.355 0.228895 -0.304238 3.20931
1059.35 470.822 0.229974 -0.122012 3.14894
1144.95 208.66 0.226118 -0.22925 3.07225
1166.35 262.162 0.230706 -0.201354 3.05244
1091.45 235.411 0.232237 -0.225913 3.11925
1150.57 332.25 0.239665 -0.178213 3.09204
1156.72 486.07 0.245015 -0.119487 3.09448
1064.43 467.612 0.239499 -0.124312 3.18758
1150.57 547.598 0.159431 -0.107543 2.91848
1132.11 116.903 0.234509 -0.268884 3.09589
264.57 276.875 -0.196469 -0.217149 3.37419
246.111 344.556 -0.198821 -0.176865 3.39349
178.431 344.556 -0.209673 -0.166933 3.27831
307.639 129.208 -0.195839 -0.340596 3.48402
369.167 350.709 -0.182678 -0.19549 3.68897
553.751 190.736 -0.0703783 -0.572582 4.79467
615.279 227.653 0.0827162 -0.891899 7.03606
436.848 147.667 -0.171532 -0.451549 4.02968
430.695 215.348 -0.182333 -0.375585 4.06314
159.972 436.848 -0.220488 -0.117668 3.28828
455.306 418.389 -0.155851 -0.143023 4.21417
406.084 430.695 -0.190612 -0.131626 4.0668
473.764 473.764 -0.180946 -0.0622019 4.8211
695.265 270.723 0.289894 -0.602159 5.95512
689.112 344.556 0.227558 -0.343817 5.1866
676.806 135.361 0.125069 -0.568819 4.36939
978.293 159.972 0.247526 -0.307902 3.34113
793.709 418.389 0.239794 -0.162297 3.92785
886.001 461.459 0.218431 -0.120051 3.45985
984.446 449.153 0.236785 -0.131029 3.2891
436.848 283.028 -0.162588 -0.293888 3.95136
775.251 313.792 0.23672 -0.285685 4.05909
818.32 338.403 0.185927 -0.213197 3.51505
479.917 350.709 -0.150094 -0.244226 4.40587
990.599 307.639 0.262223 -0.220846 3.36391
910.612 479.917 0.243971 -0.108781 3.45593
959.835 461.459 0.255052 -0.125438 3.3857
959.835 246.111 0.232786 -0.24967 3.32048
965.987 283.028 0.239398 -0.2324 3.33151
744.487 301.487 0.222816 -0.325138 4.23381
713.723 356.862 0.210241 -0.262215 4.51133
916.765 424.542 0.222168 -0.147975 3.36962
904.46 350.709 0.236372 -0.202282 3.47238
818.32 184.584 0.272158 -0.428366 4.02711
910.612 307.639 0.234464 -0.226712 3.46814
214.01 267.512 -0.157021 -0.197608 3.18104
304.964 128.406 -0.199086 -0.343244 3.50642
593.878 283.563 0.0268949 -0.819307 7.9654
369.167 347.766 -0.191681 -0.199454 3.757
545.725 128.406 -0.0687038 -0.588578 4.4311
379.868 107.005 -0.172072 -0.391762 3.61033
476.172 128.406 -0.166123 -0.578375 4.41632
107.005 460.121 -0.208438 -0.10712 3.19552
155.157 438.72 -0.213974 -0.115907 3.28481
454.771 513.624 -0.180156 -0.00240077 4.5797
690.182 347.766 0.223444 -0.331662 5.11464
861.39 128.406 0.237295 -0.399365 3.6284
674.131 139.106 0.126734 -0.571493 4.39769
695.532 214.01 0.238118 -0.634876 5.26214
957.695 149.807 0.219109 -0.302233 3.2828
973.745 160.507 0.231563 -0.294902 3.28196
861.39 540.375 0.2292 -0.0603397 3.53104
893.492 572.477 0.237988 -0.0430723 3.46907
791.837 422.67 0.240673 -0.15993 3.92311
946.994 540.375 0.250449 -0.0669221 3.39826
920.243 577.827 0.22368 -0.0504824 3.33661
176.558 545.725 -0.186464 -0.0672303 3.23095
208.66 567.126 -0.174419 -0.050916 3.24431
791.837 299.614 0.235305 -0.287811 3.93584
802.537 353.116 0.200225 -0.209311 3.69229
781.136 235.411 0.247182 -0.413567 4.19578
802.537 272.863 0.223811 -0.30139 3.8103
936.294 465.472 0.230458 -0.119816 3.35289
872.091 176.558 0.242316 -0.363188 3.64651
743.685 299.614 0.242021 -0.348047 4.45007
411.969 230.061 -0.190975 -0.351087 3.93709
411.969 267.512 -0.185172 -0.306731 3.92815
315.665 609.928 -0.186651 0.0154178 3.56692
914.893 422.67 0.222168 -0.147975 3.36962
952.344 406.619 0.22285 -0.154761 3.28519
438.72 374.517 -0.175616 -0.203743 4.21116
433.37 411.969 -0.162392 -0.146304 4.03334
385.218 379.868 -0.181812 -0.173035 3.78358
422.67 395.918 -0.182586 -0.169467 4.05413
262.162 417.319 -0.186114 -0.13251 3.38873
920.243 288.913 0.23935 -0.243221 3.44984
909.542 481.522 0.242009 -0.107259 3.45002
246.577 344.277 -0.192252 -0.174042 3.35646
283.796 88.3954 -0.18189 -0.330095 3.36261
102.353 97.7002 -0.186105 -0.25314 3.0979
139.572 186.096 -0.159851 -0.213254 3.07883
548.982 125.615 -0.057562 -0.57555 4.38477
553.634 190.748 -0.0705464 -0.621584 5.06072
474.544 130.267 -0.169552 -0.585037 4.44924
204.705 497.806 -0.183361 -0.0883345 3.27859
358.234 586.201 -0.178386 0.00808547 3.72151
911.869 302.405 0.23977 -0.232747 3.46071
837.43 120.962 0.240174 -0.437857 3.73441
860.692 130.267 0.251235 -0.415894 3.71833
958.392 255.881 0.233678 -0.246873 3.32148
814.168 507.111 0.240641 -0.0683824 3.7847
814.168 446.629 0.205934 -0.127529 3.57871
949.088 539.677 0.25075 -0.0740482 3.39651
921.173 576.896 0.235164 -0.048394 3.38822
874.649 176.791 0.242471 -0.351833 3.59088
832.778 307.058 0.210866 -0.244465 3.6023
804.864 353.582 0.207928 -0.210333 3.73446
865.345 539.677 0.2292 -0.0603397 3.53104
902.564 535.025 0.25118 -0.0699516 3.51983
665.292 302.405 0.284448 -0.647336 7.13132
642.03 334.972 0.240956 -0.587969 7.71029
688.554 344.277 0.227169 -0.327111 5.18195
386.148 381.496 -0.175445 -0.168273 3.7369
925.826 367.539 0.232585 -0.182679 3.39042
953.74 404.758 0.242566 -0.159186 3.3674
437.325 279.143 -0.177119 -0.307783 4.09334
460.587 418.715 -0.158616 -0.147239 4.29582
516.415 223.315 -0.157667 -0.58497 5.26294
539.677 265.186 -0.105347 -0.517476 5.40371
949.088 297.753 0.240968 -0.227948 3.37623
990.959 307.058 0.249452 -0.216389 3.31362
953.74 358.234 0.251454 -0.189535 3.40264
935.13 469.891 0.240413 -0.118273 3.38951
860.692 362.886 0.237051 -0.198286 3.60233
646.682 241.924 0.172467 -0.74631 6.4713
674.597 246.577 0.221076 -0.618764 5.66427
614.116 237.272 0.0852297 -0.841767 6.83817
516.415 353.582 -0.128688 -0.276789 5.00628
334.972 102.353 -0.178396 -0.366948 3.51606
334.972 297.753 -0.178118 -0.224429 3.54223
330.32 348.929 -0.176239 -0.185758 3.51948
330.32 614.116 -0.172219 0.0122337 3.56971
550.196 129.458 -0.0625318 -0.580617 4.39815
380.282 113.276 -0.177378 -0.399143 3.67679
477.376 129.458 -0.164244 -0.565086 4.36099
202.278 582.56 -0.178601 -0.04566 3.26238
570.424 610.879 0.0173782 0.285119 5.54939
453.102 509.74 -0.171609 -0.0158396 4.44681
837.43 117.321 0.23396 -0.430514 3.69368
881.931 109.23 0.224094 -0.379574 3.48308
695.836 141.594 0.145017 -0.567771 4.37082
707.972 380.282 0.23775 -0.241872 4.75812
699.881 440.966 0.260827 -0.130896 5.21822
950.706 635.152 0.240343 -0.0169968 3.34911
853.613 242.733 0.240905 -0.311454 3.66156
914.296 445.011 0.250454 -0.133205 3.49219
445.011 372.191 -0.178515 -0.211076 4.30663
481.421 360.055 -0.151117 -0.243551 4.52764
958.797 145.64 0.234485 -0.316633 3.33978
995.207 169.913 0.218688 -0.27269 3.20849
796.975 416.692 0.270678 -0.171021 4.14582
436.92 214.415 -0.188617 -0.406489 4.21215
436.92 279.143 -0.169115 -0.299804 4.01394
416.692 372.191 -0.180636 -0.192657 4.01374
902.159 534.014 0.249445 -0.0697005 3.50745
914.296 218.46 0.236207 -0.285988 3.45375
922.387 283.189 0.241163 -0.245657 3.45358
420.738 327.69 -0.16304 -0.236271 3.89692
954.751 356.009 0.238957 -0.188003 3.35379
938.569 469.285 0.240413 -0.118273 3.38951
983.07 449.057 0.231394 -0.1301 3.26305
796.975 627.061 0.248219 0.062271 3.89803
720.109 412.647 0.254654 -0.181761 4.77858
517.831 222.506 -0.160235 -0.595017 5.30793
473.33 473.33 -0.15369 -0.0675872 4.50178
388.373 473.33 -0.173156 -0.0850794 3.8095
950.706 400.51 0.244165 -0.159932 3.36875
246.251 344.752 -0.185026 -0.177483 3.33497
66.8396 232.18 -0.181059 -0.19361 3.06611
288.466 66.8396 -0.188512 -0.356262 3.39567
133.679 66.8396 -0.18825 -0.277135 3.14243
474.913 130.161 -0.169316 -0.564182 4.39429
379.931 140.715 -0.177375 -0.379362 3.68522
182.93 386.966 -0.210263 -0.144743 3.29332
109.054 460.842 -0.203438 -0.108073 3.17932
868.915 622.664 0.26017 0.0142309 3.65088
700.057 439.734 0.246134 -0.131411 4.99611
488.985 323.645 -0.143272 -0.295559 4.47128
481.949 358.823 -0.151117 -0.243551 4.52764
861.88 365.859 0.241785 -0.198004 3.6198
904.094 394.002 0.260279 -0.175683 3.55892
710.611 316.609 0.23601 -0.359672 4.83132
439.734 214.59 -0.17511 -0.387656 4.07546
323.645 573.414 -0.181893 -0.0144286 3.57494
524.163 306.055 -0.144963 -0.439755 5.53651
372.895 274.394 -0.164235 -0.249763 3.57639
538.235 211.073 -0.112138 -0.611765 5.22128
545.271 267.359 -0.0961853 -0.510155 5.36504
316.609 397.52 -0.183333 -0.147676 3.52486
341.234 401.038 -0.179842 -0.150233 3.61362
918.166 559.342 0.216617 -0.0626413 3.32959
805.594 492.503 0.231816 -0.0819982 3.7955
714.129 362.341 0.21918 -0.265627 4.54906
731.718 408.074 0.260341 -0.190496 4.58325
749.307 471.395 0.236177 -0.0918309 4.23593
946.309 263.841 0.230104 -0.244058 3.34752
985.005 263.841 0.232185 -0.234817 3.27776
949.826 299.019 0.236764 -0.224862 3.35275
956.862 358.823 0.237351 -0.186305 3.34415
953.344 401.038 0.246892 -0.16158 3.38442
974.452 87.9469 0.232749 -0.341637 3.2974
967.416 112.572 0.233528 -0.333792 3.31814
893.54 464.36 0.237347 -0.118868 3.49339
911.13 302.537 0.240922 -0.234002 3.46414
453.806 510.092 -0.171609 -0.0158396 4.44681
411.591 587.485 -0.169952 0.0410996 3.97805
791.522 608.592 0.259255 0.0530793 4.01125
675.432 394.002 0.233352 -0.24254 5.65191
415.109 306.055 -0.1839 -0.265085 3.99289
383.448 383.448 -0.183102 -0.168812 3.81305
295.502 133.679 -0.17858 -0.311925 3.38216
949.826 538.235 0.243447 -0.0747884 3.36568
939.273 467.877 0.242878 -0.117081 3.39963
985.005 450.288 0.228727 -0.130571 3.25155
439.734 151.269 -0.159308 -0.429599 3.90278
485.467 207.555 -0.175373 -0.508604 4.67683
204.037 130.161 -0.186828 -0.275257 3.24379
882.987 112.572 0.261447 -0.426996 3.65518
183.541 504.739 -0.187175 -0.0838709 3.24659
425.204 535.329 -0.161016 -0.00905445 4.01893
838.172 116.243 0.247486 -0.450957 3.77391
728.047 143.774 0.199949 -0.553992 4.30867
988.064 639.336 0.268881 -0.0135322 3.3667
743.342 354.847 0.255314 -0.26164 4.48018
547.565 302.843 -0.135637 -0.58393 6.77803
746.401 226.368 0.232901 -0.430039 4.31739
440.499 214.132 -0.17511 -0.387656 4.07546
483.326 211.073 -0.150788 -0.453846 4.36094
489.444 269.194 -0.161862 -0.410674 4.69808
862.644 364.024 0.231809 -0.194339 3.56436
914.648 379.319 0.213976 -0.171096 3.33638
419.086 327.315 -0.161964 -0.235081 3.89143
489.444 351.788 -0.126349 -0.236584 4.27983
819.818 507.798 0.251101 -0.0678377 3.81844
828.995 299.784 0.215866 -0.255216 3.65106
746.401 468.03 0.261056 -0.0887652 4.45642
758.638 477.207 0.173621 -0.0958584 3.69714
676.044 391.555 0.256978 -0.260255 5.9765
700.516 437.44 0.254544 -0.130692 5.1378
538.388 204.954 -0.10886 -0.611279 5.18853
544.506 266.135 -0.102393 -0.536529 5.54116
382.378 565.919 -0.185422 0.0101973 3.90035
807.582 428.263 0.246431 -0.147697 3.88608
388.496 474.148 -0.185051 -0.0810762 3.9074
296.725 131.538 -0.18448 -0.316807 3.4128
981.946 263.076 0.239416 -0.238928 3.30333
988.064 302.843 0.252298 -0.218781 3.32642
954.415 357.906 0.234591 -0.184233 3.33354
975.828 354.847 0.338614 -0.209209 3.6155
801.464 556.742 0.252037 -0.00820031 3.92442
835.113 232.486 0.219692 -0.312491 3.65688
853.467 260.017 0.226972 -0.28114 3.58331
951.356 400.732 0.245094 -0.161784 3.37494
226.368 376.26 -0.197409 -0.153114 3.32737
832.054 192.718 0.245742 -0.377508 3.78806
672.985 211.073 0.184143 -0.625263 5.24325
682.162 211.073 0.208629 -0.619275 5.20634
642.395 244.722 0.149553 -0.661008 5.89503
691.339 281.43 0.279737 -0.554467 5.83023
416.027 308.961 -0.179732 -0.261666 3.9569
966.651 113.184 0.233528 -0.333792 3.31814
951.356 538.388 0.243447 -0.0747884 3.36568
972.769 526.152 0.258996 -0.0821893 3.36688
939.12 575.096 0.242929 -0.0520988 3.38815
884.057 79.5346 0.209362 -0.380209 3.41827
920.766 64.2395 0.235949 -0.394239 3.42718
902.412 657.69 0.268086 0.0319122 3.56368
379.319 137.656 -0.174946 -0.374 3.64883
409.909 149.892 -0.145353 -0.359443 3.62765
339.551 100.948 -0.183077 -0.371782 3.534
269.194 195.777 -0.183944 -0.264149 3.35272
590.391 284.489 0.0268949 -0.819307 7.9654
333.433 296.725 -0.17722 -0.224349 3.53945
296.725 336.492 -0.187541 -0.187334 3.46802
336.492 345.67 -0.173699 -0.18732 3.52234
201.895 480.267 -0.182598 -0.0984313 3.26214
104.007 97.8887 -0.191854 -0.258612 3.12423
565.919 241.663 -0.121274 -1.08701 8.81136
373.201 58.1214 -0.192564 -0.457244 3.71366
532.27 128.479 -0.0808497 -0.569102 4.35777
556.742 192.718 -0.0568206 -0.56554 4.80229
178.221 438.903 -0.234638 -0.117853 3.37522
688.945 140.981 0.145017 -0.567771 4.37082
731.505 143.641 0.212448 -0.574197 4.40744
787.366 212.802 0.237787 -0.40063 4.00754
545.304 268.662 -0.0938482 -0.537504 5.57489
861.846 364.423 0.239628 -0.197358 3.59932
805.986 428.263 0.246431 -0.147697 3.88608
718.205 353.783 0.219925 -0.266645 4.51416
752.786 351.123 0.239756 -0.258438 4.28321
441.563 215.462 -0.185474 -0.407168 4.21035
843.226 460.183 0.241332 -0.119506 3.66829
805.986 492.104 0.253106 -0.0795047 3.93388
835.246 234.082 0.223218 -0.315217 3.66391
851.206 244.722 0.231017 -0.301833 3.62951
915.047 383.043 0.233818 -0.175407 3.41419
912.387 438.903 0.248721 -0.137947 3.4816
449.543 372.403 -0.167831 -0.207618 4.24019
305.902 420.283 -0.181146 -0.131408 3.4824
800.666 561.264 0.256485 -0.00730483 3.95217
837.906 595.844 0.246358 0.000551557 3.69389
747.466 468.163 0.257343 -0.0929523 4.41375
726.185 492.104 0.249515 -0.0560108 4.55014
776.726 505.404 0.253154 -0.0572967 4.11484
454.863 510.724 -0.170683 -0.0135697 4.47011
888.447 156.941 0.252397 -0.367974 3.60058
899.087 287.282 0.247796 -0.254563 3.54051
899.087 204.822 0.237635 -0.308371 3.4926
383.043 385.703 -0.175969 -0.166315 3.75916
949.627 263.342 0.228813 -0.242472 3.3365
981.547 266.002 0.241593 -0.239247 3.31176
877.806 537.324 0.246883 -0.0621744 3.56645
742.146 406.983 0.260666 -0.188097 4.52506
779.386 409.643 0.250257 -0.171619 4.10864
380.383 138.321 -0.1811 -0.385984 3.71353
989.527 303.242 0.251751 -0.218333 3.32286
774.066 537.324 0.240092 -0.0207838 4.03867
369.743 55.8604 -0.128491 -0.350949 3.34644
372.403 308.562 -0.171704 -0.229259 3.66126
244.722 406.983 -0.194337 -0.138569 3.37179
997.507 172.901 0.225492 -0.274933 3.22914
297.922 337.822 -0.193496 -0.190534 3.49855
686.285 212.802 0.215702 -0.626375 5.2569
590.524 284.622 0.00780609 -0.785679 7.87005
603.824 284.622 0.0697928 -0.76547 7.69855
295.262 133.001 -0.183283 -0.315402 3.4059
984.207 449.543 0.238135 -0.129351 3.28854
851.206 635.745 0.26637 0.0394749 3.73952
492.104 127.681 -0.146934 -0.594282 4.48514
287.282 66.5005 -0.185647 -0.353625 3.38122
946.967 550.624 0.252146 -0.0661603 3.3994
859.186 135.661 0.245941 -0.40514 3.67873
832.586 194.181 0.245742 -0.377508 3.78806
425.603 537.324 -0.177346 0.00171131 4.18322
899.087 55.8604 0.238547 -0.430743 3.51251
883.127 114.381 0.244591 -0.40176 3.57504
986.867 641.065 0.250183 -0.0213121 3.29899
609.144 239.402 0.0675553 -0.881 7.19387
587.864 273.982 0.0109655 -0.815604 7.66711
611.805 273.982 0.0845116 -0.798555 7.53143
324.522 609.144 -0.180458 0.0118464 3.58005
295.262 649.045 -0.166301 0.0170617 3.42166
649.045 476.144 0.189254 -0.040967 5.76887
183.541 550.624 -0.180487 -0.0636303 3.22296
631.466 575.952 0.0983945 0.0762457 4.52332
691.605 298.385 0.270667 -0.486582 5.6516
548.195 305.324 -0.12142 -0.541335 6.42571
488.056 323.828 -0.141959 -0.29542 4.50043
751.745 349.272 0.259467 -0.272823 4.46456
490.369 268.315 -0.165704 -0.418915 4.78551
809.571 263.689 0.23025 -0.31185 3.81254
437.168 395.533 -0.173572 -0.172743 4.16123
464.925 414.038 -0.162618 -0.151011 4.39907
747.119 467.238 0.258217 -0.0921936 4.42386
758.684 478.804 0.255824 -0.0833663 4.27967
777.188 504.247 0.25338 -0.0579259 4.10905
485.743 208.175 -0.157039 -0.475683 4.48015
407.099 245.184 -0.21317 -0.350691 4.1044
897.467 205.862 0.23706 -0.306979 3.4867
700.857 439.482 0.258741 -0.135094 5.14523
904.407 289.133 0.233723 -0.241164 3.45513
381.655 386.281 -0.175969 -0.166315 3.75916
777.188 411.725 0.242862 -0.170199 4.04995
381.655 187.358 -0.166155 -0.328859 3.63099
952.981 397.846 0.242522 -0.16106 3.35937
913.659 381.655 0.234167 -0.175203 3.42486
952.981 148.036 0.231273 -0.313948 3.33338
999.242 173.48 0.225611 -0.275065 3.2297
989.99 303.011 0.251766 -0.218893 3.32257
987.677 259.063 0.23302 -0.235436 3.26719
474.177 134.158 -0.173809 -0.576673 4.45535
686.979 212.802 0.215702 -0.626375 5.2569
973.798 87.8963 0.239291 -0.348341 3.32326
374.716 60.1396 -0.191144 -0.457273 3.70761
340.02 101.775 -0.23841 -0.436961 3.78458
337.707 346.959 -0.177268 -0.18944 3.55274
226.68 374.716 -0.197968 -0.155169 3.33614
832.702 191.984 0.220583 -0.349005 3.64192
307.637 286.82 -0.176772 -0.219953 3.43353
289.133 333.081 -0.185977 -0.187385 3.42642
798.006 629.152 0.236732 0.0544628 3.82473
231.306 178.106 -0.189057 -0.264461 3.29509
948.355 541.256 0.24325 -0.0761454 3.36704
895.154 53.2004 0.23851 -0.431791 3.51505
927.537 43.9482 0.238106 -0.407231 3.41677
881.276 115.653 0.244591 -0.40176 3.57504
490.369 127.218 -0.145828 -0.584352 4.44458
534.317 127.218 -0.0820051 -0.584509 4.42603
518.126 196.61 -0.148963 -0.625826 5.17489
559.761 194.297 -0.184456 -1.45378 9.23106
985.364 640.718 0.254211 -0.0189817 3.31913
608.335 238.245 0.0690635 -0.905541 7.40656
587.517 272.941 0.00173847 -0.854879 8.02213
323.828 606.022 -0.173934 0.00790507 3.5478
730.927 143.41 0.325254 -0.817543 5.37856
670.788 145.723 0.393857 -1.64233 8.88233
686.979 141.097 0.140569 -0.549507 4.30172
566.7 652.283 0.00727178 0.093685 3.86761
185.045 504.247 -0.185811 -0.0846238 3.24208
668.474 485.743 0.228715 -0.0172227 5.58968
488.056 668.474 -0.0651604 0.0925813 3.79203
559.761 670.788 -7.44081e-05 0.10043 3.83752
682.353 351.585 0.230831 -0.33086 5.28345
858.145 212.802 0.236511 -0.32738 3.63649
747.119 305.324 0.251011 -0.338149 4.44135
520.941 96.5451 -0.282554 -1.3903 7.17789
631.566 575.248 0.167856 0.240463 6.02648
667.771 301.704 0.401137 -0.875118 9.00832
748.225 305.726 0.251011 -0.338149 4.44135
746.214 358.022 0.2545 -0.257811 4.46574
448.533 287.624 -0.16902 -0.31084 4.18541
420.374 327.851 -0.165141 -0.237322 3.92971
744.202 231.306 0.228949 -0.430159 4.30659
440.487 215.215 -0.174248 -0.391777 4.10703
484.737 207.17 -0.157039 -0.475683 4.48015
468.646 253.431 -0.178205 -0.406822 4.53084
814.6 243.374 0.225327 -0.322708 3.7533
748.225 468.646 0.258669 -0.0936203 4.43291
728.111 486.748 0.262598 -0.0575412 4.67251
776.384 502.839 0.258963 -0.0566263 4.15018
742.191 406.294 0.257598 -0.187873 4.4997
778.395 410.317 0.247449 -0.170858 4.07983
880.974 259.465 0.244424 -0.279891 3.56744
438.476 396.237 -0.163692 -0.171298 4.07009
432.442 418.362 -0.15901 -0.141791 4.01477
466.635 414.34 -0.160612 -0.153932 4.4162
418.362 446.521 -0.176657 -0.108798 4.05824
792.475 454.567 0.252434 -0.119407 4.00088
842.759 458.589 0.249897 -0.119777 3.70707
806.554 506.862 0.253298 -0.0653792 3.91222
913.156 468.646 0.239676 -0.115695 3.43902
368.078 251.42 -0.181099 -0.280401 3.68643
913.156 382.158 0.232289 -0.174612 3.41432
862.872 364.056 0.239269 -0.197137 3.59243
804.543 430.43 0.250686 -0.147258 3.92438
905.111 289.635 0.233723 -0.241164 3.45513
909.133 301.704 0.239433 -0.234022 3.46037
782.418 567.203 0.253747 0.0159926 4.0385
810.577 569.214 0.265007 0.00234355 3.94068
836.725 595.362 0.243755 0.00118171 3.68305
808.566 291.647 0.218597 -0.272662 3.72977
810.577 347.965 0.202973 -0.212536 3.64505
951.372 261.476 0.226393 -0.240346 3.3158
989.588 301.704 0.246542 -0.216411 3.3016
392.215 299.692 -0.174076 -0.246619 3.77106
337.908 345.953 -0.177268 -0.18944 3.55274
380.146 349.976 -0.183584 -0.203089 3.76048
953.383 360.033 0.230265 -0.182456 3.31666
872.929 651.68 0.256439 0.0344723 3.6059
985.565 448.533 0.243014 -0.131851 3.29559
963.44 502.839 0.254675 -0.0972825 3.37004
840.747 114.647 0.239457 -0.440782 3.72701
804.543 195.102 0.240662 -0.398375 3.90921
834.713 189.068 0.223759 -0.352506 3.66017
798.509 629.555 0.254701 0.0672082 3.92388
866.895 619.498 0.260921 0.0153172 3.651
589.328 285.613 0.00305719 -0.832998 8.2349
345.953 104.591 -0.192345 -0.38553 3.59579
669.782 211.192 0.179353 -0.62838 5.26718
510.885 448.533 -0.161903 -0.0955774 5.68926
456.578 557.146 -0.183571 0.0754485 4.61927
412.328 587.316 -0.160307 0.0422603 3.94801
333.885 297.681 -0.171916 -0.220216 3.49878
535.021 128.727 -0.079016 -0.581834 4.41359
549.1 193.09 -0.0870973 -0.649554 5.2557
227.283 376.124 -0.197743 -0.155486 3.33895
245.386 406.294 -0.191523 -0.137525 3.36692
102.579 96.5451 -0.191557 -0.258779 3.12035
951.372 633.577 0.241085 -0.0206553 3.34361
985.565 641.623 0.249329 -0.0219339 3.30312
967.463 52.2953 0.2361 -0.371902 3.32508
973.497 86.4884 0.23728 -0.345629 3.31303
734.145 142.806 0.213745 -0.558792 4.34642
587.316 273.545 -0.00662223 -0.829889 7.83211
607.43 239.351 0.0690635 -0.905541 7.40656
671.793 146.829 0.117978 -0.541775 4.30339
703.975 140.795 0.175718 -0.586048 4.462
181.022 438.476 -0.212065 -0.116787 3.30783
504.851 625.532 -0.0694742 0.0905792 4.02135
840.747 110.625 0.22586 -0.421357 3.6444
518.93 579.271 -0.0676216 0.0716542 4.3732
754.259 317.794 0.232024 -0.297182 4.24515
551.112 263.488 -0.110212 -0.609256 6.04134
518.93 225.272 -0.16396 -0.626424 5.52073
520.941 291.647 -0.154564 -0.466338 5.50762
472.669 285.613 -0.162938 -0.350082 4.4649
722.077 259.465 0.291612 -0.52265 5.15939
891.031 452.555 0.236581 -0.127041 3.48179
899.077 464.623 0.233011 -0.117849 3.44803
701.964 438.476 0.27113 -0.135294 5.2827
876.952 537.032 0.245782 -0.0613074 3.56365
836.725 231.306 0.222798 -0.31422 3.65625
786.441 530.998 0.260475 -0.0270596 4.08006
606.905 150.415 0.0335836 -0.767832 5.32122
965.451 503.714 0.244985 -0.0989831 3.33546
953.208 360.295 0.224199 -0.180977 3.29587
951.459 633.14 0.249728 -0.0165966 3.3748
951.459 545.69 0.234419 -0.0733608 3.32536
736.332 472.232 0.259826 -0.0818335 4.58359
776.559 503.714 0.246139 -0.0581776 4.06412
650.63 472.232 0.186667 -0.046601 5.65936
743.328 405.769 0.257598 -0.187873 4.4997
843.021 458.24 0.244934 -0.119938 3.67484
802.794 491.471 0.249283 -0.0808772 3.91293
914.73 384.781 0.232856 -0.174529 3.41911
912.981 437.252 0.243715 -0.13875 3.45648
864.009 365.542 0.24053 -0.197059 3.59262
783.555 568.427 0.261559 0.0185484 4.09317
942.714 578.921 0.240472 -0.0493556 3.36633
801.045 561.431 0.24514 -0.0117981 3.87664
837.774 596.411 0.243755 0.00118171 3.68305
954.957 148.666 0.227533 -0.311085 3.31945
953.208 260.602 0.231718 -0.243644 3.32707
736.332 143.419 0.214635 -0.564978 4.36747
671.618 146.917 0.121425 -0.553632 4.35714
687.359 139.92 0.13823 -0.543325 4.27993
886.746 160.909 0.242503 -0.357637 3.55736
930.471 187.144 0.229605 -0.298304 3.37262
841.272 113.685 0.239457 -0.440782 3.72701
762.567 323.566 0.26858 -0.310009 4.43344
904.236 290.335 0.231918 -0.240804 3.44978
829.029 299.08 0.205003 -0.246226 3.56054
811.539 348.052 0.200513 -0.210739 3.63014
804.543 195.889 0.240662 -0.398375 3.90921
466.985 470.483 -0.161733 -0.0742066 4.50641
458.24 508.961 -0.169277 -0.013781 4.46664
466.985 416.263 -0.163702 -0.155333 4.47603
589.415 494.969 0.0394655 0.0772127 7.35703
487.973 515.957 -0.14933 0.0196264 4.80407
426.758 573.674 -0.169849 0.0453332 4.13399
631.391 575.423 0.099369 0.0775072 4.53449
183.646 439.001 -0.212798 -0.116947 3.31097
243.112 578.921 -0.170432 -0.041642 3.29573
384.781 120.681 -0.177643 -0.401929 3.70739
379.534 66.4622 -0.181382 -0.444179 3.67168
349.801 108.438 -0.174002 -0.367784 3.53245
491.471 127.677 -0.145729 -0.577767 4.40832
536.945 127.677 -0.0786265 -0.577545 4.3934
549.188 192.391 -0.0870973 -0.649554 5.2557
521.204 96.1953 -0.242377 -1.24135 6.62512
421.51 328.813 -0.164588 -0.236251 3.92117
466.985 327.064 -0.155121 -0.268471 4.28398
379.534 348.052 -0.183584 -0.203089 3.76048
442.499 215.128 -0.185474 -0.407168 4.21035
449.495 250.108 -0.178253 -0.366986 4.23802
613.901 272.845 0.0959182 -0.773091 7.32228
540.443 202.885 -0.109255 -0.646263 5.37126
64.7132 236.116 -0.177066 -0.192074 3.05833
297.331 339.307 -0.184475 -0.187188 3.44875
514.208 299.08 -0.165621 -0.441704 5.46137
762.567 292.084 0.208096 -0.299475 3.97865
769.563 302.578 0.254669 -0.320664 4.24708
743.328 365.542 0.247258 -0.24859 4.45375
724.089 258.853 0.281597 -0.506331 5.11853
678.614 418.012 0.246817 -0.18598 5.66826
701.351 439.001 0.274478 -0.134704 5.28628
547.439 272.845 -0.0856804 -0.487365 5.28718
473.981 285.088 -0.164839 -0.350855 4.47454
878.001 538.694 0.244819 -0.0615182 3.5543
767.814 458.24 0.256876 -0.113966 4.21888
792.3 456.491 0.251401 -0.11829 3.99806
760.818 482.726 0.258543 -0.0810677 4.29338
718.842 351.55 0.216788 -0.26389 4.45943
750.324 349.801 0.259467 -0.272823 4.46456
738.081 290.335 0.252629 -0.376928 4.58448
748.575 306.076 0.232727 -0.317171 4.26482
397.024 274.594 -0.186674 -0.291606 3.87986
517.706 197.638 -0.150591 -0.62451 5.1745
519.455 225.622 -0.161312 -0.623311 5.50529
857.013 215.128 0.228314 -0.318787 3.59033
815.037 243.112 0.234249 -0.331972 3.80961
809.79 262.351 0.221122 -0.303718 3.74423
384.781 195.889 -0.171293 -0.330903 3.68516
376.036 309.574 -0.180674 -0.234729 3.73436
367.291 390.028 -0.18188 -0.161719 3.71882
900.738 390.028 0.216704 -0.165824 3.38182
900.738 465.236 0.233011 -0.117849 3.44803
421.51 425.008 -0.194671 -0.136766 4.21675
430.256 423.259 -0.172087 -0.138129 4.11289
660.06 28.8966 0.0865162 -0.656386 4.14868
959.672 453.221 0.243917 -0.128695 3.34763
953.589 360.447 0.235005 -0.184004 3.33758
760.438 509.493 0.24888 -0.0448444 4.20399
914.046 468.43 0.234111 -0.116273 3.41204
921.65 430.408 0.235243 -0.141696 3.39895
743.708 542.952 0.274164 0.0257725 4.55189
920.129 664.622 0.244942 0.0129777 3.42644
799.98 561.203 0.267909 0.00113349 4.026
950.547 311.779 0.234762 -0.214832 3.34293
990.09 301.133 0.247853 -0.217463 3.3072
736.104 142.962 0.78569 -1.79996 9.31976
670.706 146.004 0.112954 -0.522727 4.22742
933.817 124.712 0.234937 -0.345359 3.39511
909.483 184.026 0.237642 -0.318437 3.45998
816.71 184.026 0.244025 -0.40402 3.87274
834.96 191.63 0.235082 -0.365668 3.71742
745.229 232.694 0.238402 -0.443487 4.40666
783.251 211.402 0.240794 -0.407859 4.05251
669.185 211.402 0.166209 -0.5892 5.05317
688.956 212.923 0.218413 -0.623633 5.24612
903.4 357.406 0.227492 -0.190352 3.42491
810.626 348.28 0.200513 -0.210739 3.63014
920.129 267.674 0.242946 -0.256551 3.4493
488.201 515.577 -0.153833 0.0216966 4.87596
450.179 564.245 -0.143865 0.0372282 4.12138
567.286 652.455 0.00638487 0.101532 3.94389
246.382 407.594 -0.192045 -0.135545 3.36216
472.992 135.358 -0.170049 -0.56327 4.4043
349.801 107.982 -0.174002 -0.367784 3.53245
521.66 97.336 -0.125969 -0.713042 4.72663
421.282 328.509 -0.164588 -0.236251 3.92117
380.219 348.28 -0.185162 -0.204614 3.77846
442.575 214.443 -0.174771 -0.392751 4.11116
606.829 285.924 0.0835892 -0.814154 8.1325
549.036 193.151 -0.0870973 -0.649554 5.2557
290.487 333.072 -0.186029 -0.1886 3.43712
296.571 339.155 -0.186614 -0.187323 3.45583
521.66 290.487 -0.149682 -0.460864 5.45044
489.722 270.716 -0.16862 -0.425559 4.8405
723.936 250.944 0.302202 -0.552392 5.30672
485.159 205.318 -0.169157 -0.502448 4.63458
749.791 349.801 0.251025 -0.266614 4.39002
739.145 374.135 0.245169 -0.234851 4.47089
751.312 310.258 0.254842 -0.328929 4.43649
901.879 465.388 0.234273 -0.118225 3.44728
765 266.153 0.244767 -0.369226 4.22915
769.563 527.744 0.241619 -0.0278697 4.08225
428.887 164.255 -0.17888 -0.427841 3.98576
900.358 389.344 0.236638 -0.171039 3.46638
810.626 261.59 0.229141 -0.311201 3.80001
780.209 482.117 0.243591 -0.0854623 4.02664
809.105 293.529 0.222249 -0.274424 3.75913
828.877 298.091 0.210424 -0.251909 3.61511
955.109 147.525 0.22816 -0.311433 3.3215
796.938 203.797 0.22527 -0.38239 3.86477
743.708 404.553 0.257598 -0.187873 4.4997
419.762 424.324 -0.173903 -0.134344 4.01803
879.066 536.869 0.230353 -0.0649945 3.48162
904.921 290.487 0.233723 -0.241164 3.45513
838.002 229.652 0.217843 -0.309697 3.61804
974.881 527.744 0.251095 -0.0840704 3.33359
911.004 301.133 0.233684 -0.229858 3.43035
930.776 187.068 0.234024 -0.301726 3.39365
778.688 412.157 0.240751 -0.168895 4.03642
772.604 427.366 0.238143 -0.149789 4.04962
740.666 445.616 0.249121 -0.123049 4.44519
736.104 471.471 0.276986 -0.0825495 4.72819
748.271 466.909 0.258669 -0.0936203 4.43291
952.2 519.742 0.234947 -0.0881578 3.32636
678.443 417.91 0.25327 -0.187898 5.74759
801.435 491.97 0.249283 -0.0808772 3.91293
912.525 383.525 0.230768 -0.173711 3.41135
864.915 363.688 0.236697 -0.195915 3.57525
640.09 630.833 0.0876134 0.0885172 4.01454
800.112 560.74 0.242245 -0.0120498 3.85992
950.878 312.11 0.237907 -0.215807 3.35315
953.523 260.533 0.224883 -0.240101 3.30222
714.15 145.475 0.180523 -0.555052 4.33938
931.04 187.795 0.245553 -0.310857 3.43484
367.655 391.46 -0.180879 -0.160988 3.70927
491.97 126.96 -0.145733 -0.58144 4.42464
538.258 128.283 -0.0779658 -0.577063 4.39807
521.065 96.5425 -0.242421 -1.2395 6.61702
380.88 349.14 -0.185162 -0.204614 3.77846
433.78 212.923 -0.180812 -0.38718 4.07419
163.99 334.592 -0.220942 -0.173384 3.29241
749.857 349.14 0.251025 -0.266614 4.39002
710.182 283.015 0.268192 -0.470307 5.21697
732.665 265.823 0.254199 -0.433544 4.69249
764.405 265.823 0.244767 -0.369226 4.22915
790.855 267.145 0.231432 -0.322961 3.91879
797.467 202.342 0.231271 -0.389788 3.90332
780.275 482.712 0.243591 -0.0854623 4.02664
468.165 327.98 -0.155121 -0.268471 4.28398
452.295 370.3 -0.16699 -0.210089 4.26789
925.75 222.18 0.241575 -0.285568 3.43146
903.268 290.95 0.228057 -0.237391 3.43036
466.842 413.943 -0.164018 -0.155705 4.49675
774.985 502.55 0.246139 -0.0581776 4.06412
681.088 447.005 0.273795 -0.117327 5.9439
827.885 297.562 0.208171 -0.249395 3.58893
952.2 210.277 0.229913 -0.274186 3.32748
778.953 411.297 0.244796 -0.169879 4.07515
428.49 388.815 -0.1729 -0.176183 4.06506
609.5 23 0.0200267 -0.649729 4.1232
952.2 361.1 0.236987 -0.184133 3.34596
864.8 364.55 0.226907 -0.192684 3.52977
800.4 561.2 0.24514 -0.0117981 3.87664
670.45 147.2 0.118117 -0.555305 4.37117
688.85 212.75 0.204089 -0.581799 5.01692
473.8 136.85 -0.170078 -0.560781 4.39662
491.05 126.5 -0.144917 -0.57709 4.39712
520.95 97.75 -0.121734 -0.698109 4.66646
442.75 213.9 -0.186375 -0.41213 4.22623
752.1 319.7 0.221678 -0.286717 4.1612
748.65 349.6 0.244079 -0.263177 4.33899
732.55 265.65 0.254199 -0.433544 4.69249
523.25 256.45 -0.155582 -0.572881 5.64872
911.95 384.1 0.233399 -0.174282 3.4273
747.5 466.9 0.261731 -0.0946982 4.46883
425.5 299 -0.18836 -0.28845 4.11817
769.35 302.45 0.259793 -0.325163 4.28975
448.5 250.7 -0.176455 -0.364313 4.2204
468.05 253 -0.17815 -0.40279 4.50145
923.45 297.85 0.233229 -0.229195 3.39729
803.85 431.25 0.245273 -0.146064 3.89216
762.45 323.15 0.23242 -0.281593 4.14529
468.05 415.15 -0.164018 -0.155705 4.49675
836.05 188.6 0.243461 -0.373656 3.74848
863.65 142.6 0.239272 -0.387591 3.62179
777.4 412.85 0.244796 -0.169879 4.07515
857.9 462.3 0.246315 -0.116628 3.6397
810.75 349.6 0.200513 -0.210739 3.63014
711.85 241.5 0.359155 -0.712972 6.13757
912 435 0.241653 -0.139015 3.44546
611 242 0.0829452 -0.833886 7.01262
772 261 0.214604 -0.33107 3.95962
708 392 0.247568 -0.22486 4.93868
849 246 0.220938 -0.291108 3.57333
