988 693 8.7408 1.4173 16.3047
1084 288 8.79946 0.322214 16.6468
768 354 9.40438 0.400373 13.7555
502 176 11.8876 -0.895589 11.3282
1179 221 8.76514 0.221706 17.0051
1001 443 8.82633 0.729664 16.3122
1031 365 8.86246 0.528719 16.5656
1093.2 670.8 8.67451 1.21427 16.7696
1070.4 676.8 8.69373 1.252 16.69
963.6 253.2 9.02152 0.206593 16.2872
186 253.2 11.0942 0.678532 16.6584
1195.2 276 8.73444 0.337989 17.0382
176.4 327.6 11.0725 0.875995 16.6586
898.8 518.4 8.96517 1.02959 15.8312
969.6 498 8.84036 0.906765 16.1476
211.2 90 11.1255 0.227715 16.667
380.4 210 11.6972 0.0450085 14.073
1054.8 198 8.8649 0.0585061 16.4924
354 211.2 11.3278 0.249527 15.234
822 381.6 9.17432 0.557429 14.7443
800.4 492 9.16988 1.08455 14.6531
818.4 307.2 9.23895 0.171091 14.3784
808.8 313.2 9.307 0.271652 14.9188
472.8 246 12.2901 -0.363669 10.4276
370.8 301.2 11.2378 0.616508 15.0553
799.2 345.6 9.2861 0.372665 14.2545
624 325.2 11.5014 -0.442751 3.63211
700.8 367.2 9.83568 0.440935 11.5147
289.2 226.8 11.2158 0.457095 15.9462
631.2 226.8 11.0445 -1.20058 8.62768
570 55.2 11.1003 -1.4138 12.9745
28.8 531.6 10.9384 1.31991 17.2027
135.6 680.4 11.0115 1.82681 16.5777
84 368.4 10.9566 0.981309 17.1273
961.2 345.6 8.98208 0.469834 16.2798
1045.2 139.2 8.89673 -0.11272 16.4413
1232.4 542.4 8.63182 0.856198 17.1379
1170 685.2 8.6361 1.16603 17.0114
1147.2 652.8 8.64942 1.12435 16.9354
999.6 540 8.7898 0.998748 16.3337
1087.2 639.6 8.6878 1.15644 16.7379
1226.4 480 8.66672 0.73912 17.1484
954.72 308.16 9.01647 0.372203 16.2798
1121.76 135.36 8.8307 -0.0229346 16.7967
233.28 108 11.1366 0.226878 16.5364
397.44 347.04 11.6038 0.774924 13.6412
380.16 322.56 11.5297 0.665682 14.1217
966.24 498.24 8.84841 0.909102 16.1396
211.68 90.72 11.123 0.230248 16.674
430.56 378.72 12.1695 0.981172 11.1422
750.24 486.72 9.35266 1.15959 13.8437
816.48 269.28 9.28915 0.00746964 14.5544
789.12 417.6 9.26922 0.742806 14.3812
381.6 430.56 11.6314 1.29896 13.4997
380.16 416.16 11.7255 1.22242 13.3102
439.2 351.36 12.0586 0.743091 11.4164
423.36 348.48 11.3938 0.75624 13.8338
417.6 334.08 11.3761 0.676089 13.9618
715.68 403.2 9.62247 0.709762 12.272
826.56 574.56 9.06731 1.3411 15.2747
852.48 309.6 9.13635 0.231592 14.9839
673.92 444.96 10.0094 1.19615 9.39014
433.44 243.36 11.8782 -0.0173064 12.6592
781.92 504 9.22072 1.17415 14.4265
819.36 306.72 9.23439 0.160399 14.354
809.28 312.48 9.28225 0.215047 14.4762
430.56 443.52 12.2498 1.57735 10.4596
414.72 406.08 11.7563 1.17756 12.6411
787.68 348.48 9.33088 0.383094 14.2358
714.24 397.44 9.64249 0.675903 12.8976
727.2 279.36 9.74863 -0.223815 12.2678
437.76 312.48 12.2698 0.383958 11.0144
446.4 290.88 11.9299 0.252106 11.9529
645.12 321.12 10.8009 -0.281506 7.03393
187.2 254.88 11.0933 0.677526 16.6586
288 226.08 11.216 0.460617 15.9491
184.32 358.56 11.0539 0.956067 16.6264
328.32 303.84 11.3486 0.673884 15.2243
60.48 252 10.9649 0.756965 17.2573
30.24 207.36 10.787 0.709412 17.5605
46.08 309.6 10.9622 0.871517 17.258
174.24 279.36 11.0614 0.750731 16.7266
33.12 182.88 10.7767 0.667092 17.5824
632.16 227.52 10.8217 -0.881241 10.1487
564.48 109.44 11.3531 -1.40899 11.7775
372.96 129.6 11.5763 -0.255611 14.6837
27.36 528.48 10.938 1.31972 17.2039
50.4 682.56 10.9719 1.70862 16.974
276.48 368.64 11.2275 0.97045 15.7792
27.36 443.52 10.9418 1.14213 17.2562
84.96 480.96 11.0031 1.25388 16.9789
48.96 466.56 10.9364 1.19284 17.1889
630.72 470.88 10.4742 1.59803 8.60015
780.48 252 9.44163 -0.187455 13.844
707.04 155.52 10.032 -0.914774 12.9872
1088.64 194.4 8.8298 0.0756289 16.6305
960.48 345.6 8.98112 0.475072 16.28
1114.56 187.2 8.81107 0.0875672 16.7346
1144.8 128.16 8.80481 -0.0306637 16.8357
1045.44 138.24 8.89705 -0.121539 16.439
822.24 557.28 9.08202 1.30387 15.0688
1131.84 551.52 8.68372 0.929011 16.8671
1169.28 685.44 8.63467 1.16574 17.0112
1141.92 649.44 8.65236 1.12194 16.919
1092.96 671.04 8.67705 1.2126 16.7699
1103.04 476.64 8.75805 0.779463 16.8417
1080 488.16 8.7547 0.811078 16.7022
855.36 518.4 9.01761 1.09494 15.3437
323.136 385.344 11.3748 1.02655 15.0701
433.728 245.376 12.1182 -0.0938779 11.9497
815.616 269.568 9.28865 -0.0186215 14.3828
796.608 250.56 9.38828 -0.129306 14.3337
805.248 461.376 9.1768 0.9352 14.6788
1054.08 198.72 8.86083 0.0663457 16.4934
1090.37 193.536 8.82869 0.0775467 16.6303
1083.46 167.616 8.84311 0.00506902 16.6082
369.792 179.712 11.6838 -0.0681827 14.3143
805.248 587.52 9.08689 1.48408 14.7683
407.808 374.976 11.9388 0.967649 12.3562
430.272 350.784 12.1851 0.735276 11.2437
445.824 319.68 12.0149 0.470398 11.5598
896.832 229.824 9.09863 -0.03046 15.4571
903.744 203.904 9.09264 -0.127541 15.498
860.544 328.32 9.10144 0.312167 15.0854
412.992 426.816 12.0798 1.38099 11.6061
414.72 406.08 11.9447 1.19656 12.0386
787.968 347.328 9.33299 0.378129 14.1324
768.96 354.24 9.39546 0.400742 13.8833
701.568 432 9.70491 0.934376 12.0545
684.288 425.088 9.86495 0.935098 11.1705
727.488 279.936 9.76585 -0.247281 12.0664
425.088 316.224 11.9839 0.480552 12.1581
705.024 359.424 9.78634 0.380703 11.8579
713.664 397.44 9.66606 0.674036 12.1667
782.784 293.76 9.39384 0.0289107 13.7142
406.08 473.472 11.8027 1.68822 12.3674
224.64 266.112 11.0791 0.675066 16.4771
321.408 243.648 11.2435 0.458859 15.6318
184.896 359.424 11.054 0.953113 16.6275
226.368 295.488 11.1203 0.745399 16.3937
60.48 252.288 10.9628 0.758376 17.257
174.528 279.936 11.0643 0.748839 16.7197
328.32 95.04 11.3287 -0.10546 15.6705
46.656 77.76 10.7992 0.49922 17.5776
32.832 183.168 10.8009 0.667544 17.5499
32.832 120.96 10.7987 0.572167 17.582
561.6 226.368 12.1815 -1.30651 7.15415
611.712 298.944 12.0161 -1.0764 2.07833
412.992 216 11.918 -0.118721 12.997
565.056 157.248 11.3098 -1.12027 11.5611
343.872 51.84 11.4708 -0.378581 15.3143
34.56 597.888 10.9351 1.475 17.1342
70.848 549.504 10.9583 1.39066 17.0293
41.472 527.04 10.939 1.30903 17.1681
171.072 563.328 10.9529 1.48085 16.6543
103.68 646.272 11.0422 1.70704 16.7023
143.424 440.64 11.0332 1.17284 16.7485
107.136 411.264 10.9962 1.09065 16.9667
580.608 594.432 10.0848 1.77453 14.6498
501.12 660.096 10.1263 1.69005 16.1546
381.888 430.272 11.5727 1.2994 13.6827
844.992 247.104 9.22036 -0.0446327 14.9103
836.352 278.208 9.20678 0.0668382 14.7712
808.704 312.768 9.28718 0.236508 14.7252
746.496 269.568 9.62684 -0.284391 12.5099
820.8 169.344 9.35856 -0.49407 14.5432
908.928 162.432 9.11159 -0.260564 15.5992
1192.32 267.84 8.7425 0.322068 17.0438
1081.73 259.2 8.84155 0.266648 16.7135
1016.06 281.664 8.88245 0.265801 16.3496
946.944 279.936 9.0813 0.320109 16.45
1131.84 95.04 8.83313 -0.107225 16.8283
1140.48 177.984 8.78853 0.0776909 16.8213
997.056 157.248 8.9531 -0.130925 16.188
1045.44 138.24 8.89643 -0.114782 16.4411
850.176 535.68 9.01611 1.15917 15.3313
724.032 537.408 9.42253 1.57207 12.9569
781.056 373.248 9.32756 0.503834 13.9766
1178.5 566.784 8.66333 0.927825 17.022
1207.87 649.728 8.67829 1.04858 17.203
978.048 575.424 8.79969 1.10786 16.2156
1035.07 563.328 8.78566 1.01317 16.6334
962.496 663.552 8.8204 1.33967 16.3175
986.688 639.36 8.76324 1.27802 16.294
1024.7 673.92 8.73149 1.30248 16.5267
1130.11 437.184 8.72087 0.674576 16.8457
1176.77 361.152 8.71753 0.504538 16.995
1223.42 480.384 8.66721 0.737529 17.1468
1199.23 480.384 8.68886 0.755071 17.095
1092.1 432 8.76786 0.671716 16.7562
1043.71 489.024 8.76078 0.833948 16.4999
738.202 319.334 9.6091 0.215318 13.5524
719.539 311.04 9.77288 -0.0335304 11.7824
758.938 412.646 9.39305 0.752259 13.8746
825.293 379.469 9.16132 0.541169 14.6424
831.514 470.707 9.11667 0.93856 15.225
651.11 445.824 10.2471 1.27256 9.02194
690.509 317.261 10.0126 -0.00401821 11.2435
678.067 431.309 9.99408 1.02992 9.59978
696.73 402.278 9.79316 0.757093 11.519
775.526 545.357 9.20882 1.37696 14.4784
792.115 460.339 9.22373 0.954787 14.4132
781.747 292.378 9.39148 0.0125497 13.7254
186.624 255.053 11.0945 0.679273 16.6586
230.17 205.286 11.1363 0.491193 16.4357
311.04 205.286 11.3155 0.323491 15.6133
45.6192 308.966 10.9661 0.87183 17.251
159.667 354.586 11.0385 0.946277 16.7461
205.286 74.6496 11.0759 0.212177 16.7882
327.629 95.3856 11.4297 -0.163677 15.4595
97.4592 97.4592 10.7984 0.481179 17.4673
89.1648 118.195 10.7942 0.523106 17.4839
559.872 199.066 11.6125 -1.0854 9.99418
433.382 244.685 12.0165 -0.0576942 12.2503
437.53 311.04 12.2424 0.393638 11.1159
564.019 107.827 11.3123 -1.37761 11.9251
568.167 55.9872 11.0602 -1.34733 13.1783
564.019 155.52 11.5307 -1.30393 10.6953
344.218 51.84 11.4407 -0.373754 15.4025
263.347 584.755 11.1573 1.78264 15.652
333.85 530.842 11.4086 1.77445 14.447
78.7968 593.05 10.9592 1.49313 16.9627
157.594 570.24 11.0245 1.5333 16.5684
165.888 655.258 11.0409 1.81319 16.408
261.274 512.179 11.1123 1.46685 15.8757
105.754 410.573 10.9939 1.08619 16.9655
143.078 439.603 11.0311 1.16358 16.7518
167.962 391.91 11.0612 1.04178 16.6499
159.667 510.106 11.0147 1.35544 16.6377
170.035 458.266 11.0355 1.22282 16.6047
522.547 526.694 10.8081 1.84858 12.6429
452.045 566.093 10.7451 1.80549 14.5803
439.603 599.271 10.6427 1.80521 15.1516
576.461 437.53 11.0666 1.35561 9.06221
582.682 449.971 11.1748 1.57604 7.70855
379.469 414.72 11.6824 1.2229 13.4428
412.646 425.088 12.0701 1.37485 11.6438
379.469 501.811 11.6873 1.8032 13.1164
814.925 267.494 9.28621 0.000593724 14.4808
856.397 203.213 9.21056 -0.223859 15.0578
883.354 269.568 9.08584 0.104208 15.3385
837.734 337.997 9.16464 0.359379 14.9198
696.73 155.52 10.1539 -0.986468 12.6138
659.405 141.005 10.4621 -1.22532 12.147
1013.99 279.936 8.90064 0.292537 16.4438
1061.68 286.157 8.80153 0.294372 16.4878
1213.06 53.9136 8.77382 -0.113277 17.0341
1111.45 186.624 8.81 0.0800231 16.7341
1132.19 147.226 8.81202 0.0177133 16.8341
1184.03 184.55 8.75823 0.127961 16.9616
1024.36 49.7664 8.96348 -0.404384 16.3364
991.181 143.078 8.97021 -0.17377 16.175
1061.68 174.182 8.86584 -0.00299191 16.5201
1040.95 172.109 8.88619 -0.0321967 16.4157
1034.73 155.52 8.90749 -0.0630309 16.4121
866.765 595.123 8.97782 1.32929 15.6377
926.899 551.578 8.8847 1.10121 15.975
866.765 369.101 9.08139 0.512948 15.3534
868.839 398.131 9.0467 0.608971 15.2409
887.501 516.326 8.97849 1.03459 15.7153
696.73 373.248 9.83046 0.48295 11.6339
781.747 371.174 9.32428 0.510555 14.1273
719.539 449.971 9.55531 1.04076 12.3406
1171.58 564.019 8.66592 0.926048 17.0039
976.666 574.387 8.8073 1.10433 16.2169
1092.79 671.846 8.67314 1.21644 16.7646
1022.28 671.846 8.72794 1.30695 16.5015
1051.32 617.933 8.71625 1.14565 16.5889
1130.11 435.456 8.72052 0.674893 16.8402
1227.57 431.309 8.67379 0.651919 17.1352
1171.58 441.677 8.71323 0.67355 17.0255
993.255 375.322 8.87954 0.536864 16.273
1072.05 416.794 8.7733 0.640458 16.6243
1063.76 360.806 8.79289 0.497705 16.5732
1032.65 362.88 8.8444 0.505267 16.4946
1018.14 464.486 8.8153 0.776489 16.4529
559.872 199.066 11.6125 -1.0854 9.99418
684.288 154.276 10.2073 -0.883381 12.9859
79.6263 599.685 10.9384 1.4961 16.998
97.0445 97.0445 10.801 0.478145 17.4624
126.904 577.29 10.9981 1.50041 16.7336
415.549 644.475 10.5084 1.82493 15.7604
552.407 223.949 12.0532 -1.15038 8.04845
522.547 525.036 10.823 1.82298 12.6159
582.267 450.386 11.1748 1.57604 7.70855
1015.23 99.5328 8.9311 -0.307243 16.2284
1025.19 49.7664 8.96396 -0.400289 16.3324
111.974 268.739 11.0403 0.749816 16.9974
52.2547 248.832 10.9725 0.751901 17.2684
507.617 609.638 10.3375 1.83274 15.0498
1176.98 388.178 8.71184 0.576963 16.9917
1065 539.966 8.73809 0.941259 16.6393
141.834 659.405 11.0074 1.77281 16.5797
1174.49 564.849 8.66308 0.929199 17.0166
52.2547 388.178 10.9519 1.03048 17.2164
632.033 278.692 11.2251 -0.984466 5.95079
569.825 276.204 11.6841 -0.521916 8.21898
1092.37 669.358 8.67291 1.22068 16.7591
144.323 437.944 11.017 1.15709 16.7861
368.271 176.671 11.71 -0.0951546 14.2352
370.76 126.904 11.5624 -0.255726 14.7326
985.375 549.919 8.82927 1.02163 16.3665
159.253 510.106 11.0194 1.35315 16.6384
281.18 542.454 11.2204 1.65831 15.4719
1069.98 639.498 8.70189 1.17571 16.6809
1050.07 617.103 8.7151 1.14368 16.5979
1097.35 360.806 8.7732 0.504703 16.7395
1129.7 594.709 8.75625 0.99896 17.0548
1124.72 74.6496 8.83583 -0.187633 16.7452
1181.95 104.509 8.79257 -0.0376359 16.9778
1184.44 79.6263 8.80133 -0.0756028 17.006
206.531 141.834 11.1082 0.361542 16.6645
1209.32 510.106 8.71589 0.800088 17.2056
1169.51 440.433 8.69994 0.684763 16.9886
154.276 276.204 11.0254 0.74748 16.8638
223.949 293.622 11.0957 0.737368 16.4385
298.598 84.6029 11.1814 0.038235 16.1429
52.2547 323.482 10.9539 0.897599 17.2462
47.2781 308.552 10.9606 0.868567 17.2575
320.993 243.855 11.2806 0.454896 15.5387
288.645 226.437 11.2212 0.455251 15.9481
908.237 161.741 9.09627 -0.300776 15.4373
1040.12 413.061 8.79545 0.637217 16.4776
1147.12 325.97 8.74128 0.427831 16.8758
176.671 281.18 11.0644 0.749044 16.7197
261.274 510.106 11.0861 1.45676 15.9395
204.042 74.6496 10.8217 0.316824 17.1532
1184.44 323.482 8.71964 0.434404 17.0012
179.159 191.601 11.0808 0.524815 16.7774
151.788 174.182 11.0543 0.514656 16.9163
967.957 325.97 8.97174 0.413012 16.28
325.97 502.641 11.3926 1.60439 14.6645
298.598 480.246 11.1927 1.3932 15.4817
1045.09 134.369 8.91099 -0.0967789 16.5154
1137.16 179.159 8.7881 0.0780842 16.8019
1079.93 258.785 8.84206 0.256894 16.7095
291.133 385.69 11.2917 1.02888 15.4976
709.171 482.734 9.55892 1.31303 12.1119
646.963 472.781 10.1813 1.55051 9.52584
1062.51 286.157 8.80464 0.29502 16.4881
977.91 243.855 8.97685 0.175022 16.2864
577.29 437.944 11.2984 1.4408 7.69801
826.122 572.314 9.06215 1.35181 15.1752
796.263 544.942 9.125 1.35988 14.4063
781.333 370.76 9.32724 0.513412 14.2542
880.865 246.344 9.10622 0.00496857 15.2887
791.286 460.339 9.21793 0.954739 14.2654
353.341 261.274 11.3587 0.450148 15.0197
801.239 343.388 9.27471 0.3727 14.4134
853.494 313.528 9.13687 0.231408 14.9529
813.681 308.552 9.25957 0.192631 14.5036
699.218 427.991 9.71774 0.925233 11.9579
669.358 418.038 10.0397 0.901919 10.0032
786.309 320.993 9.34571 0.187097 13.7205
462.828 301.087 12.2039 0.207557 10.6
432.968 316.017 11.9024 0.4648 12.2352
597.197 166.717 11.0655 -1.14877 11.3184
617.103 64.6963 10.7447 -1.40434 12.9876
562.36 109.486 11.3481 -1.40088 11.8513
821.146 170.201 9.35776 -0.484112 14.5797
1015.23 98.5375 8.95799 -0.262523 16.3197
1215.3 429.982 8.68193 0.645195 17.1091
567.337 259.781 12.4032 -1.15716 5.27937
1104.81 477.758 8.75469 0.779615 16.8414
1033.15 567.337 8.77848 1.01577 16.5958
1066 540.463 8.73665 0.941816 16.6316
1012.25 594.211 8.76363 1.12638 16.4133
158.257 627.057 11.0449 1.71141 16.4674
1212.31 510.603 8.69299 0.801006 17.1541
152.285 173.187 11.0566 0.513886 16.9168
110.481 355.332 10.9975 0.956599 16.9921
98.5375 182.145 11.0142 0.58249 17.1414
1146.62 421.024 8.72299 0.638971 16.9165
1107.8 418.038 8.75125 0.637924 16.7953
223.949 265.753 11.0063 0.683438 16.6334
949.543 101.523 9.06633 -0.414053 15.8012
725.594 534.491 9.42912 1.57424 12.8897
1125.72 74.6496 8.83578 -0.182875 16.7591
1203.35 155.271 8.75274 0.0787389 17.0231
1185.44 325.472 8.71816 0.429096 16.9811
164.229 435.954 11.071 1.1685 16.6028
152.285 409.08 11.062 1.09502 16.6878
167.215 391.164 11.0618 1.03867 16.6501
149.299 241.865 11.0388 0.674647 16.9081
328.458 265.753 11.5075 0.499742 14.9305
1149.6 325.472 8.75823 0.434687 16.9456
328.458 313.528 11.3168 0.715891 15.2501
226.935 203.047 11.1265 0.48315 16.4632
206.033 140.341 11.1092 0.364729 16.6634
656.917 483.729 10.0629 1.58302 10.0404
698.72 459.842 9.71931 1.17134 11.7646
910.725 164.229 9.1026 -0.264593 15.5602
1134.67 146.313 8.80268 0.0111821 16.7993
220.963 346.374 11.0776 0.914005 16.3947
223.949 295.612 11.0883 0.748216 16.455
845.034 223.949 9.23684 -0.174362 14.8858
997.319 373.248 8.87853 0.528527 16.3026
253.809 453.87 11.1575 1.25737 15.9414
1042.11 173.187 8.87907 -0.047557 16.3566
1036.14 155.271 8.92228 -0.0522168 16.4747
940.585 280.683 9.06987 0.291716 16.2307
325.472 367.276 11.3458 0.942976 15.0841
379.22 415.052 11.6405 1.22484 13.6132
385.192 382.206 11.6362 1.00904 13.5931
432.968 340.402 12.0521 0.664383 11.65
432.968 313.528 12.302 0.401 11.0535
782.328 415.052 9.28756 0.728972 13.9159
991.347 143.327 8.9735 -0.173028 16.1933
349.36 340.402 11.416 0.817262 14.7973
782.328 292.626 9.40564 -0.0108465 13.6243
1173.49 564.351 8.66508 0.926845 16.9925
1197.38 265.753 8.7366 0.320016 17.0375
740.524 158.257 9.78629 -1.02189 12.5492
686.776 155.271 10.1493 -0.846364 13.1724
633.029 471.786 10.4231 1.58975 8.96377
441.926 600.183 10.6221 1.81791 15.1446
346.374 552.407 11.3831 1.8871 14.3285
104.509 370.262 10.9771 0.993079 17.0388
80.6216 597.197 10.9364 1.50574 16.9974
295.612 603.169 11.1571 1.90594 15.3241
206.033 636.015 11.0114 1.7755 16.2778
561.365 200.061 11.6125 -1.0854 9.99418
98.5375 98.5375 10.7987 0.479622 17.4621
93.1627 290.238 10.9898 0.807871 17.0979
340.402 250.823 11.4663 0.419498 14.9303
978.209 576.892 8.80092 1.10929 16.2186
985.375 548.227 8.82108 1.01682 16.2849
146.91 437.148 11.0418 1.16529 16.7268
240.073 508.812 11.1213 1.43393 16.0174
207.825 136.161 11.1078 0.351635 16.6672
630.64 308.154 11.2841 -0.694897 4.60043
1146.62 326.07 8.74994 0.427015 16.8865
1089.29 322.486 8.78993 0.415045 16.6893
1132.29 89.5795 8.83404 -0.125856 16.8277
1182.45 103.912 8.80436 -0.0283507 17.0181
1207.53 508.812 8.68573 0.798155 17.1534
154.077 275.905 11.0102 0.750251 16.8935
143.327 240.073 11.0392 0.672312 16.9075
222.157 297.404 11.1185 0.753859 16.4149
340.402 440.731 11.3661 1.27353 14.7431
326.07 96.7459 11.3821 -0.127857 15.5488
326.07 526.728 11.2092 1.63973 15.0981
906.545 164.826 9.09942 -0.307326 15.4127
254.406 78.83 11.1892 0.0927645 16.3981
938.794 283.071 9.07142 0.28784 16.2095
1064.2 200.658 8.84486 0.0815151 16.5433
322.486 365.485 11.3458 0.942976 15.0841
859.964 587.642 8.96938 1.34427 15.4636
752.468 505.229 9.316 1.28012 13.5539
748.885 447.898 9.38964 0.94676 13.9427
412.066 218.574 11.9331 -0.106636 12.9705
383.4 243.656 11.5346 0.244204 14.3592
698.72 426.399 9.74253 0.912983 11.7753
727.386 361.901 9.61202 0.465924 13.5697
741.719 354.735 9.55484 0.415255 13.6666
781.134 286.655 9.39163 0.0179554 13.8883
734.552 322.486 9.63134 0.239497 13.6768
938.794 143.327 9.04956 -0.305539 15.6571
963.876 455.064 8.94156 0.779509 16.4274
1035.54 361.901 8.81304 0.491846 16.4122
1150.2 422.815 8.71529 0.643878 16.9219
1006.87 623.474 8.75234 1.20958 16.4057
1114.37 641.39 8.67149 1.12715 16.8503
1171.7 566.143 8.67144 0.916501 17.0093
1100.04 551.81 8.72229 0.940376 16.7908
777.55 551.81 9.21764 1.35544 14.5439
1153.78 308.154 8.71132 0.357118 16.8133
691.554 268.739 10.1436 -0.545105 10.2807
630.64 472.98 10.4182 1.59979 8.90179
372.651 515.978 11.6479 1.8754 13.2869
508.812 598.391 10.4326 1.8965 14.5916
580.475 551.81 10.2202 1.74844 13.6117
168.41 390.567 11.0595 1.03985 16.6604
272.322 412.066 11.2853 1.14632 15.6289
157.66 627.057 11.0401 1.71671 16.476
584.059 207.825 11.4046 -1.11249 9.77251
558.976 200.658 11.6764 -1.10175 9.76902
558.976 218.574 11.8544 -0.989342 9.10007
100.329 100.329 10.7999 0.478816 17.4623
163.393 249.389 11.0629 0.672501 16.8133
343.985 356.885 11.3796 0.880978 14.8594
1117.95 128.995 8.8367 -0.0345755 16.7815
1135.15 85.9964 8.83502 -0.13254 16.8217
176.293 503.079 11.0593 1.37214 16.4912
477.28 266.589 12.1437 -0.15053 10.6266
636.373 223.591 10.7991 -0.94424 10.1335
842.764 520.278 9.03999 1.12461 15.191
335.386 253.689 11.5295 0.406665 14.8057
322.486 503.079 11.3359 1.58639 14.8799
1036.26 356.885 8.81829 0.483796 16.4256
1040.56 275.188 8.80626 0.237935 16.2682
1006.16 266.589 8.89597 0.239888 16.275
808.366 240.79 9.33765 -0.177899 14.3486
1040.56 202.091 8.8761 0.045629 16.4234
1040.56 171.993 8.88033 -0.0511283 16.3214
1135.15 146.194 8.80177 -0.0147388 16.8026
386.984 322.486 11.3483 0.681718 14.6293
988.958 184.892 8.99429 -0.0095381 16.3416
352.585 206.391 11.3657 0.228445 15.1954
735.269 322.486 9.65118 0.197736 13.3167
1010.46 623.474 8.75198 1.21391 16.3929
1109.35 593.375 8.71723 1.02569 16.8603
1191.05 339.686 8.71639 0.467319 17.0196
1070.65 356.885 8.82202 0.511325 16.6766
1083.55 253.689 8.85169 0.253649 16.7174
692.271 266.589 10.1996 -0.658715 9.64232
632.073 468.68 10.3673 1.56895 9.47896
107.495 369.784 10.959 0.9934 17.0631
262.289 589.075 11.2371 1.83012 15.4161
137.594 137.594 10.9755 0.467482 17.1068
154.793 352.585 11.027 0.93901 16.802
111.795 266.589 10.976 0.761025 17.1008
223.591 296.687 11.1426 0.751465 16.3469
1083.55 252.829 8.85457 0.25794 16.7279
1176.43 98.0359 8.79223 -0.0414112 16.9888
1176.43 356.025 8.7178 0.502081 16.9947
1145.47 325.066 8.73128 0.417484 16.8473
856.524 588.215 9.05885 1.2554 15.8456
1031.96 567.576 8.77862 1.01644 16.5941
1001 371.504 8.87548 0.52887 16.3455
954.56 154.793 8.83401 -0.554247 14.8207
1001 185.752 8.97247 -0.0268122 16.2894
423.102 268.309 11.9158 0.18801 12.6278
412.783 221.871 11.9351 -0.0990621 12.9977
712.05 485.02 9.55147 1.30175 12.2579
1104.19 479.86 8.75752 0.781546 16.8416
1068.07 361.185 8.85661 0.542553 16.826
980.359 583.055 8.79549 1.11352 16.2345
1109.35 598.535 8.7074 1.03258 16.8334
696.571 423.102 9.76112 0.911666 11.6175
1155.79 237.35 8.78335 0.242102 16.9571
691.411 154.793 10.213 -1.0022 12.5531
577.896 443.741 11.0138 1.39258 9.36613
165.113 459.221 11.0508 1.20935 16.6138
278.628 407.623 11.3018 1.10385 15.525
423.102 196.072 12.0152 -0.352512 12.6853
583.055 206.391 11.4353 -1.10698 9.70106
557.256 206.391 11.7753 -1.12593 9.21561
572.736 278.628 12.4729 -1.12842 3.75647
196.072 123.835 11.0968 0.321264 16.7554
154.793 356.025 11.038 0.944435 16.7462
1021.64 538.681 8.79788 0.973914 16.4952
1040.21 198.136 8.86322 0.0367413 16.3967
1027.83 179.56 8.89554 -0.0183548 16.3448
445.805 328.162 11.9523 0.550743 11.7304
1009.25 266.245 8.89597 0.239888 16.275
823.501 464.38 9.13358 0.922218 14.8988
860.652 266.245 9.16523 0.0821911 15.2939
712.05 328.162 9.78305 0.169653 12.1564
743.009 303.395 9.58871 0.180506 14.0784
984.486 582.023 8.79046 1.14334 16.2502
1157.86 588.215 8.66003 0.969683 16.9887
674.9 470.572 9.80417 1.22276 12.3492
736.817 365.313 9.5469 0.538106 13.8179
1114.51 130.027 8.83881 -0.0572112 16.7348
1095.94 123.835 8.85164 -0.0488176 16.7347
990.678 297.203 8.95467 0.353076 16.5247
1145.47 321.97 8.74139 0.426764 16.862
699.666 142.41 10.0916 -0.801647 13.4855
693.475 266.245 10.0517 -0.448753 11.4009
371.504 427.23 11.5952 1.24973 13.7584
390.08 383.888 11.7734 1.01135 13.092
582.023 445.805 10.9805 1.4318 9.35323
260.053 588.215 11.207 1.81089 15.5506
315.779 507.723 11.3469 1.58793 14.8472
575.832 260.053 11.7787 -0.844168 7.51695
148.602 278.628 11.055 0.760194 16.8362
1010.49 297.203 8.87027 0.295597 16.2957
988.202 297.203 8.92517 0.310942 16.1992
980.771 245.193 8.96328 0.158341 16.271
965.911 364.074 8.96549 0.538697 16.2705
646.418 289.773 11.0454 -0.58317 6.74074
817.31 408.655 9.08465 0.644125 14.2069
438.375 334.354 11.74 0.580616 12.529
430.945 230.333 11.8453 -0.0293638 12.8876
765.299 319.494 9.44376 0.162934 13.363
1114.51 445.805 8.7349 0.703338 16.8206
1040.21 430.945 8.79599 0.669869 16.5183
1032.78 564.687 8.78516 1.01488 16.6388
1107.08 482.956 8.75345 0.790032 16.8531
1062.5 505.246 8.74387 0.861834 16.5857
676.138 475.526 9.82052 1.37064 11.059
713.288 416.085 9.6151 0.781231 12.7051
795.019 557.256 9.12411 1.36837 14.7912
1032.78 237.763 8.8665 0.14784 16.428
1129.37 156.032 8.80087 0.0425513 16.8479
936.191 289.773 9.07675 0.307514 16.2238
1084.79 245.193 8.85434 0.25008 16.7488
698.428 141.172 10.039 -0.912146 13.2909
854.46 208.042 9.21365 -0.21665 15.0535
861.89 334.354 9.11963 0.380097 15.2547
579.547 423.515 10.5629 1.05457 12.2962
334.354 416.085 11.1325 1.10097 15.5284
156.032 557.256 11.0074 1.4826 16.5999
319.494 505.246 11.3263 1.58775 14.8997
601.837 163.462 11.0779 -1.31665 10.9674
364.074 185.752 11.9669 -0.122496 13.6152
297.203 148.602 11.2803 0.173032 15.8538
178.322 356.644 11.052 0.946299 16.6413
1016.44 267.483 8.89084 0.235317 16.4235
864.862 356.644 9.03703 0.457689 15.4559
989.688 401.225 8.8402 0.584487 16.3125
1016.44 365.56 8.82129 0.491317 16.1376
962.939 508.218 8.85288 0.954545 16.1594
740.037 365.56 9.5494 0.485142 13.8315
989.688 205.07 8.98097 0.0594978 16.2465
1007.52 178.322 8.94495 -0.062184 16.1783
748.953 169.406 9.94788 -1.73843 9.69617
650.876 347.728 10.39 0.21715 9.62125
757.869 303.148 9.572 -0.0674456 12.4923
766.785 356.644 9.44785 0.398318 13.4199
784.617 285.315 9.4088 0.0538843 14.1939
401.225 445.805 11.9936 1.68571 11.8571
392.309 383.392 11.8163 1.01591 12.9397
588.463 454.721 11.0568 1.5486 8.14947
178.322 499.302 10.6984 1.18739 17.0654
329.896 543.882 11.398 1.85209 14.628
401.225 222.903 11.63 0.099734 13.8312
597.379 205.07 11.4353 -1.10698 9.70106
570.631 213.987 12.5761 -1.79431 5.00579
534.966 169.406 11.6795 -1.04885 10.6615
410.141 338.812 11.6245 0.69736 13.5581
579.547 258.567 12.1082 -1.14687 5.96858
312.064 303.148 11.397 0.675461 15.2963
