1145 220 5.48945 0.0287662 29.0365
1105 280 5.26108 0.239942 29.1987
1027 384 5.27501 0.558745 29.3596
1167 174 5.42933 -0.100739 29.0127
593 349 9.50677 0.847986 31.6051
896 413 7.62932 0.906193 29.4293
646 389 11.407 1.32397 31.445
960 109 6.55821 -0.517995 29.4644
835 378 10.1077 0.89604 29.6527
803 321 9.87675 0.450901 29.981
763 317 9.15179 0.444978 30.2605
1011 64 6.69884 -0.768892 29.2521
1039 620 5.03081 1.16015 29.3146
1040.4 598.8 5.02757 1.10036 29.3174
1041.6 582 5.03432 1.06392 29.3179
973.2 622.8 5.43529 1.32037 29.3823
955.2 618 5.27659 1.27147 29.4807
1105.2 280.8 5.25064 0.242222 29.2021
1208.4 655.2 4.77354 1.1066 29.0139
976.8 600 5.44255 1.25372 29.3831
885.6 224.4 8.56063 -0.234472 29.5351
602.4 358.8 9.59175 0.933655 31.51
1152 198 5.48524 -0.0363487 29.0282
1144.8 252 5.52375 0.11866 29.0122
1219.2 136.8 5.17243 -0.161265 28.9865
570 354 9.05265 0.89261 31.6693
576 326.4 9.02916 0.659994 31.6364
1209.6 100.8 5.31316 -0.292329 28.9719
1093.2 679.2 4.73342 1.1917 29.2658
970.8 28.8 6.55544 -0.867944 29.4618
981.6 520.8 5.46041 1.00497 29.392
987.6 105.6 6.27965 -0.475679 29.4053
764.4 316.8 9.15179 0.444978 30.2605
746.4 363.6 9.44826 0.83064 30.3705
838.8 345.6 9.65881 0.613981 29.6655
981.6 87.6 6.26188 -0.539735 29.4321
634.8 363.6 10.8768 1.03516 31.4694
807.6 342 9.64355 0.618581 29.9178
812.4 396 9.91037 1.06733 29.8297
324 93.6 6.37628 -0.349432 32.2622
922.8 231.6 8.25791 -0.176853 29.3393
874.8 313.2 9.88145 0.349425 29.4092
949.2 52.8 6.73919 -0.80906 29.518
1082.4 358.8 4.99562 0.464268 29.3114
1015.2 580.8 5.27389 1.13111 29.3203
1018.8 540 5.22982 1.0039 29.341
1081.2 562.8 4.93152 0.975241 29.2608
1045.2 536.4 5.04297 0.943275 29.3259
1009.2 646.8 5.39484 1.36751 29.2775
1056 669.6 4.83359 1.21634 29.3167
1182 441.6 4.91588 0.64121 29.0791
1010.4 405.6 5.48305 0.64119 29.3532
568.8 354.24 7.38409 0.773804 31.2393
576 326.88 8.95593 0.658886 31.6066
1056.96 103.68 6.86957 -0.658735 28.9957
947.52 76.32 6.66284 -0.680024 29.5108
1002.24 31.68 6.35936 -0.797359 29.3674
646.56 306.72 10.9764 0.456457 31.4345
1032.48 322.56 5.67826 0.372985 29.2777
800.64 313.92 9.79703 0.402796 30.0176
1026.72 384.48 5.28572 0.558722 29.3581
741.6 417.6 9.48432 1.25848 30.3634
717.12 420.48 9.63726 1.33926 30.5548
1120.32 652.32 4.75799 1.12424 29.2101
1169.28 172.8 5.41761 -0.098407 29.0133
1167.84 164.16 5.37676 -0.117975 29.0314
764.64 316.8 9.05776 0.441523 30.2403
781.92 280.8 9.57355 0.148226 30.1762
744.48 384.48 9.86885 1.03969 30.3924
718.56 374.4 9.92186 0.985648 30.6222
1177.92 246.24 5.41442 0.0978113 28.9599
560.16 352.8 8.16936 0.824457 31.5179
554.4 329.76 10.0652 0.752182 32.0804
537.12 322.56 7.86625 0.62502 31.6102
807.84 342.72 9.68325 0.620479 29.9193
895.68 413.28 7.67359 0.915947 29.4228
982.08 87.84 6.35174 -0.554633 29.4209
982.08 131.04 6.32372 -0.378513 29.4054
701.28 338.4 11.8613 0.764983 31.0025
593.28 377.28 8.86205 1.03601 31.4078
833.76 384.48 9.41064 0.908482 29.6773
635.04 364.32 9.76193 0.955467 31.2709
760.32 342.72 9.47324 0.661426 30.2932
836.64 345.6 9.99203 0.619071 29.6714
832.32 397.44 9.78892 1.05462 29.6711
324 93.6 6.63382 -0.401407 32.4325
601.92 358.56 9.42327 0.920574 31.4854
923.04 231.84 8.12565 -0.163935 29.3469
823.68 159.84 8.86249 -0.680035 29.9888
963.36 596.16 5.32429 1.21187 29.4494
997.92 541.44 5.44751 1.05635 29.3476
1082.88 544.32 4.94097 0.932529 29.2615
1044 535.68 5.04298 0.94106 29.3253
1100.16 685.44 4.70508 1.19476 29.2552
1056.96 669.6 4.83346 1.21802 29.3139
1221.12 442.08 4.83128 0.622141 29.0288
1251.36 449.28 4.66885 0.618788 29.0344
1010.88 404.64 5.44501 0.634904 29.359
1081.44 472.32 4.93515 0.744794 29.2923
575.424 326.592 9.89834 0.694307 31.8516
739.584 432 9.39217 1.37815 30.3576
979.776 566.784 5.4484 1.1626 29.3884
971.136 546.048 5.31586 1.06055 29.4529
972.864 622.08 5.43516 1.32171 29.3783
948.672 136.512 6.44389 -0.383799 29.498
1143.94 152.064 5.41825 -0.165411 29.0837
1031.62 323.136 5.69861 0.373877 29.2775
1036.8 395.712 5.24665 0.581012 29.3374
1045.44 378.432 4.92298 0.524669 29.4005
744.768 385.344 9.38507 1.00202 30.3614
960.768 107.136 6.46655 -0.509321 29.4694
981.504 88.128 6.38801 -0.561147 29.42
687.744 331.776 11.2526 0.687043 31.0705
537.408 323.136 7.98733 0.628313 31.6286
950.4 51.84 6.77875 -0.82358 29.5125
955.584 46.656 6.70584 -0.818475 29.5005
981.504 520.128 5.46102 1.00769 29.3918
724.032 314.496 9.35636 0.441668 30.5575
782.784 312.768 9.37248 0.404059 30.1665
765.504 316.224 9.05776 0.441523 30.2403
781.056 279.936 9.19738 0.156829 30.1585
762.048 278.208 9.38432 0.149691 30.318
789.696 416.448 9.61282 1.22505 29.9885
509.76 345.6 6.06094 0.671016 31.1895
691.2 407.808 9.40309 1.22248 30.7413
635.904 364.608 9.47932 0.936947 31.2078
862.272 371.52 9.61728 0.769411 29.4822
839.808 380.16 9.7509 0.895198 29.6641
763.776 330.048 10.0181 0.563169 30.3105
756.864 383.616 9.76978 1.02029 30.287
601.344 357.696 11.4918 1.06771 31.9375
922.752 233.28 8.01565 -0.152223 29.3551
824.256 158.976 8.86249 -0.680035 29.9888
675.648 127.872 8.77853 -0.790412 31.038
1150.85 198.72 5.48625 -0.0367266 29.0327
1218.24 285.12 4.43765 0.292811 29.2483
1010.88 65.664 6.54987 -0.726204 29.2754
1033.34 96.768 6.82797 -0.663783 29.1197
881.28 577.152 5.63077 1.28516 29.6462
841.536 675.648 5.78768 1.69971 29.7336
675.648 444.096 11.2406 1.79934 31.0757
1119.74 651.456 4.75804 1.12289 29.2132
1043.71 535.68 5.04276 0.937567 29.325
1221.7 442.368 4.83324 0.620831 29.0311
1209.6 425.088 4.85359 0.584203 29.0496
969.408 468.288 5.24064 0.821292 29.4987
831.514 377.395 10.2354 0.919708 29.6739
980.813 520.474 5.46059 1.00733 29.3901
698.803 402.278 11.2601 1.38631 30.8872
690.509 406.426 10.8296 1.36328 30.9242
796.263 348.365 10.0843 0.685243 30.0247
806.63 340.07 9.83403 0.599304 29.9326
742.349 383.616 9.25694 0.98621 30.3592
744.422 375.322 9.18775 0.899476 30.3459
719.539 373.248 9.38157 0.946153 30.5543
1175.73 259.2 5.37576 0.144569 28.9757
1177.8 244.685 5.42375 0.107318 28.9596
653.184 373.248 11.5891 1.18801 31.4335
694.656 358.733 11.3688 0.949359 30.9883
785.895 429.235 9.42938 1.3165 29.9974
765.159 435.456 9.32482 1.37494 30.1505
787.968 414.72 9.97929 1.258 30.0169
1208.91 105.754 5.25986 -0.259171 28.9824
617.933 373.248 7.82681 0.897412 31.031
856.397 346.291 9.68375 0.596092 29.5314
746.496 352.512 9.44586 0.744501 30.3894
748.57 325.555 9.59997 0.528842 30.4033
736.128 290.304 10.9606 0.244203 30.576
727.834 290.304 11.3225 0.206121 30.7328
758.938 358.733 9.48948 0.783589 30.2681
779.674 340.07 9.09888 0.612984 30.1165
763.085 329.702 10.0591 0.556321 30.3126
804.557 439.603 8.95741 1.30287 29.8682
816.999 277.862 9.4487 0.0967244 29.8916
792.115 250.906 8.95996 -0.0444229 30.0981
802.483 391.91 9.6073 0.989887 29.9019
794.189 375.322 9.23627 0.862112 30.0043
553.651 329.702 8.06023 0.662828 31.5489
566.093 298.598 8.56417 0.440709 31.6185
369.101 632.448 5.54346 1.75174 31.42
920.679 232.243 8.16211 -0.166211 29.3548
870.912 226.022 8.09159 -0.169616 29.6367
798.336 319.334 9.46755 0.440061 29.9951
661.479 228.096 10.1456 -0.229623 31.2645
752.717 252.979 8.93767 0.0245609 30.3927
750.643 236.39 10.5825 -0.254389 30.5104
765.159 315.187 9.3697 0.439255 30.2582
823.219 157.594 8.62412 -0.649353 29.9757
841.882 145.152 8.46885 -0.715545 29.8802
736.128 143.078 8.21691 -0.63732 30.524
1009.84 64.2816 6.74302 -0.777059 29.2479
1032.65 97.4592 6.91843 -0.683341 29.0992
1119.74 651.11 4.75791 1.12273 29.2126
1134.26 636.595 4.88574 1.12221 29.1388
1013.99 578.534 5.29077 1.13385 29.3217
982.887 669.773 5.38436 1.44501 29.3473
960.077 617.933 5.29381 1.27181 29.4638
1055.46 669.773 4.83374 1.21832 29.3151
1074.12 628.301 4.83252 1.11047 29.2853
1011.92 404.352 5.37852 0.626294 29.3697
1053.39 398.131 5.0718 0.573265 29.3387
545.357 644.89 5.74973 1.74513 30.816
325.555 95.3856 6.84081 -0.415123 32.5104
808.704 415.549 9.51683 1.20245 29.8372
818.657 278.692 9.78698 0.0836937 29.9061
694.241 358.318 11.9591 0.99727 31.0784
686.776 333.435 12.2002 0.713981 31.208
783.821 427.991 9.17898 1.27451 29.9967
788.798 415.549 9.94419 1.24459 30.0205
313.528 84.6029 6.49866 -0.397951 32.3811
460.339 634.522 5.94681 1.84562 31.2225
841.052 144.323 8.34904 -0.707551 29.8704
823.634 156.764 8.50479 -0.640539 29.9791
199.066 146.811 7.68808 -0.256949 33.8607
373.248 584.755 6.38472 1.88158 31.7996
1030.16 505.129 5.08056 0.858356 29.3726
1045.09 477.758 5.05934 0.787717 29.3286
781.333 452.874 8.79069 1.38915 29.9971
761.426 276.204 9.16957 0.130278 30.3033
958.003 567.337 5.36767 1.13711 29.4551
1035.14 405.596 5.49985 0.631652 29.2845
1097.35 641.987 4.72907 1.10668 29.2646
1097.35 629.545 4.89478 1.11936 29.2215
1139.65 176.671 5.58923 -0.114454 29.0349
868.424 199.066 8.41926 -0.386897 29.6579
1010.26 64.6963 6.76346 -0.785815 29.2411
552.407 328.458 6.88852 0.606692 31.2241
833.587 340.9 9.97982 0.571881 29.6916
798.751 318.505 10.0746 0.443439 30.0234
666.87 283.669 12.5181 0.186011 31.5492
756.449 383.201 9.08358 0.940551 30.2302
766.403 316.017 9.31309 0.442537 30.2575
544.942 644.475 5.87926 1.79028 30.8469
734.552 343.388 8.84438 0.663569 30.4146
743.51 382.206 8.88964 0.949831 30.3304
734.552 367.276 8.71003 0.814938 30.3642
722.608 373.248 9.13314 0.913351 30.4951
785.314 426.996 9.7641 1.33582 30.0167
764.412 435.954 9.13745 1.34154 30.1527
241.865 591.225 6.03328 1.8649 32.232
310.542 612.127 5.82451 1.8153 31.79
1212.31 424.01 4.85274 0.581305 29.0483
627.057 576.295 6.39378 1.63877 30.6325
274.711 570.323 6.14591 1.80998 32.1524
683.79 143.327 8.49507 -0.663324 30.9251
809.202 200.061 9.07422 -0.425925 30.0284
824.132 155.271 8.42672 -0.636283 29.9791
1077.94 630.043 4.56141 1.0342 29.3624
755.454 612.127 6.55411 1.75853 30.0532
871.907 256.795 9.8426 -0.137922 29.4556
919.683 232.907 8.34782 -0.180048 29.3504
871.907 223.949 8.27239 -0.225934 29.6177
713.65 477.758 9.21036 1.74351 30.4823
1188.42 167.215 5.32555 -0.11149 28.9937
943.571 259.781 9.53704 -0.137983 28.9665
459.842 636.015 5.7589 1.77634 31.1444
1077.94 468.8 4.9326 0.740937 29.3009
1143.63 250.823 5.51214 0.127219 29.0325
982.389 519.561 4.93875 0.904611 29.5175
1012.25 65.6917 6.71637 -0.770552 29.2546
1054.05 400.122 5.06564 0.585542 29.3442
1015.23 403.108 5.35541 0.622201 29.3723
1066 283.669 5.34849 0.257238 29.2564
597.197 394.15 9.09917 1.18715 31.43
979.403 89.5795 6.38301 -0.557338 29.4283
806.216 438.94 8.31585 1.20334 29.8554
794.272 358.318 9.66446 0.782027 29.9959
800.244 319.5 9.40035 0.423404 30.005
1006.28 468.8 5.44398 0.828528 29.3513
889.823 131.383 8.00808 -0.713691 29.6128
656.917 415.052 9.44846 1.34657 31.0151
429.982 310.542 5.21504 0.519533 31.183
791.286 400.122 8.79062 1.01348 29.9754
522.547 301.584 10.2649 0.544561 32.4997
704.692 340.402 10.7617 0.721758 30.8338
644.973 358.318 12.3713 1.083 31.6766
767.398 316.514 8.88359 0.423367 30.2155
737.538 429.982 9.24022 1.3515 30.3511
758.44 382.206 9.37386 0.96392 30.2504
671.846 125.411 8.70408 -0.776019 31.0191
630.043 438.94 10.441 1.7332 31.3815
558.976 634.223 5.88133 1.76255 30.8072
512.395 555.393 6.79891 1.80294 31.3086
1039.12 530.311 5.03913 0.927958 29.3362
627.057 576.892 6.3111 1.63663 30.6117
612.724 275.905 10.247 0.218802 31.6489
698.72 641.39 6.35832 1.85996 30.3089
1035.54 612.724 5.03329 1.14571 29.3262
705.887 469.397 10.2224 1.88041 30.6719
673.638 440.731 11.2451 1.8193 31.131
670.055 283.071 9.26097 0.245637 30.9771
917.294 232.907 8.38061 -0.177006 29.3407
963.876 254.406 8.0503 -0.042672 29.1331
738.135 254.406 10.4149 -0.117122 30.6014
960.293 498.062 5.16159 0.894093 29.5113
1028.37 505.229 5.34995 0.914093 29.3019
1014.04 401.316 5.31553 0.618341 29.3734
1042.71 379.817 5.25345 0.533493 29.3391
1006.87 394.15 5.47056 0.609147 29.3727
197.075 146.91 8.26324 -0.316547 34.3199
781.134 451.481 9.06304 1.44619 29.9919
727.386 462.23 9.46899 1.66921 30.4242
1010.46 68.0805 6.69796 -0.764677 29.2442
1139.45 250.823 5.28362 0.142597 29.1013
834.881 340.402 9.98647 0.585773 29.7035
795.466 318.903 9.40035 0.423404 30.005
616.307 419.232 8.60129 1.28441 31.1569
494.479 358.318 7.01915 0.832575 31.5734
856.38 265.155 10.908 -0.100946 29.5602
816.965 279.488 9.35823 0.11124 29.9005
831.298 247.24 11.1668 -0.271067 29.7532
490.896 315.32 7.67102 0.596134 31.8345
691.554 401.316 10.3008 1.28328 30.8348
655.722 412.066 11.0257 1.554 31.2611
727.386 333.236 9.24604 0.595523 30.4939
734.552 304.57 11.2379 0.338286 30.6853
831.298 379.817 9.26012 0.86497 29.6839
644.973 358.318 12.2372 1.07139 31.6694
1207.53 444.315 4.83615 0.633042 29.04
1078.54 537.477 4.93852 0.920815 29.2711
806.216 200.658 8.83075 -0.4011 30.0388
311.737 612.724 5.87078 1.83128 31.8129
265.155 623.474 5.30293 1.68622 31.6928
526.728 111.079 8.30571 -0.7502 31.9662
976.059 90.2962 6.51462 -0.581991 29.4289
1027.66 503.079 5.34462 0.919232 29.3041
515.978 266.589 9.05833 0.247919 32.2062
782.567 451.481 8.7209 1.39013 29.9974
730.969 455.781 9.26262 1.58132 30.3981
967.459 567.576 5.35391 1.14524 29.4595
834.165 339.686 9.33075 0.549872 29.6889
1006.16 395.583 5.31839 0.621638 29.4053
1152.35 223.591 5.45854 0.041335 29.0294
571.876 296.687 6.39375 0.416671 31.0135
1001.86 90.2962 6.28775 -0.522837 29.3735
769.667 275.188 9.67804 0.113121 30.2368
782.567 223.591 9.88682 -0.316608 30.2412
726.669 331.086 9.31486 0.570554 30.5044
735.269 305.287 9.43666 0.428162 30.4952
477.28 313.887 7.21673 0.572523 31.7824
838.465 404.183 9.67807 1.08846 29.6167
786.867 421.382 9.75618 1.29877 30.022
644.973 356.885 7.43309 0.709094 30.8229
709.47 288.088 12.4704 0.168134 31.054
640.673 292.388 10.3219 0.327857 31.4012
1074.95 460.081 4.92155 0.715196 29.3057
945.96 601.975 5.38303 1.25725 29.5039
890.062 610.574 5.81087 1.46013 29.5941
679.371 154.793 8.58992 -0.594995 30.9858
825.565 154.793 8.40921 -0.648686 29.9935
890.062 128.995 7.77427 -0.690923 29.6224
460.081 632.073 5.92333 1.84008 31.1993
546.077 606.274 6.56312 1.91286 31.04
202.091 610.574 5.51913 1.76617 32.0725
584.775 253.689 10.0995 0.0834697 31.9208
562.416 356.025 5.25572 0.61502 30.7134
541.777 304.427 7.12771 0.523717 31.4232
598.535 356.025 11.0143 0.984692 31.8977
732.689 288.948 8.93315 0.24711 30.4856
278.628 211.551 8.45828 0.0566362 33.784
448.901 371.504 4.16047 0.623981 30.6677
949.4 552.097 5.36375 1.08637 29.5059
397.303 376.664 6.43776 0.887114 31.875
479.86 340.546 4.94127 0.595439 30.9067
448.901 335.386 4.9645 0.577975 31.0191
655.292 407.623 11.6172 1.56843 31.3733
691.411 325.066 9.81457 0.551539 30.8439
670.772 299.267 9.33267 0.427828 30.9659
722.369 485.02 9.14572 1.77034 30.3932
830.725 340.546 8.958 0.554648 29.7148
825.565 381.824 9.28417 0.872198 29.7164
815.246 278.628 9.36236 0.100969 29.8795
830.725 247.67 10.6118 -0.249778 29.7863
1016.48 402.463 5.29645 0.615566 29.3715
939.08 134.154 6.8374 -0.492577 29.5322
1073.23 464.38 4.9093 0.731199 29.3458
1031.96 608.854 5.05401 1.13307 29.3277
944.24 603.694 5.37209 1.24586 29.501
670.772 454.061 9.96814 1.6534 30.9751
1140.31 185.752 5.58927 -0.101001 29.021
675.931 154.793 8.22126 -0.545237 30.904
675.931 283.788 8.43453 0.264887 30.8062
866.843 257.989 10.9533 -0.137393 29.5387
567.576 572.736 6.00383 1.57162 30.8268
536.617 546.937 5.07638 1.20293 30.6888
541.777 118.675 5.78079 -0.209814 31.0532
201.231 149.634 8.08832 -0.291748 34.1769
755.392 402.463 11.447 1.36636 30.4014
718.242 359.121 9.29151 0.822194 30.5289
804.926 352.929 9.77115 0.695104 29.8934
792.543 315.779 11.3147 0.41308 30.1537
910.186 235.286 7.89291 -0.14434 29.3857
532.49 309.587 4.9998 0.465234 30.7795
631.557 396.271 7.12128 0.938101 30.7795
724.433 334.354 11.7198 0.655725 30.8132
767.776 309.587 10.1491 0.431579 30.3116
730.625 309.587 9.69262 0.406402 30.5356
835.885 451.997 7.46368 1.1736 29.7181
916.377 142.41 6.27627 -0.334296 29.6177
916.377 198.136 7.89116 -0.318152 29.5231
656.324 352.929 9.53484 0.765014 31.177
780.159 414.846 8.90525 1.16806 29.9899
817.31 278.628 10.1645 0.0650399 29.9246
792.543 241.478 9.81881 -0.205348 30.1707
860.652 204.327 9.2497 -0.523317 29.6349
873.035 191.944 7.59946 -0.340591 29.6617
755.392 291.012 9.67612 0.227031 30.3834
1046.4 439.613 5.28841 0.713095 29.3064
1145.47 185.752 5.57337 -0.0902333 29.0217
687.283 130.027 7.55812 -0.589261 30.7337
817.31 167.177 8.62412 -0.649353 29.9757
848.268 142.41 8.66647 -0.765061 29.8612
823.501 148.602 7.85513 -0.580401 29.9517
489.147 210.519 7.90711 -0.0746202 32.0236
588.215 222.903 9.3286 -0.157177 31.751
575.832 297.203 7.13092 0.415072 31.1428
582.023 253.861 5.42125 0.27773 30.7304
1084.79 371.504 4.94536 0.482308 29.3122
1047.64 304.634 5.32335 0.327807 29.284
460.665 401.225 4.19172 0.694699 30.6727
653.848 356.644 10.1855 0.885622 31.1542
690.998 326.924 10.4662 0.600623 30.9103
765.299 371.504 8.24726 0.850829 30.1931
713.288 430.945 8.69669 1.30049 30.4874
1025.35 401.225 5.08569 0.606399 29.4402
646.418 393.795 9.98653 1.26701 31.1104
772.729 312.064 8.42577 0.411514 30.2026
416.085 341.784 4.12421 0.552473 30.7565
393.795 356.644 6.19816 0.803898 31.7846
542.396 378.934 3.36847 0.520207 30.2634
1017.92 475.526 5.46425 0.845037 29.3356
1032.78 460.665 5.17295 0.753231 29.3731
661.278 438.375 10.3834 1.67507 31.0784
780.159 453.235 8.17511 1.30993 29.9699
869.32 193.182 9.17424 -0.440845 29.7111
847.03 141.172 8.61574 -0.648804 29.879
728.148 304.634 12.0406 0.365818 30.7887
757.869 289.773 11.4068 0.0680628 30.3717
824.74 245.193 10.0928 -0.198054 29.794
631.557 401.225 8.1896 1.05102 30.9644
579.547 260.053 9.1315 0.137019 31.7097
274.913 156.032 7.54928 -0.230166 33.3001
683.568 482.956 10.0047 1.97052 30.7815
1069.93 240.735 4.99599 0.169699 29.3508
1087.76 267.483 4.68769 0.253949 29.3893
499.302 213.987 7.25994 -0.0457574 31.7491
454.721 213.987 7.18423 0.0210158 31.9826
570.631 294.231 7.06978 0.388657 31.1381
713.288 427.973 9.03903 1.3259 30.4674
392.309 356.644 4.97541 0.679796 31.2132
820.282 338.812 8.52785 0.54218 29.7917
775.701 312.064 8.08902 0.413621 30.1067
900.527 196.154 7.44431 -0.280419 29.5274
909.443 169.406 7.97563 -0.551793 29.5457
659.792 436.889 9.58567 1.53925 30.9447
695.456 410.141 10.2458 1.31416 30.8114
847.03 383.392 9.67609 0.88468 29.686
740.037 481.47 10.5825 1.95923 30.4222
909.443 231.819 8.55962 -0.223879 29.4229
659.792 356.644 9.34497 0.845008 31.0464
731.121 303.148 9.59828 0.363046 30.5438
686.54 303.148 8.02773 0.342717 30.6239
481.47 383.392 4.6219 0.713409 30.7788
633.043 436.889 10.1758 1.62683 31.2839
526.05 249.651 7.86949 0.169811 31.7071
392.309 267.483 4.37684 0.382809 30.9272
374.476 472.554 6.35026 1.41345 31.9087
