415 837 -1.20696 0.653365 2.9015
396 866 -1.19032 0.675899 2.772
434 806 -1.20624 0.605464 2.9965
508 328 -1.31144 -0.562862 3.7515
488 51 -1.29041 -1.24429 3.533
559 213 -1.44481 -1.08161 4.61575
1876 196 0.710368 -0.275031 1.141
432 654 -1.21474 0.265493 3.00425
402 852 -1.19973 0.663719 2.8115
309.6 1012.8 -1.12199 0.798933 2.28425
1276.8 996 0.530402 0.828885 2.4645
313.2 1002 -1.11917 0.789083 2.29525
507.6 327.6 -1.312 -0.561742 3.7515
403.2 858.24 -1.20607 0.677051 2.84425
416.16 836.64 -1.2053 0.650106 2.90125
501.12 95.04 -1.28426 -1.14764 3.5985
498.24 705.6 -1.30729 0.469164 3.67225
508.32 596.16 -1.33994 0.188167 3.84125
920.16 272.16 -0.290279 -1.18189 6.16175
938.88 457.92 -0.0310952 -0.0498156 0.92325
408.96 849.6 -1.19669 0.664714 2.84375
432 653.76 -1.21581 0.266569 3.00425
504 197.28 -1.30692 -0.905905 3.68975
560.16 214.56 -1.44442 -1.07512 4.6145
436.32 594.72 -1.22524 0.138509 3.0505
435.456 596.16 -1.22093 0.1388 3.033
563.328 212.544 -1.42362 -1.07561 4.606
919.296 266.112 -0.287957 -1.2077 6.164
919.296 271.296 -0.287887 -1.18358 6.1625
938.304 456.192 -0.0312275 -0.0499808 0.92325
432 653.184 -1.22101 0.265029 3.0235
490.752 717.12 -1.29518 0.484533 3.59125
518.4 651.11 -1.34681 0.335847 3.9475
518.4 646.963 -1.34961 0.340871 3.94675
431.309 599.271 -1.21021 0.145868 2.97775
435.456 595.123 -1.2225 0.140755 3.033
564.019 215.654 -1.42658 -1.07462 4.606
559.872 215.654 -1.42896 -1.07581 4.606
937.267 456.192 -0.0315784 -0.049047 0.906
432.968 597.197 -1.21884 0.137013 3.03325
507.617 338.412 -1.32145 -0.544532 3.77725
1062.51 649.452 0.24931 0.375919 4.4185
505.129 296.11 -1.32354 -0.648528 3.7435
919.683 271.725 -0.293352 -1.18809 6.1625
1060.02 647.959 0.252318 0.37838 4.4185
519.561 644.973 -1.34573 0.33252 3.9515
432.968 650.945 -1.22034 0.259998 3.023
429.982 612.127 -1.21266 0.174863 2.9685
558.976 214.991 -1.45385 -1.07506 4.61625
920.878 268.739 -0.282415 -1.19377 6.1635
935.21 455.064 -0.031825 -0.0495515 0.906
433.565 648.556 -1.21418 0.253318 3.005
433.565 594.808 -1.20981 0.142244 2.97775
515.978 548.227 -1.28431 0.0536186 3.7345
507.379 283.788 -1.33003 -0.709093 3.765
1057.76 644.973 0.255862 0.377199 4.4185
920.161 270.889 -0.295585 -1.19372 6.16325
937.36 455.781 -0.0325451 -0.0516632 0.9265
433.422 644.973 -1.21764 0.248737 3.004
428.262 619.174 -1.20781 0.177915 2.97975
918.441 268.309 -0.291559 -1.17367 6.16175
505.659 299.267 -1.32027 -0.636296 3.716
433.422 593.375 -1.21843 0.141361 3.0155
1057.76 644.973 0.250193 0.382868 4.4185
1058.79 643.941 0.246735 0.365778 4.4175
1062.5 646.418 0.250305 0.352816 4.4085
520.106 631.557 -1.35086 0.293912 3.94575
