1181 479 -1.26556 -1.89326 26.3876
1557 251 2.24368 -3.19552 22.6306
1576 224 1.90904 -3.36185 22.6424
255 136 3.87111 -4.89365 32.8845
1783 343 1.71782 -2.38245 21.1895
1824 706 -6.16271 -1.8783 26.5797
1871 419 1.76552 -1.77086 20.4687
1385 571 -4.57442 -1.8619 26.596
1111 342 1.73038 -2.70109 26.1991
487 515 1.41798 -1.77785 30.5952
1182 434 -1.27657 -2.12739 26.3791
1886 1054 -6.21259 -1.39608 26.5258
544 342 1.62102 -2.93534 30.1442
278 333 1.44277 -3.0859 31.8579
1818 386 1.84761 -2.06607 20.8384
428 306 1.11669 -3.18945 30.7536
1050 354 1.2522 -2.61884 26.7056
1378 398 1.61043 -2.19188 24.3022
1766 384 1.75419 -2.09961 21.309
1364 382 1.44081 -2.28993 24.457
883 122 1.92481 -4.35505 27.7209
1676 157 2.21694 -3.85359 21.6991
1502 248 2.07523 -3.23326 23.1373
1766 700 -6.06569 -1.86473 26.5964
1522 612 -5.35168 -1.88319 26.6106
1870.8 418.8 1.72214 -1.77605 20.5025
1858.8 685.2 -6.11824 -1.89173 26.4996
1320 562.8 -4.27445 -1.8556 26.6702
403.2 504 -2.4233 -2.0914 29.7842
1311.6 582 -4.29693 -1.80466 26.6921
1452 576 -4.97156 -1.9044 26.5882
92.4 444 -4.01756 -2.39332 30.0328
486 386.4 1.6104 -2.65487 30.561
450 385.2 1.15192 -2.66235 30.6854
488.4 368.4 1.71484 -2.78218 30.5702
1628.4 394.8 -3.03667 -2.22821 25.0817
1089.6 334.8 1.51538 -2.75195 26.3818
583.2 517.2 1.71432 -1.70925 30.0128
1880.4 321.6 1.07223 -2.51229 20.9434
1381.2 340.8 1.57987 -2.57962 24.2788
1422 296.4 1.08175 -2.8735 24.1647
54 450 -4.32998 -2.37901 29.9507
25.2 438 -4.16607 -2.41842 30.1118
392.4 384 1.39378 -2.71406 31.1242
1683.6 339.6 1.76599 -2.46788 21.9213
1615.2 344.4 1.68584 -2.45827 22.4945
1182 435.6 -1.26945 -2.10235 26.3716
939.6 306 1.08614 -2.98447 27.4288
369.6 438 1.46053 -2.35403 31.3306
537.6 387.6 1.43468 -2.61824 30.1807
1102.8 524.4 1.50873 -1.41139 26.3587
1110 483.6 1.94228 -1.67526 26.2365
1356 327.6 1.70007 -2.70909 24.4208
1324.8 337.2 1.46619 -2.64081 24.714
1320 291.6 0.886154 -2.90055 24.9335
441.6 337.2 1.47499 -3.01609 30.7856
434.4 300 1.45201 -3.25225 30.8077
1312.8 417.6 1.81418 -2.05844 24.7209
394.8 328.8 1.5221 -3.0815 31.1216
421.2 468 1.59809 -2.11386 31.0527
238.8 339.6 1.6803 -3.08274 32.2261
210 339.6 1.37502 -3.07053 32.2745
564 318 1.90845 -3.10955 30.0672
1405.2 381.6 1.56048 -2.28716 24.1182
1104 435.6 1.24061 -2.05498 26.3511
331.2 310.8 1.7113 -3.24662 31.581
1880.4 388.8 1.55451 -2.02784 20.5547
583.2 471.6 1.89987 -2.02582 30.0281
558 459.6 1.78482 -2.11979 30.1703
552 426 1.93625 -2.35996 30.221
519.6 469.2 1.62417 -2.06556 30.3985
487.2 469.2 1.72326 -2.08346 30.6396
465.6 423.6 1.40157 -2.41487 30.6786
439.2 423.6 1.41379 -2.42222 30.8514
1070.4 396 2.24942 -2.33882 26.4499
248.4 356.4 1.74182 -2.96692 32.2007
1364.4 381.6 1.62805 -2.30461 24.3984
1346.4 369.6 1.41962 -2.3996 24.5908
1312.8 369.6 1.8273 -2.41577 24.7215
1765.2 384 1.77791 -2.10712 21.2875
1059.6 474 1.53881 -1.79745 26.6426
1062 434.4 1.29557 -2.08311 26.6375
1460.4 358.8 1.62147 -2.41451 23.6859
1452 350.4 1.61889 -2.48825 23.7247
1131.6 357.6 1.88644 -2.58163 26.0341
300 300 1.572 -3.32201 31.7462
399.6 82.8 0.563969 -4.45386 30.5991
609.6 178.8 5.1812 -4.62916 30.2833
282 984 -4.5314 -1.00544 29.45
69.6 928.8 -4.44892 -1.16996 29.9948
195.6 572.4 -3.79731 -1.9961 29.9083
582 834 -3.13077 -0.905335 29.0234
505.2 546 1.67933 -1.53715 30.5736
614.4 576 1.07389 -1.3486 29.7054
1251.6 474 -3.10229 -2.02232 26.5254
1314 31.2 -1.22622 -4.03932 25.6188
1420.8 243.6 2.32052 -3.31218 23.6821
1362 242.4 2.2193 -3.34326 24.1709
1428 187.2 2.1799 -3.72197 23.6542
1006.8 172.8 1.88987 -3.95121 26.8591
1725.6 337.2 1.61653 -2.45015 21.6917
1522.8 152.4 1.88589 -3.90209 23.0725
1212 840 -3.05177 -0.658221 26.7197
1784.4 754.8 -6.08082 -1.78117 26.5781
1280.16 502.56 -3.07844 -1.92285 26.417
1097.28 552.96 1.62573 -1.21764 26.3889
1399.68 336.96 1.77038 -2.60483 24.0763
1380.96 342.72 1.55163 -2.57651 24.2807
1627.2 305.28 1.17644 -2.71776 22.7025
394.56 360 1.44137 -2.87173 31.1205
594.72 256.32 0.977556 -3.41087 29.6271
1396.8 528.48 -4.35842 -1.94549 26.483
724.32 472.32 1.77066 -1.96052 29.0215
485.28 385.92 1.69269 -2.65981 30.5839
488.16 368.64 2.06915 -2.7958 30.6567
1357.92 339.84 1.5164 -2.59484 24.4539
66.24 424.8 -4.19941 -2.44382 29.9864
1183.68 352.8 -1.26643 -2.5294 26.3397
1368 421.92 1.4157 -2.02763 24.4459
485.28 315.36 1.32796 -3.1046 30.431
440.64 336.96 1.29344 -2.99154 30.7546
940.32 305.28 1.07542 -2.98687 27.4362
537.12 387.36 2.11044 -2.63199 30.3463
624.96 432 2.11411 -2.2768 29.7479
504 315.36 1.70285 -3.12106 30.445
385.92 465.12 1.3109 -2.16717 31.1916
1874.88 388.8 1.77393 -2.02619 20.4472
1889.28 378.72 1.70657 -2.07255 20.3986
293.76 326.88 2.13287 -3.19315 32.0224
1383.84 413.28 1.54998 -2.06637 24.2851
322.56 313.92 1.22091 -3.18828 31.4768
552.96 342.72 1.86809 -2.94061 30.1411
210.24 339.84 1.65361 -3.0936 32.3841
381.6 311.04 1.27521 -3.18844 31.1118
465.12 423.36 1.40026 -2.41306 30.6832
146.88 453.6 -3.76765 -2.35592 30.017
707.04 391.68 2.61124 -2.5251 29.1915
1069.92 355.68 1.92302 -2.63101 26.4691
623.52 344.16 1.86798 -2.89547 29.6531
1692 381.6 1.93429 -2.16397 21.7797
1764 383.04 2.0033 -2.10966 21.1622
1772.64 377.28 1.63996 -2.16012 21.3206
1330.56 383.04 1.63767 -2.29409 24.6376
1337.76 368.64 1.92038 -2.4073 24.5008
1448.64 398.88 1.83797 -2.14133 23.6909
201.6 403.2 -2.97698 -2.52194 30.2426
207.36 352.8 1.73227 -3.01269 32.4618
1095.84 396 1.61225 -2.32166 26.3495
1131.84 357.12 2.8393 -2.58548 25.8462
1092.96 357.12 1.2904 -2.59702 26.3932
149.76 347.04 1.1701 -3.02975 32.5482
401.76 504 -1.96767 -2.06685 29.9349
146.88 505.44 -3.99888 -2.21352 29.9147
383.04 64.8 0.889009 -4.64329 30.7961
465.12 233.28 0.973017 -3.60587 30.4181
125.28 177.12 5.94244 -5.03101 35.0475
240.48 565.92 -3.54556 -1.98427 29.8979
1303.2 388.8 1.84445 -2.29974 24.7746
1251.36 473.76 -2.78406 -2.0054 26.4455
1383.84 93.6 1.43464 -4.28581 24.2423
1362.24 240.48 1.99142 -3.34313 24.2376
993.6 102.24 1.57488 -4.3875 26.9467
1103.04 110.88 2.30092 -4.41257 26.0804
1683.36 453.6 -4.71567 -2.12251 25.8935
1873.44 525.6 -5.4659 -2.01834 25.9768
1487.52 493.92 -4.31641 -2.01958 26.1968
1676.16 156.96 2.41259 -3.87744 21.5779
1810.08 181.44 2.57938 -3.65725 20.3963
1476 126.72 2.55423 -4.21644 23.1179
1576.8 136.8 1.53577 -3.93729 22.8296
1491.84 247.68 2.21346 -3.25362 23.158
1284.48 848.16 -4.26214 -1.05199 26.7944
1170.72 727.2 -1.31355 -0.645206 26.503
1702.08 872.64 -5.78609 -1.49286 26.5196
1450.08 617.76 -5.08601 -1.82266 26.641
1487.52 603.36 -5.13368 -1.86509 26.5815
1575.36 573.12 -5.35837 -1.95537 26.5099
654.912 397.44 2.42337 -2.51246 29.5533
523.584 380.16 1.31424 -2.67754 30.2591
518.4 369.792 1.62479 -2.76307 30.3491
1062.72 333.504 1.84911 -2.7885 26.5049
727.488 435.456 1.71224 -2.21314 28.9557
1854.14 364.608 1.95265 -2.21243 20.4752
577.152 309.312 1.65841 -3.13701 29.9121
551.232 468.288 2.05346 -2.05669 30.2717
518.4 468.288 0.951649 -2.10005 30.2427
516.672 416.448 2.11944 -2.43715 30.5023
556.416 470.016 2.1108 -2.04109 30.2867
580.608 426.816 1.75935 -2.33614 29.9778
1804.03 409.536 1.98329 -1.89634 20.8586
1829.95 376.704 1.71213 -2.10696 20.8382
393.984 328.32 1.7393 -3.12482 31.1846
350.784 304.128 2.03287 -3.30825 31.5707
421.632 468.288 1.36347 -2.13801 30.986
412.992 421.632 1.67891 -2.45433 31.1004
383.616 421.632 1.15082 -2.46346 31.1272
1403.14 432 0.647111 -1.97205 24.472
1384.13 412.992 1.49322 -2.07443 24.3099
487.296 423.36 1.24549 -2.39162 30.46
1772.93 378.432 1.83709 -2.13089 21.2004
1738.37 349.056 1.88204 -2.36801 21.4338
1382.4 388.8 1.60515 -2.2566 24.2666
1377.22 369.792 1.84354 -2.3783 24.184
1710.72 390.528 1.39565 -2.08922 21.9364
1048.9 352.512 1.34743 -2.64583 26.6951
298.944 331.776 0.711168 -3.04083 31.4166
267.84 331.776 0.732081 -3.05682 31.6071
290.304 304.128 1.87487 -3.32369 31.9145
1363.39 381.888 1.60848 -2.31063 24.4072
1332.29 383.616 1.1656 -2.30286 24.7718
1460.16 361.152 1.68118 -2.41177 23.6587
457.92 127.872 2.74961 -4.65285 30.9364
283.392 248.832 2.64846 -3.80513 32.2601
388.8 233.28 1.36948 -3.67328 31.0172
210.816 245.376 4.67058 -4.13367 33.7477
616.896 521.856 2.27425 -1.62299 29.8805
749.952 62.208 1.2097 -4.64862 28.5702
953.856 53.568 1.89516 -4.7912 27.1865
616.896 155.52 6.01723 -4.96651 30.3592
514.944 179.712 5.25992 -4.64383 31.1581
656.64 238.464 9.76572 -4.63601 30.6431
611.712 165.888 6.91939 -5.01945 30.5506
333.504 611.712 -3.04646 -1.75455 29.843
355.968 601.344 -2.90001 -1.76745 29.8109
279.936 561.6 -3.38317 -1.979 29.852
152.064 585.792 -4.17723 -1.99999 29.8402
848.448 993.6 -4.63123 -0.899624 28.0251
1299.46 425.088 1.71298 -2.02505 24.8512
1311.55 414.72 1.63804 -2.10059 24.785
1137.02 523.584 1.55751 -1.39876 26.1056
1137.02 435.456 1.24641 -2.03221 26.1212
962.496 76.032 1.2939 -4.50163 27.168
1009.15 278.208 1.59426 -3.2048 26.9268
1104.19 205.632 3.08244 -3.86876 25.9806
1873.15 525.312 -5.46583 -2.01841 25.978
1617.41 345.6 1.56382 -2.42494 22.5415
1619.14 457.92 -4.47908 -2.10561 25.9317
1676.16 157.248 2.49763 -3.88817 21.5309
1522.37 152.064 1.77078 -3.88421 23.1295
1283.9 846.72 -4.24479 -1.04602 26.7908
1311.55 979.776 -4.39306 -0.722834 26.7738
1233.79 544.32 -3.14971 -1.79038 26.6221
1382.4 568.512 -4.49141 -1.86394 26.5725
1130.11 549.504 1.59088 -1.22681 26.1713
981.504 768.96 -1.94991 -0.707962 27.5157
1169.86 727.488 -1.59477 -0.718724 26.5591
1658.88 1014.34 -5.68185 -1.20216 26.5395
1429.06 967.68 -5.21241 -1.1101 26.7639
1878.34 606.528 -5.78438 -1.93027 26.214
1866.24 601.344 -5.78511 -1.93775 26.2301
1449.79 616.896 -5.08601 -1.82266 26.641
1487.81 603.072 -5.10842 -1.86632 26.5718
1601.86 622.08 -5.48639 -1.87795 26.526
1569.02 594.432 -5.30589 -1.90635 26.494
464.486 423.014 2.39608 -2.398 30.9851
420.941 466.56 1.44123 -2.13982 31.0096
437.53 423.014 1.08055 -2.42349 30.7655
603.418 333.85 1.99198 -2.98671 29.7969
1775 404.352 1.97829 -1.9366 21.0922
1804.03 381.542 2.04676 -2.10582 20.8197
1772.93 379.469 1.75307 -2.12941 21.2418
176.256 327.629 2.12295 -3.20768 32.8373
205.286 298.598 2.34012 -3.43592 32.7188
1694.13 379.469 1.81257 -2.18285 21.825
346.291 385.69 1.00563 -2.69789 31.2835
141.005 333.85 1.4405 -3.16074 32.7204
321.408 311.04 1.11564 -3.17739 31.4429
622.08 344.218 2.72482 -2.93375 29.8074
636.595 317.261 1.59523 -3.08674 29.5121
1376.87 369.101 1.36384 -2.38517 24.3889
630.375 468.634 0.50941 -2.06362 29.4603
663.552 437.53 3.06016 -2.17968 29.6422
1099.01 433.382 2.87126 -2.00004 26.1423
188.698 456.192 -3.61271 -2.34208 29.9844
1065.83 433.382 1.81593 -2.07362 26.5476
1099.01 393.984 1.79441 -2.33776 26.3203
145.152 435.456 -3.48716 -2.40799 30.167
149.299 503.885 -4.03906 -2.21619 29.886
284.083 248.832 2.48459 -3.78806 32.1923
257.126 136.858 4.19455 -4.95976 33.0083
211.507 244.685 7.83827 -4.55634 35.215
551.578 342.144 2.0716 -2.9538 30.1902
628.301 396.058 2.136 -2.52604 29.6944
582.682 516.326 1.92691 -1.70177 30.0501
520.474 516.326 0.924602 -1.7959 30.267
532.915 425.088 1.66103 -2.36628 30.2804
617.933 522.547 1.25191 -1.69318 29.7022
891.648 64.2816 1.22675 -4.59548 27.6384
532.915 64.2816 1.8288 -4.86477 30.1045
559.872 248.832 0.611813 -3.43618 29.7669
657.331 238.464 11.7351 -4.85495 30.9063
107.827 1016.06 -4.77049 -1.05997 29.7281
742.349 829.44 -3.23693 -0.900005 28.4453
777.6 1026.43 -4.78581 -0.91204 28.1967
740.275 953.856 -4.34083 -0.908841 28.3265
512.179 960.077 -4.49066 -0.99083 28.8925
1225.5 497.664 -2.76945 -1.92475 26.5535
1138.41 396.058 2.35166 -2.30847 25.9382
1090.71 335.923 0.951828 -2.73623 26.4589
1136.33 435.456 0.45087 -2.07164 26.2559
1362.36 240.538 1.83332 -3.32494 24.2941
1310.52 215.654 1.98999 -3.5355 24.622
1105.23 74.6496 1.71504 -4.54079 26.1445
1706.57 340.07 1.71602 -2.44439 21.7742
1845.5 385.69 2.2294 -2.04005 20.3743
1793.66 528.768 -5.26448 -1.99486 25.9976
1505.43 333.85 1.4846 -2.58865 23.4031
1617.41 344.218 1.83287 -2.47741 22.381
1578.01 226.022 2.3151 -3.40531 22.4372
1298.07 984.96 -4.70487 -0.850705 26.8898
1314.66 980.813 -4.61937 -0.807902 26.8214
1383.09 568.167 -4.517 -1.86818 26.5837
1194.39 746.496 -2.84882 -0.955164 26.7182
1030.58 543.283 0.34488 -1.44221 26.9726
993.255 671.846 -0.465059 -0.80545 27.3201
1766.71 551.578 -5.75344 -2.03479 26.3782
1764.63 696.73 -6.04545 -1.85876 26.5849
1451.52 615.859 -5.08099 -1.82652 26.6423
1600.82 622.08 -5.4856 -1.88037 26.5267
1594.6 649.037 -5.56581 -1.83798 26.5754
1569.72 595.123 -5.3072 -1.90287 26.4895
1129.7 467.804 1.18781 -1.8149 26.1979
1333.74 383.201 1.59519 -2.31335 24.627
1400.92 410.573 1.49273 -2.08468 24.1923
1709.48 380.713 1.81125 -2.17171 21.7217
696.73 345.877 2.39902 -2.87257 29.21
1107.3 355.83 2.0196 -2.6101 26.203
1425.81 403.108 1.21891 -2.13798 24.1086
1440.74 378.225 1.69862 -2.28748 23.8103
445.409 383.201 1.56725 -2.67587 30.8035
398.131 383.201 2.2286 -2.72753 31.3397
400.62 502.641 -2.61332 -2.09542 29.7375
144.323 435.456 -3.34625 -2.41295 30.2423
467.804 136.858 3.03412 -4.6435 30.9462
423.014 94.5562 1.61893 -4.6364 30.8081
126.904 176.671 4.46045 -4.74197 34.2456
594.709 388.178 2.10022 -2.61046 29.9444
502.641 405.596 1.92324 -2.53522 30.5465
584.755 515.082 1.13328 -1.75748 29.8947
574.802 425.503 1.37511 -2.34349 29.9231
532.501 425.503 1.43442 -2.37381 30.2511
748.984 62.208 1.89661 -4.80792 28.6286
953.027 52.2547 1.99793 -4.81397 27.1746
883.354 174.182 1.67433 -3.95741 27.7366
532.501 52.2547 1.93094 -4.92876 30.1177
515.082 179.159 5.18431 -4.68762 31.0954
221.461 858.471 -3.63142 -1.07748 30.0123
169.206 992.84 -4.4792 -0.991395 29.7565
355.83 602.174 -2.86708 -1.76069 29.8276
440.433 761.426 -2.08115 -0.960616 29.8436
823.634 853.494 -3.38848 -0.850425 28.1496
848.517 992.84 -4.59921 -0.895659 28.033
958.003 945.562 -4.26227 -0.846087 27.7286
863.447 661.893 0.188582 -0.804781 28.0817
500.152 554.895 1.37936 -1.50705 30.521
641.987 557.384 1.85481 -1.39227 29.6489
1331.25 343.388 1.48906 -2.58623 24.6619
1047.58 350.853 1.08702 -2.64719 26.7289
1137.16 395.643 1.36964 -2.31403 26.0962
1134.67 522.547 1.27757 -1.45518 26.1844
1408.39 141.834 1.85489 -4.01834 23.9242
1403.41 189.112 2.01613 -3.70031 23.8956
965.468 74.6496 1.77672 -4.61458 27.1494
1142.14 129.393 3.19882 -4.42708 25.6024
1102.33 111.974 2.54647 -4.45558 26.0532
1826.43 345.877 1.85871 -2.36264 20.7359
1853.8 512.594 -5.41721 -2.04098 25.9741
1505.43 333.435 1.45664 -2.58267 23.4135
1420.83 350.853 1.8356 -2.50669 23.9056
1577.6 136.858 2.20682 -4.03632 22.4718
1440.74 243.855 2.25059 -3.33661 23.5295
1507.92 186.624 2.69425 -3.78743 22.7873
1283.97 846.029 -4.16145 -1.01572 26.7703
1296.41 982.887 -4.7075 -0.848293 26.9011
1328.76 967.957 -4.48414 -0.789086 26.7464
1154.58 940.585 -4.37687 -0.843965 27.201
1196.88 689.265 -2.23514 -1.04993 26.5801
1139.65 562.36 0.626393 -1.23773 26.289
965.468 744.008 -1.39646 -0.692322 27.5651
1154.58 686.776 -0.810455 -0.754943 26.4964
1692.06 594.709 -5.74813 -1.95563 26.5084
1769.2 552.407 -5.75685 -2.03485 26.3805
1458.16 589.732 -5.28674 -1.92357 26.7062
238.879 567.337 -3.5724 -1.98574 29.8895
519.561 812.188 -3.49885 -1.0871 29.1385
1191.41 367.276 -1.19023 -2.48986 26.2925
641.987 558.379 2.46396 -1.34051 29.743
1280.99 845.034 -4.17972 -1.01759 26.7695
1472.09 1006.28 -5.14642 -0.987881 26.6438
1421.33 961.487 -4.98188 -1.00733 26.6817
203.047 836.076 -3.77559 -1.17081 29.9924
355.332 612.127 -2.86906 -1.75235 29.82
277.697 561.365 -3.43494 -1.98471 29.8379
1095.86 883.851 -3.84352 -0.825595 27.293
1194.39 749.482 -4.0009 -1.27549 26.9661
1758.74 113.467 2.0418 -4.10129 21.1555
1785.62 98.5375 2.02369 -4.18432 20.9738
904.753 827.118 -2.99018 -0.797484 27.8694
456.856 62.7057 2.11493 -4.9557 30.7031
426.996 56.7337 2.48052 -5.13089 31.0355
507.617 961.487 -4.74859 -1.09844 28.8205
283.669 247.837 2.01698 -3.74281 32.0302
845.034 913.711 -4.0091 -0.880491 28.0455
1767.7 552.407 -5.75319 -2.03716 26.378
1071.97 680.805 0.349893 -0.571483 26.7965
937.599 683.79 -0.718149 -0.828873 27.6541
471.786 283.669 1.45614 -3.33005 30.528
462.828 555.393 -1.66538 -1.79442 29.8237
707.678 107.495 2.35676 -4.5959 28.9817
1573.61 104.509 1.84 -4.18534 22.7205
1448.2 92.5655 3.71992 -4.72876 22.8053
734.552 662.889 1.15637 -0.706713 28.9444
770.384 555.393 3.21852 -1.22315 28.8411
1818.46 677.818 -6.13715 -1.91146 26.57
1272.03 570.323 -3.77311 -1.76686 26.6603
1233.21 546.435 -3.36237 -1.80787 26.6688
1101.83 113.467 2.18869 -4.38396 26.0807
1791.59 528.519 -5.26426 -1.9973 25.9974
1364.59 594.211 -4.58568 -1.81042 26.6551
1224.25 498.659 -2.87293 -1.93493 26.5725
1845.34 286.655 2.11783 -2.76669 20.4228
1830.41 200.061 2.34756 -3.48316 20.332
1809.51 182.145 3.07064 -3.67411 20.0652
755.454 185.131 3.14626 -4.11625 28.7369
1406.4 140.341 1.64194 -3.99841 23.9983
1376.54 95.5515 1.28788 -4.22312 24.3708
1591.53 647.959 -5.51543 -1.84105 26.5681
1158.56 268.739 -1.1956 -2.96947 26.436
1409.38 217.977 2.1599 -3.49965 23.7888
964.473 74.6496 2.20187 -4.68825 27.1172
1006.28 173.187 1.73882 -3.91025 26.8609
618.099 522.547 2.58775 -1.605 29.921
659.903 438.94 2.28343 -2.20166 29.5101
958.501 226.935 2.0117 -3.61921 27.2196
1400.43 426.996 1.65852 -1.96128 24.1398
1555.7 247.837 2.33668 -3.24114 22.6001
206.033 489.701 -3.98509 -2.24649 29.7565
603.169 426.996 2.23335 -2.3268 29.9067
489.701 424.01 1.41129 -2.39846 30.5091
1761.73 379.22 2.30534 -2.13173 21.0205
1824.44 346.374 1.85871 -2.36264 20.7359
480.743 385.192 1.00973 -2.65382 30.4396
1478.06 361.304 2.01762 -2.40432 23.4255
1439.24 379.22 1.47157 -2.29098 23.8928
537.477 370.262 2.41309 -2.77516 30.3877
549.421 340.402 2.0279 -2.96358 30.1989
1693.05 379.22 2.03757 -2.18158 21.7124
1137.66 394.15 0.832708 -2.33116 26.1784
1400.43 343.388 1.32961 -2.56646 24.215
704.692 391.164 3.47007 -2.54432 29.2863
624.071 394.15 2.24833 -2.55001 29.7343
1063.01 468.8 1.60563 -1.80457 26.6026
1063.01 352.346 2.03064 -2.65807 26.501
390.567 232.907 0.674449 -3.60149 30.7978
465.814 232.907 0.300736 -3.51725 30.2286
612.724 999.708 -4.47021 -0.867959 28.648
1841.76 612.724 -5.81529 -1.92554 26.3034
1766.51 548.227 -5.75723 -2.03205 26.3788
498.062 544.644 0.675757 -1.6381 30.3207
447.898 562.56 -2.13496 -1.80427 29.7209
938.794 680.805 0.75721 -0.56976 27.627
859.964 695.137 -0.274546 -0.701235 28.0751
1594.52 85.9964 1.73681 -4.30365 22.5825
1748.59 609.141 -5.84867 -1.95231 26.4726
1666.18 630.64 -5.7356 -1.90028 26.5443
1103.62 114.662 2.40199 -4.40646 26.0846
1515.69 146.91 1.97934 -3.93644 23.0788
1461.94 143.327 2.00729 -3.99033 23.4284
1773.67 666.472 -6.03969 -1.9086 26.5649
591.225 254.406 1.35606 -3.44459 29.6931
709.47 107.495 2.35676 -4.5959 28.9817
1146.62 938.794 -4.70134 -0.986042 27.2708
928.044 118.245 3.11876 -4.5496 27.3486
1361.61 591.225 -4.66104 -1.83086 26.6797
1307.86 576.892 -4.23817 -1.80349 26.6826
1676.93 451.481 -4.55571 -2.111 25.8082
1512.1 605.558 -5.22732 -1.8626 26.5798
1494.19 569.726 -5.10614 -1.93278 26.5552
1845.34 286.655 2.64196 -2.85653 20.0829
1831.01 200.658 2.98608 -3.51353 19.9667
1411.77 240.073 2.15309 -3.34166 23.8089
1039.12 71.6636 1.50679 -4.55792 26.6186
963.876 75.2468 1.21089 -4.51087 27.1691
1573.02 594.808 -5.42152 -1.92066 26.5444
1404.61 139.744 1.87099 -4.02264 23.9387
1375.94 93.1627 1.35817 -4.24185 24.3465
1096.45 519.561 1.79447 -1.42385 26.3611
1096.45 429.982 0.601044 -2.11505 26.4907
243.656 490.896 -3.7316 -2.21336 29.7786
189.909 494.479 -3.91194 -2.21715 29.8347
480.146 383.4 1.90553 -2.69083 30.6778
458.647 311.737 1.71215 -3.16526 30.7317
584.059 512.395 2.26635 -1.69648 30.0995
490.896 422.815 1.55334 -2.41459 30.5535
1784.42 343.985 1.52081 -2.37877 21.3097
1092.87 336.819 1.12524 -2.73787 26.4203
566.143 376.234 2.07817 -2.70029 30.1116
508.812 404.9 1.96758 -2.52975 30.5347
619.89 340.402 1.49326 -2.89805 29.619
548.227 340.402 2.51014 -2.98528 30.29
1411.77 379.817 0.623709 -2.31984 24.4219
1723.51 336.819 2.34003 -2.40946 21.2502
1307.86 365.485 1.62173 -2.43993 24.8029
1064.2 351.152 2.12343 -2.66049 26.5046
272.322 329.653 1.18654 -3.10293 31.8047
394.15 379.817 1.38162 -2.71657 31.0993
297.404 351.152 0.931127 -2.93636 31.5645
1196.78 924.461 -3.72467 -0.644515 26.9501
1350.86 899.379 -4.27578 -0.887373 26.616
541.06 773.967 -2.49307 -0.960658 29.3144
68.0805 748.885 -4.61287 -1.66263 29.8308
279.488 558.976 -3.44849 -1.97913 29.8276
354.735 609.141 -2.8028 -1.73054 29.8394
1472.69 1003.29 -5.24145 -1.03662 26.6863
1818.82 675.071 -6.11396 -1.90728 26.5643
81.6965 296.687 -2.90068 -2.93723 30.6323
1509.24 184.892 2.40602 -3.73465 22.9365
1406.04 141.894 1.92856 -4.03945 23.9056
1608.13 503.079 -5.14824 -2.0478 26.3229
1836.02 283.788 1.64313 -2.79583 20.7901
1831.72 232.19 2.50896 -3.22845 20.2705
1199.65 632.073 -2.66603 -1.3826 26.647
1225.45 541.777 -2.96423 -1.75798 26.5834
1363.04 589.075 -4.66087 -1.82568 26.6765
778.267 111.795 0.820773 -4.23939 28.388
1014.76 163.393 1.8579 -4.01937 26.7985
1143.75 128.995 0.919927 -4.02938 25.9943
1100.75 116.095 1.94686 -4.34914 26.1449
735.269 210.691 1.95295 -3.81032 28.8289
1156.65 266.589 -0.355207 -3.05253 26.3056
1367.34 236.49 2.11573 -3.35629 24.1949
1328.64 236.49 2.83405 -3.48201 24.2437
1487.74 601.975 -5.12446 -1.85785 26.5791
657.872 434.282 2.7873 -2.20533 29.5887
1135.15 429.982 1.51664 -2.07195 26.1094
1401.74 184.892 2.29276 -3.73987 23.8317
292.388 498.779 -3.35086 -2.17683 29.8187
1573.73 593.375 -5.31497 -1.90565 26.4929
1552.23 550.377 -5.24133 -1.98648 26.4898
1418.94 292.388 1.05411 -2.91187 24.2245
1805.92 382.684 2.02463 -2.09852 20.8196
1827.42 343.985 2.13703 -2.34539 20.5783
1784.42 343.985 1.29056 -2.38251 21.4378
1070.65 335.386 0.628368 -2.74011 26.6472
1298.55 498.779 -3.73045 -1.98835 26.5556
1418.94 343.985 1.38718 -2.53942 24.0719
494.479 313.887 1.50481 -3.13381 30.4459
434.282 335.386 1.76217 -3.01801 30.921
567.576 374.084 2.58329 -2.7218 30.2109
1062.06 515.978 0.7896 -1.55742 26.716
1388.84 339.686 1.65392 -2.57423 24.1908
1307.14 335.386 2.05644 -2.66071 24.6936
395.583 365.485 1.89884 -2.89061 31.2508
214.991 318.187 1.48376 -3.23034 32.2475
649.273 391.283 3.37204 -2.57689 29.6906
997.558 670.772 0.799834 -0.571161 27.2305
1049.16 902.962 -3.87554 -0.807111 27.4074
1328.64 967.459 -4.47975 -0.785247 26.742
1573.73 137.594 2.61297 -4.07448 22.3061
1191.05 81.6965 -1.20461 -3.87319 26.2308
885.763 748.168 -1.6607 -0.751737 27.9209
150.494 584.775 -4.03481 -1.99926 29.9082
352.585 606.274 -2.70647 -1.74961 29.8966
249.389 950.26 -4.49183 -1.07098 29.5542
507.379 958.859 -4.54402 -1.01723 28.8795
395.583 907.262 -4.1383 -1.02512 29.2941
610.574 171.993 4.78415 -4.64401 30.233
1011.32 123.835 1.86844 -4.29189 26.755
1129.99 515.978 0.343782 -1.55789 26.3372
1037.12 227.03 3.29776 -3.72961 26.5138
959.719 221.871 1.54434 -3.58852 27.2332
660.452 433.422 2.89605 -2.2408 29.6116
1553.09 242.51 2.25517 -3.22487 22.6451
1666.61 629.493 -5.7356 -1.90028 26.5443
1635.65 593.375 -5.51316 -1.93532 26.4675
918.441 221.871 0.700305 -3.49745 27.5595
1124.83 330.226 1.46336 -2.82177 26.0733
1486.02 495.339 -3.99846 -1.97461 26.0581
1295.11 495.339 -2.98103 -1.94227 26.3112
211.551 319.906 2.23454 -3.28733 32.6251
1393.14 371.504 1.38242 -2.3853 24.2691
479.86 381.824 1.95981 -2.68836 30.7007
490.179 314.747 1.60164 -3.15531 30.4711
433.422 335.386 1.24783 -3.0096 30.7824
392.143 366.345 1.56261 -2.86894 31.1636
1062.92 464.38 1.07485 -1.88552 26.66
624.334 386.984 3.39506 -2.59585 29.9157
562.416 376.664 2.43518 -2.72417 30.1989
1068.07 335.386 1.08085 -2.76305 26.601
1155.79 691.411 -1.57905 -0.910603 26.6108
995.838 670.772 0.799834 -0.571161 27.2305
1656.29 144.474 2.33463 -3.95823 21.7991
1331.22 139.314 -3.08386 -3.20859 26.1614
1222.87 495.339 -1.30489 -1.80238 26.196
1181.59 356.025 -1.26586 -2.53801 26.3367
799.766 686.251 0.805786 -0.595183 28.5016
557.256 887.482 -3.94198 -0.987285 28.9017
350.865 603.694 -3.00463 -1.76311 29.798
103.196 897.802 -4.51196 -1.23943 29.887
758.488 211.551 3.43752 -3.94989 28.7684
872.003 139.314 1.42135 -4.14254 27.8101
763.648 175.433 3.32612 -4.24577 28.68
1473.63 266.245 0.301465 -2.99057 24.1359
1430.29 284.82 0.595647 -2.89364 24.3684
1492.21 235.286 2.336 -3.32674 23.0776
1411.72 216.711 3.14885 -3.55514 23.4881
1690.34 582.023 -5.6909 -1.95425 26.4771
1616.04 551.065 -5.19747 -1.96442 26.3386
507.723 402.463 1.39002 -2.5004 30.3936
433.422 334.354 1.46098 -3.04687 30.8376
1486.02 495.339 -3.97494 -1.98008 26.0524
1393.14 526.298 -4.03745 -1.92778 26.3737
1547.93 241.478 2.76077 -3.3062 22.4892
1746.07 377.696 1.44793 -2.14997 21.6786
185.752 445.805 -3.35971 -2.3794 30.0985
928.761 216.711 1.20819 -3.56929 27.527
885.419 216.711 -0.35217 -3.42693 27.7521
959.719 216.711 3.22899 -3.8057 27.1183
309.587 352.929 0.889212 -2.92934 31.5073
1139.28 383.888 0.84594 -2.35004 26.1758
1064.98 383.888 -0.308918 -2.43496 26.7538
365.313 321.97 0.697004 -3.10126 31.0581
681.091 365.313 2.92027 -2.74227 29.3868
1764.65 544.873 -5.7547 -2.04653 26.3676
1572.7 142.41 2.14338 -3.95968 22.5534
1399.33 179.56 2.09615 -3.80037 23.9123
1306.46 260.053 0.438187 -3.1264 25.2004
1331.22 136.218 0.984804 -3.9569 24.6987
619.174 551.065 2.99249 -1.32506 29.9908
934.953 947.336 -4.24962 -0.852688 27.7698
148.602 582.023 -4.08074 -2.00587 29.8958
204.327 866.843 -3.93363 -1.15743 29.8825
544.873 315.779 1.91345 -3.13283 30.1949
712.05 136.218 1.75006 -4.28242 28.9419
612.982 173.369 6.29462 -4.87026 30.4288
811.118 210.519 1.60509 -3.70611 28.2412
866.843 136.218 1.41069 -4.21601 27.8309
505.246 386.365 1.05395 -2.60365 30.3095
839.6 505.246 -7.20862 -2.32146 27.8641
988.202 260.053 1.94165 -3.35696 27.0121
1411.72 222.903 3.01486 -3.51523 23.5343
1463.73 148.602 1.65584 -3.91325 23.4903
928.761 505.246 -2.56158 -1.91406 27.6562
921.331 364.074 -5.5107 -2.44215 27.7626
728.148 416.085 2.37914 -2.32244 28.9895
1760.93 683.568 -6.05059 -1.8629 26.5849
1448.87 237.763 1.5469 -3.35909 23.7235
1367.14 222.903 1.55516 -3.33085 24.3588
1181.38 356.644 -3.03128 -2.49228 26.7455
720.718 705.858 -0.195845 -0.706678 28.9079
616.697 549.826 -0.175897 -1.62725 29.4538
750.439 876.75 -3.51703 -0.822573 28.3666
430.945 780.159 -2.3588 -0.944324 29.7489
631.557 319.494 1.96586 -3.09328 29.6327
809.879 208.042 2.61097 -3.90119 28.3212
586.977 445.805 1.2951 -2.18971 29.8752
557.256 371.504 0.826312 -2.71629 29.9515
245.193 297.203 0.271747 -3.22824 31.6003
289.773 185.752 7.4402 -5.07121 34.0733
141.172 178.322 5.60456 -4.91837 34.7173
438.375 312.064 1.86275 -3.20843 30.8853
252.623 460.665 -3.23923 -2.29776 29.9664
401.225 364.074 0.995964 -2.82785 31.011
965.911 913.901 -3.45441 -0.637216 27.677
499.302 410.141 -0.329489 -2.49225 29.8578
1016.44 338.812 -1.51895 -2.65177 27.1473
1034.27 258.567 0.33785 -3.15581 26.8562
1542.49 222.903 1.95998 -3.36545 22.8606
1488.99 231.819 1.55444 -3.33245 23.3764
1506.82 169.406 0.927455 -3.73062 23.5752
731.121 419.057 2.51111 -2.3241 28.9987
686.54 347.728 2.59537 -2.8836 29.2695
918.359 374.476 -5.54326 -2.43715 27.7666
1132.35 329.896 0.920135 -2.76022 26.1563
1114.51 392.309 0.495679 -2.41471 26.5116
1069.93 365.56 -3.47133 -2.48116 27.1936
1711.89 633.043 -5.77508 -1.91529 26.5081
1578.15 633.043 -5.48764 -1.84082 26.5954
1132.35 641.96 -1.4692 -1.10229 26.6794
1355.25 570.631 -4.52909 -1.82733 26.6535
1257.17 552.798 -3.87015 -1.83721 26.7264
1631.65 240.735 2.4304 -3.24027 21.7756
1480.07 499.302 -3.9613 -1.98496 26.0548
1301.75 347.728 1.82934 -2.69746 24.7935
1176.93 356.644 -1.07741 -2.49768 26.2707
445.805 668.708 -2.26105 -1.3074 29.7686
454.721 561.715 -1.15246 -1.69332 29.9374
347.728 606.295 -2.75395 -1.74803 29.8892
633.043 320.98 0.24381 -3.0197 29.3441
838.114 329.896 1.30127 -2.93064 28.0808
802.449 205.07 -5.35668 -2.73568 27.9556
588.463 445.805 1.76864 -2.18367 29.9429
543.882 205.07 5.27853 -4.4974 30.9818
526.05 445.805 0.497483 -2.20758 30.141
