603 432 41.9999 3.69094 22.063
635 529 42.6435 4.27168 21.889
637 504 42.6712 4.14571 21.893
973 319 51.2978 2.51328 17.7211
1026 488 42.5027 3.74737 19.9296
997 484 42.8904 3.80307 19.9486
995 451 43.4708 3.66956 19.7895
1174 169 43.733 1.78438 18.8619
131 139 45.4913 2.15544 26.8292
465 603 40.8004 4.17123 22.3433
606 600 42.6622 4.68206 21.9922
1166 606 39.6781 3.57396 20.7047
472 271 51.8752 2.74024 25.3735
462 257 51.3353 2.56224 25.4226
712 687 41.3824 4.55363 21.4473
838 390 45.2066 3.5146 20.505
231 205 50.2257 2.30472 28.4664
221 198 49.1039 2.31329 28.0007
1222 664 39.3663 3.57876 20.7754
178 171 46.7816 2.27268 27.1652
739 283 38.8648 3.09384 21.6488
935 395 43.4782 3.37808 20.1996
966 244 46.5392 2.05127 19.2915
1025 351 50.021 2.90886 17.3678
1061 534 42.7241 3.9912 19.6393
490 631 41.7107 4.5848 22.4107
639 463 42.6883 3.92148 21.9163
1053 223 42.8867 2.3318 19.8586
1227 619 39.3786 3.51085 20.7714
1257 693 39.2922 3.59598 20.7608
1257 677 39.2956 3.57221 20.764
578 342 42.3134 3.30448 22.2734
628 544 42.639 4.35881 21.9157
951 613 42.9066 4.55004 20.0896
914 600 42.7789 4.47478 20.3349
542 634 41.7406 4.57521 22.1957
639 341 39.164 3.17914 21.766
416 454 41.9437 3.90487 22.9098
810 517 44.6473 4.4604 20.6714
1088 565 42.761 4.1401 19.4604
1093 536 42.743 3.98398 19.4653
1087 538 42.6474 3.97951 19.5403
1223 466 43.1024 3.54697 18.6445
1178 666 39.4539 3.62217 20.789
143 298 42.6419 3.39255 24.7459
655 538 42.522 4.27811 21.7711
686 446 42.9537 3.83069 21.6743
1247 573 39.5941 3.47211 20.6147
774 181 42.5888 2.34564 21.3979
689 524 42.353 4.13991 21.603
804 565 44.6717 4.84301 20.6619
798 544 44.8882 4.7348 20.699
1037 612 43.0032 4.50515 19.5866
1197 602 39.56 3.53104 20.7179
1195 595 39.6144 3.53022 20.6929
1227 418 57.9165 3.66223 10.0862
665 397 42.6437 3.54584 21.8236
659 394 42.6675 3.53403 21.8578
668 376 42.6665 3.42791 21.8146
241 379 44.0916 3.94131 24.8796
381 379 44.058 3.80115 23.8757
1048 655 42.5126 4.58181 19.701
1052 636 42.5538 4.49135 19.6777
1079 641 42.6711 4.53185 19.4884
1194 518 42.2834 3.75109 19.2196
645 433 42.7314 3.75819 21.905
651 407 42.6855 3.61055 21.8887
1015 635 43.0372 4.66548 19.6791
994 633 42.6119 4.536 19.9457
730 395 51.7007 4.12714 21.083
919 561 42.84 4.26511 20.3159
1056 482 42.6476 3.71465 19.7336
1062 465 42.4103 3.59895 19.8087
189 374 43.6585 3.8981 25.0178
276 334 44.4544 3.61262 24.8414
149 335 43.6638 3.6778 25.3254
680 425 42.7021 3.69111 21.7277
986 449 43.3915 3.65672 19.861
1012 578 42.432 4.19637 19.9626
1007 594 42.5899 4.31724 19.9165
1180 635 39.4588 3.56876 20.7915
1166 627 39.6373 3.60312 20.7251
1242 602 39.4163 3.48633 20.7303
250 365 44.2371 3.84826 24.9069
483 423 38.9712 3.2989 21.9324
504 434 42.2248 3.7923 22.572
513 409 42.2446 3.67186 22.5497
489 405 42.3225 3.68596 22.6809
1030 526 42.6053 3.95399 19.8456
1095 442 42.9606 3.4983 19.4299
892 554 43.1444 4.32093 20.4021
1126 530 42.6961 3.91945 19.3248
642 611 42.4932 4.66216 21.7862
666 588 42.6477 4.56489 21.6797
1084 578 42.6573 4.19533 19.5149
1183 470 43.4392 3.62869 18.6845
944 463 42.9066 3.71867 20.2451
217 353 44.0774 3.78083 25.0733
763 424 46.66 4.01512 20.9504
417 439 41.9901 3.83909 22.9303
706 396 42.8581 3.5256 21.5995
716 369 42.9091 3.37546 21.5655
683 375 41.6535 3.35694 21.7204
806 437 45.1712 3.9223 20.7163
972 604 42.8502 4.46913 19.9996
956 602 42.8908 4.47467 20.0755
958 584 42.9215 4.3811 20.0709
902 598 42.9444 4.51458 20.3594
874 590 43.2225 4.56614 20.4521
1236 475 43.6274 3.63134 18.2643
1089 525 42.5453 3.89308 19.5789
1093 501 42.6236 3.78622 19.539
1076 462 42.7842 3.60583 19.5917
958 551 42.9307 4.20238 20.0964
1002 553 42.8384 4.16372 19.8877
294 267 44.8901 3.0959 24.9648
106 198 48.0242 2.54376 28.7634
52 90 44.6857 1.96912 26.9571
352 250 51.8387 2.67326 27.3058
633 72 42.8401 1.80725 22.2317
621 28 42.5686 1.66581 22.2895
311 590 41.9566 4.61334 23.337
194 479 43.3325 4.51842 24.7305
312 453 44.0311 4.39322 24.2701
260 448 43.812 4.35681 24.5493
163 435 43.5371 4.3095 25.0789
542 412 42.814 3.73488 22.4971
566 432 41.917 3.70263 22.2235
636 386 39.0913 3.23961 21.7587
940 255 47.531 2.09245 19.2785
895 197 45.2069 1.91811 20.2702
946 317 48.1657 2.68222 18.9441
924 309 50.5625 2.50028 18.6121
752 199 44.7346 2.12626 21.4182
664 181 43.1555 2.33605 22.0052
1168 240 43.4182 2.27329 18.9792
1126 190 43.896 1.90968 19.0605
1049 235 42.4527 2.47196 20.0201
1018 277 47.5873 2.20402 18.4182
1154 52 42.7908 1.40691 19.5129
1110 34 41.7525 1.72689 20.1484
1208 24 42.0103 1.54427 19.6436
1103 140 43.0134 1.8336 19.6033
830 699 41.366 4.52734 20.9932
923 664 42.0371 4.56218 20.4448
634.8 529.2 42.5907 4.25281 21.8951
687.6 565.2 42.8033 4.46862 21.5795
1027.2 326.4 50.0506 2.5781 17.3794
1042.8 174 42.7581 2.1085 19.9936
1131.6 238.8 43.9926 2.20055 18.9169
607.2 694.8 41.1563 4.54738 21.8479
1166.4 606 39.683 3.57381 20.7022
220.8 198 49.0926 2.32361 27.9706
518.4 670.8 41.0056 4.44589 22.1637
536.4 411.6 42.8025 3.73885 22.5247
606 600 42.6622 4.68206 21.9922
751.2 554.4 44.9535 4.89705 21.0319
754.8 550.8 44.9661 4.84721 21.0278
733.2 542.4 44.6621 4.75568 21.2079
1017.6 207.6 42.9144 2.27856 20.0477
193.2 492 43.476 4.63815 24.8012
290.4 218.4 51.2678 2.34211 28.1052
655.2 522 42.5539 4.18633 21.7833
660 488.4 42.5877 4.02154 21.7808
578.4 342 42.3166 3.30504 22.2778
628.8 484.8 42.7199 4.04727 21.9606
1192.8 648 39.4355 3.58129 20.7851
175.2 612 41.1518 4.48946 23.5282
686.4 446.4 42.9537 3.83069 21.6743
859.2 544.8 43.4662 4.37043 20.527
870 606 43.2377 4.66138 20.4594
871.2 594 43.2405 4.59941 20.4602
842.4 578.4 44.1306 4.76594 20.4776
1015.2 662.4 42.4397 4.61718 19.8803
1206 481.2 43.2471 3.65912 18.6454
124.8 374.4 43.0696 3.88502 25.0771
438 447.6 42.0266 3.86182 22.834
631.2 565.2 42.4614 4.42046 21.8705
610.8 562.8 41.4651 4.15179 21.912
1062 534 42.7241 3.9912 19.6393
1030.8 540 42.4245 3.99486 19.9025
1164 680.4 39.6128 3.70156 20.7242
1178.4 666 39.447 3.61929 20.7914
267.6 352.8 42.799 3.61533 24.0882
260.4 331.2 44.4198 3.60426 24.9466
379.2 288 44.8796 3.15429 24.2631
434.4 574.8 42.5295 4.64422 22.9109
988.8 436.8 43.3736 3.57872 19.867
362.4 626.4 41.3383 4.50825 22.8509
642 391.2 42.7846 3.54465 21.9562
668.4 375.6 42.6703 3.42978 21.8181
696 583.2 42.5561 4.49814 21.5278
816 562.8 44.4843 4.75302 20.6056
798 543.6 44.9141 4.74217 20.6974
1054.8 223.2 42.6374 2.38464 19.944
1053.6 206.4 42.6393 2.29743 19.9572
1041.6 200.4 42.7462 2.24709 19.9863
1113.6 444 42.6013 3.47128 19.4919
678 559.2 42.7799 4.43473 21.6348
650.4 564 42.5644 4.42448 21.7804
674.4 541.2 42.6958 4.30567 21.6693
655.2 538.8 42.5379 4.29588 21.7737
698.4 417.6 42.3313 3.59816 21.6239
692.4 417.6 42.9189 3.65831 21.6582
780 549.6 45.0888 4.84105 20.8116
794.4 159.6 43.856 1.98842 21.2224
762 162 44.3174 1.94495 21.4096
638.4 340.8 38.7052 3.16856 21.7409
1219.2 606 39.4269 3.50074 20.7547
1195.2 595.2 39.5722 3.52063 20.7161
1203.6 582 39.6112 3.50112 20.683
1198.8 573.6 39.6198 3.4886 20.6902
382.8 337.2 45.1799 3.58365 24.2843
492 296.4 52.435 3.11396 25.1206
512.4 288 52.8936 2.94845 24.9143
704.4 492 42.88 4.05903 21.5466
685.2 508.8 42.8088 4.15979 21.6354
984 624 42.7783 4.54387 19.9494
1006.8 594 42.5622 4.30523 19.9234
1039.2 474 42.5942 3.67622 19.8516
363.6 442.8 41.9238 3.88078 23.1508
572.4 290.4 52.0439 2.84798 23.7806
907.2 528 43.0157 4.13439 20.3618
896.4 499.2 42.8211 3.94223 20.4915
1036.8 612 42.8214 4.44901 19.6614
1059.6 574.8 42.7845 4.22748 19.5944
1045.2 584.4 42.7134 4.26944 19.6808
285.6 382.8 43.9701 3.9123 24.5093
259.2 396 42.8117 3.86604 24.1163
276 380.4 43.956 3.90199 24.5769
418.8 354 44.8819 3.65359 23.879
199.2 352.8 44.0158 3.78871 25.1646
192 340.8 43.9135 3.70927 25.1752
642 610.8 42.5574 4.66433 21.7849
666 588 42.6376 4.563 21.68
648 589.2 42.4025 4.51461 21.7713
752.4 360 49.7478 3.47679 20.9254
1052.4 526.8 41.4523 3.74919 20.2009
1065.6 500.4 42.7153 3.81108 19.6512
200.4 375.6 43.9673 3.94453 25.1139
901.2 555.6 42.7054 4.22896 20.4439
1011.6 645.6 42.5921 4.58197 19.85
1015.2 634.8 42.7604 4.57712 19.7797
994.8 616.8 42.7734 4.49446 19.9011
1180.8 640.8 39.4518 3.57749 20.7928
1156.8 632.4 39.6643 3.62482 20.7202
790.8 460.8 44.7198 4.0764 20.8621
949.2 488.4 43.0106 3.87076 20.163
924 488.4 42.8361 3.867 20.3442
1183.2 469.2 43.5506 3.63911 18.6274
158.4 386.4 43.5824 4.00403 25.1687
870 445.2 43.5985 3.75871 20.513
950.4 481.2 42.9907 3.8268 20.1746
968.4 456 42.9508 3.66908 20.1004
1194 567.6 39.6742 3.48914 20.67
1134 493.2 42.4381 3.69093 19.4326
211.2 292.8 48.9277 3.53281 27.8769
505.2 428.4 42.2287 3.76767 22.5642
504 433.2 42.2248 3.7923 22.572
512.4 408 41.1063 3.53803 22.3279
673.2 436.8 41.6963 3.63106 21.7291
651.6 406.8 42.7131 3.61663 21.8918
910.8 470.4 42.8946 3.78875 20.4154
955.2 488.4 42.4882 3.79041 20.2838
1027.2 500.4 42.432 3.79666 19.9486
1002 493.2 42.5366 3.7948 20.039
1088.4 435.6 42.5769 3.45221 19.6253
1077.6 434.4 42.9454 3.47386 19.5333
408 442.8 41.9541 3.86092 22.9541
506.4 399.6 42.2302 3.62839 22.5802
1071.6 522 42.6856 3.91665 19.6113
1094.4 501.6 42.5841 3.79324 19.5488
411.6 394.8 44.3116 3.9297 23.7081
705.6 396 42.4591 3.49498 21.5992
715.2 369.6 42.9097 3.37579 21.5677
684 373.2 43.0727 3.41033 21.7442
853.2 439.2 44.3409 3.81246 20.4925
987.6 614.4 43.0721 4.56889 19.8315
987.6 578.4 42.5548 4.2429 20.0408
319.2 396 43.9055 3.96884 24.2324
325.2 367.2 44.5235 3.82446 24.4615
902.4 597.6 43.1252 4.5581 20.3126
874.8 589.2 42.8838 4.48171 20.5196
1076.4 462 42.798 3.60787 19.5863
380.4 423.6 42.2966 3.84536 23.2163
1135.2 481.2 42.5893 3.64562 19.3663
1122 447.6 42.6673 3.49385 19.416
981.6 565.2 42.8351 4.24211 19.9872
954 561.6 42.8273 4.24402 20.1384
1027.2 555.6 42.5527 4.09661 19.8619
1002 553.2 42.8831 4.17361 19.8752
1024.8 532.8 42.3463 3.94509 19.9591
948 422.4 42.9505 3.50059 20.2403
920.4 418.8 43.4674 3.54237 20.2663
910.8 438 42.9236 3.61092 20.4381
885.6 444 43.3158 3.70733 20.4805
195.6 273.6 50.5898 3.33184 29.0956
192 189.6 48.5546 2.28892 28.051
301.2 267.6 44.9303 3.09568 24.9258
156 259.2 48.89 3.19704 28.618
177.6 170.4 46.5422 2.28113 27.0299
186 116.4 45.5555 1.90623 26.3784
51.6 90 44.7099 1.95475 26.9896
114 170.4 47.9306 2.24136 28.637
586.8 212.4 47.0526 2.11509 22.9897
432 262.8 51.3959 2.67143 25.8526
348 121.2 44.9653 1.88973 24.6922
218.4 553.2 42.2147 4.59754 23.9292
190.8 693.6 40.5019 4.4643 23.0836
303.6 627.6 41.5333 4.62515 23.1821
174 614.4 41.3462 4.57017 23.6316
133.2 591.6 41.3593 4.51812 23.8366
117.6 645.6 40.8106 4.48958 23.5192
200.4 440.4 43.4677 4.29277 24.7854
163.2 434.4 43.5371 4.3095 25.0789
542.4 633.6 40.8406 4.24588 22.0759
574.8 621.6 42.2685 4.67876 22.1058
566.4 432 41.9173 3.69758 22.2222
492 501.6 42.0666 4.09519 22.5544
519.6 481.2 42.2334 4.0131 22.4591
356.4 456 42.2246 3.99959 23.2847
459.6 500.4 41.5613 4.01067 22.5954
882 267.6 48.3134 2.2056 19.7078
806.4 153.6 43.7841 1.95588 21.1494
919.2 183.6 45.0523 1.82092 20.1406
765.6 81.6 43.2388 1.67514 21.5018
1168.8 240 43.4021 2.27491 18.9855
1126.8 189.6 44.0659 1.86198 18.9791
1201.2 231.6 45.3954 1.85328 17.7852
1160.4 349.2 49.0526 2.69394 16.1162
1168.8 313.2 49.597 2.21024 15.8304
1184.4 348 48.9483 2.66258 15.8977
1050 235.2 42.4304 2.47447 20.0222
1072.8 356.4 49.5576 2.91503 16.9173
1130.4 140.4 43.1735 1.78238 19.3874
962.4 162 43.7453 1.89039 20.1596
948 624 42.7559 4.57083 20.1457
750 610.8 42.9386 4.71076 21.1863
711.6 686.4 40.5029 4.20287 21.5069
652.8 627.6 41.8537 4.52111 21.7159
1222.8 663.6 39.3536 3.57367 20.782
1227.6 622.8 39.3848 3.51767 20.7663
1040.4 667.2 42.6239 4.6856 19.6887
1256.4 385.2 55.4638 2.89492 11.0347
1200 386.4 57.3454 3.09122 11.0887
1246.8 490.8 43.1326 3.67123 18.4705
678.24 560.16 42.4023 4.3434 21.6337
941.76 612 42.668 4.48222 20.208
1163.52 681.12 39.6128 3.70213 20.725
1152 658.08 39.64 3.66645 20.74
688.32 480.96 42.4445 3.93628 21.6309
1049.76 642.24 42.6833 4.56499 19.6382
383.04 470.88 41.631 3.9392 22.9456
377.28 449.28 41.9387 3.90521 23.0911
662.4 347.04 43.0812 3.30255 21.888
653.76 347.04 39.1521 3.18414 21.7449
754.56 550.08 44.4131 4.73486 21.0581
732.96 541.44 44.6621 4.75568 21.2079
888.48 489.6 43.1588 3.94831 20.4687
299.52 120.96 45.1906 1.88142 25.201
839.52 509.76 43.9632 4.25605 20.5808
950.4 443.52 42.9312 3.61218 20.2035
336.96 341.28 44.9252 3.64694 24.5469
871.2 606.24 43.265 4.67239 20.4468
165.6 318.24 44.1597 3.59352 25.53
603.36 665.28 40.9576 4.36982 21.86
640.8 391.68 42.7857 3.54201 21.9542
668.16 375.84 42.6703 3.42978 21.8181
698.4 417.6 42.4439 3.61023 21.6196
1006.56 593.28 42.5622 4.30523 19.9234
1012.32 577.44 42.4999 4.21515 19.939
267.84 352.8 44.26 3.75652 24.7968
312.48 411.84 43.5536 4.01909 24.1164
511.2 288 52.8139 2.93741 24.9084
591.84 689.76 40.2769 4.17727 21.8491
588.96 671.04 41.4192 4.57781 21.9509
1087.2 537.12 42.8327 4.00508 19.4589
1082.88 537.12 42.4261 3.93892 19.6551
933.12 505.44 42.7024 3.93061 20.3132
923.04 488.16 43.0246 3.89138 20.307
918.72 560.16 42.9079 4.27538 20.3019
915.84 542.88 42.7787 4.16142 20.3619
161.28 368.64 44.1101 3.94552 25.4661
527.04 296.64 52.0186 3.03037 24.4971
686.88 597.6 42.7366 4.6241 21.5601
1154.88 643.68 39.651 3.63998 20.7346
1163.52 622.08 39.6874 3.60473 20.6993
1208.16 561.6 39.6814 3.47543 20.6423
1193.76 567.36 39.6638 3.48687 20.6763
1195.2 596.16 39.5388 3.51458 20.7308
1196.64 573.12 39.624 3.48776 20.6908
200.16 352.8 43.9702 3.78478 25.1486
191.52 341.28 44.1482 3.73201 25.3061
663.84 607.68 42.5724 4.65438 21.6802
704.16 488.16 42.8277 4.01452 21.5469
684 488.16 42.321 3.96048 21.6614
738.72 473.76 45.2221 4.30952 21.2153
948.96 622.08 42.4625 4.4802 20.2163
1055.52 436.32 42.9838 3.49683 19.6432
403.2 351.36 45.0657 3.65984 24.0682
383.04 336.96 45.0542 3.56839 24.242
816.48 561.6 44.4843 4.75302 20.6056
800.64 534.24 44.4985 4.5837 20.7377
966.24 378.72 51.3799 3.38886 17.6539
1015.2 635.04 42.7159 4.56461 19.7944
1015.2 619.2 42.5385 4.42672 19.8712
1026.72 555.84 42.455 4.07657 19.8963
1062.72 532.8 42.7244 3.98955 19.6353
1031.04 540 42.6662 4.03192 19.8133
1062.72 466.56 42.8395 3.64167 19.6466
1038.24 473.76 42.5942 3.67622 19.8516
207.36 385.92 43.2135 3.90671 24.6322
182.88 381.6 43.2003 3.89598 24.7871
198.72 375.84 43.5543 3.88836 24.8934
188.64 374.4 43.6057 3.89623 24.9879
669.6 567.36 42.6635 4.44514 21.6755
650.88 567.36 42.3352 4.3837 21.765
675.36 538.56 42.1025 4.17703 21.6651
653.76 541.44 39.0337 3.43607 21.705
730.08 394.56 50.703 4.04193 21.0954
724.32 362.88 42.9571 3.3311 21.5237
1241.28 599.04 39.417 3.48788 20.7269
452.16 416.16 42.4872 3.79285 22.9071
925.92 450.72 42.9706 3.66615 20.3405
969.12 498.24 42.5174 3.83349 20.195
1081.44 583.2 42.4 4.16956 19.6312
653.76 433.44 42.5068 3.72672 21.8519
668.16 403.2 42.6068 3.56754 21.8052
865.44 446.4 44.2611 3.83097 20.4175
845.28 459.36 43.915 3.90939 20.595
1045.44 583.2 42.6966 4.26112 19.6821
217.44 352.8 43.9705 3.76864 25.0155
240.48 326.88 45.1839 3.6581 25.5058
1075.68 462.24 42.4717 3.5741 19.7137
240.48 378.72 44.0489 3.93237 24.8613
228.96 377.28 44.0589 3.9289 24.9405
259.2 396 43.8228 4.00288 24.6012
504 432 42.2248 3.7923 22.572
194.4 315.36 39.3073 3.23839 22.513
792 427.68 44.9405 3.84593 20.8391
1031.04 522.72 42.684 3.94744 19.8159
910.08 470.88 43.0182 3.79824 20.402
885.6 444.96 43.3158 3.70733 20.4805
972 603.36 42.3415 4.33333 20.1648
956.16 600.48 42.194 4.3011 20.2862
973.44 574.56 42.6271 4.25272 20.0929
959.04 583.2 42.7673 4.33707 20.1154
1010.88 509.76 42.2684 3.83034 20.0817
990.72 509.76 42.5857 3.89407 20.0584
1000.8 493.92 42.6437 3.80613 20.009
1130.4 492.48 42.7308 3.72668 19.3102
973.44 478.08 42.8727 3.77446 20.0899
967.68 456.48 42.9508 3.66908 20.1004
1088.64 525.6 42.3248 3.8608 19.6799
354.24 394.56 44.0691 3.94092 24.0414
367.2 372.96 44.4276 3.81623 24.0965
345.6 371.52 38.1667 3.17794 21.796
370.08 436.32 42.5086 3.9591 23.3456
704.16 396 42.4591 3.49498 21.5992
696.96 394.56 42.7551 3.51831 21.6522
948.96 554.4 42.7296 4.18447 20.2034
983.52 535.68 42.86 4.08074 19.9952
1023.84 532.8 42.4022 3.95695 19.9469
720 436.32 47.6424 4.33126 21.3038
943.2 436.32 42.9869 3.58514 20.2395
924.48 413.28 43.1451 3.47795 20.3225
250.56 253.44 50.3124 2.9568 28.11
302.4 213.12 46.1274 2.56132 25.5112
472.32 270.72 52.1035 2.74561 25.4289
217.44 587.52 41.3791 4.4617 23.4994
217.44 666.72 40.7857 4.49959 23.1475
80.64 560.16 41.4979 4.47669 24.1624
175.68 612 41.1095 4.47106 23.4994
82.08 685.44 40.2753 4.37833 23.2778
161.28 673.92 40.4325 4.39084 23.1493
118.08 645.12 40.7892 4.48347 23.5087
200.16 440.64 43.4677 4.29277 24.7854
156.96 482.4 43.1337 4.5149 24.8466
534.24 573.12 42.4198 4.52571 22.3632
540 665.28 40.8615 4.36773 22.07
397.44 541.44 41.6258 4.2454 22.8547
636.48 424.8 42.776 3.71649 21.9647
519.84 480.96 42.0831 3.98622 22.4338
355.68 455.04 42.2246 3.99959 23.2847
881.28 267.84 47.6138 2.29388 19.8235
897.12 197.28 45.3785 1.89065 20.2361
812.16 351.36 50.8824 3.2798 19.9906
946.08 316.8 47.7978 2.69532 19.0313
806.4 154.08 43.7402 1.96123 21.1533
781.92 141.12 43.9981 1.84606 21.3061
1162.08 349.92 49.0526 2.69394 16.1162
1167.84 312.48 48.8991 2.26112 16.1563
1183.68 347.04 49.401 2.63685 15.6809
1054.08 223.2 42.4534 2.4 20.0038
1072.8 355.68 49.5576 2.91503 16.9173
1062.72 303.84 48.4696 2.33615 17.5614
1104.48 139.68 43.4962 1.71373 19.4208
1023.84 172.8 43.1069 2.05032 19.9757
1044 174.24 42.7581 2.1085 19.9936
1028.16 141.12 43.0698 1.88351 19.9935
861.12 614.88 43.1621 4.69428 20.5312
892.8 675.36 41.9245 4.58836 20.607
650.88 627.84 42.0689 4.59099 21.7238
659.52 488.16 42.5488 4.0183 21.7826
665.28 465.12 41.9366 3.79889 21.7499
786.24 492.48 44.6175 4.30752 20.8569
1170.72 593.28 39.6701 3.54282 20.6999
1182.24 673.92 39.4637 3.63449 20.7788
1247.04 491.04 43.1351 3.67033 18.4714
38.88 175.68 49.9487 2.25409 31.0982
165.888 336.96 44.19 3.72219 25.5229
286.848 316.224 44.3843 3.4731 24.7494
400.896 675.648 40.7641 4.42465 22.5195
471.744 273.024 52.4002 2.75655 25.5089
461.376 257.472 50.9973 2.57741 25.3449
639.36 565.056 42.794 4.49953 21.8481
634.176 527.04 42.6542 4.2634 21.8878
876.096 509.76 43.2836 4.0934 20.5013
1057.54 594.432 42.4549 4.24894 19.7277
1031.62 590.976 42.7032 4.31354 19.7495
1057.54 582.336 42.7506 4.25767 19.6086
1024.7 580.608 42.3511 4.18051 19.9224
1085.18 537.408 42.4735 3.94603 19.6159
1062.72 533.952 42.7244 3.98955 19.6353
625.536 335.232 42.1349 3.23169 22.0231
675.648 539.136 42.2105 4.20246 21.669
779.328 549.504 44.5445 4.7373 20.8559
869.184 580.608 43.6445 4.60742 20.4008
841.536 577.152 43.6902 4.64472 20.5502
1147.39 461.376 43.4231 3.61001 18.8999
1156.03 632.448 39.6676 3.62514 20.7203
1152.58 627.264 39.6914 3.62438 20.7185
198.72 352.512 44.2743 3.81186 25.2978
516.672 298.944 51.9508 3.08008 24.6321
502.848 292.032 51.8063 3.00133 24.8076
689.472 482.112 42.4445 3.93628 21.6309
794.88 549.504 45.39 4.91133 20.6563
843.264 471.744 44.4351 4.06994 20.5248
865.728 445.824 44.2611 3.83097 20.4175
1180.22 637.632 39.485 3.57715 20.7787
1195.78 618.624 39.4484 3.5325 20.78
1187.14 622.08 39.4626 3.54298 20.7837
198.72 376.704 43.9701 3.94551 25.1089
240.192 324.864 45.2892 3.66213 25.5541
357.696 402.624 44.8002 4.0878 24.2673
359.424 336.96 45.3118 3.62501 24.5174
967.68 378.432 52.9917 3.41375 17.2266
972.864 604.8 42.6404 4.41506 20.07
952.128 599.616 42.9269 4.47934 20.0848
972.864 575.424 42.3617 4.19202 20.169
1000.51 494.208 42.8736 3.84229 19.9391
701.568 492.48 42.88 4.05903 21.5466
737.856 473.472 44.9154 4.25941 21.2308
741.312 456.192 44.7646 4.10013 21.2266
919.296 559.872 42.6867 4.23011 20.364
915.84 542.592 42.8162 4.16734 20.3456
938.304 451.008 42.9471 3.66132 20.2691
926.208 451.008 43.1108 3.68956 20.3128
969.408 497.664 43.0074 3.90223 20.0598
948.672 495.936 42.7529 3.87681 20.2393
1028.16 489.024 42.3765 3.73514 19.9654
1099.01 437.184 42.9418 3.47016 19.4298
103.68 316.224 48.0307 3.93694 28.6497
665.28 608.256 41.6352 4.3603 21.6687
667.008 587.52 42.3224 4.47459 21.6812
411.264 421.632 42.0845 3.77989 22.9934
504.576 432 42.2381 3.79113 22.576
511.488 407.808 42.244 3.67399 22.5497
902.016 597.888 42.9065 4.49684 20.3674
870.912 596.16 42.7471 4.48308 20.552
895.104 582.336 42.6562 4.35766 20.4757
891.648 552.96 43.1983 4.32982 20.3907
1245.89 573.696 39.6363 3.47964 20.5905
1232.06 582.336 39.1193 3.39759 20.9267
276.48 381.888 44.0282 3.9053 24.6016
673.92 425.088 42.7188 3.68414 21.7554
641.088 407.808 42.7624 3.62424 21.9403
777.6 286.848 48.6299 2.54675 20.8283
1003.97 637.632 42.9178 4.6453 19.7793
995.328 616.896 41.9713 4.275 20.1752
1131.84 494.208 42.7702 3.73757 19.2911
1111.1 489.024 42.7301 3.72206 19.416
316.224 397.44 43.6029 3.9202 24.1246
316.224 366.336 44.0311 3.77268 24.3375
368.064 373.248 39.5511 3.32144 22.3013
345.6 371.52 44.2073 3.80838 24.1874
796.608 442.368 44.7577 3.94567 20.8238
412.992 395.712 44.1599 3.91182 23.6533
411.264 376.704 43.9957 3.74905 23.6334
777.6 478.656 44.8435 4.22844 20.9414
775.872 454.464 45.454 4.12869 20.9342
765.504 454.464 44.7393 4.05049 21.0624
1095.55 487.296 42.6541 3.70443 19.5321
393.984 425.088 42.2667 3.83269 23.1386
397.44 406.08 43.1326 3.85613 23.4388
927.936 442.368 42.8184 3.60361 20.3702
910.656 440.64 43.2587 3.65807 20.3582
940.032 416.448 43.1779 3.48357 20.2254
924.48 414.72 43.4378 3.50729 20.2578
1003.97 554.688 42.5181 4.10211 19.9897
995.328 535.68 42.4126 3.99773 20.072
869.184 440.64 43.5796 3.72419 20.5254
1083.46 475.2 42.7625 3.66697 19.5614
1073.09 473.472 42.5763 3.64852 19.6861
1090.37 452.736 42.6806 3.5356 19.5649
705.024 395.712 42.4959 3.4979 21.599
687.744 390.528 39.1435 3.24001 21.6874
679.104 380.16 42.623 3.44197 21.7473
948.672 554.688 42.7296 4.18447 20.2034
984.96 537.408 42.8893 4.08866 19.9834
1133.57 478.656 42.3012 3.61007 19.5066
1102.46 478.656 42.3505 3.62989 19.6319
302.4 267.84 44.7136 3.08546 24.8281
297.216 357.696 44.1548 3.73889 24.5321
300.672 311.04 44.4224 3.40221 24.6552
32.832 219.456 49.7802 2.88537 31.0554
164.16 207.36 48.5224 2.53734 28.3654
101.952 328.32 48.056 4.0849 28.6766
141.696 298.944 44.1305 3.46797 25.6945
186.624 115.776 45.3508 1.93632 26.2702
165.888 100.224 45.3259 1.83084 26.4218
115.776 57.024 44.0151 1.79846 25.9948
114.048 171.072 48.0184 2.24321 28.6948
494.208 243.648 50.635 2.35488 24.7911
501.12 202.176 47.4668 2.09277 24.0026
568.512 254.016 50.4443 2.3941 23.6493
589.248 212.544 47.7669 2.06231 23.0837
343.872 273.024 49.7705 3.0943 26.5807
447.552 243.648 50.8178 2.41087 25.5473
475.2 286.848 51.8291 2.97705 25.2667
347.328 122.688 44.7789 1.90631 24.625
312.768 589.248 42.207 4.68125 23.4224
184.896 684.288 40.5299 4.45195 23.125
222.912 635.904 40.8196 4.4162 23.1631
127.872 590.976 41.1609 4.44586 23.7284
172.8 615.168 41.0793 4.45952 23.4866
233.28 402.624 43.7801 4.06552 24.769
285.12 404.352 43.7124 4.03092 24.3622
254.016 485.568 43.8527 4.63278 24.5749
539.136 665.28 41.2954 4.53645 22.145
573.696 620.352 42.3605 4.69482 22.1283
421.632 675.648 40.8706 4.47194 22.4735
566.784 432 40.9067 3.55936 22.0896
490.752 501.12 41.696 4.03095 22.4923
520.128 482.112 41.9649 3.97151 22.4153
355.968 456.192 42.1353 3.98185 23.2551
412.992 451.008 41.722 3.84915 22.8659
917.568 260.928 47.7512 2.13952 19.458
881.28 267.84 47.6138 2.29388 19.8235
896.832 196.992 45.3785 1.89065 20.2361
815.616 290.304 49.4009 2.48132 20.2444
775.872 245.376 47.7977 2.1531 20.9853
808.704 105.408 42.1709 2.05182 21.3134
793.152 158.976 43.8664 1.99268 21.2313
805.248 112.32 43.4084 1.77233 21.2156
641.088 72.576 43.2555 1.69787 22.2246
682.56 69.12 43.1654 1.68433 21.9912
675.648 65.664 43.0793 1.68521 22.0262
1199.23 231.552 45.1568 1.90061 17.907
1126.66 347.328 48.4235 2.77616 16.84
986.688 271.296 48.6689 2.08937 18.4531
1026.43 324.864 50.3729 2.52899 17.2884
1064.45 304.128 48.9081 2.31061 17.3911
1154.3 51.84 42.9768 1.32828 19.4313
1019.52 155.52 43.2858 1.91163 19.9753
820.8 577.152 44.1401 4.7621 20.6236
914.112 599.616 42.8707 4.49484 20.3149
806.976 663.552 42.5136 4.8059 20.9094
862.272 613.44 43.2526 4.71771 20.5132
912.384 616.896 42.8681 4.59315 20.3207
900.288 615.168 42.7432 4.55442 20.4028
696.384 575.424 42.6425 4.47956 21.5226
694.656 540.864 42.528 4.269 21.5559
753.408 554.688 44.9352 4.84737 21.0331
710.208 686.016 41.4084 4.56047 21.4547
646.272 609.984 42.2065 4.56904 21.7739
722.304 686.016 41.8456 4.7229 21.3713
786.24 492.48 44.7229 4.32554 20.8522
1171.58 573.696 39.6716 3.50527 20.7128
1152.58 658.368 39.6261 3.67158 20.739
1223.42 663.552 39.3581 3.5745 20.7808
1226.88 615.168 39.4152 3.51058 20.747
1007.42 596.16 42.4638 4.29947 19.9614
1159.49 371.52 48.6727 2.99992 16.2586
1123.2 361.152 48.2154 2.90986 16.9103
1187.14 445.824 57.3524 4.38858 11.0956
1038.53 473.472 42.5942 3.67622 19.8516
1128.38 190.08 44.0659 1.86198 18.9791
1168.13 240.192 43.4003 2.27553 18.9862
470.707 429.235 42.3811 3.8266 22.7663
452.045 414.72 42.1381 3.74633 22.8287
640.742 406.426 42.7697 3.6246 21.9466
1051.32 522.547 42.7216 3.95574 19.6857
1026.43 489.37 42.3238 3.72464 19.9919
1084.49 534.989 42.6161 3.96605 19.5697
1061.68 532.915 42.542 3.94589 19.7118
1076.2 433.382 42.9593 3.46963 19.5392
1163.29 622.08 39.674 3.60528 20.7089
516.326 296.525 51.6092 3.04442 24.5915
503.885 292.378 51.7897 3.00994 24.8065
595.123 294.451 51.7543 2.81256 23.3594
729.907 342.144 43.7948 3.20034 21.4922
814.925 559.872 44.4949 4.75329 20.6102
800.41 530.842 44.6757 4.60137 20.7249
740.275 454.118 44.7646 4.10013 21.2266
790.042 466.56 44.9154 4.13124 20.822
775.526 454.118 45.0088 4.09318 20.9617
763.085 452.045 44.7393 4.05049 21.0624
1231.72 472.781 43.1653 3.58934 18.5526
230.17 400.205 41.7305 3.74214 23.6987
238.464 377.395 43.945 3.92049 24.8322
408.499 375.322 44.2576 3.78903 23.7307
429.235 429.235 41.9654 3.81113 22.8638
902.016 597.197 42.8583 4.4872 20.3797
868.839 603.418 43.1659 4.6345 20.4883
951.783 518.4 42.9576 4.03207 20.1363
1011.92 628.301 42.8355 4.56764 19.7825
1011.92 620.006 42.9046 4.5213 19.7493
995.328 617.933 42.7543 4.49568 19.8994
972.519 593.05 42.8167 4.40616 20.0152
943.488 603.418 42.4961 4.4044 20.2539
972.519 574.387 42.6134 4.25086 20.0926
1011.92 505.958 40.6538 3.56592 20.6681
999.475 510.106 42.5876 3.88953 20.0235
1057.54 593.05 42.6531 4.2971 19.6392
1198.54 564.019 39.6803 3.48199 20.6548
354.586 393.984 43.8913 3.90817 23.9904
346.291 369.101 44.3658 3.81791 24.2308
423.014 360.806 44.468 3.67873 23.715
700.877 493.517 42.8237 4.07219 21.5555
1138.41 476.928 42.318 3.59485 19.4689
284.083 381.542 44.27 3.94541 24.6396
275.789 381.542 43.6403 3.86452 24.4195
848.103 402.278 44.1861 3.52877 20.5599
885.427 443.75 43.8269 3.7505 20.3993
987.034 371.174 52.386 3.27287 17.1004
964.224 526.694 43.5299 4.18282 19.9059
1003.62 553.651 42.4493 4.08492 20.007
1001.55 537.062 40.024 3.55023 20.9046
702.951 393.984 42.787 3.51144 21.6188
678.067 389.837 43.0093 3.53524 21.782
696.73 364.954 42.5974 3.36339 21.664
680.141 379.469 42.623 3.4388 21.7514
883.354 543.283 43.3322 4.30751 20.4115
908.237 441.677 43.3395 3.67675 20.3557
926.899 414.72 43.2635 3.49408 20.2927
916.531 416.794 43.2085 3.51139 20.3377
960.077 443.75 42.9549 3.6061 20.1538
1121.82 479.002 42.5548 3.64258 19.453
1090.71 449.971 42.6457 3.51386 19.5882
1072.05 460.339 42.7971 3.61143 19.5965
1105.23 505.958 42.7433 3.81765 19.4245
1130.11 495.59 42.5492 3.71968 19.3995
1094.86 485.222 42.7103 3.71262 19.508
897.869 418.867 43.3358 3.55026 20.4231
872.986 412.646 44.7845 3.62487 20.3037
250.906 255.053 50.0779 2.97108 28.0019
194.918 271.642 51.69 3.33633 29.7095
223.949 199.066 50.1669 2.25197 28.5222
300.672 213.581 49.4605 2.33464 27.0434
296.525 356.659 44.3179 3.75579 24.6353
78.7968 265.421 53.6574 3.50727 33.0998
186.624 116.122 45.7917 1.87511 26.5113
165.888 99.5328 45.1109 1.86286 26.3142
493.517 242.611 50.635 2.35488 24.7911
499.738 201.139 47.4668 2.09277 24.0026
601.344 246.758 49.3341 2.28705 23.0577
624.154 333.85 45.2045 3.29611 22.2794
400.205 290.304 45.5582 3.18095 24.3163
352.512 315.187 44.6899 3.42472 24.3693
439.603 352.512 44.9405 3.62787 23.7065
456.192 294.451 52.541 3.15626 25.7624
346.291 122.342 44.7995 1.91496 24.6368
82.944 559.872 41.6775 4.53857 24.2769
62.208 646.963 40.4485 4.3647 23.4759
172.109 613.786 41.1101 4.47322 23.4993
234.317 402.278 40.7392 3.59651 23.1808
201.139 439.603 43.7749 4.35209 24.9431
315.187 396.058 43.6029 3.9202 24.1246
311.04 505.958 43.0121 4.51617 23.8326
308.966 454.118 43.8021 4.35323 24.1855
180.403 491.443 43.2781 4.60297 24.784
636.595 564.019 42.5172 4.42227 21.8386
398.131 541.21 41.6258 4.2454 22.8547
362.88 624.154 41.669 4.61214 22.9567
447.898 624.154 41.707 4.58577 22.6026
534.989 410.573 42.8089 3.73791 22.5301
543.283 481.075 42.7931 4.09117 22.4404
520.474 481.075 41.9649 3.97151 22.4153
412.646 449.971 41.722 3.84915 22.8659
935.194 255.053 47.6082 2.08656 19.2954
897.869 196.992 45.4489 1.88985 20.2193
810.778 348.365 51.5817 3.26681 19.9343
779.674 259.2 48.4636 2.24622 20.8439
692.583 352.512 42.8532 3.30759 21.7039
644.89 319.334 43.0907 3.14764 21.999
804.557 111.974 43.5092 1.73888 21.2215
918.605 182.477 44.9086 1.84349 20.1701
769.306 176.256 44.684 1.97525 21.3177
750.643 163.814 44.329 1.94454 21.4452
1225.5 242.611 46.0677 1.83259 17.2355
1198.54 230.17 45.1568 1.90061 17.907
1123.89 346.291 48.4235 2.77616 16.84
1181.95 346.291 49.3099 2.62735 15.7361
987.034 271.642 48.1978 2.13923 18.5855
968.371 242.611 45.4239 2.17835 19.5732
972.519 342.144 53.0342 2.89724 17.1777
1024.36 323.482 50.3676 2.53888 17.285
1134.26 66.3552 42.5098 1.596 19.7228
1125.96 68.4288 42.2168 1.70174 19.8737
1128.04 141.005 43.4867 1.70762 19.2758
839.808 576.461 43.8221 4.67904 20.5367
831.514 551.578 43.6585 4.48636 20.633
912.384 599.271 39.137 3.49229 21.3448
914.458 541.21 42.935 4.18874 20.329
910.311 615.859 42.7241 4.56073 20.3474
694.656 580.608 41.5372 4.20182 21.5619
646.963 590.976 42.5343 4.55722 21.7724
688.435 605.491 42.7252 4.65317 21.5661
835.661 389.837 45.3559 3.52616 20.4874
843.955 460.339 43.8483 3.91062 20.6061
933.12 497.664 41.8708 3.75564 20.5536
910.311 468.634 42.948 3.79218 20.4117
678.067 423.014 42.3028 3.62898 21.7103
667.699 375.322 43.2747 3.47131 21.8481
653.184 487.296 42.5958 4.02871 21.8178
1169.51 574.387 39.6709 3.50858 20.7111
1229.65 580.608 39.5598 3.47841 20.6692
1196.47 572.314 39.6252 3.48962 20.6878
1194.39 617.933 39.4469 3.53354 20.7787
1005.7 595.123 42.4638 4.29947 19.9614
1022.28 532.915 42.5627 3.98902 19.8986
1051.32 653.184 42.4533 4.55338 19.7097
1051.32 642.816 41.4649 4.21579 20.1232
1179.88 369.101 49.3852 2.92098 15.6754
1140.48 489.37 42.3979 3.67168 19.4147
1231.72 487.296 43.3554 3.6916 18.4285
1038.87 472.781 42.3124 3.63998 19.9395
1175.73 167.962 43.6001 1.80678 18.9111
1167.44 240.538 44.8418 2.03788 18.2956
736.543 470.293 44.3008 4.15659 21.2675
739.031 452.874 44.7464 4.08721 21.2373
923.167 462.828 42.6854 3.71129 20.4145
905.749 467.804 43.0843 3.79989 20.4155
925.655 447.898 43.0096 3.65581 20.3429
930.632 554.895 43.3117 4.31175 20.1227
1000.3 507.617 42.3965 3.84435 20.0681
1002.79 537.477 42.4841 4.00916 20.02
1005.28 594.709 43.069 4.44103 19.7541
370.76 403.108 44.1256 3.99096 23.9266
378.225 427.991 42.2159 3.85571 23.1971
562.36 291.133 52.8019 2.87465 24.025
572.314 303.575 49.7268 2.99427 23.4123
855.982 420.526 44.6033 3.68796 20.444
948.05 549.919 43.0688 4.23155 20.1339
948.05 530.012 43.0489 4.10579 20.135
1027.68 557.384 42.5002 4.09642 19.8705
1020.21 532.501 42.802 4.03126 19.8256
1012.75 619.592 42.7224 4.47863 19.8266
1010.26 612.127 42.9046 4.5213 19.7493
1065 492.687 42.2497 3.71345 19.8457
686.776 480.246 42.7506 3.9874 21.6473
699.218 393.155 43.2879 3.54782 21.6419
756.449 432.968 45.1239 3.9288 21.0845
893.307 460.339 43.2618 3.78971 20.4385
865.935 445.409 43.3788 3.74084 20.5632
928.143 423.014 43.3605 3.54437 20.2327
1079.93 582.267 42.742 4.24576 19.4943
1057.54 592.22 42.7162 4.29793 19.6226
1082.42 470.293 42.7625 3.61611 19.5552
1067.49 440.433 42.9744 3.50933 19.5644
898.284 418.038 43.4669 3.55464 20.3912
1094.86 485.222 42.7221 3.71764 19.5122
223.949 199.066 49.0352 2.33066 27.92
303.575 129.393 44.5886 2.05186 24.8735
166.717 99.5328 45.3259 1.83084 26.4218
116.951 57.2314 44.311 1.74736 26.1794
102.021 199.066 49.0871 2.46134 29.5095
495.176 241.367 50.5728 2.35674 24.7606
500.152 201.554 48.1915 2.02051 24.1607
567.337 253.809 48.9236 2.40218 23.4396
624.568 333.435 43.4156 3.23045 22.1423
360.806 340.9 44.617 3.60435 24.2319
442.921 353.341 44.9405 3.62787 23.7065
587.244 151.788 44.761 1.91209 22.6938
345.877 124.416 44.7995 1.91496 24.6368
306.063 544.942 41.8689 4.38005 23.3404
216.484 604.662 41.5099 4.5771 23.5387
102.021 632.033 40.4849 4.3202 23.3892
325.97 410.573 43.7864 4.04762 24.1146
313.528 395.643 43.7418 3.9436 24.2001
256.297 482.734 43.4939 4.50004 24.393
196.577 492.687 43.8456 4.73261 24.9886
256.297 477.758 43.8893 4.5928 24.5907
159.253 435.456 43.2895 4.27562 24.9587
151.788 368.271 43.7102 3.89951 25.293
119.439 442.921 43.4149 4.37331 25.3026
594.709 559.872 43.2859 4.66301 22.1581
632.033 525.036 42.5688 4.24295 21.8908
572.314 619.592 41.6571 4.48364 22.0626
452.874 537.477 39.0705 3.47866 21.9834
485.222 614.615 41.9025 4.58949 22.4837
534.989 410.573 41.8118 3.6128 22.3605
500.152 430.479 42.2381 3.79113 22.576
634.522 425.503 42.264 3.67076 21.9239
490.199 502.641 41.8324 4.06245 22.5162
579.779 487.711 47.8987 5.13829 22.8244
405.596 500.152 41.5759 4.03284 22.8319
457.851 502.641 41.456 3.98888 22.5702
423.014 500.152 41.8399 4.07945 22.8426
437.944 440.433 41.7129 3.80095 22.7524
878.377 266.25 48.7915 2.18326 19.6816
808.704 348.365 51.5817 3.26681 19.9343
791.286 286.157 48.0028 2.55103 20.7059
778.844 258.785 48.4636 2.24622 20.8439
644.475 318.505 43.0942 3.15465 21.9974
773.868 286.157 48.7511 2.48352 20.8668
791.286 156.764 43.7499 1.98045 21.2322
898.284 196.577 45.4489 1.88985 20.2193
751.473 196.577 43.2799 2.31642 21.484
1194.39 231.414 45.1568 1.90061 17.907
1162.05 348.365 48.4385 2.68761 16.3904
1137.16 286.157 48.4168 2.06918 16.8272
1206.84 333.435 51.1818 2.3053 14.4693
1050.07 216.484 42.9003 2.32059 19.8595
972.933 343.388 52.3386 2.83636 17.3348
1017.72 154.276 43.2217 1.92065 19.9865
860.959 614.615 43.0549 4.66975 20.5458
910.725 614.615 42.7747 4.55633 20.3404
868.424 602.174 42.8836 4.5276 20.5292
646.963 589.732 42.533 4.55583 21.778
671.846 554.895 42.0997 4.25491 21.6654
781.333 549.919 44.4182 4.70614 20.8569
734.055 542.454 44.3531 4.6914 21.2005
689.265 604.662 42.7227 4.66343 21.5522
758.938 656.917 41.8482 4.56108 21.2095
746.496 609.638 43.0861 4.7524 21.1844
823.634 378.225 45.8383 3.45043 20.5623
888.33 385.69 43.538 3.36256 20.4565
885.842 492.687 43.1189 3.96458 20.4756
781.333 455.363 44.8843 4.08066 20.9212
1229.23 579.779 39.535 3.47143 20.6855
1194.39 569.825 39.6472 3.49028 20.6794
1107.3 664.382 39.7433 3.72881 20.7595
1224.25 612.127 39.4155 3.50674 20.7497
1191.91 617.103 39.4601 3.53507 20.7784
958.003 584.755 42.751 4.34218 20.1238
1007.77 641.987 39.6733 3.69118 20.9875
940.585 604.662 42.6438 4.44565 20.2197
1065 637.01 42.6843 4.53104 19.5561
1159.56 370.76 48.9222 2.97365 16.1534
1199.37 495.176 41.9197 3.59542 19.399
1017.72 390.666 50.2939 3.41473 17.2964
639.498 72.1613 43.2738 1.69094 22.2618
788.3 432.968 44.943 3.89689 20.8507
880.865 468.8 43.1046 3.83581 20.5381
865.936 444.912 43.3788 3.74084 20.5632
940.585 450.884 41.9074 3.55102 20.5434
1110.79 659.903 39.7525 3.72833 20.7564
719.622 426.996 42.7996 3.67789 21.5082
713.65 474.772 42.8266 3.9531 21.5128
740.524 450.884 44.3696 4.03102 21.2513
1122.73 477.758 42.6617 3.65185 19.4053
1095.86 486.715 39.069 3.28886 21.1411
412.066 104.509 44.636 1.77932 24.0721
346.374 122.425 45.218 1.88668 24.793
450.884 624.071 41.5675 4.52586 22.5688
453.87 131.383 44.6586 1.88696 23.7586
647.959 223.949 47.0521 2.19095 22.4196
794.272 155.271 43.4935 2.01723 21.2369
806.216 110.481 43.5979 1.73666 21.2299
1137.66 65.6917 42.4843 1.5892 19.7136
1197.38 229.921 44.9872 1.89731 18.0077
1167.52 238.879 45.202 2.00463 18.1547
851.006 644.973 41.5972 4.3728 20.8834
1131.69 188.117 44.2698 1.81953 18.8767
388.178 576.295 39.9347 3.83516 22.3453
400.122 537.477 42.5709 4.50748 23.123
531.505 540.463 44.072 4.79327 22.6386
919.683 182.145 44.9086 1.84349 20.1701
871.907 182.145 44.9782 1.87564 20.5136
988.361 271.725 47.6135 2.17826 18.7309
970.445 241.865 45.4936 2.16173 19.5412
56.7337 92.5655 44.8193 1.94527 27.0415
128.397 134.369 44.64 2.23916 26.3029
256.795 477.758 43.7388 4.55604 24.5176
200.061 441.926 43.368 4.28379 24.7259
158.257 480.743 42.7628 4.41492 24.6352
253.809 606.155 41.174 4.43696 23.2322
217.977 603.169 41.3743 4.526 23.4809
636.015 426.996 42.264 3.67076 21.9239
633.029 388.178 42.3723 3.47015 21.9759
567.337 379.22 42.0572 3.50815 22.2773
734.552 543.449 44.3531 4.6914 21.2005
1161.55 346.374 48.4385 2.68761 16.3904
647.959 319.5 43.0795 3.12692 21.9927
910.725 615.113 42.8172 4.5344 20.3189
871.907 597.197 43.085 4.5699 20.5003
946.557 313.528 47.0343 2.69229 19.2034
1021.21 152.285 42.5816 2.03314 20.1596
489.701 501.645 41.0499 3.89125 22.3627
438.94 441.926 42.0043 3.8455 22.8258
495.673 241.865 49.0702 2.38207 24.4209
809.202 331.444 51.6595 3.0197 20.003
1185.44 432.968 57.9613 4.14558 10.876
1161.55 370.262 48.9222 2.97365 16.1534
164.229 206.033 48.4509 2.53415 28.2999
298.598 355.332 44.1889 3.73515 24.5545
770.384 176.173 43.3768 2.16582 21.3503
782.328 146.313 44.3119 1.8071 21.3
1158.56 370.262 48.9222 2.97365 16.1534
298.598 212.005 49.7712 2.30451 27.2142
415.052 447.898 41.8693 3.86229 22.8999
358.318 441.926 41.8911 3.87093 23.1768
639.001 561.365 42.6207 4.42644 21.8562
633.029 522.547 42.6377 4.23999 21.9018
1024.19 322.486 50.4356 2.53317 17.3185
579.281 456.856 41.899 3.80866 22.1501
1194.39 597.197 39.5962 3.52979 20.7026
797.258 441.926 45.0543 3.95361 20.7864
1122.73 337.416 48.0427 2.67212 17.0503
851.006 573.309 43.7537 4.62578 20.5161
824.132 561.365 44.2499 4.68623 20.5989
656.917 495.673 42.5611 4.06039 21.7899
701.706 444.912 42.8586 3.7937 21.5733
647.959 468.8 42.7278 3.93942 21.87
1006.28 594.211 42.2402 4.23313 20.0537
943.571 606.155 42.9377 4.52431 20.1355
400.122 346.374 45.6213 3.65119 24.2495
397.136 289.641 45.9975 3.198 24.4354
379.22 289.641 44.9699 3.16516 24.2918
913.711 555.393 42.4326 4.15339 20.4544
904.753 546.435 42.6663 4.18138 20.4393
883.851 546.435 42.2941 4.10154 20.6433
1018.22 391.164 50.2939 3.41473 17.2964
1131.69 627.057 39.7368 3.64093 20.7438
1170.51 573.309 39.6972 3.5144 20.7001
695.734 579.281 42.767 4.51764 21.5293
668.861 567.337 42.5981 4.43071 21.6971
677.818 516.575 42.6467 4.17592 21.6909
537.477 412.066 42.7851 3.73526 22.5175
501.645 429.982 42.4437 3.80088 22.6295
752.468 450.884 44.7848 4.04826 21.1652
220.963 352.346 44.0455 3.76283 25.0378
994.333 564.351 41.8274 4.01639 20.2471
958.501 585.253 42.9002 4.37541 20.0611
955.515 519.561 41.9137 3.85451 20.418
1021.21 534.491 42.3151 3.95375 20.0004
450.884 415.052 43.5538 3.93653 23.2078
677.818 421.024 42.8106 3.66396 21.7486
650.945 429.982 42.6651 3.74001 21.8708
698.72 391.164 42.9 3.51901 21.6479
662.889 397.136 42.6804 3.55138 21.829
1068.98 471.786 42.7139 3.65742 19.6578
958.501 480.743 42.4077 3.73922 20.2978
919.683 501.645 42.4087 3.87929 20.4458
886.837 492.687 43.3068 3.98836 20.4537
925.655 447.898 43.0096 3.65581 20.3429
412.066 394.15 44.2976 3.92923 23.699
1131.69 483.729 42.4211 3.65078 19.4506
588.239 155.271 44.761 1.91209 22.6938
569.726 616.307 42.0028 4.56408 22.1029
849.214 644.973 42.5682 4.68915 20.716
852.797 598.391 43.2622 4.63721 20.5646
1132.29 186.325 44.3453 1.79748 18.8496
1107.2 139.744 43.2184 1.76966 19.5022
480.146 537.477 43.092 4.57114 22.7919
451.481 537.477 43.8365 4.76166 23.1367
781.134 257.989 48.2515 2.23463 20.8297
899.379 197.075 44.9048 1.92903 20.2617
164.826 207.825 48.591 2.52351 28.3789
175.576 164.826 46.9069 2.21757 27.2598
311.737 584.059 41.7986 4.54298 23.2825
333.236 519.561 40.9954 4.02346 22.9045
634.223 426.399 42.0796 3.64924 21.91
630.64 390.567 38.6642 3.21224 21.7361
566.143 379.817 42.0929 3.50741 22.2795
648.556 623.474 41.9983 4.55997 21.7223
541.06 483.73 41.4294 3.85905 22.2425
548.227 451.481 41.6954 3.77008 22.2574
508.812 437.148 42.2381 3.79113 22.576
637.806 283.071 41.9583 2.95566 21.9819
566.143 254.406 49.5995 2.37733 23.6066
587.642 214.991 47.3704 2.12891 23.0432
691.554 354.735 43.0504 3.33124 21.7348
648.556 318.903 44.4792 3.16095 22.1043
154.077 275.905 48.8262 3.39072 28.5896
326.07 311.737 44.2863 3.3931 24.4149
806.216 347.569 49.2311 3.19434 20.2401
963.876 340.402 50.619 2.91673 17.9497
978.209 318.903 52.1656 2.45484 17.3775
1053.46 136.161 42.9798 1.84369 19.9115
1067.79 300.987 48.9206 2.29145 17.3339
1189.62 444.315 41.6144 3.36684 19.6713
193.492 494.479 43.2925 4.61677 24.6994
157.66 480.146 42.7628 4.41492 24.6352
157.66 437.148 43.0704 4.23203 24.8457
533.894 283.071 50.8515 2.81953 24.199
870.713 580.475 43.1155 4.51417 20.5302
988.958 272.322 47.1032 2.21276 18.8661
1049.87 214.991 43.0771 2.28644 19.8367
1160.95 372.651 55.6808 2.82954 12.7102
1207.53 333.236 46.5652 2.53417 16.9472
1160.95 343.985 48.7127 2.65756 16.255
193.492 376.234 44.0444 3.93984 25.1758
157.66 386.984 43.1627 3.94218 24.9197
404.9 501.645 41.5759 4.03439 22.8317
415.649 447.898 41.8444 3.85534 22.8896
1128.7 627.057 39.7177 3.64031 20.7497
279.488 379.817 43.946 3.8966 24.5553
422.815 501.645 41.8399 4.07945 22.8426
444.315 444.315 38.8882 3.32288 21.965
802.633 548.227 44.7897 4.73813 20.6688
842.048 462.23 43.9526 3.92148 20.6154
204.241 379.817 44.0444 3.93984 25.1758
458.647 261.572 50.8967 2.64885 25.3456
684.388 555.393 42.5901 4.38232 21.5946
673.638 544.644 42.7094 4.28881 21.6699
1150.2 630.64 39.6801 3.62592 20.7292
537.477 412.066 42.7969 3.72017 22.5207
498.062 429.982 41.7894 3.72683 22.506
870.713 644.973 42.2943 4.59333 20.6352
910.128 612.724 41.7728 4.25601 20.6239
616.307 555.393 42.7045 4.44662 21.9766
655.722 494.479 42.5588 4.05714 21.7902
698.72 444.315 42.9152 3.79871 21.5864
1193.2 569.726 39.6324 3.48976 20.6869
379.817 286.655 45.1634 3.17105 24.3471
960.293 584.059 42.4033 4.26827 20.2078
953.126 519.561 42.97 4.03969 20.1242
1049.87 465.814 43.3773 3.71305 19.4647
1082.12 533.894 41.458 3.76042 20.0685
730.969 501.645 44.0194 4.316 21.2861
748.885 451.481 44.4122 4.01862 21.262
928.044 390.567 43.4413 3.34458 20.243
680.805 394.15 42.669 3.52407 21.7415
666.472 376.234 42.6627 3.43076 21.8269
1003.29 505.229 42.7793 3.89372 19.9294
1057.04 584.059 42.7117 4.27447 19.6328
1017.62 533.894 42.7677 4.0309 19.8452
874.296 501.645 42.7347 3.94982 20.5879
351.152 369.068 44.3456 3.79671 24.2015
1096.45 469.397 42.585 3.603 19.5685
1175.28 168.41 43.1413 1.91343 19.1173
1193.2 229.324 44.9872 1.89731 18.0077
874.296 268.739 49.1373 2.194 19.6638
483.73 616.307 41.4858 4.47803 22.4156
365.485 623.474 41.5328 4.56991 22.9227
537.477 630.64 41.6283 4.52483 22.2022
118.245 644.973 40.8971 4.52425 23.577
455.064 128.995 44.8623 1.85923 23.8043
587.642 154.077 46.2411 1.70544 22.895
634.223 71.6636 43.2875 1.69046 22.2791
225.74 200.658 51.0545 2.21596 28.9043
293.821 118.245 45.3998 1.86546 25.2931
485.879 503.079 41.8059 4.0682 22.5389
490.179 434.282 42.2448 3.81508 22.6332
632.073 391.283 42.3145 3.5178 21.9891
606.274 460.081 41.9851 3.8315 22.0084
202.091 442.881 43.209 4.25042 24.6388
193.492 270.889 50.0231 3.25552 28.8893
154.793 270.889 49.4498 3.34379 28.9338
386.984 571.876 41.5381 4.35524 22.8579
649.273 619.174 41.9983 4.55997 21.7223
700.87 597.675 43.3336 4.79971 21.4851
791.167 300.987 49.1434 2.66783 20.65
885.763 632.073 42.0507 4.44802 20.623
872.863 597.675 43.5233 4.67895 20.3829
1053.46 214.991 43.2868 2.27473 19.7305
1191.05 614.874 39.4582 3.53439 20.7835
1148.05 627.773 39.7351 3.62498 20.7024
1169.55 593.375 39.6754 3.55332 20.7047
589.075 214.991 46.5636 2.16403 22.9228
782.567 546.077 44.7681 4.772 20.8399
782.567 533.177 44.4812 4.60733 20.8482
735.269 533.177 44.8364 4.77241 21.1972
1010.46 623.474 42.284 4.39254 19.9929
1001.86 593.375 42.3691 4.26461 20.0176
1122.25 352.585 47.7895 2.79892 17.121
1113.65 318.187 48.0274 2.49207 17.1318
1195.35 567.576 39.654 3.49095 20.6767
421.382 498.779 42.5989 4.21701 23.0448
382.684 438.581 41.5754 3.79255 22.9783
563.276 253.689 49.5995 2.37733 23.6066
687.971 498.779 43.5728 4.23594 21.6605
696.57 442.881 42.9152 3.79871 21.5864
232.19 374.084 43.4944 3.868 24.6473
632.073 520.278 42.2022 4.14434 21.8688
958.859 584.775 42.9094 4.38473 20.0562
447.181 249.389 55.3776 2.41959 26.7266
799.766 438.581 45.2285 3.97051 20.7765
1057.76 408.483 42.9734 3.3496 19.6068
180.592 288.088 49.2004 3.53891 28.5116
498.779 425.682 42.2239 3.76157 22.6052
670.772 567.576 42.7123 4.46833 21.6473
687.971 541.777 42.5166 4.26843 21.6004
675.071 533.177 42.6986 4.28001 21.6695
361.185 335.386 44.0193 3.54901 23.9694
382.684 288.088 45.5374 3.1855 24.4685
679.371 412.783 41.8248 3.53645 21.6958
885.763 490.179 42.757 3.90976 20.5319
864.263 442.881 43.6267 3.76075 20.5455
950.26 546.077 42.547 4.08714 20.2557
976.059 528.878 42.347 3.96016 20.1966
950.26 520.278 42.9848 4.04342 20.1323
417.082 365.485 39.5777 3.29351 22.2244
971.759 374.084 50.0188 3.32173 17.9879
937.36 386.984 41.0141 3.26563 20.8669
1023.36 490.179 42.7824 3.7983 19.8574
1023.36 447.181 43.4648 3.65786 19.6137
868.563 399.883 45.8893 3.5935 20.0899
976.059 481.58 40.6938 3.51251 20.7469
958.859 477.28 42.3032 3.71824 20.3214
1135.15 481.58 42.3109 3.634 19.5029
1070.65 490.179 42.7748 3.76548 19.6029
1070.65 438.581 42.9758 3.50569 19.5604
481.58 412.783 42.2817 3.73286 22.7087
442.881 404.183 41.9707 3.68379 22.8494
1165.25 369.784 50.3746 2.92389 15.4078
885.763 546.077 42.7183 4.18373 20.5318
1178.15 167.693 42.366 2.09483 19.5222
782.567 150.494 44.3119 1.8071 21.3
804.066 107.495 42.9049 1.87557 21.2712
649.273 313.887 43.2007 3.13247 21.9943
640.673 223.591 46.4521 2.17689 22.4153
872.863 266.589 48.3104 2.19246 19.7632
193.492 374.084 43.8224 3.9226 25.0892
455.781 292.388 51.5113 3.10871 25.4673
176.293 163.393 47.1059 2.17564 27.4119
171.993 103.196 45.2062 1.85473 26.3128
124.695 128.995 44.8982 2.17987 26.4984
292.388 210.691 49.2407 2.31311 27.0263
300.987 128.995 45.1109 1.9302 25.155
455.781 128.995 44.6586 1.88696 23.7586
423.102 469.54 41.7844 3.94123 22.8279
686.251 577.896 42.7551 4.52808 21.5781
779.127 552.097 44.1768 4.65311 20.856
350.865 366.345 45.0554 3.8631 24.4403
629.493 330.226 44.1754 3.28003 22.1924
670.772 567.576 42.6108 4.44381 21.6957
675.931 526.298 42.1579 4.0959 21.661
887.482 546.937 39.216 3.43944 21.3538
856.524 562.416 42.8732 4.33289 20.6386
877.163 500.499 42.9979 3.99097 20.5499
959.719 479.86 43.4432 3.87217 20.0315
923.601 443.741 44.7462 3.7389 19.8804
1006.16 619.174 41.5209 4.15833 20.2997
995.838 598.535 42.8402 4.38792 19.8882
459.221 263.149 48.7528 2.68496 24.7168
500.499 283.788 51.8618 2.80198 24.9081
639.813 469.54 42.7178 3.96087 21.9245
691.411 448.901 42.9221 3.8138 21.6069
949.4 546.937 42.8461 4.16894 20.1758
954.56 521.138 41.6158 3.81597 20.5181
1031.96 479.86 39.0884 3.3091 21.2225
1016.48 490.179 42.7618 3.78872 19.8713
510.818 423.102 42.2294 3.74136 22.5482
665.612 423.102 42.6177 3.68828 21.7949
784.287 469.54 45.3291 4.18985 20.8559
902.962 397.303 43.5365 3.41995 20.3133
216.711 350.865 45.4307 3.8782 25.7278
402.463 397.303 43.4858 3.79218 23.554
366.345 428.262 41.9236 3.80344 23.1472
412.783 366.345 44.2143 3.69989 23.7108
495.339 428.262 42.3431 3.83989 22.6749
1001 505.659 42.468 3.84337 20.0491
1062.92 479.86 41.5595 3.54307 20.1524
1119.67 459.221 43.3718 3.60596 19.0848
944.24 608.854 42.1465 4.3095 20.3515
732.689 536.617 44.35 4.64259 21.1905
908.122 608.854 42.0692 4.33651 20.5148
923.601 257.989 47.7069 2.12138 19.4589
1166.11 345.705 49.957 2.56812 15.6827
753.328 283.788 45.041 2.6781 21.3059
438.581 443.741 40.9806 3.67479 22.5334
629.493 392.143 42.1152 3.51993 21.9769
485.02 614.014 41.3437 4.40461 22.3828
485.02 505.659 41.0247 3.8969 22.3685
572.736 614.014 41.9788 4.53849 22.1002
536.617 619.174 41.7952 4.55662 22.2324
454.061 134.154 45.1069 1.84894 23.8516
588.215 216.711 46.2614 2.17715 22.8702
98.0359 196.072 47.8839 2.44366 28.8589
175.433 103.196 45.3659 1.85314 26.3418
294.108 211.551 46.9619 2.46537 26.0106
232.19 201.231 48.2158 2.31923 27.4743
299.267 128.995 44.8212 2.00204 25.0047
767.776 544.873 44.8257 4.78228 20.9276
978.295 346.737 52.9549 2.91401 17.183
291.012 247.67 50.6846 2.70317 27.7809
260.053 260.053 52.6044 3.00016 29.1103
495.339 421.038 41.265 3.63249 22.4298
445.805 396.271 43.4458 3.82822 23.2428
588.215 272.436 47.6651 2.59773 22.9818
811.118 445.805 44.1886 3.87327 20.8256
798.734 439.613 45.7689 3.96088 20.7856
1015.45 532.49 39.0889 3.36701 21.2237
303.395 532.49 42.0602 4.43507 23.4489
749.2 458.189 44.3789 3.99704 21.145
885.419 445.805 43.5047 3.72076 20.4963
860.652 427.23 43.28 3.6452 20.6016
903.994 396.271 46.953 3.51585 19.6167
965.911 476.764 42.7185 3.75334 20.1977
947.336 538.681 42.8461 4.16894 20.1758
953.528 520.106 42.9681 4.0422 20.1256
934.953 421.038 40.2643 3.30985 21.0287
972.103 371.504 42.1941 3.17033 20.3666
978.295 557.256 42.8613 4.21968 19.9935
1077.36 476.764 41.833 3.59951 19.94
1145.47 433.422 47.6926 3.74114 16.79
730.625 340.546 43.4998 3.13149 21.4736
786.351 408.655 46.8041 3.863 20.7043
804.926 371.504 46.2149 3.5064 20.6506
996.87 266.245 48.8547 2.07603 18.3663
1021.64 235.286 39.1787 2.96672 21.2498
1120.7 352.929 46.8951 2.84842 17.5545
724.433 390.08 49.7178 3.95224 21.2704
990.678 439.613 42.9433 3.58425 19.9937
959.719 557.256 42.4326 4.12447 20.2261
1058.79 582.023 42.7191 4.24959 19.6035
1114.51 532.49 42.6875 3.94189 19.388
687.283 445.805 41.7944 3.6862 21.6261
674.9 563.448 42.7141 4.44827 21.6485
681.091 544.873 40.6332 3.83592 21.654
823.501 563.448 44.6675 4.78669 20.5211
885.419 544.873 42.5234 4.12544 20.5597
773.967 532.49 44.6869 4.62517 20.8531
996.87 204.327 43.0293 2.19745 20.1174
1021.64 148.602 43.0703 1.90956 20.0091
1139.28 185.752 43.0446 2.02688 19.2968
1046.4 136.218 43.1964 1.82402 19.8815
749.2 191.944 44.6593 2.08045 21.5242
650.133 309.587 42.09 3.08205 21.8952
643.941 241.478 47.1687 2.28154 22.4554
866.843 266.245 49.0434 2.15737 19.7581
445.805 445.805 42.0394 3.8671 22.8261
402.463 451.997 41.9164 3.90153 22.9726
637.749 464.38 42.7868 3.94845 21.9329
625.366 390.08 42.9881 3.59842 22.0856
204.327 445.805 42.2565 4.06631 24.1223
154.793 439.613 42.1706 4.0504 24.3325
582.023 154.793 45.9409 1.80702 22.9384
297.203 210.519 48.5725 2.32721 26.8037
154.793 266.245 48.0516 3.29775 28.0987
359.121 328.162 43.0172 3.40995 23.6817
458.189 130.027 44.5417 1.89847 23.7349
973.341 460.665 40.9488 3.47745 20.6712
988.202 445.805 42.2937 3.50032 20.2778
1114.51 534.966 42.6864 3.95586 19.393
1107.08 453.235 40.0109 3.29188 20.6767
1121.94 423.515 49.8237 3.75123 15.8753
438.375 453.235 42.0173 3.89988 22.8204
720.718 468.095 43.1058 3.9917 21.3836
1010.49 534.966 42.1056 3.91292 20.1009
1010.49 490.386 41.4023 3.61402 20.3477
965.911 482.956 42.0484 3.69591 20.3712
973.341 349.214 40.6064 3.09009 20.8468
1077.36 438.375 42.994 3.48455 19.5396
973.341 371.504 51.1764 3.29898 17.6477
683.568 445.805 41.7944 3.6862 21.6261
705.858 564.687 45.2179 5.03472 21.5112
676.138 527.536 41.5939 4.02728 21.6283
780.159 549.826 45.1542 4.85016 20.8082
884.18 505.246 42.9049 3.99143 20.5514
1017.92 148.602 43.0703 1.90956 20.0091
1129.37 185.752 43.4695 1.98219 19.3095
1040.21 141.172 43.0439 1.86988 19.9562
995.632 267.483 49.8057 1.99943 18.1216
646.418 208.042 46.2166 2.07693 22.3368
713.288 319.494 43.178 3.11671 21.5911
780.159 304.634 44.42 2.87925 21.1054
787.589 260.053 48.1721 2.23151 20.7158
631.557 468.095 42.7868 3.94845 21.9329
482.956 505.246 40.8193 3.83812 22.3277
594.407 549.826 42.3653 4.41209 22.0573
564.687 549.826 43.3193 4.63292 22.3368
364.074 423.515 42.0566 3.82539 23.2012
297.203 534.966 41.6948 4.35094 23.3413
557.256 252.623 47.4952 2.43586 23.3363
193.182 267.483 52.0034 3.27777 29.9382
356.644 319.494 42.9909 3.39194 23.6833
319.494 252.623 48.1933 3.04109 26.129
260.053 260.053 52.0798 3.00426 28.7616
460.665 141.172 45.0246 1.84553 23.8545
481.47 508.218 41.8073 4.09299 22.5644
597.379 213.987 46.2606 2.16234 22.7492
820.282 445.805 41.9839 3.58407 21.0444
793.533 427.973 38.3341 3.19344 21.6263
918.359 499.302 43.8063 4.04001 20.1851
900.527 463.637 43.3591 3.8279 20.4277
954.023 249.651 44.6283 2.29286 19.84
1043.18 410.141 47.8636 3.56069 17.8064
445.805 454.721 40.5454 3.61153 22.4359
401.225 445.805 41.9243 3.91569 22.9616
481.47 258.567 48.8024 2.58394 24.5668
499.302 419.057 42.2738 3.72512 22.6272
454.721 419.057 39.7302 3.42301 22.1609
704.372 427.973 42.9407 3.69186 21.5933
1016.44 517.134 41.8975 3.79669 20.1243
1016.44 490.386 42.7713 3.80654 19.9217
954.023 410.141 43.2865 3.4427 20.1161
954.023 526.05 42.9138 4.04466 20.1475
900.527 543.882 42.855 4.19889 20.3679
1096.68 490.386 42.8462 3.7398 19.3947
686.54 401.225 43.0903 3.57976 21.7263
820.282 374.476 44.3627 3.40147 20.8005
740.037 534.966 43.8977 4.53365 21.1979
686.54 499.302 42.8815 4.12138 21.6303
784.617 472.554 45.6934 4.25292 20.8692
998.604 267.483 45.8484 2.29237 19.0508
918.359 258.567 45.0268 2.32987 19.9344
1105.6 347.728 47.1492 2.73921 17.6442
650.876 312.064 43.1397 3.01154 21.9213
820.282 347.728 50.2673 2.94896 19.9424
543.882 454.721 41.701 3.78216 22.2781
624.127 401.225 41.234 3.44745 21.9366
570.631 383.392 42.022 3.49807 22.2576
526.05 543.882 42.2112 4.41878 22.4236
267.483 392.309 43.2092 3.86208 24.259
356.644 526.05 42.1382 4.38409 23.2078
329.896 481.47 41.2298 3.92777 23.0397
579.547 169.406 45.6973 1.82982 23.0645
543.882 347.728 42.0304 3.35039 22.4056
240.735 196.154 47.5075 2.3501 27.0718
169.406 169.406 46.1002 2.22782 26.8995
285.315 205.07 47.1989 2.35513 26.3156
383.392 294.231 45.9896 3.26111 24.5774
