1179.67 193.085 -2.50654 -0.698778 8.26537
1114.87 335.915 -2.52337 -0.556246 8.22414
1064.61 224.825 -2.63717 -0.665822 8.0794
1099 275.08 -2.59777 -0.614412 8.1532
1043.45 407.33 -2.60978 -0.459877 8.11453
1099 453.617 -2.78835 -0.406088 8.09628
1175.64 238.777 -2.42137 -0.65051 8.31543
1160.43 351.322 -2.45905 -0.548782 8.30286
1114.8 336.113 -2.48578 -0.557027 8.24592
1018.99 281.362 -2.57136 -0.593476 8.08138
1058.53 298.091 -2.64585 -0.582521 8.08514
1043.32 407.594 -2.5695 -0.463785 8.13898
1026.59 384.781 -2.63891 -0.477114 8.07149
1140.35 285.088 -2.48627 -0.606168 8.25824
1019.67 199.387 -2.66132 -0.691776 8.00297
1030.16 267.598 -2.59872 -0.611629 8.0735
1072.14 356.797 -2.502 -0.525772 8.19719
1058.15 299.08 -2.6008 -0.584319 8.11406
1143.85 582.419 -2.4357 -0.347763 8.34357
1063.4 594.662 -2.6227 -0.265578 8.17592
1094.88 391.777 -2.70789 -0.485204 8.11681
1024.92 475.73 -2.65697 -0.374355 8.08354
1138.43 627.543 -2.46446 -0.300176 8.33491
1041.88 408.305 -2.61777 -0.45939 8.10848
1094.18 390.203 -2.70789 -0.485204 8.11681
1070.04 484.737 -2.67414 -0.376598 8.12752
1086.13 468.646 -2.64765 -0.401608 8.16274
1029.81 573.237 -2.67191 -0.263399 8.10645
1001.66 573.237 -2.72965 -0.233562 8.03619
1064.01 665.759 -2.60131 -0.199842 8.20662
1158.54 351.987 -2.45905 -0.548782 8.30286
1112.28 335.897 -2.52671 -0.555904 8.22058
1138.43 283.601 -2.49244 -0.606193 8.25457
1011.71 271.533 -2.67565 -0.60671 8.00127
1057.97 297.681 -2.59022 -0.583058 8.12023
1019.76 279.579 -2.62572 -0.595947 8.04705
1015.74 400.26 -3.33694 -0.388991 7.63844
1122.34 235.329 -2.61037 -0.660096 8.16271
1011.71 347.965 -2.70371 -0.513044 8.00373
1029.81 267.51 -2.59872 -0.611629 8.0735
1019.76 199.124 -2.66132 -0.691776 8.00297
1013.72 160.909 -2.67304 -0.737971 7.97836
1195.85 425.603 -2.70191 -0.47399 8.23721
1223.61 74.0179 -2.43019 -0.794723 8.3205
1195.85 328.455 -2.46727 -0.575702 8.32854
1040.88 407.099 -2.70576 -0.452075 8.05321
1094.08 388.594 -2.61343 -0.49133 8.16941
1101.02 455.673 -2.65727 -0.419343 8.16766
1177.35 194.297 -2.44176 -0.691236 8.2996
1064.01 663.848 -2.60058 -0.199427 8.2064
1020.06 666.161 -2.5874 -0.180713 8.16258
1052.44 349.272 -2.6196 -0.525046 8.10508
1020.06 279.88 -2.59444 -0.595769 8.06744
1103.33 286.82 -2.53416 -0.601048 8.19886
1003.87 647.657 -2.83686 -0.116887 7.99501
1140.34 191.984 -2.42865 -0.689058 8.27257
1020.06 196.61 -2.63067 -0.691301 8.02219
1070.95 152.662 -2.5504 -0.736695 8.12458
1013.12 161.914 -2.66909 -0.736645 7.97729
1070.95 113.34 -2.62897 -0.788262 8.06898
1036.25 62.4526 -2.62249 -0.843826 8.01561
1121.83 235.932 -2.47766 -0.65068 8.23689
1172.72 520.439 -2.47268 -0.401376 8.33787
1095.93 388.363 -2.64632 -0.490794 8.14957
1000.17 571.904 -2.68478 -0.247832 8.0574
1016.13 492.104 -2.67801 -0.345836 8.0591
1085.29 468.163 -2.73731 -0.388937 8.1099
1157.11 353.783 -2.42329 -0.549424 8.31918
1204.99 258.022 -2.38032 -0.636723 8.36057
1183.71 244.722 -2.46113 -0.645136 8.30695
1165.09 234.082 -2.48851 -0.655962 8.26544
1013.47 345.803 -4.42559 -0.44063 6.94523
1058.69 297.922 -2.579 -0.584843 8.12728
1008.15 271.322 -2.72713 -0.607105 7.96268
1000.17 212.802 -2.72694 -0.676453 7.94444
1021.45 279.302 -2.61227 -0.597633 8.05674
1064.01 223.442 -2.61572 -0.665635 8.09254
1085.29 550.624 -2.56956 -0.330779 8.21644
1018.79 534.664 -2.76218 -0.284729 8.02306
1005.49 85.1206 -2.66104 -0.826016 7.9511
1138.49 191.521 -2.45103 -0.6903 8.25822
1135.83 140.981 -2.46774 -0.739864 8.23499
1087.95 156.941 -2.5297 -0.73095 8.1523
1021.45 196.841 -2.59813 -0.690405 8.04417
1133.17 234.082 -2.46535 -0.653717 8.2519
1069.33 114.381 -2.62167 -0.788246 8.07222
1048.05 90.4407 -2.60269 -0.810281 8.05276
1162.43 476.144 -2.67229 -0.41375 8.23267
1141.15 579.884 -2.43637 -0.346943 8.34166
1180.78 244.722 -2.54516 -0.649695 8.25841
1156.31 229.427 -2.45491 -0.658215 8.28057
1174.66 192.718 -2.44696 -0.690755 8.29338
1171.61 149.892 -2.43083 -0.727993 8.29191
1058.42 296.725 -2.58356 -0.584843 8.12623
1076.78 550.624 -2.66442 -0.309763 8.15499
1015.6 535.329 -2.82018 -0.266665 7.9844
1058.42 162.128 -2.54556 -0.724651 8.11517
1009.48 162.128 -2.66909 -0.736645 7.97729
1070.66 113.184 -2.6044 -0.787602 8.08217
1018.65 113.184 -2.6942 -0.798413 7.95731
1049.24 250.84 -2.48882 -0.626684 8.16019
1021.71 278.371 -2.61227 -0.597633 8.05674
1104.31 275.312 -2.52808 -0.612568 8.19959
1092.07 235.545 -2.50278 -0.651212 8.19325
1024.77 474.148 -2.64561 -0.375293 8.09042
1147.13 510.857 -2.47499 -0.40173 8.31503
1015.6 611.805 -2.6299 -0.223513 8.12177
1110.43 336.492 -2.51698 -0.553655 8.22333
1108.13 337.716 -2.51698 -0.553655 8.22333
1153.86 232.18 -2.46719 -0.658454 8.27057
1069.43 91.4648 -2.61806 -0.814231 8.06623
1037.77 77.3933 -2.62339 -0.828841 8.01578
1023.7 193.483 -2.61147 -0.694355 8.03693
1002.59 214.59 -2.78883 -0.679197 7.89955
1104.61 277.912 -2.53374 -0.610876 8.19719
1132.76 144.233 -2.57702 -0.752532 8.16848
1016.67 534.717 -2.64517 -0.303021 8.08853
1174.97 151.269 -2.43687 -0.727984 8.28917
1171.45 116.09 -2.43705 -0.761699 8.28044
1150.35 105.536 -2.46361 -0.774048 8.24356
1076.47 355.305 -2.50783 -0.528466 8.19591
1157.38 355.305 -2.36838 -0.550293 8.35102
1055.89 380.282 -2.73931 -0.483393 8.05179
1068.03 109.23 -2.59015 -0.786887 8.09046
1007.34 80.9111 -2.72298 -0.839173 7.90993
1019.48 194.187 -2.68945 -0.70164 7.98211
1007.34 161.822 -2.66855 -0.733 7.97342
1047.8 254.87 -2.5322 -0.628032 8.13091
1019.48 279.143 -2.68303 -0.597117 8.01058
1128.71 145.64 -2.45463 -0.736796 8.23865
1132.76 258.916 -2.4404 -0.628975 8.27042
1023.53 477.376 -2.61119 -0.378587 8.11271
1197.48 420.738 -2.53071 -0.489209 8.31278
1015.43 610.879 -2.62248 -0.22678 8.12774
1015.43 534.014 -2.86301 -0.260916 7.95833
1080.16 550.196 -2.55193 -0.332784 8.21762
1144.89 190.141 -2.45019 -0.692076 8.26428
1152.98 230.597 -2.42827 -0.655425 8.29039
1102.62 441.977 -2.73382 -0.430153 8.12506
1032.83 581.549 -2.67733 -0.256283 8.11047
1037.48 544.33 -2.76604 -0.285025 8.04641
1014.22 535.025 -2.64348 -0.305658 8.08971
1149.14 232.62 -2.45589 -0.657086 8.27053
1023.53 190.748 -2.61147 -0.694355 8.03693
1102.62 279.143 -2.55414 -0.610537 8.18302
1023.53 479.196 -2.80287 -0.350585 7.99311
1149.14 507.111 -2.42626 -0.410866 8.33983
1079.35 548.982 -2.55193 -0.332784 8.21762
1144.49 190.748 -2.46651 -0.695172 8.25337
1088.66 153.529 -2.54237 -0.737218 8.1483
1177.05 111.657 -2.40651 -0.76179 8.30072
1130.53 144.224 -2.43186 -0.733227 8.25233
1023.53 279.143 -2.66652 -0.599042 8.02268
1153.79 353.582 -2.42745 -0.545203 8.3108
1032.6 529.675 -2.822 -0.282912 8.00187
1075.4 353.116 -2.60934 -0.52961 8.13808
1064.7 294.264 -2.59189 -0.589392 8.12549
1021.9 192.609 -2.68945 -0.70164 7.98211
1000.5 214.01 -2.69972 -0.669352 7.96215
1005.85 165.858 -2.70859 -0.734028 7.94154
1043.3 256.812 -2.56225 -0.628904 8.10999
1064.7 492.223 -2.474 -0.394994 8.24039
1096.8 385.218 -2.65193 -0.493053 8.14775
1059.35 583.177 -2.64487 -0.277098 8.17074
1080.75 551.076 -2.57313 -0.32865 8.20821
1144.95 187.259 -2.45901 -0.69687 8.25736
1064.7 101.655 -2.69278 -0.824225 8.01452
1123.55 246.111 -2.43228 -0.640399 8.26431
1096.8 230.061 -2.48454 -0.651953 8.20529
1021.36 276.875 -2.63884 -0.599389 8.03883
1021.36 541.445 -2.5683 -0.311592 8.14968
1009.06 529.14 -2.89687 -0.260289 7.93449
1002.9 166.125 -2.68518 -0.731505 7.95878
1027.52 473.764 -2.80287 -0.350585 7.99311
1039.82 578.362 -2.65015 -0.261366 8.13188
1132.11 572.209 -2.40654 -0.355696 8.35106
1076.74 584.515 -2.52103 -0.302845 8.2455
1150.57 504.528 -2.47245 -0.405921 8.31684
1144.42 184.584 -2.41663 -0.694952 8.28436
1132.11 141.514 -2.43482 -0.736869 8.24688
1107.5 338.403 -2.47244 -0.553281 8.24155
1045.97 252.264 -2.60051 -0.628796 8.0853
270.723 289.181 -2.19787 -0.410009 7.07565
283.028 301.487 -2.11196 -0.407616 7.27354
326.098 116.903 -2.22036 -0.675599 7.08815
344.556 209.195 -2.41495 -0.529286 6.80892
123.056 141.514 -1.75153 -0.586764 7.67865
227.653 159.972 -1.94394 -0.582298 7.43354
467.612 135.361 -3.85791 -0.814693 4.92584
233.806 424.542 -1.96785 -0.288306 7.47656
824.473 350.709 -3.66654 -0.367945 6.88125
726.029 270.723 -7.73116 -0.380994 2.51305
861.39 159.972 -3.2315 -0.781039 7.28158
824.473 596.82 -3.12575 0.0270454 7.47732
892.154 590.667 -2.74244 -0.145411 7.8851
750.64 504.528 -3.6888 0.0748748 6.75885
769.098 596.82 -3.88388 0.331219 6.69637
806.015 418.389 -3.87591 -0.162928 6.71601
898.307 424.542 -3.24215 -0.330602 7.46295
781.404 430.695 -4.29837 -0.0223119 6.28165
935.223 535.292 -2.75726 -0.244581 7.91974
953.682 584.515 -2.73096 -0.194623 7.98035
941.376 418.389 -3.20889 -0.347823 7.559
935.223 486.07 -2.96804 -0.275123 7.75379
898.307 319.945 -3.59342 -0.46858 7.14037
898.307 356.862 -2.77986 -0.466157 7.77518
461.459 233.806 -3.47843 -0.474583 5.55584
473.764 264.57 -4.04838 -0.382452 4.79932
375.32 295.334 -2.73516 -0.347843 6.42938
326.098 492.223 -2.22071 -0.133802 7.24594
338.403 529.14 -2.43175 0.0214856 6.93146
972.14 184.584 -2.74011 -0.71033 7.87663
941.376 344.556 -2.88384 -0.490152 7.77378
855.237 252.264 -3.33902 -0.611596 7.22552
861.39 504.528 -2.99321 -0.190422 7.59322
886.001 522.987 -2.93117 -0.192482 7.71979
892.154 190.736 -3.10537 -0.711908 7.47269
892.154 227.653 -3.60547 -0.663295 7.07261
806.015 227.653 -3.73496 -0.647633 6.73974
304.964 230.061 -2.11449 -0.511093 7.29353
208.66 294.264 -1.92119 -0.431454 7.4755
123.056 139.106 -1.7355 -0.586565 7.71318
101.655 187.259 -1.71179 -0.542994 7.76714
363.817 101.655 -3.30389 -0.861993 5.18431
283.563 609.928 -2.1039 -0.0149952 7.38748
149.807 454.771 -1.80118 -0.306851 7.68564
754.385 342.416 -3.51233 -0.358843 6.8178
882.791 149.807 -3.07513 -0.792996 7.45924
818.588 593.878 -3.41107 0.113812 7.24407
893.492 428.02 -2.47951 -0.411305 8.02822
802.537 492.223 -3.20011 -0.12867 7.32049
957.695 513.624 -2.73861 -0.286282 7.96357
802.537 299.614 -3.77785 -0.485221 6.7117
936.294 294.264 -2.67564 -0.565025 7.90592
936.294 342.416 -2.65287 -0.502227 7.94258
963.045 358.467 -2.60495 -0.488555 8.01186
930.943 160.507 -2.75376 -0.747217 7.79789
979.096 165.858 -2.7011 -0.735656 7.91646
898.842 321.015 -3.59342 -0.46858 7.14037
898.842 358.467 -3.01593 -0.447561 7.59976
888.141 524.324 -2.92849 -0.197064 7.71584
872.091 561.776 -2.98812 -0.114479 7.66651
267.512 379.868 -2.11483 -0.300126 7.25723
187.259 540.375 -1.84525 -0.214012 7.67023
797.187 567.126 -4.1385 0.283815 6.55251
834.639 363.817 -3.40959 -0.365334 7.1628
302.405 227.967 -2.13515 -0.512239 7.25505
209.358 293.101 -1.9012 -0.439669 7.53089
227.967 158.181 -1.95237 -0.585099 7.41495
172.138 93.0478 -1.80057 -0.63357 7.64235
530.372 139.572 -4.60656 -0.889493 4.27088
321.015 558.287 -2.28878 0.00241304 7.12474
237.272 418.715 -1.98387 -0.283919 7.44835
107.005 386.148 -1.66699 -0.414692 7.94836
418.715 432.672 -3.08889 0.0260816 6.08972
758.34 316.363 -3.75514 -0.42616 6.57866
809.516 190.748 -3.40033 -0.729071 7.021
911.869 423.368 -3.25776 -0.315674 7.47887
939.783 535.025 -2.75726 -0.244581 7.91974
949.088 586.201 -2.74695 -0.194553 7.96764
939.783 423.368 -3.17334 -0.346721 7.59334
921.173 120.962 -2.93596 -0.818198 7.63427
804.864 237.272 -3.75266 -0.637923 6.71931
939.783 218.662 -2.69707 -0.661619 7.87471
883.954 251.229 -3.4374 -0.631327 7.22354
832.778 321.015 -3.45604 -0.458505 7.07923
246.577 507.111 -1.98038 -0.203961 7.52723
274.491 521.068 -2.05998 -0.154863 7.41613
186.096 539.677 -1.84077 -0.218586 7.68731
210.369 291.28 -1.90887 -0.438424 7.51756
173.959 93.0478 -1.80335 -0.632691 7.63433
169.913 153.731 -1.81268 -0.576842 7.6098
364.1 101.139 -2.71843 -0.772635 6.29279
279.143 610.879 -2.14653 0.0109058 7.3015
323.645 489.512 -2.27431 -0.110702 7.15625
566.378 590.651 -7.00899 2.0542 2.14639
792.929 157.777 -3.81871 -0.837715 6.56601
991.161 226.551 -2.88692 -0.668975 7.81974
942.615 76.8656 -2.83564 -0.867917 7.72848
821.248 594.697 -2.91588 -0.0455738 7.63352
938.569 538.059 -2.76984 -0.240339 7.9123
930.478 481.421 -2.92297 -0.28241 7.78052
894.068 566.378 -2.93665 -0.130737 7.744
857.658 234.642 -3.58108 -0.644963 7.02016
805.066 238.688 -4.09782 -0.63438 6.40784
275.098 517.831 -2.08142 -0.14138 7.37728
238.688 416.692 -1.99843 -0.282792 7.42281
869.795 153.731 -3.2639 -0.798816 7.27646
885.977 84.9567 -3.08527 -0.903321 7.43293
918.341 121.367 -3.00844 -0.825793 7.57311
784.838 295.326 -4.02872 -0.469939 6.43726
805.066 347.918 -3.72797 -0.35759 6.79893
222.506 206.323 -1.91396 -0.532423 7.51078
186.096 331.736 -1.85291 -0.407391 7.60417
999.253 117.321 -2.79936 -0.807003 7.85956
999.253 420.738 -2.55922 -0.439644 8.10342
934.524 343.872 -2.82272 -0.492726 7.81005
983.07 323.645 -2.80687 -0.531758 7.88789
890.023 420.738 -2.806 -0.36551 7.78065
412.647 477.376 -2.79913 0.0306414 6.54941
291.28 529.968 -2.15055 -0.109097 7.31132
291.28 165.868 -2.09986 -0.585673 7.26101
323.645 198.232 -2.03401 -0.550114 7.48932
287.235 93.0478 -2.06881 -0.6792 7.28609
315.553 105.184 -2.19828 -0.685636 7.09929
327.69 113.276 -2.23322 -0.681503 7.05711
303.417 226.551 -2.11151 -0.515661 7.29596
218.46 469.285 -1.91393 -0.258421 7.5849
116.09 242.733 -1.73592 -0.497489 7.72841
330.68 116.09 -2.18366 -0.66258 7.17001
225.144 158.304 -1.98097 -0.584299 7.35052
175.894 94.9826 -1.79445 -0.630132 7.65542
365.859 80.9111 -2.58972 -0.781176 6.51781
394.002 186.447 -2.91804 -0.594138 6.10189
249.769 605.075 -1.9647 -0.101076 7.58076
109.054 386.966 -1.65709 -0.41774 7.97162
552.306 647.289 -3.07697 0.359445 6.77983
756.343 337.716 -3.53432 -0.36365 6.80312
942.791 77.3933 -2.90442 -0.878022 7.67613
854.844 629.7 -3.2652 0.0960421 7.43683
949.826 566.378 -2.81814 -0.198011 7.9048
858.362 235.698 -3.58108 -0.644963 7.02016
844.29 256.805 -3.42872 -0.588713 7.10683
379.931 225.144 -2.60261 -0.507445 6.61602
918.166 232.18 -3.1785 -0.664143 7.4812
942.791 214.59 -2.74833 -0.667764 7.83506
988.523 260.323 -4.92375 -0.679489 6.50953
963.898 151.269 -2.77421 -0.756786 7.83163
189.965 439.734 -1.85145 -0.307 7.64932
921.683 123.126 -3.00844 -0.825793 7.57311
847.808 432.699 -3.09911 -0.28907 7.47199
291.984 168.858 -2.08543 -0.584388 7.29253
299.019 193.483 -2.14974 -0.553635 7.19052
879.469 562.86 -3.04471 -0.100736 7.62806
890.023 204.037 -3.36178 -0.714303 7.26611
914.648 186.447 -3.13393 -0.739053 7.48466
358.823 337.716 -2.31258 -0.349881 7.12835
323.645 643.771 -2.31566 0.14878 7.12516
327.162 538.235 -2.28729 -0.0338514 7.14922
291.984 467.877 -2.18919 -0.163794 7.21308
274.394 379.931 -2.05692 -0.324093 7.38442
239.216 418.627 -1.99845 -0.283495 7.42543
274.394 520.646 -2.08692 -0.139457 7.37066
995.559 320.127 -2.76367 -0.54145 7.93277
970.934 344.752 -2.90719 -0.499303 7.8039
967.416 365.859 -2.79408 -0.47254 7.88665
105.536 306.055 -1.71542 -0.451066 7.77684
890.023 453.806 -3.11566 -0.274052 7.55787
868.915 506.574 -3.1249 -0.157358 7.52458
893.54 432.699 -3.07212 -0.318044 7.58615
911.13 422.145 -3.26006 -0.318918 7.4761
211.073 290.607 -1.91253 -0.440029 7.50946
116.243 244.722 -1.73896 -0.496667 7.72701
91.7707 116.243 -1.68472 -0.595966 7.79054
67.2985 186.6 -1.66938 -0.541327 7.80506
79.5346 584.273 -1.6936 -0.245542 7.86156
82.5936 645.454 -1.70339 -0.187581 7.84709
550.624 645.454 -2.92 0.279181 6.96856
480.267 602.627 -2.89983 0.272811 6.73167
988.064 483.326 -2.91331 -0.307726 7.87321
804.523 348.729 -3.97985 -0.33676 6.58074
850.408 345.67 -3.66789 -0.391659 6.98218
357.906 336.492 -2.33767 -0.34503 7.08743
416.027 523.093 -3.13102 0.287929 6.07471
422.145 351.788 -2.9396 -0.207759 6.29413
798.405 416.027 -3.80191 -0.17377 6.75647
847.349 431.322 -3.21891 -0.273996 7.379
299.784 183.541 -2.06129 -0.564044 7.36694
939.12 214.132 -2.74833 -0.667764 7.83506
954.415 250.84 -2.91393 -0.625549 7.75175
461.912 434.381 -3.48592 0.147188 5.68739
327.315 538.388 -2.32436 -0.016418 7.0853
336.492 559.801 -2.30279 0.000587774 7.13687
957.474 342.611 -2.79611 -0.499668 7.86511
850.408 443.558 -2.78586 -0.32135 7.71891
810.641 186.6 -3.85076 -0.761276 6.61326
835.113 565.919 -3.25053 -0.0040763 7.38486
406.85 437.44 -2.93377 0.00089866 6.28984
786.169 293.666 -3.77657 -0.480589 6.66887
755.579 333.433 -4.4794 -0.297548 5.93468
284.489 477.207 -2.06415 -0.204439 7.42401
342.611 455.794 -2.34076 -0.147097 7.06265
278.371 608.745 -2.13941 0.00771955 7.31207
972.769 183.541 -2.78743 -0.716041 7.84547
871.821 152.951 -3.287 -0.800946 7.25846
890.176 201.895 -3.307 -0.70818 7.30951
884.057 516.975 -2.94652 -0.200652 7.70199
183.541 287.548 -1.86474 -0.447238 7.56667
783.11 220.25 -4.45025 -0.692489 5.98306
752.52 575.096 -3.83954 0.281312 6.66582
351.788 156.01 -2.36624 -0.625635 6.90778
945.238 76.4756 -2.90442 -0.878022 7.67613
972.769 58.1214 -2.7763 -0.884179 7.82015
939.12 113.184 -2.86096 -0.822926 7.7196
890.176 82.5936 -3.12205 -0.91316 7.40663
920.766 122.361 -3.00844 -0.825793 7.57311
994.182 409.909 -2.77817 -0.424123 7.94581
893.235 431.322 -3.07212 -0.318044 7.58615
241.663 137.656 -1.93586 -0.608762 7.47828
223.309 201.895 -1.907 -0.535 7.52129
278.371 376.26 -2.02353 -0.334975 7.4529
336.492 373.201 -2.13981 -0.334459 7.37689
278.371 287.548 -2.06654 -0.431707 7.34044
318.138 348.729 -2.14344 -0.357927 7.3253
140.715 547.565 -1.78441 -0.231382 7.74604
98.4207 212.802 -1.69388 -0.525101 7.80313
119.701 244.722 -1.73896 -0.496667 7.72701
207.482 90.4407 -1.86227 -0.651085 7.54036
50.5404 71.8205 -1.64261 -0.623026 7.83626
484.124 140.981 -5.28901 -0.922889 2.89489
279.302 377.723 -2.0809 -0.317677 7.34766
109.061 385.703 -1.65889 -0.417811 7.9668
694.265 154.281 -6.36801 -1.05191 3.44926
989.527 484.124 -2.76085 -0.33497 7.97698
848.546 430.923 -3.19293 -0.275524 7.40132
795.346 156.941 -4.11834 -0.864651 6.29317
859.186 159.601 -3.19963 -0.781935 7.29787
811.306 186.201 -3.97333 -0.772907 6.50314
832.586 180.881 -3.56402 -0.761301 6.9312
755.446 332.502 -4.4794 -0.297548 5.93468
406.983 436.243 -2.96573 0.00593031 6.24891
872.486 154.281 -3.32075 -0.805442 7.23798
864.506 178.221 -3.02817 -0.731918 7.46905
406.983 138.321 -2.8711 -0.711102 6.20236
266.002 151.621 -2.03949 -0.599098 7.32174
321.862 194.181 -2.12843 -0.553659 7.30281
888.447 204.822 -3.15909 -0.694674 7.42367
904.407 231.422 -2.98621 -0.644616 7.59962
853.866 239.402 -3.32867 -0.639185 7.22534
952.287 305.902 -2.69602 -0.553042 7.91636
819.286 508.064 -3.48838 -0.044152 7.12066
792.686 558.604 -3.65917 0.137972 6.94187
819.286 587.864 -3.52242 0.132231 7.1479
835.246 566.584 -3.34736 0.0245798 7.30828
944.307 77.1406 -2.85964 -0.872644 7.7159
976.227 180.881 -2.71432 -0.715262 7.90254
146.301 473.483 -1.76822 -0.301956 7.7546
954.947 252.702 -2.86321 -0.622962 7.78798
239.402 417.623 -2.00252 -0.283734 7.41931
279.302 611.805 -2.13818 0.00798513 7.3108
321.862 643.725 -2.31036 0.143581 7.13299
891.107 82.4606 -3.04438 -0.900596 7.46992
755.446 577.224 -3.87305 0.296936 6.64897
893.767 433.583 -3.07212 -0.318044 7.58615
279.302 287.282 -2.07001 -0.434111 7.33739
319.202 348.463 -2.13793 -0.360754 7.33257
188.861 537.324 -1.8562 -0.214207 7.66107
816.626 641.065 -3.34222 0.185365 7.30791
303.242 223.442 -2.11983 -0.517061 7.28125
226.102 156.941 -1.93404 -0.586535 7.45164
210.489 291.446 -1.89562 -0.442332 7.55095
99.4616 212.802 -1.69388 -0.525101 7.80313
208.175 92.5224 -1.84872 -0.648038 7.58164
178.106 99.4616 -1.81092 -0.629406 7.6263
673.101 113.34 -3.47675 -0.886964 6.45012
356.211 335.394 -2.28989 -0.354476 7.16329
377.029 222.054 -2.56252 -0.513335 6.67907
353.898 455.673 -2.37396 -0.138017 7.03498
795.693 154.975 -4.11834 -0.864651 6.29317
407.099 134.158 -2.902 -0.714632 6.15346
802.632 238.245 -4.08167 -0.627439 6.41467
809.571 261.376 -3.66462 -0.571282 6.8204
832.702 254.437 -3.57641 -0.591094 6.96136
404.786 538.943 -2.87865 0.217356 6.43607
985.364 138.784 -2.70908 -0.765477 7.90743
962.233 196.61 -2.80219 -0.697668 7.82238
874.337 152.662 -3.32723 -0.805163 7.23001
922.911 120.279 -2.99135 -0.827701 7.59106
291.446 168.853 -2.09363 -0.583403 7.27694
946.042 76.331 -2.85964 -0.872644 7.7159
959.92 330.768 -2.91338 -0.513348 7.78247
101.775 305.324 -1.70485 -0.453387 7.80363
275.254 543.569 -2.01416 -0.151953 7.52019
307.637 673.101 -2.23364 0.145217 7.23184
913.659 307.637 -2.74836 -0.536895 7.81882
168.853 629.152 -1.8302 -0.136034 7.70278
909.033 420.977 -3.07746 -0.341014 7.6095
927.537 478.804 -2.93837 -0.28165 7.76283
756.371 575.952 -3.9707 0.328851 6.56589
238.245 418.664 -1.97257 -0.297974 7.48298
946.042 636.092 -2.79937 -0.108336 7.93524
353.898 608.335 -2.53434 0.207921 6.83285
890.528 80.9571 -3.1435 -0.916108 7.3917
816.51 638.405 -3.41503 0.203515 7.24985
835.015 656.909 -3.21145 0.150841 7.45749
145.723 474.177 -1.76892 -0.302313 7.75326
892.841 545.882 -3.03719 -0.138097 7.65807
282.193 286.82 -2.0682 -0.434823 7.34238
319.202 349.272 -2.14529 -0.356966 7.32547
941.416 541.256 -2.80048 -0.231732 7.89834
275.254 69.3918 -2.0563 -0.705878 7.27068
312.263 101.775 -2.1874 -0.685436 7.11491
222.054 198.923 -1.91184 -0.537576 7.51009
286.82 437.168 -2.06726 -0.257749 7.41728
860.458 76.331 -3.23562 -0.946695 7.23982
432.542 166.54 -3.31521 -0.670941 5.61576
693.918 154.975 -6.25318 -1.04675 3.57257
722.077 38.2158 -2.4822 -0.842151 7.6442
406.294 293.658 -2.75309 -0.363002 6.49521
796.497 154.874 -4.00468 -0.858287 6.40434
903.099 235.329 -2.97778 -0.642467 7.60492
933.27 223.261 -2.83087 -0.658814 7.76271
792.475 557.146 -3.67369 0.13897 6.93634
384.169 170.965 -2.66823 -0.614996 6.49379
945.338 76.4316 -2.88049 -0.875759 7.7037
331.874 116.659 -2.2641 -0.675275 7.03669
277.567 543.066 -2.05941 -0.127353 7.43734
331.874 559.157 -2.39841 0.0546516 6.97934
780.407 533.01 -3.67232 0.093194 6.88832
993.61 412.328 -2.67617 -0.433335 8.01409
891.031 434.453 -3.07074 -0.31403 7.58526
245.386 476.692 -1.98058 -0.22887 7.49689
80.4543 295.669 -1.69415 -0.459378 7.78709
52.2953 335.897 -1.64201 -0.441529 7.90263
933.27 341.931 -2.95756 -0.484814 7.71712
907.122 42.2385 -3.06045 -0.970881 7.47941
891.031 80.4543 -3.11803 -0.91349 7.41131
422.385 468.646 -2.93115 0.055643 6.38019
273.545 679.839 -2.07035 0.0452878 7.45203
303.715 673.805 -2.13774 0.0715601 7.40694
317.794 241.363 -2.1096 -0.499724 7.3435
961.429 197.113 -2.80219 -0.697668 7.82238
927.236 480.714 -2.95715 -0.277703 7.74944
353.999 609.441 -2.40888 0.130514 7.04184
279.579 378.135 -2.0833 -0.317878 7.34503
893.043 547.089 -3.09698 -0.125173 7.61568
913.156 559.157 -2.96317 -0.149928 7.75034
281.59 287.624 -2.07001 -0.434111 7.33739
285.613 331.874 -2.08104 -0.377945 7.34711
140.795 530.998 -1.76467 -0.256392 7.77219
949.361 563.18 -2.9443 -0.170407 7.82004
882.986 631.566 -2.99766 -0.00849388 7.69832
856.838 629.555 -3.17353 0.069571 7.52233
482.726 140.795 -5.5907 -0.963218 2.3827
311.76 100.568 -2.1904 -0.685448 7.11078
547.089 667.771 -2.85134 0.282914 7.04444
695.93 154.874 -6.26684 -1.04559 3.58455
466.635 673.805 -2.61659 0.248538 7.10595
802.531 327.851 -3.30421 -0.437636 7.15181
972.447 480.977 -2.81914 -0.320143 7.92026
988.188 480.977 -2.79276 -0.331781 7.95387
928.722 479.228 -2.95715 -0.277703 7.74944
822.033 508.961 -3.33102 -0.0825978 7.26401
944.463 426.758 -2.99265 -0.359102 7.73403
696.104 622.646 -3.31649 0.256091 6.97882
781.806 531.698 -3.67232 0.093194 6.88832
858.762 631.391 -3.19414 0.0726458 7.51196
940.965 542.192 -2.79231 -0.231205 7.90557
898.989 582.419 -2.94405 -0.110814 7.74727
954.957 304.327 -2.8105 -0.550104 7.83903
961.953 197.638 -2.78712 -0.696663 7.83399
871.005 127.677 -3.28198 -0.850985 7.24991
797.547 153.913 -3.92014 -0.856085 6.4849
858.762 160.909 -3.47329 -0.803963 7.0708
860.511 76.9563 -3.32102 -0.959767 7.16787
757.32 330.562 -3.16956 -0.423693 7.15534
914.73 307.825 -2.69327 -0.540119 7.86525
933.969 341.056 -2.79163 -0.497593 7.82969
935.718 223.873 -2.74455 -0.654664 7.82966
904.236 236.116 -2.94694 -0.639494 7.63
811.539 262.351 -3.66182 -0.568715 6.83275
456.491 459.989 -3.86568 0.347306 5.15504
348.052 613.901 -2.41147 0.145824 7.02147
372.538 627.893 -2.45597 0.175609 7.03124
624.395 620.897 -3.20915 0.28557 6.87119
489.722 585.917 -3.29376 0.417043 6.24424
288.586 437.252 -2.04767 -0.266072 7.45194
276.343 543.941 -2.05857 -0.129545 7.4409
339.307 141.669 -2.30994 -0.638977 6.97814
521.204 139.92 -3.88518 -0.823218 5.23051
265.849 152.164 -2.00527 -0.597193 7.39126
313.072 101.442 -2.20254 -0.686963 7.08644
82.2033 295.582 -1.69815 -0.457968 7.77884
122.43 250.108 -1.7444 -0.4938 7.72111
286.837 332.311 -2.11055 -0.370649 7.29005
318.319 241.363 -2.11312 -0.499753 7.33735
393.526 493.22 -2.8547 0.116134 6.4069
405.769 293.833 -2.88254 -0.347798 6.28727
419.761 204.634 -3.02686 -0.55401 6.05994
804.543 346.303 -4.20838 -0.314699 6.38183
951.459 176.65 -2.77502 -0.720084 7.82092
398.773 195.889 -2.75612 -0.574 6.39822
374.287 225.622 -2.52802 -0.509985 6.72843
332.311 117.183 -2.26177 -0.674686 7.04358
760.438 457.783 -4.04057 0.014371 6.44097
927.734 479.076 -2.93585 -0.282432 7.76389
868.42 523.181 -3.02699 -0.16227 7.60544
892.754 434.97 -2.979 -0.325275 7.6514
781.73 530.785 -3.80764 0.125928 6.77009
713.29 545.994 -4.56116 0.49586 5.83035
833.44 657.018 -3.22559 0.159698 7.44089
825.835 605.308 -3.32143 0.0999372 7.32369
964.235 132.316 -2.75314 -0.777964 7.84553
973.36 190.109 -2.71909 -0.701542 7.90104
955.109 310.258 -2.7847 -0.544148 7.8593
984.006 343.718 -2.65278 -0.51375 7.99921
962.714 197.714 -2.78712 -0.696663 7.83399
874.503 152.087 -3.32075 -0.805442 7.23798
798.459 153.608 -4.00131 -0.862845 6.41394
909.483 41.0636 -3.02272 -0.962698 7.51188
947.505 77.5646 -2.90124 -0.880172 7.69355
915.567 307.217 -2.74836 -0.536895 7.81882
935.338 340.676 -2.79163 -0.497593 7.82969
795.418 290.487 -4.29133 -0.471459 6.25303
904.921 235.736 -2.94694 -0.639494 7.63
422.803 468.43 -2.98804 0.0777412 6.29373
466.909 673.748 -2.6647 0.274871 7.04243
348.28 612.913 -2.47421 0.181059 6.92073
576.412 539.911 -4.75061 0.770914 4.84744
89.7316 477.555 -1.69978 -0.321841 7.83852
281.362 482.117 -2.05867 -0.200923 7.42646
264.632 409.115 -2.06328 -0.282968 7.35731
326.988 433.449 -2.24592 -0.206061 7.17642
252.465 393.907 -1.99997 -0.318645 7.45183
141.441 532.306 -1.77486 -0.248116 7.74809
301.133 623.559 -2.19368 0.0450258 7.27787
331.551 558.161 -2.34842 0.0268621 7.05836
384.781 170.338 -2.64934 -0.614617 6.52289
521.66 139.921 -3.88518 -0.823218 5.23051
456.262 223.569 -3.7299 -0.496965 5.13669
273.758 139.921 -2.06208 -0.620138 7.27919
223.569 155.129 -1.92035 -0.58678 7.47579
123.191 250.944 -1.73794 -0.495624 7.73909
281.362 284.404 -2.09314 -0.438101 7.29308
381.74 512.535 -2.68364 0.0754398 6.6463
419.762 246.382 -3.03723 -0.445712 6.06593
834.96 568.807 -3.28692 0.0139764 7.35524
384.781 301.133 -2.61583 -0.356925 6.64744
374.135 225.089 -2.57122 -0.506635 6.65439
793.897 292.008 -3.80911 -0.488305 6.65815
409.115 407.594 -2.87945 -0.0858069 6.36927
869.94 127.753 -3.35367 -0.85784 7.18491
815.189 495.805 -3.66221 -0.0269866 6.97077
795.418 518.618 -3.73259 0.0647894 6.86403
792.376 491.243 -3.7523 0.0023896 6.82627
526.355 25.1275 -3.07635 -1.01434 6.32296
825.24 478.745 -3.37535 -0.138763 7.22423
867.56 523.71 -2.99111 -0.169079 7.63175
945.587 427.168 -2.81037 -0.382548 7.86213
782.92 531.645 -3.80764 0.125928 6.77009
657.282 543.547 -4.16048 0.430966 5.95946
882.107 630.833 -3.05029 0.00857029 7.65763
895.333 547.515 -3.05125 -0.134164 7.64965
649.347 150.765 -7.83041 -1.20733 1.33831
822.595 112.412 -3.11673 -0.852774 7.27028
908.557 40.9975 -3.02272 -0.962698 7.51188
771.018 227.47 -4.83974 -0.66702 5.57291
916.492 306.82 -2.6801 -0.54152 7.87437
379.557 621.575 -2.61223 0.254221 6.80317
613.64 572.643 -3.64359 0.377818 6.33589
89.93 477.422 -1.69411 -0.324547 7.85047
294.918 476.1 -2.0785 -0.208191 7.42402
280.37 378.235 -2.10068 -0.31396 7.31426
252.598 394.105 -2.00021 -0.317773 7.45072
480.068 138.863 -6.04941 -1.00655 1.64182
425.845 88.6075 -3.49386 -0.921788 5.2016
538.258 148.12 -5.58489 -0.940391 2.97216
288.305 183.827 -2.10311 -0.565762 7.24641
166.635 207.632 -1.81909 -0.527408 7.59874
215.568 293.595 -1.91955 -0.439798 7.49492
792.177 490.647 -3.7523 0.0023896 6.82627
768.372 513.13 -3.87298 0.118077 6.65379
391.46 551.482 -2.701 0.161558 6.66624
425.845 349.14 -3.09078 -0.185217 6.07226
834.497 568.675 -3.28692 0.0139764 7.35524
425.845 391.46 -3.03761 -0.0915845 6.1852
458.908 244.662 -3.68345 -0.434227 5.24051
845.078 380.88 -3.23379 -0.361278 7.33261
796.145 488.003 -3.66927 -0.0264411 6.90418
821.273 507.84 -3.5312 -0.0360207 7.10304
760.438 457.585 -4.07165 0.0203228 6.41137
936.33 224.825 -2.71428 -0.652261 7.85516
798.79 153.41 -3.98694 -0.868139 6.42838
992.45 414 -2.65847 -0.433717 8.02455
849.85 426.65 -3.36623 -0.256391 7.26381
817.65 641.7 -3.37841 0.1986 7.27842
964.85 100.05 -2.77138 -0.824392 7.82113
954.5 310.5 -2.73534 -0.545441 7.89395
962.55 198.95 -2.75099 -0.69172 7.86028
909.65 40.25 -3.0339 -0.965166 7.50418
379.5 622.15 -2.61397 0.256356 6.81142
346.15 672.75 -2.36047 0.203702 7.13062
280.6 483 -2.07348 -0.194748 7.39886
280.6 378.35 -2.09821 -0.313877 7.31998
584.2 72.45 -5.22649 -1.32035 3.76873
526.7 25.3 -3.07635 -1.01434 6.32296
102.35 212.75 -1.70384 -0.525282 7.78393
281.75 284.05 -2.09692 -0.437796 7.28752
215.05 294.4 -1.90797 -0.439415 7.53256
393.3 302.45 -2.71933 -0.342798 6.5076
782 530.15 -3.80764 0.125928 6.77009
972.9 188.6 -2.6942 -0.698517 7.91696
795.8 418.6 -3.80941 -0.165501 6.74012
916.55 194.35 -2.90587 -0.704314 7.67379
943 207 -2.71623 -0.674258 7.8607
811.9 494.5 -3.65616 -0.0284404 6.96361
819.95 581.9 -3.37596 0.0784256 7.261
807.3 602.6 -3.58273 0.204124 7.06885
829.15 612.95 -3.27545 0.100262 7.37054
805 558.9 -3.57717 0.104107 7.04638
825.7 479.55 -3.43012 -0.123617 7.17903
527 26 -3.01692 -0.997069 6.41338
833 570 -3.34358 0.0310808 7.31061
790 609 -3.6303 0.252052 6.98683
793 555 -3.78628 0.171678 6.83378
