223 328 25.3294 2.4471 31.4566
218 389 25.3321 2.61214 31.423
96 264 25.2737 2.36046 31.9006
225 58 25.3753 1.77867 31.6221
446 346 25.4726 2.35905 30.1754
1085 366 23.2324 2.06399 30.9597
439.2 505.2 25.5637 3.06189 29.7885
195.6 585.6 25.0763 3.0583 31.6015
80.4 61.2 25.2878 1.96255 32.0406
103.2 238.8 25.2433 2.30486 31.9262
198 310.8 25.3174 2.41465 31.5683
194.4 308.4 25.32 2.41291 31.5706
244.8 390 25.3706 2.61265 31.2811
1041.6 631.2 23.2006 2.6963 30.9411
86.4 386.4 25.2493 2.6269 31.8687
140.4 441.6 25.2676 2.75103 31.6761
66 342 25.2151 2.53535 31.9684
87.6 334.8 25.2361 2.5116 31.9134
126 350.4 25.2418 2.53642 31.8022
106.8 337.2 25.2633 2.51356 31.8403
180 62.4 25.3507 1.84859 31.7636
193.2 243.6 25.3067 2.2575 31.6418
234 189.6 25.3546 2.08163 31.5094
159.6 585.6 25.0766 3.04218 31.7106
154.8 580.8 25.1182 3.04239 31.6842
198 385.2 25.3166 2.60557 31.504
157.2 162 25.3093 2.09916 31.7889
62.4 282 25.2855 2.4143 31.9598
132 231.6 25.261 2.26605 31.8473
169.2 385.2 25.3031 2.61407 31.6041
42 220.8 25.2188 2.30175 32.0843
129.6 170.4 25.2677 2.1451 31.8847
157.2 252 25.2688 2.29941 31.7622
274.8 220.8 25.4026 2.12227 31.2949
66 200.4 25.2452 2.24685 32.0214
270 91.2 25.4003 1.78987 31.4321
199.2 192 25.4383 2.11407 31.5418
43.2 340.8 25.2115 2.53604 32.0217
219.6 536.4 25.1743 2.97241 31.4529
194.4 537.6 25.1987 2.97861 31.5117
73.2 442.8 25.2318 2.75254 31.8852
78 524.4 25.2333 2.93852 31.8206
28.8 529.2 25.2363 2.93431 31.9274
120 520.8 25.24 2.93209 31.7121
1004.4 591.6 23.2969 2.62728 30.9321
1104 604.8 23.0808 2.59819 30.9311
1069.2 517.2 23.196 2.42372 30.9487
354.24 440.64 25.7285 2.80704 30.2489
112.32 309.6 25.2784 2.44938 31.8314
126.72 276.48 25.3006 2.37143 31.7975
180 171.36 25.3115 2.09914 31.7198
220.32 439.2 25.3122 2.74776 31.3914
74.88 53.28 25.2692 1.95688 32.0685
99.36 34.56 25.2928 1.89573 32.0113
195.84 440.64 25.29 2.74669 31.4904
227.52 46.08 25.393 1.74781 31.6055
290.88 132.48 25.4092 1.86668 31.3084
254.88 131.04 25.3947 1.90838 31.4603
263.52 128.16 25.4307 1.8895 31.3985
169.92 440.64 25.2682 2.74825 31.5931
180 63.36 25.2868 1.86558 31.8188
210.24 388.8 25.3133 2.6082 31.4705
184.32 388.8 25.304 2.61295 31.5539
191.52 361.44 25.2863 2.54527 31.5736
221.76 293.76 25.3272 2.35931 31.4966
260.64 469.44 25.322 2.83616 31.1988
433.44 429.12 25.7109 2.74435 29.7462
77.76 131.04 25.2599 2.10353 32.0305
262.08 195.84 25.3779 2.07252 31.3905
135.36 230.4 25.2593 2.26676 31.8464
1023.84 473.76 23.3099 2.34231 30.9617
236.16 66.24 25.3772 1.77785 31.5855
269.28 90.72 25.3997 1.78973 31.4318
267.84 79.2 25.3726 1.77018 31.4814
247.68 263.52 25.3325 2.27042 31.4279
200.16 192.96 25.4519 2.11594 31.5235
77.76 257.76 25.2763 2.35674 31.9479
155.52 250.56 25.2724 2.2978 31.7662
44.64 341.28 25.2107 2.53743 32.0213
61.92 282.24 25.2867 2.41329 31.9591
156.96 309.6 25.3114 2.4341 31.6841
142.56 155.52 25.3322 2.10112 31.8087
218.88 535.68 25.1737 2.97288 31.4526
63.36 591.84 25.1893 3.07315 31.8499
118.08 532.8 25.1339 2.9291 31.8018
210.24 473.76 25.2989 2.84022 31.4085
79.2 404.64 25.2303 2.66295 31.8911
57.6 385.92 25.289 2.64375 31.9023
171.36 385.92 25.3049 2.61298 31.6073
92.16 485.28 25.2101 2.84151 31.83
1103.04 604.8 23.0892 2.59946 30.9344
1113.12 542.88 23.0917 2.45746 30.9319
1101.6 646.56 23.0702 2.69484 30.9179
1033.92 613.44 23.2265 2.65452 30.9502
288.576 164.16 25.3959 1.95791 31.3001
314.496 283.392 25.2402 2.2693 31.2733
298.944 290.304 25.4996 2.29554 31.0161
41.472 60.48 25.2654 2.00116 32.127
88.128 335.232 25.2562 2.50881 31.8976
155.52 133.056 25.325 2.03201 31.7958
288.576 390.528 25.2076 2.59158 31.2964
264.384 196.992 25.3734 2.07406 31.3881
262.656 267.84 25.3338 2.26536 31.3745
262.656 250.56 25.4054 2.21274 31.31
335.232 226.368 25.3288 2.08402 31.141
267.84 79.488 25.4154 1.76079 31.4311
39.744 219.456 25.2497 2.2999 32.0649
133.056 240.192 25.2566 2.29028 31.8462
60.48 286.848 25.2854 2.42455 31.9607
120.96 354.24 25.249 2.54773 31.8067
214.272 76.032 25.4306 1.81897 31.5853
238.464 48.384 25.3959 1.72924 31.5687
167.616 74.304 25.3289 1.89235 31.8091
179.712 63.936 25.3512 1.84887 31.765
76.032 129.6 25.2619 2.10256 32.0353
129.6 171.072 25.2674 2.14391 31.8845
435.456 126.144 25.2773 1.66594 30.8671
219.456 549.504 25.1492 2.99922 31.4697
157.248 585.792 25.0859 3.04647 31.7049
165.888 609.984 25.0664 3.09934 31.6754
243.648 388.8 25.371 2.61203 31.2808
63.936 407.808 25.2353 2.67475 31.9227
171.072 409.536 25.2854 2.66652 31.6037
114.048 409.536 25.2313 2.67105 31.8028
91.584 485.568 25.1791 2.83263 31.8595
506.304 630.72 25.533 3.77463 28.8246
945.216 336.96 23.7342 1.46422 26.4894
927.936 183.168 23.948 0.780643 27.9741
646.272 616.896 24.7881 3.49824 28.843
1102.46 604.8 23.0881 2.59919 30.9339
1114.56 546.048 23.0881 2.46152 30.93
1111.1 658.368 23.0445 2.72194 30.9103
1066.18 618.624 23.1566 2.6477 30.9338
1035.07 613.44 23.2288 2.65392 30.951
1097.28 447.552 23.1718 2.24288 30.9448
1102.46 445.824 23.1601 2.23739 30.9407
383.616 213.581 25.4888 1.9602 30.7171
99.5328 236.39 25.1942 2.29988 31.9723
72.576 211.507 25.2113 2.26807 32.0319
182.477 153.446 25.3635 2.03805 31.6865
192.845 39.3984 25.3471 1.78966 31.7387
116.122 547.43 25.116 2.96091 31.8042
118.195 145.152 25.2965 2.09171 31.9055
109.901 126.49 25.3527 2.05431 31.891
134.784 230.17 25.2589 2.26597 31.8462
109.901 221.875 25.2836 2.26195 31.8872
261.274 248.832 25.3762 2.21028 31.342
435.456 259.2 25.5193 2.0415 30.307
443.75 344.218 25.4603 2.35581 30.2059
240.538 273.715 25.3286 2.30232 31.4392
223.949 294.451 25.3305 2.35642 31.4809
196.992 308.966 25.3139 2.41503 31.5659
39.3984 217.728 25.2236 2.30044 32.0897
66.3552 342.144 25.2169 2.53531 31.9694
58.0608 286.157 25.291 2.42186 31.9626
157.594 358.733 25.2542 2.54514 31.7002
232.243 101.606 25.387 1.86541 31.5511
221.875 78.7968 25.3471 1.84052 31.642
238.464 47.6928 25.4582 1.70932 31.5078
298.598 93.312 25.5022 1.71919 31.2095
246.758 157.594 25.3569 1.99818 31.4854
199.066 176.256 25.3901 2.0828 31.5888
172.109 82.944 25.3382 1.90726 31.7881
165.888 72.576 25.4165 1.87346 31.7399
114.048 72.576 25.2796 1.95498 31.9673
60.1344 122.342 25.2562 2.09805 32.0745
157.594 180.403 25.205 2.14587 31.8605
128.563 170.035 25.2487 2.14109 31.9071
479.002 300.672 25.7084 2.11809 29.6498
335.923 194.918 25.5022 1.97311 30.983
315.187 524.621 25.2301 2.98341 31.011
74.6496 524.621 25.23 2.9383 31.8353
244.685 389.837 25.4673 2.62618 31.1806
284.083 435.456 25.4214 2.74875 31.0264
317.261 373.248 25.1521 2.52735 31.2795
114.048 408.499 25.2331 2.66824 31.8041
178.33 371.174 25.2665 2.57334 31.6145
55.9872 443.75 25.2492 2.75504 31.9089
147.226 479.002 25.3578 2.86668 31.55
547.43 580.608 25.4752 3.508 28.5672
340.07 557.798 25.1721 3.06705 30.9452
1136.33 271.642 23.1333 1.74882 30.7216
945.562 335.923 23.691 1.51942 26.9904
1113.52 545.357 23.0905 2.46222 30.9302
1109.38 657.331 23.0436 2.72108 30.9098
1101.08 644.89 23.0691 2.69448 30.9162
1036.8 590.976 23.2323 2.60818 30.9474
1065.83 615.859 23.1563 2.64907 30.9343
1109.38 360.806 23.1826 2.03729 30.9473
293.622 395.643 25.4834 2.62286 30.9706
296.11 363.295 25.3533 2.52262 31.1153
532.501 320.993 25.7266 2.12638 29.0043
261.274 266.25 25.3311 2.26785 31.3731
442.921 343.388 25.5773 2.35662 30.0579
564.849 296.11 26.1422 1.86636 27.9131
330.947 246.344 25.4477 2.13397 31.0157
248.832 298.598 25.3576 2.35941 31.3551
266.25 333.435 25.3659 2.43995 31.2559
72.1613 253.809 25.2451 2.35382 31.9893
97.0445 233.902 25.2458 2.29982 31.9375
69.673 223.949 25.1564 2.29947 32.07
151.788 246.344 25.2834 2.29575 31.7746
159.253 238.879 25.275 2.26731 31.7601
111.974 348.365 25.2396 2.52967 31.853
156.764 358.318 25.2601 2.55044 31.6947
238.879 47.2781 25.3475 1.73602 31.6171
211.507 141.834 25.3182 2.00328 31.6565
293.622 199.066 25.5324 2.02547 31.0917
333.435 129.393 25.4254 1.79111 31.133
77.1379 92.0679 25.2873 2.02153 32.0283
92.0679 134.369 25.2509 2.09833 32.0071
154.276 179.159 25.2965 2.13658 31.7995
129.393 169.206 25.2414 2.14352 31.9141
134.369 159.253 25.2527 2.11518 31.8935
413.061 261.274 25.6195 2.0717 30.3382
427.991 233.902 25.7825 1.9245 30.0126
403.108 171.694 25.7821 1.7248 30.2956
154.276 539.966 25.1207 2.95031 31.7129
151.788 527.524 25.1153 2.91853 31.7269
243.855 388.178 25.358 2.61577 31.2994
196.577 385.69 25.2905 2.6046 31.5376
226.437 502.641 25.3705 2.94134 31.2528
64.6963 363.295 25.3263 2.59382 31.8687
74.6496 510.106 25.2872 2.93039 31.7875
151.788 477.758 25.4104 2.88302 31.4897
574.802 617.103 25.0686 3.53854 29.1211
393.155 390.666 25.5358 2.58076 30.375
345.877 487.711 25.2557 2.88113 30.8937
925.655 181.647 24.0164 0.633237 27.4725
1134.67 268.739 23.1338 1.74328 30.722
1082.42 338.412 23.238 1.98547 30.8879
1112.28 544.942 23.0945 2.46079 30.9289
1107.3 656.917 23.0502 2.71695 30.9138
1102.33 604.662 23.0876 2.59799 30.9337
1062.51 617.103 23.1668 2.64883 30.9403
1069.98 363.295 23.2657 2.06243 30.9733
161.243 238.879 25.2727 2.26756 31.7589
1113.77 546.435 23.0958 2.45901 30.9286
549.421 579.281 25.5832 3.57612 28.3459
1107.8 656.917 23.052 2.71745 30.9145
1092.87 615.113 23.1084 2.63027 30.9358
1039.12 633.029 23.2079 2.69829 30.9458
1036.14 612.127 23.2291 2.65485 30.9495
77.6356 480.743 25.255 2.852 31.8242
152.285 477.758 25.467 2.8971 31.4313
268.739 525.533 25.4503 3.03192 30.9771
214.991 534.491 25.1893 2.97496 31.4581
1071.97 364.29 23.2683 2.06406 30.9733
250.823 504.631 25.4898 2.98522 31.0222
382.206 549.421 24.8435 2.94327 31.2364
367.276 546.435 25.22 3.07394 30.7416
1134.67 268.739 23.1342 1.74254 30.7229
1140.65 220.963 23.1471 1.64788 30.746
107.495 89.5795 25.3093 1.99162 31.9568
1134.67 343.388 23.1106 1.95923 30.7459
301.584 98.5375 25.2693 1.79853 31.456
271.725 74.6496 25.3478 1.78078 31.5075
140.341 409.08 25.2695 2.66732 31.702
179.159 370.262 25.2666 2.56999 31.624
146.313 370.262 25.3975 2.59059 31.614
271.725 573.309 25.2571 3.13328 31.1118
346.374 486.715 25.3973 2.91457 30.7008
334.43 128.397 25.4074 1.7944 31.1546
585.253 483.729 25.6989 3.04871 27.8289
110.481 337.416 25.2659 2.51148 31.835
262.767 122.425 25.4741 1.86979 31.3589
241.865 56.7337 25.3664 1.75507 31.581
71.6636 253.809 25.301 2.3511 31.9376
65.6917 223.949 25.2325 2.29692 32.0185
68.6776 364.29 25.2374 2.58283 31.9361
113.467 519.561 25.2223 2.91865 31.7542
125.411 167.215 25.2773 2.13527 31.8917
292.626 477.758 25.4604 2.90199 30.8889
244.851 388.178 25.3695 2.61103 31.2802
197.075 385.192 25.3142 2.60857 31.5025
220.963 292.626 25.3322 2.3604 31.486
235.893 173.187 25.259 2.05878 31.6161
185.131 268.739 25.4181 2.31774 31.5375
337.416 226.935 25.4894 2.06772 30.9454
412.066 262.767 25.5646 2.08294 30.4221
406.094 226.935 25.7005 1.93624 30.3193
1074.95 501.645 23.1896 2.37788 30.9454
150.494 476.563 25.4114 2.88324 31.4914
132.578 440.731 25.2753 2.74734 31.6956
93.1627 619.89 25.028 3.07544 31.9051
250.823 505.229 25.4437 2.9749 31.0793
254.406 465.814 25.4016 2.84189 31.1376
204.241 469.397 25.2973 2.82751 31.4275
394.15 182.742 25.6047 1.81632 30.5437
1071.37 365.485 23.2614 2.0639 30.9726
293.821 476.563 25.4163 2.8835 30.9601
121.828 576.892 25.0578 2.99926 31.8453
161.243 240.073 25.2784 2.25699 31.7488
143.327 114.662 25.4072 1.99036 31.7651
171.993 82.4132 25.319 1.91086 31.7939
419.232 336.819 25.2367 2.34888 30.7284
369.068 300.987 25.5896 2.26369 30.5613
143.327 566.143 25.1534 3.01674 31.6857
265.155 100.329 25.5003 1.79874 31.3252
218.574 75.2468 25.3509 1.8399 31.647
75.2468 404.9 25.2106 2.65992 31.9168
111.079 365.485 25.2498 2.57099 31.8229
68.0805 361.901 25.2551 2.58249 31.9282
207.825 143.327 25.3206 2.00263 31.6578
311.737 372.651 25.4971 2.52655 30.876
290.238 394.15 25.374 2.60869 31.1091
107.495 225.74 25.2518 2.26912 31.9234
1035.54 612.724 23.2277 2.65371 30.9508
1089.29 616.307 23.1056 2.62688 30.9351
1150.2 347.569 23.0895 1.97497 30.7964
928.044 175.576 23.9722 0.706145 27.8252
193.492 594.808 25.1738 3.11682 31.509
222.157 587.642 25.0818 3.0687 31.5219
128.995 279.488 25.3745 2.37719 31.7156
107.495 227.89 25.2487 2.27068 31.9211
154.793 180.592 25.3679 2.13106 31.7399
206.391 141.894 25.4564 1.98134 31.5265
253.689 464.38 25.422 2.84565 31.1157
81.6965 404.183 25.4091 2.69673 31.7462
206.391 554.677 25.1735 3.02825 31.4747
571.876 477.28 25.6096 2.93514 28.282
391.283 219.291 25.6824 1.92773 30.4529
210.691 365.485 25.446 2.5628 31.3303
240.79 309.587 25.5453 2.39498 31.1769
343.985 386.984 25.6862 2.59659 30.4336
288.088 391.283 25.5936 2.63494 30.8414
395.583 180.592 25.5721 1.82013 30.61
339.686 550.377 25.1595 3.05857 30.9629
163.393 240.79 25.104 2.27584 31.9143
361.185 477.28 25.2925 2.85655 30.7925
240.79 236.49 25.6779 2.18248 31.1109
1092.15 610.574 23.1098 2.62643 30.9372
550.377 576.176 25.4137 3.48644 28.7412
193.492 593.375 25.1226 3.09822 31.5672
111.795 515.978 25.352 2.96112 31.6268
361.185 133.294 25.4327 1.75896 30.9946
113.515 190.912 25.3774 2.17549 31.8199
108.355 232.19 25.3601 2.27034 31.8216
288.948 211.551 25.3915 2.08137 31.2549
206.391 144.474 25.3204 2.00817 31.6642
278.628 103.196 25.396 1.81969 31.3857
309.587 510.818 25.0435 2.88304 31.3331
211.551 366.345 24.9343 2.50429 31.8697
170.273 366.345 25.3706 2.56547 31.5499
283.788 392.143 25.5297 2.62657 30.9452
861.684 500.499 23.8431 2.68294 28.1888
469.54 510.818 25.4282 3.03484 29.7786
345.705 490.179 25.5324 2.93757 30.5124
216.711 588.215 25.0734 3.07297 31.5181
144.474 577.896 25.2219 3.05808 31.6152
144.474 526.298 25.1009 2.90663 31.7767
98.0359 134.154 25.294 2.08941 31.9588
198.136 142.41 25.3198 2.00704 31.6681
284.82 154.793 25.4035 1.94288 31.2985
241.478 117.643 25.3582 1.9415 31.5518
421.038 371.504 25.6096 2.50274 30.1763
433.422 346.737 24.9494 2.36932 31.0936
334.354 235.286 25.457 2.08656 30.9857
470.572 371.504 24.9661 2.42209 30.8189
216.711 365.313 25.4334 2.57643 31.3378
1077.36 501.531 23.1912 2.38884 30.9475
551.065 575.832 25.3234 3.4512 28.9575
154.793 365.313 25.3595 2.57225 31.6139
142.41 575.832 25.038 2.99587 31.8057
204.327 526.298 25.1993 2.95586 31.4841
253.861 507.723 25.3879 2.96042 31.1359
123.835 216.711 25.2719 2.26203 31.8703
117.643 160.985 25.2888 2.12437 31.896
253.861 340.546 25.5234 2.46611 31.1338
274.913 312.064 25.378 2.37353 31.2218
416.085 230.333 25.6401 1.93829 30.3179
185.752 267.483 25.5673 2.32198 31.3904
1003.06 564.687 23.3007 2.57217 30.9399
1077.36 505.246 23.1886 2.3773 30.946
200.612 468.095 24.9265 2.7291 31.8412
148.602 468.095 25.3067 2.82441 31.5962
156.032 364.074 25.4872 2.59724 31.4904
252.623 460.665 25.245 2.80244 31.3272
260.053 393.795 25.4091 2.61927 31.1396
141.172 527.536 25.1873 2.93816 31.683
408.655 349.214 25.5224 2.36441 30.3423
230.333 185.752 25.4435 2.06834 31.4223
289.773 215.473 25.394 2.09295 31.235
156.032 319.494 25.2949 2.44652 31.6959
249.651 463.637 24.8346 2.7035 31.8054
267.483 231.819 25.3802 2.15469 31.3268
303.148 517.134 25.2351 2.94086 31.1028
490.386 303.148 25.7094 2.11292 29.585
490.386 490.386 25.5897 3.01586 29.3301
427.973 490.386 25.1843 2.89127 30.5907
561.715 472.554 25.7863 2.96343 28.1617
258.567 392.309 25.4429 2.63612 31.1365
312.064 383.392 25.7727 2.60458 30.5626
258.567 508.218 25.3489 2.96258 31.1056
347.728 472.554 25.0101 2.80293 31.2408
222.903 249.651 25.3369 2.24355 31.5276
249.651 329.896 25.2996 2.44615 31.4086
276.399 320.98 25.3609 2.39825 31.233
1016.44 454.721 23.3201 2.29583 30.9588
