1064 531 -23.1975 -0.848183 3.70588
1146 421 -23.1622 -0.938609 3.57891
1205 312 -23.1017 -1.03394 3.5686
1107 580 -23.1966 -0.800483 3.62072
1167 445 -23.1484 -0.915785 3.57467
1162 421 -23.1532 -0.936008 3.5684
1063 269 -23.2213 -1.07979 3.57535
1100 671 -23.1993 -0.718188 3.6497
1191 383 -23.1239 -0.969259 3.56727
1126 573 -23.1841 -0.806168 3.6078
1254 456 -23.0436 -0.908184 3.62554
1185 689 -23.1489 -0.707981 3.59496
1163 670 -23.1649 -0.724296 3.59959
1241 634 -23.0763 -0.748365 3.63051
1256 367 -23.0679 -0.980013 3.55933
1239 217 -23.0509 -1.12602 3.5782
1024 465 -23.2022 -0.923512 3.78689
1156 181 -23.1342 -1.15483 3.55388
1161 590 -23.1569 -0.792021 3.6017
1221 256 -23.0778 -1.08632 3.57067
1205 255 -23.0905 -1.08871 3.5716
1189 344 -23.1214 -1.00359 3.56663
1210 334 -23.0897 -1.01744 3.58713
1113 358 -23.183 -0.998095 3.58345
1076 441 -23.1891 -0.935163 3.67383
1258 272 -23.0578 -1.06499 3.5495
1236 264 -23.0625 -1.07993 3.57513
1156 189 -23.1402 -1.14489 3.54662
1225 293 -23.0777 -1.05213 3.57283
1240 682 -23.078 -0.705942 3.63743
1251 416 -23.0389 -0.946776 3.62858
1260 526 -23.0521 -0.844059 3.61665
1218 494 -23.1054 -0.871509 3.58338
1033 107 -22.7637 -1.82055 4.7397
1051 84 -22.7335 -1.85223 4.70175
1133.6 419.9 -23.1719 -0.939383 3.58341
1118 421.2 -23.1878 -0.938895 3.577
1163.5 542.1 -23.1553 -0.833049 3.59154
1154.4 586.3 -23.1715 -0.795591 3.58184
1236.3 370.5 -23.0795 -0.978577 3.56933
1172.6 525.2 -23.118 -0.849046 3.6433
1150.5 529.1 -23.1662 -0.844571 3.58855
1137.5 604.5 -23.1849 -0.78033 3.5886
1106.3 579.8 -23.2055 -0.801216 3.59907
1046.5 668.2 -23.1891 -0.705465 3.81784
1076.4 425.1 -23.1869 -0.950563 3.67462
1219.4 271.7 -23.086 -1.06928 3.56082
1214.2 249.6 -23.0758 -1.09694 3.58416
1125.8 634.4 -23.199 -0.755 3.58408
1248 228.8 -23.053 -1.10962 3.56179
1024.4 465.4 -23.1957 -0.925591 3.81347
1004.9 462.8 -23.1951 -0.9361 3.87329
1093.3 465.4 -23.145 -0.915816 3.74611
1084.2 445.9 -23.1869 -0.927156 3.66568
1193.4 334.1 -23.1177 -1.01211 3.56322
1172.6 356.2 -23.1364 -0.99437 3.56758
1172.6 318.5 -23.1316 -1.02835 3.5705
1063.4 425.1 -23.1981 -0.950647 3.68046
1029.6 430.3 -23.1917 -0.961412 3.78791
1103.7 391.3 -23.1813 -0.972478 3.61565
1088.1 374.4 -23.1837 -0.993939 3.63808
1071.2 361.4 -23.1902 -1.01091 3.66273
1064.7 598 -23.1937 -0.782288 3.7305
1236.3 263.9 -23.0656 -1.0784 3.56766
1251.9 235.3 -23.0532 -1.10123 3.55674
1222 243.1 -23.0788 -1.09672 3.56285
1141.4 353.6 -23.159 -0.999105 3.57791
1115.4 353.6 -23.1849 -0.999589 3.57618
1112.8 319.8 -23.1806 -1.03147 3.58161
1249.3 340.6 -23.0541 -1.01188 3.58626
1227.2 352.3 -23.0775 -0.998998 3.58496
1240.2 331.5 -23.0643 -1.01812 3.58085
1201.2 218.4 -23.0849 -1.12679 3.58006
1157 304.2 -23.1424 -1.04249 3.56961
1128.4 304.2 -23.1672 -1.04454 3.5752
1206.4 312 -23.1017 -1.03394 3.5686
1093.3 244.4 -23.2049 -1.09321 3.54121
1098.5 305.5 -23.1908 -1.04655 3.58469
1043.9 313.3 -23.2144 -1.05837 3.65253
1248 157.3 -22.0422 -1.85682 5.14637
1138.8 540.8 -23.1756 -0.833853 3.59328
1225.9 595.4 -23.1055 -0.78395 3.59324
1186.9 595.4 -23.1364 -0.785764 3.59971
1231.1 536.9 -23.0829 -0.835055 3.61129
1162.2 687.7 -23.1693 -0.710066 3.59374
1118 660.4 -23.2004 -0.731891 3.60434
1233.7 691.6 -23.1065 -0.701776 3.60001
1186.9 669.5 -23.1456 -0.72388 3.59516
1185.6 634.4 -23.1461 -0.753033 3.59036
1015.3 643.5 -23.1844 -0.724731 3.93302
1071.2 690.3 -23.1848 -0.68716 3.7653
1072.5 638.3 -23.198 -0.743405 3.71152
1160.9 436.8 -23.1513 -0.923412 3.57793
1173.9 364 -23.1364 -0.987504 3.56838
1250.6 416 -23.0476 -0.944369 3.61265
1192.1 436.8 -23.1225 -0.924023 3.5835
1210.3 375.7 -23.1085 -0.974806 3.56186
1137.5 445.9 -23.1733 -0.916835 3.577
1222 527.8 -23.1006 -0.844509 3.59343
1197.3 465.4 -23.1227 -0.897642 3.57814
1122.16 327.86 -23.1733 -1.02319 3.57741
1235.39 263.64 -23.0655 -1.07963 3.5711
1091.74 466.44 -23.1433 -0.916348 3.74874
1117.09 594.88 -23.198 -0.788044 3.59852
1105.26 579.67 -23.1954 -0.802404 3.63037
1216.8 336.31 -23.0901 -1.01289 3.57242
1032.59 633.75 -23.1675 -0.735378 3.92676
1029.21 561.08 -23.1728 -0.819272 3.88952
1061.32 532.35 -23.1992 -0.848812 3.7018
1046.11 380.25 -23.2064 -0.999201 3.6837
1123.85 250.12 -23.1664 -1.09477 3.56966
1103.57 218.01 -23.1168 -1.17568 3.70641
1201.59 246.74 -23.0926 -1.09493 3.56988
1199.9 218.01 -23.0832 -1.12884 3.58671
1155.96 304.2 -23.1413 -1.04436 3.57517
1188.07 344.76 -23.1221 -1.00321 3.56409
1093.43 251.81 -23.1822 -1.10228 3.59501
1078.22 338 -23.2122 -1.01524 3.58102
1157.65 153.79 -23.1278 -1.1817 3.55621
1183 174.07 -23.1188 -1.15407 3.53735
1161.03 540.8 -23.1544 -0.833405 3.59417
1137.37 540.8 -23.1756 -0.833853 3.59328
1225.25 594.88 -23.1055 -0.78395 3.59324
1204.97 588.12 -23.1245 -0.791787 3.58716
1128.92 669.24 -23.1958 -0.72434 3.59516
1157.65 611.78 -23.1673 -0.773481 3.58562
1125.54 611.78 -23.1979 -0.773424 3.57974
1238.77 633.75 -23.0757 -0.749188 3.63377
1183 611.78 -23.1481 -0.771563 3.58178
1002.17 571.22 -23.1019 -0.805458 4.20042
1074.84 544.18 -23.202 -0.835178 3.66846
1098.5 669.24 -23.1982 -0.717519 3.65602
1172.86 363.35 -23.1333 -0.988115 3.57582
1113.71 365.04 -23.1818 -0.991088 3.58347
1191.45 419.12 -23.122 -0.937683 3.57734
1235.39 370.11 -23.0682 -0.98326 3.59519
1211.73 398.84 -23.1045 -0.955321 3.57295
1161.03 498.55 -23.1313 -0.873658 3.64064
1218.49 493.48 -23.1044 -0.871687 3.58382
1003.86 459.68 -23.1857 -0.94023 3.89693
1050.17 83.486 -22.7417 -1.84866 4.69614
1186.38 667.888 -23.1476 -0.725481 3.5919
1219.33 494.325 -23.1044 -0.871687 3.58382
1217.14 478.946 -23.1103 -0.884308 3.5703
1201.76 443.794 -23.1194 -0.914731 3.57364
1228.12 597.584 -23.1019 -0.782994 3.59919
1188.58 597.584 -23.1354 -0.785241 3.60165
1144.64 353.717 -23.1571 -0.999007 3.58045
1116.08 353.717 -23.1818 -1.00044 3.58101
1214.94 399.854 -23.104 -0.954821 3.57251
1001.83 571.22 -23.105 -0.805335 4.1998
1217.14 336.141 -23.0866 -1.01417 3.57928
1192.97 355.914 -23.1186 -0.993431 3.56443
1206.15 314.171 -23.1026 -1.03288 3.5667
1085.32 316.368 -23.2096 -1.03345 3.56828
1162.21 590.993 -23.1563 -0.792013 3.60208
1140.24 540.462 -23.1762 -0.835259 3.59016
1214.94 250.458 -23.094 -1.0885 3.55114
1201.76 217.503 -23.11 -1.11351 3.53179
1146.83 419.627 -23.156 -0.941135 3.59458
1151.23 241.67 -23.1436 -1.1001 3.56544
1155.62 219.7 -23.1219 -1.13183 3.59489
1107.29 219.7 -23.1141 -1.17544 3.71199
1047.97 667.888 -23.1838 -0.704915 3.83544
1058.95 375.687 -23.2035 -0.995797 3.65984
1036.98 500.916 -23.1881 -0.884359 3.80052
1159.58 662.615 -23.1703 -0.726153 3.58897
1213.84 399.854 -23.101 -0.954328 3.5788
1116.73 591.213 -23.195 -0.792057 3.60522
1139.58 539.803 -23.1729 -0.835622 3.599
1111.02 494.105 -23.1288 -0.883947 3.74335
1205.27 565.508 -23.116 -0.810179 3.60441
1159.58 588.357 -23.1622 -0.791977 3.58726
1219.55 516.954 -23.1074 -0.853236 3.57996
1185.28 325.595 -23.1188 -1.02585 3.57633
1205.27 314.171 -23.0996 -1.03302 3.5703
1219.55 494.105 -23.1037 -0.869949 3.58429
1159.58 502.674 -23.1554 -0.865843 3.58807
1199.56 439.839 -23.1367 -0.920099 3.54656
1016.77 642.622 -23.1873 -0.725857 3.91448
1156.72 302.747 -23.14 -1.04556 3.57528
1111.02 302.747 -23.19 -1.04334 3.55506
1199.56 248.481 -23.0886 -1.10023 3.58612
1165.29 222.776 -23.128 -1.11257 3.5593
1105.31 219.92 -23.1179 -1.17143 3.70133
1142.44 368.437 -23.1624 -0.983965 3.56947
1113.88 368.437 -23.1775 -0.989498 3.59701
1079.61 525.522 -23.227 -0.844825 3.59254
1156.72 157.085 -23.1284 -1.18111 3.55945
1117.59 590.356 -23.1856 -0.789894 3.62864
1195.56 148.517 -23.0748 -1.20647 3.58893
1147.3 367.58 -23.1516 -0.984822 3.58525
1139.87 538.375 -23.1786 -0.83687 3.5815
1017.34 642.337 -23.1985 -0.730498 3.86433
1073.04 419.561 -23.1859 -0.955869 3.68653
1113.88 352.728 -23.1859 -0.998297 3.57247
1110.17 300.747 -23.1847 -1.04891 3.56792
1013.63 549.514 -23.1865 -0.83575 3.89688
1158.43 504.958 -23.1564 -0.86575 3.5888
1180.71 415.848 -23.1302 -0.942464 3.58224
1191.85 597.782 -23.1301 -0.783885 3.6132
1158.43 538.375 -23.1611 -0.837067 3.58622
1043.33 85.3974 -22.7003 -1.90925 4.83558
1184.42 133.665 -23.1175 -1.18722 3.52679
1206.7 315.599 -23.0989 -1.02996 3.56922
1165.86 219.063 -23.13 -1.11118 3.55573
1018.46 622.658 -23.1716 -0.746079 3.92707
1003.98 579.217 -23.1084 -0.807403 4.19886
1172.91 617.831 -23.1435 -0.763608 3.60681
1182.57 593.697 -23.1398 -0.782343 3.5876
1129.47 617.831 -23.1736 -0.761055 3.64768
1124.65 593.697 -23.143 -0.795393 3.71335
1076.38 289.608 -23.2093 -1.05485 3.56815
1129.47 255.821 -23.1653 -1.08792 3.56842
1028.11 492.334 -23.2099 -0.885698 3.7482
1153.61 415.105 -23.1562 -0.942481 3.57247
1124.65 415.105 -23.1828 -0.941816 3.56682
1182.57 318.569 -23.1188 -1.03183 3.57777
1158.43 255.821 -23.1391 -1.0836 3.56381
1016.53 545.912 -23.176 -0.837597 3.9264
1104.37 288.643 -23.1873 -1.05564 3.57859
1104.37 263.544 -23.1814 -1.09207 3.59512
1148.3 407.865 -23.1672 -0.946622 3.55269
1123.2 407.865 -23.1738 -0.952201 3.60261
1148.3 376.491 -23.1448 -0.984582 3.59896
1123.2 376.491 -23.1875 -0.985818 3.55905
1060.45 382.766 -23.1868 -0.997097 3.69998
1129.47 583.561 -23.1676 -0.804465 3.63129
1060.45 539.637 -23.2409 -0.83636 3.58764
1154.57 169.421 -23.134 -1.17112 3.56474
1084.92 448.652 -23.2065 -0.913977 3.61159
1027.82 546.539 -23.1772 -0.839037 3.92052
1071.05 212.09 -23.1206 -1.21143 3.81826
1060.45 509.016 -23.209 -0.862361 3.68035
1028.64 477.202 -23.1991 -0.896162 3.80242
1018.03 349.948 -23.1759 -1.06171 3.84
752.919 509.016 -23.396 -0.953333 4.86227
646.874 254.508 -23.6717 -1.98694 6.15504
858.964 212.09 -22.9971 -1.87252 5.45044
933.196 286.321 -23.1561 -1.27435 4.29553
805.942 392.366 -23.0432 -1.59137 6.63535
678.688 371.157 -23.6091 -1.56863 6.24153
689.292 413.575 -23.5272 -1.53681 7.28815
986.218 455.993 -23.1425 -0.968668 4.10527
509.016 286.321 -23.7192 -1.06543 3.49849
445.389 349.948 -23.8205 -1.06259 3.72938
784.733 275.717 -23.1954 -2.06604 6.60631
668.083 286.321 -23.6156 -2.05443 6.85398
721.106 296.926 -23.3542 -2.04327 6.93809
646.874 318.135 -23.6601 -1.68129 5.99101
625.665 307.53 -23.7812 -1.86445 6.45268
540.829 339.344 -23.7308 -1.08173 3.75825
625.665 339.344 -23.6772 -1.29721 4.65626
540.829 201.485 -23.8373 -1.62587 4.60648
572.643 243.903 -23.9585 -2.01853 6.1463
593.852 233.299 -23.9023 -2.27139 6.79874
593.852 381.762 -23.8428 -1.34245 5.51481
307.53 275.717 -23.7906 -0.991466 3.24508
318.135 212.09 -23.841 -1.06927 3.38438
349.948 254.508 -23.7697 -1.00433 3.2839
349.948 402.971 -23.7763 -0.921647 3.28767
455.993 381.762 -23.8212 -1.01724 3.71715
509.016 371.157 -23.7321 -1.00935 3.61337
349.948 477.202 -23.8276 -0.893929 3.4361
201.485 222.694 -23.8054 -0.985214 3.14734
254.508 243.903 -23.808 -0.994213 3.21942
201.485 349.948 -23.8088 -0.93064 3.16913
275.717 434.784 -23.8094 -0.900427 3.27239
827.151 424.18 -23.1815 -1.12701 5.13073
858.964 424.18 -23.1281 -1.16543 5.05035
869.569 445.389 -23.3297 -0.981436 3.98176
805.942 466.598 -23.1363 -1.19023 6.51509
954.405 307.53 -23.1408 -1.21747 4.28496
943.8 381.762 -23.1619 -1.09557 4.21007
975.614 381.762 -23.2008 -1.03318 3.86041
943.8 424.18 -23.1604 -1.0196 4.14337
901.382 339.344 -23.1641 -1.20804 4.4361
869.569 487.807 -23.0665 -1.05861 5.60314
938.09 203.933 -22.7144 -1.9721 5.71971
913.618 456.809 -23.1262 -1.02267 4.62435
921.775 293.663 -23.1481 -1.27834 4.30799
905.461 342.607 -23.1842 -1.18418 4.34821
807.573 391.551 -22.9342 -1.63673 7.33154
513.91 391.551 -23.743 -0.972866 3.58987
562.854 448.652 -23.6847 -0.936118 3.6161
677.056 522.068 -23.5982 -0.969827 5.78103
709.685 546.539 -23.3816 -0.993088 7.7055
448.652 383.393 -23.798 -0.996601 3.62664
407.865 440.494 -23.8139 -0.92869 3.54286
464.966 416.023 -23.802 -0.976191 3.73093
163.146 293.663 -23.7793 -0.928734 3.07288
244.719 269.191 -23.7793 -0.960872 3.14582
628.112 350.764 -23.7529 -1.54886 5.96389
342.607 399.708 -23.7737 -0.919495 3.26529
350.764 473.124 -23.8339 -0.897144 3.47076
163.146 440.494 -23.7983 -0.872467 3.11681
758.629 367.079 -23.0713 -1.98675 8.1649
668.899 293.663 -23.5979 -2.03475 6.92412
734.157 342.607 -23.2704 -2.08137 8.09188
538.382 554.697 -23.7741 -0.829531 3.94657
595.483 546.539 -23.7209 -0.861721 4.31287
546.539 171.303 -23.8699 -1.70379 4.72087
595.483 236.562 -23.9326 -2.15803 6.48174
334.449 179.461 -23.7967 -1.07966 3.31317
726 179.461 -23.4691 -1.5515 4.4182
644.427 228.405 -23.6086 -1.56642 4.75076
179.461 497.596 -23.8178 -0.853549 3.18089
220.247 473.124 -23.7038 -0.848538 2.98564
187.618 554.697 -23.7679 -0.823003 3.08759
228.405 179.461 -23.8046 -1.0231 3.17717
766.787 187.618 -23.2946 -1.94119 5.44096
464.966 497.596 -23.6997 -0.860104 3.29211
489.438 497.596 -23.8131 -0.910865 3.85897
783.101 513.91 -23.2545 -0.984841 5.69542
416.023 473.124 -23.7841 -0.896269 3.45191
440.494 522.068 -23.7695 -0.856183 3.47076
987.034 301.82 -23.2052 -1.12357 3.84885
987.034 456.809 -23.1645 -0.958632 4.02744
941.228 207.07 -22.6357 -2.04082 5.9342
859.654 207.07 -22.9243 -2.08612 6.07407
250.994 338.842 -23.7796 -0.931986 3.15504
345.117 307.468 -23.7631 -0.967177 3.23299
163.146 294.918 -23.7979 -0.939315 3.11109
175.696 250.994 -23.8143 -0.969733 3.14735
282.368 125.497 -23.7762 -1.04876 3.161
313.743 213.345 -23.7739 -1.0145 3.20697
596.111 238.444 -23.8814 -2.01332 6.07477
370.216 326.292 -23.7529 -0.9604 3.23457
476.889 345.117 -23.7971 -1.06615 3.75814
545.912 163.146 -23.9635 -1.97931 5.34628
414.14 125.497 -24.0025 -1.54681 4.12325
501.988 207.07 -23.9095 -1.56573 4.54894
269.819 539.637 -23.8043 -0.83743 3.25408
351.392 514.538 -23.8281 -0.866972 3.44639
351.392 571.011 -23.7702 -0.820522 3.27599
175.696 495.713 -23.7805 -0.85162 3.09932
194.52 564.737 -23.7817 -0.824605 3.1196
263.544 401.59 -23.7745 -0.902057 3.15974
276.093 432.965 -23.7953 -0.899053 3.22267
144.322 426.69 -23.8394 -0.89594 3.17455
119.222 439.24 -23.7852 -0.869528 3.0615
539.637 508.263 -23.718 -0.884335 3.69168
527.087 577.286 -23.7448 -0.821157 3.81952
577.286 577.286 -23.7443 -0.819748 4.21636
432.965 501.988 -23.7802 -0.87389 3.5157
539.637 483.163 -23.7314 -0.915563 3.74029
489.438 489.438 -23.751 -0.896756 3.59801
834.555 269.819 -22.8263 -2.1905 7.0918
702.783 232.169 -23.4818 -2.04597 6.10693
727.883 232.169 -23.3652 -2.13093 6.38267
677.684 307.468 -23.5979 -2.03475 6.92412
683.959 119.222 -23.5618 -1.88826 4.88577
727.883 119.222 -23.4322 -1.97518 5.0616
991.426 301.193 -23.157 -1.18022 4.00757
784.356 558.462 -23.3832 -0.835786 4.58509
859.654 577.286 -23.0676 -0.78509 5.66301
922.403 583.561 -23.126 -0.793771 4.63087
796.906 363.941 -22.8149 -2.15814 8.93559
702.783 508.263 -23.4432 -1.18708 8.48068
671.409 527.087 -23.586 -0.847618 3.26773
520.813 426.69 -23.7499 -0.975307 3.75631
451.789 395.316 -23.8207 -1.01353 3.73571
489.438 401.59 -23.7643 -0.987938 3.67034
734.157 508.263 -23.3142 -1.14913 7.73558
658.859 363.941 -23.6901 -2.06576 8.48382
458.064 501.988 -23.7725 -0.883113 3.55329
307.468 376.491 -23.7637 -0.918954 3.18261
338.842 401.59 -23.765 -0.9144 3.23349
596.111 508.263 -23.7484 -0.934416 4.45583
246.167 265.474 -23.7718 -0.956791 3.12746
250.994 333.05 -23.7828 -0.93329 3.16437
294.435 294.435 -23.7736 -0.961252 3.18299
120.67 236.514 -23.8011 -0.957142 3.08068
193.072 284.782 -23.7985 -0.952514 3.13732
357.184 159.285 -23.7693 -1.06798 3.25623
352.357 569.563 -23.7711 -0.819377 3.2788
284.782 608.178 -23.7623 -0.803403 3.16622
294.435 579.217 -23.7692 -0.814934 3.19738
193.072 564.737 -23.7791 -0.82147 3.11426
101.363 613.005 -23.7952 -0.805524 3.08008
193.072 603.351 -23.7929 -0.806822 3.14513
337.877 400.625 -23.7742 -0.918538 3.25956
352.357 473.027 -23.8362 -0.899033 3.48031
120.67 439.24 -23.7898 -0.870373 3.06994
381.318 535.776 -23.8139 -0.85179 3.48137
487.508 579.217 -23.7511 -0.813538 3.59084
540.602 482.681 -23.7197 -0.911027 3.72049
357.184 415.105 -23.7645 -0.910429 3.27388
492.334 487.508 -23.7884 -0.912775 3.80197
892.959 265.474 -22.8402 -1.81996 5.8762
902.613 357.184 -23.0905 -1.26122 4.78902
699.887 226.86 -23.4901 -2.04265 6.08238
675.753 304.089 -23.5882 -2.11482 7.34576
897.786 106.19 -23.0513 -1.86003 4.77814
854.345 207.553 -22.9476 -2.03225 5.93089
675.753 120.67 -23.5705 -1.97093 5.04319
690.234 168.938 -23.533 -1.94958 5.35096
733.675 168.938 -23.4037 -1.96392 5.36609
989.496 313.743 -23.2063 -1.11164 3.82737
946.054 202.726 -22.7202 -1.93204 5.62379
892.959 613.005 -23.1265 -0.730631 4.88727
733.675 506.815 -23.2433 -1.18706 8.72922
646.792 574.39 -23.6712 -0.806513 5.11215
584.044 521.295 -23.7318 -0.898191 4.23335
434.413 530.949 -23.7906 -0.857645 3.55918
473.027 535.776 -23.7735 -0.853968 3.6313
448.893 555.083 -23.7767 -0.832347 3.53471
482.681 555.083 -23.769 -0.836674 3.64307
168.938 111.017 -23.8233 -1.04585 3.14194
202.726 101.363 -23.8255 -1.07056 3.17911
584.044 381.318 -23.7017 -1.08984 4.1062
588.871 410.279 -23.7235 -1.08206 4.25048
608.178 424.759 -23.7097 -1.0751 4.41217
941.228 381.318 -23.1472 -1.11521 4.30692
878.479 569.563 -23.0484 -0.817443 5.44501
801.25 516.468 -23.297 -0.92686 4.91128
820.557 506.815 -23.1209 -1.03751 6.02876
825.384 564.737 -23.1266 -0.835632 5.82039
559.91 622.658 -23.7418 -0.751071 4.00124
477.854 424.759 -23.765 -0.956693 3.6122
299.262 222.033 -23.7717 -0.998946 3.17742
444.066 347.53 -23.784 -1.02609 3.55585
921.92 555.083 -23.1313 -0.840646 4.62077
260.648 468.2 -23.8067 -0.877248 3.24058
501.245 211.637 -23.9386 -1.59018 4.66495
597.782 241.34 -23.8911 -2.01851 6.12339
363.867 323.025 -23.7926 -0.994032 3.35983
534.662 133.665 -23.8417 -1.60804 4.33167
538.375 155.943 -23.9146 -1.86536 4.9825
271.044 545.801 -23.8211 -0.836432 3.29147
293.321 582.93 -23.7768 -0.81534 3.21456
85.3974 586.643 -23.7952 -0.815688 3.06583
337.877 400.996 -23.7729 -0.916338 3.24753
200.498 430.7 -23.8187 -0.892905 3.18971
709.169 271.044 -23.4354 -2.13739 6.8867
679.466 311.886 -23.5749 -2.12205 7.45531
727.734 356.441 -23.2636 -2.1458 8.59343
898.529 107.675 -23.0014 -1.98429 5.03649
675.753 122.527 -23.5671 -1.88098 4.87775
731.447 118.814 -23.427 -1.91878 4.95096
735.16 193.072 -23.3799 -2.07523 5.81756
950.51 204.211 -22.6475 -2.00298 5.82282
657.188 594.069 -23.6573 -0.759828 5.264
675.753 538.375 -23.6209 -0.935245 6.33325
686.892 571.791 -23.5714 -0.831147 6.06246
943.084 382.432 -23.1534 -1.11116 4.27652
954.223 426.987 -23.1106 -1.05481 4.40721
850.261 482.681 -22.955 -1.13926 6.39312
501.245 360.154 -23.7438 -1.01267 3.59002
787.141 512.384 -23.1855 -1.02493 6.41271
857.687 523.523 -22.9909 -0.967294 6.05124
846.548 415.848 -22.9905 -1.34806 6.17335
605.207 538.375 -23.7123 -0.87748 4.36024
631.198 371.293 -23.7243 -1.38712 5.46354
415.848 464.116 -23.7814 -0.900682 3.44734
872.538 579.217 -23.0602 -0.793163 5.54808
438.126 512.384 -23.7695 -0.86599 3.4776
478.968 538.375 -23.776 -0.855811 3.65055
449.264 556.939 -23.7836 -0.835654 3.57617
490.107 579.217 -23.7433 -0.810416 3.54112
664.614 360.154 -23.6595 -1.90497 7.63876
148.517 70.5457 -23.8419 -1.07239 3.14724
185.646 81.6844 -23.8377 -1.08341 3.18246
438.126 475.255 -23.7779 -0.901297 3.51756
549.514 482.681 -23.7258 -0.916568 3.7824
538.375 638.624 -23.7446 -0.749596 3.81676
222.776 601.495 -23.7783 -0.808028 3.14223
271.044 586.643 -23.7824 -0.813381 3.20426
141.091 504.958 -23.7809 -0.842789 3.07371
181.934 493.82 -23.7798 -0.853365 3.10348
957.936 605.207 -23.16 -0.758782 4.27981
972.787 623.772 -23.1847 -0.739408 4.08357
779.715 530.949 -23.1525 -0.99088 7.07487
783.428 560.652 -23.1592 -0.863124 6.96898
590.356 627.485 -23.7181 -0.741208 4.15063
627.485 623.772 -23.6905 -0.726589 4.6268
400.996 400.996 -23.7888 -0.946393 3.42068
311.886 207.924 -23.7856 -1.03452 3.24449
211.637 222.776 -23.8005 -0.989298 3.15456
259.905 241.34 -23.7895 -0.987053 3.17556
438.126 594.069 -23.8062 -0.803711 3.62369
349.015 516.097 -23.8161 -0.86241 3.40958
415.848 564.365 -23.8099 -0.828306 3.56028
375.006 282.183 -23.7645 -0.99954 3.28713
274.757 77.9715 -23.7784 -1.07384 3.16302
248.766 100.249 -23.8058 -1.07511 3.19108
74.2586 504.958 -23.8017 -0.845671 3.06467
935.658 323.025 -23.1564 -1.20382 4.24865
174.222 128.524 -23.8273 -1.04183 3.15324
274.186 491.249 -23.7962 -0.863599 3.22561
853.974 214.207 -22.9688 -1.99757 5.85101
896.815 268.473 -22.7716 -1.89648 6.13722
816.844 308.459 -22.7922 -2.28088 8.11101
708.313 268.473 -23.4543 -2.01714 6.4524
736.874 225.632 -23.3489 -2.06477 6.12494
679.752 311.315 -23.5745 -2.13957 7.56247
893.959 108.532 -23.0469 -1.87386 4.84135
665.471 79.9708 -23.5838 -1.86205 4.63898
731.161 74.2586 -23.4455 -1.86519 4.63359
734.018 168.51 -23.4019 -1.92101 5.25397
953.937 202.783 -22.6475 -2.00298 5.82282
699.744 534.091 -23.5212 -0.961945 6.48493
688.32 571.22 -23.5692 -0.806527 6.08362
793.996 454.12 -22.7428 -1.71932 10.2223
828.269 508.386 -23.084 -1.01813 6.04177
522.666 428.415 -23.7557 -0.983782 3.80263
551.227 419.847 -23.721 -0.987965 3.77611
919.664 579.788 -23.1114 -0.792195 4.71141
996.779 379.861 -23.133 -1.06903 4.06065
953.937 425.559 -23.1228 -1.04737 4.33295
448.408 408.422 -23.7719 -0.955228 3.51066
482.681 425.559 -23.7563 -0.951848 3.58857
311.315 219.92 -23.7796 -1.01497 3.22138
582.644 371.293 -23.7145 -1.10125 4.07055
491.249 454.12 -23.7669 -0.939185 3.68467
551.227 485.537 -23.7211 -0.914153 3.77811
428.415 534.091 -23.7782 -0.850659 3.48985
434.127 565.508 -23.8053 -0.828548 3.60862
442.695 476.969 -23.7724 -0.898726 3.4941
488.393 488.393 -23.7493 -0.894216 3.57359
371.293 622.63 -23.8665 -0.777023 3.62129
391.286 622.63 -23.8363 -0.776281 3.58167
405.566 648.335 -23.8158 -0.758472 3.56155
174.222 442.695 -23.7884 -0.874507 3.10929
162.798 511.242 -23.7775 -0.843375 3.08294
739.73 511.242 -23.287 -1.13217 7.55403
619.774 596.925 -23.6985 -0.774233 4.54197
605.493 588.357 -23.7287 -0.793764 4.58193
505.53 354.156 -23.7377 -1.01434 3.56945
359.869 474.113 -23.829 -0.897611 3.45907
414.134 462.688 -23.7933 -0.909268 3.49421
351.3 485.537 -23.8282 -0.887125 3.448
268.473 545.515 -23.797 -0.832087 3.22852
174.222 111.388 -23.833 -1.05598 3.16272
799.708 548.371 -23.1223 -0.873342 6.66789
791.14 562.652 -23.1546 -0.846441 6.75276
848.262 582.644 -23.0357 -0.768964 6.04789
576.932 514.098 -23.7562 -0.9166 4.33394
636.91 514.098 -23.6666 -0.938557 4.69153
294.178 194.215 -23.7738 -1.01407 3.1778
556.939 628.342 -23.7426 -0.747155 4.01807
511.242 656.903 -23.7551 -0.740117 3.73962
539.803 636.91 -23.744 -0.751876 3.82265
205.639 99.9635 -23.8141 -1.05924 3.15604
248.481 99.9635 -23.8023 -1.07089 3.17969
839.693 431.271 -22.9512 -1.35568 6.61333
345.588 179.934 -23.7796 -1.06243 3.27508
119.956 231.344 -23.8037 -0.959195 3.08127
168.51 254.193 -23.7991 -0.959502 3.10977
913.952 656.903 -23.1118 -0.637125 4.78221
391.286 374.149 -23.8123 -0.980583 3.47398
365.581 419.847 -23.7665 -0.911441 3.28918
237.056 174.222 -23.7853 -1.00615 3.13364
913.952 311.315 -23.1705 -1.24793 4.33791
488.393 262.761 -23.7433 -1.09126 3.52484
605.493 294.178 -23.849 -1.85254 6.19453
197.071 605.493 -23.7835 -0.807295 3.12883
299.89 382.717 -23.775 -0.919726 3.20475
277.042 408.422 -23.7717 -0.899239 3.16998
939.657 322.739 -23.162 -1.19821 4.23339
782.571 565.508 -23.1893 -0.8386 6.6965
351.3 519.81 -23.8323 -0.864707 3.45566
382.717 536.947 -23.8106 -0.84887 3.4723
291.322 285.61 -23.7768 -0.968187 3.19185
319.883 282.754 -23.7753 -0.979787 3.22671
294.178 351.3 -23.7803 -0.93676 3.21161
88.5391 274.186 -23.8081 -0.936702 3.07009
71.4025 476.969 -23.8069 -0.856567 3.06957
94.2513 511.242 -23.7927 -0.842885 3.06226
902.527 362.725 -23.1288 -1.22206 4.63179
873.966 436.983 -23.0642 -1.16853 5.31471
434.127 159.942 -23.9873 -1.51724 4.25404
596.925 234.2 -23.8235 -1.93547 5.78617
616.918 239.912 -23.802 -2.0394 6.15827
591.213 242.768 -23.8911 -2.01851 6.12339
485.537 662.615 -23.774 -0.736721 3.68825
291.322 94.2513 -23.7772 -1.07387 3.17894
74.2586 574.076 -23.8012 -0.820051 3.06658
82.8269 579.788 -23.7961 -0.817402 3.06519
956.793 654.047 -23.1494 -0.680944 4.32445
722.593 334.164 -23.3025 -2.31732 8.81679
539.803 151.373 -23.9146 -1.86536 4.9825
522.666 194.215 -23.9075 -1.63883 4.689
528.378 185.646 -23.9282 -1.73847 4.89492
450.385 94.471 -23.9869 -1.70089 4.3415
667.888 79.092 -23.5838 -1.86205 4.63898
731.601 74.698 -23.4418 -1.85368 4.60576
687.661 171.366 -23.5428 -1.94313 5.31684
645.918 612.963 -23.6619 -0.733467 4.76576
705.237 505.31 -23.4762 -1.1467 7.69183
843.648 454.779 -22.9895 -1.22689 6.22392
999.635 380.081 -23.1961 -1.03578 3.84957
711.828 566.826 -23.4754 -0.837984 6.62147
588.796 670.085 -23.7286 -0.675661 4.24065
621.751 652.509 -23.6932 -0.6785 4.55992
520.689 362.505 -23.7294 -1.01889 3.61835
553.644 421.824 -23.7266 -0.994551 3.83832
503.113 496.522 -23.7432 -0.890119 3.60598
123.032 465.764 -23.7863 -0.860824 3.06814
173.563 441.597 -23.7854 -0.874061 3.10258
171.366 498.719 -23.7808 -0.850338 3.09464
577.811 514.098 -23.724 -0.901176 4.0752
558.038 630.539 -23.7388 -0.745976 3.97231
533.871 672.282 -23.7524 -0.706095 3.8751
529.477 296.595 -23.7506 -1.1368 3.79666
470.158 397.657 -23.7601 -0.968372 3.54981
487.734 428.415 -23.7643 -0.957479 3.64208
997.438 520.689 -23.0838 -0.88578 4.28602
344.929 206.518 -23.7798 -1.04146 3.26607
544.856 540.462 -23.7484 -0.859013 3.91252
500.916 586.599 -23.7529 -0.807881 3.6534
544.856 580.008 -23.7375 -0.811784 3.83643
296.595 180.154 -23.7727 -1.0202 3.17977
327.353 160.381 -23.7896 -1.07129 3.25891
230.685 136.214 -23.804 -1.04231 3.16415
237.276 177.957 -23.794 -1.0144 3.15972
329.55 199.927 -23.7758 -1.0321 3.22972
775.541 478.946 -22.9705 -1.41982 9.17177
784.329 514.098 -23.1466 -1.0609 7.04049
790.92 562.432 -23.1854 -0.832222 6.51671
852.436 527.28 -23.003 -0.959159 6.08785
850.239 584.402 -23.0551 -0.76873 5.92865
953.498 571.22 -23.1776 -0.806424 4.20191
905.164 617.357 -23.1262 -0.708978 4.81189
913.952 654.706 -23.1429 -0.646946 4.66042
454.779 555.841 -23.7968 -0.836667 3.65338
476.749 564.629 -23.7623 -0.827389 3.58296
362.505 472.355 -23.8307 -0.900508 3.48143
402.051 478.946 -23.7983 -0.893482 3.47859
169.169 90.077 -23.8337 -1.06614 3.15938
443.794 355.914 -23.7991 -1.02262 3.60539
487.734 351.52 -23.7679 -1.03671 3.63604
397.657 402.051 -23.8022 -0.951577 3.46435
272.428 584.402 -23.7783 -0.813927 3.19413
450.385 261.443 -23.7573 -1.06588 3.44986
955.695 656.903 -23.1526 -0.67584 4.33494
371.293 623.948 -23.8596 -0.77694 3.5975
386.672 643.721 -23.8439 -0.760739 3.60012
406.445 650.312 -23.8237 -0.75466 3.58712
199.927 281.216 -23.7946 -0.95228 3.13043
254.852 344.929 -23.7807 -0.929319 3.16259
935.922 322.959 -23.1521 -1.20953 4.29438
424.021 623.948 -23.8175 -0.776102 3.62154
338.338 551.447 -23.7834 -0.833765 3.29983
410.839 564.629 -23.8093 -0.828214 3.56154
404.248 344.929 -23.8378 -1.03633 3.60748
902.967 364.702 -23.1324 -1.21129 4.63481
876.603 439.4 -23.0441 -1.16077 5.3832
329.55 281.216 -23.7666 -0.979903 3.22099
296.595 353.717 -23.7754 -0.933679 3.19956
303.186 322.959 -23.7781 -0.954609 3.21274
206.518 101.062 -23.8228 -1.06821 3.17378
426.218 147.199 -24.0774 -1.6627 4.48026
173.563 125.229 -23.8277 -1.04469 3.15447
76.895 465.764 -23.8039 -0.861034 3.06718
41.743 487.734 -23.8186 -0.852057 3.06737
248.261 467.961 -23.8046 -0.876271 3.21515
221.897 597.584 -23.7795 -0.809168 3.14367
742.586 355.914 -23.1275 -2.34979 9.59053
292.201 94.471 -23.7811 -1.07565 3.18864
298.792 371.293 -23.7765 -0.925171 3.20743
265.837 463.567 -23.809 -0.880078 3.25001
325.156 494.325 -23.8079 -0.870351 3.33429
643.721 311.974 -23.7367 -2.00416 7.02886
681.07 314.171 -23.5666 -2.19795 7.83203
650.312 243.867 -23.6671 -1.9596 5.99372
707.434 270.231 -23.4566 -2.0545 6.56479
525.083 193.336 -23.9564 -1.79704 5.06325
147.199 360.308 -23.7854 -0.903559 3.07653
116.441 608.569 -23.7872 -0.807513 3.0731
166.972 670.085 -23.8534 -0.771023 3.23761
766.753 188.942 -23.2975 -1.97191 5.55206
246.064 375.687 -23.7789 -0.911493 3.15184
147.199 316.368 -23.795 -0.925591 3.08989
171.366 320.762 -23.7929 -0.927383 3.10592
601.978 237.276 -23.8331 -1.94965 5.84755
593.19 243.867 -23.8821 -1.98278 6.04198
817.284 307.58 -22.7843 -2.2887 8.14791
854.633 331.747 -22.7511 -1.89842 7.10147
768.95 268.034 -23.2229 -1.97254 6.32352
971.074 96.668 -22.928 -1.8098 4.66048
854.633 215.306 -22.9699 -2.00682 5.84415
955.695 204.321 -22.6506 -1.98464 5.76802
101.062 641.524 -23.8726 -0.786885 3.20601
905.164 235.079 -22.7341 -2.0065 6.11927
900.77 268.034 -22.7197 -1.94962 6.31046
415.233 505.31 -23.7854 -0.873255 3.46903
439.4 518.492 -23.7776 -0.86637 3.51693
703.04 560.235 -23.5082 -0.859204 6.81321
628.342 628.342 -23.6893 -0.717612 4.60436
538.265 369.096 -23.7251 -1.02926 3.69001
555.841 364.702 -23.7356 -1.07601 3.88962
529.477 397.657 -23.7417 -1.008 3.7487
547.053 386.672 -23.7187 -1.01394 3.70797
489.931 445.991 -23.745 -0.931863 3.55928
492.128 474.552 -23.7502 -0.907487 3.58653
360.308 263.64 -23.7766 -1.01505 3.30182
916.149 529.477 -23.1046 -0.892406 4.75586
845.845 483.34 -23.0325 -1.10384 6.0106
830.466 509.704 -23.0538 -1.03239 6.2575
617.357 498.719 -23.6861 -0.94325 4.35953
606.372 503.113 -23.6587 -0.893118 3.78546
979.862 380.081 -23.1604 -1.07568 4.06754
665.86 77.74 -23.5847 -1.85355 4.61493
731.77 74.36 -23.4455 -1.86519 4.63359
961.61 473.2 -23.1245 -0.964129 4.29998
949.78 380.25 -23.1405 -1.1075 4.24615
954.85 424.19 -23.1374 -1.03877 4.26863
948.09 554.32 -23.1579 -0.835631 4.30466
949.78 605.02 -23.15 -0.755338 4.33991
937.95 381.94 -23.1602 -1.10639 4.25518
802.75 365.04 -22.5141 -2.55658 10.9752
657.41 594.88 -23.6479 -0.763206 5.27599
904.15 616.85 -23.1262 -0.708978 4.81189
875.42 579.67 -23.0461 -0.783079 5.53463
958.23 319.41 -23.132 -1.19983 4.21411
995.41 326.17 -23.1849 -1.11109 3.89286
956.54 202.8 -22.619 -2.02324 5.87058
735.15 121.68 -23.4182 -1.94942 5.03067
736.84 167.31 -23.3923 -1.96967 5.37374
777.4 189.28 -23.2648 -1.9411 5.46553
674.31 125.06 -23.5685 -1.88682 4.90158
677.69 125.06 -23.5683 -1.8891 4.91215
686.14 170.69 -23.5428 -1.94313 5.31684
642.2 309.27 -23.7592 -2.09515 7.3354
681.07 314.34 -23.5602 -2.22242 7.95435
768.95 267.02 -23.181 -2.10341 6.748
697.97 228.15 -23.4989 -2.00695 5.96062
934.57 324.48 -23.1495 -1.21165 4.30125
804.44 334.62 -22.7326 -2.3672 9.09495
902.46 234.91 -22.7495 -1.99527 6.07603
902.46 267.02 -22.7344 -1.92269 6.21017
851.76 214.63 -22.9668 -2.00512 5.89857
829.79 272.09 -22.8913 -2.1242 6.9227
461.37 469.82 -23.7711 -0.909641 3.56002
344.76 464.75 -23.8205 -0.899296 3.40656
422.5 387.01 -23.8109 -0.988946 3.5749
447.85 412.36 -23.7737 -0.95497 3.51974
334.62 398.84 -23.7741 -0.918416 3.25363
385.32 400.53 -23.8186 -0.959354 3.49649
397.15 402.22 -23.8022 -0.951577 3.46435
577.98 512.07 -23.7369 -0.910768 4.20274
490.1 474.89 -23.763 -0.914558 3.65784
523.9 493.48 -23.7368 -0.897983 3.69637
599.95 437.71 -23.7071 -1.03587 4.27839
483.34 669.24 -23.7561 -0.736603 3.60448
370.11 623.61 -23.8553 -0.776515 3.57993
334.62 655.72 -23.9104 -0.745704 3.65373
412.36 562.77 -23.8219 -0.830361 3.58992
473.2 576.29 -23.7617 -0.815724 3.56466
341.38 567.84 -23.7761 -0.822897 3.28225
387.01 537.42 -23.809 -0.849682 3.47519
588.12 669.24 -23.7306 -0.672297 4.26913
507 686.14 -23.7658 -0.700453 3.76513
605.02 557.7 -23.7204 -0.850343 4.51986
544.18 581.36 -23.735 -0.809094 3.82464
140.27 513.76 -23.7793 -0.841919 3.07088
70.98 476.58 -23.8059 -0.856433 3.068
40.56 488.41 -23.8266 -0.853325 3.081
174.07 441.09 -23.7816 -0.872842 3.09674
96.33 422.5 -23.8506 -0.891378 3.1518
267.02 461.37 -23.8092 -0.882515 3.25247
234.91 463.06 -23.8003 -0.875048 3.18883
189.28 361.66 -23.7918 -0.911174 3.12267
245.05 375.18 -23.7823 -0.912929 3.15584
128.44 635.44 -23.8703 -0.789341 3.22729
167.31 669.24 -23.8555 -0.770755 3.24311
42.25 682.76 -23.8809 -0.769751 3.17395
175.76 544.18 -23.7823 -0.83196 3.10538
59.15 559.39 -23.8056 -0.825856 3.06489
180.83 679.38 -23.856 -0.763249 3.25705
250.12 686.14 -23.8436 -0.752644 3.31767
268.71 550.94 -23.7988 -0.832295 3.23269
273.78 584.74 -23.7815 -0.814271 3.20366
229.84 562.77 -23.8062 -0.825969 3.20481
218.01 608.4 -23.7803 -0.804453 3.14292
219.7 608.4 -23.778 -0.804653 3.13709
356.59 131.82 -23.764 -1.07757 3.23838
481.65 55.77 -23.9405 -1.81183 4.41111
397.15 89.57 -23.9858 -1.53119 4.01847
540.8 150.41 -23.9079 -1.86275 4.96295
488.41 70.98 -23.9459 -1.82395 4.48254
478.27 346.45 -23.7627 -1.02883 3.58989
380.25 290.68 -23.772 -1.00433 3.32904
363.35 336.31 -23.8017 -0.988532 3.38375
373.49 270.4 -23.7628 -1.00532 3.28355
628.68 341.38 -23.7953 -1.78337 6.71923
528.97 295.75 -23.7455 -1.13096 3.77655
593.19 245.05 -23.8821 -1.98278 6.04198
150.41 123.37 -23.8421 -1.04683 3.15725
278.85 113.23 -23.7737 -1.04812 3.15406
317.72 170.69 -23.7888 -1.05934 3.24754
290.68 92.95 -23.7761 -1.07049 3.17396
172.38 300.82 -23.7951 -0.937086 3.10917
87.88 229.84 -23.8079 -0.954399 3.06451
312.65 223.08 -23.7779 -1.01288 3.21671
321.1 275.47 -23.7654 -0.975529 3.19984
228.15 233.22 -23.7818 -0.973906 3.12836
228.15 250.12 -23.7839 -0.968294 3.13349
642.2 507 -23.6722 -0.96484 4.99547
662.48 518.83 -23.6436 -0.981097 5.62715
699.66 534.04 -23.5063 -0.968733 6.71366
415.74 507 -23.7834 -0.87195 3.46398
432.64 513.76 -23.7708 -0.865493 3.46936
501.93 354.9 -23.735 -1.01498 3.56246
508.69 358.28 -23.7342 -1.01569 3.57873
513.76 295.75 -23.7486 -1.11045 3.70853
850.07 527.28 -22.996 -0.966928 6.1859
833.17 562.77 -22.9968 -0.837136 6.63673
853.45 566.15 -22.9814 -0.830168 6.31332
498.55 556.01 -23.7435 -0.833038 3.60046
545.87 387.01 -23.7545 -1.05749 3.96276
343.07 517.14 -23.8175 -0.859997 3.3997
353.21 520.52 -23.8257 -0.859955 3.44883
605.02 500.24 -23.7022 -0.933205 4.27343
610.09 525.59 -23.7012 -0.896411 4.36884
390.39 628.68 -23.8337 -0.775765 3.57954
219.7 119.99 -23.8084 -1.04937 3.16123
605.02 588.12 -23.7224 -0.790946 4.49624
616.85 599.95 -23.6965 -0.773789 4.47167
584.74 375.18 -23.7151 -1.10463 4.10868
802.75 468.13 -22.8105 -1.46724 8.99611
390.39 190.97 -23.7753 -1.086 3.34796
209.56 121.68 -23.8133 -1.04883 3.16117
779.09 539.11 -23.164 -0.944203 6.99957
775.71 550.94 -23.1711 -0.903133 7.16667
520.52 363.35 -23.7341 -1.0245 3.65371
496.86 393.77 -23.759 -0.996296 3.66048
476.58 545.87 -23.7609 -0.842893 3.57275
456.3 556.01 -23.7821 -0.835496 3.59388
424.19 623.61 -23.8197 -0.774133 3.62353
437.71 625.3 -23.8153 -0.771883 3.66445
432.64 648.96 -23.814 -0.75145 3.64193
147.03 488.41 -23.7831 -0.852601 3.0816
768.95 508.69 -23.1532 -1.13306 7.76461
775.71 508.69 -23.1054 -1.12528 7.73296
594.88 446.16 -23.732 -1.03229 4.3825
554.32 486.72 -23.7445 -0.930499 3.97423
425.88 454.61 -23.7737 -0.910748 3.45286
432.64 461.37 -23.7731 -0.905708 3.47547
446.16 473.2 -23.7807 -0.903793 3.54411
312.65 638.82 -23.9062 -0.764968 3.57916
169 466.44 -23.7808 -0.863508 3.09062
943.02 457.99 -23.1038 -1.00902 4.48227
638.82 407.29 -23.6619 -1.1572 4.69869
534.04 672.62 -23.7548 -0.704872 3.89343
380.9 63.7 -23.9945 -1.54539 3.97124
968.5 520 -23.1234 -0.887009 4.29476
977.6 622.7 -23.1197 -0.728064 4.30103
750.1 484.9 -23.1655 -1.34529 8.82047
780 365.3 -22.7402 -2.51482 10.7491
887.9 422.5 -23.0598 -1.17562 5.15458
718.9 553.8 -23.4253 -0.892285 7.1863
946.4 661.7 -23.1683 -0.669125 4.3238
958.1 202.8 -22.635 -1.99582 5.79165
737.1 120.9 -23.4216 -1.90768 4.94047
737.1 167.7 -23.3923 -1.96967 5.37374
764.4 189.8 -23.2975 -1.97191 5.55206
734.5 72.8 -23.4413 -1.85593 4.60967
685.1 74.1 -23.5461 -1.82255 4.5407
893.1 113.1 -23.0414 -1.8909 4.89909
900.9 93.6 -23.0604 -1.85338 4.71803
826.8 31.2 -23.2801 -1.81135 4.37343
741 302.9 -23.2266 -2.26103 7.86413
786.5 287.3 -23.0665 -2.1282 7.17678
768.3 196.3 -23.28 -1.97336 5.61068
769.6 266.5 -23.1704 -2.12367 6.80974
698.1 227.5 -23.5023 -1.99407 5.91793
705.9 267.8 -23.4535 -2.11524 6.75824
877.5 305.5 -22.4601 -2.2483 7.97811
815.1 309.4 -22.7923 -2.28911 8.15855
806 334.1 -22.7072 -2.42789 9.34517
852.8 215.8 -22.9668 -2.00512 5.89857
829.4 273 -22.8901 -2.12511 6.94138
370.5 423.8 -23.7504 -0.902933 3.25206
555.1 487.5 -23.7376 -0.925871 3.93248
556.4 423.8 -23.7213 -0.99174 3.8297
483.6 669.5 -23.7558 -0.735831 3.59678
347.1 650 -23.8783 -0.753878 3.5909
442 574.6 -23.8009 -0.820491 3.61846
341.9 552.5 -23.7705 -0.832458 3.26356
627.9 631.8 -23.6877 -0.709804 4.59493
587.6 670.8 -23.7251 -0.674318 4.214
583.7 611 -23.7292 -0.763667 4.21387
122.2 464.1 -23.7869 -0.861098 3.06903
109.2 501.8 -23.7898 -0.84663 3.06784
94.9 513.5 -23.7968 -0.842752 3.07077
97.5 422.5 -23.8517 -0.891213 3.15319
271.7 495.3 -23.8107 -0.866124 3.26189
185.9 491.4 -23.7805 -0.853963 3.10644
288.6 414.7 -23.7686 -0.89719 3.17943
101.4 640.9 -23.8814 -0.786886 3.22273
174.2 650 -23.8534 -0.780032 3.24343
152.1 540.8 -23.7815 -0.832735 3.08527
58.5 559 -23.8069 -0.825776 3.06638
326.3 629.2 -23.9054 -0.7721 3.61539
267.8 551.2 -23.7999 -0.831803 3.23459
288.6 590.2 -23.7785 -0.812121 3.21392
219.7 608.4 -23.7836 -0.805095 3.15096
481 58.5 -23.9305 -1.76848 4.35088
542.1 149.5 -23.9079 -1.86275 4.96295
443.3 358.8 -23.791 -1.01355 3.56858
479.7 345.8 -23.7715 -1.03711 3.62718
449.8 193.7 -23.9793 -1.49021 4.32615
626.6 293.8 -23.8068 -2.02979 6.8494
629.2 340.6 -23.7764 -1.722 6.46244
630.5 198.9 -23.7295 -2.0302 5.70383
594.1 245.7 -23.8632 -1.92552 5.8724
622.7 241.8 -23.7644 -1.94756 5.90224
503.1 213.2 -23.9589 -1.61984 4.75715
490.1 265.2 -23.7578 -1.11448 3.61474
66.3 40.3 -23.8519 -1.06134 3.09953
278.2 111.8 -23.7765 -1.05078 3.1608
289.9 92.3 -23.7722 -1.06529 3.1631
208 101.4 -23.8323 -1.0774 3.19428
53.3 293.8 -23.8045 -0.921957 3.04426
91 278.2 -23.8023 -0.9331 3.06207
127.4 265.2 -23.7998 -0.944369 3.08048
58.5 219.7 -23.8101 -0.952988 3.04894
262.6 276.9 -23.7811 -0.965337 3.16799
289.9 196.3 -23.7747 -1.01209 3.17933
276.9 263.9 -23.7763 -0.974727 3.17123
228.8 250.9 -23.7872 -0.970584 3.14107
499.2 559 -23.7559 -0.834441 3.66708
520 552.5 -23.7466 -0.840811 3.72728
803.4 503.1 -22.9852 -1.14397 7.61883
622.7 382.2 -23.7019 -1.22164 4.752
538.2 569.4 -23.7395 -0.822432 3.79789
652.6 453.7 -23.6646 -1.1379 5.36265
651.3 473.2 -23.6553 -1.0682 5.17548
852.8 566.8 -23.0255 -0.823923 6.00938
601.9 613.6 -23.7088 -0.756504 4.27539
622.7 601.9 -23.6947 -0.766369 4.56771
488.8 429 -23.7523 -0.950221 3.59132
521.3 427.7 -23.7571 -0.983323 3.79901
491.4 466.7 -23.7586 -0.920946 3.63927
538.2 370.5 -23.7314 -1.03681 3.74589
510.9 668.2 -23.7718 -0.716591 3.81749
345.8 252.2 -23.7733 -1.00885 3.26077
351 240.5 -23.7735 -1.02072 3.26818
360.1 262.6 -23.7678 -1.00585 3.26988
343.2 517.4 -23.8109 -0.858898 3.37887
539.5 631.8 -23.7407 -0.755006 3.82973
530.4 639.6 -23.7481 -0.748782 3.79784
425.1 624 -23.8371 -0.769149 3.70142
427.7 614.9 -23.8165 -0.783156 3.63306
417.3 651.3 -23.8198 -0.751489 3.60642
432.9 648.7 -23.826 -0.747638 3.69077
655.2 565.5 -23.6535 -0.835652 5.21774
404.3 651.3 -23.8259 -0.753408 3.58774
357.5 222.3 -23.7749 -1.03687 3.28204
770.9 508.3 -23.1509 -1.11163 7.49268
777.4 523.9 -23.1607 -1.02439 7.18221
638.3 447.2 -23.6684 -1.08046 4.73502
534.3 673.4 -23.7518 -0.705553 3.86158
559 676 -23.7369 -0.692046 3.97189
523.9 687.7 -23.7495 -0.701034 3.77733
604.5 542.1 -23.7143 -0.869229 4.38405
490.1 392.6 -23.755 -0.986767 3.60396
328.9 159.9 -23.7914 -1.07604 3.27255
195 663 -23.8536 -0.771712 3.26824
847.6 455 -22.9861 -1.22321 6.20364
585 445.9 -23.7369 -1.02128 4.28727
456.3 401.7 -23.7716 -0.967544 3.54526
413.4 534.3 -23.7804 -0.849633 3.448
445.9 536.9 -23.7685 -0.849129 3.50279
438.1 560.3 -23.7961 -0.831529 3.58756
956.8 423.8 -23.1292 -1.04224 4.29192
980.2 425.1 -23.0926 -1.03989 4.28957
876.2 581.1 -23.0553 -0.78142 5.46399
611 422.5 -23.6973 -1.07176 4.34899
477.1 546 -23.7616 -0.843393 3.5866
942.5 458.9 -23.1673 -0.982409 4.24624
917.8 581.1 -23.1156 -0.789432 4.70431
231.4 133.9 -23.805 -1.04552 3.16945
349.7 117 -23.777 -1.10038 3.26331
943.8 503.1 -23.1342 -0.922586 4.39233
945.1 520 -23.1477 -0.890016 4.33494
292.5 286 -23.7757 -0.966695 3.19013
227.5 484.9 -23.8027 -0.864303 3.18861
243.1 474.5 -23.799 -0.870319 3.19645
76.7 266.5 -23.8022 -0.934816 3.05264
845 416 -22.9726 -1.37703 6.32459
842.4 435.5 -23.0073 -1.28389 6.14343
892 114 -23.0414 -1.8909 4.89909
957 695 -23.1519 -0.615663 4.33738
719 554 -23.4253 -0.892285 7.1863
689 577 -23.565 -0.801522 5.91505
940 674 -23.1598 -0.642588 4.408
849 586 -23.0458 -0.765334 5.98748
675 126 -23.5708 -1.89811 4.92917
771 19 -23.3865 -1.81713 4.32853
783 274 -23.0878 -2.17167 7.08591
666 289 -23.6336 -2.08042 6.94363
780 189 -23.2592 -1.94402 5.47318
740 244 -23.3222 -2.11341 6.47406
771 267 -23.1747 -2.09399 6.70942
691 198 -23.5276 -1.95985 5.56029
894 348 -23.141 -1.25479 4.64618
399 405 -23.8079 -0.95578 3.48963
483 620 -23.801 -0.769368 3.80949
96 514 -23.795 -0.842243 3.06843
67 420 -23.8504 -0.888732 3.12827
111 592 -23.7974 -0.813448 3.08758
459 22 -24.0021 -1.90042 4.43352
482 60 -23.9167 -1.73251 4.2837
383 66 -23.981 -1.52316 3.92841
521 116 -23.9836 -2.01563 5.07263
652 474 -23.659 -1.07164 5.22705
810 491 -22.9478 -1.2035 7.61549
650 530 -23.6592 -0.918402 5.07169
495 335 -23.7516 -1.04317 3.6085
623 518 -23.688 -0.917381 4.51452
640 537 -23.6807 -0.898788 4.97052
646 571 -23.6785 -0.825341 5.17892
587 418 -23.7246 -1.06113 4.22334
615 601 -23.7018 -0.7715 4.48237
623 601 -23.6947 -0.766369 4.56771
939 414 -23.1559 -1.06056 4.29394
953 381 -23.1323 -1.11377 4.28164
554 622 -23.7356 -0.761695 3.90822
373 644 -23.8571 -0.758723 3.60006
996 571 -23.0843 -0.806828 4.30143
948 302 -23.1331 -1.24086 4.26537
587 355 -23.7271 -1.17107 4.25487
418 460 -23.7797 -0.906644 3.45236
957 424 -23.1312 -1.04158 4.28253
789 563 -23.1582 -0.846975 6.74547
195 664 -23.8596 -0.769954 3.2809
391 372 -23.8048 -0.977959 3.45894
374 397 -23.8116 -0.95504 3.43902
948 473 -23.1531 -0.958606 4.27456
540 698 -23.7533 -0.67449 3.90605
449 553 -23.7954 -0.840539 3.62958
479 557 -23.7717 -0.835499 3.64523
641 580 -23.6692 -0.802754 4.7876
670 582 -23.6201 -0.791519 5.40608
572 395 -23.7115 -1.03881 3.90732
890 489 -23.0653 -1.00788 5.13195
416 566 -23.8232 -0.828247 3.61319
956 573 -23.1462 -0.806665 4.30857
974 571 -23.1099 -0.808379 4.3353
465 663 -23.7746 -0.741528 3.60419
459 686 -23.7991 -0.712852 3.68631
877 582 -23.0677 -0.781206 5.39048
327 281 -23.775 -0.984403 3.23721
228 135 -23.8013 -1.03993 3.15804
845 483 -22.9911 -1.12534 6.26918
587 632 -23.7243 -0.732629 4.18046
620 656 -23.6986 -0.67277 4.51551
577 596 -23.7339 -0.787987 4.1558
502 630 -23.7607 -0.76252 3.71024
930 382 -23.1617 -1.11661 4.31165
586 568 -23.7274 -0.825591 4.20433
981 500 -23.1006 -0.919153 4.29184
975 520 -23.1112 -0.887077 4.29847
798 555 -23.1091 -0.877113 6.8057
612 274 -23.8254 -1.92029 6.18349
345 291 -23.7726 -0.9851 3.26059
312 223 -23.7935 -1.02707 3.25651
652 243 -23.659 -1.92662 5.87459
580 512 -23.7364 -0.911722 4.20886
582 527 -23.7325 -0.888498 4.2086
273 583 -23.7779 -0.815745 3.1922
