907 493 4.18637 0.527838 18.9678
826 366 4.09944 0.2108 19.8997
903 539 4.15427 0.6315 18.8703
144 54 2.01887 -0.665248 19.1757
922 486 4.21339 0.503035 18.9287
860 514 4.08926 0.612472 19.1229
846 511 4.0632 0.618207 19.1929
1204 443 4.57451 0.336284 18.3507
999 190 4.45496 -0.27381 19.1535
1014 166 4.44586 -0.305291 19.0039
845 572 4.04411 0.756957 19.0683
82 365 2.00453 0.239925 18.9576
127 486 1.87401 0.623514 19.3474
1105 285 4.50553 0.034492 18.6005
1045 163 4.53335 -0.322428 19.0342
135 386 1.92081 0.305575 19.2944
951 194 4.41352 -0.330625 19.4735
954 290 4.35145 -0.0029474 19.1875
917 311 4.302 0.0424791 19.4082
896 296 4.26981 -0.0122771 19.5526
636 107 3.14437 -1.55789 22.8411
451 166 1.42815 -1.46176 24.2265
19 427 2.08879 0.384954 18.6384
1074 176 4.5396 -0.248941 18.853
909 605 4.13224 0.739589 18.6968
883 645 4.08875 0.849132 18.7488
990 608 4.24992 0.692525 18.5039
1050 418 4.41462 0.318364 18.6499
76.8 388.8 1.99403 0.304038 18.9522
124.8 271.2 1.97097 -0.0351561 19.1743
140.4 276 1.96098 -0.0341581 19.2557
510 238.8 1.07928 -1.34866 28.0507
128.4 486 1.87683 0.622771 19.3473
102 486 1.90159 0.602295 19.191
1040.4 178.8 4.51151 -0.278018 19.0061
1059.6 164.4 4.55021 -0.305408 18.9781
1094.4 314.4 4.47512 0.0930897 18.5886
1082.4 304.8 4.47831 0.0707901 18.6567
344.4 220.8 1.34779 -0.673297 22.2041
822 464.4 4.04585 0.532266 19.5899
884.4 344.4 4.22059 0.145449 19.4847
927.6 322.8 4.30399 0.0834843 19.2863
109.2 381.6 1.92171 0.291963 19.1899
901.2 412.8 4.23338 0.333654 19.2712
897.6 85.2 4.34669 -0.811341 19.9653
111.6 572.4 1.82377 0.897606 19.3497
1012.8 260.4 4.43011 -0.0578596 18.938
860.4 487.2 4.10537 0.549549 19.204
837.6 445.2 4.09045 0.465031 19.5417
825.6 506.4 4.03079 0.628749 19.3364
896.4 296.4 4.26981 -0.0122771 19.5526
938.4 219.6 4.37634 -0.245266 19.4756
915.6 194.4 4.35268 -0.363442 19.688
937.2 261.6 4.34461 -0.0994551 19.3676
973.2 273.6 4.38564 -0.0464392 19.1398
981.6 238.8 4.41589 -0.147281 19.1736
952.8 246 4.36916 -0.135104 19.2817
295.2 296.4 1.65873 -0.0895065 20.902
982.8 216 4.43648 -0.210809 19.2224
967.2 198 4.41595 -0.28343 19.3199
1051.2 273.6 4.45661 -0.00828011 18.7728
1040.4 262.8 4.44844 -0.0370761 18.8106
1047.6 237.6 4.48004 -0.105419 18.866
752.4 258 3.91545 -0.409662 21.9274
940.8 307.2 4.32803 0.0420764 19.2379
925.2 309.6 4.3024 0.0410211 19.317
840 294 4.16123 -0.0607425 20.0503
380.4 279.6 0.659504 -0.507754 24.6958
46.8 272.4 1.90123 -0.00728224 18.9598
62.4 274.8 1.90912 -0.00501288 19.0002
130.8 170.4 1.98773 -0.329454 19.1702
390 219.6 0.703877 -1.07684 24.7766
469.2 241.2 0.387049 -1.37586 28.6559
364.8 187.2 1.27584 -0.981008 22.6854
81.6 541.2 1.82112 0.769326 19.218
404.4 568.8 2.09018 1.33397 21.3042
669.6 291.6 3.36911 -0.313096 23.2988
858 90 4.22311 -0.841009 20.0949
715.2 133.2 3.68887 -1.20428 22.1462
640.8 109.2 3.15435 -1.63022 23.175
1022.4 225.6 4.45905 -0.152402 18.978
1070.4 230.4 4.50236 -0.112452 18.7824
1022.4 328.8 4.401 0.114322 18.7946
1198.8 102 4.53339 -0.265762 18.306
1162.8 124.8 4.50834 -0.246653 18.3837
1256.4 111.6 4.52402 -0.194634 18.1179
1011.6 140.4 4.41938 -0.349361 18.9413
1054.8 136.8 4.56025 -0.390627 19.0279
832.8 608.4 4.01311 0.851486 19.0483
934.8 577.2 4.18706 0.676698 18.6963
940.8 561.6 4.19489 0.63694 18.67
885.6 554.4 4.12519 0.683444 18.9278
927.6 669.6 4.14729 0.845247 18.5827
895.2 510 4.15647 0.576944 18.9789
927.6 470.4 4.22513 0.468584 18.9366
878.4 458.4 4.16477 0.473255 19.2673
1117.2 598.8 4.48107 0.658572 18.4669
1132.8 568.8 4.4953 0.59225 18.4411
1012.8 590.4 4.29852 0.662025 18.5321
972 556.8 4.23327 0.606895 18.5848
1233.6 438 4.62568 0.332851 18.3455
1243.2 517.2 4.63045 0.470042 18.3224
1185.6 516 4.52776 0.4689 18.3113
988.8 406.8 4.34504 0.30265 18.8463
1080 422.4 4.43544 0.318799 18.549
1099.2 376.8 4.48382 0.223846 18.5833
975.6 480 4.2884 0.465189 18.7422
937.44 220.32 4.37506 -0.238691 19.4848
914.4 224.64 4.35427 -0.262854 19.6883
992.16 270.72 4.40358 -0.0416288 19.0251
79.2 388.8 1.99608 0.302832 18.9518
72 374.4 2.02981 0.262991 18.8873
103.68 136.8 2.09582 -0.363036 18.8952
106.56 280.8 1.98035 0.00248858 19.0837
231.84 328.32 1.88719 0.102234 19.8971
365.76 416.16 0.992765 0.6777 23.5074
624.96 414.72 3.04092 0.60236 23.3883
1081.44 303.84 4.48417 0.0657212 18.6677
1098.72 280.8 4.50281 0.0210225 18.6244
1051.2 305.28 4.44979 0.0658613 18.7305
1033.92 303.84 4.43173 0.0581871 18.8137
901.44 408.96 4.23363 0.332991 19.2828
269.28 276.48 1.68739 -0.152883 20.562
80.64 138.24 2.09155 -0.33741 18.8215
77.76 126.72 2.09106 -0.366907 18.8066
205.92 519.84 1.6329 0.891518 20.2027
974.88 277.92 4.38582 -0.0315826 19.1261
954.72 289.44 4.35254 -0.00591975 19.1873
950.4 263.52 4.36122 -0.0883158 19.2728
951.84 246.24 4.3718 -0.140627 19.3029
227.52 289.44 2.16747 0.00918514 19.3814
977.76 352.8 4.34742 0.171348 18.9494
959.04 345.6 4.32834 0.154198 19.055
645.12 414.72 3.28754 0.547288 22.3296
825.12 505.44 4.03102 0.625589 19.3449
828 440.64 4.06938 0.456784 19.5756
1049.76 210.24 4.49143 -0.17114 18.8693
198.72 401.76 1.78554 0.391462 19.8759
1055.52 182.88 4.52295 -0.249776 18.922
1041.12 178.56 4.51489 -0.278664 19.0066
982.08 216 4.43957 -0.213557 19.2367
970.56 204.48 4.42258 -0.265113 19.285
966.24 198.72 4.41016 -0.276601 19.2879
751.68 257.76 3.91559 -0.400115 21.8544
305.28 264.96 1.80206 -0.222316 20.7019
383.04 300.96 0.832176 -0.285103 24.2684
722.88 280.8 3.75514 -0.263896 21.927
1039.68 263.52 4.44943 -0.0360999 18.8305
61.92 275.04 1.90771 -0.00814079 19.0021
46.08 272.16 1.90122 -0.00786719 18.9598
129.6 169.92 1.99355 -0.3275 19.1571
612 194.4 0.304346 -5.25711 46.0475
390.24 220.32 0.665884 -1.09834 24.8765
478.08 234.72 0.623431 -1.42241 28.2019
410.4 269.28 0.206902 -0.831596 26.8096
564.48 184.32 2.3187 -1.42179 24.8167
413.28 156.96 0.992351 -1.60447 24.5699
283.68 624.96 2.08697 1.23425 19.9667
110.88 573.12 1.82446 0.898944 19.3497
133.92 384.48 1.92121 0.302337 19.297
164.16 452.16 1.72887 0.564898 19.7705
336.96 561.6 1.80635 1.26228 21.1469
622.08 396 3.04435 0.475575 23.2562
934.56 348.48 4.29902 0.158746 19.1646
668.16 241.92 3.36049 -0.675023 23.2117
796.32 97.92 4.0575 -1.0073 20.7837
946.08 48.96 4.54196 -0.978274 20.059
815.04 139.68 4.14745 -0.825335 20.8108
912.96 182.88 4.34469 -0.400172 19.6794
705.6 190.08 3.63913 -1.02081 22.9896
673.92 181.44 3.41804 -1.0645 22.885
715.68 131.04 3.7042 -1.07869 21.5717
1163.52 192.96 4.54051 -0.130836 18.4293
1103.04 283.68 4.50583 0.0337778 18.6038
1068.48 269.28 4.47583 -0.0135057 18.7256
1154.88 83.52 4.52141 -0.335351 18.4279
1200.96 102.24 4.53616 -0.267044 18.308
1143.36 128.16 4.49082 -0.249982 18.4152
1104.48 119.52 4.60839 -0.387651 18.8605
976.32 149.76 4.47252 -0.449857 19.4184
842.4 570.24 4.04408 0.754776 19.0635
907.2 603.36 4.13261 0.735629 18.6918
885.6 554.4 4.12497 0.683145 18.9398
927.36 669.6 4.14697 0.848282 18.5831
884.16 645.12 4.09077 0.850609 18.7489
856.8 394.56 4.15265 0.313344 19.5949
859.68 486.72 4.10932 0.549169 19.2111
836.64 444.96 4.09205 0.463978 19.5612
927.36 470.88 4.22729 0.468555 18.9367
1117.44 599.04 4.48255 0.658916 18.4776
1146.24 613.44 4.49527 0.660903 18.3923
1012.32 590.4 4.29904 0.661626 18.5324
977.76 528.48 4.26335 0.560567 18.6471
1026.72 597.6 4.29359 0.649362 18.423
989.28 672.48 4.22118 0.7894 18.4058
1176.48 360 4.62164 0.187671 18.5451
1232.64 437.76 4.62447 0.332868 18.3454
1245.6 501.12 4.63284 0.438693 18.3158
989.28 407.52 4.34642 0.302938 18.8419
973.44 413.28 4.319 0.320228 18.8654
1046.88 436.32 4.38717 0.349933 18.5903
995.04 488.16 4.31586 0.481575 18.7054
1000.8 453.6 4.34511 0.407611 18.7516
976.32 479.52 4.28869 0.46679 18.7473
1028.16 462.24 4.36722 0.414184 18.6498
699.84 255.744 3.58853 -0.569302 23.2082
241.92 433.728 1.5609 0.574432 20.6151
240.192 402.624 1.44235 0.438209 20.8201
228.096 402.624 1.65364 0.410034 20.3151
219.456 494.208 1.5838 0.818816 20.3943
157.248 542.592 1.71943 0.888537 19.7536
262.656 438.912 1.51097 0.60759 20.8989
946.944 273.024 4.35168 -0.0567737 19.2671
981.504 238.464 4.41687 -0.142202 19.1726
686.016 378.432 3.54272 0.308289 22.0206
889.92 402.624 4.2169 0.316568 19.3634
974.592 279.936 4.38684 -0.0274557 19.1266
791.424 476.928 3.92217 0.525974 19.1645
1059.26 281.664 4.46451 0.0147749 18.7608
941.76 305.856 4.3303 0.0375091 19.2431
1052.35 269.568 4.4586 -0.0191209 18.7717
1038.53 264.384 4.4489 -0.0401143 18.8154
829.44 440.64 4.07172 0.459552 19.5885
883.008 255.744 4.27056 -0.17065 19.7804
400.896 312.768 0.686273 -0.246449 25.1088
383.616 302.4 0.661891 -0.303386 24.7718
399.168 286.848 0.518252 -0.524958 25.5568
730.944 266.112 3.79439 -0.349279 21.799
744.768 300.672 3.86059 -0.111618 21.3258
319.68 388.8 1.16631 0.413365 22.2948
373.248 387.072 0.776754 0.464604 24.2274
684.288 300.672 3.52534 -0.188136 22.2961
293.76 293.76 1.69352 -0.0875309 20.8244
74.304 276.48 1.87264 -0.0180427 19.1053
58.752 274.752 1.90771 -0.0112355 18.9968
305.856 172.8 1.55763 -0.766599 21.2153
32.832 152.064 2.38071 -0.178881 18.3025
342.144 254.016 1.17121 -0.495403 22.6077
345.6 221.184 1.13919 -0.735084 22.7395
471.744 241.92 0.422563 -1.36674 28.5517
497.664 60.48 2.07673 -2.033 23.2209
601.344 100.224 2.84293 -1.71322 23.2368
497.664 138.24 1.54976 -2.00617 25.4327
565.056 184.896 2.29621 -1.44891 25.0045
412.992 51.84 1.93073 -1.59549 21.7621
482.112 190.08 0.678309 -2.00827 28.1658
283.392 625.536 2.11442 1.2198 19.9059
84.672 584.064 1.84042 0.897019 19.212
55.296 556.416 1.87921 0.766875 19.0398
112.32 571.968 1.82526 0.898125 19.3498
200.448 480.384 1.72396 0.695903 20.0012
297.216 499.392 1.40119 1.01361 21.4899
264.384 487.296 1.60826 0.832529 20.7039
50.112 390.528 2.01966 0.306125 18.8235
174.528 494.208 1.84042 0.694079 19.6427
594.432 432 2.61816 0.872447 24.8337
366.336 451.008 0.72948 1.02828 24.2231
877.824 160.704 4.3211 -0.58558 20.1948
698.112 183.168 3.57083 -1.17815 23.5851
755.136 164.16 3.92797 -1.00458 22.1004
717.12 129.6 3.69224 -1.20719 22.094
1244.16 229.824 4.54687 -0.0188558 18.1857
1221.7 350.784 4.50631 0.173205 18.173
1067.9 269.568 4.47572 -0.0152451 18.7254
1069.63 229.824 4.50757 -0.113768 18.7844
991.872 311.04 4.37759 0.0655791 18.9508
1088.64 328.32 4.47052 0.123147 18.5983
1128.38 32.832 4.66249 -0.598036 18.8612
1200.96 101.952 4.53452 -0.266634 18.3064
1104.19 120.96 4.60994 -0.387672 18.8606
1016.06 165.888 4.44921 -0.308151 19.0044
978.048 190.08 4.44547 -0.302566 19.3085
1073.09 174.528 4.55266 -0.267197 18.9129
1055.81 181.44 4.52472 -0.248648 18.9248
846.72 587.52 4.04347 0.780022 18.992
803.52 585.792 3.96438 0.868386 19.3603
884.736 646.272 4.09074 0.85174 18.7487
673.92 584.064 3.54379 1.18565 20.6307
648 549.504 3.43415 0.999369 20.425
938.304 407.808 4.28006 0.313954 19.0523
858.816 485.568 4.10533 0.548877 19.2238
824.256 504.576 4.0294 0.626877 19.3584
1118.02 599.616 4.48301 0.658549 18.4761
1157.76 551.232 4.50488 0.542613 18.3635
1142.21 611.712 4.4963 0.660348 18.3918
990.144 606.528 4.24977 0.69107 18.5034
988.416 672.192 4.22789 0.798402 18.4372
995.328 618.624 4.25602 0.711355 18.5064
1130.11 485.568 4.50185 0.435359 18.4695
974.592 412.992 4.32088 0.320947 18.8631
969.408 369.792 4.33501 0.214787 18.9879
1080 423.36 4.43365 0.320193 18.5491
1047.17 435.456 4.38896 0.348612 18.5871
955.584 518.4 4.2473 0.554285 18.7543
976.32 478.656 4.2908 0.461964 18.7542
895.795 311.04 4.26839 0.0409205 19.5197
157.594 541.21 1.72508 0.880439 19.75
284.083 252.979 1.64113 -0.290077 20.8162
292.378 441.677 1.34092 0.70115 21.5749
933.12 300.672 4.319 0.023204 19.2921
731.981 306.893 3.80096 -0.0990895 21.6675
721.613 279.936 3.76025 -0.261328 21.8607
734.055 331.776 3.80945 0.045349 21.2745
304.819 263.347 1.72521 -0.245301 20.8709
292.378 294.451 1.73249 -0.085414 20.7398
74.6496 275.789 1.87676 -0.0228708 19.0993
228.096 78.7968 1.81554 -0.871228 19.9976
325.555 122.342 1.1703 -1.32269 22.3384
161.741 72.576 2.05294 -0.63265 19.1969
78.7968 128.563 2.0893 -0.36336 18.811
163.814 165.888 1.94432 -0.394285 19.3845
508.032 217.728 0.872623 -1.7056 28.7815
377.395 209.434 1.05563 -0.955178 23.5636
379.469 282.01 0.848873 -0.449736 24.1285
601.344 101.606 2.88715 -1.63294 22.9299
595.123 103.68 2.94329 -1.42165 22.1922
412.646 51.84 1.9824 -1.55134 21.6144
350.438 161.741 1.30112 -1.07711 22.4066
244.685 534.989 1.40481 1.09872 20.9382
329.702 630.375 2.25499 1.25387 19.982
292.378 605.491 2.05328 1.21162 20.1296
85.0176 582.682 1.82356 0.903031 19.2381
47.6928 599.271 1.87754 0.892301 19.0097
55.9872 555.725 1.87523 0.776472 19.048
39.3984 613.786 1.86861 0.931397 19.0005
238.464 402.278 1.66667 0.416265 20.3702
304.819 414.72 1.31983 0.556722 21.7747
232.243 466.56 1.72386 0.675553 20.2241
78.7968 387.763 1.98836 0.301946 18.97
49.7664 389.837 1.98071 0.308737 18.8797
539.136 586.829 2.93053 1.24745 20.6989
534.989 530.842 2.66777 1.25016 21.9223
342.144 557.798 1.83646 1.24964 21.0926
617.933 423.014 2.99024 0.702548 23.4976
593.05 431.309 2.5585 0.894567 25.1043
605.491 362.88 2.79758 0.219143 24.3905
532.915 466.56 2.04579 1.23744 25.0059
632.448 445.824 3.20687 0.755591 22.385
593.05 460.339 2.67284 1.09459 24.4661
373.248 385.69 0.823204 0.459148 24.111
883.354 255.053 4.27516 -0.172936 19.8034
937.267 340.07 4.30506 0.143389 19.1714
667.699 290.304 3.37501 -0.320975 23.2656
881.28 85.0176 4.29226 -0.844711 20.0244
798.336 192.845 4.11869 -0.670515 21.2981
661.479 114.048 3.34484 -1.40802 22.4865
752.717 163.814 3.93026 -0.990989 22.047
1221.35 350.438 4.50308 0.176503 18.1773
1065.83 269.568 4.47059 -0.0118345 18.7255
1043.02 238.464 4.47954 -0.105045 18.8705
1080.35 302.746 4.47964 0.064244 18.6701
1032.65 302.746 4.43364 0.0549217 18.8104
1186.1 80.8704 4.52469 -0.311331 18.3191
1142.55 126.49 4.49207 -0.251482 18.422
1103.16 120.269 4.61057 -0.387059 18.8607
1013.99 78.7968 4.43092 -0.527663 18.9743
1009.84 141.005 4.41732 -0.356069 18.9381
1072.05 172.109 4.54698 -0.26964 18.9012
1059.61 136.858 4.56535 -0.38304 19.0048
1026.43 134.784 4.53345 -0.431717 19.1933
862.618 597.197 4.06897 0.786939 18.9285
939.341 561.946 4.19268 0.63846 18.6733
883.354 555.725 4.12108 0.688714 18.9466
885.427 646.963 4.09032 0.849701 18.7416
671.846 580.608 3.52737 1.19597 20.7392
640.742 541.21 3.29974 1.26196 21.8525
866.765 398.131 4.18124 0.314989 19.5556
899.943 439.603 4.21244 0.41859 19.1968
858.471 485.222 4.10533 0.548877 19.2238
819.072 462.413 4.03509 0.522743 19.5079
926.899 470.707 4.2205 0.464709 18.9112
700.877 472.781 3.66285 0.707514 20.6532
1144.63 611.712 4.49535 0.662172 18.393
970.445 557.798 4.23471 0.608238 18.5802
1036.8 568.167 4.31567 0.594523 18.4229
1136.33 441.677 4.50879 0.346582 18.4647
1144.63 514.253 4.50997 0.485752 18.4148
1128.04 485.222 4.50206 0.434608 18.4685
974.592 412.646 4.32071 0.318396 18.8661
1047.17 369.101 4.42388 0.212309 18.7094
993.255 487.296 4.31238 0.481172 18.7044
1007.77 454.118 4.29882 0.388117 18.5484
976.666 476.928 4.29491 0.463392 18.7569
1026.43 460.339 4.3655 0.409895 18.6529
855.982 325.97 4.1863 0.0739226 19.8147
1221.77 348.365 4.50346 0.172926 18.1661
661.893 114.463 3.3314 -1.40697 22.47
410.573 49.7664 1.91821 -1.59579 21.7736
353.341 47.2781 1.55444 -1.63957 21.7864
671.846 579.779 3.52737 1.19597 20.7392
1144.63 612.127 4.49495 0.662575 18.3805
1122.23 607.15 4.48253 0.661523 18.436
1092.37 410.573 4.44174 0.289188 18.4827
482.734 189.112 0.72176 -1.98425 27.9323
447.898 164.229 1.32891 -1.53781 24.5092
415.549 156.764 1.05091 -1.5716 24.432
619.592 276.204 2.70651 -0.69557 26.2756
1169.51 587.244 4.50663 0.597592 18.3249
602.174 99.5328 2.89973 -1.59698 22.8192
594.709 102.021 2.94329 -1.42165 22.1922
607.15 191.601 2.74227 -1.35451 24.9147
567.337 184.136 2.33149 -1.46387 25.1743
328.458 629.545 2.48657 1.08273 19.4341
1127.21 482.734 4.50737 0.435038 18.4972
1124.72 490.199 4.49821 0.451999 18.4886
348.365 164.229 1.35234 -1.04788 22.2603
641.987 184.136 3.1714 -1.10229 23.206
669.358 121.928 3.39744 -1.33462 22.3537
987.863 669.358 4.21983 0.784652 18.4268
967.957 654.428 4.2166 0.799538 18.5522
987.863 602.174 4.2436 0.682119 18.5004
855.982 97.0445 4.20761 -0.776585 19.9842
831.099 54.743 4.12062 -0.942727 20.0049
863.447 599.685 4.068 0.785978 18.9284
1199.37 102.021 4.54933 -0.277579 18.3465
72.1613 472.781 1.87219 0.545019 19.0892
1077.44 423.014 4.43088 0.323975 18.5582
1045.09 368.271 4.42865 0.214398 18.706
59.7197 271.227 1.91195 -0.0164626 18.9854
460.339 231.414 0.337075 -1.52959 28.4229
405.596 574.802 -3.25706 5.20395 37.1418
343.388 557.384 1.95371 1.17385 20.7993
1134.67 209.019 4.54902 -0.123491 18.5765
104.509 358.318 1.91435 0.21804 19.1826
52.2547 390.666 1.96065 0.309805 18.9112
773.868 74.6496 3.97201 -1.12056 20.7558
933.12 572.314 4.18924 0.676613 18.7218
763.914 582.267 3.86765 0.922886 19.58
1152.09 84.6029 4.51752 -0.3403 18.4296
1102.33 47.2781 4.6243 -0.577182 18.9197
659.405 457.851 3.45359 0.686547 21.0276
59.7197 121.928 2.1141 -0.354109 18.7171
990.352 405.596 4.35305 0.303996 18.8735
967.957 408.085 4.32796 0.308461 18.9581
980.398 368.271 4.35524 0.212632 18.9515
1137.16 156.764 4.47697 -0.193285 18.419
1102.33 121.928 4.60908 -0.387039 18.8606
49.7664 597.197 1.88601 0.878672 19.0073
79.6263 542.454 1.8067 0.782641 19.23
54.743 554.895 1.87264 0.778445 19.0471
982.887 597.197 4.23688 0.675421 18.5099
940.585 562.36 4.19538 0.637705 18.67
970.445 557.384 4.23573 0.6078 18.5818
584.755 427.991 2.41593 0.915568 25.8704
604.662 363.295 2.8292 0.248733 24.0742
928.143 470.293 4.22091 0.463635 18.9083
131.881 97.0445 1.95456 -0.564371 19.2198
296.11 497.664 1.34653 1.02546 21.6126
507.617 216.484 0.891785 -1.71913 28.6473
893.307 89.5795 4.33362 -0.775199 19.913
846.029 584.755 4.04259 0.771427 18.9927
661.893 216.484 3.27659 -0.874511 23.4584
716.636 126.904 3.69499 -1.11256 21.7327
992.84 487.711 4.31771 0.470678 18.7073
955.515 517.571 4.2412 0.549689 18.7368
977.91 477.758 4.29084 0.46128 18.7384
316.017 179.159 1.69619 -0.714017 21.0345
114.463 87.0912 1.99506 -0.553807 19.0806
828.611 390.666 4.08962 0.291681 19.6492
164.229 166.717 2.01906 -0.361252 19.297
686.776 338.412 3.5315 0.0666126 22.5192
664.382 345.877 3.36817 0.0917057 23.0059
669.358 286.157 3.37501 -0.320975 23.2656
818.657 460.339 4.041 0.526307 19.5915
970.445 281.18 4.38586 -0.0260864 19.1464
980.398 241.367 4.41403 -0.138351 19.1692
171.694 241.367 1.93091 -0.16798 19.4502
1042.61 238.879 4.47884 -0.105015 18.8779
191.601 408.085 1.80022 0.409231 19.7838
233.902 360.806 1.7188 0.230581 20.202
293.622 293.622 1.68455 -0.0941905 20.8402
724.101 455.363 3.7547 0.625463 20.6169
248.832 141.834 1.76113 -0.696463 20.234
196.577 134.369 1.98666 -0.524698 19.5022
365.783 355.83 0.842592 0.197335 23.8232
836.076 213.996 4.14798 -0.351018 20.0279
306.063 415.549 1.37567 0.547765 21.6324
741.519 258.785 3.87459 -0.377532 21.6573
644.475 413.061 3.25862 0.561129 22.5724
1128.7 480.743 4.50737 0.435038 18.4972
1131.69 441.926 4.50971 0.349888 18.4658
1206.34 140.341 4.53916 -0.197918 18.3055
931.627 653.931 4.15115 0.809756 18.5724
886.837 647.959 4.08959 0.853362 18.7541
907.739 600.183 4.13356 0.740439 18.7327
862.95 597.197 4.06732 0.789076 18.9677
1200.37 101.523 4.54052 -0.272593 18.3221
1221.27 56.7337 4.56539 -0.342574 18.2966
597.197 495.673 2.98611 1.08381 22.3677
591.225 456.856 2.7527 0.994489 23.8285
1068.98 447.898 4.41655 0.373442 18.5646
223.949 549.421 1.46743 1.10486 20.6548
71.6636 501.645 1.89259 0.629933 19.081
68.6776 471.786 1.88105 0.548858 19.0889
1077.94 426.996 4.42263 0.324837 18.531
1018.22 415.052 4.37004 0.316647 18.7446
1063.01 364.29 4.43332 0.209593 18.6392
1033.15 367.276 4.41757 0.206146 18.7377
701.706 474.772 3.66241 0.704072 20.6264
641.987 444.912 3.25169 0.742344 22.3273
59.7197 271.725 1.92016 -0.0179966 18.9697
86.5936 388.178 1.98298 0.306341 19.0055
1101.83 244.851 4.50982 -0.0529432 18.6334
1212.31 501.645 4.58636 0.43968 18.3582
600.183 325.472 2.56103 -0.134927 25.7035
606.155 361.304 2.8292 0.248733 24.0742
1101.83 122.425 4.60521 -0.385569 18.8618
1152.59 83.6076 4.51793 -0.339216 18.4302
83.6076 582.267 1.83944 0.896112 19.2136
716.636 125.411 3.70343 -1.09089 21.6064
773.37 74.6496 3.95124 -1.03104 20.4613
883.851 555.393 4.12107 0.686588 18.9215
922.669 552.407 4.17594 0.636388 18.7829
289.641 480.743 1.27417 0.924293 21.6803
994.333 406.094 4.34668 0.295295 18.8447
955.515 415.052 4.29122 0.320079 18.9256
985.375 367.276 4.3541 0.20638 18.9359
217.977 68.6776 2.31035 -0.566381 19.0571
973.431 558.379 4.23308 0.609691 18.5733
982.389 537.477 4.26938 0.56357 18.5995
955.515 516.575 4.24054 0.552303 18.7337
662.889 346.374 3.34271 0.0926986 23.2104
683.79 301.584 3.46491 -0.251539 23.2814
668.861 286.655 3.37501 -0.320975 23.2656
149.299 501.645 1.82152 0.702613 19.5292
131.383 382.206 1.91666 0.299763 19.2966
740.524 167.215 3.83517 -0.940255 21.9287
845.034 585.253 4.04351 0.778283 18.9895
845.034 540.463 4.05724 0.683611 19.1379
928.641 471.786 4.22593 0.470813 18.9366
1009.26 140.341 4.41155 -0.354889 18.9369
113.467 86.5936 2.04902 -0.529911 18.9853
80.6216 56.7337 2.52239 -0.334822 18.2448
883.851 397.136 4.19993 0.299456 19.4058
979.403 477.758 4.29363 0.462066 18.7544
197.075 134.369 1.98666 -0.524698 19.5022
812.188 409.08 4.04708 0.36864 19.989
818.16 388.178 4.14523 0.32184 20.5872
830.104 438.94 4.07666 0.457758 19.64
128.397 301.584 2.04273 0.0616449 19.0807
770.384 244.851 3.96021 -0.345615 20.8495
247.837 459.842 1.67613 0.663125 20.435
722.608 429.982 3.75006 0.505123 20.8702
934.613 325.472 4.30324 0.0857164 19.2579
1083.91 337.416 4.46337 0.145294 18.613
836.076 214.991 4.18174 -0.410714 20.4996
229.921 361.304 1.67176 0.230644 20.3042
1042.11 179.159 4.51372 -0.27639 19.0062
1060.02 137.355 4.56513 -0.380159 19.0243
704.692 406.094 3.66365 0.436044 21.1541
644.973 415.052 3.2821 0.552774 22.3382
743.51 301.584 3.85045 -0.106488 21.4324
1024.19 597.197 4.3029 0.653654 18.4647
985.375 600.183 4.23556 0.672279 18.5121
1024.19 555.393 4.30225 0.576752 18.4769
1206.34 639.001 4.50047 0.639986 18.1999
1143.63 612.127 4.49427 0.660687 18.3927
1155.58 549.421 4.50598 0.541859 18.3736
1221.27 346.374 4.49268 0.168999 18.1414
830.104 56.7337 4.12062 -0.942727 20.0049
471.786 650.945 3.01176 1.05582 19.1996
552.407 656.917 3.14073 1.27615 19.8215
639.001 537.477 3.06373 1.79115 24.8002
426.996 59.7197 1.99366 -1.57273 21.8516
619.89 304.57 2.97473 -0.239604 23.7251
827.715 569.726 4.01172 0.769788 19.1311
799.049 584.059 3.95659 0.859374 19.3604
666.472 286.655 3.37501 -0.320975 23.2656
885.046 648.556 4.09033 0.846652 18.7357
859.964 594.808 4.06393 0.791578 18.9585
146.91 501.645 1.84459 0.694734 19.4886
132.578 383.4 1.91631 0.296495 19.2971
541.06 257.989 1.24471 -1.33703 29.3998
508.812 214.991 0.872623 -1.7056 28.7815
856.38 483.73 4.09322 0.519816 19.1419
820.549 501.645 4.02556 0.632486 19.5471
899.379 308.154 4.27164 0.0250003 19.5252
920.878 573.309 4.17316 0.685687 18.7652
881.463 558.976 4.11587 0.688614 18.9194
999.708 476.563 4.32759 0.445388 18.7211
1053.46 343.985 4.43626 0.15668 18.7153
1143.03 125.411 4.49137 -0.266432 18.4165
1100.04 125.411 4.59973 -0.378521 18.8636
78.83 383.4 1.99014 0.290534 18.9681
136.161 214.991 1.91955 -0.227214 19.297
297.404 204.241 1.76369 -0.500506 20.6782
318.903 136.161 1.50349 -1.02671 21.4721
910.128 440.731 4.23178 0.414292 19.1321
157.66 537.477 1.80503 0.834523 19.603
809.799 408.483 4.0484 0.36666 19.9104
845.631 394.15 4.13386 0.296119 19.6214
877.88 128.995 4.30856 -0.678907 20.0784
935.21 326.07 4.31146 0.0858896 19.245
945.96 286.655 4.3403 -0.0185133 19.2405
1042.71 240.073 4.47225 -0.0950081 18.8627
1042.71 179.159 4.52329 -0.277894 19.0069
1057.04 139.744 4.55908 -0.374603 18.9977
1085.7 265.155 4.48638 -0.0226241 18.6454
1125.12 225.74 4.54389 -0.0876825 18.603
157.66 68.0805 2.09156 -0.625112 19.1147
978.209 143.327 4.47497 -0.446348 19.4131
971.042 283.071 4.38591 -0.0254424 19.1561
78.83 128.995 2.09551 -0.364054 18.8132
229.324 361.901 2.21714 0.225351 19.2645
684.388 379.817 3.5321 0.310647 21.9471
831.298 343.985 4.02393 0.147121 19.0823
856.38 322.486 4.19173 0.0763779 19.8093
752.468 386.984 3.86852 0.331972 20.7477
189.909 175.576 1.67862 -0.485696 19.9889
175.576 171.993 1.88237 -0.406835 19.551
723.803 279.488 3.75932 -0.279241 21.9429
992.541 404.9 4.35494 0.305852 18.8736
1193.2 437.148 4.57448 0.328951 18.3759
1021.21 555.393 4.30436 0.578641 18.4989
1153.78 551.81 4.50887 0.54824 18.3745
845.631 587.642 4.04769 0.776186 19.0382
1028.37 132.578 4.53629 -0.436568 19.19
1196.78 100.329 4.54127 -0.272598 18.3221
641.39 186.325 3.1569 -1.10659 23.2714
648.556 111.079 3.31416 -1.40312 22.3775
591.225 455.064 2.7527 0.994489 23.8285
376.234 627.057 2.55077 1.15546 19.6806
472.98 573.309 3.06269 0.782157 18.9832
336.819 447.898 1.23932 0.81214 22.3644
107.495 630.64 1.81685 1.08051 19.358
569.726 179.159 2.33601 -1.49457 25.0335
601.974 100.329 2.964 -1.47984 22.4089
619.89 275.905 2.6911 -0.765624 26.4541
103.912 250.823 1.9783 -0.076831 19.0705
1036.26 558.976 4.30619 0.57137 18.3734
1023.36 554.677 4.2978 0.57564 18.4579
1057.76 524.578 4.35741 0.505402 18.4348
107.495 133.294 2.09921 -0.37426 18.8997
146.194 404.183 1.93056 0.360577 19.3421
911.561 438.581 4.22092 0.411679 19.1573
907.262 361.185 4.27076 0.185978 19.3832
881.463 558.976 4.10405 0.691173 18.9145
894.362 623.474 4.10361 0.795895 18.73
976.059 558.976 4.2353 0.603576 18.586
937.36 563.276 4.18895 0.666176 18.7112
984.658 533.177 4.26975 0.572351 18.6317
950.26 533.177 4.23377 0.581634 18.7572
1044.86 343.985 4.42891 0.150946 18.7148
1014.76 318.187 4.39306 0.0937601 18.8319
752.468 382.684 3.88478 0.308755 20.4021
812.666 141.894 4.12799 -0.786539 20.6213
902.962 305.287 4.2718 0.0168831 19.5268
859.964 322.486 4.19581 0.0708539 19.7323
894.362 262.289 4.14667 -0.0547121 18.9431
924.461 249.389 4.35801 -0.172488 19.558
976.059 326.786 4.35052 0.115907 19.0255
937.36 322.486 4.30919 0.0874929 19.2511
154.793 257.989 1.97004 -0.0829828 19.3059
1087.85 262.289 4.49974 -0.0235497 18.7048
1126.55 227.89 4.54784 -0.0886283 18.6178
958.859 485.879 4.26231 0.488501 18.7919
928.761 460.081 4.2445 0.447639 19.0152
236.49 434.282 1.61425 0.572386 20.4478
1092.15 154.793 4.58476 -0.299122 18.8923
945.96 283.788 4.34288 -0.0224219 19.2324
1001.86 472.98 4.32963 0.450451 18.7129
1044.86 438.581 4.38588 0.362993 18.6213
1027.66 451.481 4.36405 0.400465 18.657
189.192 171.993 1.93465 -0.404067 19.5167
730.969 331.086 3.79195 0.0413164 21.3523
997.558 404.183 4.36248 0.301303 18.8242
1074.95 425.682 4.426 0.32683 18.5682
804.066 541.777 3.97469 0.75849 19.4818
1031.96 128.995 4.5325 -0.437965 19.1662
1100.75 128.995 4.59754 -0.375836 18.8685
670.772 180.592 3.36129 -1.09287 23.2181
718.07 120.395 3.70612 -1.09655 21.5803
786.867 137.594 4.01503 -0.794378 20.5854
683.671 305.287 3.49299 -0.172823 22.9012
593.375 447.181 2.54887 0.949296 24.989
154.793 455.781 1.62874 0.597268 19.8886
227.89 361.185 0.854178 0.24389 21.8133
485.879 202.091 0.653816 -1.85666 28.3785
378.384 206.391 0.636848 -1.18108 24.6841
511.678 210.691 1.0485 -1.67166 28.4418
619.174 275.188 2.71239 -0.768652 26.0482
128.995 300.987 1.92928 0.0555701 19.2738
81.6965 270.889 1.87055 -0.0209853 19.1217
557.256 371.504 3.483 0.226515 17.9
804.926 479.86 4.00943 0.568738 19.5799
923.601 464.38 4.24271 0.447765 19.0161
1099.03 128.995 4.59745 -0.36826 18.868
1078.39 98.0359 4.58087 -0.454543 18.9534
1119.67 257.989 4.54027 -0.0389244 18.6216
949.4 536.617 4.22916 0.575262 18.7647
939.08 510.818 4.22889 0.541062 18.8336
1021.64 345.705 4.40027 0.150271 18.7683
1011.32 319.906 4.39229 0.0944297 18.8165
1093.87 299.267 4.48324 0.0678964 18.6307
835.885 190.912 4.24958 -0.603955 20.8373
799.766 541.777 3.91322 0.613618 18.6653
1047.44 190.912 4.51698 -0.233228 18.9531
1031.96 185.752 4.49066 -0.253821 18.9762
278.628 490.179 1.23354 0.973086 21.6695
970.039 278.628 4.38674 -0.0331201 19.1474
964.879 221.871 4.42111 -0.22693 19.3491
789.447 263.149 4.05131 -0.277036 21.0891
830.725 247.67 4.17891 -0.284968 20.4327
278.628 237.35 1.82499 -0.307151 20.3584
1001 407.623 4.35976 0.302854 18.7666
1135.15 443.741 4.51171 0.345613 18.4725
1088.71 417.942 4.43139 0.305904 18.534
949.4 598.535 4.2037 0.701192 18.634
1037.12 562.416 4.3164 0.584073 18.4533
1119.67 598.535 4.48191 0.662697 18.448
1057.76 526.298 4.35957 0.509668 18.4535
753.328 433.422 3.87808 0.500783 20.3204
639.813 448.901 3.18864 0.765399 22.4895
846.204 593.375 4.03923 0.749712 18.8542
877.163 562.416 4.10063 0.69786 18.9165
1031.96 128.995 4.53334 -0.43912 19.1622
1150.63 185.752 4.49299 -0.142688 18.3666
1078.39 216.711 4.51558 -0.138019 18.7495
665.612 185.752 3.33783 -1.14268 23.4775
717.21 118.675 3.70793 -1.12246 21.6156
737.849 294.108 3.85355 -0.100524 21.3057
681.091 304.427 3.49299 -0.172823 22.9012
521.138 454.061 1.83483 1.1973 25.1087
603.694 361.185 2.79127 0.260954 24.068
108.355 361.185 1.9124 0.213504 19.1857
624.334 273.468 2.70945 -0.750518 26.2367
170.273 345.705 2.01685 0.178484 19.27
139.314 263.149 1.97839 -0.0625448 19.2101
891.61 260.053 4.18486 -0.0770143 19.1449
965.911 216.711 4.41745 -0.224151 19.3125
965.911 359.121 4.33275 0.216085 18.9875
1003.06 241.478 4.44705 -0.102997 19.0088
1034.02 142.41 4.39262 -0.292791 18.6342
1034.02 130.027 4.54173 -0.448743 19.1563
984.486 130.027 4.4871 -0.486953 19.3608
1083.55 464.38 4.44094 0.386031 18.5542
1058.79 464.38 4.41489 0.401629 18.5568
1071.17 427.23 4.38017 0.317891 18.3879
1083.55 266.245 4.49596 -0.0186331 18.6833
321.97 291.012 1.82708 -0.116981 20.8312
780.159 532.49 3.92072 0.768687 19.5758
804.926 291.012 4.03702 -0.0938549 20.3681
947.336 278.628 4.34103 -0.0251803 19.2408
916.377 260.053 4.30883 -0.114085 19.3705
1108.32 222.903 4.53356 -0.114316 18.6584
1040.21 464.38 4.37892 0.414913 18.633
996.87 464.38 4.32732 0.434067 18.7102
910.186 482.956 4.18627 0.491872 18.8281
1003.06 408.655 4.34806 0.301995 18.7109
1133.09 439.613 4.51381 0.359326 18.4726
1089.75 414.846 4.44173 0.309712 18.5169
990.678 532.49 4.27208 0.554024 18.5701
947.336 532.49 4.23557 0.570398 18.7631
1120.7 594.407 4.48191 0.662697 18.448
724.433 421.038 3.75076 0.481179 20.7458
854.46 476.764 4.10609 0.531419 19.4031
761.584 526.298 3.829 0.645586 18.9883
848.268 588.215 4.03923 0.749712 18.8542
848.268 513.914 4.06416 0.623409 19.1865
1071.17 142.41 4.55763 -0.336683 18.948
1027.83 340.546 4.40247 0.154549 18.7685
972.103 328.162 4.34814 0.122324 19.0123
1120.7 253.861 4.5292 -0.029416 18.6404
718.242 117.643 3.70793 -1.12246 21.6156
668.708 117.643 3.34699 -1.4446 22.6883
873.035 123.835 4.29147 -0.702646 20.0993
681.091 303.395 3.49299 -0.172823 22.9012
588.215 433.422 2.42883 0.918622 25.9075
222.903 359.121 1.75864 0.175948 20.073
427.23 160.985 1.1762 -1.5331 24.2323
582.023 179.56 2.5779 -1.3687 23.841
544.873 253.861 1.35455 -1.23417 28.708
321.97 136.218 1.57608 -0.999609 21.2997
136.218 260.053 1.97608 -0.0774464 19.2107
913.901 520.106 4.18412 0.581746 18.906
913.901 215.473 4.36378 -0.234491 19.5702
913.901 185.752 4.20204 -0.231627 18.9523
913.901 260.053 4.32641 -0.110701 19.4362
1077.36 215.473 4.51545 -0.131117 18.7673
1077.36 200.612 4.51865 -0.138773 18.7387
289.773 312.064 1.73222 -0.0371207 20.7063
906.471 356.644 4.28997 0.180401 19.3761
936.191 326.924 4.309 0.0901018 19.2511
690.998 185.752 3.59 -1.02768 22.973
668.708 185.752 3.23546 -1.1952 24.126
995.632 468.095 4.30612 0.41977 18.7092
921.331 460.665 4.24015 0.454877 19.0146
1003.06 408.655 4.32951 0.296631 18.6115
906.471 416.085 4.24982 0.321787 19.2561
1129.37 453.235 4.51509 0.348868 18.4817
1062.5 430.945 4.3999 0.329598 18.562
757.869 445.805 3.88058 0.495764 20.0708
638.987 445.805 3.22784 0.755784 22.4293
720.718 416.085 3.76621 0.468876 20.6128
861.89 416.085 4.02671 0.346067 18.7071
869.32 564.687 4.09704 0.698826 18.9478
772.729 564.687 3.9141 0.839797 19.5079
854.46 520.106 4.0642 0.631064 19.186
1069.93 141.172 4.57126 -0.361131 18.9337
1084.79 334.354 4.46662 0.130765 18.6124
1121.94 252.623 4.52548 -0.0250009 18.605
1062.5 260.053 4.47285 -0.0453519 18.7853
750.439 178.322 3.91785 -0.936703 22.3731
750.439 252.623 3.90874 -0.391588 21.4102
594.407 364.074 2.63046 0.25631 24.9649
282.343 482.956 1.76314 0.79416 20.4651
609.267 312.064 2.63043 -0.170946 25.5881
616.697 267.483 2.73012 -0.781618 25.7761
998.604 463.637 4.31375 0.420248 18.7235
954.023 338.812 4.32479 0.11641 19.1232
971.855 312.064 4.33498 0.0734114 18.9087
1043.18 445.805 4.37792 0.374933 18.6251
222.903 294.231 1.55679 0.033149 20.3998
748.953 249.651 3.91563 -0.390387 21.4213
784.617 205.07 3.99892 -0.604182 20.9346
838.114 303.148 4.1958 -0.0168588 20.2135
873.778 267.483 4.24359 -0.112594 19.5238
847.03 312.064 4.07118 0.0428762 19.3269
918.359 410.141 4.25948 0.315789 19.2105
1087.76 419.057 4.4433 0.31652 18.5478
954.023 534.966 4.23457 0.559793 18.7318
1034.27 543.882 4.32172 0.575346 18.4596
722.204 419.057 3.71324 0.460694 21.2599
864.862 526.05 4.0898 0.629985 19.132
784.617 534.966 3.90046 0.734072 19.4232
971.855 205.07 4.23451 -0.11819 18.5738
998.604 169.406 4.41535 -0.315676 18.9525
1043.18 196.154 4.47935 -0.216959 18.9389
909.443 329.896 4.2747 0.0925785 19.4511
900.527 303.148 4.27535 -0.00485331 19.473
1096.68 356.644 4.4748 0.181943 18.5771
677.624 249.651 3.31753 -0.605791 22.9246
838.114 187.238 4.17009 -0.446893 19.8052
748.953 320.98 3.85175 -0.0218873 20.9023
731.121 294.231 3.81683 -0.132293 21.1265
597.379 365.56 2.70294 0.275138 24.1035
579.547 178.322 2.45631 -1.49195 24.8455
499.302 267.483 1.2658 -0.925946 26.4542
606.295 267.483 2.12197 -0.988929 27.8397
276.399 490.386 1.28704 0.940492 21.533
