765 588 24.1692 2.67233 24.7711
1258 179 23.7702 1.75829 25.8549
30 59 26.4139 1.75834 24.8186
209 564 25.6447 2.97001 24.6906
813 494 24.1477 2.39666 25.011
971 502 23.786 2.32962 25.044
814 471 24.1541 2.35052 25.0032
880 404 24.0316 2.15153 24.9926
344 231 25.5661 1.98937 24.5723
1059 489 23.762 2.26373 25.4173
85 219 26.4191 2.11243 24.4273
831 433 24.1408 2.24762 25.0394
804 434 24.1972 2.26398 24.9995
1043 357 23.8192 2.00981 25.35
833 348 24.1953 2.06015 25.1355
1131 387 23.7804 2.07493 25.6344
1131 300 23.7824 1.91112 25.5859
1127 316 23.78 1.94255 25.577
1045 81 23.8404 1.31363 25.0971
1052 65 23.8406 1.2818 25.12
765 208 24.2633 1.21931 23.0491
1028 363 23.8177 2.01914 25.2852
862 382 24.0841 2.10661 24.989
860 423 24.0753 2.20812 25.0147
607 267 25.5802 0.399641 15.2255
593 21 25.4766 -0.0622247 21.7173
531 156 27.9461 -2.21416 9.95994
369 585 25.3463 3.06716 24.131
866 341 24.0826 2.00338 24.941
1029 306 23.8304 1.89162 25.2613
979 302 23.8622 1.8538 25.0321
768 405 24.2857 2.21279 24.9175
1035 422 23.7828 2.13029 25.292
813.6 534 24.1231 2.48981 25.0052
823.2 363.6 24.1729 2.0731 24.8942
324 193.2 25.6392 1.89731 24.6093
294 194.4 25.681 1.93806 24.7076
871.2 295.2 24.0868 1.87302 24.9069
1053.6 116.4 23.82 1.41249 25.1345
1212 422.4 23.7639 2.13366 25.8459
82.8 502.8 26.214 2.97592 24.3686
810 619.2 24.087 2.68773 24.9894
828 457.2 24.138 2.30791 25.0401
1026 466.8 23.7778 2.23097 25.2847
889.2 435.6 23.9899 2.21945 24.9716
1060.8 669.6 23.6687 2.60439 25.3679
1102.8 464.4 23.7327 2.20518 25.4963
1113.6 250.8 23.675 1.72426 25.2581
836.4 492 24.0943 2.38146 24.9911
964.8 390 23.8425 2.06849 24.9887
975.6 374.4 23.8307 2.03139 25.011
1011.6 356.4 23.8151 1.99354 25.1733
1020 320.4 23.8206 1.91114 25.1952
1051.2 514.8 23.755 2.31741 25.3893
1048.8 488.4 23.764 2.26907 25.3756
1256.4 672 23.3016 2.52057 25.3811
1237.2 673.2 23.3062 2.53961 25.3355
121.2 178.8 26.4601 1.9399 24.2491
1004.4 548.4 23.7751 2.40484 25.2413
1080 301.2 23.8079 1.90025 25.4417
886.8 182.4 24.0854 1.53719 24.765
958.8 570 23.7829 2.48943 25.0449
958.8 531.6 23.7926 2.40492 25.016
1066.8 345.6 23.8034 1.98796 25.4113
1047.6 337.2 23.8179 1.96713 25.3545
344.4 230.4 25.562 1.98777 24.5818
336 206.4 25.5778 1.93329 24.6684
1051.2 472.8 23.7693 2.23631 25.3796
1084.8 688.8 23.6574 2.61564 25.4497
1094.4 321.6 23.796 1.94283 25.4891
1131.6 22.8 23.8324 1.34296 25.4729
68.4 487.2 26.2379 2.92679 24.4173
805.2 433.2 24.197 2.265 24.9994
1078.8 552 23.7468 2.37077 25.5152
160.8 272.4 26.4607 2.2071 23.8708
1108.8 369.6 23.7797 2.03776 25.5474
632.4 454.8 24.6153 2.60193 20.0522
663.6 457.2 24.3767 2.55447 20.2546
1045.2 80.4 23.8382 1.3098 25.0883
184.8 310.8 26.4961 2.31265 23.5728
858 552 24.0051 2.50852 24.9725
861.6 536.4 24.005 2.471 24.9709
1023.6 391.2 23.8337 2.08184 25.3249
680.4 300 24.537 1.44427 21.0528
787.2 381.6 24.252 2.14416 24.9182
775.2 391.2 24.279 2.17519 24.9304
1020 525.6 23.7663 2.35285 25.2859
1024.8 494.4 23.7767 2.28852 25.3011
1105.2 232.8 23.694 1.69099 25.2426
819.6 285.6 24.0036 1.60319 23.4613
210 164.4 26.6409 1.68204 23.4198
700.8 261.6 24.4723 1.31999 22.0008
714 240 24.4218 1.13213 21.7321
656.4 427.2 24.4905 2.3453 20.5261
661.2 393.6 24.5212 2.10892 21.0019
866.4 402 24.0639 2.15379 24.9941
849.6 385.2 24.1136 2.12469 24.9931
865.2 375.6 24.0859 2.09179 24.9888
1070.4 26.4 23.8227 1.19053 25.1378
693.6 524.4 24.2016 2.79535 22.2831
93.6 178.8 26.4635 1.98215 24.3686
684 326.4 24.47 1.58813 20.8487
846 428.4 24.1109 2.2326 25.0323
860.4 422.4 24.0733 2.20656 25.0113
50.4 189.6 26.4108 2.06368 24.6108
48 66 26.4053 1.74897 24.7687
102 102 26.5454 1.72011 24.3056
26.4 138 26.4 1.9631 24.7745
162 130.8 26.6738 1.65377 23.7512
584.4 268.8 25.7839 0.568428 15.7801
568.8 291.6 26.2663 0.542786 12.8771
249.6 696 25.4606 3.31354 24.6489
624 532.8 24.537 3.19597 20.0783
370.8 531.6 25.4267 2.93303 23.9726
556.8 519.6 25.0648 3.19437 20.381
924 242.4 24.0158 1.73711 25.002
901.2 46.8 24.1328 1.15934 24.7902
663.6 106.8 24.9044 0.489431 21.9811
1160.4 207.6 23.7929 1.75569 25.6413
1243.2 205.2 23.7721 1.79425 25.8313
1171.2 297.6 23.7124 1.88907 25.5758
1051.2 220.8 23.73 1.62316 25.0182
1194 24 23.8271 1.45399 25.7003
1111.2 104.4 23.7623 1.42922 25.2965
1101.6 178.8 23.7103 1.55965 25.204
668.4 578.4 24.2348 3.18189 21.7879
781.2 579.6 24.1619 2.61529 24.9516
770.4 621.6 24.1749 2.71531 24.9957
868.8 483.6 24.0099 2.34664 24.9643
781.2 510 24.2076 2.45661 24.9916
1168.8 606 23.7153 2.41505 25.7495
1125.6 538.8 23.6547 2.32516 25.4859
1123.2 638.4 23.6415 2.50331 25.5122
973.2 601.2 23.7757 2.54375 25.1439
1069.2 622.8 23.6722 2.51233 25.3786
1221.6 504 23.3688 2.21592 25.2915
1105.2 388.8 23.8008 2.08188 25.5867
976.8 474 23.7847 2.26174 25.0284
813.6 534.24 24.122 2.49142 24.9926
842.4 516.96 24.0588 2.43517 24.9999
982.08 501.12 23.7818 2.32047 25.0956
1052.64 64.8 23.839 1.27975 25.1199
1072.8 260.64 23.7029 1.73396 25.1246
1081.44 239.04 23.7069 1.69218 25.163
80.64 449.28 26.312 2.82709 24.2842
175.68 138.24 26.6734 1.65027 23.6426
1000.8 351.36 23.8222 1.97784 25.1266
1019.52 321.12 23.8187 1.91227 25.1868
1098.72 640.8 23.6488 2.52477 25.447
1067.04 619.2 23.6696 2.50471 25.3645
879.84 403.2 24.0436 2.14946 25.0583
1127.52 315.36 23.7804 1.94188 25.5776
1130.4 282.24 23.7842 1.87618 25.5754
1111.68 282.24 23.8015 1.87648 25.546
1136.16 396 23.7544 2.08279 25.6133
1221.12 403.2 23.7584 2.10392 25.8483
159.84 231.84 26.4991 2.05454 23.8745
563.04 524.16 24.9858 3.20779 20.5187
590.4 493.92 24.8677 2.99633 19.8694
578.88 489.6 24.9826 2.992 19.801
1228.32 136.8 23.7565 1.65055 25.7398
862.56 535.68 24.0033 2.46993 24.9722
1051.2 514.08 23.7535 2.31796 25.3892
1139.04 213.12 23.8101 1.75975 25.605
103.68 139.68 26.4402 1.85853 24.3916
1041.12 357.12 23.8282 2.01431 25.3746
1085.76 342.72 23.7969 1.98421 25.4783
1072.8 332.64 23.8068 1.96201 25.4421
1126.08 357.12 23.7691 2.01645 25.5772
1130.4 318.24 23.7962 1.94971 25.6272
1117.44 338.4 23.7788 1.97955 25.5592
1084.32 688.32 23.6567 2.61529 25.4487
1078.56 551.52 23.7449 2.36985 25.5122
1095.84 544.32 23.7126 2.35196 25.4932
1077.12 540 23.7357 2.3504 25.4596
77.76 102.24 26.4559 1.78282 24.5383
300.96 221.76 25.6361 2.0132 24.7098
819.36 442.08 24.1622 2.27835 25.0436
828 411.84 24.1517 2.20202 25.0143
1019.52 525.6 23.7679 2.35313 25.2812
1023.84 493.92 23.7765 2.28949 25.3001
990.72 499.68 23.7741 2.31316 25.1205
119.52 210.24 26.4238 2.04228 24.274
610.56 361.44 24.9611 1.90149 19.8694
701.28 313.92 24.3926 1.61297 21.9148
753.12 329.76 24.2499 1.86814 23.6811
743.04 599.04 24.2205 2.72134 24.737
171.36 368.64 26.4785 2.56227 23.5754
1020.96 391.68 23.8278 2.08132 25.2978
849.6 384.48 24.1136 2.12303 24.9769
1044 309.6 23.8222 1.89849 25.3059
1044 288 23.8313 1.86068 25.3325
672.48 508.32 24.2867 2.7953 21.6373
1081.44 102.24 23.8248 1.44501 25.3081
1065.6 80.64 23.8743 1.4115 25.3138
93.6 178.56 26.4628 1.982 24.3686
69.12 188.64 26.4502 2.03859 24.4844
175.68 292.32 26.543 2.24919 23.5768
774.72 390.24 24.2755 2.17327 24.9164
586.08 485.28 24.9228 2.95316 19.6558
660.96 394.56 24.514 2.11844 21.3636
655.2 387.36 24.5489 2.09818 21.5775
662.4 364.32 24.552 1.92506 21.1941
702.72 516.96 24.1485 2.7481 22.2369
686.88 505.44 24.2388 2.72407 22.104
845.28 429.12 24.1074 2.23071 25.0313
833.76 410.4 24.1416 2.19057 25.0053
682.56 413.28 24.3583 2.2203 21.5981
273.6 192.96 25.7521 1.94335 24.6817
102.24 264.96 26.4303 2.23602 24.2527
230.4 145.44 25.8151 1.86732 24.8474
61.92 141.12 26.3619 1.93469 24.6922
120.96 178.56 26.4687 1.93636 24.2383
525.6 220.32 26.8756 -0.0550158 14.7741
584.64 270.72 25.8462 0.493172 15.1975
443.52 318.24 25.3666 2.13335 23.9722
619.2 187.2 25.3969 0.118115 18.3833
423.36 73.44 26.7162 0.235319 20.8882
181.44 580.32 25.6442 2.99645 24.8173
93.6 565.92 26.04 3.10605 24.51
312.48 466.56 25.5081 2.6835 24.4918
27.36 401.76 26.3897 2.69379 24.4857
79.2 522.72 26.1556 3.01459 24.4562
142.56 499.68 26.2358 3.00875 23.9826
120.96 509.76 26.2081 3.01785 24.1514
167.04 463.68 26.3395 2.91107 23.6805
509.76 578.88 25.1064 3.3566 22.0392
355.68 632.16 25.3573 3.24542 24.0739
927.36 234.72 24.0085 1.71748 24.9835
699.84 105.12 24.695 0.46102 22.0658
718.56 110.88 24.569 0.490178 22.1594
1159.2 207.36 23.7989 1.75718 25.638
1249.92 303.84 23.554 1.85953 25.5471
979.2 252 23.8819 1.73353 25.0131
979.2 299.52 23.8658 1.85409 25.0319
1219.68 77.76 23.772 1.54065 25.709
1173.6 184.32 23.7821 1.71605 25.6472
1105.92 113.76 23.753 1.43487 25.2616
1236.96 188.64 23.7754 1.76707 25.8204
1205.28 110.88 23.7721 1.58899 25.678
983.52 136.8 23.9266 1.44369 24.9971
1087.2 113.76 23.7776 1.43069 25.2283
1035.36 125.28 23.8254 1.4095 25.0524
846.72 588.96 24.0202 2.59548 25.0123
933.12 538.56 23.8298 2.43733 24.9542
833.76 632.16 24.0279 2.69961 24.9981
947.52 688.32 23.793 2.73491 25.1682
793.44 656.64 24.1032 2.78293 24.9823
770.4 622.08 24.1756 2.71193 24.9949
938.88 400.32 23.8925 2.10765 24.9699
815.04 505.44 24.1355 2.42585 25.0096
1167.84 606.24 23.7141 2.41303 25.7491
1120.32 669.6 23.6383 2.55563 25.5202
1238.4 675.36 23.2997 2.53975 25.3279
1097.28 577.44 23.7215 2.40762 25.5388
1006.56 673.92 23.7307 2.66083 25.2816
992.16 639.36 23.751 2.5974 25.2187
977.76 620.64 23.7676 2.57705 25.1708
1229.76 400.32 23.7576 2.09824 25.875
1107.36 486.72 23.7175 2.24129 25.4987
1110.24 456.48 23.7219 2.18905 25.4962
1242.72 483.84 23.3611 2.16183 25.3373
1000.8 410.4 23.8546 2.13007 25.2828
1025.28 466.56 23.7772 2.23131 25.2846
1085.76 518.4 23.7364 2.30847 25.4851
1101.6 465.12 23.7316 2.20409 25.4964
853.632 549.504 24.0214 2.50408 24.9709
974.592 373.248 23.8309 2.02846 25.0079
1029.89 497.664 23.768 2.28819 25.3037
160.704 233.28 26.4991 2.05454 23.8745
679.104 300.672 24.5432 1.43808 21.0283
1021.25 392.256 23.8278 2.08132 25.2978
48.384 188.352 26.4026 2.06857 24.6299
777.6 473.472 24.2061 2.3752 24.8032
183.168 169.344 26.5561 1.77536 23.7544
632.448 454.464 24.6144 2.61174 19.7468
601.344 461.376 24.8538 2.71281 19.9452
988.416 490.752 23.7799 2.2944 25.1048
1047.17 300.672 23.822 1.88348 25.3284
1078.27 551.232 23.7349 2.37199 25.4748
1097.28 544.32 23.7405 2.34737 25.5547
1081.73 686.016 23.6581 2.61474 25.4482
333.504 205.632 25.5816 1.93231 24.6766
1041.98 335.232 23.8274 1.96247 25.341
69.12 300.672 26.4231 2.36912 24.381
675.648 432 24.3672 2.34115 21.2284
751.68 330.048 24.2535 1.86377 23.661
763.776 266.112 24.2567 1.62802 23.7058
1024.7 466.56 23.7801 2.23042 25.2813
43.2 238.464 26.3654 2.2167 24.6507
81.216 169.344 26.4319 1.96967 24.4847
661.824 364.608 24.552 1.92506 21.1941
749.952 584.064 24.2066 2.68624 24.7626
777.6 312.768 24.1991 1.81811 23.934
813.888 224.64 24.1299 1.45548 23.8634
101.952 264.384 26.4303 2.23602 24.2527
692.928 523.584 24.1904 2.80451 22.128
839.808 364.608 24.1477 2.07924 24.996
838.08 433.728 24.1222 2.24589 25.0374
55.296 449.28 26.2062 2.79407 24.5967
696.384 243.648 24.5265 1.26423 22.1747
1074.82 38.016 23.8136 1.22295 25.1473
765.504 209.088 24.2678 1.26 23.2034
188.352 219.456 26.572 1.94596 23.5851
105.408 259.2 26.3783 2.21963 24.3342
221.184 172.8 26.66 1.68315 23.2644
231.552 145.152 25.9268 1.82599 24.6287
212.544 129.6 26.4584 1.60904 23.7795
165.888 81.216 26.3151 1.62055 24.3957
62.208 141.696 26.355 1.93538 24.7068
535.68 273.024 27.7621 -0.375204 7.36673
604.8 266.112 25.6809 0.274871 14.3874
584.064 271.296 25.9251 0.417499 14.4501
444.096 319.68 25.3663 2.13678 23.9697
535.68 72.576 25.8921 0.0990659 21.0694
530.496 155.52 26.2893 0.0286185 18.5581
532.224 120.96 26.1402 0.00880566 19.5721
618.624 188.352 25.3828 0.134372 18.4557
428.544 58.752 26.7718 0.0787012 20.6822
250.56 578.88 25.5313 2.99389 24.6543
181.44 582.336 25.7016 3.03486 24.6867
117.504 554.688 25.5508 2.83494 25.3396
50.112 442.368 26.3997 2.82354 24.3033
134.784 426.816 26.4373 2.78443 23.7984
148.608 364.608 26.492 2.54958 23.709
51.84 489.024 26.237 2.91996 24.4924
79.488 449.28 26.2982 2.8225 24.3053
120.96 509.76 26.2081 3.01785 24.1514
509.76 606.528 25.0117 3.34429 22.6938
570.24 533.952 24.9072 3.22356 20.716
628.992 430.272 24.6849 2.42109 19.7893
516.672 521.856 25.4164 3.35652 19.7852
563.328 523.584 24.9959 3.20206 20.444
641.088 200.448 25.0274 0.573472 20.0853
677.376 293.76 24.5696 1.4306 21.2052
886.464 183.168 24.0855 1.53352 24.765
641.088 190.08 25.0734 0.365217 19.5047
1112.83 250.56 23.6753 1.72383 25.2586
1140.48 212.544 23.8086 1.75938 25.605
1242.43 241.92 23.4627 1.67823 25.3515
1244.16 203.904 23.7709 1.79277 25.8324
1149.12 331.776 23.7599 1.97013 25.6205
1126.66 316.224 23.781 1.94128 25.5747
979.776 300.672 23.875 1.86188 25.0708
1093.82 321.408 23.7963 1.94428 25.4878
1219.97 77.76 23.7693 1.53707 25.6997
1190.59 69.12 23.7622 1.46966 25.5788
1021.25 58.752 23.8712 1.21672 24.9796
1086.91 114.048 23.7812 1.43026 25.2281
803.52 551.232 24.1432 2.52856 25.0515
832.896 632.448 24.0317 2.695 25.0247
941.76 663.552 23.772 2.70411 25.0382
782.784 578.88 24.1651 2.60894 25.0096
770.688 622.08 24.1776 2.71322 24.9946
827.712 412.992 24.1539 2.20403 25.0504
889.92 435.456 23.9902 2.21821 24.9717
940.032 399.168 23.8892 2.10362 24.9714
813.888 492.48 24.1416 2.39106 25.0088
813.888 470.016 24.1548 2.34359 24.9922
893.376 449.28 23.9959 2.25476 25.074
768.96 404.352 24.2852 2.20797 24.9176
1245.89 540.864 23.3514 2.27563 25.3601
1119.74 668.736 23.6368 2.55552 25.5212
1237.25 675.648 23.3049 2.54276 25.3356
1003.97 549.504 23.7685 2.40894 25.2226
1099.01 578.88 23.73 2.40439 25.5542
1005.7 673.92 23.7508 2.64648 25.3384
1059.26 668.736 23.6719 2.60341 25.3692
1099.01 641.088 23.6484 2.52417 25.447
1142.21 406.08 23.7327 2.09332 25.5888
1000.51 411.264 23.8534 2.12806 25.2829
1050.62 373.248 23.8101 2.04436 25.3859
981.504 501.12 23.8013 2.32197 25.1527
986.688 463.104 23.7798 2.2375 25.0743
976.32 473.472 23.7963 2.2585 25.0694
364.608 373.248 25.4596 2.38173 24.3986
630.375 452.045 24.614 2.59567 20.0265
999.475 393.984 23.853 2.08974 25.2511
1040.95 333.85 23.8253 1.95842 25.335
1045.09 300.672 23.8217 1.88389 25.3236
1111.45 282.01 23.801 1.87718 25.5459
661.479 396.058 24.508 2.14793 21.6721
653.184 389.837 24.5814 2.07807 20.6563
684.288 325.555 24.468 1.67041 21.371
1016.06 505.958 23.7724 2.31509 25.2627
991.181 499.738 23.7717 2.31334 25.1205
1123.89 358.733 23.7783 2.02539 25.5971
1105.23 346.291 23.7889 1.9958 25.5363
1115.6 337.997 23.7817 1.9821 25.5687
170.035 277.862 26.4572 2.21248 23.8083
1063.76 80.8704 23.8743 1.41104 25.3138
180.403 304.819 26.5419 2.30399 23.5327
174.182 290.304 26.5296 2.24624 23.6212
1084.49 342.144 23.797 1.98691 25.4725
207.36 161.741 26.5698 1.69727 23.572
673.92 431.309 24.3707 2.34231 21.6669
831.514 400.205 24.1624 2.16563 25.054
649.037 497.664 24.4161 2.85641 20.7126
692.583 522.547 24.1953 2.79386 22.2556
864.691 410.573 24.0722 2.18174 25.0081
644.89 333.85 24.7369 1.63478 19.9462
678.067 373.248 24.4596 1.9923 22.0466
790.042 228.096 24.1959 1.45256 23.7275
765.159 209.434 24.2678 1.26 23.2034
184.55 308.966 26.5747 2.31393 23.42
120.269 209.434 26.4486 2.03945 24.2229
103.68 356.659 26.3926 2.53359 24.175
205.286 91.2384 27.0985 1.22012 22.7891
165.888 80.8704 26.3158 1.61912 24.3958
47.6928 188.698 26.3769 2.06978 24.6677
174.182 136.858 26.6209 1.66153 23.7641
522.547 265.421 27.108 0.297759 12.929
584.755 271.642 25.8462 0.493172 15.1975
466.56 215.654 27.7271 0.056295 14.6391
379.469 315.187 25.4937 2.19028 24.2672
443.75 319.334 25.363 2.13806 23.9678
530.842 120.269 26.1402 0.00880566 19.5721
190.771 624.154 25.5653 3.08444 24.8934
68.4288 439.603 26.3737 2.81248 24.2619
149.299 362.88 26.492 2.54958 23.709
72.576 522.547 26.1469 3.01187 24.4911
51.84 487.296 26.237 2.92275 24.4928
78.7968 447.898 26.2982 2.8225 24.3053
120.269 508.032 26.1917 3.0066 24.1976
514.253 586.829 25.0323 3.31009 22.4422
636.595 541.21 24.4221 3.21232 20.3221
389.837 555.725 25.6356 3.24444 22.725
350.438 675.994 25.3757 3.42882 23.9326
354.586 632.448 25.3678 3.25237 24.0415
628.301 431.309 24.7033 2.43805 19.308
593.05 433.382 25.0152 2.52214 19.0907
603.418 369.101 25.0155 1.96755 19.578
597.197 387.763 25.0349 2.1421 19.6408
555.725 518.4 25.0759 3.20132 20.2581
396.058 452.045 25.3231 2.5906 24.3557
848.103 205.286 24.088 1.47238 24.247
926.899 234.317 24.019 1.72834 25.0621
864.691 340.07 24.0449 1.97596 24.75
673.92 205.286 24.7824 0.403639 19.4738
763.085 323.482 24.2198 1.84648 23.7106
667.699 85.0176 24.8829 0.439314 22.27
717.466 109.901 24.5882 0.459906 22.0745
1103.16 252.979 23.6748 1.72855 25.2192
1237.94 201.139 23.7693 1.7915 25.8257
1192.32 203.213 23.7678 1.75683 25.6929
1018.14 257.126 23.8524 1.76854 25.1987
1080.35 240.538 23.7077 1.69466 25.1621
999.475 352.512 23.8215 1.97629 25.1035
1069.98 290.304 23.8102 1.87263 25.3886
1115.6 72.576 23.8486 1.46363 25.481
1206.84 109.901 23.7761 1.5942 25.6943
1005.7 72.576 23.9049 1.27464 25.0049
1020.21 58.0608 23.8702 1.21529 24.9791
1003.62 116.122 23.9018 1.40805 25.0442
1036.8 122.342 23.8398 1.43083 25.1175
862.618 534.989 24.0121 2.46502 25.009
802.483 549.504 24.144 2.52839 25.0328
931.047 537.062 23.8283 2.43666 24.9522
835.661 622.08 24.0221 2.69651 24.9673
804.557 644.89 24.0923 2.73577 25.0376
879.207 400.205 24.0388 2.1447 25.0041
808.704 520.474 24.1435 2.46023 25.0102
870.912 503.885 24.0074 2.38705 25.0216
887.501 458.266 23.9884 2.27572 25.0004
765.159 414.72 24.2811 2.23883 24.8733
1237.94 539.136 23.3572 2.27574 25.3427
1094.86 675.994 23.6467 2.59416 25.4568
1165.36 605.491 23.7137 2.4137 25.7347
960.077 572.314 23.79 2.48832 25.0827
982.887 661.479 23.7502 2.65399 25.216
991.181 638.669 23.7605 2.59572 25.2551
976.666 622.08 23.7659 2.57886 25.1779
1138.41 371.174 23.7696 2.04374 25.6399
1217.2 404.352 23.7602 2.10147 25.842
1142.55 468.634 23.6707 2.1994 25.5285
999.475 410.573 23.856 2.12887 25.2944
978.739 389.837 23.8279 2.07237 25.0543
1049.24 371.174 23.8111 2.04447 25.3826
978.739 501.811 23.795 2.32467 25.114
976.666 472.781 23.7843 2.2608 25.028
1022.28 493.517 23.7795 2.28953 25.2999
1078.27 443.75 23.7607 2.17311 25.4533
836.076 432.968 24.1276 2.25192 25.0385
863.447 410.573 24.0751 2.18147 25.0756
1002.79 547.43 23.8029 2.40224 25.3195
79.6263 186.624 26.4409 2.02266 24.449
79.6263 171.694 26.4268 1.97249 24.4901
992.84 500.152 23.783 2.30992 25.1573
1010.26 495.176 23.7671 2.30007 25.215
1084.91 343.388 23.7963 1.98838 25.4805
664.382 348.365 24.56 1.81729 21.2194
661.893 328.458 24.6276 1.56091 19.9489
855.982 380.713 24.1125 2.1091 25.0229
888.33 435.456 24 2.2206 24.999
883.354 430.479 24.0015 2.19905 24.9365
885.842 410.573 24.0175 2.16299 24.9956
1007.77 385.69 23.8577 2.07994 25.3232
977.91 390.666 23.8263 2.07517 25.0543
181.647 241.367 26.5312 2.04656 23.6481
119.439 209.019 26.4715 2.0383 24.1896
681.8 413.061 24.3736 2.21484 21.8392
766.403 209.019 24.2468 1.22476 23.0602
709.171 278.692 24.4022 1.45255 22.1777
694.241 243.855 24.5149 1.15743 21.6955
423.014 69.673 26.6728 0.266911 21.0474
592.22 646.963 24.579 3.32267 23.1856
363.295 373.248 25.3939 2.37506 24.6235
619.592 186.624 25.2464 0.404372 19.6935
716.636 109.486 24.5882 0.459906 22.0745
669.358 84.6029 24.8883 0.420441 22.1905
925.655 233.902 24.0086 1.71309 24.9823
1172 296.11 23.7274 1.89786 25.6196
584.755 271.227 25.8462 0.493172 15.1975
1057.54 194.089 23.7314 1.55925 25.0316
1037.63 121.928 23.8398 1.43083 25.1175
306.063 644.475 25.4118 3.2023 24.4466
532.501 271.227 27.4144 -0.107974 9.68118
569.825 532.501 24.8888 3.17605 21.0406
933.12 534.989 23.8716 2.42506 25.1061
868.424 532.501 23.9944 2.45619 25.0218
1216.79 79.6263 23.7709 1.53747 25.6972
184.136 592.22 25.5971 3.01005 24.908
353.341 656.917 25.3462 3.33194 24.0641
355.83 624.568 25.3564 3.21638 24.0736
467.804 213.996 27.7271 0.056295 14.6391
1226.74 134.369 23.7597 1.6408 25.7385
1164.53 604.662 23.7128 2.41373 25.731
1214.3 420.526 23.7699 2.13434 25.861
320.993 191.601 25.6593 1.88797 24.5787
97.0445 102.021 26.4417 1.75496 24.4796
880.865 121.928 24.0564 1.2313 24.3846
1000.3 350.853 23.8347 1.98666 25.1763
1114.77 72.1613 23.8595 1.46829 25.5132
818.657 651.94 24.0543 2.74422 25.0671
1047.58 370.76 23.8175 2.04517 25.3985
1104.81 251.32 23.6794 1.72832 25.2308
1139.65 209.019 23.8078 1.75071 25.6045
768.891 619.592 24.1789 2.71168 24.9947
1117.26 666.87 23.6384 2.55271 25.5124
1162.05 627.057 23.7291 2.44355 25.7654
1067.49 629.545 23.6705 2.52732 25.3833
1030.16 602.174 23.7495 2.49382 25.3722
1084.91 569.825 23.7551 2.39664 25.5558
1017.72 525.036 23.7693 2.35452 25.2788
1104.81 485.222 23.7435 2.23875 25.5326
99.5328 383.201 26.4335 2.63447 24.0946
236.39 134.369 25.7736 1.86012 24.8968
333.435 223.949 25.5706 1.98468 24.6684
639.498 201.554 25.0405 0.478806 19.7149
860.959 495.176 24.034 2.37391 24.9758
816.169 490.199 24.1437 2.38433 25.0049
171.694 368.271 26.4951 2.56022 23.5315
1107.3 388.178 23.8035 2.08189 25.5914
77.1379 447.898 26.3267 2.82244 24.283
233.902 258.785 25.7363 2.15783 24.8178
1147.12 333.435 23.7579 1.96967 25.6157
1122.23 333.435 23.7786 1.9787 25.5593
962.98 515.082 23.7887 2.36432 25.0104
1020.21 59.7197 23.8726 1.22075 24.9808
119.439 179.159 26.4492 1.93667 24.2762
982.887 661.893 23.7485 2.65263 25.2028
975.422 619.592 23.7646 2.58052 25.1595
982.887 432.968 23.7987 2.16651 25.0488
345.877 233.902 25.56 1.98963 24.5817
119.439 507.617 26.1917 3.0066 24.1976
619.592 495.176 24.642 2.94171 19.8414
579.779 487.711 24.9433 2.94889 20.277
1087.4 505.129 23.737 2.28549 25.4776
1030.16 495.176 23.7747 2.28932 25.3208
1079.93 442.921 23.7599 2.17294 25.4533
818.657 418.038 24.164 2.21636 24.9848
106.998 258.785 26.3892 2.21681 24.3223
776.356 313.528 24.1964 1.80305 23.8151
629.545 432.968 24.697 2.43888 19.5253
589.732 430.479 25.0353 2.52424 19.3048
604.662 370.76 25.0032 1.97836 19.6968
848.517 204.042 24.0822 1.46647 24.2308
141.834 353.341 26.6117 2.51135 23.5434
174.182 291.133 26.5014 2.25094 23.6972
656.917 303.575 24.6837 1.56419 21.3715
786.309 393.155 24.2551 2.17009 24.993
748.984 124.416 24.3885 0.47212 22.0158
248.832 442.921 25.6199 2.63213 24.7178
104.509 654.428 26.1108 3.47794 24.1713
527.524 154.276 26.7416 -0.558962 16.2556
836.076 429.982 24.1216 2.24458 25.0181
830.104 400.122 24.1541 2.16571 24.9927
710.664 277.697 24.4022 1.45255 22.1777
695.734 244.851 24.5269 1.13944 21.4999
247.837 119.439 25.8205 1.76876 24.7872
301.584 644.973 25.4137 3.20112 24.4467
415.052 415.052 25.3704 2.49277 24.0314
424.01 68.6776 26.7934 0.100129 20.6816
534.491 65.6917 25.7461 0.351562 21.7439
862.95 337.416 24.0447 1.97456 24.7443
316.514 429.982 25.4987 2.56802 24.5296
621.085 185.131 25.2649 0.353539 19.4844
1173.49 295.612 23.7082 1.88602 25.564
516.575 585.253 25.0206 3.28445 22.6194
555.393 516.575 25.0759 3.20132 20.2581
701.706 104.509 24.6644 0.496141 22.2392
665.875 101.523 24.8885 0.52799 22.2017
925.655 232.907 24.019 1.72834 25.0621
931.627 534.491 23.867 2.42456 25.0778
868.922 531.505 24.0184 2.45489 25.0573
1060.02 191.103 23.7416 1.53756 25.0396
1027.18 146.313 23.8283 1.46445 25.0244
412.066 185.131 25.4704 1.75978 24.3754
641.987 203.047 25.0873 0.386137 19.0884
752.468 122.425 24.3848 0.356194 21.7284
1218.28 418.038 23.7676 2.12884 25.8633
179.159 585.253 25.6903 3.02904 24.7152
480.743 277.697 27.5465 0.669165 13.2006
1170.51 182.145 23.7849 1.71241 25.6445
86.5936 522.547 26.1569 3.01902 24.4086
352.346 656.917 25.3368 3.3155 24.1341
883.851 185.131 24.0928 1.56577 24.8431
1191.41 122.425 23.782 1.60833 25.6651
1218.28 80.6216 23.7702 1.54153 25.6974
1191.41 68.6776 23.7993 1.51463 25.6767
304.57 223.949 25.6286 2.01314 24.7077
570.323 531.505 24.8888 3.17605 21.0406
862.95 495.673 24.0328 2.37361 24.976
1000.3 355.332 23.8306 1.9831 25.1442
976.417 295.612 23.867 1.84568 24.9984
98.5375 101.523 26.4435 1.757 24.478
1098.84 92.5655 23.8353 1.45601 25.3895
1134.67 59.7197 23.8458 1.44448 25.5426
1116.76 71.6636 23.8583 1.46846 25.5144
770.384 618.099 24.1747 2.71381 24.9454
794.272 653.931 24.1099 2.76762 25.0018
833.09 624.071 24.0373 2.68086 24.9861
1009.26 385.192 23.8517 2.07612 25.2943
961.487 379.22 23.8903 2.06126 25.1089
1042.11 537.477 23.7581 2.37103 25.3692
1146.62 432.968 23.668 2.13237 25.5065
1110.79 388.178 23.795 2.07799 25.5903
824.132 438.94 24.1511 2.26669 24.9975
1036.14 421.024 23.7985 2.13531 25.3469
1048.08 370.262 23.8127 2.04227 25.3797
525.533 391.164 27.0391 2.30927 9.20209
1140.65 489.701 23.6541 2.23696 25.4955
991.347 641.987 23.7699 2.59432 25.292
961.487 633.029 23.769 2.61929 25.0961
979.403 621.085 23.7661 2.5772 25.178
970.445 594.211 23.78 2.52835 25.1284
994.333 501.645 23.7742 2.31331 25.1426
964.473 513.589 23.7885 2.36046 25.0036
979.403 468.8 23.8118 2.24922 25.1398
119.439 504.631 26.1758 2.99757 24.2439
83.6076 498.659 26.1955 2.95842 24.4158
1039.12 122.425 23.8354 1.42007 25.0897
1125.72 537.477 23.6602 2.32347 25.4856
119.439 388.178 26.5037 2.65502 23.8312
107.495 259.781 26.4305 2.21627 24.209
149.299 361.304 26.4404 2.54024 23.8288
856.978 588.239 23.9724 2.59729 24.8923
842.048 537.477 24.0538 2.4833 25.0008
809.202 519.561 24.1404 2.45422 24.9939
946.557 528.519 23.8049 2.401 24.9649
1051.07 483.729 23.7565 2.25504 25.3429
1033.15 495.673 23.7727 2.28827 25.3136
1021.21 465.814 23.7788 2.2349 25.2448
1051.07 250.823 23.7253 1.6921 25.0421
1048.08 217.977 23.7452 1.63196 25.0634
1149.6 334.43 23.7412 1.96215 25.5765
110.481 301.584 26.0964 2.34526 24.731
173.187 155.271 26.6064 1.73373 23.7545
158.257 128.397 26.6846 1.64911 23.7294
821.146 418.038 24.1661 2.21159 24.9779
824.132 388.178 24.1791 2.14407 25.0081
346.374 235.893 25.5628 1.98639 24.5717
800.244 340.402 24.0744 1.88955 23.7881
68.6776 203.047 26.3934 2.08365 24.5591
588.239 489.701 24.9243 3.01503 19.3033
594.211 459.842 24.8915 2.70243 19.9991
1042.11 331.444 23.8339 1.95159 25.3736
1068.98 289.641 23.8115 1.87377 25.3886
737.538 256.795 24.3585 1.54642 23.4123
749.482 483.729 24.2478 2.42623 24.7463
647.959 331.444 24.7289 1.64284 20.2346
680.805 292.626 24.5691 1.42203 21.1699
656.917 307.556 24.7385 1.46154 20.392
630.043 432.968 24.6492 2.43816 20.8146
597.197 388.178 25.0602 2.13099 19.4894
140.341 355.332 26.4737 2.51344 23.8134
659.903 367.276 24.5814 1.9018 20.637
764.412 415.052 24.2847 2.23609 24.8738
779.342 385.192 24.3268 2.19091 25.4074
191.103 624.071 25.5866 3.10086 24.8335
214.991 558.379 25.6387 2.94993 24.6833
1150.2 333.236 23.7517 1.9681 25.5887
1171.7 297.404 23.7237 1.89359 25.6058
892.212 100.329 24.1398 1.30302 24.7754
924.461 232.907 24.0121 1.70934 24.9946
885.046 243.656 24.0523 1.71184 24.8115
1117.95 68.0805 23.8581 1.46663 25.5156
1100.04 89.5795 23.8319 1.45641 25.4087
1168.12 179.159 23.7808 1.71305 25.643
1189.62 68.0805 23.7957 1.51649 25.6757
114.662 555.393 26.8547 3.51374 22.8376
240.073 214.991 25.8085 2.00938 24.6784
612.724 526.728 24.6141 3.18661 20.1261
992.541 232.907 23.875 1.69477 25.0613
100.329 103.912 26.5154 1.7375 24.3365
75.2468 93.1627 26.5258 1.74195 24.4347
659.305 283.071 24.7702 0.867121 18.1494
863.547 576.892 23.9923 2.55253 25.0245
924.461 541.06 23.8415 2.44623 24.9558
863.547 533.894 23.9873 2.47222 24.9603
881.463 186.325 24.093 1.55815 24.7571
1046.29 369.068 23.8165 2.04023 25.3747
1082.12 644.973 23.6567 2.55409 25.4156
1139.45 207.825 23.8128 1.75279 25.6245
1117.95 154.077 23.7273 1.53731 25.3235
85.9964 498.062 26.2143 2.95681 24.37
75.2468 447.898 26.2571 2.8046 24.428
333.236 222.157 25.5699 1.97962 24.6605
766.801 616.307 24.1772 2.70553 24.9838
870.713 480.146 24.0122 2.33069 24.9861
895.795 440.731 23.9685 2.21722 24.9325
885.046 447.898 23.9938 2.25317 25.0062
1003.29 648.556 23.7395 2.60625 25.2469
960.293 634.223 23.768 2.61673 25.0953
985.375 433.565 23.7842 2.16599 25.0638
956.709 379.817 23.855 2.04711 24.9808
1107.2 250.823 23.6727 1.72123 25.2227
175.576 501.645 25.7228 2.80614 24.7859
838.464 537.477 24.0538 2.4833 25.0008
1035.54 121.828 23.8182 1.3873 25.0557
1010.46 89.5795 23.9145 1.38363 25.1303
1203.95 619.89 23.6834 2.41484 25.7897
1160.95 605.558 23.713 2.41595 25.7341
218.574 186.325 25.7978 1.98553 24.8436
229.324 139.744 25.9624 1.8072 24.5698
999.708 354.735 23.8205 1.98692 25.1247
1121.54 361.901 23.7679 2.02088 25.5766
1046.29 218.574 23.7452 1.63196 25.0634
1103.62 483.73 23.7433 2.23839 25.5357
1128.7 444.315 23.6908 2.15425 25.4849
1096.45 469.397 23.7456 2.21821 25.4939
816.965 487.313 24.1467 2.38064 25.0251
816.965 465.814 24.1503 2.32039 25.0012
121.828 433.565 26.4068 2.80023 23.9068
974.625 555.393 23.8201 2.43675 25.2216
963.876 573.309 23.7801 2.49422 25.075
960.293 512.395 23.8037 2.35291 25.0781
1114.37 558.976 23.6759 2.36844 25.4915
1125.12 537.477 23.6594 2.32495 25.4863
415.649 229.324 25.5034 1.85857 24.1056
347.569 236.49 25.5621 1.99474 24.5573
745.302 329.653 24.2794 1.87769 23.6349
121.828 207.825 26.4148 2.03743 24.2775
824.132 354.735 24.2078 2.0768 24.9925
856.38 383.4 24.1047 2.11528 24.9876
1103.62 343.985 23.7918 1.9922 25.5356
716.636 240.073 24.4041 1.13819 21.8154
677.221 480.146 24.3236 2.58728 22.0496
1042.71 329.653 23.8347 1.95348 25.3822
680.805 412.066 24.3852 2.22628 21.9369
1164.53 505.229 23.6181 2.25211 25.5469
992.541 136.161 23.9096 1.43582 24.9864
1200.37 232.907 23.734 1.79334 25.6871
713.053 107.495 24.6217 0.415163 21.9128
702.304 103.912 24.6645 0.468448 22.1413
580.475 634.223 24.6297 3.3312 22.979
555.393 519.561 25.0759 3.20132 20.2581
214.991 433.565 25.7066 2.61171 24.733
214.991 558.976 25.64 2.95096 24.6945
451.481 161.243 27.1933 0.126092 17.9525
637.806 204.241 25.0873 0.386137 19.0884
247.24 118.245 25.9386 1.71908 24.5382
1010.46 90.2962 23.9066 1.35397 25.0433
1113.65 425.682 23.7239 2.13371 25.4951
1122.25 361.185 23.7713 2.02303 25.5647
1087.85 365.485 23.7871 2.03598 25.4857
1143.75 567.576 23.631 2.37046 25.5086
331.086 202.091 25.5773 1.93024 24.6721
662.172 214.991 24.8417 0.546913 19.7476
954.56 404.183 23.8571 2.11051 24.9676
1044.86 365.485 23.8108 2.02584 25.3267
1040.56 533.177 23.7531 2.36318 25.3654
1105.05 176.293 23.7022 1.54793 25.2063
795.466 550.377 24.1612 2.53199 24.9881
838.465 537.477 24.0637 2.48744 24.9992
812.666 515.978 24.1442 2.44933 25.0047
993.258 227.89 23.874 1.69715 25.0371
1117.95 558.976 23.6759 2.36844 25.4915
1087.85 507.379 23.7364 2.28521 25.4803
718.07 300.987 24.3628 1.73532 23.3372
816.965 464.38 24.1544 2.33095 25.015
971.759 537.477 23.767 2.42916 25.0292
963.159 507.379 23.7958 2.35673 25.0025
1036.26 472.98 23.7928 2.24288 25.3724
1036.26 460.081 23.7744 2.21611 25.3137
103.196 352.585 26.4657 2.52789 24.0504
593.375 382.684 25.0998 2.09997 19.4101
782.567 580.475 24.163 2.62143 24.9628
821.265 412.783 24.1705 2.2108 25.0428
855.664 382.684 24.1028 2.11732 24.9167
821.265 386.984 24.1785 2.14005 24.9862
1109.35 249.389 23.6709 1.72203 25.2278
412.783 227.89 25.5548 1.83655 23.9461
589.075 490.179 24.969 3.02227 19.0687
593.375 455.781 24.8574 2.65035 21.2045
1130.85 438.581 23.7116 2.15625 25.5203
619.174 300.987 25.1886 1.10813 17.543
1044.86 326.786 23.8249 1.94117 25.3448
1019.06 352.585 23.8142 1.98311 25.1855
1036.26 300.987 23.8309 1.89523 25.2974
1126.55 326.786 23.7771 1.95455 25.5749
765.368 412.783 24.3009 2.24052 25.0596
748.168 408.483 24.3111 2.22395 24.7543
778.267 382.684 24.2828 2.16215 25.0024
1169.55 503.079 23.6253 2.25144 25.5546
1066.35 601.975 23.6785 2.47616 25.3526
829.865 619.174 24.0474 2.67148 25.0617
1027.66 146.194 23.8437 1.46846 25.0635
1143.75 206.391 23.8103 1.75562 25.6266
1191.05 120.395 23.7862 1.60831 25.662
640.673 202.091 25.0858 0.394654 19.1221
881.463 189.192 24.0928 1.56577 24.8431
890.062 98.8958 24.12 1.33106 24.8271
890.062 240.79 24.0523 1.71184 24.8115
417.082 412.783 25.4175 2.4988 23.7739
257.989 442.881 25.5989 2.63076 24.6957
313.887 425.682 25.2734 2.5011 25.2158
214.991 429.982 25.7061 2.60796 24.744
180.592 589.075 25.5971 3.01005 24.908
584.775 270.889 25.8738 0.501732 14.9304
533.177 262.289 27.2125 0.103495 11.6147
214.991 214.991 26.037 2.00471 24.3863
623.474 184.892 25.2243 0.454175 19.915
866.843 495.339 24.0186 2.36662 24.9866
1037.12 474.7 23.7741 2.21556 25.325
1093.87 567.576 23.7658 2.39314 25.5982
1088.71 552.097 23.717 2.36703 25.4836
1124.83 531.458 23.691 2.31649 25.535
753.328 510.818 24.3255 2.44612 25.4325
856.524 381.824 24.0965 2.10916 24.9397
995.838 536.617 23.8004 2.38535 25.245
1104.19 459.221 23.7315 2.19039 25.497
1119.67 154.793 23.6486 1.44825 25.1042
588.215 490.179 24.969 3.02227 19.0687
794.606 552.097 24.166 2.52887 25.0348
810.086 515.978 24.1351 2.44319 25.0077
923.601 541.777 23.845 2.42581 24.9674
944.24 531.458 23.8363 2.41329 24.983
1047.44 257.989 23.7237 1.72409 25.0482
995.838 227.03 23.874 1.69715 25.0371
1042.28 366.345 23.8163 2.02642 25.3488
1021.64 392.143 23.8197 2.08802 25.319
1042.28 330.226 23.8214 1.94076 25.3198
1037.12 304.427 23.8357 1.89044 25.2961
1006.16 294.108 23.8432 1.8477 25.0993
1124.83 325.066 23.7735 1.95322 25.5359
1068.07 314.747 23.8129 1.92234 25.4073
1104.19 252.829 23.6801 1.72248 25.2425
619.174 304.427 25.2873 0.958062 16.5878
670.772 356.025 24.5142 1.86907 21.3039
681.091 294.108 24.5265 1.43424 21.401
835.885 433.422 24.1355 2.24208 25.1059
211.551 211.551 25.8383 2.03955 24.7788
196.072 288.948 26.5007 2.2274 23.595
180.592 283.788 26.236 2.22652 24.1706
810.086 232.19 24.1448 1.48038 23.7267
985.518 433.422 23.7812 2.15892 25.0437
954.56 381.824 23.8914 2.05643 25.0328
1135.15 366.345 23.752 2.0275 25.5769
964.879 577.896 23.7791 2.50809 25.0992
1155.79 608.854 23.7165 2.41875 25.7289
815.246 614.014 24.0842 2.66175 25.0895
861.684 531.458 24.0178 2.45483 25.0158
1166.11 149.634 23.79 1.64636 25.6382
1150.63 335.386 23.7367 1.96484 25.5709
1135.15 283.788 23.784 1.87981 25.5764
706.89 108.355 24.6673 0.439552 21.9856
712.05 304.427 24.3589 1.62875 22.4439
825.565 356.025 24.1508 2.03818 24.7399
887.482 242.51 24.0748 1.7305 24.9689
263.149 448.901 25.5811 2.64033 24.6684
314.747 428.262 25.509 2.60285 24.521
180.592 593.375 25.6756 3.02626 24.7565
175.433 505.659 25.7966 2.83319 24.6091
371.504 257.989 25.617 1.99036 24.1623
278.628 190.912 25.7077 1.92079 24.7057
624.334 185.752 25.2709 0.406533 19.5808
117.643 383.888 26.4094 2.63675 24.0639
371.504 253.861 25.5665 1.99681 24.3195
792.543 544.873 24.1675 2.53488 24.9935
811.118 507.723 24.1424 2.43345 25.0659
823.501 414.846 24.1542 2.18519 25.0232
823.501 390.08 24.1667 2.14054 24.9864
953.528 377.696 23.8933 2.06517 25.072
1108.32 173.369 23.7048 1.55052 25.2205
160.985 179.56 26.4592 1.88318 24.0357
130.027 179.56 26.4349 1.95392 24.2474
532.49 260.053 27.3225 -0.0587601 11.1232
681.091 359.121 24.5064 1.8828 21.6135
1102.13 340.546 23.7914 1.9903 25.5309
1046.4 328.162 23.8235 1.9456 25.3446
1102.13 297.203 23.7983 1.89949 25.5033
1064.98 315.779 23.8169 1.92691 25.4051
823.501 458.189 24.142 2.31415 25.0395
780.159 464.38 24.1917 2.35672 24.7724
835.885 427.23 24.1239 2.22693 25.0199
984.486 321.97 23.8449 1.91895 25.041
1040.21 458.189 23.7716 2.20916 25.3224
978.295 464.38 23.7825 2.23017 25.0393
984.486 544.873 23.8046 2.41022 25.2244
1009.25 396.271 23.8554 2.11544 25.2994
1120.7 383.888 23.7925 2.07505 25.6216
1046.4 421.038 23.7787 2.13166 25.3414
1089.75 569.64 23.7742 2.38812 25.6396
1089.75 544.873 23.7193 2.36763 25.483
786.351 582.023 24.1582 2.61965 24.9644
860.652 526.298 24.0178 2.45483 25.0158
743.009 117.643 24.469 0.513838 22.3261
879.227 191.944 24.093 1.55815 24.7571
712.05 303.395 24.3687 1.75043 23.3832
891.61 235.286 24.0744 1.73815 25.0117
377.696 482.956 25.473 2.76476 23.8147
563.448 520.106 25.1762 3.30653 18.9931
315.779 427.23 25.5152 2.58053 24.5707
303.395 538.681 25.4902 2.9174 24.4454
408.655 222.903 25.5283 1.84385 24.0961
637.749 204.327 25.0174 0.61059 19.9004
588.215 272.436 26.2273 0.102898 11.5694
154.793 148.602 26.1469 1.87848 24.5925
309.587 179.56 25.5763 1.90775 24.9124
284.82 185.752 25.6444 1.93621 24.893
817.31 482.956 24.1403 2.36503 25.0002
780.159 482.956 24.1914 2.38845 24.8004
876.75 416.085 24.0393 2.17817 24.9672
988.202 438.375 23.7823 2.16297 25.0878
1077.36 304.634 23.806 1.90813 25.4615
1047.64 326.924 23.8366 1.95155 25.3914
668.708 401.225 24.4818 2.23742 24.3108
1003.06 401.225 23.8505 2.10411 25.2872
1010.49 378.934 23.851 2.09826 25.2851
988.202 274.913 23.8748 1.78436 25.1061
1025.35 245.193 23.8103 1.69143 25.0953
980.771 245.193 23.9 1.71401 24.9839
245.193 215.473 25.7633 2.03552 24.812
237.763 193.182 25.7637 1.97326 24.8631
988.202 542.396 23.8059 2.39855 25.2495
958.481 497.816 23.7931 2.31762 24.9922
1084.79 564.687 23.7482 2.38767 25.5345
705.858 430.945 24.2135 2.30697 22.0431
884.18 460.665 23.9749 2.28413 24.978
832.17 430.945 24.1269 2.22849 25.0319
817.31 393.795 24.1557 2.15809 25.0173
787.589 542.396 24.1711 2.52153 24.9972
1129.37 282.343 23.775 1.87344 25.5818
869.32 200.612 24.093 1.55815 24.7571
646.418 312.064 24.7082 1.57766 21.3077
445.805 445.805 25.031 2.51765 25.1084
586.977 482.956 24.8961 2.87451 20.7222
557.256 520.106 25.1277 3.25995 19.4961
378.934 193.182 25.4505 1.87879 24.8078
430.945 282.343 25.3535 1.99976 24.2232
586.977 282.343 25.7151 0.673373 15.9799
527.536 260.053 26.1981 0.770159 17.8163
304.634 178.322 25.7007 1.8713 24.5375
170.892 356.644 26.4955 2.55934 23.537
193.182 297.203 26.0578 2.27495 24.3015
349.214 304.634 25.5813 2.16142 24.2648
364.074 252.623 25.6627 1.97027 24.0049
624.127 185.752 25.1725 0.425523 19.9789
784.617 481.47 24.2242 2.35142 25.0188
1061.02 222.903 23.7099 1.62962 25.0552
1105.6 303.148 23.7888 1.93458 25.5354
258.567 213.987 26.0878 1.96041 24.0062
588.463 285.315 25.7551 0.687297 15.5203
980.771 303.148 23.8622 1.87259 25.0291
998.604 267.483 23.8929 1.79911 25.2048
1007.52 392.309 23.8082 2.03588 25.1709
980.771 410.141 23.8361 2.09813 25.003
829.198 427.973 24.1316 2.22761 25.0206
998.604 436.889 23.7826 2.20975 25.1396
1043.18 454.721 23.7333 2.18177 25.2494
1034.27 401.225 23.82 2.08936 25.3457
989.688 543.882 23.7831 2.40515 25.1958
1105.6 499.302 23.7371 2.26843 25.5318
731.121 392.309 24.3292 2.17072 23.7076
668.708 401.225 24.4557 2.16539 22.5211
820.282 392.309 24.1805 2.14758 25.0084
847.03 534.966 24.0246 2.47117 24.9893
998.604 213.987 23.875 1.69477 25.0613
1087.76 196.154 23.7018 1.62938 25.1954
1087.76 356.644 23.7596 1.98713 25.4637
1061.02 320.98 23.8214 1.9407 25.3486
641.96 213.987 25.0708 0.488273 18.9828
740.037 338.812 24.277 1.76173 22.1153
419.057 410.141 25.3364 2.46948 24.1617
588.463 454.721 24.8685 2.56082 22.882
561.715 445.805 24.8685 2.56082 22.882
633.043 526.05 24.5838 3.02013 21.6304
561.715 517.134 25.1277 3.25995 19.4961
374.476 490.386 25.3797 2.74733 24.2079
294.231 481.47 25.5336 2.71442 24.5208
419.057 258.567 25.1608 2.08755 25.1178
534.966 258.567 25.5842 1.34373 20.4161
276.399 213.987 25.7253 1.9953 24.7216
285.315 187.238 25.7137 1.92032 24.7134
338.812 338.812 25.5312 2.22893 24.456
356.644 267.483 25.8493 1.93034 23.4523
169.406 499.302 25.6766 2.78117 24.9264
