162 167 46.7816 2.27268 27.1652
278 263 44.8901 3.0959 24.9648
604 569 41.5021 4.15217 21.92
629 534 42.6435 4.27168 21.889
613 545 42.6007 4.32621 21.9603
463 269 51.8752 2.74024 25.3735
1028 488 40.6912 3.5035 20.6784
1004 488 42.8904 3.80307 19.9486
1065 665 42.5608 4.59917 19.6382
634 465 42.6883 3.92148 21.9163
666 349 38.9696 3.18952 21.7297
640 319 43.062 3.15659 22.0029
938 648 42.7703 4.67326 20.2016
1184 348 48.9483 2.66258 15.8977
675 520 42.6965 4.18099 21.6676
794 153 43.7487 2.00037 21.22
917 607 42.7789 4.47478 20.3349
1060 644 42.5538 4.49135 19.6777
1044 619 43.0032 4.50515 19.5866
1234 660 39.5224 3.58555 20.7619
1253 624 39.56 3.53104 20.7179
114 132 45.4913 2.15544 26.8292
110 123 45.508 2.08507 26.8807
208 195 49.1039 2.31329 28.0007
494 435 42.2248 3.7923 22.572
127 692 40.591 4.46776 23.2331
148 598 41.4278 4.50722 23.6987
243 449 43.812 4.35681 24.5493
366 284 44.8796 3.15429 24.2631
29 80 44.6857 1.96912 26.9571
571 340 42.2923 3.30107 22.2732
633 700 40.417 4.17753 21.7314
610 699 41.1727 4.51868 21.8171
390 288 45.2386 3.18131 24.1925
724 394 51.7007 4.12714 21.083
1001 427 43.4393 3.51469 19.8075
492 687 41.1336 4.52058 22.2454
831 567 44.0845 4.65607 20.5614
1024 326 50.0506 2.5781 17.3794
1031 167 43.2651 2.01352 19.9192
1227 613 39.6904 3.54805 20.6826
1246 584 39.6647 3.48707 20.6757
21 484 40.78 3.9423 23.7658
103 374 43.0696 3.88502 25.0771
1088 649 42.6711 4.53185 19.4884
1215 650 39.6463 3.60732 20.7192
1195 660 39.6434 3.6295 20.7533
1217 627 39.6781 3.57396 20.7047
147 335 44.1142 3.72076 25.4692
1049 195 42.8738 2.23322 19.9433
1192 472 43.4392 3.62869 18.6845
565 416 42.0034 3.63724 22.2143
809 520 44.6473 4.4604 20.6714
1246 689 39.4501 3.60344 20.7865
123 295 44.2302 3.47763 25.7669
401 457 41.9437 3.90487 22.9098
655 394 42.6675 3.53403 21.8578
647 364 42.7274 3.3922 21.9177
85 327 48.056 4.0849 28.6766
1067 582 42.7367 4.21118 19.6065
70 282 53.9356 3.84456 33.0941
1096 543 42.4449 3.94578 19.6254
1070 539 42.7241 3.9912 19.6393
1257 494 43.2708 3.68633 18.3919
1242 492 43.0765 3.67201 18.5873
371 336 44.7711 3.55962 24.1369
647 573 42.5497 4.43701 21.771
651 544 42.522 4.27811 21.7711
899 493 43.3051 3.97093 20.3816
890 491 43.3491 3.97035 20.4254
1083 441 42.9564 3.50316 19.5446
1099 414 42.9643 3.34696 19.4695
690 427 42.8715 3.70067 21.6435
695 418 42.3313 3.59816 21.6239
919 548 42.9013 4.18811 20.3337
677 606 42.7132 4.63163 21.591
662 595 42.626 4.55932 21.679
644 596 42.5179 4.54552 21.7689
641 433 42.6907 3.74907 21.8988
647 407 42.6855 3.61055 21.8887
1110 606 42.652 4.29178 19.4188
1110 589 42.6006 4.19977 19.4548
1220 551 42.2894 3.87317 19.1399
1192 542 42.4886 3.8842 19.1561
170 373 43.6585 3.8981 25.0178
233 364 44.2371 3.84826 24.9069
224 378 44.0916 3.94131 24.8796
850 480 42.5135 3.8136 20.8253
974 500 42.598 3.84287 20.1801
978 611 42.8502 4.46913 19.9996
961 609 42.8908 4.47467 20.0755
963 590 42.9215 4.3811 20.0709
1114 573 42.4688 4.09168 19.508
1137 535 42.6961 3.91945 19.3248
311 366 44.5235 3.82446 24.4615
914 474 42.7789 3.77541 20.448
948 465 42.9066 3.71867 20.2451
916 460 43.4183 3.78285 20.2817
927 491 42.9907 3.89103 20.3104
1008 609 42.6039 4.36888 19.9341
1093 584 42.6196 4.18805 19.5309
478 434 42.257 3.80084 22.6455
478 405 40.38 3.44793 22.2443
955 484 43.0408 3.83635 20.1571
990 450 43.3915 3.65672 19.861
988 637 42.6411 4.53705 20
955 620 42.9066 4.55004 20.0896
905 604 42.9444 4.51458 20.3594
885 599 43.165 4.55516 20.4095
1246 477 43.6274 3.63134 18.2643
704 396 42.8968 3.53061 21.6008
694 395 42.7623 3.51582 21.6546
1019 507 42.778 3.87711 19.892
1099 530 42.5453 3.89308 19.5789
1085 505 42.7462 3.81018 19.57
388 430 42.1609 3.82592 23.056
379 427 42.2499 3.83683 23.1347
1085 464 42.7842 3.60583 19.5917
1119 446 42.9426 3.49761 19.3551
982 571 42.7467 4.22623 20.0415
952 560 42.7024 4.18351 20.2059
972 534 42.9027 4.07315 20.0728
953 546 42.9772 4.16688 20.1383
1008 558 42.7922 4.15342 19.8982
581 208 45.9295 2.25975 22.836
629 60 43.0003 1.75587 22.2477
50 567 41.896 4.61552 24.4284
173 495 43.476 4.63815 24.8012
297 455 44.0311 4.39322 24.2701
143 436 43.5371 4.3095 25.0789
600 608 42.6622 4.68206 21.9922
382 548 42.4508 4.473 23.1111
412 457 41.9892 3.91089 22.8767
895 193 45.2069 1.91811 20.2702
945 315 48.1657 2.68222 18.9441
750 195 44.7346 2.12626 21.4182
810 98 41.96 2.11557 21.3314
1206 229 45.3334 1.8645 17.8099
969 318 51.2978 2.51328 17.7211
1017 276 47.5873 2.20402 18.4182
718 700 41.2251 4.48457 21.434
660 468 40.5415 3.56986 21.7392
1166 677 39.7317 3.69444 20.7486
1171 650 39.7199 3.63873 20.7512
1152 495 42.3755 3.66595 19.4378
636 411.6 42.7529 3.65361 21.9464
637.2 391.2 42.7846 3.54465 21.9562
933.6 387.6 43.4158 3.34999 20.2488
925.2 402 43.5023 3.43495 20.2582
1023.6 201.6 42.9144 2.27856 20.0477
1221.6 613.2 39.641 3.54 20.7208
628.8 520.8 42.6544 4.20587 21.9064
679.2 687.6 41.1674 4.44084 21.5788
938.4 648 42.6353 4.62003 20.2306
945.6 620.4 42.7292 4.51144 20.1877
915.6 625.2 42.7976 4.57936 20.3272
1066.8 120 42.6444 1.89664 19.9878
1243.2 492 43.1266 3.67778 18.5586
91.2 184.8 48.5133 2.40211 29.0902
90 194.4 48.0242 2.54376 28.7634
189.6 619.2 40.9073 4.35098 23.2298
692.4 590.4 42.5561 4.49814 21.5278
751.2 554.4 44.9661 4.84721 21.0278
729.6 546 44.6621 4.75568 21.2079
1022.4 351.6 50.021 2.90886 17.3678
1232.4 642 39.549 3.56527 20.7506
1251.6 616.8 39.6094 3.53033 20.6933
411.6 448.8 41.9929 3.86874 22.884
672 667.2 41.6028 4.53548 21.6075
684 571.2 42.8033 4.46862 21.5795
693.6 546 42.5264 4.26177 21.5465
772.8 146.4 44.2479 1.87798 21.3349
1045.2 477.6 42.5942 3.67622 19.8516
386.4 654 41.061 4.43008 22.6092
453.6 250.8 52.7078 2.47175 25.8217
1215.6 643.2 39.6821 3.60498 20.6997
1185.6 652.8 39.7181 3.64021 20.7274
1216.8 626.4 39.683 3.57381 20.7022
636 571.2 42.5389 4.43563 21.8325
613.2 544.8 42.4679 4.29764 21.9508
836.4 390 45.2066 3.5146 20.505
1063.2 596.4 42.3565 4.21155 19.7741
415.2 679.2 41.073 4.50825 22.505
1254 592.8 39.6213 3.49084 20.6854
571.2 339.6 42.3166 3.30504 22.2778
571.2 336 42.3225 3.29802 22.2759
801.6 477.6 44.698 4.15886 20.7513
1202.4 684 39.6332 3.66817 20.7378
1206 669.6 39.6307 3.63857 20.7382
1215.6 486 43.2471 3.65912 18.6454
709.2 478.8 38.9188 3.31185 21.6689
1208.4 523.2 42.2834 3.75109 19.2196
1220.4 505.2 42.0919 3.64394 19.2808
1250.4 664.8 39.4422 3.56615 20.7856
1070.4 666 42.3873 4.54557 19.6841
172.8 339.6 43.9135 3.70927 25.1752
136.8 336 44.062 3.73872 25.5123
973.2 412.8 44.8607 3.52781 19.5343
951.6 423.6 43.3243 3.53404 20.1383
666 374.4 42.6665 3.42791 21.8146
646.8 363.6 42.731 3.39117 21.9169
722.4 361.2 42.9571 3.3311 21.5237
243.6 328.8 44.4198 3.60426 24.9466
223.2 325.2 45.1839 3.6581 25.5058
399.6 394.8 44.3116 3.9297 23.7081
408 352.8 44.8819 3.65359 23.879
564 289.2 52.0439 2.84798 23.7806
559.2 386.4 42.0534 3.52264 22.2664
681.6 513.6 42.8088 4.15979 21.6354
700.8 494.4 42.8491 4.0529 21.537
776.4 553.2 45.0888 4.84105 20.8116
814.8 567.6 44.4843 4.75302 20.6056
795.6 547.2 44.8882 4.7348 20.699
900 493.2 43.3467 3.97259 20.3762
890.4 492 43.349 3.97275 20.4251
1096.8 570 42.761 4.1401 19.4604
1099.2 530.4 42.48 3.88231 19.6091
1070.4 538.8 42.7241 3.9912 19.6393
662.4 595.2 42.6376 4.563 21.68
644.4 596.4 42.4025 4.51461 21.7713
680.4 417.6 42.8486 3.65658 21.7112
871.2 447.6 43.5985 3.75871 20.513
1033.2 560.4 42.5527 4.09661 19.8619
1060.8 531.6 42.3381 3.90545 19.839
181.2 374.4 43.9673 3.94453 25.1139
199.2 351.6 44.0774 3.78083 25.0733
181.2 350.4 44.0158 3.78871 25.1646
270 381.6 43.9701 3.9123 24.5093
925.2 555.6 42.4879 4.1359 20.4152
919.2 547.2 42.7787 4.16142 20.3619
645.6 570 42.5644 4.42448 21.7804
979.2 528 42.9183 4.03354 20.029
956.4 522 42.9765 4.03927 20.1376
954 490.8 43.0106 3.87076 20.163
988.8 631.2 42.7783 4.54387 19.9494
968.4 632.4 41.6351 4.23035 20.4478
788.4 462 44.7198 4.0764 20.8621
1096.8 436.8 42.6356 3.45653 19.6076
1086 435.6 42.9454 3.47386 19.5333
1100.4 414 42.9645 3.34668 19.4673
1222.8 418.8 57.9165 3.66223 10.0862
945.6 453.6 42.9263 3.6552 20.2587
915.6 459.6 42.1114 3.6302 20.6224
138 386.4 43.5824 4.00403 25.1687
676.8 426 39.1572 3.28934 21.7061
640.8 434.4 42.7314 3.75819 21.905
646.8 406.8 42.7131 3.61663 21.8918
853.2 440.4 44.3409 3.81246 20.4925
927.6 492 42.8361 3.867 20.3442
1014 600 42.372 4.26762 19.9989
993.6 584.4 43.2433 4.41082 19.7922
196.8 291.6 48.9277 3.53281 27.8769
979.2 481.2 42.8727 3.77446 20.0899
955.2 483.6 42.9907 3.8268 20.1746
476.4 421.2 42.3274 3.75737 22.686
963.6 590.4 42.6616 4.32049 20.1501
426 444 42.0266 3.86182 22.834
1147.2 483.6 42.5768 3.64058 19.3702
303.6 396 43.9055 3.96884 24.2324
300 364.8 39.5834 3.32177 22.3789
1018.8 507.6 42.3669 3.81654 20.0404
1008 496.8 42.5366 3.7948 20.039
368.4 378 44.058 3.80115 23.8757
759.6 424.8 46.66 4.01512 20.9504
876 468 43.3375 3.8432 20.5372
888 446.4 43.3158 3.70733 20.4805
1144.8 496.8 42.4381 3.69093 19.4326
1122 492 42.5541 3.69848 19.4912
1228.8 451.2 58.4714 4.37641 9.51212
904.8 603.6 42.6613 4.43479 20.4296
876 595.2 42.8838 4.48171 20.5196
1000.8 640.8 42.5833 4.52992 19.9561
1089.6 601.2 42.3878 4.22072 19.6392
1068 580.8 42.7845 4.22748 19.5944
348 444 41.9238 3.88078 23.1508
403.2 440.4 41.9977 3.83712 22.9344
379.2 427.2 42.2577 3.83872 23.1357
703.2 396 42.8969 3.53032 21.5987
694.8 394.8 42.7551 3.51831 21.6522
714 368.4 42.9091 3.37546 21.5655
1070.4 468 42.4103 3.59895 19.8087
1080 526.8 42.6856 3.91665 19.6113
1105.2 489.6 42.3106 3.66619 19.683
1119.6 446.4 42.9091 3.49329 19.3676
987.6 571.2 42.8351 4.24211 19.9872
999.6 540 42.8414 4.07512 19.9424
914.4 440.4 42.9236 3.61092 20.4381
218.4 201.6 50.2257 2.30472 28.4664
207.6 194.4 49.0926 2.32361 27.9706
140.4 256.8 48.89 3.19704 28.618
285.6 114 45.1906 1.88142 25.201
24 171.6 49.9487 2.25409 31.0982
162 165.6 46.5422 2.28113 27.0299
98.4 164.4 47.9306 2.24136 28.637
170.4 109.2 45.5555 1.90623 26.3784
112.8 132 46.1165 2.08936 27.2248
578.4 217.2 47.9692 2.132 23.1275
628.8 62.4 42.8401 1.80725 22.2317
628.8 60 43.1335 1.72411 22.2627
334.8 114 44.9653 1.88973 24.6922
198 559.2 42.2147 4.59754 23.9292
294 644.4 41.2838 4.53968 23.0247
85.2 661.2 40.8106 4.48958 23.5192
181.2 441.6 43.4677 4.29277 24.7854
320.4 484.8 42.3991 4.18049 23.4349
142.8 436.8 43.5371 4.3095 25.0789
174 480 43.3325 4.51842 24.7305
133.2 475.2 43.782 4.63677 25.2749
532.8 644.4 41.7406 4.57521 22.1957
637.2 619.2 42.4932 4.66216 21.7862
406.8 590.4 42.416 4.65783 22.9475
382.8 547.2 42.4507 4.47489 23.1098
421.2 580.8 42.5295 4.64422 22.9109
345.6 637.2 41.3383 4.50825 22.8509
528 411.6 42.8025 3.73885 22.5247
510 484.8 42.0831 3.98622 22.4338
879.6 266.4 48.3134 2.2056 19.7078
742.8 67.2 42.9346 1.72985 21.627
1137.6 231.6 43.2387 2.28988 19.2881
1206 228 45.3954 1.85328 17.7852
1159.2 349.2 49.0526 2.69394 16.1162
1168.8 312 49.597 2.21024 15.8304
1070.4 355.2 49.5576 2.91503 16.9173
1042.8 351.6 49.8287 2.91839 17.1804
1131.6 184.8 44.5089 1.78369 18.8073
1111.2 133.2 43.0134 1.8336 19.6033
928.8 674.4 42.0371 4.56218 20.4448
646.8 637.2 41.8537 4.52111 21.7159
661.2 468 41.399 3.70585 21.7522
1171.2 649.2 39.7327 3.6437 20.7434
1022.4 670.8 42.4397 4.61718 19.8803
1124.4 361.2 48.2154 2.90986 16.9103
1196.4 387.6 57.3454 3.09122 11.0887
1249.92 599.04 39.6015 3.50058 20.7032
1236.96 600.48 39.6323 3.51232 20.706
1247.04 584.64 39.6638 3.48687 20.6763
77.76 439.2 43.3707 4.35202 25.398
730.08 547.2 44.6621 4.75568 21.2079
937.44 648 42.8121 4.68521 20.1892
947.52 619.2 42.668 4.48222 20.208
1065.6 650.88 42.6388 4.55174 19.6059
1247.04 686.88 39.4383 3.59874 20.7913
1221.12 685.44 39.5854 3.64802 20.7362
397.44 453.6 42.0465 3.90541 22.9605
371.52 459.36 41.9699 3.93899 23.0551
463.68 269.28 52.1035 2.74561 25.4289
452.16 254.88 50.9973 2.57741 25.3449
1221.12 505.44 42.4563 3.6853 19.0659
384.48 303.84 43.9139 3.27526 23.7462
493.92 434.88 42.2381 3.79113 22.576
502.56 408.96 42.2446 3.67186 22.5497
692.64 545.76 42.528 4.269 21.5559
684 604.8 42.7366 4.6241 21.5601
815.04 565.92 44.4843 4.75302 20.6056
797.76 538.56 44.4985 4.5837 20.7377
862.56 581.76 42.9623 4.43349 20.582
840.96 583.2 43.6902 4.64472 20.5502
1056.96 230.4 42.9124 2.401 19.8591
1232.64 642.24 39.625 3.58282 20.7064
1249.92 617.76 39.5722 3.52063 20.7161
383.04 689.76 40.7641 4.42465 22.5195
665.28 325.44 43.1044 3.17812 21.8543
640.8 318.24 43.09 3.15295 22.0022
714.24 436.32 47.6424 4.33126 21.3038
679.68 417.6 42.8209 3.65639 21.7141
1031.04 167.04 43.074 2.04957 19.9858
1182.24 447.84 57.3524 4.38858 11.0956
86.4 313.92 48.0307 3.93694 28.6497
505.44 682.56 41.0056 4.44589 22.1637
492.48 686.88 41.1361 4.52199 22.2386
708.48 479.52 39.2192 3.36107 21.6561
685.44 483.84 42.4445 3.93628 21.6309
682.56 447.84 42.9537 3.83069 21.6743
1202.4 684 39.625 3.66443 20.7429
1205.28 655.2 39.6663 3.627 20.718
1196.64 665.28 39.6646 3.6429 20.7366
169.92 372.96 43.6057 3.89623 24.9879
508.32 296.64 51.9508 3.08008 24.6321
898.56 501.12 42.8211 3.94223 20.4915
889.92 492.48 43.1588 3.94831 20.4687
993.6 437.76 43.3736 3.57872 19.867
1097.28 570.24 42.4652 4.08551 19.5965
1069.92 538.56 42.6353 3.97284 19.6709
545.76 691.2 41.151 4.51166 22.0445
927.36 491.04 43.0246 3.89138 20.307
466.56 285.12 51.8291 2.97705 25.2667
673.92 388.8 39.165 3.24408 21.7193
213.12 401.76 43.7011 4.05458 24.7257
190.08 385.92 43.2135 3.90671 24.6322
213.12 375.84 44.0589 3.9289 24.9405
259.2 331.2 44.4544 3.61262 24.8414
391.68 349.92 45.0657 3.65984 24.0682
370.08 335.52 45.0542 3.56839 24.242
673.92 564.48 42.4023 4.3434 21.6337
671.04 542.88 42.7795 4.32768 21.6636
649.44 547.2 42.5379 4.29588 21.7737
724.32 393.12 50.703 4.04193 21.0954
1033.92 504 42.432 3.79666 19.9486
198.72 351.36 43.9705 3.76864 25.0155
532.8 288 52.7489 2.88036 24.4025
662.4 594.72 42.646 4.56446 21.678
666.72 573.12 42.6635 4.44514 21.6755
681.12 514.08 42.4914 4.10103 21.631
702.72 488.16 42.836 4.01055 21.5443
681.12 491.04 42.2522 3.95317 21.6617
784.8 309.6 48.8391 2.78091 20.6591
996.48 504 42.6225 3.85495 20.0596
223.2 325.44 45.2892 3.66213 25.5541
894.24 558.72 43.1444 4.32093 20.4021
898.56 542.88 42.958 4.1908 20.4323
923.04 565.92 42.84 4.26511 20.3159
1075.68 443.52 42.8783 3.50744 19.6176
1231.2 468 43.0873 3.54706 18.6641
912.96 473.76 42.8946 3.78875 20.4154
941.76 452.16 43.2099 3.69225 20.2018
849.6 480.96 44.0209 4.04543 20.5341
865.44 447.84 44.2611 3.83097 20.4175
974.88 501.12 42.5174 3.83349 20.195
145.44 315.36 44.1597 3.59352 25.53
341.28 394.56 44.0691 3.94092 24.0414
364.32 364.32 44.4347 3.7432 24.0368
734.4 475.2 45.2221 4.30952 21.2153
980.64 371.52 52.386 3.27287 17.1004
961.92 377.28 51.3799 3.38886 17.6539
977.76 610.56 42.3415 4.33333 20.1648
963.36 590.4 42.7673 4.33707 20.1154
1013.76 601.92 42.5622 4.30523 19.9234
1009.44 577.44 42.4941 4.18426 19.9868
992.16 584.64 42.5548 4.2429 20.0408
1108.8 604.8 42.6566 4.29076 19.4152
1110.24 588.96 42.6495 4.2075 19.4378
223.2 377.28 44.0489 3.93237 24.8613
887.04 446.4 43.3158 3.70733 20.4805
961.92 480.96 42.9775 3.79891 20.1526
970.56 457.92 42.9508 3.66908 20.1004
1064.16 600.48 42.4549 4.24894 19.7277
1038.24 600.48 42.5179 4.29001 19.8216
1064.16 587.52 42.7506 4.25767 19.6086
1028.16 573.12 42.5414 4.16088 19.8868
1091.52 478.08 42.7625 3.66697 19.5614
364.32 423.36 42.2966 3.84536 23.2163
675.36 426.24 39.1544 3.28955 21.7076
649.44 434.88 42.5068 3.72672 21.8519
646.56 407.52 42.6996 3.61354 21.8862
1033.92 561.6 42.455 4.07657 19.8963
1059.84 531.36 42.7216 3.95574 19.6857
1038.24 544.32 42.6662 4.03192 19.8133
311.04 365.76 44.4272 3.81893 24.4288
479.52 434.88 42.243 3.80358 22.637
476.64 404.64 42.3225 3.68596 22.6809
496.8 400.32 42.2302 3.62839 22.5802
852.48 440.64 44.1598 3.79186 20.5248
904.32 603.36 42.9065 4.49684 20.3674
872.64 600.48 43.0907 4.56267 20.5016
905.76 590.4 42.8233 4.4077 20.3885
1116 509.76 42.2849 3.75501 19.6265
1140.48 495.36 42.7308 3.72668 19.3102
1105.92 489.6 42.6735 3.7113 19.5169
259.2 380.16 43.956 3.90199 24.5769
1120.32 444.96 42.8937 3.49573 19.3685
1022.4 643.68 42.6393 4.54187 19.8271
1022.4 626.4 42.5385 4.42672 19.8712
1000.8 623.52 42.7734 4.49446 19.9011
953.28 560.16 42.6382 4.16743 20.2282
969.12 542.88 42.9218 4.12268 20.0727
953.28 547.2 42.9789 4.16982 20.1295
702.72 396 42.4591 3.49498 21.5992
694.08 394.56 42.7364 3.51685 21.6498
679.68 370.08 42.6945 3.40231 21.7421
947.52 437.76 42.9869 3.58514 20.2395
911.52 439.2 42.7963 3.59771 20.4771
239.04 252 50.3124 2.9568 28.11
181.44 270.72 50.5898 3.33184 29.0956
324 339.84 44.9252 3.64694 24.5469
162.72 165.6 46.881 2.24759 27.2461
169.92 109.44 45.3508 1.93632 26.2702
580.32 208.8 47.0526 2.11509 22.9897
437.76 240.48 50.4589 2.42582 25.4235
446.4 293.76 53.1985 3.19011 25.9314
292.32 597.6 41.9566 4.61334 23.337
269.28 637.92 41.2565 4.51227 23.11
102.24 600.48 41.3593 4.51812 23.8366
84.96 660.96 40.6676 4.4314 23.4244
181.44 440.64 43.4677 4.29277 24.7854
296.64 411.84 43.5536 4.01909 24.1164
524.16 578.88 42.4198 4.52571 22.3632
629.28 532.8 42.5907 4.25281 21.8951
635.04 673.92 41.5038 4.5416 21.7438
637.92 617.76 42.4769 4.65514 21.7866
567.36 630.72 42.2685 4.67876 22.1058
383.04 547.2 42.3783 4.45354 23.0817
466.56 542.88 40.8212 3.94102 22.3293
531.36 411.84 42.8131 3.734 22.4995
636.48 407.52 42.7624 3.62424 21.9403
636.48 391.68 42.7857 3.54201 21.9542
387.36 504 41.6314 4.05019 22.8573
361.44 452.16 41.9387 3.90521 23.0911
480.96 505.44 42.0666 4.09519 22.5544
878.4 266.4 47.6138 2.29388 19.8235
895.68 192.96 45.3785 1.89065 20.2361
944.64 315.36 47.7978 2.69532 19.0313
806.4 103.68 43.4084 1.77233 21.2156
806.4 146.88 43.7841 1.95588 21.1494
676.8 59.04 43.18 1.66877 21.9986
764.64 72 42.9535 1.73411 21.5002
793.44 152.64 43.765 1.99232 21.2221
781.92 133.92 43.9981 1.84606 21.3061
1231.2 240.48 45.4205 1.92969 17.5411
1205.28 228.96 44.6946 1.97492 18.137
1159.2 348.48 49.0526 2.69394 16.1162
1183.68 347.04 49.401 2.63685 15.6809
1069.92 355.68 49.5576 2.91503 16.9173
1061.28 302.4 48.4696 2.33615 17.5614
1146.24 56.16 42.1556 1.71713 19.8718
1139.04 57.6 42.1548 1.72356 19.9008
1131.84 185.76 43.896 1.90968 19.0605
1111.68 133.92 43.5985 1.68604 19.3733
1033.92 133.92 42.8651 1.93225 20.0618
806.4 673.92 42.5136 4.8059 20.9094
866.88 620.64 43.8336 4.91106 20.3145
673.92 685.44 41.4845 4.55702 21.5879
646.56 636.48 42.0689 4.59099 21.7238
779.04 678.24 41.7858 4.58464 21.1448
753.12 685.44 41.5275 4.53388 21.278
660.96 468 41.9366 3.79889 21.7499
783.36 495.36 44.6175 4.30752 20.8569
1215.36 648 39.6373 3.60312 20.7251
1022.4 671.04 42.6008 4.67079 19.8221
1056.96 649.44 42.6833 4.56499 19.6382
1177.92 236.16 43.3998 2.27246 18.9858
1221.7 501.12 42.0649 3.63257 19.2945
250.56 352.512 44.26 3.75652 24.7968
495.936 290.304 51.8063 3.00133 24.8076
686.016 483.84 42.7291 3.99593 21.6333
1071.36 566.784 42.5898 4.11123 19.6631
1069.63 537.408 42.7244 3.98955 19.6353
1135.3 547.776 42.408 3.93365 19.4597
1126.66 546.048 42.4241 3.94036 19.4989
589.248 293.76 51.7543 2.81256 23.3594
673.92 565.056 42.788 4.43919 21.6327
646.272 392.256 42.6949 3.53303 21.9088
675.648 380.16 42.623 3.44197 21.7473
646.272 364.608 42.7308 3.39225 21.9209
877.824 511.488 43.2836 4.0934 20.5013
1048.9 193.536 42.7462 2.24709 19.9863
1026.43 188.352 43.3988 2.10493 19.8862
1050.62 167.616 42.7581 2.1085 19.9936
1029.89 167.616 42.7914 2.11121 20.0778
1085.18 437.184 42.9689 3.47633 19.5193
179.712 350.784 44.2743 3.81186 25.2978
146.88 335.232 44.19 3.72219 25.5229
663.552 594.432 42.3224 4.47459 21.6812
642.816 597.888 42.5487 4.57187 21.7774
953.856 418.176 42.1274 3.43105 20.4735
1107.65 438.912 42.9418 3.47016 19.4298
207.36 345.6 44.109 3.7383 25.0288
772.416 286.848 48.6299 2.54675 20.8283
893.376 558.144 43.1983 4.32982 20.3907
898.56 542.592 43.1976 4.22871 20.3841
962.496 590.976 42.751 4.34218 20.1238
224.64 293.76 42.2481 3.30782 23.9598
390.528 349.056 45.2651 3.67468 24.1249
912.384 473.472 43.0182 3.79824 20.402
910.656 451.008 43.2531 3.7034 20.3661
957.312 523.584 42.9766 4.04569 20.1404
974.592 501.12 43.0074 3.90223 20.0598
960.768 490.752 42.7263 3.80624 20.2167
1062.72 663.552 42.3673 4.53777 19.733
416.448 409.536 45.0496 4.10811 23.796
936.576 556.416 43.1654 4.27621 20.1578
919.296 547.776 42.8162 4.16734 20.3456
936.576 537.408 42.8301 4.10262 20.2699
953.856 630.72 42.4625 4.4802 20.2163
978.048 611.712 42.6404 4.41506 20.07
995.328 504.576 42.5831 3.87035 20.0866
164.16 381.888 43.2003 3.89598 24.7871
179.712 374.976 43.9701 3.94551 25.1089
152.064 380.16 43.6138 3.95761 25.0883
734.4 475.2 44.9154 4.25941 21.2308
737.856 456.192 44.7646 4.10013 21.2266
844.992 464.832 43.915 3.90939 20.595
865.728 447.552 44.2611 3.83097 20.4175
903.744 471.744 42.8888 3.78844 20.4785
100.224 335.232 42.1012 3.56535 24.458
903.744 604.8 42.8657 4.49525 20.3761
896.832 587.52 42.6562 4.35766 20.4757
870.912 585.792 43.6445 4.60742 20.4008
1033.34 561.6 42.455 4.07657 19.8963
1060.99 530.496 41.5186 3.75211 20.1885
1029.89 539.136 42.4022 3.95695 19.9469
1145.66 482.112 42.5909 3.63753 19.3735
245.376 397.44 43.8228 4.00288 24.6012
269.568 381.888 44.27 3.94541 24.6396
259.2 380.16 44.0282 3.9053 24.6016
400.896 393.984 44.1599 3.91182 23.6533
399.168 376.704 43.9957 3.74905 23.6334
789.696 428.544 44.9405 3.84593 20.8391
978.048 565.056 42.8679 4.23044 20.0264
953.856 559.872 42.7296 4.18447 20.2034
969.408 542.592 42.9116 4.12494 20.0774
1090.37 590.976 42.4694 4.19288 19.6005
1064.45 587.52 42.7492 4.25971 19.6245
869.184 440.64 43.5796 3.72419 20.5254
1230.34 468.288 43.3316 3.56722 18.5265
343.872 402.624 44.8002 4.0878 24.2673
300.672 397.44 43.6029 3.9202 24.1246
323.136 362.88 44.1719 3.75007 24.2462
302.4 366.336 44.0311 3.77268 24.3375
675.648 425.088 39.1994 3.29443 21.7111
648 435.456 42.6594 3.74589 21.8576
663.552 402.624 42.6068 3.56754 21.8052
694.656 393.984 42.7519 3.51156 21.6492
694.656 366.336 43.0145 3.37913 21.673
1009.15 559.872 42.5181 4.10211 19.9897
1010.88 535.68 42.4656 3.97126 20.0186
1002.24 540.864 42.8216 4.07063 19.9415
1116.29 509.76 42.5038 3.78578 19.5291
1076.54 444.096 42.8776 3.51234 19.6195
1130.11 483.84 42.5057 3.6469 19.4813
1114.56 468.288 42.4374 3.57699 19.5997
933.12 435.456 43.0802 3.59039 20.302
912.384 438.912 43.2587 3.65807 20.3582
927.936 414.72 43.4378 3.50729 20.2578
962.496 482.112 39.2521 3.32294 21.3159
971.136 459.648 42.9508 3.66908 20.1004
181.44 269.568 51.69 3.33633 29.7095
288.576 207.36 46.1274 2.56132 25.5112
271.296 316.224 44.3843 3.4731 24.7494
63.936 262.656 53.6574 3.50727 33.0998
141.696 255.744 49.5473 3.16717 28.9871
150.336 203.904 48.5224 2.53734 28.3654
148.608 91.584 45.1109 1.86286 26.3142
561.6 250.56 50.4443 2.3941 23.6493
492.48 196.992 47.4668 2.09277 24.0026
464.832 269.568 52.4002 2.75655 25.5089
437.184 240.192 50.8178 2.41087 25.5473
388.8 288.576 45.238 3.19391 24.2055
98.496 601.344 41.1609 4.44586 23.7284
51.84 568.512 41.6775 4.53857 24.2769
267.84 404.352 43.7124 4.03092 24.3622
236.736 487.296 43.8527 4.63278 24.5749
136.512 483.84 43.1337 4.5149 24.8466
634.176 571.968 42.5172 4.42227 21.8386
594.432 568.512 43.7607 4.78909 22.1404
628.992 532.224 43.3596 4.41058 21.9309
590.976 539.136 42.2205 4.23297 22.0481
639.36 618.624 42.5195 4.66076 21.7782
404.352 590.976 42.238 4.60647 22.9066
407.808 654.912 41.1482 4.45747 22.5593
350.784 637.632 41.3546 4.51065 22.8457
502.848 407.808 39.0358 3.28346 21.9091
632.448 426.816 42.776 3.71649 21.9647
535.68 485.568 44.2987 4.45192 22.6521
509.76 485.568 41.9649 3.97151 22.4153
338.688 457.92 42.1353 3.98185 23.2551
480.384 506.304 41.696 4.03095 22.4923
411.264 447.552 41.8752 3.84858 22.8532
936.576 252.288 47.6082 2.08656 19.2954
877.824 266.112 47.6138 2.29388 19.8235
775.872 259.2 48.4636 2.24622 20.8439
805.248 103.68 43.5092 1.73888 21.2215
793.152 153.792 43.8664 1.99268 21.2313
677.376 58.752 43.1654 1.68433 21.9912
768.96 172.8 39.1978 2.9525 21.6336
1232.06 240.192 45.2345 1.94685 17.6477
1178.5 236.736 43.3547 2.27951 19.0072
1204.42 228.096 45.1568 1.90061 17.907
1124.93 345.6 48.4235 2.77616 16.84
984.96 269.568 48.1978 2.13923 18.5855
1022.98 324.864 50.3729 2.52899 17.2884
1062.72 302.4 48.9081 2.31061 17.3911
1133.57 184.896 44.0659 1.86198 18.9791
1112.83 133.056 43.5155 1.70627 19.4061
1185.41 164.16 44.0026 1.71082 18.7079
1024.7 148.608 43.2858 1.91163 19.9753
813.888 566.784 44.4949 4.75329 20.6102
915.84 606.528 42.8707 4.49484 20.3149
914.112 625.536 42.8681 4.59315 20.3207
870.912 611.712 43.265 4.67239 20.4468
692.928 589.248 41.5372 4.20182 21.5619
692.928 546.048 42.826 4.34021 21.5505
730.944 547.776 44.2767 4.67472 21.2087
732.672 679.104 41.3591 4.4569 21.3854
834.624 388.8 45.3559 3.52616 20.4874
673.92 523.584 42.3097 4.1108 21.6717
782.784 495.936 44.7229 4.32554 20.8522
1221.7 549.504 42.0092 3.82665 19.3012
1164.67 675.648 39.7322 3.69464 20.7487
1233.79 660.096 39.5743 3.5989 20.7299
1206.14 654.912 39.6643 3.62482 20.7202
1214.78 644.544 39.6817 3.60794 20.6996
1022.98 670.464 42.3882 4.60151 19.9006
1060.99 642.816 42.6544 4.51742 19.6334
1157.76 371.52 48.9159 3.01017 16.15
1180.22 369.792 49.3852 2.92098 15.6754
335.232 114.048 44.7789 1.90631 24.625
798.336 537.062 44.6757 4.60137 20.7249
1103.16 441.677 42.9398 3.4676 19.4267
468.634 275.789 52.897 2.85431 25.4873
485.222 240.538 50.635 2.35488 24.7911
684.288 483.149 42.7512 3.99453 21.6379
773.453 479.002 44.8435 4.22844 20.9414
761.011 454.118 44.7393 4.05049 21.0624
1011.92 599.271 43.069 4.44103 19.7541
991.181 582.682 42.5709 4.24471 20.0442
1086.57 667.699 42.3255 4.52085 19.6335
340.07 393.984 43.8913 3.90817 23.9904
362.88 364.954 44.0767 3.72446 23.9408
738.202 456.192 44.7646 4.10013 21.2266
928.973 466.56 43.0581 3.77089 20.3007
912.384 472.781 42.948 3.79218 20.4117
928.973 452.045 43.1449 3.6868 20.2904
910.311 449.971 43.2547 3.70379 20.3637
1043.02 503.885 42.685 3.82929 19.8054
1034.73 491.443 42.3238 3.72464 19.9919
319.334 398.131 44.0518 3.98694 24.1862
331.776 369.101 44.3658 3.81791 24.2308
396.058 423.014 42.0845 3.77989 22.9934
377.395 425.088 42.2667 3.83269 23.1386
553.651 290.304 52.8019 2.87465 24.025
651.11 412.646 42.6935 3.63616 21.8606
686.362 520.474 42.7969 4.19138 21.5987
680.141 489.37 42.321 3.96048 21.6614
460.339 431.309 42.3811 3.8266 22.7663
495.59 290.304 51.7897 3.00994 24.8065
904.09 603.418 42.8583 4.4872 20.3797
885.427 547.43 43.3322 4.30751 20.4115
897.869 541.21 43.3649 4.26647 20.3466
870.912 609.638 43.1659 4.6345 20.4883
955.93 522.547 42.985 4.03391 20.1523
970.445 626.227 39.2186 3.50597 21.2918
968.371 617.933 42.5481 4.43377 20.1341
935.194 555.725 43.3117 4.31175 20.1227
997.402 559.872 42.8468 4.17617 19.9354
1001.55 541.21 42.4126 3.99773 20.072
1072.05 497.664 42.2497 3.71345 19.8457
360.806 402.278 44.1256 3.99096 23.9266
912.384 441.677 43.3395 3.67675 20.3557
976.666 564.019 42.8596 4.22413 20.0398
968.371 530.842 43.5299 4.18282 19.9059
953.856 534.989 42.6496 4.05103 20.244
1005.7 495.59 42.8736 3.84229 19.9391
1088.64 599.271 42.3791 4.21517 19.6386
1065.83 599.271 42.6531 4.2971 19.6392
1018.14 636.595 42.8355 4.56764 19.7825
1001.55 624.154 42.7666 4.50009 19.8927
989.107 624.154 42.8335 4.5172 19.9482
1028.51 537.062 42.5627 3.98902 19.8986
1105.23 489.37 42.7103 3.71262 19.508
962.151 481.075 43.112 3.82313 20.1081
970.445 458.266 43.3727 3.71565 19.9859
1080.35 474.854 42.5763 3.64852 19.6861
1076.2 443.75 42.9839 3.51704 19.5613
700.877 393.984 42.4959 3.4979 21.599
1119.74 443.75 42.9145 3.48876 19.3582
282.01 354.586 44.3179 3.75579 24.6353
308.966 308.966 45.0883 3.4368 24.7465
99.5328 333.85 42.1019 3.56055 24.4589
180.403 350.438 44.2615 3.80971 25.2944
333.85 114.048 44.7995 1.91496 24.6368
209.434 194.918 50.1669 2.25197 28.5222
97.4592 47.6928 44.311 1.74736 26.1794
147.226 91.2384 45.3259 1.83084 26.4218
491.443 196.992 47.4668 2.09277 24.0026
617.933 333.85 45.2045 3.29611 22.2794
335.923 246.758 50.6045 2.63969 26.9172
367.027 284.083 45.1973 3.17179 24.3627
445.824 292.378 52.541 3.15626 25.7624
190.771 595.123 41.3791 4.4617 23.4994
190.771 615.859 41.5099 4.5771 23.5387
51.84 566.093 42.0352 4.66552 24.5202
66.3552 646.963 40.8533 4.47788 23.6214
145.152 626.227 41.1101 4.47322 23.4993
259.2 379.469 43.6403 3.86452 24.4195
219.802 377.395 43.945 3.92049 24.8322
238.464 481.075 43.8893 4.5928 24.5907
292.378 512.179 43.0121 4.51617 23.8326
180.403 441.677 43.7749 4.35209 24.9431
157.594 491.443 43.2781 4.60297 24.784
628.301 530.842 42.5688 4.24295 21.8908
638.669 615.859 42.2065 4.56904 21.7739
369.101 588.902 41.5841 4.39291 22.8731
439.603 636.595 41.707 4.58577 22.6026
584.755 431.309 40.9758 3.55627 22.0066
510.106 485.222 41.9649 3.97151 22.4153
410.573 503.885 41.8479 4.08327 22.8376
398.131 452.045 41.722 3.84915 22.8659
445.824 512.179 41.456 3.98888 22.5702
425.088 443.75 42.0212 3.84835 22.8331
804.557 348.365 51.5817 3.26681 19.9343
775.526 257.126 48.4636 2.24622 20.8439
690.509 350.438 43.0747 3.30635 21.7032
649.037 344.218 41.6854 3.25145 21.8563
640.742 317.261 39.2841 3.15574 21.7782
897.869 192.845 45.3785 1.89065 20.2361
669.773 55.9872 43.107 1.67572 22.0193
750.643 155.52 44.329 1.94454 21.4452
1202.69 228.096 45.1568 1.90061 17.907
1123.89 348.365 48.4235 2.77616 16.84
1181.95 346.291 49.3099 2.62735 15.7361
966.298 240.538 45.4239 2.17835 19.5732
1055.46 228.096 42.6738 2.43108 19.9606
968.371 342.144 53.0342 2.89724 17.1777
1022.28 323.482 50.3676 2.53888 17.285
1146.7 55.9872 42.5098 1.596 19.7228
1136.33 134.784 43.4867 1.70762 19.2758
1111.45 132.71 43.4962 1.71373 19.4208
839.808 580.608 43.8221 4.67904 20.5367
831.514 555.725 43.6585 4.48636 20.633
906.163 588.902 42.713 4.38415 20.4117
763.085 663.552 42.2506 4.69216 21.1648
731.981 678.067 41.3933 4.47061 21.3837
823.219 379.469 45.8383 3.45043 20.5623
885.427 443.75 43.8269 3.7505 20.3993
673.92 389.837 39.1419 3.24186 21.7174
1163.29 673.92 39.7197 3.6874 20.7571
1123.89 609.638 43.5367 4.5155 18.89
1028.51 576.461 42.54 4.16839 19.8872
1069.98 537.062 42.542 3.94589 19.7118
1020.21 626.227 42.9046 4.5213 19.7493
1157.07 371.174 48.6727 2.99992 16.2586
1140.48 497.664 42.7702 3.73757 19.2911
1047.17 474.854 42.3124 3.63998 19.9395
696.73 393.155 43.2879 3.54782 21.6419
1087.4 589.732 42.6983 4.23632 19.5448
967.957 542.454 42.9119 4.13139 20.0861
955.515 522.547 42.9421 4.02635 20.1486
945.562 612.127 42.6438 4.44565 20.2197
943.073 450.386 43.1952 3.67783 20.1935
263.762 380.713 44.631 3.98639 24.8344
410.573 360.806 44.468 3.67873 23.715
701.706 490.199 43.5505 4.16931 21.5106
681.8 490.199 39.1849 3.37602 21.6913
753.961 432.968 45.1239 3.9288 21.0845
880.865 470.293 43.1046 3.83581 20.5381
865.935 445.409 43.3788 3.74084 20.5632
930.632 423.014 43.3605 3.54437 20.2327
928.143 415.549 43.4586 3.51061 20.2394
915.702 415.549 43.4939 3.52788 20.2887
1077.44 472.781 42.7139 3.65742 19.6578
1067.49 470.293 42.8372 3.65767 19.6552
1114.77 510.106 42.5385 3.78329 19.5204
1104.81 490.199 42.7221 3.71764 19.5122
1109.79 477.758 42.8298 3.66667 19.4502
1122.23 440.433 42.919 3.45591 19.361
1097.35 450.386 42.6457 3.51386 19.5882
1057.54 661.893 42.4533 4.55338 19.7097
898.284 420.526 43.3358 3.55026 20.4231
1079.93 490.199 42.9938 3.76611 19.5
169.206 338.412 44.4331 3.75555 25.5463
288.645 116.951 45.3998 1.86546 25.2931
211.507 196.577 49.0352 2.33066 27.92
169.206 109.486 45.7917 1.87511 26.5113
149.299 92.0679 45.3259 1.83084 26.4218
87.0912 194.089 49.0871 2.46134 29.5095
559.872 251.32 48.9236 2.40218 23.4396
587.244 273.715 51.0048 2.64028 23.3262
507.617 293.622 51.6092 3.04442 24.5915
619.592 333.435 43.4156 3.23045 22.1423
485.222 238.879 50.635 2.35488 24.7911
388.178 288.645 45.5582 3.18095 24.3163
365.783 283.669 44.9699 3.16516 24.2918
432.968 350.853 44.9405 3.62787 23.7065
470.293 283.669 49.9248 2.94624 24.7915
629.545 59.7197 43.3336 1.67922 22.2725
323.482 656.917 41.4309 4.63327 22.9577
146.811 597.197 41.5146 4.53671 23.7443
311.04 410.573 43.7864 4.04762 24.1146
293.622 410.573 43.8016 4.05502 24.2388
298.598 395.643 43.7418 3.9436 24.2001
238.879 480.246 43.7388 4.55604 24.5176
139.346 435.456 43.2895 4.27562 24.9587
174.182 495.176 43.8456 4.73261 24.9886
136.858 482.734 42.7628 4.41492 24.6352
632.033 569.825 42.4242 4.39951 21.8344
587.244 564.849 43.2859 4.66301 22.1581
629.545 530.012 42.6542 4.2634 21.8878
368.271 587.244 41.5833 4.38565 22.8749
383.201 544.942 39.1232 3.48485 22.0552
467.804 539.966 40.8152 3.93406 22.3269
527.524 410.573 42.8208 3.72689 22.5323
490.199 432.968 41.7894 3.72683 22.506
632.033 425.503 42.264 3.67076 21.9239
510.106 485.222 42.1284 3.99138 22.4416
542.454 455.363 41.9934 3.81721 22.3002
572.314 490.199 47.8987 5.13829 22.8244
572.314 460.339 40.9537 3.64858 22.0456
400.62 450.386 41.8693 3.86229 22.8999
477.758 505.129 41.8324 4.06245 22.5162
425.503 442.921 41.7129 3.80095 22.7524
913.214 258.785 47.7512 2.13952 19.458
873.4 266.25 48.7915 2.18326 19.6816
641.987 218.972 42.2676 2.68245 22.004
646.963 343.388 43.0724 3.29705 21.9422
771.379 283.669 48.7511 2.48352 20.8668
806.216 102.021 42.5443 1.96303 21.3104
791.286 149.299 43.7499 1.98045 21.2322
918.19 179.159 44.9086 1.84349 20.1701
898.284 191.601 45.4489 1.88985 20.2193
778.844 136.858 44.3119 1.8071 21.3
748.984 156.764 38.9954 2.9729 21.6696
1229.23 238.879 46.0677 1.83259 17.2355
1199.37 226.437 45.1568 1.90061 17.907
1159.56 345.877 48.4385 2.68761 16.3904
1206.84 333.435 51.1818 2.3053 14.4693
1057.54 211.507 42.9003 2.32059 19.8595
967.957 343.388 52.3386 2.83636 17.3348
1147.12 54.743 41.2936 2.00537 20.2525
1132.19 184.136 44.48 1.77831 18.8016
1060.02 121.928 43.0368 1.80907 19.8918
1025.19 146.811 43.2217 1.92065 19.9865
846.029 577.29 43.6642 4.59637 20.5297
860.959 622.08 43.2526 4.71771 20.5132
913.214 622.08 42.7241 4.56073 20.3474
870.912 609.638 41.5405 4.16896 20.8489
686.776 544.942 42.9631 4.35599 21.5984
671.846 542.454 42.6812 4.29082 21.6739
731.566 544.942 44.3531 4.6914 21.2005
761.426 661.893 41.8482 4.56108 21.2095
744.008 617.103 43.0861 4.7524 21.1844
793.774 442.921 44.5146 3.92425 20.8416
888.33 495.176 43.1189 3.96458 20.4756
928.143 450.386 42.9706 3.66615 20.3405
681.8 418.038 42.8056 3.65734 21.6928
709.171 475.269 42.8266 3.9531 21.5128
644.475 470.293 42.596 3.92234 21.8522
736.543 455.363 44.3696 4.03102 21.2513
1107.3 594.709 41.7259 4.03099 19.8716
1092.37 539.966 42.6161 3.96605 19.5697
1221.77 547.43 39.9925 3.48468 20.5146
1214.3 644.475 39.674 3.60528 20.7089
1172 649.452 39.731 3.64176 20.7439
965.468 589.732 42.8909 4.37051 20.0718
1000.3 539.966 42.4015 3.98964 20.0887
1035.14 564.849 42.5002 4.09642 19.8705
1027.68 537.477 42.802 4.03126 19.8256
1010.26 599.685 43.069 4.44103 19.7541
1017.72 627.057 42.9046 4.5213 19.7493
1157.07 370.76 48.9222 2.97365 16.1534
1219.28 502.641 41.9197 3.59542 19.399
992.84 437.944 42.981 3.55888 19.9748
1015.23 390.666 50.2939 3.41473 17.2964
962.98 480.246 42.4077 3.73922 20.2978
1184.44 164.229 44.0026 1.71081 18.7079
400.62 97.0445 44.636 1.77932 24.0721
490.199 196.577 48.1915 2.02051 24.1607
1074.95 537.477 42.1909 3.88859 19.8484
695.734 498.659 42.8919 4.09052 21.5657
689.762 513.589 42.8117 4.16557 21.598
698.72 483.729 42.8607 3.99489 21.5781
680.805 489.701 42.3219 3.95497 21.6619
719.622 421.024 42.7996 3.67789 21.5082
1110.79 468.8 42.5517 3.58464 19.5689
1095.86 471.786 42.7552 3.611 19.559
1101.83 507.617 42.2 3.74249 19.7392
582.267 146.313 44.761 1.91209 22.6938
806.216 101.523 43.5979 1.73666 21.2299
1060.02 122.425 42.9989 1.81293 19.8912
1149.6 56.7337 42.2797 1.65105 19.8138
197.075 647.959 41.1061 4.52653 23.2998
1134.67 185.131 44.2698 1.81953 18.8767
1200.37 226.935 44.9872 1.89731 18.0077
110.481 128.397 44.64 2.23916 26.3029
238.879 480.743 43.4939 4.50004 24.393
223.949 483.729 43.1108 4.43816 24.3183
286.655 549.421 41.8689 4.38005 23.3404
468.8 540.463 43.092 4.57114 22.7919
438.94 636.015 41.5675 4.52586 22.5688
474.772 624.071 41.9025 4.58949 22.4837
871.907 176.173 44.9782 1.87564 20.5136
988.361 268.739 47.6135 2.17826 18.7309
970.445 238.879 45.4936 2.16173 19.5412
543.449 456.856 39.0145 3.32724 21.8501
531.505 641.987 41.5122 4.5041 22.1768
334.43 116.453 45.218 1.88668 24.793
289.641 122.425 44.5886 2.05186 24.8735
98.5375 441.926 43.4149 4.37331 25.3026
385.192 543.449 42.5709 4.50748 23.123
564.351 540.463 44.2835 4.80276 22.4163
525.533 546.435 44.072 4.79327 22.6386
644.973 633.029 41.9983 4.55997 21.7223
665.875 594.211 43.1243 4.69609 21.6769
1161.55 346.374 48.4385 2.68761 16.3904
182.145 441.926 43.368 4.28379 24.7259
152.285 203.047 48.4509 2.53415 28.2999
633.029 426.996 42.776 3.71649 21.9647
627.057 388.178 42.3723 3.47015 21.9759
644.973 316.514 43.0942 3.15465 21.9974
779.342 552.407 44.7681 4.772 20.8399
731.566 546.435 44.3531 4.6914 21.2005
633.029 570.323 42.6207 4.42644 21.8562
630.043 528.519 42.4376 4.20045 21.8833
594.211 540.463 40.3349 3.75598 21.8931
749.482 191.103 43.2799 2.31642 21.484
779.342 137.355 43.674 1.95404 21.3205
749.482 155.271 43.6378 2.08459 21.5174
788.3 286.655 48.0028 2.55103 20.7059
916.697 621.085 42.7747 4.55633 20.3404
862.95 621.085 43.0549 4.66975 20.5458
477.758 507.617 41.0499 3.89125 22.3627
426.996 444.912 41.9928 3.84003 22.833
1215.3 644.973 39.6911 3.607 20.7005
1218.28 624.071 39.6919 3.57207 20.7003
337.416 313.528 44.6899 3.42472 24.3693
573.309 459.842 41.899 3.80866 22.1501
794.272 441.926 45.0543 3.95361 20.7864
1179.46 432.968 57.9613 4.14558 10.876
1161.55 370.262 48.9222 2.97365 16.1534
134.369 367.276 43.7102 3.89951 25.293
409.08 504.631 41.8399 4.07945 22.8426
468.8 283.669 50.9972 2.93317 25.0472
528.519 412.066 42.8089 3.73791 22.5301
450.884 259.781 52.5424 2.58008 25.7647
486.715 238.879 49.0702 2.38207 24.4209
692.748 585.253 42.767 4.51764 21.5293
671.846 540.463 42.7285 4.30098 21.6555
1158.56 370.262 48.9222 2.97365 16.1534
391.164 346.374 45.6213 3.65119 24.2495
388.178 289.641 45.9975 3.198 24.4354
367.276 283.669 45.1634 3.17105 24.3471
647.959 486.715 42.6115 4.02054 21.8283
1009.26 644.973 42.477 4.50986 19.9559
946.557 612.127 42.9377 4.52431 20.1355
907.739 555.393 42.6663 4.18138 20.4393
848.02 579.281 43.7537 4.62578 20.5161
824.132 564.351 44.2499 4.68623 20.5989
1012.25 388.178 50.2939 3.41473 17.2964
964.473 591.225 42.8911 4.37015 20.069
1009.26 540.463 42.4841 4.00916 20.02
958.501 522.547 42.9741 4.04878 20.1384
1066 588.239 42.7117 4.27447 19.6328
1027.18 537.477 42.3151 3.95375 20.0004
683.79 418.038 42.8394 3.65526 21.6931
659.903 397.136 42.6804 3.55138 21.829
928.641 450.884 43.0096 3.65581 20.3429
865.936 447.898 43.3788 3.74084 20.5632
889.823 388.178 43.538 3.36256 20.4565
364.29 429.982 42.2159 3.85571 23.1971
400.122 394.15 44.2976 3.92923 23.699
376.234 373.248 44.3016 3.78292 23.9133
489.701 429.982 41.7894 3.72683 22.506
438.94 415.052 43.5538 3.93653 23.2078
994.333 447.898 43.0166 3.60837 19.9672
803.23 143.327 43.6942 1.95789 21.1795
346.374 633.029 41.78 4.64933 22.9939
56.7337 567.337 41.5906 4.49997 24.2021
292.626 594.211 41.7986 4.54298 23.2825
444.912 122.425 44.6586 1.88696 23.7586
530.311 641.39 41.6283 4.52483 22.2022
523.145 605.558 41.5313 4.37462 22.2348
566.143 627.057 42.0028 4.56408 22.1029
917.294 257.989 47.7263 2.09877 19.4378
870.713 265.155 48.3104 2.19246 19.7632
1200.37 644.973 39.6756 3.62245 20.7213
1175.28 648.556 39.7368 3.64093 20.7438
286.655 121.828 44.8212 2.00204 25.0047
530.311 483.73 41.4294 3.85905 22.2425
644.973 634.223 41.9983 4.55997 21.7223
777.55 257.989 49.1664 2.19058 20.7842
967.459 240.073 39.494 2.96782 21.2863
175.576 498.062 43.2925 4.61677 24.6994
480.146 437.148 42.2711 3.80645 22.6439
637.806 222.157 47.0521 2.19095 22.4196
580.475 211.408 47.3704 2.12891 23.0432
150.494 204.241 48.591 2.52351 28.3789
161.243 161.243 46.9069 2.21757 27.2598
630.64 426.399 39.1979 3.30657 21.7698
687.971 351.152 43.0504 3.33124 21.7348
641.39 315.32 43.0942 3.15465 21.9974
913.711 558.976 42.4326 4.15339 20.4544
885.046 551.81 42.2941 4.10154 20.6433
960.293 340.402 50.619 2.91673 17.9497
974.625 315.32 52.1656 2.45484 17.3775
1064.2 300.987 48.9206 2.29145 17.3339
1160.95 372.651 55.6808 2.82954 12.7102
766.801 551.81 44.8257 4.78228 20.9276
730.969 544.644 44.8364 4.77241 21.1972
974.625 612.724 42.1098 4.31682 20.2551
963.876 591.225 42.4033 4.26827 20.2078
1010.46 197.075 42.6276 2.29642 20.2068
1049.87 168.41 43.1735 2.0246 19.8597
1057.04 648.556 42.6361 4.55036 19.6376
1010.46 601.974 42.198 4.2225 20.068
1207.53 333.236 46.5652 2.53417 16.9472
1160.95 343.985 48.7127 2.65756 16.255
788.3 286.655 47.0244 2.64085 20.7564
913.711 619.89 42.7747 4.55633 20.3404
530.311 412.066 41.8118 3.6128 22.3605
383.4 505.229 41.5759 4.03439 22.8317
401.316 451.481 41.8444 3.85534 22.8896
684.388 566.143 42.7939 4.43854 21.5977
666.472 573.309 41.5192 4.12973 21.6631
677.221 519.561 42.6467 4.17592 21.6909
673.638 537.477 42.6986 4.28001 21.6695
709.47 476.563 39.2208 3.35744 21.6571
652.139 498.062 42.5611 4.06039 21.7899
698.72 444.315 42.9152 3.79871 21.5864
799.049 551.81 44.7897 4.73813 20.6688
171.993 372.651 44.0444 3.93984 25.1758
136.161 386.984 43.1627 3.94218 24.9197
275.905 254.406 45.1106 3.04493 25.0885
218.574 376.234 43.738 3.88114 24.7573
336.819 369.068 44.3456 3.79671 24.2015
164.826 286.655 49.2004 3.53891 28.5116
390.567 343.985 45.2709 3.63972 24.1504
734.552 290.238 38.9858 3.11979 21.6698
920.878 397.733 42.5597 3.36064 20.5086
1028.37 494.479 42.6868 3.77789 19.8726
451.481 257.989 50.8967 2.64885 25.3456
953.126 551.81 42.2718 4.04869 20.3212
1024.79 537.477 42.7957 4.03832 19.8362
981.792 490.896 42.9278 3.84964 20.0431
963.876 483.73 42.962 3.8135 20.1457
673.638 419.232 42.8106 3.66396 21.7486
695.137 390.567 42.9 3.51901 21.6479
662.889 372.651 42.6627 3.43076 21.8269
920.878 501.645 42.6227 3.90159 20.4121
888.629 494.479 42.757 3.90976 20.5319
906.545 469.397 39.327 3.32787 21.3691
490.896 429.982 42.2075 3.77728 22.5941
1107.2 469.397 42.585 3.603 19.5685
988.958 376.234 50.1093 3.28221 17.6276
1186.03 164.826 42.366 2.09483 19.5222
1135.87 182.742 44.3453 1.79748 18.8496
1114.37 132.578 43.2184 1.76966 19.5022
1196.78 225.74 45.3104 1.8675 17.8714
902.962 189.909 44.9048 1.92903 20.2617
791.883 150.494 43.4935 2.01723 21.2369
802.633 100.329 43.0632 1.84552 21.2689
641.39 218.574 46.4115 2.18211 22.3739
189.909 594.808 41.4036 4.46045 23.5241
444.315 121.828 45.0246 1.84553 23.8545
85.9964 189.909 48.1731 2.44397 28.9619
279.488 207.825 49.2407 2.31311 27.0263
214.991 197.075 49.0531 2.2966 27.9285
580.475 146.91 44.761 1.91209 22.6938
950.26 245.09 40.0306 2.90776 21.1521
1031.96 253.689 41.1918 2.76343 20.5656
1053.46 249.389 42.8347 2.51701 19.8721
1160.95 369.784 50.3746 2.92389 15.4078
567.576 490.179 38.9924 3.35699 21.819
541.777 455.781 41.6954 3.77008 22.2574
593.375 245.09 49.568 2.29792 23.1222
627.773 524.578 42.2022 4.14434 21.8688
825.565 563.276 44.6675 4.78669 20.5211
911.561 614.874 41.7728 4.25601 20.6239
877.163 606.274 43.5233 4.67895 20.3829
292.388 498.779 40.9934 3.92889 22.9848
524.578 283.788 50.8515 2.81953 24.199
554.677 249.389 49.5995 2.37733 23.6066
1062.06 210.691 43.5634 2.16934 19.6138
1010.46 197.792 43.0616 2.27209 20.0673
1027.66 141.894 43.0703 1.90956 20.0091
1019.06 627.773 42.284 4.39254 19.9929
1006.16 597.675 42.3691 4.26461 20.0176
447.181 288.088 51.5113 3.10871 25.4673
670.772 593.375 42.6614 4.55836 21.6439
829.865 434.282 44.1454 3.78462 20.7439
799.766 442.881 45.2285 3.97051 20.7765
950.26 610.574 42.956 4.54138 20.1334
1027.66 494.479 42.4366 3.7422 19.9786
1122.25 352.585 47.7895 2.79892 17.121
1113.65 318.187 48.0274 2.49207 17.1318
262.289 378.384 43.946 3.8966 24.5553
778.267 537.477 44.4812 4.60733 20.8482
636.373 468.68 42.7278 3.93942 21.87
576.176 460.081 39.0009 3.32864 21.8086
683.671 546.077 42.8366 4.3424 21.5997
666.472 571.876 42.5981 4.43071 21.6971
687.971 511.678 42.8435 4.16437 21.5853
675.071 520.278 42.7223 4.19711 21.6522
408.483 503.079 42.5989 4.21701 23.0448
365.485 442.881 41.5754 3.79255 22.9783
503.079 421.382 42.2207 3.72562 22.548
438.581 249.389 55.3776 2.41959 26.7266
563.276 292.388 51.114 2.88228 23.6765
503.079 288.088 52.976 3.00975 24.9131
696.57 442.881 42.9221 3.8138 21.6069
662.172 434.282 42.6177 3.68828 21.7949
1036.26 563.276 42.3274 4.07197 19.9502
1062.06 507.379 38.3144 3.20149 21.5893
675.071 417.082 41.8248 3.53645 21.6958
920.161 395.583 42.575 3.34397 20.5376
976.059 533.177 42.347 3.96016 20.1966
958.859 520.278 40.769 3.64882 20.8115
967.459 374.084 50.0188 3.32173 17.9879
933.06 386.984 43.4413 3.34458 20.243
391.283 386.984 43.4858 3.79218 23.554
490.179 425.682 42.2083 3.77629 22.5888
958.859 434.282 43.2277 3.57962 20.0997
920.161 498.779 42.849 3.93305 20.3826
911.561 464.38 43.2233 3.80785 20.3999
868.563 447.181 43.6267 3.76075 20.5455
1079.25 494.479 42.7748 3.76548 19.6029
1135.15 460.081 43.3718 3.60596 19.0848
1079.25 442.881 42.9758 3.50569 19.5604
782.567 395.583 46.9557 3.72823 20.6857
915.861 554.677 42.1037 4.08264 20.5472
1062.06 124.695 42.9798 1.84369 19.9115
1186.75 163.393 42.366 2.09483 19.5222
1195.35 227.89 44.8333 1.94598 18.1316
804.066 103.196 42.9049 1.87557 21.2712
786.867 300.987 49.1434 2.66783 20.65
429.982 442.881 41.9912 3.83122 22.8179
369.784 580.475 41.5381 4.35524 22.8579
477.28 507.379 41.8059 4.0682 22.5389
571.876 619.174 40.3436 3.97619 21.9239
137.594 438.581 43.0704 4.23203 24.8457
176.293 374.084 43.8224 3.9226 25.0892
369.784 283.788 45.5374 3.1855 24.4685
154.793 94.596 45.2062 1.85473 26.3128
107.495 124.695 44.8982 2.17987 26.4984
288.088 124.695 45.1109 1.9302 25.155
180.592 266.589 50.0231 3.25552 28.8893
292.388 356.885 44.0141 3.74872 24.4068
447.181 124.695 44.6586 1.88696 23.7586
1052.6 252.829 40.7809 2.79355 20.6675
283.788 546.937 42.0602 4.43507 23.4489
412.783 474.7 41.7844 3.94123 22.8279
428.262 448.901 42.0291 3.85237 22.8262
681.091 552.097 42.5166 4.26843 21.6004
675.931 526.298 42.1579 4.0959 21.661
949.4 614.014 42.1465 4.3095 20.3515
964.879 593.375 42.9094 4.38473 20.0562
397.303 366.345 44.2143 3.69989 23.7108
577.896 273.468 52.8305 2.53619 23.6058
634.653 221.871 46.4521 2.17689 22.4153
696.571 608.854 43.3336 4.79971 21.4851
670.772 577.896 42.6108 4.44381 21.6957
866.843 402.463 45.8893 3.5935 20.0899
1068.07 304.427 48.2271 2.42818 17.6558
232.19 381.824 44.6981 4.01652 25.1243
340.546 366.345 45.0554 3.8631 24.4403
557.256 335.386 40.4148 3.22002 22.0363
841.044 469.54 43.9526 3.92148 20.6154
779.127 469.54 45.3291 4.18985 20.8559
634.653 469.54 42.7868 3.94845 21.9329
608.854 464.38 41.9851 3.8315 22.0084
954.56 552.097 42.8461 4.16894 20.1758
1016.48 619.174 42.8845 4.4729 19.7919
1006.16 603.694 42.8402 4.38792 19.8882
1026.8 541.777 42.7617 4.04028 19.8608
1021.64 541.777 42.8503 4.05656 19.804
490.179 278.628 51.8618 2.80198 24.9081
464.38 257.989 48.8024 2.58394 24.5668
639.813 397.303 42.7465 3.57256 21.945
964.879 485.02 43.4432 3.87217 20.0315
1021.64 495.339 42.7899 3.79374 19.8711
1026.8 448.901 43.4648 3.65786 19.6137
1124.83 541.777 42.515 3.92246 19.461
1104.19 474.7 40.6303 3.43073 20.4579
469.54 417.942 42.2817 3.73286 22.7087
1119.67 603.694 38.8447 3.36078 21.301
691.411 448.901 42.9524 3.81231 21.6381
732.689 546.937 44.35 4.64259 21.1905
908.122 619.174 43.0364 4.59231 20.2845
779.127 557.256 44.1768 4.65311 20.856
1006.16 201.231 43.0801 2.21929 20.0854
1026.8 144.474 43.0703 1.90956 20.0091
748.168 185.752 44.3285 2.17025 21.5065
644.973 309.587 43.2007 3.13247 21.9943
624.334 397.303 42.0859 3.52506 21.9796
474.7 510.818 41.0247 3.8969 22.3685
614.014 577.896 40.8681 3.98306 21.8318
583.055 211.551 46.5636 2.16403 22.9228
577.896 149.634 45.9409 1.80702 22.9384
624.334 330.226 44.1754 3.28003 22.1924
159.953 159.953 47.1059 2.17564 27.4119
159.953 98.0359 45.3659 1.85314 26.3418
278.628 206.391 46.9619 2.46537 26.0106
288.948 123.835 45.7205 1.87293 25.408
139.314 268.309 49.4498 3.34379 28.9338
345.705 330.226 43.0172 3.40995 23.6817
448.901 123.835 44.8623 1.85923 23.8043
804.926 445.805 44.1886 3.87327 20.8256
959.719 526.298 42.9681 4.0422 20.1256
965.911 563.448 42.4326 4.12447 20.2261
1077.36 532.49 42.7538 3.94185 19.5911
278.628 383.888 40.1936 3.44888 22.725
996.87 266.245 48.8547 2.07603 18.3663
1003.06 235.286 43.0946 2.38633 20.0753
489.147 421.038 42.218 3.76661 22.6019
965.911 482.956 42.7185 3.75334 20.1977
1027.83 489.147 41.4023 3.61402 20.3477
984.486 563.448 42.8613 4.21968 19.9935
1126.9 538.681 42.6875 3.94189 19.388
643.941 396.271 42.7365 3.55153 21.9244
668.708 359.121 41.6578 3.25648 21.7678
798.734 371.504 46.2149 3.5064 20.6506
885.419 445.805 43.5047 3.72076 20.4963
972.103 371.504 42.1941 3.17033 20.3666
1027.83 451.997 42.0743 3.53078 20.1194
1151.66 433.422 47.6926 3.74114 16.79
1064.98 588.215 42.2067 4.14296 19.8222
681.091 551.065 40.6332 3.83592 21.654
780.159 551.065 44.6869 4.62517 20.8531
972.103 346.737 52.9549 2.91401 17.183
749.2 185.752 44.6593 2.08045 21.5242
866.843 266.245 49.0434 2.15737 19.7581
427.23 445.805 42.0394 3.8671 22.8261
433.422 396.271 43.4458 3.82822 23.2428
582.023 464.38 41.4397 3.7422 22.0016
476.764 507.723 41.0247 3.8969 22.3685
557.256 557.256 43.1635 4.60492 22.3134
352.929 427.23 41.9236 3.80344 23.1472
637.749 241.478 47.1687 2.28154 22.4554
278.628 204.327 48.5725 2.32721 26.8037
148.602 266.245 48.0516 3.29775 28.0987
365.313 340.546 45.7131 3.64867 24.4344
445.805 123.835 44.3624 1.92339 23.6126
371.504 334.354 45.243 3.5565 24.3211
341.784 319.494 42.9909 3.39194 23.6833
482.956 416.085 42.268 3.74144 22.6358
683.568 445.805 41.7944 3.6862 21.6261
720.718 475.526 43.1058 3.9917 21.3836
780.159 252.623 48.1721 2.23151 20.7158
876.75 445.805 43.28 3.6452 20.6016
921.331 252.623 45.0268 2.32987 19.9344
973.341 371.504 51.1764 3.29898 17.6477
371.504 289.773 45.9896 3.26111 24.5774
542.396 245.193 47.4952 2.43586 23.3363
564.687 341.784 42.3068 3.30543 22.3043
534.966 356.644 42.0304 3.35039 22.4056
780.159 445.805 45.7689 3.96088 20.7856
884.18 416.085 44.697 3.68682 20.2193
1032.78 475.526 42.7907 3.78957 19.8657
1084.79 438.375 42.994 3.48455 19.5396
988.202 445.805 42.9433 3.58425 19.9937
913.901 557.256 39.2962 3.4481 21.3415
973.341 482.956 42.943 3.81721 20.1057
921.331 497.816 43.8063 4.04001 20.1851
1107.08 497.816 41.4786 3.58423 20.0434
1084.79 482.956 39.1855 3.29547 21.1761
676.138 557.256 45.2179 5.03472 21.5112
705.858 505.246 39.1887 3.38432 21.6517
676.138 527.536 41.5939 4.02728 21.6283
891.61 549.826 42.5234 4.12544 20.5597
780.159 557.256 45.1542 4.85016 20.8082
884.18 512.676 42.9049 3.99143 20.5514
995.632 200.612 43.0293 2.19745 20.1174
1129.37 178.322 43.4695 1.98219 19.3095
995.632 267.483 49.8057 1.99943 18.1216
1114.51 349.214 46.8951 2.84842 17.5545
638.987 200.612 46.2166 2.07693 22.3368
713.288 319.494 43.4338 3.09473 21.6261
646.418 304.634 42.09 3.08205 21.8952
772.729 304.634 44.42 2.87925 21.1054
505.246 423.515 41.236 3.5941 22.3206
408.655 423.515 41.9715 3.79055 22.8627
579.547 468.095 42.4978 3.89931 22.1605
616.697 393.795 42.9881 3.59842 22.0856
586.977 557.256 42.3653 4.41209 22.0573
557.256 549.826 43.3193 4.63292 22.3368
185.752 445.805 42.2565 4.06631 24.1223
148.602 468.095 42.1325 4.19279 24.2265
349.214 423.515 42.0566 3.82539 23.2012
572.117 148.602 46.1733 1.7968 22.9992
579.547 274.913 47.6651 2.59773 22.9818
156.032 156.032 46.1002 2.22782 26.8995
193.182 297.203 46.5448 3.64536 26.4935
178.322 267.483 52.0034 3.27777 29.9382
579.547 320.98 42.3548 3.29632 22.303
945.107 445.805 43.3128 3.60044 20.098
909.443 463.637 39.3087 3.3136 21.3731
927.275 427.973 42.109 3.47347 20.5909
1034.27 517.134 41.8975 3.79669 20.1243
1016.44 490.386 42.7713 3.80654 19.9217
1043.18 401.225 47.8636 3.56069 17.8064
383.392 445.805 41.9243 3.91569 22.9616
338.812 445.805 41.8229 3.88856 23.1603
374.476 419.057 42.2444 3.7973 23.1399
427.973 454.721 40.5454 3.61153 22.4359
445.805 419.057 39.7302 3.42301 22.1609
410.141 427.973 40.9756 3.62251 22.5678
481.47 445.805 38.6964 3.28128 21.8535
490.386 419.057 42.2738 3.72512 22.6272
588.463 213.987 46.2606 2.16234 22.7492
704.372 427.973 42.9407 3.69186 21.5933
882.694 419.057 39.9297 3.30382 21.2816
998.604 445.805 42.2937 3.50032 20.2778
962.939 534.966 42.9514 4.07356 20.1494
980.771 481.47 40.0682 3.38587 20.9996
918.359 499.302 43.8063 4.04001 20.1851
1087.76 534.966 42.6986 3.93668 19.6102
1025.35 543.882 42.1056 3.91292 20.1009
1078.85 481.47 40.6776 3.44816 20.53
686.54 401.225 43.0903 3.57976 21.7263
766.785 392.309 45.0008 3.63761 20.9281
731.121 543.882 43.8977 4.53365 21.1979
677.624 526.05 42.7387 4.22642 21.6096
704.372 508.218 39.1542 3.38309 21.6482
766.785 534.966 43.456 4.36219 21.0072
998.604 196.154 43.1899 2.09782 20.1425
1069.93 205.07 41.4402 2.51378 20.3702
998.604 267.483 45.8484 2.29237 19.0508
650.876 303.148 43.0893 3.10567 21.9821
820.282 329.896 50.2673 2.94896 19.9424
534.966 454.721 41.701 3.78216 22.2781
561.715 383.392 42.022 3.49807 22.2576
472.554 517.134 41.8073 4.09299 22.5644
338.812 534.966 42.1382 4.38409 23.2078
276.399 543.882 41.6948 4.35094 23.3413
445.805 267.483 46.7943 2.787 24.3592
222.903 196.154 47.5075 2.3501 27.0718
276.399 205.07 47.1989 2.35513 26.3156
249.651 258.567 52.0798 3.00426 28.7616
374.476 294.231 45.9127 3.2459 24.5682
