1446 187 1.46469 -1.06703 4.87134
1508 646 1.73133 0.54051 5.11131
1508.4 646.8 1.71787 0.537287 5.05948
1128 512.4 0.373369 0.000663891 5.20696
1444.32 185.76 1.47026 -1.07138 4.89418
1409.76 185.76 1.40075 -1.13017 5.10143
1415.52 522.72 1.39605 0.0848606 5.0673
1641.6 256.32 2.15732 -0.82573 4.96634
1452.96 76.32 1.52649 -1.46888 4.97922
1442.88 202.176 1.48889 -1.03551 4.98529
1652.66 646.963 2.02927 0.508782 4.6414
1455.67 130.637 1.51974 -1.26084 4.88675
1453.59 76.7232 1.51938 -1.46351 4.96707
1441.15 219.802 1.45428 -0.959864 4.88843
1685.84 491.443 1.86144 -0.00521441 4.08507
854.323 748.57 -0.385791 0.435546 2.7837
1410.05 186.624 1.42144 -1.14109 5.14927
1132.19 396.058 0.426605 -0.447113 5.51319
1509.58 649.037 1.72344 0.538647 5.09275
1831.4 786.309 1.44975 0.538526 2.7287
831.099 495.176 -0.723452 -0.103092 5.19571
1164.53 599.685 0.516055 0.33481 5.26039
1181.95 166.717 0.631684 -1.28435 5.32667
1510.41 649.452 1.74413 0.550559 5.1432
1851.31 624.568 2.3311 0.386312 4.12588
1400.43 674.833 1.35219 0.639153 5.17271
776.356 71.6636 -0.917828 -1.7502 5.38651
1376.54 564.351 1.30526 0.231976 5.27866
1179.46 167.215 0.577855 -1.19903 4.95377
1451.19 77.6356 1.51409 -1.45485 4.95193
1412.37 185.131 1.43584 -1.14448 5.18235
767.398 486.715 -1.07865 -0.12548 5.8107
1164.53 600.183 0.504113 0.316974 5.12467
1179.46 337.416 0.626141 -0.663156 5.48497
1630.35 633.029 1.9204 0.441366 4.55223
1492.99 940.585 1.59272 1.53255 4.94255
1194.39 116.453 0.669866 -1.47411 5.33628
1178.87 164.826 0.669804 -1.41325 5.67828
1146.62 114.662 0.518412 -1.55937 5.57834
1451.19 78.83 1.48117 -1.4318 4.87162
1408.19 261.572 1.34685 -0.830956 4.87066
1175.28 182.742 0.596836 -1.23141 5.31121
842.048 358.318 -0.697029 -0.622455 5.32905
1655.43 648.556 2.02613 0.510539 4.63344
1494.19 938.794 1.60174 1.54141 4.95496
1165.25 597.675 0.522839 0.333614 5.31518
1461.94 128.995 1.49031 -1.22956 4.75479
1655.43 649.273 2.19352 0.549042 5.00211
1741.43 541.777 1.99913 0.148068 4.02765
1130.85 662.172 0.365061 0.508673 4.85132
1414.64 245.09 1.37588 -0.897397 4.95855
1642.53 249.389 2.22413 -0.851441 5.1309
1685.53 490.179 2.2859 -0.00184542 4.98508
1182.45 339.686 0.656938 -0.686583 5.7746
1496.34 941.66 1.498 1.45193 4.62613
1145.47 113.515 0.473463 -1.47595 5.26236
1418.94 149.634 1.63018 -1.46084 5.77846
1465.38 128.995 1.71265 -1.41508 5.45232
1651.13 650.133 2.07718 0.517003 4.76246
1496.34 944.24 1.61696 1.58356 4.99593
1062.92 392.143 0.139236 -0.43522 5.07299
1682.09 490.179 2.32415 -0.00196255 5.06558
443.741 417.942 -2.41023 -0.457902 5.70648
1738.85 650.133 1.74672 0.395545 3.56035
1164.05 582.023 0.556424 0.315356 5.76166
1640.81 631.557 2.03852 0.464873 4.78572
1739.88 538.681 2.15427 0.16293 4.34184
910.186 674.9 -0.358683 0.42264 3.85955
427.23 600.599 -2.33877 0.260679 5.31663
1510.78 650.133 1.67449 0.528473 4.9597
1671.77 501.531 2.27819 -0.0113369 4.987
1312.65 681.091 1.02661 0.662692 5.1526
1126.9 662.516 0.364971 0.528136 4.93687
972.103 631.557 -0.169844 0.395075 4.98066
1653.19 650.133 2.22377 0.552542 5.09813
1634.62 247.67 2.08917 -0.818863 4.86511
1498.4 947.336 1.83739 1.78718 5.6787
1315.13 676.138 1.1422 0.738402 5.79694
1508.31 653.848 1.66116 0.527987 4.91967
1456.3 148.602 1.311 -1.05048 4.21813
1055.07 393.795 0.0976346 -0.473551 5.47767
1671.77 482.956 2.45299 0.0302855 5.39559
1121.94 661.278 0.370212 0.536662 5.03807
1107.08 594.407 0.333199 0.307609 5.22011
973.341 631.557 -0.192667 0.416793 5.26074
1738.64 542.396 2.19272 0.166328 4.42668
1649.48 542.396 1.96814 0.176652 4.49133
