1023 478 -0.228429 0.327319 4.90736
994 460 -0.267046 0.291919 4.96808
1075 368 -0.17631 0.103501 4.75155
817 440 -0.557385 0.34375 5.98653
890 470 -0.448742 0.339837 5.1869
876 457 -0.480062 0.310943 5.16998
967 200 -0.115444 -0.408468 5.83185
949 145 -0.17966 -0.572158 5.79711
637 225 -1.65463 -1.05027 10.1783
1147 231 -0.148181 -0.11762 4.51484
1214 54 0.108924 -0.502559 4.83066
274 666 -2.40217 1.11432 5.90023
882 283 -0.381477 -0.155298 5.802
740 264 -0.821661 -0.475937 8.0872
1160 516 -0.156294 0.330598 4.45289
869 559 -0.507044 0.543015 5.138
851 561 -0.493972 0.641348 5.57765
887 155 -0.370403 -0.531621 5.73615
1114 594 -0.202184 0.460342 4.5035
411 536 -2.47022 0.949704 7.34629
234 168 -2.28294 -0.487299 5.47467
1143 158 -0.130056 -0.248831 4.56812
1017 206 -0.226516 -0.235296 4.94469
1251 87 0.128247 -0.408587 4.74151
856 269 -0.457383 -0.197339 5.76779
859 243 -0.45214 -0.271297 5.75523
1054 240 -0.205426 -0.140223 4.77573
721 326 -0.910778 -0.101431 7.41556
852 299 -0.471495 -0.102151 5.75609
856 276 -0.457085 -0.173453 5.74794
1104 220 -0.172153 -0.153414 4.62544
1088 230 -0.179828 -0.145323 4.67193
1075 194 -0.187478 -0.216817 4.72082
865 208 -0.429483 -0.381387 5.75948
1033 230 -0.219999 -0.171812 4.85509
377 336 -2.62213 -0.0534761 7.26978
137 316 -1.99085 -0.00672169 4.65689
592 186 -2.17168 -1.49646 10.8976
454 51 -2.27583 -1.51111 7.41049
837 614 -0.520494 0.852905 5.75116
921 568 -0.358975 0.595482 5.29434
873 373 -0.377103 0.12342 6.00602
1062 593 -0.217402 0.506415 4.69513
1149 398 -0.0468354 0.160759 4.747
1036 360 -0.212877 0.0850551 4.85088
1100.4 452.4 -0.146862 0.25235 4.71357
1082.4 436.8 -0.170606 0.222369 4.7252
1082.4 421.2 -0.16796 0.196999 4.7316
1106.4 271.2 -0.177883 -0.0615966 4.60562
1124.4 232.8 -0.157226 -0.127705 4.57501
190.8 696 -2.09192 0.866026 4.97671
855.6 69.6 -0.43978 -0.84922 5.92248
949.2 116.4 -0.158161 -0.687631 5.89832
1006.8 279.6 -0.248262 -0.0842012 4.92118
705.6 92.4 -1.01999 -1.40379 7.95096
772.8 436.8 -0.686805 0.381224 6.64222
1239.6 51.6 0.133976 -0.492072 4.788
182.4 87.6 -2.00318 -0.512139 4.80779
856.8 474 -0.479999 0.395764 5.56047
988.8 310.8 -0.279143 -0.0211271 4.97203
1093.2 188.4 -0.167905 -0.221341 4.68428
854.4 346.8 -0.482048 0.0390567 5.60345
883.2 283.2 -0.37997 -0.1486 5.72724
649.2 256.8 -1.51239 -0.730812 9.61124
409.2 235.2 -3.40292 -0.918891 9.72783
681.6 571.2 -1.12712 1.18045 7.75453
775.2 145.2 -0.657682 -0.949133 7.26916
766.8 399.6 -0.70843 0.23759 6.77244
174 78 -2.0273 -0.533268 4.81199
148.8 81.6 -2.09919 -0.535398 4.83985
190.8 160.8 -1.9405 -0.336769 4.74242
1014 229.2 -0.228311 -0.185858 4.95669
1225.2 182.4 -0.104694 -0.169147 4.3633
412.8 423.6 -2.44761 0.382406 7.32023
859.2 171.6 -0.439682 -0.505493 5.85749
862.8 163.2 -0.434476 -0.520554 5.7626
885.6 168 -0.373073 -0.489079 5.74071
249.6 112.8 -2.25693 -0.661136 5.51356
564 277.2 -3.41406 -1.16549 15.7891
375.6 205.2 -2.83062 -0.794121 7.73691
678 397.2 -1.3168 0.333793 9.77015
733.2 170.4 -0.869488 -1.10516 8.57706
278.4 202.8 -2.33828 -0.449262 5.81891
422.4 399.6 -2.43407 0.268322 7.40434
745.2 373.2 -0.790051 0.128487 6.55936
1136.4 207.6 -0.142924 -0.163636 4.56706
1228.8 106.8 0.106839 -0.380244 4.77048
357.6 252 -2.78093 -0.490071 7.40774
770.4 326.4 -0.67865 -0.0883865 7.31614
1226.4 97.2 0.114203 -0.405001 4.79076
650.4 446.4 -1.48639 0.681769 9.45318
754.8 290.4 -0.743471 -0.267685 7.42036
859.2 242.4 -0.44964 -0.272541 5.7555
685.2 451.2 -1.12546 0.580961 8.11696
823.2 304.8 -0.529494 -0.103721 5.98597
1087.2 230.4 -0.174598 -0.146616 4.68348
740.4 354 -0.821129 0.0492633 6.95448
721.2 354 -0.927518 0.0438246 7.55951
1060.8 175.2 -0.186787 -0.268165 4.78442
1039.2 164.4 -0.206913 -0.304731 4.84124
858 274.8 -0.438063 -0.196549 5.94935
1064.4 273.6 -0.207114 -0.0706616 4.71836
1034.4 248.4 -0.221205 -0.135061 4.83008
1060.8 211.2 -0.190158 -0.198662 4.77501
1051.2 196.8 -0.200361 -0.227909 4.80255
386.4 262.8 -2.94355 -0.533731 8.1583
788.4 297.6 -0.614943 -0.173298 6.55718
865.2 207.6 -0.431217 -0.377913 5.75425
188.4 235.2 -1.94778 -0.182919 4.74778
262.8 333.6 -2.42749 -0.0184025 5.88577
102 268.8 -2.1077 -0.107225 4.70375
60 306 -2.02012 -0.0181613 4.48629
146.4 319.2 -1.97937 -0.00147396 4.66712
296.4 124.8 -2.35343 -0.750912 5.9611
148.8 121.2 -2.07492 -0.437468 4.80538
600 198 -2.08502 -1.38816 10.822
486 44.4 -2.17172 -1.60927 7.62816
493.2 187.2 -3.27365 -1.63184 11.5477
370.8 169.2 -3.15422 -1.14865 8.41571
472.8 180 -3.08626 -1.45381 10.2901
110.4 693.6 -2.29368 0.866565 4.96922
96 522 -2.14173 0.412616 4.73369
150 481.2 -2.258 0.372818 5.06907
542.4 517.2 -2.25867 1.20943 9.39425
390 414 -2.46949 0.329617 7.07491
438 478.8 -2.32457 0.658121 7.33641
908.4 267.6 -0.302626 -0.192481 5.77504
860.4 60 -0.437884 -0.847358 5.82683
720 103.2 -0.925236 -1.3111 7.80259
1153.2 336 -0.0389469 0.0399605 4.75048
967.2 200.4 -0.114825 -0.405922 5.83194
1044 334.8 -0.198009 0.0356662 4.84594
1057.2 274.8 -0.205953 -0.0699173 4.75634
1218 104.4 0.102094 -0.398673 4.80254
870 505.2 -0.497049 0.418175 5.15528
829.2 450 -0.525527 0.361431 5.88438
926.4 506.4 -0.342373 0.44958 5.31146
681.6 372 -1.17478 0.128049 8.30544
994.8 540 -0.26566 0.462203 4.96077
1062 594 -0.217161 0.506212 4.69591
1075.2 368.4 -0.173397 0.105562 4.76196
991.2 526.8 -0.262746 0.445721 5.01841
685.44 240.48 -1.23795 -0.804115 9.42032
787.68 69.12 -0.62692 -1.0721 6.55485
777.6 380.16 -0.66039 0.154712 6.51071
1013.76 218.88 -0.229998 -0.208245 4.94432
226.08 249.12 -1.93183 -0.16153 4.85271
423.36 267.84 -3.62293 -0.764232 10.6076
408.96 234.72 -3.50549 -0.964708 9.98299
668.16 528.48 -1.25543 1.06094 8.34748
855.36 344.16 -0.480648 0.0384753 5.61723
983.52 247.68 -0.0570345 -0.26314 5.87494
1202.4 74.88 0.108514 -0.474249 4.86506
313.92 300.96 -2.55952 -0.175976 6.50931
632.16 439.2 -1.62982 0.649098 9.65825
855.36 69.12 -0.440431 -0.854317 5.93092
848.16 79.2 -0.461062 -0.831126 5.9627
231.84 70.56 -2.31269 -0.788894 5.50435
347.04 423.36 -2.89327 0.395141 7.54699
686.88 218.88 -1.17418 -0.835086 8.69358
987.84 309.6 -0.279034 -0.0222837 4.96876
250.56 113.76 -2.24063 -0.65377 5.48798
216 126.72 -1.94892 -0.427356 4.84212
290.88 214.56 -2.4277 -0.459593 6.08675
357.12 358.56 -2.66752 0.0523085 7.14772
339.84 351.36 -2.87687 0.00953034 7.43588
339.84 324 -2.70204 -0.105954 7.06992
741.6 247.68 -0.818261 -0.649484 8.72113
924.48 224.64 -0.276007 -0.310809 5.64614
1012.32 237.6 -0.233606 -0.17213 4.95419
252 190.08 -2.32101 -0.462518 5.62752
637.92 480.96 -1.62586 0.971807 9.86054
672.48 240.48 -1.30175 -0.76112 9.15823
731.52 434.88 -0.847584 0.386799 6.77908
306.72 362.88 -2.58443 0.0770336 6.51001
681.12 570.24 -1.12651 1.16945 7.72222
691.2 534.24 -1.05163 0.937871 7.47699
905.76 228.96 -0.305066 -0.323782 5.81042
889.92 192.96 -0.361139 -0.423545 5.74184
1224 182.88 -0.104814 -0.171096 4.36377
652.32 450.72 -1.49307 0.719396 9.57147
768.96 236.16 -0.679658 -0.503107 7.17589
866.88 187.2 -0.425351 -0.437252 5.73964
1241.28 95.04 0.118847 -0.407386 4.7578
616.32 254.88 -1.80547 -0.769637 9.95532
252 204.48 -2.2743 -0.394303 5.55264
220.32 210.24 -1.95433 -0.258501 4.87126
410.4 335.52 -3.55039 -0.155176 10.1146
894.24 188.64 -0.348869 -0.43003 5.74672
889.92 154.08 -0.358828 -0.529484 5.73649
214.56 40.32 -2.18401 -0.771219 5.21026
272.16 132.48 -2.25535 -0.625781 5.62321
257.76 126.72 -2.237 -0.613462 5.52073
329.76 205.92 -2.52585 -0.57663 6.57263
758.88 351.36 -0.744524 0.0495852 6.62062
790.56 329.76 -0.6058 -0.0490795 6.75392
858.24 243.36 -0.452895 -0.270125 5.75968
432 439.2 -1.96444 0.370016 6.25258
658.08 385.92 -1.40104 0.248664 9.24436
1059.84 175.68 -0.188322 -0.267936 4.79783
400.32 241.92 -3.07144 -0.715433 8.70558
387.36 243.36 -2.93998 -0.645863 8.18214
302.4 184.32 -2.34875 -0.552923 5.99688
324 154.08 -2.45644 -0.754496 6.3735
658.08 410.4 -1.38962 0.417435 9.10458
1116 214.56 -0.162467 -0.158813 4.59185
740.16 354.24 -0.815623 0.0511423 6.8149
720 354.24 -0.922729 0.0458896 7.47107
751.68 326.88 -0.762854 -0.0895427 7.35855
864 312.48 -0.442629 -0.0583202 5.72692
846.72 308.16 -0.487554 -0.0719911 5.79651
840.96 285.12 -0.47446 -0.166508 6.01319
417.6 309.6 -3.76442 -0.409247 10.8704
637.92 313.92 -1.66776 -0.325732 10.2275
617.76 306.72 -2.08036 -0.502487 11.8584
865.44 207.36 -0.43451 -0.387395 5.75936
188.64 233.28 -1.94779 -0.181154 4.7478
262.08 332.64 -2.36682 -0.00908757 5.76901
158.4 272.16 -1.97396 -0.0943886 4.69413
63.36 289.44 -2.01883 -0.0476717 4.4878
138.24 352.8 -2.02422 0.0649719 4.69606
136.8 315.36 -1.975 -0.00934045 4.63475
296.64 126.72 -2.52432 -0.831244 6.30485
174.24 77.76 -2.01601 -0.525857 4.80222
70.56 190.08 -1.99096 -0.22506 4.47249
377.28 57.6 -2.71202 -1.51918 7.50047
483.84 69.12 -2.25505 -1.55418 7.86499
410.4 50.4 -2.50871 -1.52522 7.43764
335.52 116.64 -2.48912 -0.945489 6.5372
205.92 596.16 -2.36055 0.765381 5.4585
51.84 456.48 -2.08665 0.257632 4.54771
105.12 452.16 -2.17647 0.277712 4.80616
468 607.68 -2.27699 1.38804 7.63687
478.08 547.2 -2.52302 1.25893 8.67728
607.68 378.72 -1.91364 0.193736 10.2091
635.04 508.32 -1.62514 1.15864 9.68709
370.08 408.96 -2.68303 0.311889 7.35107
342.72 493.92 -2.86547 0.765513 7.45193
437.76 518.4 -2.35012 0.863853 7.40382
465.12 472.32 -2.76642 0.865285 9.09322
947.52 239.04 -0.18249 -0.283012 5.79393
921.6 318.24 -0.379496 -0.0115391 5.16389
907.2 347.04 -0.407751 0.0569982 5.21017
862.56 64.8 -0.428138 -0.836505 5.83206
914.4 174.24 -0.27764 -0.478239 5.78951
643.68 80.64 -1.3237 -1.39823 7.67894
720 103.68 -0.924423 -1.28901 7.72574
663.84 180 -1.44897 -1.35819 10.044
1248.48 252 -0.0983556 -0.0616206 4.31167
1249.92 207.36 -0.0957879 -0.120192 4.31719
960.48 200.16 -0.136082 -0.407197 5.83628
1107.36 41.76 0.0801997 -0.678399 5.25013
1190.88 168.48 -0.0592013 -0.226948 4.55757
995.04 108 0.0436791 -0.76582 6.10871
869.76 505.44 -0.497807 0.418801 5.15545
829.44 450.72 -0.524216 0.360123 5.88452
925.92 505.44 -0.341712 0.448648 5.31229
681.12 371.52 -1.13642 0.127468 7.92659
964.8 554.4 -0.295669 0.517968 5.0934
1064.16 655.2 -0.229285 0.602959 4.65698
1121.76 361.44 -0.110029 0.0892511 4.69952
1005.12 362.88 -0.242166 0.0912892 4.97557
1082.88 436.32 -0.170218 0.222371 4.72525
1033.92 362.88 -0.214318 0.0883986 4.85301
1078.56 524.16 -0.213137 0.371938 4.64699
1068.48 444.96 -0.183577 0.241243 4.75456
1064.45 273.024 -0.206813 -0.0714502 4.72859
1154.3 91.584 0.0736054 -0.481309 4.98983
340.416 362.88 -2.90563 0.0766217 7.51613
637.632 471.744 -1.56615 0.854623 9.42731
634.176 445.824 -1.68421 0.732208 10.0658
877.824 186.624 -0.391893 -0.442056 5.77444
884.736 167.616 -0.378031 -0.487416 5.69861
912.384 286.848 -0.303768 -0.142641 5.70322
1194.05 95.04 0.0908617 -0.435103 4.8739
1188.86 74.304 0.0921505 -0.490146 4.90127
221.184 216 -1.97686 -0.255122 4.91795
252.288 203.904 -2.2743 -0.395813 5.55263
278.208 203.904 -2.36071 -0.452905 5.85905
274.752 196.992 -2.35213 -0.470065 5.82162
409.536 235.008 -3.4142 -0.934124 9.74713
196.992 69.12 -1.96353 -0.550038 4.80707
679.104 162.432 -1.24488 -1.28081 9.07603
1047.17 191.808 -0.200254 -0.246767 4.82506
1071.36 203.904 -0.188875 -0.201856 4.73638
1092.1 188.352 -0.168468 -0.222483 4.68169
283.392 120.96 -2.47492 -0.79917 6.10181
781.056 603.072 -0.665167 0.889807 6.05713
782.784 587.52 -0.663769 0.892684 6.30405
762.048 582.336 -0.730115 0.924974 6.48162
858.816 274.752 -0.444893 -0.187887 5.80089
839.808 252.288 -0.515595 -0.229745 5.63904
1116.29 214.272 -0.162893 -0.15839 4.5918
350.784 433.728 -2.98488 0.464897 7.80012
801.792 221.184 -0.550423 -0.544034 7.02876
387.072 243.648 -2.99691 -0.668722 8.32274
646.272 354.24 -1.63 -0.019971 10.3615
658.368 411.264 -1.42125 0.457243 9.43287
426.816 361.152 -2.38895 0.0757952 7.39734
737.856 302.4 -0.840916 -0.2149 7.32735
753.408 290.304 -0.736115 -0.268059 7.42185
791.424 274.752 -0.590568 -0.278076 6.81452
311.04 164.16 -2.47229 -0.686457 6.30898
641.088 285.12 -1.63355 -0.574696 10.2588
658.368 387.072 -1.4448 0.25232 9.59293
864 312.768 -0.431242 -0.0632336 5.77738
720.576 354.24 -0.922068 0.0427693 7.47076
749.952 328.32 -0.776788 -0.0896242 7.49894
345.6 216 -2.58804 -0.581893 6.85869
345.6 203.904 -2.65083 -0.660335 6.98272
421.632 298.944 -3.56503 -0.46716 10.4226
637.632 314.496 -1.64791 -0.31057 10.0873
786.24 342.144 -0.619792 0.00983841 6.89729
791.424 330.048 -0.607014 -0.0522771 6.88194
770.688 326.592 -0.676646 -0.10026 7.25253
1060.99 274.752 -0.200253 -0.0734162 4.74489
1028.16 276.48 -0.232096 -0.0764331 4.84942
1055.81 240.192 -0.202025 -0.142945 4.79427
706.752 345.6 -0.974261 -0.00396021 7.31651
696.384 304.128 -1.08152 -0.253566 8.13331
800.064 276.48 -0.559191 -0.287595 6.91648
803.52 252.288 -0.543163 -0.398403 6.95309
864 226.368 -0.435646 -0.323069 5.75269
193.536 236.736 -1.94945 -0.182334 4.77121
260.928 335.232 -2.3678 -0.00811424 5.7689
101.952 269.568 -2.10983 -0.109428 4.70194
72.576 216 -2.02778 -0.182335 4.52496
158.976 273.024 -1.97011 -0.0992234 4.68598
152.064 217.728 -1.96976 -0.200784 4.67239
138.24 352.512 -2.02422 0.0649719 4.69605
138.24 314.496 -1.975 -0.00934045 4.63475
217.728 88.128 -2.16155 -0.631724 5.19406
217.728 134.784 -1.95505 -0.417321 4.85508
297.216 127.872 -2.3726 -0.75841 6.01106
32.832 160.704 -1.98224 -0.257859 4.38323
134.784 122.688 -2.04546 -0.413657 4.72101
489.024 240.192 -3.67173 -1.31235 12.7611
463.104 236.736 -4.06142 -1.38252 13.0235
511.488 148.608 -2.96216 -1.92482 11.0904
345.6 191.808 -2.63528 -0.724621 6.98099
449.28 177.984 -3.32409 -1.51275 10.4141
426.816 181.44 -3.48936 -1.45822 10.3479
145.152 570.24 -2.23912 0.583571 5.02339
198.72 397.44 -1.94914 0.154705 4.79787
196.992 497.664 -2.2425 0.441618 5.22442
281.664 480.384 -2.58994 0.528108 6.3073
145.152 376.704 -2.00681 0.118342 4.69631
100.224 456.192 -2.1414 0.279402 4.7357
51.84 456.192 -2.08665 0.257632 4.54771
160.704 502.848 -2.20118 0.432633 5.02221
155.52 459.648 -2.31818 0.334596 5.16729
523.584 546.048 -2.3975 1.38389 9.33856
592.704 603.072 -1.55432 1.29482 7.47734
397.44 575.424 -2.37394 1.06337 6.94146
388.8 532.224 -2.53889 0.902134 7.2603
468.288 608.256 -2.20113 1.33498 7.40195
425.088 577.152 -2.37176 1.13417 7.28616
449.28 686.016 -1.72516 1.11241 5.73958
558.144 368.064 -1.73374 0.108045 7.53635
397.44 374.976 -2.5299 0.142289 7.33727
388.8 492.48 -2.49959 0.697481 7.14833
432 478.656 -2.39126 0.668679 7.4538
910.656 267.84 -0.302626 -0.192481 5.77504
879.552 259.2 -0.386276 -0.216477 5.74066
872.64 221.184 -0.412687 -0.337626 5.77054
883.008 283.392 -0.376451 -0.145707 5.74308
654.912 252.288 -1.45935 -0.737071 9.55398
675.648 195.264 -1.32675 -1.14915 9.58322
741.312 248.832 -0.811798 -0.587264 8.19608
787.968 222.912 -0.59916 -0.559442 7.18664
879.552 134.784 -0.390729 -0.603076 5.79136
705.024 89.856 -1.01629 -1.38425 7.86878
641.088 139.968 -1.36167 -1.1686 7.93309
732.672 171.072 -0.864634 -1.01528 8.0844
1149.12 198.72 -0.1365 -0.175279 4.54485
1185.41 340.416 0.0252711 0.04854 4.76447
960.768 200.448 -0.134125 -0.406139 5.83576
1009.15 338.688 -0.224998 0.0364014 4.97826
1007.42 279.936 -0.245948 -0.0788195 4.94444
1043.71 335.232 -0.188148 0.0337699 4.90488
1187.14 51.84 0.0937239 -0.534079 4.89455
995.328 107.136 0.0339543 -0.75664 6.06847
870.912 571.968 -0.49947 0.567492 5.13428
921.024 565.056 -0.361489 0.597201 5.29155
819.072 644.544 -0.564152 0.95944 5.85997
796.608 438.912 -0.611951 0.349649 6.20365
914.112 368.064 -0.287537 0.105169 5.80327
829.44 451.008 -0.526528 0.360948 5.88476
876.096 454.464 -0.478973 0.310027 5.17086
772.416 435.456 -0.684171 0.379919 6.58437
751.68 435.456 -0.764799 0.371523 6.67437
770.688 451.008 -0.688946 0.428084 6.5074
725.76 449.28 -0.876102 0.45551 6.85559
1123.2 656.64 -0.198598 0.550502 4.48342
995.328 599.616 -0.281014 0.565155 4.88741
991.872 528.768 -0.260291 0.444322 5.0146
1009.15 616.896 -0.256625 0.607692 4.88917
983.232 635.904 -0.29158 0.660968 4.94123
1069.63 611.712 -0.233689 0.516595 4.61356
1100.74 452.736 -0.148574 0.253981 4.72086
1074.82 369.792 -0.170598 0.106854 4.77485
1035.07 362.88 -0.219535 0.0902515 4.83674
993.6 459.648 -0.266094 0.295736 4.98311
1041.98 492.48 -0.213328 0.340345 4.82389
866.765 311.04 -0.44141 -0.0612184 5.71558
839.808 286.157 -0.476418 -0.166845 6.01296
1040.95 275.789 -0.22013 -0.0756546 4.80978
1059.61 209.434 -0.192438 -0.196783 4.78961
1115.6 213.581 -0.167993 -0.156892 4.59494
1113.52 201.139 -0.154467 -0.188296 4.6305
657.331 510.106 -1.35744 1.02231 8.74579
711.245 518.4 -0.80398 0.167824 3.43627
702.951 499.738 -0.987438 0.675338 6.91548
729.907 182.477 -0.886921 -0.99621 8.43158
350.438 250.906 -2.6669 -0.458702 7.08018
636.595 313.114 -1.65624 -0.318453 10.1032
615.859 306.893 -2.05667 -0.483605 11.7439
636.595 472.781 -1.65635 0.924777 10.0395
754.791 350.438 -0.761001 0.0397102 6.69269
790.042 329.702 -0.609125 -0.0413315 6.63636
651.11 431.309 -1.49594 0.582569 9.68098
651.11 414.72 -1.48049 0.47555 9.75406
711.245 300.672 -0.99208 -0.230969 7.72603
790.042 294.451 -0.605794 -0.197906 6.83144
767.232 298.598 -0.687931 -0.21069 7.17558
860.544 263.347 -0.44202 -0.209052 5.74908
1032.65 207.36 -0.223595 -0.215973 4.85987
420.941 298.598 -3.60154 -0.468585 10.4977
740.275 354.586 -0.813649 0.0410413 6.89109
729.907 329.702 -0.850909 -0.071447 7.16889
377.395 271.642 -2.58896 -0.352547 7.18151
398.131 240.538 -2.95308 -0.683706 8.37491
640.742 329.702 -1.66031 -0.190658 10.3521
230.17 267.494 -1.87075 -0.114696 4.77048
319.334 259.2 -2.67697 -0.380216 6.79401
157.594 271.642 -1.96455 -0.0982962 4.67989
163.814 215.654 -1.94122 -0.201498 4.66711
97.4592 335.923 -2.0144 0.0350825 4.57239
41.472 337.997 -2.01366 0.041709 4.42842
149.299 317.261 -1.9508 -0.00157664 4.62383
138.931 313.114 -1.99465 -0.0132279 4.66405
271.642 51.84 -2.26397 -0.896833 5.64126
298.598 130.637 -1.98289 -0.540526 5.26161
68.4288 95.3856 -2.06374 -0.415945 4.55293
122.342 178.33 -2.07154 -0.299392 4.71047
147.226 120.269 -2.05769 -0.431038 4.77886
578.534 242.611 -2.65743 -1.27772 12.75
340.07 323.482 -2.63139 -0.101288 6.90531
628.301 68.4288 -1.39729 -1.43584 7.57022
410.573 49.7664 -2.48123 -1.50175 7.35674
449.971 178.33 -3.23307 -1.44688 10.1192
313.114 534.989 -2.52341 0.760911 6.44558
194.918 649.037 -2.39814 0.916146 5.47272
267.494 609.638 -2.3787 0.901382 5.82763
114.048 559.872 -2.18496 0.522966 4.85299
66.3552 638.669 -2.07034 0.605304 4.57351
161.741 630.375 -2.34243 0.792237 5.24306
221.875 389.837 -1.80244 0.132138 4.65012
327.629 393.984 -2.65893 0.221152 6.86031
211.507 474.854 -2.26595 0.393978 5.33696
321.408 479.002 -2.75806 0.629715 6.99272
143.078 377.395 -2.00729 0.116539 4.69674
97.4592 520.474 -2.13872 0.424895 4.7388
159.667 501.811 -2.26814 0.435776 5.13144
522.547 545.357 -2.39478 1.39069 9.34536
576.461 524.621 -2.0991 1.31945 9.82584
622.08 659.405 -1.28721 1.28128 6.58422
431.309 553.651 -2.30782 1.01166 7.22286
557.798 369.101 -2.09116 0.107797 9.12217
624.154 404.352 -1.70781 0.392607 9.77653
377.395 404.352 -2.6632 0.292851 7.40611
348.365 387.763 -2.98882 0.217959 7.78561
429.235 439.603 -2.28982 0.449435 7.11529
371.174 447.898 -2.60927 0.502366 7.19803
458.266 520.474 -3.24247 1.40808 10.4607
435.456 518.4 -2.39591 0.885171 7.52236
433.382 479.002 -2.55184 0.718072 7.92641
910.311 267.494 -0.294062 -0.201038 5.81623
870.912 219.802 -0.407952 -0.332115 5.75247
854.323 344.218 -0.475444 0.0344902 5.63569
655.258 250.906 -1.50878 -0.789846 9.99263
740.275 248.832 -0.834766 -0.617783 8.51086
640.742 284.083 -1.65286 -0.571462 10.3543
825.293 97.4592 -0.503538 -0.860195 6.27903
833.587 192.845 -0.494637 -0.512299 6.22432
794.189 120.269 -0.604046 -0.879508 6.62298
877.133 186.624 -0.402008 -0.435322 5.70646
916.531 138.931 -0.260556 -0.598313 5.85731
644.89 78.7968 -1.31677 -1.392 7.64023
705.024 176.256 -1.02541 -1.00533 8.2237
1148.77 199.066 -0.136365 -0.175099 4.54771
1150.85 335.923 -0.0395913 0.0429148 4.76499
1096.93 331.776 -0.145784 0.03318 4.72833
1159.14 279.936 -0.143559 -0.036489 4.48419
958.003 238.464 -0.145243 -0.292329 5.83211
1013.99 219.802 -0.246443 -0.193354 4.86941
958.003 201.139 -0.136939 -0.412012 5.83741
1059.61 273.715 -0.209673 -0.0700702 4.74424
1043.02 335.923 -0.199858 0.0350894 4.84771
1146.7 58.0608 0.0645281 -0.552372 4.99372
1225.5 76.7232 0.1064 -0.442703 4.78352
1188.17 74.6496 0.0941375 -0.487256 4.90131
1188.17 167.962 -0.0604096 -0.231003 4.5633
1016.06 170.035 -0.222586 -0.304446 4.94586
835.661 537.062 -0.511845 0.620596 5.79362
924.826 557.798 -0.345761 0.572809 5.3055
887.501 532.915 -0.457054 0.485761 5.17192
833.587 644.89 -0.533513 0.926619 5.75779
816.999 642.816 -0.569018 0.942255 5.80262
686.362 570.24 -1.11353 1.16251 7.72581
750.643 526.694 -0.773989 0.751153 6.7139
696.73 628.301 -1.0076 1.32117 7.18879
667.699 615.859 -1.1603 1.3066 7.34355
773.453 651.11 -0.69347 1.09497 6.19898
891.648 425.088 -0.444368 0.235335 5.19262
843.955 491.443 -0.498247 0.470635 5.64779
889.575 493.517 -0.45296 0.393797 5.174
935.194 458.266 -0.321174 0.324396 5.31594
682.214 369.101 -1.17429 0.126522 8.31033
723.687 520.474 -0.901826 0.777065 7.08352
725.76 447.898 -0.873951 0.446516 6.8208
1175.73 655.258 -0.161952 0.520215 4.39535
1186.1 644.89 -0.153433 0.496894 4.37198
989.107 528.768 -0.259607 0.443645 5.00687
974.592 543.283 -0.287504 0.48637 5.05102
1061.68 595.123 -0.216151 0.505847 4.69602
1038.87 599.271 -0.221754 0.547909 4.817
966.298 675.994 -0.310265 0.762416 5.01354
980.813 607.565 -0.297526 0.60365 4.95295
1069.98 611.712 -0.236008 0.512199 4.60043
1099.01 439.603 -0.154994 0.226684 4.70772
1146.7 367.027 -0.0518784 0.0969706 4.74313
1096.93 452.045 -0.14858 0.254886 4.72087
1001.55 406.426 -0.247682 0.177529 4.96805
1082.42 435.456 -0.169566 0.222374 4.72532
1032.65 362.88 -0.207921 0.0911395 4.90909
993.255 458.266 -0.262765 0.297782 5.00354
1040.95 491.443 -0.215864 0.339754 4.8246
993.255 107.827 0.0514867 -0.781742 6.17359
398.131 353.341 -2.62641 0.0299565 7.5132
378.225 350.853 -2.62495 0.0213815 7.2929
644.475 350.853 -1.60571 -0.00861556 10.1237
706.683 350.853 -0.981209 0.0197207 7.88475
1112.28 213.996 -0.157846 -0.161692 4.6212
1017.72 218.972 -0.22726 -0.203494 4.94472
696.73 283.669 -1.13138 -0.424877 8.86291
413.061 49.7664 -2.54105 -1.55036 7.52689
482.734 67.1846 -2.20239 -1.49424 7.69265
450.386 54.743 -2.30267 -1.52091 7.48125
948.05 116.951 -0.168747 -0.672936 5.88157
1169.51 276.204 -0.142505 -0.0410773 4.44426
109.486 248.832 -2.09494 -0.147606 4.70347
136.858 313.528 -1.99465 -0.0132279 4.66405
450.386 176.671 -3.30241 -1.48217 10.3296
557.384 276.204 -3.40547 -1.1386 15.0927
1000.3 405.596 -0.241123 0.187699 5.03633
1007.77 375.736 -0.237435 0.115909 4.97396
1189.42 166.717 -0.0602192 -0.234688 4.56377
62.208 124.416 -2.07853 -0.36074 4.56502
102.021 106.998 -2.04222 -0.415415 4.61683
159.253 271.227 -1.96552 -0.0990116 4.67975
146.811 253.809 -1.97852 -0.130318 4.65986
189.112 233.902 -1.9463 -0.179945 4.74848
547.43 462.828 -1.97982 0.712009 8.3328
701.706 89.5795 -1.00332 -1.36256 7.71925
644.475 77.1379 -1.29269 -1.36875 7.49577
1216.79 522.547 -0.125261 0.317379 4.35217
67.1846 637.01 -2.06773 0.606118 4.5699
627.057 82.1146 -1.44607 -1.45355 7.86427
1099.84 437.944 -0.16834 0.223036 4.67148
1147.12 365.783 -0.0666724 0.0975121 4.71215
1122.23 360.806 -0.112381 0.0877839 4.6857
161.741 629.545 -2.36206 0.800407 5.25328
266.25 609.638 -2.35504 0.892065 5.79869
622.08 530.012 -1.75249 1.3765 9.93065
1094.86 450.386 -0.162345 0.248696 4.68992
186.624 161.741 -1.9405 -0.336769 4.74242
786.309 99.5328 -0.62285 -0.966163 6.63227
544.942 666.87 -1.54347 1.2129 6.3004
1074.95 328.458 -0.1643 0.022321 4.78408
423.014 577.29 -2.38817 1.1432 7.32499
1027.68 597.197 -0.235412 0.551897 4.82352
1079.93 525.036 -0.21678 0.367578 4.59389
144.323 517.571 -2.15586 0.436047 4.90077
154.276 460.339 -2.27596 0.327807 5.10752
243.855 534.989 -2.56256 0.680421 6.02195
962.98 199.066 -0.121129 -0.405691 5.83374
980.398 151.788 -0.0659331 -0.560414 5.87259
851.006 156.764 -0.455878 -0.567895 5.90609
918.19 564.849 -0.390787 0.559723 5.14545
885.842 532.501 -0.458815 0.486143 5.17204
1010.26 335.923 -0.227953 0.0308086 4.9566
1010.26 281.18 -0.245664 -0.0717125 4.92115
102.021 452.874 -2.15399 0.278888 4.76051
136.858 597.197 -2.20672 0.638234 4.96918
420.526 263.762 -4.0667 -0.900798 11.7551
763.914 149.299 -0.688602 -1.17389 8.3301
990.352 527.524 -0.259927 0.447498 5.02473
1042.61 656.917 -0.228636 0.64261 4.77342
432.968 477.758 -2.36968 0.653146 7.40157
913.214 599.685 -0.373992 0.670934 5.29824
97.0445 520.059 -2.15304 0.416358 4.73988
47.2781 522.547 -2.11099 0.386639 4.5669
1082.42 435.456 -0.173969 0.223842 4.71676
97.0445 333.435 -2.02568 0.034833 4.58754
62.208 306.063 -2.01652 -0.0188505 4.48747
313.528 532.501 -2.51883 0.75467 6.44001
833.587 617.103 -0.521524 0.855521 5.75937
816.169 624.568 -0.564586 0.877841 5.75836
1129.7 199.066 -0.150481 -0.185808 4.58112
1089.88 189.112 -0.165565 -0.220778 4.69613
1117.26 131.881 -0.149198 -0.304734 4.62481
669.358 174.182 -1.37949 -1.26911 9.44499
370.76 569.825 -2.58579 1.07186 7.12506
380.713 530.012 -2.61169 0.916177 7.34812
1040.12 492.687 -0.216419 0.339885 4.82555
298.598 427.991 -2.71043 0.351995 6.65477
323.482 316.017 -2.48676 -0.10162 6.45042
632.033 445.409 -1.67668 0.736203 10.0251
771.379 649.452 -0.69361 1.09264 6.2259
1186.93 74.6496 0.0906213 -0.486684 4.90186
146.811 119.439 -2.04746 -0.43523 4.76113
691.753 532.501 -1.05789 0.950333 7.53709
619.592 405.596 -1.71718 0.386098 9.77425
607.15 378.225 -1.96074 0.210943 10.4658
761.426 582.267 -0.726811 0.926633 6.50281
734.055 564.849 -0.832327 0.924964 6.76321
888.33 492.687 -0.449964 0.394771 5.17385
1012.75 223.949 -0.228852 -0.192275 4.94828
617.103 233.902 -1.78948 -0.920246 9.88006
1015.23 169.206 -0.222483 -0.305492 4.94158
231.414 268.739 -1.87075 -0.114696 4.77048
910.725 266.25 -0.293911 -0.203011 5.79842
873.4 256.297 -0.401984 -0.228481 5.81113
913.214 226.437 -0.281533 -0.323608 5.847
868.424 216.484 -0.421168 -0.361003 5.84657
320.993 442.921 -2.8099 0.468981 7.1074
281.18 477.758 -2.64198 0.537184 6.42661
1154.58 276.204 -0.149747 -0.0449519 4.48542
905.749 338.412 -0.408628 0.0410606 5.19057
865.935 311.04 -0.434843 -0.0604922 5.70631
748.984 437.944 -0.769964 0.308627 5.82316
734.055 378.225 -0.851655 0.156232 7.1111
388.178 410.573 -2.52126 0.320896 7.19046
345.877 435.456 -2.92243 0.469188 7.58421
699.218 213.996 -1.06644 -0.801528 8.34254
661.893 206.531 -1.34387 -1.0195 9.11281
915.702 171.694 -0.269349 -0.482605 5.77608
865.935 186.624 -0.427702 -0.43776 5.73936
808.704 325.97 -0.583746 -0.0298731 5.83989
838.564 286.157 -0.479854 -0.166944 6.01357
674.335 365.783 -1.22237 0.106623 8.43432
308.552 226.437 -2.45718 -0.444423 6.27744
276.204 201.554 -2.34558 -0.448664 5.82059
303.575 181.647 -2.45029 -0.59065 6.20174
286.157 164.229 -2.35192 -0.593141 5.88642
318.505 151.788 -2.47125 -0.765456 6.36316
1027.68 276.204 -0.233158 -0.0768672 4.85407
1057.54 238.879 -0.198652 -0.142319 4.77473
348.365 348.365 -2.77762 -0.00970174 7.29071
798.751 221.461 -0.562548 -0.515626 6.83157
490.199 184.136 -2.98294 -1.44822 10.4453
510.106 52.2547 -1.55604 -0.942461 5.85303
719.622 98.5375 -0.917772 -1.23104 7.46098
244.851 564.351 -2.15777 0.629044 5.3272
244.851 534.491 -2.40384 0.637295 5.76353
271.725 56.7337 -2.26753 -0.872075 5.6458
468.8 179.159 -3.18649 -1.50244 10.5344
424.01 579.281 -2.44024 1.17179 7.42513
456.856 519.561 -3.46974 1.50284 11.1426
432.968 519.561 -2.48818 0.916174 7.7489
624.071 531.505 -1.77008 1.40743 10.0727
1009.26 334.43 -0.22663 0.0334285 4.98568
1045.09 334.43 -0.202672 0.0357216 4.84865
1209.32 633.029 -0.133867 0.471942 4.35869
1179.46 624.071 -0.151708 0.467837 4.3941
1060.02 582.267 -0.206007 0.486148 4.72572
161.243 630.043 -2.36206 0.800407 5.25328
842.048 200.061 -0.488668 -0.420829 5.81453
158.257 504.631 -2.25231 0.433508 5.09654
155.271 459.842 -2.32023 0.334157 5.1668
432.968 477.758 -2.45745 0.680739 7.62924
426.996 438.94 -2.30252 0.448454 7.10973
1140.65 101.523 0.0508416 -0.459484 5.01004
695.734 627.057 -0.994363 1.20023 6.79181
997.319 600.183 -0.269341 0.581683 4.95777
952.529 606.155 -0.320778 0.642337 5.12947
95.5515 334.43 -2.07998 0.0275562 4.65664
83.6076 331.444 -2.0074 0.0270685 4.52087
65.6917 292.626 -1.99034 -0.0436415 4.46042
949.543 140.341 -0.176874 -0.579844 5.81668
453.87 235.893 -4.6176 -1.57155 14.4305
973.431 558.379 -0.295204 0.527249 5.05286
991.347 528.519 -0.25891 0.450044 4.98007
973.431 540.463 -0.281279 0.481321 5.06935
1116.76 197.075 -0.162204 -0.18765 4.60593
1116.76 131.383 -0.161913 -0.294341 4.59048
110.481 504.631 -2.14694 0.38169 4.77746
71.6636 492.687 -2.10269 0.334836 4.6062
170.201 555.393 -2.22273 0.563223 5.0977
355.332 179.159 -2.62964 -0.805597 7.01984
916.697 573.309 -0.36269 0.602119 5.3123
865.936 555.393 -0.508416 0.550096 5.17593
886.837 531.505 -0.457392 0.482827 5.18833
1188.42 74.6496 0.0944803 -0.477716 4.89373
382.206 489.701 -2.6518 0.718902 7.45372
677.818 164.229 -1.26917 -1.31321 9.21009
1063.01 653.931 -0.227637 0.602853 4.65716
1045.09 656.917 -0.226365 0.635892 4.75476
116.453 555.393 -2.1956 0.514055 4.86595
95.5515 522.547 -2.1562 0.420481 4.74479
59.7197 537.477 -2.11675 0.419114 4.60575
394.15 582.267 -2.42674 1.10642 7.02519
352.346 564.351 -2.76003 1.0757 7.31751
409.08 531.505 -2.49979 0.928723 7.41993
621.085 406.094 -1.68938 0.370213 9.57512
606.155 382.206 -1.90445 0.204945 10.0982
1071.97 370.262 -0.173285 0.104605 4.76172
322.486 316.514 -2.53358 -0.110518 6.52945
686.776 567.337 -1.11438 1.14994 7.66248
740.524 250.823 -0.834766 -0.617783 8.51086
815.174 624.071 -0.56735 0.897686 5.87472
731.566 182.145 -0.900798 -0.93997 8.05308
746.496 659.903 -0.779297 1.13688 6.1727
743.51 603.169 -0.803086 1.02619 6.64459
340.402 403.108 -2.847 0.296359 7.3433
892.809 453.87 -0.433906 0.312523 5.28578
636.015 507.617 -1.57837 1.12292 9.33077
591.225 456.856 -2.51172 1.1083 12.7708
656.917 247.837 -1.40265 -0.733721 9.22719
698.72 212.005 -1.06644 -0.801528 8.34254
785.314 510.603 -0.673846 0.504545 5.53804
749.482 450.884 -0.791542 0.461357 6.83831
997.319 501.645 -0.252213 0.387002 4.99254
991.347 456.856 -0.264985 0.2957 5.01303
937.599 459.842 -0.358115 0.302806 5.04353
964.473 271.725 -0.12773 -0.185443 5.81709
964.473 238.879 -0.133454 -0.292494 5.81559
618.099 232.907 -1.79498 -0.933654 9.91322
388.178 409.08 -2.52038 0.309785 7.18443
349.36 432.968 -3.0054 0.477902 7.8164
403.108 373.248 -2.58537 0.114534 7.47427
229.921 268.739 -1.84702 -0.110841 4.72667
241.865 226.935 -2.27157 -0.305803 5.48998
764.412 582.267 -0.730844 0.942497 6.57298
737.538 567.337 -0.832327 0.924964 6.76321
722.608 519.561 -0.91697 0.782744 7.10409
845.034 471.786 -0.516984 0.387723 5.4847
280.683 477.758 -2.64198 0.537184 6.42661
752.468 435.954 -0.747411 0.300582 5.68405
734.552 379.22 -0.841923 0.152947 6.90874
916.697 229.921 -0.287114 -0.312316 5.76707
319.5 152.285 -2.79922 -0.908868 7.01307
298.598 131.383 -2.4278 -0.779506 6.13433
809.202 325.472 -0.583746 -0.029873 5.83989
839.062 286.655 -0.479798 -0.164165 6.01436
1060.02 274.711 -0.209768 -0.0732147 4.74367
358.318 355.332 -2.80512 0.0411004 7.45705
391.164 298.598 -1.82865 -0.0996338 5.50727
797.258 220.963 -0.571123 -0.496608 6.71832
349.36 247.837 -2.75327 -0.48855 7.26375
397.136 241.865 -3.00382 -0.702953 8.48362
636.015 319.5 -1.68321 -0.27955 10.0061
683.79 346.374 -1.19327 -0.0294066 8.65368
641.987 286.655 -1.67041 -0.569791 10.4191
752.468 352.346 -0.761653 0.0439224 6.6234
752.468 286.655 -0.742539 -0.27563 7.48588
1003.29 403.108 -0.246191 0.173126 4.96818
1098.84 421.024 -0.151885 0.192783 4.71844
1125.72 656.917 -0.19792 0.546128 4.48604
1170.51 522.547 -0.157997 0.327567 4.42224
1158.56 522.547 -0.153585 0.330742 4.45295
1191.41 164.229 -0.0609356 -0.235145 4.56049
1173.49 274.711 -0.138778 -0.0409928 4.44393
421.024 594.211 -2.45059 1.2507 7.4365
68.6776 373.248 -2.0445 0.105066 4.52779
450.884 56.7337 -2.40169 -1.5844 7.74046
379.22 56.7337 -2.64302 -1.47577 7.33018
603.169 194.089 -2.0435 -1.36819 10.6132
122.425 176.173 -2.0681 -0.300355 4.70105
68.6776 212.005 -1.97304 -0.179865 4.44521
257.989 333.236 -2.35112 -0.0107478 5.71996
877.88 637.806 -0.440749 0.78371 5.36651
913.711 601.974 -0.383655 0.655118 5.19617
1125.12 494.479 -0.161567 0.305977 4.55426
1117.95 458.647 -0.130318 0.258283 4.66023
619.89 404.9 -1.88514 0.43439 10.755
917.294 573.309 -0.383678 0.583261 5.20591
885.046 533.894 -0.460267 0.477707 5.20219
354.735 562.56 -2.8125 1.10956 7.43837
354.735 523.145 -2.56974 0.80439 6.9038
157.66 505.229 -2.23223 0.432248 5.06224
154.077 462.23 -2.32404 0.338847 5.17738
250.823 189.909 -2.30735 -0.445219 5.60331
343.985 390.567 -3.02769 0.225098 7.80697
673.638 193.492 -1.26634 -1.08903 9.0414
677.221 164.826 -1.26773 -1.31861 9.20437
999.708 451.481 -0.252799 0.275801 4.96607
308.154 358.318 -2.61908 0.0668582 6.58412
569.726 240.073 -2.95599 -1.42015 13.7788
662.889 533.894 -1.28218 1.09056 8.29313
967.459 569.726 -0.292905 0.538409 5.07374
960.293 544.644 -0.302295 0.50258 5.1056
1053.46 505.229 -0.204646 0.358274 4.77118
1143.03 200.658 -0.138051 -0.17398 4.54861
1078.54 136.161 -0.183688 -0.321721 4.70508
114.662 555.393 -2.19377 0.516433 4.87526
770.384 236.49 -0.682431 -0.525672 7.33229
888.629 480.146 -0.450084 0.378397 5.181
870.713 447.898 -0.478906 0.295181 5.23644
1074.95 426.399 -0.179057 0.208468 4.7508
1071.37 372.651 -0.173571 0.10203 4.74782
154.077 78.83 -2.05615 -0.531562 4.78823
404.9 372.651 -2.69344 0.140117 7.88271
580.475 494.479 -2.23918 1.14105 10.559
960.293 272.322 -0.136308 -0.191498 5.81958
870.713 175.576 -0.417653 -0.478719 5.83741
315.32 533.894 -2.52375 0.759874 6.44553
652.139 415.649 -1.42807 0.436614 9.15199
680.805 369.068 -1.15632 0.109317 8.17216
279.488 498.062 -2.55444 0.595836 6.23924
322.486 447.898 -2.65751 0.437822 6.78919
695.137 268.739 -1.12272 -0.503731 8.51606
698.72 211.408 -1.07563 -0.805732 8.35071
644.973 222.157 -1.40864 -0.847595 8.78003
813.382 623.474 -0.574241 0.903408 5.88782
426.399 365.485 -2.51008 0.0874341 7.69181
734.552 566.143 -0.819386 0.914371 6.68387
748.885 526.728 -0.777742 0.750332 6.72497
845.631 472.98 -0.502921 0.410835 5.67094
799.049 551.81 -0.604582 0.69477 6.03211
902.962 340.402 -0.410851 0.0374606 5.19592
920.878 315.32 -0.370419 -0.0157518 5.19772
888.629 318.903 -0.42225 -0.024436 5.45549
1046.29 164.826 -0.20491 -0.293599 4.82592
390.567 300.987 -3.40064 -0.385297 9.34445
910.128 261.572 -0.299933 -0.211005 5.76489
913.711 229.324 -0.286553 -0.31327 5.77594
1114.37 272.322 -0.168319 -0.0626253 4.60143
1110.79 229.324 -0.165385 -0.134852 4.60439
232.907 268.739 -1.91567 -0.121256 4.84054
225.74 247.24 -1.82298 -0.133672 4.67022
308.154 225.74 -2.54542 -0.473797 6.43232
1057.04 272.322 -0.203012 -0.0767061 4.75864
1010.46 279.488 -0.23069 -0.083632 4.97641
1014.04 222.157 -0.22981 -0.204412 4.94463
670.055 490.896 -1.13526 0.679044 7.14175
752.468 286.655 -0.746424 -0.294094 7.40717
386.984 225.74 -3.13234 -0.807781 8.62864
695.137 300.987 -1.09494 -0.287303 8.22094
641.39 286.655 -1.74865 -0.581769 10.8489
1178.87 627.057 -0.154756 0.472551 4.39681
1171.7 533.894 -0.15042 0.34588 4.42273
1078.54 526.728 -0.213508 0.377134 4.64206
945.96 139.744 -0.176874 -0.579844 5.81668
945.96 121.828 -0.167966 -0.67064 5.84122
1189.62 164.826 -0.0480243 -0.241457 4.6067
1114.37 132.578 -0.149198 -0.304734 4.62481
1153.78 250.823 -0.146632 -0.0812055 4.49481
849.214 157.66 -0.45504 -0.577916 5.94225
433.565 519.561 -2.26898 0.825229 7.10148
204.241 447.898 -2.15941 0.291662 5.13202
132.578 598.391 -2.17712 0.616674 4.90576
429.982 175.576 -3.49272 -1.4985 10.3641
455.064 236.49 -4.3366 -1.45223 13.5351
146.91 315.32 -1.96627 -0.000197837 4.64745
68.0805 293.821 -2.01182 -0.0421899 4.49247
193.492 275.905 -1.91593 -0.095128 4.71245
68.0805 211.408 -1.96705 -0.176094 4.43815
705.17 189.192 -1.03145 -0.911879 8.27398
675.071 189.192 -1.21059 -1.00433 8.51365
679.371 163.393 -1.27175 -1.32006 9.29064
1092.15 262.289 -0.176035 -0.0845336 4.68919
348.285 429.982 -2.93507 0.457788 7.64394
288.088 425.682 -2.65351 0.345466 6.54613
408.483 571.876 -2.52529 1.14251 7.4203
382.684 520.278 -2.46249 0.822948 6.94508
558.976 408.483 -2.10047 0.390716 9.20687
739.569 627.773 -0.81163 1.12312 6.49131
838.465 550.377 -0.503623 0.620238 5.62077
821.265 533.177 -0.549727 0.619922 5.88413
963.159 236.49 -0.135357 -0.293884 5.8209
1070.65 498.779 -0.216478 0.330289 4.64355
1092.15 447.181 -0.159214 0.246586 4.71802
300.987 180.592 -2.38204 -0.567405 6.05071
761.068 369.784 -0.72595 0.115584 6.71606
997.558 503.079 -0.262878 0.384472 4.90582
933.06 485.879 -0.332465 0.394706 5.32191
941.66 460.081 -0.323639 0.323816 5.30156
146.194 111.795 -2.04274 -0.439578 4.74456
154.793 81.6965 -2.06659 -0.530769 4.80978
339.686 494.479 -3.07599 0.822693 7.85453
619.174 232.19 -1.69676 -0.853937 9.34581
670.772 283.788 -1.18573 -0.346289 7.86358
649.273 219.291 -1.67872 -1.19981 10.7883
773.967 240.79 -0.686218 -0.533515 7.38299
739.569 249.389 -0.840185 -0.591673 8.41586
786.867 632.073 -0.673161 0.937859 5.74761
890.062 485.879 -0.458049 0.380845 5.193
249.389 107.495 -2.26497 -0.675022 5.51373
395.583 412.783 -2.40184 0.304355 6.98313
378.384 399.883 -2.66441 0.255305 7.41106
632.073 447.181 -1.39583 0.580892 8.07051
653.572 417.082 -1.3895 0.426502 8.86839
666.472 369.784 -1.28676 0.125524 8.56493
924.461 313.887 -0.370419 -0.0157518 5.19772
1019.06 167.693 0.0442308 -0.54783 5.91353
386.984 300.987 -2.8277 -0.275519 7.87896
773.967 352.585 -0.680184 0.0488126 6.38141
765.368 305.287 -0.713302 -0.187288 7.28275
348.285 283.788 -2.58119 -0.269726 6.77745
636.373 318.187 -1.82329 -0.322549 11.0484
795.466 223.591 -0.567939 -0.512261 6.83564
748.168 524.578 -0.790181 0.749703 6.76405
1014.76 219.291 -0.22988 -0.209348 4.95256
369.784 275.188 -2.66439 -0.340648 7.28569
386.984 227.89 -2.82001 -0.654571 7.94853
687.971 343.985 -1.13784 -0.0286541 8.22126
1143.75 481.58 -0.0645408 0.303553 4.76241
1074.95 425.682 -0.179163 0.204741 4.74453
1057.76 580.475 -0.219035 0.489369 4.69035
993.258 601.975 -0.281694 0.581154 4.88438
971.759 533.177 -0.290755 0.476723 5.07954
1182.45 627.773 -0.153425 0.473166 4.39571
1083.55 528.878 -0.214449 0.372546 4.61394
804.066 438.581 -0.595388 0.337844 6.05238
915.861 601.975 -0.371807 0.699121 5.29796
885.763 528.878 -0.458271 0.48031 5.20438
945.96 120.395 -0.175363 -0.663862 5.88841
1143.75 202.091 -0.137738 -0.171428 4.54858
1117.95 197.792 -0.161318 -0.192737 4.59281
1113.65 133.294 -0.149198 -0.304734 4.62481
1010.46 335.386 -0.22663 0.0334285 4.98568
988.958 288.088 -0.040826 -0.142944 5.88026
851.364 159.093 -0.458258 -0.57165 5.92547
872.863 137.594 -0.391534 -0.6032 5.8036
425.682 438.581 -2.29159 0.436952 7.06899
546.077 464.38 -1.92027 0.719325 8.08223
541.777 511.678 -1.8624 0.899101 7.65812
154.793 503.079 -2.20653 0.424527 5.00835
206.391 533.177 -2.32419 0.571101 5.40654
94.596 524.578 -2.13813 0.41499 4.72204
240.79 528.878 -2.39095 0.617333 5.71683
429.982 176.293 -3.55391 -1.53481 10.5666
356.885 184.892 -2.74173 -0.826647 7.31172
601.975 193.492 -2.08925 -1.43067 10.9795
210.691 210.691 -1.88291 -0.225631 4.7086
120.395 206.391 -2.02306 -0.227518 4.6231
300.987 133.294 -2.39339 -0.735074 6.06148
189.192 232.19 -1.91986 -0.18001 4.70436
232.19 296.687 -1.95224 -0.052409 4.91455
773.967 314.747 -0.671878 -0.139995 7.26915
773.967 443.741 -0.668735 0.394886 6.4464
918.441 263.149 -0.31351 -0.189344 5.43002
964.879 247.67 -0.121622 -0.301615 5.81311
1073.23 428.262 -0.182984 0.206068 4.72577
1124.83 366.345 -0.10863 0.0909996 4.70388
1073.23 376.664 -0.179452 0.111193 4.7688
278.628 500.499 -2.63239 0.610342 6.378
340.546 392.143 -1.97161 0.163399 5.50952
309.587 361.185 -2.6952 0.0629768 6.73571
650.133 278.628 -1.47873 -0.591732 9.4532
763.648 371.504 -0.736923 0.114864 5.90227
743.009 361.185 -0.820131 0.0699324 7.07368
846.204 479.86 -0.501343 0.410396 5.67071
866.843 448.901 -0.497972 0.302266 5.29994
1016.48 221.871 -0.263908 -0.169697 4.74995
345.705 247.67 -2.75164 -0.49323 7.22594
412.783 257.989 -3.7956 -0.86802 10.9309
541.777 319.906 -1.96578 -0.156841 8.11998
743.009 278.628 -0.7862 -0.337942 7.80971
557.256 412.783 -2.1392 0.420358 9.18227
510.818 376.664 -2.00256 0.172124 7.64735
665.612 485.02 -1.27948 0.826639 8.35147
1119.67 268.309 -0.15254 -0.0759647 4.6231
1088.71 263.149 -0.171997 -0.088029 4.68561
1109.35 227.03 -0.171087 -0.14104 4.59722
1088.71 237.35 -0.178542 -0.137866 4.6885
820.405 536.617 -0.553926 0.622035 5.90355
779.127 510.818 -0.675633 0.525255 5.72988
660.452 531.458 -1.28948 1.09466 8.27518
980.359 454.061 -0.266118 0.293469 5.07032
995.838 505.659 -0.259507 0.381415 4.92776
1140.31 598.535 -0.178914 0.456112 4.47367
1083.55 531.458 -0.219226 0.370764 4.58715
737.849 572.736 -0.826721 1.00643 7.09603
675.931 619.174 -1.07733 1.32621 7.36408
784.287 598.535 -0.661129 0.746887 5.56053
882.323 531.458 -0.458503 0.47368 5.20522
1047.44 149.634 -0.210151 -0.31221 4.75768
944.24 123.835 -0.17441 -0.661417 5.86807
1129.99 113.515 -0.131389 -0.334032 4.61978
1114.51 139.314 -0.15604 -0.299223 4.59542
1011.32 335.386 -0.230235 0.0303606 4.98362
1088.71 330.226 -0.167167 0.0269361 4.7167
743.009 165.113 -0.848734 -1.00447 8.18631
696.571 211.551 -1.06366 -0.795421 8.22849
856.524 340.546 -0.45857 0.0220537 5.82612
428.262 479.86 -2.29315 0.635058 7.14694
386.984 361.185 -2.79248 0.053143 7.83664
201.231 448.901 -2.30101 0.324047 5.35528
103.196 459.221 -2.15489 0.280173 4.76382
345.705 433.422 -2.92234 0.450715 7.61129
263.149 469.54 -2.43585 0.437326 5.88731
128.995 598.535 -2.11003 0.588545 4.79602
273.468 608.854 -2.35167 0.884438 5.81708
433.422 175.433 -3.41348 -1.49112 10.2379
381.824 170.273 -3.29447 -1.21017 8.88984
412.783 299.267 -3.54285 -0.446558 10.1485
454.061 237.35 -3.91824 -1.32687 12.3546
619.174 242.51 -2.03679 -1.10097 11.4645
118.675 206.391 -2.02306 -0.227518 4.6231
216.711 98.0359 -2.14161 -0.605384 5.1495
356.025 185.752 -2.68791 -0.790513 7.19274
345.705 356.025 -2.82766 0.0148119 7.38962
829.693 513.914 -0.528411 0.556962 5.88206
780.159 352.929 -0.668641 0.0504482 6.48278
984.486 451.997 -0.26531 0.285529 5.1014
996.87 551.065 -0.248547 0.50898 5.0594
996.87 507.723 -0.259495 0.396286 4.97279
1089.75 445.805 -0.114027 0.246848 4.87008
1077.36 427.23 -0.179163 0.204741 4.74453
340.546 390.08 -1.70744 0.149362 4.92951
637.749 371.504 -1.57051 0.143876 9.40264
823.501 235.286 -0.501466 -0.393306 6.359
1095.94 396.271 -0.160508 0.164712 4.72327
1052.6 377.696 -0.19513 0.115621 4.83127
390.08 247.67 -3.21278 -0.673486 8.93832
903.994 352.929 -0.365121 0.0556485 5.63011
866.843 297.203 -0.434399 -0.0851609 5.76989
1009.25 371.504 -0.232608 0.105625 4.96579
1145.47 482.956 -0.0645766 0.306582 4.74826
1058.79 582.023 -0.212765 0.512196 4.74942
1083.55 532.49 -0.223578 0.37567 4.53744
749.2 439.613 -0.747508 0.373177 6.49351
842.076 582.023 -0.514415 0.707884 5.61357
860.652 544.873 -0.491943 0.603195 5.61896
1021.64 222.903 -0.225374 -0.202138 4.94467
947.336 123.835 -0.182304 -0.661196 5.89406
1089.75 130.027 -0.168119 -0.32805 4.69197
922.569 309.587 -0.382713 -0.0202192 5.12975
1089.75 328.162 -0.153876 0.027427 4.73214
1120.7 241.478 -0.162618 -0.10755 4.58009
767.776 136.218 -0.696404 -0.981682 7.35128
835.885 185.752 -0.494591 -0.466629 5.75859
873.035 148.602 -0.417864 -0.585114 5.80121
761.584 340.546 -0.74386 0.0020076 6.87642
860.652 266.245 -0.461688 -0.185154 5.51791
433.422 476.764 -2.41213 0.675284 7.46498
414.846 588.215 -2.45404 1.19691 7.3738
421.038 520.106 -2.36591 0.860307 7.29752
154.793 470.572 -2.23395 0.342874 5.04436
346.737 427.23 -2.75677 0.403697 7.21113
297.203 427.23 -2.64223 0.343767 6.52341
247.67 371.504 -1.97219 0.106762 4.96008
154.793 501.531 -2.21314 0.433981 5.00273
365.313 582.023 -2.55258 1.09169 6.92667
247.67 563.448 -2.49514 0.762683 5.91855
328.162 526.298 -2.77773 0.849366 7.06258
482.956 179.56 -3.0432 -1.47244 10.474
433.422 173.369 -3.43849 -1.52726 10.3961
588.215 303.395 -2.3038 -0.452583 10.9455
117.643 204.327 -2.08751 -0.247537 4.73447
297.203 130.027 -2.45535 -0.768697 6.17425
235.286 278.628 -1.92911 -0.0936585 4.90583
728.148 252.623 -0.903079 -0.590225 8.66211
913.901 252.623 -0.267626 -0.294787 5.75838
690.998 408.655 -1.03988 0.244884 6.6017
653.848 416.085 -1.41968 0.448582 9.12973
653.848 482.956 -1.49041 0.932841 9.51575
1003.06 378.934 -0.248338 0.124489 4.97392
913.901 572.117 -0.369118 0.569329 5.17306
995.632 512.676 -0.259176 0.411762 5.01925
1121.94 557.256 -0.182307 0.396797 4.49336
750.439 438.375 -0.74021 0.37661 6.41959
638.987 453.235 -1.43531 0.69146 8.97558
861.89 445.805 -0.447487 0.330913 5.52645
780.159 445.805 -0.659785 0.376186 6.31818
824.74 534.966 -0.548799 0.61802 5.88145
1017.92 222.903 -0.232496 -0.215772 4.94378
1077.36 193.182 -0.18199 -0.238667 4.7629
1047.64 148.602 -0.309494 -0.239563 4.48416
646.418 215.473 -1.6981 -1.2366 10.9613
869.32 208.042 -0.411566 -0.379064 5.74996
646.418 334.354 -1.53183 -0.135919 9.73971
861.89 297.203 -0.434018 -0.105889 5.75423
824.74 260.053 -0.492535 -0.319126 6.61395
527.536 430.945 -1.59188 0.349557 6.32065
631.557 371.504 -1.68644 0.159074 10.0682
549.826 408.655 -1.87519 0.356468 8.18875
542.396 482.956 -1.88963 0.779686 7.9623
297.203 430.945 -2.46595 0.316046 6.13299
334.354 393.795 -2.90466 0.275287 7.57549
245.193 564.687 -3.09555 1.04261 6.98421
326.924 527.536 -2.84118 0.864329 7.19651
260.053 505.246 -2.67054 0.632368 6.37415
475.526 178.322 -3.08506 -1.50721 10.4599
616.697 237.763 -1.79623 -0.909444 10.0658
609.267 178.322 -1.90452 -1.31 10.0791
557.256 319.494 -1.91831 -0.19554 8.24839
141.172 230.333 -1.99588 -0.169303 4.65907
141.172 148.602 -2.04204 -0.337839 4.69722
163.462 356.644 -1.99834 0.0706409 4.77469
326.924 349.214 -2.21368 0.0260435 5.89459
713.288 303.148 -1.09847 -0.256774 8.43968
864.862 267.483 -0.411678 -0.225687 5.70782
677.624 445.805 -1.06278 0.424338 6.52498
641.96 454.721 -1.40567 0.697702 8.8605
650.876 419.057 -1.48834 0.481869 9.65381
864.862 320.98 -0.454934 -0.0345844 5.70042
401.225 526.05 -2.32444 0.822885 6.98491
427.973 481.47 -2.49459 0.699191 7.65743
624.127 240.735 -1.55484 -0.764609 8.90965
1078.85 481.47 -0.189001 0.299211 4.65649
231.819 205.07 -2.2876 -0.372556 5.45616
365.56 534.966 -2.64709 0.921741 7.26998
383.392 499.302 -2.57932 0.742198 7.21331
980.771 445.805 -0.275066 0.261388 4.87803
410.141 249.651 -3.12126 -0.713692 8.94057
392.309 178.322 -2.98488 -1.069 8.21999
998.604 517.134 -0.255025 0.410659 4.96964
1087.76 329.896 -0.169636 0.0397125 4.75257
1025.35 338.812 -0.24334 0.0333181 4.86205
1087.76 285.315 -0.187152 -0.0452946 4.68399
1025.35 222.903 -0.222506 -0.195514 4.93389
1016.44 169.406 -0.189788 -0.345343 5.05504
864.862 240.735 -0.424492 -0.275823 5.75595
784.617 240.735 -0.634014 -0.459473 6.85843
329.896 356.644 -3.01624 0.0972232 7.80914
347.728 276.399 -2.64562 -0.336937 7.03589
695.456 178.322 -1.0761 -0.95173 7.58056
847.03 543.882 -0.52589 0.531643 5.25207
802.449 490.386 -0.613097 0.405474 5.18941
945.107 285.315 -0.226093 -0.144188 5.57617
909.443 178.322 -0.324776 -0.463445 5.74747
320.98 231.819 -3.07058 -0.618421 7.69835
312.064 178.322 -1.69099 -0.313792 4.72184
588.463 294.231 -2.04303 -0.420776 9.81795
677.624 543.882 -1.03332 0.78718 6.47843
775.701 410.141 -0.695797 0.272401 6.63596
320.98 401.225 -2.74939 0.234428 6.90591
401.225 338.812 -3.26654 -0.0934607 9.1821
615.211 463.637 -1.27935 0.527968 6.60497
552.798 410.141 -2.17274 0.376263 9.2794
659.792 276.399 -1.62838 -0.739062 10.9529
508.218 463.637 -2.23394 0.706375 8.17236
410.141 445.805 -2.41534 0.4629 7.339
410.141 365.56 -3.4748 0.0554814 10.2164
722.204 365.56 -0.957664 0.112572 7.38291
686.54 401.225 -1.14834 0.319024 8.25158
784.617 356.644 -0.643136 0.0753286 6.77303
775.701 294.231 -0.657934 -0.235679 7.12637
