1156 519 -17.3709 -0.98821 7.52051
1075 316 -17.3348 -1.10689 7.60927
1027 338 -17.288 -1.117 7.73033
1065 247 -17.2951 -1.16499 7.66272
1178 295 -17.32 -1.10246 7.54128
1004 117 -16.5626 -1.77889 8.78645
1135 562 -17.3575 -0.966901 7.55714
1064.7 247 -17.2973 -1.16381 7.65913
1071.2 568.1 -17.3328 -0.958995 7.6478
1173.9 534.3 -17.3776 -0.982096 7.50208
1238.9 195 -17.3395 -1.13206 7.4718
1034.8 629.2 -17.3519 -0.924034 7.66542
1168.7 616.2 -17.3338 -0.936744 7.56766
1140.1 358.8 -17.3259 -1.07409 7.57025
1209 672.1 -17.3157 -0.907315 7.56563
1146.6 235.3 -17.3155 -1.14163 7.56368
1142.7 254.8 -17.3424 -1.12191 7.53505
1075.1 315.9 -17.3398 -1.10538 7.60151
1027 162.5 -17.3233 -1.21855 7.65072
1003.6 117 -16.5359 -1.79553 8.83102
1023.1 613.6 -17.3592 -0.933999 7.66393
1044.42 251.81 -17.2831 -1.17189 7.70147
1106.95 601.64 -17.3434 -0.943758 7.60308
1139.06 645.58 -17.355 -0.925834 7.56564
1020.76 267.02 -17.2995 -1.1631 7.70659
1125.54 623.61 -17.3516 -0.933882 7.5795
1144.13 234.91 -17.3149 -1.1419 7.56471
1105.26 233.22 -17.3268 -1.14897 7.58021
1130.61 277.16 -17.3277 -1.11788 7.56568
1074.84 314.34 -17.3364 -1.10663 7.6075
1149.2 162.24 -17.2451 -1.21183 7.63031
1002.17 116.61 -16.5406 -1.79461 8.82745
1133.99 561.08 -17.3508 -0.96729 7.56752
1095.12 561.08 -17.3283 -0.96405 7.63
1022.45 613.47 -17.3566 -0.934134 7.66883
1155.96 518.83 -17.3689 -0.988107 7.52271
1066.39 383.63 -17.2769 -1.07956 7.70611
1061.32 381.94 -17.2649 -1.08403 7.72889
1054.56 630.539 -17.3673 -0.929484 7.61856
1026 630.539 -17.3572 -0.925037 7.6671
1054.56 612.963 -17.3454 -0.933585 7.65108
1023.8 612.963 -17.3635 -0.935603 7.6551
1061.15 380.081 -17.2645 -1.0844 7.73374
1129.26 595.387 -17.3364 -0.946846 7.59284
1109.48 599.781 -17.3403 -0.943287 7.60687
1149.03 654.706 -17.3488 -0.919036 7.56905
1129.26 634.933 -17.355 -0.928818 7.57191
1144.64 232.882 -17.3187 -1.14168 7.5595
1076.53 314.171 -17.3497 -1.10278 7.58725
1105.09 186.745 -17.3328 -1.17235 7.56689
1001.83 118.638 -16.5099 -1.81471 8.87923
1157.82 531.674 -17.381 -0.983233 7.5075
1096.3 562.432 -17.3571 -0.966039 7.58922
1230.32 527.28 -17.3453 -0.982 7.504
1135.85 628.342 -17.3482 -0.932383 7.57713
1208.35 670.085 -17.3118 -0.906811 7.57207
1212.74 604.175 -17.3044 -0.938007 7.57062
1065.54 573.417 -17.3325 -0.957889 7.65562
1032.59 533.871 -17.357 -0.981459 7.64618
1019.41 399.854 -17.2976 -1.07331 7.73463
1078.73 459.173 -17.3419 -1.02379 7.61445
1148.15 414.134 -17.3259 -1.04228 7.57128
1125.3 199.927 -17.3131 -1.165 7.5763
1131.02 277.042 -17.321 -1.12094 7.57523
1162.43 422.703 -17.3258 -1.03807 7.5607
1173.86 357.012 -17.3064 -1.0743 7.56891
1051.04 265.617 -17.2944 -1.15532 7.67691
1096.74 322.739 -17.3367 -1.09777 7.58708
1108.17 596.925 -17.34 -0.943654 7.60779
1022.48 611.205 -17.3096 -0.925296 7.74482
1031.05 531.234 -17.3437 -0.982028 7.66983
1133.87 556.939 -17.3478 -0.9704 7.57366
1011.06 382.717 -17.2987 -1.08656 7.73959
1208.13 451.264 -17.3095 -1.01948 7.54944
1079.61 159.942 -17.3358 -1.19343 7.5781
1051.04 111.388 -16.2763 -1.90258 9.02046
1061.9 378.719 -17.2614 -1.08669 7.73479
1028.48 631.198 -17.3623 -0.926172 7.65385
1065.61 571.791 -17.3335 -0.957013 7.65432
1017.34 568.078 -17.3602 -0.962532 7.66122
1021.06 211.637 -17.3054 -1.19814 7.69474
1076.75 471.542 -17.3468 -1.01715 7.61206
1095.31 560.652 -17.3343 -0.962175 7.62394
1050.76 111.388 -16.3133 -1.88021 8.97027
1035.91 337.877 -17.3223 -1.10564 7.67204
1132.44 274.757 -17.3292 -1.11934 7.56234
1105.34 231.687 -17.3216 -1.1509 7.58671
1110.17 593.697 -17.3402 -0.945668 7.60476
1148.78 415.105 -17.3393 -1.0414 7.55171
1090.86 559.91 -17.322 -0.961513 7.6407
1076.38 308.916 -17.3118 -1.11811 7.63731
1016.53 144.322 -17.3365 -1.22463 7.63516
1029.08 338.842 -17.314 -1.10774 7.68548
1110.65 589.836 -17.3422 -0.947098 7.59986
1016.53 407.865 -17.3228 -1.06689 7.69426
1148.3 200.795 -17.2693 -1.18594 7.61654
1022.8 263.544 -17.2982 -1.16696 7.70754
1079.27 307.468 -17.3371 -1.10625 7.60075
1060.45 367.079 -17.2712 -1.09455 7.71873
1093.08 554.697 -17.3293 -0.957506 7.63389
1084.92 301.82 -17.3439 -1.10805 7.58648
1071.05 307.53 -17.3367 -1.11195 7.60209
1060.45 371.157 -17.2955 -1.08964 7.68143
805.942 296.926 -17.3788 -1.20226 7.9188
540.829 445.389 -17.5904 -1.09983 8.14525
625.665 424.18 -17.5459 -1.10929 7.9532
498.411 392.366 -17.5641 -1.30167 9.16715
986.218 286.321 -17.2376 -1.19722 7.86673
858.964 254.508 -17.2506 -1.27755 8.07558
795.337 498.411 -17.2229 -1.02693 8.47167
848.36 466.598 -17.3049 -1.05679 8.03166
731.71 424.18 -17.4897 -1.08394 7.79137
965.009 392.366 -17.2878 -1.09023 7.82353
848.36 360.553 -17.3887 -1.1277 7.78622
858.964 392.366 -17.4393 -1.07529 7.69305
816.546 328.739 -17.3078 -1.20283 8.07313
774.128 339.344 -16.6562 -1.58152 10.067
742.315 509.016 -17.409 -1.02071 8.04473
752.919 477.202 -17.3216 -1.05991 8.28598
615.061 487.807 -17.5504 -1.0479 8.02921
456.809 285.506 -17.6802 -1.2662 8.1614
513.91 212.09 -17.564 -1.66434 9.01158
587.326 236.562 -17.3254 -1.70587 9.38689
473.124 187.618 -17.5855 -2.06245 10.0052
603.641 546.539 -17.5914 -0.984473 7.87693
497.596 481.281 -17.6715 -1.03287 7.80593
774.944 342.607 -17.2003 -1.26866 8.60053
889.146 203.933 -17.0483 -1.45869 8.41363
913.618 187.618 -17.4628 -1.16472 7.54938
766.787 546.539 -17.2949 -0.961208 8.37166
791.259 432.337 -17.2483 -1.12668 8.33457
513.91 440.494 -17.6369 -1.10781 8.20017
962.562 424.18 -17.2799 -1.07227 7.85347
611.798 481.281 -17.5227 -1.05822 8.21469
342.607 391.551 -17.986 -1.35304 9.46968
301.193 125.497 -18.137 -2.23216 9.88736
483.163 351.392 -17.6608 -1.24595 8.44619
627.485 596.111 -17.5081 -0.921834 8.21978
495.713 483.163 -17.6718 -1.03684 7.85687
865.929 282.368 -17.1961 -1.27834 8.19299
746.707 250.994 -16.6449 -1.89898 10.148
696.508 596.111 -17.4432 -0.915158 8.12532
740.432 589.836 -17.3979 -0.927087 8.12537
853.38 407.865 -17.2652 -1.10832 8.08735
847.105 470.614 -17.2736 -1.05233 8.10875
765.532 363.941 -17.1645 -1.26976 8.69799
702.783 476.889 -17.409 -1.05944 8.23156
752.982 476.889 -17.2962 -1.06405 8.37117
796.906 301.193 -17.2545 -1.27573 8.27636
840.83 326.292 -17.2214 -1.22837 8.21412
859.654 539.637 -17.3426 -0.975587 7.93909
796.906 439.24 -17.2801 -1.11156 8.22518
696.508 545.912 -17.4384 -0.97689 8.11837
997.701 156.871 -16.8178 -1.54078 8.47329
916.128 351.392 -17.2315 -1.16651 8.02114
796.906 501.988 -17.138 -1.03353 8.65547
740.432 520.813 -17.3988 -1.00255 8.0728
583.561 533.362 -17.6114 -0.997855 7.80978
608.66 527.087 -17.5663 -1.0054 7.97215
535.776 222.033 -17.3952 -2.04467 10.2797
400.625 135.151 -17.817 -2.2564 10.095
323.396 579.217 -17.7556 -0.988284 7.5747
907.44 284.782 -17.2549 -1.21807 7.96784
695.06 250.994 -17.1837 -1.54739 8.96105
748.155 250.994 -16.9796 -1.62469 9.21077
888.133 207.553 -17.0918 -1.42087 8.32581
984.669 284.782 -17.2731 -1.1741 7.80468
699.887 598.524 -17.4009 -0.909934 8.31376
719.194 603.351 -17.386 -0.902765 8.26445
868.825 410.279 -17.2705 -1.1068 8.0541
897.786 458.547 -17.2804 -1.05287 7.97025
704.714 477.854 -17.434 -1.05547 8.09494
931.574 579.217 -17.3342 -0.945896 7.82313
941.228 497.161 -17.3121 -1.01124 7.83585
550.256 530.949 -17.6242 -1.00068 7.94139
820.557 333.05 -17.26 -1.21842 8.19106
752.982 410.279 -17.2834 -1.1637 8.38981
757.809 516.468 -17.3177 -1.01094 8.3032
728.848 550.256 -17.3449 -0.963614 8.36409
752.982 550.256 -17.4065 -0.965785 8.07515
946.054 424.759 -17.2623 -1.07236 7.90488
989.496 424.759 -17.2797 -1.06177 7.80111
892.959 579.217 -17.3275 -0.943453 7.90914
757.809 463.374 -17.2746 -1.08886 8.40147
772.289 487.508 -17.2945 -1.05293 8.32666
386.145 506.815 -17.7285 -1.01784 7.6141
362.011 584.044 -17.7414 -0.984542 7.58353
638.624 248.766 -17.0745 -1.88867 10.1284
397.283 133.665 -17.8481 -2.24823 10.013
256.192 542.088 -17.7626 -1.00557 7.46116
631.198 605.207 -17.532 -0.920572 8.08026
842.835 278.47 -17.2603 -1.26062 8.10148
768.576 248.766 -17.1084 -1.50009 8.77297
909.668 196.785 -17.059 -1.43885 8.30324
698.031 601.495 -17.4231 -0.910813 8.22099
861.4 564.365 -17.2923 -0.949187 8.07024
853.974 478.968 -17.2671 -1.0413 8.12476
972.787 460.403 -17.2618 -1.0397 7.87255
842.835 426.987 -17.2597 -1.10101 8.14694
824.27 334.164 -17.266 -1.21301 8.16767
556.939 534.662 -17.6017 -0.997454 8.09976
872.538 349.015 -17.2852 -1.15943 7.99794
746.299 475.255 -17.2516 -1.07588 8.56046
605.207 426.987 -17.4802 -1.16167 8.51881
549.514 467.829 -17.6065 -1.0723 8.10948
998.778 226.489 -17.3374 -1.18128 7.66577
816.844 597.782 -17.3093 -0.913658 8.15459
798.28 642.337 -17.339 -0.859678 8.14569
375.006 293.321 -17.7362 -1.14279 7.66501
935.658 582.93 -17.3485 -0.945781 7.78765
969.075 397.283 -17.2877 -1.08618 7.82139
950.51 423.274 -17.2212 -1.0843 7.97637
868.825 412.135 -17.3072 -1.09756 7.96794
727.734 601.495 -17.3781 -0.901248 8.27729
720.308 631.198 -17.3396 -0.854637 8.4535
750.012 631.198 -17.3674 -0.871545 8.19879
516.954 62.8342 -17.568 -1.78541 8.62651
668.327 59.9781 -17.0802 -2.26369 9.53819
948.225 171.366 -16.4674 -1.81871 9.19533
931.089 662.615 -17.3371 -0.883327 7.83772
856.83 374.149 -17.3053 -1.13768 7.99165
945.369 496.961 -17.3219 -1.00986 7.81425
771.147 488.393 -17.2397 -1.04802 8.47551
793.996 302.747 -17.3067 -1.2434 8.13064
948.225 419.847 -17.2204 -1.08551 7.97673
408.422 528.378 -17.719 -1.00921 7.60688
908.24 282.754 -17.2869 -1.20117 7.89867
871.11 351.3 -17.3249 -1.14496 7.90885
896.815 462.688 -17.2899 -1.04674 7.95603
888.247 491.249 -17.3123 -1.02053 7.93213
799.708 645.479 -17.3306 -0.85617 8.16516
851.118 651.191 -17.3368 -0.875971 7.99277
705.457 485.537 -17.3659 -1.05323 8.35977
619.774 491.249 -17.5387 -1.03618 8.0571
365.581 337.02 -17.7414 -1.11683 7.6621
728.305 602.637 -17.3921 -0.905625 8.22042
988.21 297.034 -17.2838 -1.15795 7.77823
471.256 311.315 -17.6715 -1.23514 8.10383
468.4 188.503 -17.6312 -2.02136 9.90237
996.779 228.488 -17.3056 -1.1969 7.72124
939.657 605.493 -17.3081 -0.923935 7.86952
988.21 602.637 -17.3575 -0.938487 7.70448
502.674 642.622 -17.6431 -0.876915 8.27107
416.991 242.768 -17.7119 -1.17229 7.66716
908.24 197.071 -16.8028 -1.60609 8.80494
565.508 611.205 -17.5785 -0.905531 8.27701
631.198 605.493 -17.4942 -0.905166 8.28101
416.991 634.054 -17.7158 -0.959635 7.58755
845.405 277.042 -17.202 -1.29393 8.24184
990.847 57.122 -16.6693 -1.83359 8.64368
977.665 547.053 -17.3521 -0.97342 7.72175
771.147 489.931 -17.2205 -1.04804 8.54252
909.558 454.779 -17.2582 -1.05361 8.00076
920.543 500.916 -17.3165 -1.00979 7.86434
806.299 443.794 -17.2788 -1.09051 8.21149
788.723 639.327 -17.291 -0.852819 8.30797
782.132 667.888 -17.345 -0.837434 8.18
698.646 606.372 -17.4198 -0.902187 8.24753
735.995 549.25 -17.357 -0.969332 8.28566
731.601 601.978 -17.291 -0.879074 8.57002
870.012 630.539 -17.3268 -0.894611 7.97119
830.466 634.933 -17.3502 -0.889454 8.01019
990.847 298.792 -17.2846 -1.15678 7.77725
920.543 191.139 -16.3225 -1.91347 9.62277
848.042 164.775 -16.7813 -1.78485 9.09687
795.314 48.334 -16.9029 -2.04153 9.03481
755.768 351.52 -17.1295 -1.31663 8.83623
876.603 309.777 -17.258 -1.20961 8.03269
907.361 285.61 -17.187 -1.25066 8.09294
793.117 303.186 -17.2726 -1.26427 8.22947
854.633 342.732 -17.282 -1.17702 8.0419
388.869 516.295 -17.7282 -1.01661 7.61414
637.13 516.295 -17.4967 -1.01307 8.1914
395.46 626.145 -17.7265 -0.964758 7.59497
410.839 531.674 -17.7181 -1.00725 7.60609
362.505 582.205 -17.7407 -0.984208 7.59819
573.417 538.265 -17.574 -0.995568 8.19191
489.931 547.053 -17.6645 -0.992064 8.07561
270.231 630.539 -17.7564 -0.976032 7.44976
459.173 182.351 -17.6495 -2.05602 9.95892
518.492 63.713 -17.5624 -1.81305 8.68665
472.355 311.974 -17.6722 -1.23135 8.0978
588.796 239.473 -17.2405 -1.92058 10.0706
615.16 246.064 -17.3468 -1.5916 9.04937
848.042 536.068 -17.3097 -0.979484 8.0419
856.83 538.265 -17.3139 -0.978573 8.01426
617.357 544.856 -17.5122 -0.983892 8.2514
823.875 333.944 -17.2999 -1.19068 8.07537
472.355 373.49 -17.6673 -1.18525 8.21217
766.753 531.674 -17.2612 -0.985535 8.44928
845 118.3 -16.8845 -1.79754 8.84787
670.93 62.53 -17.306 -1.78143 8.60958
956.54 479.96 -17.2778 -1.02362 7.87232
958.23 359.97 -17.2998 -1.11848 7.80684
949.78 417.43 -17.2187 -1.08702 7.98368
988.65 601.64 -17.3532 -0.936799 7.71258
895.7 466.44 -17.2855 -1.04304 7.96762
909.22 454.61 -17.2479 -1.05554 8.01472
740.22 593.19 -17.3386 -0.910112 8.33278
650.65 576.29 -17.4645 -0.941526 8.27839
697.97 606.71 -17.3863 -0.893669 8.38899
829.79 584.74 -17.3187 -0.931887 8.08185
794.3 47.32 -17.1236 -1.75717 8.49697
846.69 57.46 -16.9794 -1.80932 8.62215
757.12 351.52 -17.1332 -1.31273 8.82273
706.42 253.5 -17.158 -1.55814 9.00647
872.04 349.83 -17.264 -1.16807 8.04466
841.62 317.72 -17.3072 -1.1965 8.01099
829.79 234.91 -16.9897 -1.51695 8.76501
365.04 647.27 -17.74 -0.955146 7.59453
363.35 581.36 -17.7398 -0.985405 7.58426
566.15 613.47 -17.5478 -0.888435 8.52313
471.51 312.65 -17.6691 -1.24846 8.17055
250.12 248.43 -17.7596 -1.09936 7.43377
856.83 539.11 -17.2837 -0.976977 8.08765
846.69 500.24 -17.3011 -1.01662 8.05673
988.65 268.71 -17.2922 -1.17757 7.76107
870.35 632.06 -17.325 -0.894472 7.97219
801.06 515.45 -17.1395 -1.00763 8.6292
931.19 527.28 -17.3358 -0.986373 7.8151
936.26 648.96 -17.2851 -0.879594 7.92917
831.48 354.9 -17.295 -1.17078 8.07344
801.06 647.27 -17.2936 -0.846616 8.25472
875.42 309.27 -17.2215 -1.22652 8.11177
905.84 309.27 -17.2102 -1.21485 8.06213
944.71 493.48 -17.2949 -1.01175 7.86964
855.14 417.43 -17.2938 -1.09765 8.03233
831.48 383.63 -17.249 -1.15839 8.1976
850.07 652.34 -17.3288 -0.872241 8.01612
831.48 677.69 -17.3294 -0.841171 8.07433
939.64 588.12 -17.3433 -0.943054 7.79652
887.25 209.56 -16.3086 -1.94635 9.87067
792.61 302.51 -17.291 -1.25391 8.18563
897 468 -17.2877 -1.04227 7.96324
794.3 48.1 -17.1079 -1.77966 8.53771
679.9 33.8 -17.3145 -1.77531 8.50176
946.4 107.9 -16.4618 -1.97029 9.16449
915.2 27.3 -16.9412 -1.76556 8.43292
793 302.9 -17.2982 -1.24923 8.16439
757.9 351 -17.0847 -1.33675 8.95723
873.6 349.7 -17.3162 -1.14671 7.92379
287.3 694.2 -17.7514 -0.95696 7.44772
514.8 33.8 -17.5784 -1.78563 8.53772
244.4 287.3 -18.3031 -1.78975 10.0747
842.4 318.5 -17.2835 -1.20704 8.06196
960.7 319.8 -17.2733 -1.15532 7.84424
616.2 544.7 -17.5212 -0.98455 8.21067
890.5 585 -17.3332 -0.941279 7.90375
691.6 544.7 -17.4039 -0.977861 8.32893
705.9 530.4 -17.354 -0.993642 8.43837
859.3 460.2 -17.3031 -1.05305 8.01092
858 481 -17.3115 -1.03318 7.99882
803.4 647.4 -17.2777 -0.840462 8.30271
990.6 300.3 -17.2899 -1.15463 7.76848
822.9 314.6 -17.2946 -1.2184 8.08962
648.7 612.3 -17.4419 -0.886454 8.45341
637 517.4 -17.5038 -1.01347 8.15287
958.1 482.3 -17.2633 -1.02256 7.89773
950.3 417.3 -17.2634 -1.07997 7.8958
735.8 549.9 -17.324 -0.965231 8.38911
755.3 547.3 -17.2754 -0.963676 8.46998
951 417 -17.2629 -1.07991 7.8967
821 44 -17.046 -1.80686 8.57432
629 569 -17.5002 -0.954912 8.24573
964 402 -17.2872 -1.0842 7.82741
758 352 -17.1032 -1.32566 8.89683
569 236 -17.2579 -2.0457 10.4469
851 205 -16.8013 -1.68016 9.05643
916 661 -17.3329 -0.88034 7.87127
503 651 -17.6501 -0.881797 8.18607
892 209 -15.1411 -2.72107 12.0774
929 348 -17.2716 -1.14347 7.90542
896 469 -17.2901 -1.04125 7.95935
990 301 -17.2793 -1.15835 7.78554
990 163 -16.4841 -1.75668 8.9921
836 231 -17.1253 -1.41967 8.42337
