1166.51 238.777 -9.46008 0.153019 2.67408
1055.49 355.885 -9.34736 0.252214 2.89006
1079.82 608.35 -9.36816 0.528236 2.87574
1023.55 428.887 -9.24896 0.337677 3.02397
1138.6 335.809 -9.50191 0.240537 2.68347
1047.65 271.096 -9.30997 0.153269 2.91878
1058.15 526.451 -9.12497 0.477956 3.07817
1150.85 486.224 -9.45077 0.380161 2.72205
1023.17 430.256 -9.29404 0.333217 2.98892
1021.42 508.961 -9.26748 0.434444 3.01863
1068.64 459.989 -9.37426 0.362801 2.86805
1045.91 112.636 -9.27128 -0.0340699 2.92364
1066.02 458.589 -9.32086 0.367226 2.91102
1041.88 269.522 -9.2871 0.150371 2.94305
1080.1 358.022 -9.40891 0.256273 2.81545
1053.95 356.01 -9.33675 0.250851 2.90038
1043.19 587.517 -9.24953 0.533359 3.0159
1045.5 111.027 -9.37516 -0.00973949 2.84439
1138.03 388.594 -9.41835 0.288683 2.74907
1124.15 266.002 -9.41504 0.169767 2.74718
1073.26 173.48 -9.31335 0.0530248 2.86797
1001.56 437.168 -9.14603 0.354374 3.14927
1020.06 427.916 -9.2364 0.335192 3.04028
1022.37 659.222 -9.23456 0.633957 3.07563
1045.39 111.721 -9.41281 -0.00186849 2.81545
1050.71 359.103 -9.32203 0.251441 2.91517
1045.39 271.322 -9.28572 0.150824 2.94486
1058.69 215.462 -9.31571 0.093979 2.89097
1021.45 659.685 -9.24806 0.630348 3.06551
1040.07 587.864 -9.27742 0.527855 2.99746
1125.19 332.502 -9.42694 0.23528 2.74702
1046.19 599.568 -9.27102 0.54385 3.00271
1049.24 357.906 -9.30727 0.251643 2.93029
1018.65 428.263 -9.26245 0.335622 3.01801
1131.84 461.912 -9.41364 0.361802 2.77124
1134.9 388.496 -9.41518 0.287979 2.75324
1113.48 624.041 -9.36938 0.537257 2.84144
1046.19 110.125 -9.40572 -0.00364577 2.82157
1043.13 214.132 -9.3254 0.0915035 2.90389
1125.72 266.135 -9.41262 0.170276 2.74911
1044.81 270.876 -9.28572 0.150824 2.94486
1048.33 358.823 -9.29212 0.2525 2.95076
1034.26 309.573 -9.31586 0.194914 2.9405
1034.26 200.519 -9.29534 0.0678118 2.93626
1020.18 429.181 -9.22206 0.336509 3.05861
1164.42 218.108 -9.44841 0.131636 2.68491
1047.8 602.788 -9.30158 0.540943 2.96887
1068.03 173.959 -9.27936 0.048201 2.90342
1043.75 271.052 -9.27911 0.151237 2.95165
1031.62 254.87 -9.30109 0.131018 2.94272
1039.71 412.647 -9.31409 0.311515 2.9443
1039.71 469.285 -9.41056 0.373072 2.87001
1157.03 485.467 -9.44037 0.380302 2.72688
1152.98 408.601 -9.39524 0.308464 2.75295
1084.21 623.016 -9.36569 0.54413 2.87464
1128.71 331.736 -9.44485 0.233291 2.73564
1132.76 267.007 -9.46057 0.173289 2.71284
1004.92 172.138 -9.19695 0.0152875 3.05416
1051.44 604.811 -9.38085 0.523249 2.89963
1042.14 469.891 -9.33569 0.378433 2.93594
1074.7 460.587 -9.2976 0.367251 2.92539
1060.74 125.615 -9.35952 0.0104751 2.83654
1065.4 186.096 -9.25971 0.0544965 2.92278
1075.4 369.167 -9.40265 0.269353 2.82101
1118.2 214.01 -9.51465 0.129453 2.67945
1064.7 181.908 -9.27077 0.0534773 2.91621
1032.6 304.964 -9.21783 0.184139 3.02925
1037.95 411.969 -9.27721 0.308642 2.97886
1032.6 615.279 -9.29621 0.567091 2.99876
1155.65 406.619 -9.42859 0.306842 2.72373
1064.7 604.578 -9.40538 0.520803 2.87999
1009.06 215.348 -9.30842 0.0823286 2.96406
1002.9 172.278 -9.11571 -0.000895796 3.12985
1027.52 307.639 -9.27799 0.186305 2.98137
1009.06 313.792 -9.30661 0.197378 2.97713
1076.74 461.459 -9.33473 0.365441 2.89197
1082.89 369.167 -9.3505 0.267732 2.86215
1119.81 498.376 -9.42797 0.397247 2.77891
1033.67 129.208 -9.35771 -0.0023206 2.87756
1064.43 178.431 -9.35163 0.0652367 2.84723
1113.65 116.903 -9.38084 0.0155049 2.76659
1027.52 252.264 -9.26736 0.122348 2.97784
393.778 510.681 -9.01097 0.540626 5.63828
338.403 313.792 -9.3495 -0.0477736 5.03076
116.903 270.723 -10.1698 -0.00198377 3.72295
116.903 301.487 -10.209 0.0691271 3.54988
276.875 116.903 -9.71002 -0.352391 4.25926
264.57 196.889 -9.79189 -0.168918 4.17329
116.903 159.972 -10.213 -0.086863 3.47528
190.736 190.736 -10.0398 -0.114143 3.75585
627.584 135.361 -6.57937 -1.15891 7.54677
369.167 116.903 -8.96732 -0.684556 5.54261
166.125 590.667 -10.148 0.410789 3.67731
356.862 412.237 -9.4212 0.230099 4.82859
116.903 436.848 -10.187 0.223839 3.65191
166.125 473.764 -10.1568 0.284041 3.62519
449.153 455.306 -8.3784 0.444965 6.52103
873.696 184.584 -9.2067 -0.00987696 3.24932
972.14 350.709 -9.21157 0.23041 3.12375
947.529 147.667 -9.14928 -0.0477508 3.16829
781.404 584.515 -8.6797 0.724986 4.20075
769.098 572.209 -8.24739 0.796047 4.7542
775.251 399.931 -8.42266 0.304008 4.42656
978.293 443.001 -9.27933 0.36027 3.0605
338.403 233.806 -9.50621 -0.18136 4.58121
486.07 295.334 -7.66099 -0.303998 7.43238
990.599 356.862 -9.17962 0.243887 3.12465
990.599 578.362 -9.26206 0.529256 3.08305
762.945 295.334 -7.96592 -0.0233283 4.99729
233.806 541.445 -10.0197 0.405414 3.85102
369.167 283.028 -9.30656 -0.112993 4.91792
412.237 350.709 -9.08655 0.0656981 5.19634
246.111 338.403 -9.89679 0.0812657 4.01499
578.362 166.125 -3.70867 -2.08306 12.4969
363.817 572.477 -9.38673 0.613203 4.93045
224.71 288.913 -10.0195 0.0384076 3.73749
342.416 235.411 -9.47564 -0.192623 4.64512
278.213 117.705 -9.70587 -0.339963 4.26803
310.314 155.157 -9.56617 -0.341457 4.5259
107.005 160.507 -10.1924 -0.103113 3.54439
502.923 321.015 -7.21059 -0.232977 8.13803
353.116 417.319 -9.57018 0.224785 4.44824
187.259 492.223 -10.0949 0.308395 3.75588
481.522 374.517 -7.4526 0.0711961 7.98699
374.517 465.472 -9.36033 0.359691 4.89543
449.421 454.771 -8.36734 0.426794 6.50717
861.39 230.061 -8.77271 -0.0248148 3.7324
765.086 240.761 -8.15875 -0.150195 4.72921
791.837 476.172 -8.43915 0.493521 4.37858
770.436 401.269 -8.32037 0.302125 4.54505
224.71 155.157 -9.95231 -0.183248 3.87216
374.517 283.563 -9.30656 -0.112993 4.91792
353.116 326.365 -9.31983 -0.014741 4.99775
989.796 363.817 -9.20972 0.247852 3.09701
347.766 502.923 -9.45788 0.450394 4.78893
936.294 379.868 -8.98694 0.26553 3.3912
856.04 197.959 -8.78021 -0.0832221 3.7209
775.786 401.269 -8.17111 0.304358 4.72346
813.238 299.614 -8.54078 0.073881 4.14042
829.289 337.066 -8.67692 0.156521 3.96595
326.365 497.573 -9.66151 0.399735 4.43498
192.609 187.259 -10.0728 -0.0952932 3.66041
171.208 219.36 -10.0691 -0.064005 3.73562
192.609 214.01 -10.0506 -0.0746968 3.73318
957.695 486.873 -9.07328 0.431609 3.30182
623.42 367.539 -7.15484 0.143071 7.05974
102.353 158.181 -10.1924 -0.103113 3.54439
511.763 93.0478 -7.89571 -1.06442 6.50337
581.549 172.138 -4.12603 -1.876 11.8446
386.148 209.358 -8.95654 -0.403124 5.53723
232.62 418.715 -9.98788 0.218862 3.86869
353.582 418.715 -9.39998 0.231256 4.88337
330.32 497.806 -9.68966 0.375592 4.33349
139.572 451.282 -10.1754 0.245404 3.60342
572.244 600.158 -3.49168 2.44796 14.0822
362.886 567.592 -9.38673 0.613203 4.93045
372.191 469.891 -9.30032 0.364853 5.04174
451.282 451.282 -8.20223 0.432076 6.84895
860.692 227.967 -8.77271 -0.0248148 3.7324
967.697 339.625 -9.25097 0.220908 3.08441
851.387 446.629 -8.84776 0.388358 3.73651
758.34 451.282 -8.37417 0.450225 4.58023
925.826 628.073 -8.93427 0.695885 3.53286
172.138 218.662 -10.0916 -0.0545637 3.68047
372.191 279.143 -9.22214 -0.137943 5.10283
767.644 302.405 -8.22143 0.0337188 4.66781
321.015 209.358 -9.6493 -0.179348 4.30628
762.992 288.448 -8.16358 -0.0127844 4.7393
269.839 200.053 -9.79341 -0.171843 4.1554
939.783 381.496 -8.98135 0.270077 3.39537
990.959 362.886 -9.21665 0.251116 3.09317
939.783 428.02 -9.08147 0.334048 3.32069
977.002 446.629 -9.19086 0.366518 3.14892
814.168 414.063 -8.45418 0.342397 4.26879
567.592 223.315 -2.97081 -1.80611 14.1226
469.891 200.053 -8.12195 -0.665411 6.63226
162.834 590.854 -10.1386 0.435072 3.69745
744.382 176.791 -7.76133 -0.441106 5.21488
660.639 353.582 -7.00801 0.0690794 6.85171
121.367 291.28 -10.1885 0.0562198 3.54104
198.232 291.28 -10.078 0.0430893 3.68146
279.143 117.321 -9.76084 -0.323928 4.15484
190.141 186.096 -10.0863 -0.0915151 3.62965
469.285 97.0934 -8.08349 -1.05782 6.57074
161.822 590.651 -10.1463 0.435925 3.70492
206.323 428.829 -10.0223 0.228243 3.84783
360.055 570.424 -9.41911 0.606303 4.89068
861.704 226.551 -8.72192 -0.0374615 3.77964
857.658 198.232 -8.74716 -0.087346 3.74934
643.244 137.549 -6.62078 -1.10535 7.38037
744.383 178.005 -7.7395 -0.444467 5.24273
707.972 424.783 -7.42368 0.385531 6.002
987.116 578.515 -9.24368 0.528527 3.10611
768.656 238.688 -8.40268 -0.119685 4.42174
396.465 234.642 -9.03002 -0.286712 5.32247
768.656 307.462 -8.25501 0.0467437 4.61904
780.792 343.872 -8.28221 0.158131 4.54139
987.116 364.1 -9.23937 0.251937 3.07065
974.979 416.692 -9.11272 0.325479 3.21623
388.373 210.369 -8.95912 -0.396729 5.52662
368.146 372.191 -9.35696 0.127838 4.86893
351.963 416.692 -9.39998 0.231256 4.88337
222.506 291.28 -10.0314 0.0436612 3.70284
230.597 343.872 -9.98031 0.104984 3.85524
186.096 493.558 -10.0795 0.309355 3.78762
279.143 513.786 -9.81555 0.394516 4.21741
230.597 546.15 -9.93201 0.424292 4.12104
198.232 542.105 -10.0213 0.405746 3.98063
97.0934 230.597 -10.2343 -0.00519265 3.46692
121.367 234.642 -10.2138 0.00254987 3.45069
934.524 169.913 -9.11465 -0.0284074 3.23168
440.966 194.187 -8.79715 -0.435317 5.52998
372.191 80.9111 -9.21138 -0.659553 4.99977
343.872 311.508 -9.42697 -0.0205856 4.79247
946.66 469.285 -9.08517 0.402956 3.29557
979.025 449.057 -9.24021 0.366082 3.10176
930.478 493.558 -9.10748 0.439834 3.32011
813.157 505.695 -8.43329 0.573932 4.33245
849.567 157.777 -8.67962 -0.198656 3.82455
817.203 206.323 -8.6099 -0.118045 4.01125
123.126 291.984 -10.2052 0.0610735 3.50247
267.359 84.429 -9.7517 -0.382875 4.20667
116.09 116.09 -10.1779 -0.149161 3.52128
503.056 158.304 -6.89223 -1.22451 8.4536
583.967 175.894 -4.12603 -1.876 11.8446
70.3575 474.913 -10.2898 0.263462 3.42497
492.503 552.306 -8.71979 0.711838 5.54489
467.877 636.735 -9.21929 0.795924 4.75676
636.735 386.966 -6.94171 0.228098 7.23533
450.288 450.288 -8.46194 0.38475 6.37004
868.915 225.144 -8.75803 -0.0311082 3.74123
664.878 140.715 -6.51463 -1.09197 7.34542
893.54 538.235 -8.95374 0.543976 3.54987
925.201 626.182 -8.95429 0.685812 3.50878
854.844 450.288 -8.85892 0.392719 3.72532
640.253 443.252 -6.52437 0.518835 7.82625
988.523 580.449 -9.24384 0.528746 3.10561
932.237 496.02 -9.10172 0.440578 3.32203
770.415 306.055 -8.23124 0.0478759 4.64056
784.486 330.68 -8.31242 0.112957 4.48769
397.52 235.698 -9.03002 -0.286712 5.32247
450.288 256.805 -8.33177 -0.367696 6.38779
320.127 214.59 -9.67221 -0.162092 4.24626
566.378 221.626 -3.01935 -1.78914 14.0356
348.27 313.091 -9.43008 -0.0209278 4.76442
355.305 327.162 -9.45567 0.0347282 4.68688
306.055 154.787 -9.8444 -0.186791 3.84313
636.735 341.234 -6.45098 -0.0152337 7.85071
432.699 348.27 -8.82143 0.0341219 5.62213
369.377 372.895 -9.3375 0.12756 4.90095
397.52 386.966 -9.12458 0.160929 5.2363
299.019 313.091 -9.69488 0.0122663 4.35397
168.858 587.485 -10.1404 0.433958 3.72827
795.04 404.556 -8.44116 0.316009 4.34515
274.394 344.752 -9.87754 0.100738 3.99095
942.791 383.448 -9.18304 0.272826 3.1994
988.523 362.341 -9.22191 0.252245 3.08986
232.18 418.627 -9.99187 0.22237 3.85825
256.805 411.591 -9.7898 0.19972 4.37301
218.108 147.751 -9.97874 -0.185801 3.82969
235.698 193.483 -9.73996 -0.239868 4.48299
270.876 200.519 -9.79341 -0.171843 4.1554
186.447 496.02 -10.0769 0.316446 3.79629
907.612 66.8396 -8.94481 -0.251366 3.40351
650.807 394.002 -6.73737 0.240468 7.36622
946.309 147.751 -8.97651 -0.0851988 3.33294
932.237 172.376 -9.10123 -0.0284779 3.24811
995.559 323.645 -9.21369 0.200782 3.08194
861.88 197.001 -8.71405 -0.0942697 3.7837
812.629 270.876 -8.75546 0.0374753 3.883
759.861 453.806 -8.25737 0.46392 4.72003
478.431 376.413 -7.28491 0.0569751 8.28313
358.823 545.271 -9.53069 0.519505 4.6307
362.341 569.896 -9.45385 0.598017 4.81615
372.895 471.395 -9.27671 0.37289 5.08525
397.52 510.092 -9.17124 0.504959 5.22596
334.198 650.807 -9.61844 0.731683 4.57831
277.912 116.09 -9.76084 -0.323928 4.15484
158.304 172.376 -10.0946 -0.11867 3.70076
189.965 186.447 -10.0275 -0.126093 3.81356
501.68 159.069 -7.18796 -1.1232 7.96494
73.4165 474.148 -10.25 0.265806 3.63931
556.742 541.447 -8.41076 0.737578 5.66446
624.041 614.864 -8.59125 0.873271 5.0027
636.277 388.496 -6.84623 0.224333 7.37292
452.735 449.676 -8.30954 0.406411 6.64215
853.467 104.007 -8.70087 -0.284407 3.77909
706.634 64.2395 -3.72816 -2.4984 10.3116
666.867 140.715 -6.51693 -1.07947 7.3065
914.648 639.336 -9.01419 0.706168 3.46722
715.811 642.395 -8.68382 0.883799 4.46571
933.002 498.621 -9.11965 0.44124 3.30556
642.395 443.558 -6.52437 0.518835 7.82625
988.064 578.155 -9.26734 0.526201 3.08427
954.415 483.326 -9.13538 0.419652 3.23938
348.729 312.02 -9.44565 -0.0152202 4.75557
385.437 302.843 -9.08311 -0.112451 5.35387
348.729 232.486 -9.42485 -0.204514 4.73916
376.26 247.781 -9.2435 -0.216254 5.01542
403.791 244.722 -9.1485 -0.21444 5.04297
293.666 312.02 -9.74341 0.0205596 4.25482
419.086 357.906 -9.09349 0.0839719 5.13624
942.179 382.378 -9.04353 0.272768 3.33437
936.061 431.322 -9.0692 0.350302 3.32251
975.828 416.027 -9.09056 0.32747 3.23527
458.853 183.541 -7.74643 -0.879238 7.38215
305.902 156.01 -9.83979 -0.188062 3.85781
324.256 143.774 -9.59651 -0.336754 4.41471
516.975 315.079 -6.16212 -0.391323 9.81557
370.142 373.201 -9.3375 0.12756 4.90095
354.847 428.263 -9.40057 0.260613 4.86551
948.297 146.833 -9.09464 -0.0579341 3.22081
994.182 186.6 -9.24196 0.0354173 3.03187
865.703 88.7116 -8.68485 -0.310212 3.76206
902.412 122.361 -8.92988 -0.15752 3.451
933.002 174.364 -9.10123 -0.0284779 3.24811
318.138 391.555 -9.64168 0.172583 4.44013
174.364 440.499 -10.1173 0.241265 3.68088
58.1214 214.132 -10.2737 -0.0175706 3.43352
100.948 263.076 -10.1953 0.0147051 3.6175
351.788 513.916 -9.47349 0.452014 4.78398
275.312 624.041 -9.72924 0.645667 4.56965
278.371 116.243 -9.77849 -0.311783 4.11455
333.433 91.7707 -9.41219 -0.537431 4.74631
229.427 342.611 -9.98935 0.110932 3.83301
810.641 412.968 -8.44167 0.338423 4.28763
281.43 510.857 -9.7593 0.399114 4.39534
232.486 419.086 -9.98967 0.221883 3.8723
256.958 412.968 -9.89917 0.210457 4.02336
244.722 572.037 -9.9081 0.470825 4.1602
94.8297 156.01 -10.2057 -0.100766 3.52173
79.5346 58.1214 -10.235 -0.194665 3.44293
116.243 116.243 -10.1779 -0.149161 3.52128
792.287 474.148 -8.46263 0.494773 4.35246
850.408 446.617 -8.85892 0.392719 3.72532
816.759 507.798 -8.5837 0.561901 4.15515
835.113 504.739 -8.63289 0.536454 4.03528
223.309 189.659 -9.96502 -0.133348 3.87671
260.017 171.305 -9.87747 -0.178615 3.94921
250.84 458.853 -9.91703 0.283149 4.04354
189.659 183.541 -10.0334 -0.123708 3.79449
106.401 332.502 -10.1883 0.0918482 3.671
502.744 95.7607 -8.06852 -1.00568 6.30401
627.765 180.881 -5.56435 -1.22697 9.06456
462.843 98.4207 -8.16107 -1.03569 6.48605
617.125 555.944 -8.33382 0.772673 5.41
465.503 641.065 -9.22091 0.809068 4.76038
635.745 406.983 -7.00498 0.322774 7.14818
665.005 140.981 -6.45209 -1.09346 7.38281
893.767 539.984 -8.88045 0.556603 3.62523
861.846 643.725 -8.79095 0.784893 3.83574
923.027 625.105 -8.98332 0.677258 3.47997
643.725 348.463 -7.04783 0.0405428 6.95538
744.805 210.142 -7.85901 -0.321282 5.13493
893.767 375.063 -8.98594 0.259982 3.48183
385.703 175.561 -9.07076 -0.460933 5.31069
758.106 388.363 -7.91961 0.259995 5.11841
771.406 308.562 -8.26797 0.0550965 4.5883
348.463 234.082 -9.46395 -0.190652 4.64666
404.323 244.722 -9.06599 -0.246191 5.21846
790.026 162.261 -8.44837 -0.275455 4.26266
861.846 196.841 -8.70453 -0.0954192 3.79302
321.862 215.462 -9.62216 -0.177501 4.37042
372.403 375.063 -9.33292 0.128518 4.90417
356.443 428.263 -9.40057 0.260613 4.86551
383.043 518.704 -9.36344 0.49024 4.87231
798.006 329.842 -8.36435 0.125397 4.39279
438.903 148.961 -8.45746 -0.747196 6.16228
438.903 191.521 -8.57747 -0.54043 5.95086
468.163 191.521 -7.74973 -0.831008 7.32466
904.407 122.361 -8.95584 -0.152216 3.42653
931.007 175.561 -9.07948 -0.034821 3.27404
305.902 547.964 -9.69632 0.473557 4.45283
329.842 571.904 -9.56726 0.576433 4.69307
335.162 478.804 -9.60932 0.359278 4.50003
319.202 486.784 -9.69649 0.360837 4.34673
231.422 345.803 -9.9874 0.110236 3.83919
904.407 50.5404 -8.89375 -0.286939 3.46037
782.046 486.784 -8.40837 0.523171 4.46048
146.301 532.004 -10.1467 0.357109 3.75041
183.541 500.084 -10.1022 0.321709 3.73498
853.866 234.082 -8.73354 -0.0224291 3.78899
231.422 667.665 -9.9351 0.647662 4.21607
143.641 55.8604 -10.1028 -0.269667 3.67603
739.485 526.684 -7.80379 0.751469 5.42652
755.446 550.624 -8.40261 0.713499 4.6098
356.443 545.304 -9.49817 0.527921 4.7069
359.103 571.904 -9.38278 0.609224 4.96941
335.162 651.705 -9.63923 0.725263 4.53698
226.102 159.601 -9.89678 -0.219565 4.05625
260.682 170.241 -9.8912 -0.169485 3.9166
202.161 547.964 -10.0289 0.406528 3.94756
244.722 574.564 -9.96112 0.457532 3.9801
93.1007 228.762 -10.2171 -0.0174771 3.51744
949.627 465.503 -9.07561 0.401728 3.30311
949.627 146.301 -9.10674 -0.0578875 3.20987
992.187 186.201 -9.20343 0.0291988 3.06627
774.066 154.281 -8.0641 -0.40569 4.74783
750.126 183.541 -7.38174 -0.511429 5.67146
95.7607 635.745 -10.2541 0.457248 3.5759
851.206 449.543 -8.85892 0.392719 3.72532
816.626 513.384 -8.60557 0.560871 4.12726
175.561 140.981 -10.0821 -0.157896 3.65467
159.601 172.901 -10.1011 -0.112959 3.66605
114.381 114.381 -10.1969 -0.138553 3.46639
869.826 441.563 -8.82341 0.380149 3.71555
952.287 98.4207 -9.06417 -0.136073 3.23453
547.964 667.665 -9.07346 0.871491 4.62384
529.344 156.941 -6.78866 -1.1942 8.26927
550.624 188.861 -5.6973 -1.3366 9.91482
625.105 617.125 -8.69204 0.846777 4.84608
452.203 449.543 -8.30954 0.406411 6.64215
992.187 614.465 -9.29418 0.562221 3.06543
652.283 589.83 -8.511 0.819845 4.96802
758.684 235.932 -8.11156 -0.178875 4.79571
723.988 321.515 -7.65157 0.0204277 5.56318
869.711 439.482 -8.82783 0.380438 3.71085
918.285 425.603 -8.94438 0.34727 3.48427
666.161 254.437 -5.91854 -0.582206 8.22918
344.646 228.993 -9.42463 -0.202434 4.72863
400.159 235.932 -9.07811 -0.264129 5.19972
349.272 309.95 -9.43008 -0.0209278 4.76442
353.898 330.768 -9.44337 0.033897 4.70937
446.421 212.802 -8.2148 -0.600593 6.64256
760.997 386.281 -8.07607 0.267439 4.91117
645.344 370.09 -6.97626 0.142744 7.0739
272.941 198.923 -9.79703 -0.165354 4.13399
818.823 205.862 -8.45183 -0.148049 4.17496
809.571 247.497 -8.56957 -0.0421629 4.08127
865.085 335.394 -8.84654 0.181729 3.67883
860.458 194.297 -8.72504 -0.0947903 3.76655
467.238 439.482 -8.00608 0.385388 7.10244
298.385 529.691 -9.81617 0.421529 4.14112
333.081 476.49 -9.60932 0.359278 4.50003
231.306 344.646 -9.97816 0.108725 3.86101
437.168 293.759 -8.93821 -0.099832 5.30198
420.977 358.524 -9.09349 0.0839719 5.13624
763.31 464.925 -8.16803 0.499718 4.81954
781.814 485.743 -8.25748 0.544815 4.64393
346.959 416.351 -9.40785 0.231293 4.88407
277.567 117.966 -9.77404 -0.312141 4.12582
323.828 143.41 -9.55924 -0.35929 4.4895
467.238 189.671 -7.74973 -0.831008 7.32466
386.281 441.795 -9.23478 0.309215 5.08802
400.159 562.074 -9.13804 0.660474 5.32198
198.923 238.245 -10.069 -0.0272855 3.66567
233.619 238.245 -9.86388 -0.101641 4.155
148.036 529.691 -10.1516 0.357118 3.73181
113.34 115.653 -10.19 -0.143186 3.49232
996.929 286.82 -9.21609 0.154372 3.06767
811.884 411.725 -8.54239 0.334278 4.17404
737.866 525.065 -7.83831 0.749277 5.38029
754.058 550.508 -8.15433 0.770856 4.90857
784.128 592.143 -8.30261 0.830064 4.63358
996.929 222.054 -9.17215 0.0704831 3.09315
742.492 185.045 -7.70366 -0.435588 5.32618
788.754 161.914 -8.27813 -0.314251 4.44448
201.236 548.195 -10.0096 0.412774 4.0238
187.358 182.732 -10.0426 -0.119119 3.7647
261.376 171.166 -9.87433 -0.179013 3.95774
985.364 363.151 -9.17681 0.25385 3.13423
973.798 416.351 -9.13459 0.324533 3.1947
932.163 175.793 -9.1004 -0.0256937 3.25115
178.106 439.482 -10.1008 0.240006 3.73376
816.51 513.499 -8.57083 0.570706 4.16657
837.328 504.247 -8.62023 0.534424 4.04649
321.515 670.788 -9.56381 0.807031 4.81438
94.8355 633.779 -10.2481 0.458475 3.59769
955.294 483.43 -9.15229 0.416122 3.2222
173.48 138.784 -10.1099 -0.140386 3.57659
48.5743 90.2094 -10.2858 -0.1302 3.34569
545.882 643.031 -9.01692 0.842037 4.71966
992.303 612.961 -9.27543 0.568705 3.08187
980.738 670.788 -9.26218 0.648047 3.11967
663.848 606.022 -8.70126 0.811004 4.63743
712.423 640.718 -8.67936 0.884032 4.47176
943.729 152.662 -9.08161 -0.0635018 3.23109
626.839 136.471 -6.74385 -1.1035 7.35251
573.639 175.793 -4.38842 -1.78867 11.5809
624.526 615.274 -8.69005 0.844868 4.84785
108.714 157.288 -10.2178 -0.0817271 3.43814
99.4616 164.227 -10.218 -0.084625 3.48148
666.161 62.4526 -7.74452 -0.944034 5.61352
710.11 64.7657 -7.67006 -0.898906 5.46357
111.027 451.047 -10.2274 0.244059 3.52048
793.38 603.709 -8.44952 0.828486 4.42121
860.458 640.718 -8.80183 0.782955 3.82339
643.031 180.419 -5.11456 -1.29767 9.47812
504.247 94.8355 -7.98743 -1.038 6.42421
462.612 97.1485 -8.34038 -0.940385 6.13753
104.088 372.403 -10.2108 0.146702 3.6058
569.013 344.646 -1.30464 -0.512968 17.0986
691.605 323.828 -6.59747 -0.0706478 7.1931
703.17 346.959 -6.92591 0.0753141 6.64277
772.361 309.749 -8.25375 0.0574266 4.59766
724.089 321.817 -7.76315 0.032827 5.41295
347.965 231.306 -9.43295 -0.197649 4.70394
758.282 237.34 -8.12567 -0.169174 4.77782
850.804 291.647 -8.72877 0.0882561 3.8208
792.475 333.885 -8.29479 0.13412 4.49574
663.748 237.34 -4.59906 -0.94601 9.99867
699.952 205.158 -3.43982 -1.40002 10.9724
353.999 331.874 -9.39681 0.0268373 4.81577
394.226 347.965 -9.12546 0.0527351 5.21007
909.133 424.396 -8.99759 0.336074 3.45259
824.656 122.693 -8.87691 -0.221986 3.68063
860.861 195.102 -8.72504 -0.0947903 3.76655
400.26 380.146 -9.13227 0.145002 5.18539
358.022 426.408 -9.40057 0.260613 4.86551
760.293 388.192 -8.07607 0.267439 4.91117
643.634 392.215 -7.00615 0.254805 7.07808
420.374 360.033 -9.10034 0.0883797 5.11274
122.693 239.351 -10.1992 -0.000313124 3.49952
468.646 337.908 -8.11942 -0.0593512 6.74133
392.215 191.079 -8.95669 -0.452428 5.50161
317.794 392.215 -9.69906 0.174543 4.29372
293.658 309.749 -9.69762 0.00911428 4.36263
313.772 297.681 -9.6669 -0.0111669 4.35189
279.579 343.942 -9.73814 0.0759888 4.35454
358.022 545.078 -9.46828 0.535632 4.76981
386.181 579.271 -9.38349 0.637691 4.8275
291.647 514.907 -9.81906 0.394672 4.15891
277.567 118.67 -9.77404 -0.312141 4.12582
323.828 142.806 -9.51751 -0.38089 4.58088
305.726 156.886 -9.70873 -0.259686 4.1947
273.545 199.124 -9.79702 -0.166088 4.13178
307.738 245.386 -9.65526 -0.119553 4.3785
364.056 450.544 -9.46058 0.313413 4.70305
333.885 54.3066 -9.46174 -0.589109 4.60471
333.885 94.5338 -9.47115 -0.496598 4.60642
245.386 573.237 -9.93964 0.469288 4.0451
223.261 307.738 -9.97057 0.0456826 3.89455
231.306 345.953 -9.98184 0.110701 3.85077
756.27 553.123 -8.15433 0.770856 4.90857
619.498 207.17 -4.35995 -1.39183 10.9722
150.852 112.636 -10.1068 -0.191878 3.65789
997.633 287.624 -9.21832 0.155118 3.06234
277.567 623.521 -9.80789 0.605098 4.32688
112.636 116.659 -10.1928 -0.140688 3.48289
108.613 156.886 -10.2005 -0.0973923 3.50519
160.909 172.977 -10.1016 -0.113386 3.66341
985.565 364.056 -9.25585 0.254791 3.05842
931.258 176.999 -9.1004 -0.0256937 3.25115
187.056 183.033 -10.0491 -0.112447 3.73434
199.124 40.2271 -9.98328 -0.341716 3.82184
253.431 72.4089 -9.8542 -0.352267 3.99063
850.804 448.533 -8.90851 0.390629 3.67391
836.725 502.839 -8.65384 0.529778 4.00552
880.974 335.897 -8.85312 0.186502 3.62969
92.5224 225.272 -10.2098 -0.0278552 3.56929
460.601 669.782 -9.3141 0.834766 4.60163
665.759 553.123 -8.21355 0.782152 5.2986
923.213 621.509 -8.99891 0.672691 3.46217
860.861 641.623 -8.78809 0.785322 3.83885
842.759 679.839 -8.74725 0.887622 3.94599
617.487 665.759 -9.16655 0.808751 4.16477
619.498 567.203 -8.3811 0.799059 5.33305
496.805 551.112 -8.68499 0.713638 5.59291
490.771 569.214 -8.83765 0.736091 5.34946
927.236 494.794 -9.10459 0.442016 3.32627
665.759 62.3521 -7.77872 -0.934119 5.57916
710.009 66.3748 -7.66991 -0.894246 5.46055
486.748 557.146 -8.86594 0.69225 5.29716
712.02 641.623 -8.64067 0.891952 4.52772
557.146 46.2612 -7.46121 -1.38198 6.80111
504.851 94.5338 -7.98743 -1.038 6.42421
444.51 96.5451 -8.23135 -1.04684 6.49634
462.612 98.5565 -8.12626 -1.04447 6.53923
104.591 374.112 -10.2233 0.152582 3.54469
691.907 325.84 -7.08073 -0.0117144 6.50705
703.975 335.897 -7.10705 0.027162 6.40223
378.135 197.113 -9.20194 -0.349526 5.03506
394.226 215.215 -8.86799 -0.417691 5.6982
840.747 331.874 -8.71962 0.166131 3.8662
866.895 333.885 -8.88097 0.184093 3.63504
986.439 365.542 -9.21463 0.254618 3.09947
974.196 416.263 -9.13459 0.324533 3.1947
993.435 617.399 -9.33146 0.556979 3.02811
641.885 454.742 -6.87303 0.575706 7.34763
703.1 447.746 -6.99379 0.538932 6.64656
771.312 391.777 -8.17401 0.282115 4.74253
926.973 494.969 -9.0697 0.447038 3.35819
837.774 503.714 -8.65384 0.529778 4.00552
911.232 377.785 -8.9638 0.268442 3.46336
881.499 412.765 -8.87344 0.327125 3.6287
811.539 411.016 -8.43698 0.33307 4.29819
785.304 594.662 -8.3254 0.835498 4.59788
843.021 680.363 -8.75397 0.887884 3.93627
848.268 589.415 -8.7611 0.690213 3.8813
743.328 185.395 -7.86948 -0.397438 5.12214
669.869 141.669 -6.48924 -1.07633 7.31921
666.371 61.2152 -7.77026 -0.938936 5.58943
711.846 66.4622 -7.66991 -0.894246 5.46055
944.463 152.164 -9.06219 -0.0653642 3.24905
815.037 180.148 -8.51562 -0.203188 4.10076
648.881 349.801 -6.9982 0.0463902 6.99476
759.069 237.865 -8.07501 -0.17537 4.8405
872.754 292.084 -8.81951 0.102145 3.67476
925.224 328.813 -8.94811 0.185941 3.43876
871.005 220.375 -8.75597 -0.0479493 3.72406
452.993 451.244 -8.34583 0.398395 6.5413
447.746 494.969 -8.51606 0.55826 6.2762
421.51 360.295 -9.03971 0.0869893 5.23154
344.554 386.53 -9.5336 0.164054 4.57734
398.773 435.503 -9.11151 0.295421 5.29073
631.391 454.742 -6.843 0.577237 7.4912
528.2 466.985 -7.62322 0.552238 7.23169
358.546 545.69 -9.4737 0.536119 4.75612
631.391 669.869 -8.44698 1.09345 5.21148
491.471 578.921 -8.79139 0.771578 5.44974
138.171 456.491 -10.1691 0.252243 3.65026
129.426 442.499 -10.1627 0.231232 3.72946
173.152 433.754 -10.1044 0.22875 3.73761
290.335 515.957 -9.82293 0.396101 4.15211
181.897 501.965 -10.0497 0.331456 3.93919
309.574 369.04 -9.71627 0.132648 4.27475
260.602 416.263 -9.90504 0.216184 4.00346
75.2073 647.132 -10.2742 0.462419 3.5691
150.415 531.698 -10.1406 0.356022 3.74897
159.16 591.164 -10.1269 0.441753 3.80473
461.738 97.9443 -8.14742 -1.03896 6.50606
626.144 181.897 -5.29717 -1.30094 9.46577
498.467 160.909 -6.83659 -1.25252 8.59516
505.463 94.4463 -7.98128 -1.04287 6.45143
383.032 281.59 -9.17604 -0.134498 5.13844
355.048 332.311 -9.39681 0.0268373 4.81577
395.275 349.801 -9.12546 0.0527351 5.21007
617.399 208.132 -4.35995 -1.39183 10.9722
108.438 157.411 -10.2062 -0.0926312 3.48372
33.2311 83.9523 -10.2953 -0.134525 3.35171
220.375 187.144 -9.933 -0.158839 3.98104
314.821 45.4742 -9.59842 -0.528665 4.37197
302.578 78.7053 -9.64355 -0.449736 4.33629
255.355 73.4583 -9.84532 -0.359887 4.01932
92.6973 225.622 -10.2337 -0.0121619 3.47652
216.877 288.586 -10.0184 0.0275512 3.77963
223.873 307.825 -9.97394 0.0467254 3.88548
274.594 199.387 -9.79702 -0.166088 4.13178
323.566 218.626 -9.55809 -0.19862 4.50993
307.825 246.61 -9.65526 -0.119553 4.3785
388.279 232.618 -9.15987 -0.258198 5.0943
395.275 232.618 -9.10311 -0.272203 5.17723
669.869 255.355 -6.20474 -0.538553 7.80779
487.973 306.076 -10.0978 0.163859 2.81637
729.336 295.582 -7.58363 -0.0757623 5.60195
400.522 236.116 -9.07811 -0.264129 5.19972
377.785 274.594 -9.13125 -0.163632 5.2589
869.256 369.04 -8.68468 0.24252 3.84074
662.873 391.777 -6.73887 0.263511 7.27093
494.969 241.363 -6.80873 -0.797572 8.82719
363.793 451.244 -9.46194 0.316282 4.69927
335.809 479.228 -9.6009 0.363449 4.51527
370.789 477.479 -9.34947 0.383701 4.93324
386.53 398.773 -9.21364 0.192309 5.10771
799.296 363.793 -8.38609 0.218721 4.37689
720.591 498.467 -7.47708 0.703227 5.94496
314.821 297.331 -9.63262 -0.0205313 4.42699
325.315 297.331 -9.53654 -0.0389797 4.6189
647.132 412.765 -6.96792 0.356554 7.12982
349.801 309.574 -9.43675 -0.0203394 4.74082
994.652 617.475 -9.35073 0.553015 3.00985
660.06 445.616 -6.81984 0.54349 7.25275
763.479 387.823 -8.07104 0.274174 4.89942
926.213 494.284 -9.11884 0.439638 3.31491
795.418 471.471 -8.39307 0.493915 4.42666
819.752 517.097 -8.63818 0.564774 4.07825
880.587 371.094 -8.81985 0.251203 3.67572
911.004 377.177 -8.95676 0.268702 3.47219
786.292 593.141 -8.3254 0.835498 4.59788
699.602 608.35 -8.56089 0.84328 4.67543
860.815 640.288 -8.85685 0.766165 3.7611
844.086 679.831 -8.75397 0.887884 3.93627
742.187 184.026 -7.70366 -0.435588 5.32618
670.706 141.441 -6.44308 -1.08901 7.36801
733.062 74.5229 -7.53086 -0.883306 5.5135
667.664 60.835 -7.90712 -0.887469 5.40967
688.956 62.3559 -7.72559 -0.926084 5.51273
711.769 66.9185 -7.68824 -0.887776 5.43614
891.233 159.692 -8.86096 -0.118766 3.54542
862.336 117.107 -8.75246 -0.239072 3.71116
880.587 334.592 -8.89832 0.187883 3.58139
926.213 326.988 -8.98402 0.188107 3.40385
809.105 292.008 -8.50482 0.0539123 4.18203
845.607 314.821 -8.75831 0.134698 3.80839
848.648 194.672 -8.69562 -0.109766 3.83071
868.42 252.465 -8.73303 0.0185212 3.75813
438.012 447.137 -8.66496 0.369834 6.00726
448.658 494.284 -8.46049 0.563347 6.38798
351.322 507.972 -9.43536 0.444153 4.85647
358.926 425.845 -9.40912 0.25328 4.83224
387.823 442.575 -9.25303 0.310008 5.04303
632.684 454.742 -6.93257 0.571342 7.35102
611.392 509.493 -7.8896 0.702193 6.11198
632.684 433.449 -6.93714 0.464869 7.32463
358.926 545.994 -9.43601 0.540702 4.84128
399.99 564.245 -9.14951 0.6644 5.30096
387.823 580.974 -9.16901 0.709438 5.34674
138.4 456.262 -10.1712 0.252596 3.64282
77.5646 476.034 -10.2772 0.266481 3.45952
44.1054 365.01 -10.2564 0.126079 3.71468
308.738 368.052 -9.72191 0.134556 4.26116
255.507 360.447 -9.9101 0.126924 3.97769
152.087 529.264 -10.128 0.357861 3.79453
250.944 570.328 -9.89913 0.474195 4.14486
431.928 187.068 -8.61674 -0.553218 5.92004
466.909 190.109 -7.38137 -0.960053 8.02768
466.909 39.5427 -8.1659 -1.25778 6.3807
462.346 98.8569 -8.03973 -1.08952 6.70648
574.891 177.942 -4.4095 -1.77739 11.5469
561.203 83.6481 -6.90763 -1.47278 7.67002
107.982 156.65 -10.1865 -0.111226 3.56354
260.07 171.859 -9.89963 -0.162258 3.88777
241.819 109.503 -9.89221 -0.28271 3.96856
187.068 182.505 -10.0723 -0.102053 3.67304
220.527 187.068 -9.9738 -0.134155 3.85511
272.237 88.2107 -9.77111 -0.368775 4.14332
130.795 296.571 -10.1896 0.0637561 3.51831
114.066 336.113 -10.1857 0.101136 3.6364
38.0219 285.924 -10.3036 0.0664543 3.38003
293.529 310.258 -9.73127 0.0165483 4.28599
225.089 307.217 -9.98513 0.0493932 3.85424
231.173 346.759 -9.98571 0.111393 3.84148
275.278 199.235 -9.77161 -0.175124 4.19433
323.946 217.485 -9.58704 -0.186396 4.44189
399.99 360.447 -9.1201 0.0831207 5.20407
384.781 237.257 -9.27818 -0.209398 4.86447
725.457 506.451 -7.55684 0.720141 5.8135
748.271 323.946 -7.95803 0.0638544 5.07373
749.791 351.322 -7.87971 0.150241 5.17165
647.893 410.636 -6.85898 0.353571 7.2653
647.893 371.094 -6.95593 0.154454 7.08259
643.33 390.865 -7.00569 0.251233 7.07586
387.823 232.694 -9.16286 -0.256103 5.0901
395.427 232.694 -9.07898 -0.280487 5.23078
392.386 191.63 -8.96452 -0.448458 5.48881
314.821 296.571 -9.65551 -0.0127366 4.36602
869.94 333.072 -8.86705 0.182935 3.64447
460.825 253.986 -6.99041 -0.72618 8.94618
723.936 369.573 -7.57196 0.195162 5.70352
742.187 404.553 -7.83139 0.327718 5.3053
483.638 208.36 -7.24 -0.872023 8.12182
472.992 232.694 -7.74592 -0.605633 7.31192
358.926 244.861 -10.3878 0.188871 2.3352
349.801 310.258 -9.47263 -0.0120747 4.65396
299.612 427.366 -9.73999 0.242578 4.298
974.682 416.587 -9.13644 0.325124 3.19526
761.76 466.842 -8.08386 0.510163 4.92758
681.088 391.46 -6.64459 0.271938 7.23429
708.86 417.91 -7.08506 0.398578 6.4703
850.367 447.005 -8.79901 0.395671 3.80229
785.565 593.802 -8.3254 0.835498 4.59788
699.602 608.35 -8.56309 0.842793 4.67259
859.625 640.09 -8.81776 0.777171 3.80154
741.922 183.827 -7.7657 -0.423371 5.25122
670.508 141.507 -6.59789 -1.0369 7.1606
642.735 68.77 -7.80075 -0.943027 5.69276
712.828 67.4475 -7.68824 -0.887776 5.43614
845.078 314.755 -8.63173 0.127141 3.94802
849.045 194.408 -8.74409 -0.1012 3.77926
437.747 447.005 -8.66496 0.369834 6.00726
448.327 494.615 -8.46049 0.563347 6.38798
399.395 502.55 -9.16102 0.48519 5.2343
421.878 359.72 -9.08695 0.0959614 5.13227
387.492 443.038 -9.2441 0.312707 5.06657
399.395 564.708 -9.08584 0.67981 5.44641
547.515 640.09 -9.03564 0.834186 4.68265
490.647 555.45 -8.69256 0.728169 5.62405
489.325 579.255 -8.80623 0.768554 5.42095
138.863 456.262 -10.1729 0.253042 3.63605
103.155 372.945 -10.2072 0.147905 3.60958
260.533 416.587 -9.92161 0.216827 3.95135
198.375 359.72 -10.0562 0.13186 3.75804
224.825 673.152 -9.96665 0.636365 4.12149
466.842 189.117 -7.38137 -0.960053 8.02768
466.842 39.675 -8.04307 -1.32395 6.61295
461.552 99.1875 -8.20515 -1.01202 6.40762
597.77 109.768 -6.45461 -1.43201 8.02196
497.26 160.022 -6.83659 -1.25252 8.59516
558.095 46.2875 -7.46121 -1.38198 6.80111
162.667 173.247 -10.0996 -0.113316 3.66795
272.435 88.6075 -9.81348 -0.337866 4.03401
130.928 297.562 -10.0381 -0.0138006 4.20334
115.058 337.237 -10.1915 0.103267 3.61501
230.115 346.495 -9.97286 0.108953 3.87722
275.08 199.697 -9.80435 -0.159335 4.10768
324.013 218.212 -9.59756 -0.181435 4.41794
650.67 436.425 -6.88527 0.486784 7.21474
747.213 324.013 -7.88879 0.0626042 5.15931
349.14 232.76 -9.46469 -0.18675 4.63269
403.362 236.727 -9.14037 -0.241827 5.06182
382.202 260.533 -9.1937 -0.179618 5.08794
650.67 456.262 -6.81968 0.593326 7.33978
659.927 445.682 -6.75923 0.54695 7.338
843.755 376.913 -8.65875 0.256853 3.93954
706.215 477.422 -7.16605 0.661468 6.42949
396.75 206.31 -8.88359 -0.431093 5.64363
343.85 341.205 -9.51582 0.0611177 4.58853
358.397 546.193 -9.41779 0.55038 4.89279
774.985 324.013 -8.18397 0.0930193 4.68987
780.275 358.397 -8.19198 0.189573 4.67381
320.045 290.95 -9.64577 -0.028391 4.36841
904.59 378.235 -8.94761 0.267675 3.49355
396.75 316.077 -9.14219 -0.0351731 5.14391
601.45 47.15 -7.28978 -1.36204 6.70881
956.8 480.7 -9.12082 0.418611 3.25295
660.1 503.7 -7.63591 0.718019 6.13869
837.2 501.4 -8.69482 0.52105 3.95939
746.35 533.6 -8.02609 0.738482 5.10821
844.1 681.95 -8.79802 0.877134 3.88489
741.75 184 -7.86948 -0.397438 5.12214
848.7 194.35 -8.74409 -0.1012 3.77926
437 447.35 -8.66496 0.369834 6.00726
611.8 512.9 -7.91073 0.704026 6.07863
46 365.7 -10.2582 0.125693 3.70667
353.05 65.55 -9.39524 -0.581504 4.66525
575 178.25 -4.4095 -1.77739 11.5469
496.8 159.85 -6.94411 -1.21248 8.42615
162.15 172.5 -10.1156 -0.10241 3.61721
186.3 181.7 -10.0558 -0.114646 3.7305
225.4 307.05 -9.98513 0.0493932 3.85424
230 347.3 -10.0022 0.115 3.79705
274.85 200.1 -9.80435 -0.159335 4.10768
650.9 435.85 -6.88527 0.486784 7.21474
680.8 233.45 -6.54271 -0.575216 7.22038
311.65 546.25 -9.66467 0.488049 4.51476
255.3 359.95 -9.9077 0.126055 3.98378
349.6 232.3 -9.47667 -0.182611 4.60335
779.7 358.8 -8.23681 0.19342 4.62041
500.25 219.65 -5.74545 -1.22836 10.6305
416.3 272.55 -9.0339 -0.16795 5.2216
343.85 341.55 -9.4918 0.0581266 4.64449
364.55 575 -9.41793 0.619864 4.87897
319.7 290.95 -9.65284 -0.0252759 4.35009
399.05 330.05 -9.17302 0.00742001 5.08083
396.75 350.75 -9.13426 0.0548559 5.18827
350.75 310.5 -9.47956 -0.0109064 4.63961
359.95 425.5 -9.40912 0.25328 4.83224
791.2 556.6 -8.35426 0.721957 4.52127
278.3 619.85 -9.75968 0.618412 4.47084
824.55 215.05 -8.62529 -0.0948886 3.97225
308.2 246.1 -9.65881 -0.117271 4.36332
189.75 217.35 -10.0479 -0.071622 3.7651
324.3 600.3 -9.62338 0.616839 4.58608
746 534 -8.05081 0.734723 5.07725
742 184 -7.82463 -0.410625 5.17936
645 48 -7.85347 -0.992586 5.5991
578 179 -4.39578 -1.75375 11.5164
115 338 -10.1823 0.100038 3.65279
276 200 -9.80468 -0.159462 4.10709
312 546 -9.66915 0.488426 4.50049
382 246 -9.12956 -0.244642 5.22742
178 275 -10.0766 0.0123156 3.73499
438 448 -8.61088 0.373715 6.11346
