1026 335 -17.9472 -0.995301 6.57782
1051 423 -17.9411 -0.964735 6.57804
1059 19 -17.9152 -1.10684 6.56628
1138 420 -17.9 -0.961031 6.57213
1013 297 -17.9411 -1.00917 6.58512
1062.1 288.6 -17.9317 -1.00973 6.57248
1092 474.5 -17.924 -0.944583 6.57846
1010.1 483.6 -17.9606 -0.946179 6.58283
1150.5 40.3 -17.8785 -1.09828 6.55513
1093.3 24.7 -17.8945 -1.10694 6.56634
1015.3 166.4 -17.9438 -1.05335 6.57308
1093.3 296.4 -17.9049 -1.00694 6.579
1146.6 327.6 -17.8963 -0.993141 6.567
1024.4 335.4 -17.9469 -0.995382 6.57812
1042.6 37.7 -17.9263 -1.09852 6.56642
1101.1 438.1 -17.9137 -0.95614 6.57956
1108.9 289.9 -17.8932 -1.00924 6.5809
1008.93 456.3 -17.9623 -0.955604 6.57991
1069.77 290.68 -17.9135 -1.01097 6.58332
1012.31 343.07 -17.9425 -0.993584 6.58756
1022.45 334.62 -17.9381 -0.996449 6.58816
1186.38 422.5 -17.8842 -0.957458 6.56305
1005.55 439.4 -17.9369 -0.958388 6.60269
1039.35 38.87 -17.928 -1.09807 6.56563
1066.39 344.76 -17.9285 -0.990022 6.57524
1093.43 327.86 -17.9176 -0.994718 6.57199
1120.47 388.7 -17.9051 -0.972632 6.57439
1029.21 290.68 -17.9382 -1.0113 6.57957
1105.26 169 -17.9018 -1.05244 6.56804
1117.09 589.81 -17.8805 -0.89385 6.60757
1120.47 660.79 -17.9027 -0.872109 6.59479
1000.48 606.71 -17.9433 -0.899924 6.60956
1049.49 599.95 -17.9139 -0.896303 6.61187
1059.63 684.45 -17.9208 -0.866464 6.60757
1037.66 393.77 -17.9438 -0.975013 6.57947
1029.21 457.99 -17.9443 -0.953423 6.58666
1008.42 439.4 -17.9528 -0.961462 6.58809
1094.11 432.809 -17.9154 -0.958724 6.58092
1017.21 336.141 -17.9599 -0.995722 6.57124
1001.83 606.372 -17.9339 -0.897859 6.62026
1089.71 169.169 -17.9145 -1.05124 6.56438
1015.01 166.972 -17.9421 -1.05422 6.5749
1116.08 590.993 -17.8926 -0.89619 6.59938
1098.5 290.004 -17.9103 -1.00929 6.57196
1031.05 456.976 -17.943 -0.954066 6.58933
1013.92 165.654 -17.945 -1.0551 6.57323
1048.19 599.781 -17.9076 -0.89584 6.61984
1025.34 434.127 -17.9499 -0.961357 6.58128
1022.48 385.573 -17.9448 -0.978674 6.5847
1011.06 482.681 -17.957 -0.94647 6.58699
1068.18 476.969 -17.9269 -0.944372 6.58585
1156.72 171.366 -17.8788 -1.05076 6.56189
1088.17 168.51 -17.9036 -1.05397 6.5737
1005.35 377.005 -17.9639 -0.981922 6.57325
1105.31 379.861 -17.9174 -0.976566 6.57019
1065.33 334.164 -17.931 -0.994609 6.57417
1056.76 288.466 -17.9276 -1.01024 6.57761
1002.49 159.656 -17.941 -1.05679 6.5832
1091.6 167.082 -17.8937 -1.05703 6.57901
1002.49 605.207 -17.9342 -0.898163 6.61983
1050.76 478.968 -17.9304 -0.944768 6.58873
1028.48 452.977 -17.9417 -0.955863 6.59069
1050.76 601.495 -17.9096 -0.896181 6.6173
1173.29 330.451 -17.8832 -0.99208 6.56334
1024.77 434.413 -17.9453 -0.961649 6.58673
1065.61 337.877 -17.9292 -0.992647 6.57652
1013.63 334.164 -17.9531 -0.997031 6.57857
1058.18 289.608 -17.9039 -1.01175 6.59173
1017.34 289.608 -17.9374 -1.01204 6.58754
1180.71 575.504 -17.862 -0.894619 6.59248
1052.24 598.524 -17.9065 -0.895646 6.62109
1143.95 333.05 -17.8946 -0.991519 6.56807
1023.28 444.066 -17.94 -0.957439 6.59312
1081.2 371.664 -17.9051 -0.97999 6.59158
1008.8 333.05 -17.9682 -0.994878 6.56724
1105.34 439.24 -17.9018 -0.955293 6.58774
1028.11 289.608 -17.9358 -1.01112 6.58254
1060.45 589.836 -17.9208 -0.898212 6.60701
1003.98 150.596 -17.946 -1.05794 6.57439
1098.1 156.871 -17.9085 -1.05578 6.56652
1068.61 285.506 -17.9252 -1.01078 6.57352
1011.51 293.663 -17.9691 -1.00769 6.5586
1003.35 375.236 -17.9673 -0.98256 6.57366
1101.24 432.337 -17.8819 -0.956783 6.60725
1109.39 538.382 -17.8487 -0.911876 6.62914
1003.35 154.989 -17.9458 -1.05843 6.57534
1093.08 154.989 -17.8996 -1.05775 6.57417
1003.35 334.449 -17.9498 -0.996977 6.59063
1018.03 445.389 -17.9448 -0.959081 6.59194
699.897 392.366 -18.0529 -0.990248 6.62105
604.456 477.202 -18.1005 -0.96775 6.607
360.553 381.762 -18.1491 -1.00861 6.66664
339.344 339.344 -18.1535 -1.02317 6.67209
243.903 339.344 -18.1753 -1.03467 6.7286
562.038 349.948 -18.1163 -1.00511 6.59526
424.18 498.411 -18.1403 -0.967055 6.63987
487.807 487.807 -18.1348 -0.969795 6.6097
880.173 339.344 -18.023 -0.99647 6.56262
721.106 466.598 -18.0606 -0.966018 6.60535
837.755 392.366 -18.0012 -0.984635 6.61857
901.382 371.157 -18.0002 -0.988441 6.58723
943.8 445.389 -17.9859 -0.962319 6.58627
816.546 296.926 -18.0192 -1.0156 6.59896
774.128 349.948 -18.0311 -1.00136 6.61001
805.942 339.344 -18.0309 -1.00026 6.5899
965.009 307.53 -17.9356 -1.00943 6.62329
668.083 349.948 -18.0807 -1.00252 6.59098
604.456 296.926 -18.0936 -1.01927 6.60473
540.829 296.926 -18.1141 -1.02077 6.60531
572.643 296.926 -18.1146 -1.01838 6.57697
275.717 371.157 -18.1708 -1.0192 6.67919
201.485 371.157 -18.1439 -1.10486 7.38801
763.524 296.926 -18.0443 -1.01603 6.59465
784.733 296.926 -18.0462 -1.01521 6.58554
668.083 296.926 -18.0861 -1.01689 6.58743
402.971 254.508 -18.1433 -1.03949 6.62917
562.854 154.989 -18.1108 -1.05938 6.58804
212.09 285.506 -18.1564 -1.09798 6.96077
244.719 334.449 -17.9958 -1.26013 8.04949
538.382 293.663 -18.1278 -1.01547 6.57292
399.708 244.719 -18.1461 -1.04018 6.62418
269.191 375.236 -18.186 -1.00843 6.63706
367.079 367.079 -18.1585 -1.00696 6.62806
530.225 530.225 -18.1181 -0.956716 6.62464
668.899 342.607 -18.0766 -1.00303 6.59949
709.685 342.607 -18.064 -1.0028 6.5991
921.775 154.989 -17.979 -1.06108 6.58383
726 464.966 -18.0562 -0.964237 6.60981
905.461 473.124 -17.9911 -0.949631 6.59937
864.674 293.663 -18.0026 -1.01445 6.59411
464.966 269.191 -18.1342 -1.02883 6.60203
832.045 391.551 -18.0555 -0.982463 6.55558
774.944 342.607 -18.0311 -1.00136 6.61001
603.641 375.236 -18.1048 -0.995706 6.59037
579.169 391.551 -18.1027 -0.991153 6.60936
489.438 481.281 -18.1343 -0.968521 6.60836
481.281 342.607 -18.1323 -1.00721 6.61023
424.18 301.82 -18.1437 -1.02588 6.62164
440.494 334.449 -18.1356 -1.01601 6.62643
195.775 367.079 -17.3634 -2.20203 15.4568
236.562 399.708 -18.1889 -1.00261 6.633
832.045 456.809 -18.0277 -0.962754 6.5938
791.259 163.146 -18.036 -1.05468 6.5775
766.787 497.596 -18.0342 -0.952205 6.62702
652.584 513.91 -18.0872 -0.954827 6.60527
603.641 473.124 -18.0961 -0.967037 6.6121
587.326 505.753 -18.0987 -0.956979 6.62303
603.641 293.663 -18.0936 -1.01927 6.60473
363.941 301.193 -18.1516 -1.02885 6.63711
401.59 238.444 -18.1478 -1.04088 6.61968
589.836 131.772 -18.0944 -1.06669 6.60055
533.362 527.087 -18.1256 -0.955924 6.60827
432.965 577.286 -18.1459 -0.947215 6.6303
464.339 583.561 -18.1448 -0.946093 6.60755
370.216 370.216 -18.1586 -1.00692 6.6266
859.654 294.918 -18.0026 -1.01445 6.59411
778.081 345.117 -18.0384 -1.00077 6.59759
878.479 338.842 -17.9878 -1.00508 6.60305
828.28 144.322 -18.0153 -1.06276 6.58734
683.959 156.871 -18.0664 -1.06219 6.60141
715.333 138.047 -18.0544 -1.06525 6.59504
922.403 150.596 -17.979 -1.06108 6.58383
884.754 363.941 -17.9825 -0.991186 6.61059
727.883 470.614 -18.061 -0.962418 6.6092
941.228 458.064 -17.9703 -0.959467 6.60201
809.456 370.216 -18.0232 -0.993221 6.60151
501.988 414.14 -18.1256 -0.989257 6.61433
564.737 414.14 -18.1108 -0.987217 6.60574
552.187 294.918 -18.1089 -1.02114 6.60887
376.491 175.696 -18.1414 -1.06996 6.64725
420.415 200.795 -18.1467 -1.04654 6.59927
671.409 351.392 -18.0786 -1.0023 6.5981
702.783 389.041 -18.0647 -0.988506 6.60284
690.234 294.918 -18.0593 -1.02095 6.61109
941.228 288.643 -17.9815 -1.01285 6.57797
652.584 527.087 -18.0872 -0.954827 6.60527
583.561 357.666 -18.0974 -1.00592 6.61028
614.935 407.865 -18.0934 -0.98589 6.60484
520.813 351.392 -18.1192 -1.0055 6.61051
558.462 351.392 -18.1123 -1.00476 6.60301
439.24 552.187 -18.1391 -0.952979 6.63952
489.438 294.918 -18.122 -1.0232 6.61677
194.52 150.596 -17.8181 -2.25484 10.0901
323.396 231.687 -17.9828 -1.26712 7.48102
101.363 328.223 -18.1635 -1.62068 10.1275
173.765 333.05 -18.044 -1.37169 8.68876
106.19 135.151 -18.1059 -2.25765 9.94313
193.072 144.804 -17.8202 -2.26799 10.1102
608.178 270.301 -18.0933 -1.02616 6.59816
400.625 308.916 -18.1481 -1.02227 6.62351
468.2 294.435 -18.1307 -1.02366 6.61681
415.105 144.804 -18.1349 -1.07363 6.63817
453.72 188.246 -18.1389 -1.04852 6.59178
463.374 584.044 -18.1466 -0.945172 6.60601
366.837 366.837 -18.1586 -1.00692 6.6266
670.926 270.301 -18.0705 -1.02647 6.60167
714.368 144.804 -18.0535 -1.06312 6.59394
685.407 159.285 -18.0706 -1.05669 6.58907
796.423 622.658 -18.0131 -0.906916 6.63842
651.619 516.468 -18.0872 -0.954202 6.605
767.462 501.988 -18.0481 -0.952203 6.60168
574.39 294.435 -18.0967 -1.02231 6.61881
593.697 347.53 -18.097 -1.00641 6.61079
637.139 347.53 -18.0868 -1.00315 6.60062
806.077 386.145 -18.0278 -0.986283 6.59832
781.943 400.625 -18.0294 -0.983492 6.6135
323.396 159.285 -18.1347 -1.11566 6.76662
304.089 197.899 -18.1049 -1.1487 6.93702
168.938 371.664 -18.0148 -1.31586 9.13892
193.072 376.491 -18.1601 -1.06121 7.12864
781.943 294.435 -18.0239 -1.01864 6.60843
820.557 294.435 -18.0093 -1.01723 6.60918
815.731 337.877 -18.024 -1.00066 6.5955
666.099 352.357 -18.0794 -1.00178 6.59804
473.027 434.413 -18.1355 -0.984317 6.6119
448.893 492.334 -18.1407 -0.970187 6.62433
767.462 294.435 -18.0337 -1.01711 6.60706
714.368 342.703 -18.0548 -1.00362 6.60861
588.871 395.798 -18.0991 -0.990706 6.61284
497.161 410.279 -18.1308 -0.98947 6.60506
559.91 410.279 -18.1124 -0.987418 6.60383
506.815 294.435 -18.1204 -1.02219 6.61005
550.256 294.435 -18.1089 -1.02114 6.60887
526.122 352.357 -18.1205 -1.00551 6.60622
564.737 333.05 -18.1059 -1.00994 6.60861
868.825 294.435 -17.9998 -1.01406 6.59413
878.479 342.703 -18.0024 -0.998341 6.5903
835.038 463.374 -18.0196 -0.961788 6.601
613.005 487.508 -18.0982 -0.965319 6.60734
444.066 405.452 -18.1417 -0.993251 6.62082
468.2 400.625 -18.136 -0.992884 6.61279
863.999 608.178 -17.9947 -0.908368 6.62793
888.133 622.658 -17.984 -0.901051 6.62579
530.949 555.083 -18.1257 -0.949994 6.60352
458.547 115.843 -18.13 -1.07223 6.60889
473.027 130.324 -18.1267 -1.06791 6.60759
999.149 608.178 -17.9243 -0.894938 6.62932
970.188 289.608 -17.95 -1.01395 6.59695
936.401 405.452 -17.9769 -0.97567 6.59608
159.656 89.1103 -17.9732 -2.28451 9.59613
193.072 144.804 -17.8441 -2.2525 10.0292
519.81 185.646 -18.1208 -1.04951 6.59341
594.069 141.091 -18.0934 -1.06494 6.60032
334.164 634.911 -18.1734 -0.93507 6.64033
590.356 519.81 -18.1026 -0.955999 6.61426
564.365 631.198 -18.1009 -0.919716 6.64381
464.116 586.643 -18.1466 -0.945172 6.60601
675.753 271.044 -18.0681 -1.02695 6.60386
649.763 519.81 -18.0882 -0.953986 6.60517
753.725 638.624 -18.0512 -0.910806 6.61521
861.4 497.533 -18.0192 -0.950211 6.58852
623.772 415.848 -18.0898 -0.98389 6.6081
174.508 375.006 -18.0425 -1.25146 8.71969
727.734 400.996 -18.054 -0.985971 6.60501
779.715 400.996 -18.0388 -0.982417 6.59986
872.538 293.321 -17.9946 -1.01551 6.59877
928.232 289.608 -17.9803 -1.01383 6.58567
943.084 289.608 -17.9763 -1.01334 6.58348
983.926 293.321 -17.9448 -1.01416 6.59602
969.075 337.877 -17.9633 -0.996772 6.58992
931.945 382.432 -17.9829 -0.983345 6.58987
768.576 293.321 -18.0317 -1.01768 6.60664
553.226 360.154 -18.112 -1.00231 6.60518
493.82 412.135 -18.1302 -0.98934 6.60964
564.365 412.135 -18.1149 -0.986787 6.59767
668.327 356.441 -18.0825 -0.999712 6.59483
712.882 460.403 -18.0687 -0.966944 6.59901
731.447 475.255 -18.0555 -0.961738 6.60737
705.457 393.57 -18.0625 -0.988232 6.60586
675.753 404.709 -18.075 -0.984855 6.60348
475.255 482.681 -18.1368 -0.971454 6.61216
415.848 148.517 -18.131 -1.07639 6.64662
415.848 204.211 -18.1411 -1.0503 6.62355
943.084 460.403 -17.9862 -0.957168 6.58659
972.787 486.394 -17.9695 -0.946682 6.58961
891.103 623.772 -17.984 -0.901051 6.62579
824.27 293.321 -18.0121 -1.01665 6.60271
816.844 341.589 -18.0284 -0.999794 6.58808
831.696 148.517 -18.0136 -1.06093 6.58713
594.069 349.015 -18.0969 -1.00469 6.60814
597.782 460.403 -18.1009 -0.971763 6.61005
608.92 467.829 -18.098 -0.969948 6.60735
601.495 493.82 -18.0985 -0.962292 6.61141
612.633 490.107 -18.0981 -0.963485 6.60679
931.945 89.1103 -17.9717 -1.08073 6.57979
594.069 122.527 -18.1012 -1.06406 6.58367
538.375 530.949 -18.1193 -0.955907 6.61265
508.671 297.034 -18.1211 -1.02207 6.60859
553.226 293.321 -18.1072 -1.02147 6.6097
731.447 74.2586 -18.0441 -1.08548 6.59431
497.533 501.245 -18.1318 -0.96553 6.61027
452.977 137.378 -18.1336 -1.06577 6.60552
430.7 207.924 -18.1414 -1.04727 6.60487
430.7 571.791 -18.1469 -0.947198 6.62924
486.394 430.7 -18.1262 -0.98452 6.6279
961.649 605.207 -17.9648 -0.904383 6.60813
924.519 155.943 -17.9757 -1.05935 6.58475
824.27 74.2586 -18.0138 -1.08442 6.58587
842.835 646.05 -18.0177 -0.901788 6.61296
475.255 349.015 -18.1321 -1.00726 6.61013
389.858 230.202 -18.1411 -1.04906 6.64471
820.557 471.542 -18.0057 -0.959791 6.6227
685.464 654.047 -18.073 -0.91071 6.62033
625.486 377.005 -18.0841 -0.996659 6.61709
625.486 416.991 -18.0898 -0.98389 6.6081
836.837 294.178 -18.0069 -1.01642 6.60178
853.974 345.588 -18.0126 -0.997964 6.59095
616.918 294.178 -18.085 -1.02076 6.60968
636.91 351.3 -18.0819 -1.0044 6.61141
779.715 402.71 -18.029 -0.98248 6.61342
722.593 294.178 -18.0525 -1.01835 6.60256
768.291 294.178 -18.032 -1.01772 6.60583
751.154 348.444 -18.0511 -1.00014 6.59444
611.205 491.249 -18.0986 -0.962663 6.60592
159.942 416.991 -18.2108 -0.999073 6.6385
831.125 394.142 -18.0171 -0.983022 6.60059
845.405 405.566 -18.015 -0.979344 6.59688
674.039 411.278 -18.0667 -0.984719 6.61976
933.945 379.861 -17.9845 -0.983685 6.58621
796.852 171.366 -18.0256 -1.0533 6.59113
665.471 342.732 -18.0738 -1.00441 6.60501
582.644 57.122 -18.0925 -1.08919 6.59993
605.493 62.8342 -18.0897 -1.086 6.59325
576.932 117.1 -18.0984 -1.07115 6.59811
528.378 659.759 -18.1112 -0.912428 6.65436
816.844 454.12 -18.0227 -0.963701 6.60552
802.564 499.817 -18.0251 -0.950919 6.61332
762.579 71.4025 -18.0351 -1.08548 6.58859
782.571 85.683 -18.0227 -1.08472 6.59596
728.305 456.976 -18.0663 -0.967806 6.59037
731.161 479.825 -18.0403 -0.960238 6.63409
774.003 505.53 -18.0383 -0.950983 6.61499
645.479 59.9781 -18.0704 -1.09055 6.60287
508.386 299.89 -18.1214 -1.02091 6.60736
522.666 351.3 -18.1204 -1.0042 6.60559
554.083 345.588 -18.1089 -1.00664 6.60917
416.991 148.517 -18.1341 -1.07461 6.64066
488.393 182.79 -18.1293 -1.04972 6.59443
445.552 574.076 -18.1492 -0.947838 6.60914
459.832 588.357 -18.1444 -0.944243 6.61075
448.408 496.961 -18.1413 -0.969861 6.6215
474.113 479.825 -18.1364 -0.971407 6.61396
939.657 445.552 -17.9832 -0.962462 6.58991
685.464 165.654 -18.0644 -1.05495 6.59664
65.6903 228.488 -18.2711 -1.96416 10.0915
54.2659 274.186 -18.313 -1.8055 10.07
454.12 117.1 -18.1319 -1.07217 6.60874
396.998 162.798 -18.142 -1.06589 6.63339
888.247 622.63 -17.9901 -0.901945 6.61968
465.544 294.178 -18.1316 -1.02361 6.61608
445.552 351.3 -18.1405 -1.0081 6.61483
479.825 351.3 -18.132 -1.00797 6.60777
842.549 645.479 -18.0116 -0.900644 6.62173
102.82 134.237 -18.1325 -2.23839 9.9106
374.149 365.581 -18.1574 -1.00672 6.62782
102.82 291.322 -18.1671 -1.75724 10.152
585.5 522.666 -18.1 -0.954534 6.6209
548.371 57.122 -18.1037 -1.08801 6.60026
188.503 656.903 -18.2082 -0.936124 6.64479
908.24 491.249 -17.9906 -0.949664 6.60181
716.881 151.373 -18.0519 -1.06197 6.5952
185.646 308.459 -17.9892 -1.48792 9.08542
922.52 139.949 -17.9753 -1.06422 6.58293
925.376 159.942 -17.9774 -1.05784 6.58292
816.844 337.02 -18.0154 -1.00201 6.60431
885.391 396.998 -17.9988 -0.980468 6.59659
734.018 396.998 -18.0528 -0.985225 6.60792
696.888 59.9781 -18.0574 -1.08831 6.59142
711.169 68.5464 -18.0559 -1.08546 6.58799
594.069 365.581 -18.0844 -1.00239 6.63548
590.993 676.676 -18.101 -0.908189 6.63176
878.8 338.338 -17.9986 -0.999469 6.5951
997.438 46.137 -17.9432 -1.09556 6.57252
837.057 296.595 -18.0069 -1.01642 6.60178
872.209 79.092 -17.995 -1.08353 6.58296
812.89 388.869 -18.0216 -0.986178 6.60448
735.995 298.792 -18.0388 -1.01929 6.61519
571.22 298.792 -18.0999 -1.02097 6.6147
595.387 358.111 -18.098 -1.0017 6.60672
637.13 353.717 -18.0828 -1.00247 6.60653
806.299 52.728 -18.0199 -1.0916 6.58533
867.815 439.4 -18.0154 -0.967798 6.58831
935.922 406.445 -17.9677 -0.975781 6.6066
742.586 410.839 -18.05 -0.981726 6.60489
648.115 380.081 -18.0837 -0.994501 6.60334
509.704 300.989 -18.1237 -1.01994 6.60334
555.841 344.929 -18.1089 -1.00664 6.60917
727.207 481.143 -18.0549 -0.96117 6.61101
560.235 360.308 -18.107 -1.00258 6.61132
511.901 424.021 -18.1292 -0.985223 6.59863
536.068 413.036 -18.1168 -0.988059 6.6097
971.074 487.734 -17.9831 -0.947841 6.58064
720.616 90.077 -18.0565 -1.07714 6.58356
188.942 142.805 -17.8489 -2.26031 10.0283
595.387 481.143 -18.1013 -0.966843 6.61109
610.766 467.961 -18.099 -0.969911 6.60408
590.993 494.325 -18.101 -0.962717 6.61547
529.477 50.531 -18.1138 -1.08827 6.59333
448.188 435.006 -18.1408 -0.984863 6.61866
445.991 575.614 -18.1466 -0.947677 6.61345
808.496 540.462 -18.0585 -0.942813 6.57092
65.91 228.488 -18.2695 -1.95139 10.0675
839.254 474.552 -18.0166 -0.958482 6.60549
815.087 138.411 -18.0215 -1.06362 6.58578
834.86 155.987 -18.017 -1.05748 6.58175
522.886 533.871 -18.1254 -0.955394 6.61221
547.053 531.674 -18.1195 -0.955219 6.61031
711.828 461.37 -18.0645 -0.967255 6.60516
648.115 520.689 -18.0857 -0.953599 6.60952
714.025 483.34 -18.0626 -0.961626 6.60815
494.325 476.749 -18.1319 -0.971927 6.60861
538.265 463.567 -18.1168 -0.974129 6.61423
498.719 505.31 -18.1284 -0.963913 6.61761
476.749 138.411 -18.1291 -1.06397 6.60102
404.248 237.276 -18.1442 -1.04214 6.62543
907.361 492.128 -17.9886 -0.948497 6.6029
465.764 294.398 -18.1317 -1.02383 6.61766
250.458 388.869 -18.1882 -1.00348 6.63062
698.646 608.569 -18.0474 -0.916363 6.6489
674.479 674.479 -18.0804 -0.90574 6.61882
685.464 656.903 -18.0773 -0.911499 6.61161
369.096 186.745 -18.1547 -1.05684 6.62265
129.623 674.479 -18.2223 -0.934141 6.64515
72.501 281.216 -18.2529 -1.75761 10.0837
101.062 327.353 -18.1697 -1.61062 10.0696
806.299 650.312 -18.0317 -0.902925 6.61614
698.646 134.017 -18.0601 -1.06457 6.59281
924.937 160.381 -17.975 -1.05684 6.58409
891.982 623.948 -17.99 -0.902066 6.61993
755.768 643.721 -18.0434 -0.90757 6.62637
744.783 665.691 -18.0609 -0.905101 6.60925
375.687 366.899 -18.1499 -1.00856 6.64892
164.775 83.486 -17.9681 -2.26909 9.52412
575.614 136.214 -18.096 -1.06796 6.60545
593.19 120.835 -18.0979 -1.06786 6.58985
595.387 147.199 -18.0924 -1.06264 6.60043
874.406 292.201 -17.9938 -1.01552 6.59875
894.179 296.595 -17.9723 -1.01614 6.61112
694.252 46.137 -18.0602 -1.09289 6.58967
606.372 408.642 -18.0955 -0.986312 6.60826
626.145 417.43 -18.0922 -0.983295 6.60506
630.539 437.203 -18.0912 -0.978243 6.60357
942.513 452.582 -17.9783 -0.959837 6.59384
933.725 90.077 -17.9715 -1.08053 6.57888
885.391 399.854 -17.9902 -0.979618 6.60512
830.466 395.46 -18.0145 -0.983106 6.60475
865.618 395.46 -18.0142 -0.981466 6.58673
819.481 338.338 -18.0192 -1.00165 6.59954
771.147 294.398 -18.033 -1.01755 6.60339
779.935 41.743 -18.0296 -1.09551 6.58704
689.858 388.869 -18.0759 -0.99062 6.59496
494.325 349.323 -18.1235 -1.00748 6.6197
388.869 76.895 -18.1083 -1.14026 6.7416
246.064 155.987 -18.0618 -1.34384 7.4523
106.47 273.78 -18.1454 -1.82757 10.1883
985.27 486.72 -17.9761 -0.947036 6.58146
647.27 520.52 -18.0857 -0.953599 6.60952
706.42 430.95 -18.0599 -0.977413 6.61141
804.44 501.93 -18.0261 -0.950404 6.61239
880.49 375.18 -17.9971 -0.988419 6.59844
929.5 380.25 -17.9768 -0.984221 6.59773
745.29 664.17 -18.0528 -0.903509 6.61889
674.31 674.31 -18.0796 -0.905444 6.61996
765.57 545.87 -18.0568 -0.941391 6.5938
845 645.58 -18.0209 -0.903542 6.60654
845 681.07 -18.014 -0.888784 6.61897
833.17 140.27 -18.0143 -1.06317 6.58434
797.68 175.76 -18.0256 -1.0533 6.59113
735.15 299.13 -18.0374 -1.0199 6.61868
726.7 344.76 -18.0543 -1.00236 6.60225
775.71 341.38 -18.0391 -1.00207 6.59773
689.52 297.44 -18.0617 -1.01911 6.60864
665.86 343.07 -18.0731 -1.00454 6.6063
873.73 292.37 -17.9938 -1.01552 6.59875
877.11 338 -17.9986 -0.999469 6.5951
375.18 366.73 -18.1558 -1.00673 6.63079
610.09 468.13 -18.099 -0.969911 6.60408
537.42 463.06 -18.1157 -0.974358 6.61613
559.39 361.66 -18.107 -1.00258 6.61132
430.95 564.46 -18.1427 -0.949246 6.63746
454.61 532.35 -18.1403 -0.957561 6.62531
463.06 588.12 -18.1426 -0.944244 6.61465
566.15 572.91 -18.1183 -0.944002 6.60114
510.38 579.67 -18.1317 -0.944606 6.60624
294.06 378.56 -18.1823 -1.00215 6.60194
398.84 169 -18.1447 -1.0628 6.62407
566.15 165.62 -18.1002 -1.05798 6.60488
518.83 187.59 -18.1192 -1.049 6.59828
530.66 50.7 -18.1119 -1.08931 6.59761
410.67 238.29 -18.1414 -1.0439 6.63255
569.53 300.82 -18.0999 -1.02097 6.6147
508.69 300.82 -18.1177 -1.02248 6.61983
556.01 294.06 -18.1069 -1.02137 6.60823
495.17 349.83 -18.1264 -1.00678 6.61093
554.32 344.76 -18.1091 -1.00669 6.60987
32.11 152.1 -18.3533 -2.21172 10.0362
57.46 169 -18.2871 -2.12278 9.94637
106.47 292.37 -18.1523 -1.75055 10.156
116.61 329.55 -18.1458 -1.5761 9.98638
59.15 277.16 -18.2979 -1.79586 10.1099
42.25 245.05 -18.3517 -1.90465 10.0872
182.52 307.58 -18.0556 -1.3467 8.35213
189.28 270.4 -18.0592 -1.3741 8.17905
970.06 37.18 -17.9581 -1.09724 6.57146
970.06 49.01 -17.9593 -1.09242 6.57203
572.91 119.99 -18.0977 -1.07122 6.60278
577.98 135.2 -18.0964 -1.06731 6.60289
594.88 147.03 -18.0955 -1.06083 6.59603
907.53 38.87 -17.98 -1.09835 6.57842
451.23 474.89 -18.1354 -0.974032 6.63441
96.33 119.99 -18.159 -2.22166 9.71671
733.46 483.34 -18.0557 -0.959589 6.60657
593.19 464.75 -18.1009 -0.971763 6.61005
512.07 424.19 -18.1235 -0.985611 6.61403
988.65 332.93 -17.9608 -0.997911 6.58177
985.27 344.76 -17.9501 -0.99473 6.59338
611.78 321.1 -18.0891 -1.0133 6.61096
608.4 348.14 -18.0949 -1.00435 6.60371
753.74 638.82 -18.0515 -0.910896 6.6135
713.18 483.34 -18.0611 -0.960965 6.61135
194.35 660.79 -18.2087 -0.935747 6.62949
997.1 147.03 -17.947 -1.06121 6.57708
728.39 402.22 -18.0453 -0.984923 6.61883
743.6 412.36 -18.0519 -0.981303 6.60228
626.99 419.12 -18.0867 -0.983412 6.61378
599.95 42.25 -18.0873 -1.09397 6.59798
591.5 434.33 -18.0963 -0.980498 6.61982
571.22 339.69 -18.1078 -1.00692 6.6006
476.58 505.31 -18.13 -0.964319 6.63132
317.72 307.58 -18.1435 -1.04688 6.75384
953.16 441.09 -17.978 -0.963423 6.58941
652.6 456.3 -18.0814 -0.971878 6.61116
646.1 380.9 -18.0814 -0.994279 6.60922
880.1 447.2 -18.0153 -0.965196 6.58439
804.7 501.8 -18.0306 -0.950628 6.60534
785.2 689 -18.0439 -0.893959 6.61075
845 679.9 -18.0106 -0.887534 6.62407
694.2 46.8 -18.0574 -1.09398 6.59326
735.8 299 -18.0462 -1.01711 6.60602
375.7 366.6 -18.151 -1.00822 6.64326
539.5 464.1 -18.1174 -0.974296 6.61138
562.9 360.1 -18.1034 -1.00289 6.61834
535.6 413.4 -18.1157 -0.988165 6.61289
456.3 533 -18.1353 -0.957225 6.63849
509.6 579.8 -18.131 -0.944265 6.60995
596.7 149.5 -18.0955 -1.06078 6.59603
464.1 345.8 -18.135 -1.00864 6.61249
569.4 300.3 -18.1063 -1.01894 6.60149
509.6 300.3 -18.1201 -1.02086 6.61257
499.2 198.9 -18.1274 -1.04524 6.59453
165.1 98.8 -17.9438 -2.29596 9.70198
187.2 141.7 -17.8411 -2.29928 10.1434
240.5 159.9 -18.0386 -1.38861 7.60178
105.3 270.4 -18.1498 -1.81593 10.1454
947.7 29.9 -17.9742 -1.09688 6.56646
451.1 445.9 -18.1358 -0.982482 6.63094
452.4 474.5 -18.1384 -0.973644 6.62547
822.9 461.5 -18.0265 -0.963078 6.59764
627.9 418.6 -18.0812 -0.984185 6.62377
520 442 -18.1189 -0.981042 6.62096
734.5 484.9 -18.0565 -0.959732 6.60558
958.1 39 -17.9648 -1.09578 6.57123
746.2 664.3 -18.0534 -0.903666 6.61761
729.3 344.5 -18.055 -1.00235 6.60124
475.8 507 -18.1288 -0.96403 6.63396
998.4 146.9 -17.9457 -1.06182 6.57834
910 152.1 -17.9813 -1.06069 6.58481
613.6 495.3 -18.097 -0.961972 6.60792
982.8 431.6 -17.9678 -0.965059 6.58467
867.1 396.5 -18.006 -0.981582 6.59788
868.4 439.4 -18.0082 -0.967728 6.59611
835.9 449.8 -18.0231 -0.965596 6.59516
629.2 36.4 -18.0792 -1.09576 6.59516
947.7 694.2 -17.9749 -0.874872 6.61297
772.2 295.1 -18.037 -1.0167 6.59859
782.6 300.3 -18.0301 -1.01597 6.60298
633.1 300.3 -18.0717 -1.02169 6.62485
300.3 352.3 -18.1476 -1.03094 6.77764
101.4 327.6 -18.1864 -1.60056 10.02
689 298 -18.0633 -1.01809 6.6073
863 317 -17.9986 -1.00787 6.59999
533 386 -18.1164 -0.996268 6.61148
639 680 -18.0907 -0.906746 6.61906
509 301 -18.1181 -1.02164 6.61798
760 401 -18.0422 -0.984057 6.6058
833 97 -18.0217 -1.07366 6.5745
721 469 -18.0612 -0.965342 6.60565
431 565 -18.1462 -0.949866 6.62692
376 366 -18.1518 -1.00803 6.6407
74 277 -18.2503 -1.78754 10.0796
896 404 -17.9993 -0.977365 6.5917
736 300 -18.046 -1.01707 6.60634
483 489 -18.1398 -0.969517 6.5984
