1260 284 1.62305 -3.21124 7.75627
1017.5 253 1.4798 -3.28721 7.8652
1139.6 40.7 1.57155 -3.33784 7.70398
1186.9 158.4 1.59057 -3.29092 7.75592
1128.6 486.2 1.55978 -3.09668 7.71934
1133.77 262.57 1.56267 -3.22843 7.75327
1194.27 257.73 1.59246 -3.23338 7.7668
1217.26 323.07 1.60132 -3.17851 7.71857
1022.45 194.81 1.48597 -3.32392 7.84971
1138.61 41.14 1.57109 -3.33764 7.70484
1168.86 137.94 1.58357 -3.29286 7.73586
1030.92 100.43 1.48897 -3.40273 7.85778
1026.08 154.88 1.48625 -3.35818 7.85494
1046.65 573.54 1.48297 -3.0723 7.97824
1051.49 446.49 1.48449 -3.17143 7.98903
1134.01 262.207 1.5636 -3.22562 7.7459
1149.98 129.107 1.57324 -3.30257 7.74026
1051.49 445.885 1.48455 -3.17165 7.98896
1004.91 363.363 1.43334 -3.26377 8.06916
1217.87 323.433 1.60133 -3.17838 7.71843
1030.19 101.156 1.48897 -3.40273 7.85778
1016.88 252.89 1.47632 -3.29193 7.87678
1020.88 210.298 1.48032 -3.31982 7.86532
1236.5 448.547 1.60559 -3.10573 7.67239
1046.83 573.927 1.48162 -3.07323 7.98462
1042.44 569.535 1.48055 -3.0741 7.97474
1137.61 40.9948 1.57045 -3.33877 7.70677
1149.32 128.841 1.57413 -3.29907 7.73346
1235.7 448.015 1.60573 -3.10532 7.67047
1216.67 323.566 1.60154 -3.17788 7.717
1133.21 262.074 1.55903 -3.24008 7.78317
1064.4 471.44 1.49785 -3.14834 7.96122
1004.37 363.097 1.4386 -3.25689 8.0445
1029.26 101.023 1.49523 -3.38526 7.82667
1083.43 294.284 1.51091 -3.29036 7.97224
1066.16 458.995 1.50333 -3.15199 7.93044
1051.66 446.111 1.48185 -3.17619 8.00563
1195 256.071 1.59079 -3.23764 7.77609
1095.15 38.6522 1.55097 -3.3302 7.68206
1019.45 209.366 1.48032 -3.31982 7.86532
1083.87 294.723 1.50773 -3.29742 7.99219
1236.87 447.722 1.6058 -3.105 7.6694
1127.36 483.153 1.55938 -3.09758 7.71894
1217.55 43.4838 1.61 -3.33847 7.72377
1225.6 291.502 1.60704 -3.19864 7.72786
1094.82 38.9743 1.55148 -3.32868 7.67913
1195.8 258.648 1.59214 -3.22838 7.75352
1020.42 209.044 1.48032 -3.31982 7.86532
1073.57 354.312 1.50748 -3.22753 7.93417
1084.2 294.079 1.51304 -3.28365 7.95289
1052.31 444.662 1.4822 -3.17657 8.00457
1149.74 382.657 1.56104 -3.18341 7.85
1217.06 44.289 1.60964 -3.33883 7.72452
1218.83 322.424 1.60198 -3.17732 7.71427
1052.31 444.308 1.48942 -3.16748 7.96328
1025.03 153.949 1.48703 -3.35739 7.85155
1028.92 101.333 1.49065 -3.39406 7.84143
1151.69 130.564 1.5754 -3.2938 7.72538
1223.79 292.308 1.60602 -3.20385 7.74136
1106.87 284.513 1.53185 -3.28391 7.9284
1228.28 437.292 1.60376 -3.10511 7.64491
1052.5 443.723 1.4825 -3.17731 8.00504
1007.49 478.02 1.45598 -3.1436 7.96699
1125.38 482.308 1.55643 -3.10198 7.74199
1024.64 154.338 1.48386 -3.36357 7.85831
1028.92 100.749 1.49065 -3.39406 7.84143
1136.1 42.8718 1.57073 -3.33727 7.70537
1108.24 257.231 1.55174 -3.22838 7.74235
1051.64 443.294 1.49094 -3.16658 7.95401
1127.1 483.379 1.55482 -3.10468 7.75363
1157.75 393.777 1.56933 -3.1735 7.82762
1002.13 631.93 1.45084 -3.02823 7.97321
1042.21 568.266 1.48124 -3.07258 7.96762
1025.71 153.267 1.48679 -3.35793 7.85259
1028.07 101.392 1.49129 -3.39126 7.83793
1216.7 44.801 1.61014 -3.33476 7.71866
1072.87 356.05 1.50514 -3.23161 7.95307
1221.42 292.386 1.6055 -3.19161 7.70552
1195.48 254.658 1.59411 -3.229 7.75277
195.71 207.499 1.12683 -3.19579 7.47251
327.755 247.585 1.1799 -3.18467 7.52072
271.164 66.0225 1.1737 -3.26862 7.46425
179.204 87.2441 1.09298 -3.27272 7.46597
426.789 358.408 1.22118 -3.13408 7.57101
374.914 103.75 1.21156 -3.26117 7.50809
202.784 525.822 1.09362 -3.029 7.54118
275.88 532.896 1.12597 -3.03221 7.56816
261.732 601.277 1.05764 -2.98984 7.62436
73.0964 582.413 1.04916 -2.99048 7.50006
162.698 532.896 1.06252 -3.02437 7.53796
195.71 481.021 1.08649 -3.05548 7.53506
275.88 518.749 1.1248 -3.03951 7.56641
568.266 608.351 1.17656 -3.00856 7.79655
440.936 570.623 1.21752 -3.02208 7.61175
351.334 509.317 1.16323 -3.05029 7.58753
433.862 448.01 1.21909 -3.08797 7.58888
851.219 323.039 1.10318 -3.48969 8.57752
844.145 117.897 1.18994 -3.67089 8.27398
962.043 264.09 1.43864 -3.28876 7.88062
926.674 542.328 1.352 -3.10635 8.13025
896.02 660.225 1.37247 -2.99773 7.97225
853.577 448.01 1.20631 -3.24048 8.32649
867.725 452.726 1.23783 -3.23084 8.29571
356.05 405.567 1.17756 -3.10771 7.56747
759.259 146.193 0.361617 -4.49573 9.70729
839.43 150.909 1.18684 -3.62356 8.27805
648.436 150.909 0.171806 -4.33938 9.3669
436.22 389.061 1.20244 -3.12457 7.60198
414.999 410.283 1.21799 -3.10422 7.5703
478.663 403.209 1.24865 -3.11253 7.58739
386.703 136.761 1.2095 -3.24706 7.51898
353.692 167.414 1.19451 -3.22957 7.51536
56.5908 377.272 1.03665 -3.10104 7.46842
82.5282 396.135 1.05172 -3.09271 7.47737
49.5169 433.862 1.05145 -3.0672 7.46471
84.8861 417.357 1.05455 -3.0811 7.47958
299.459 143.835 1.17013 -3.2384 7.49652
287.67 165.056 1.16048 -3.22877 7.50037
294.743 301.817 1.16538 -3.15224 7.51899
275.88 339.545 1.13352 -3.13891 7.53392
825.282 207.499 1.07767 -3.6553 8.5035
860.651 209.857 1.23164 -3.51413 8.23313
558.834 66.0225 1.1921 -3.39034 7.68196
884.231 124.971 1.31153 -3.52691 8.06665
919.6 136.761 1.37264 -3.45756 7.99067
624.856 490.453 0.928083 -3.16605 8.25633
169.772 124.971 1.1199 -3.23715 7.45164
153.267 167.414 1.10352 -3.21545 7.4564
822.924 389.061 1.0413 -3.39534 8.63643
839.43 389.061 1.08035 -3.39031 8.60136
839.43 426.789 1.15279 -3.28521 8.41399
360.766 608.351 1.16607 -2.99534 7.60678
348.976 664.941 1.16261 -2.96184 7.60753
398.493 653.152 1.18235 -2.97061 7.62685
372.556 525.822 1.17107 -3.04182 7.60144
403.209 535.254 1.16969 -3.0417 7.62615
148.551 365.482 1.07013 -3.11696 7.50135
136.761 412.641 1.05618 -3.09071 7.50852
261.732 146.193 1.15877 -3.23135 7.48137
231.079 167.414 1.13454 -3.22404 7.4822
919.6 285.312 1.35704 -3.33958 8.0521
877.157 353.692 1.2465 -3.34234 8.27616
282.954 372.556 1.12252 -3.12461 7.55255
323.039 360.766 1.16789 -3.12738 7.54087
271.164 424.431 1.11038 -3.09632 7.56131
56.5908 287.67 1.02147 -3.15417 7.46152
84.8861 280.596 1.06728 -3.15123 7.45289
89.602 341.902 1.02474 -3.12992 7.49028
966.759 155.625 1.43386 -3.38621 7.89747
983.264 127.329 1.45547 -3.3872 7.85682
907.81 386.703 1.343 -3.24994 8.07633
613.066 348.976 0.801515 -3.39595 8.36797
188.636 339.545 1.0654 -3.14157 7.52663
254.658 334.829 1.11246 -3.14373 7.53665
476.306 195.71 1.21994 -3.24156 7.59044
624.856 363.124 0.879078 -3.35109 8.30178
570.623 410.283 0.895782 -3.25358 8.1664
620.14 403.209 0.914203 -3.28004 8.24244
445.652 622.498 1.1675 -2.99269 7.6801
485.737 631.93 1.23429 -2.99005 7.63841
417.357 662.583 1.19275 -2.96818 7.63325
417.357 202.784 1.21887 -3.21809 7.54457
429.147 278.238 1.23115 -3.17269 7.55016
473.948 271.164 1.24313 -3.18528 7.57211
341.902 224.005 1.18702 -3.20008 7.52117
391.419 273.522 1.20197 -3.17967 7.54947
346.618 311.249 1.19563 -3.14863 7.52829
136.761 209.857 1.07252 -3.20052 7.4705
127.329 278.238 1.08925 -3.15566 7.4635
169.772 271.164 1.08275 -3.16973 7.49171
917.242 101.392 1.40581 -3.42345 7.86525
306.533 629.572 1.14644 -2.98003 7.58596
266.448 646.078 1.0604 -2.96276 7.62865
209.857 374.914 1.08569 -3.11814 7.52997
240.511 372.556 1.12265 -3.11557 7.52333
221.647 410.283 1.11162 -3.09435 7.52432
240.511 407.925 1.11205 -3.09867 7.53779
323.682 242.226 1.17217 -3.19148 7.52541
40.7282 216.502 1.03205 -3.18965 7.43897
137.19 212.215 1.09323 -3.19278 7.45915
199.354 70.7384 1.1252 -3.27111 7.45626
272.236 66.4513 1.16608 -3.27379 7.47111
366.554 42.8718 1.2047 -3.29798 7.5001
203.641 527.323 1.08554 -3.03026 7.5488
259.374 604.492 1.1087 -2.98883 7.57824
162.913 535.897 1.07784 -3.0227 7.52687
45.0154 647.364 0.980083 -2.94993 7.53111
240.082 409.426 1.11074 -3.09893 7.5388
195.067 480.164 1.08428 -3.05605 7.5361
274.379 518.749 1.1248 -3.03951 7.56641
160.769 520.892 1.03706 -3.03265 7.55202
625.928 364.41 0.89349 -3.34477 8.27547
433.005 448.01 1.22037 -3.08699 7.58822
739.538 40.7282 0.240118 -4.92687 9.71666
928.174 546.615 1.353 -3.10497 8.1267
896.02 660.225 1.37247 -2.99773 7.97225
876.728 465.159 1.24962 -3.20954 8.28327
966.759 529.466 1.42498 -3.10418 7.97965
996.769 636.646 1.44823 -3.02514 7.96832
758.831 145.764 0.398878 -4.45881 9.64569
548.759 606.636 1.19916 -3.01061 7.74874
499.456 660.225 1.22841 -2.97573 7.66231
844.574 115.754 1.18994 -3.67089 8.27398
836 162.913 1.18792 -3.59623 8.25634
349.405 381.559 1.18414 -3.11765 7.54981
360.123 400.851 1.18952 -3.10687 7.55596
488.738 128.615 1.24088 -3.2716 7.5684
527.323 130.759 1.2062 -3.31626 7.63881
426.574 360.123 1.22118 -3.13408 7.57101
415.856 413.713 1.21579 -3.10512 7.57461
293.672 137.19 1.16958 -3.24058 7.49244
289.385 165.056 1.16603 -3.22584 7.49614
317.251 169.344 1.15212 -3.2387 7.52642
649.507 150.051 0.212938 -4.2981 9.30322
370.841 162.913 1.20454 -3.23259 7.51901
293.672 302.246 1.15773 -3.15638 7.52466
276.523 340.831 1.13162 -3.13956 7.53772
310.82 345.118 1.1413 -3.14276 7.55731
825.282 207.928 1.1113 -3.61869 8.42971
844.574 244.369 1.17167 -3.52023 8.34886
368.697 615.21 1.16486 -2.99208 7.61565
345.118 666.656 1.16604 -2.96117 7.60286
383.702 658.082 1.17441 -2.96869 7.62348
604.492 60.0205 0.890534 -3.73923 8.1325
372.984 529.466 1.17018 -3.04177 7.60339
402.995 535.897 1.18587 -3.03924 7.60878
394.42 587.343 1.18286 -3.00839 7.61439
988.195 137.19 1.46108 -3.37656 7.85642
559.477 66.4513 1.20629 -3.37836 7.66372
122.185 126.472 1.10231 -3.23064 7.43401
156.482 115.754 1.10619 -3.24367 7.44888
49.3025 435.149 1.03443 -3.06927 7.47443
55.7333 287.241 1.01669 -3.15582 7.4637
83.6 282.954 1.06347 -3.15244 7.45518
40.7282 334.4 1.01802 -3.12675 7.46208
426.574 242.226 1.21965 -3.19843 7.5556
473.733 272.236 1.22528 -3.19473 7.59258
625.928 490.882 0.9274 -3.1637 8.26163
212.215 190.779 1.11359 -3.21379 7.48738
231.508 167.2 1.13279 -3.22505 7.4837
445.867 623.784 1.21071 -2.9923 7.63061
448.01 660.225 1.20454 -2.97243 7.64785
919.6 297.959 1.35704 -3.32988 8.0599
784.554 340.831 0.8012 -3.60994 9.0358
613.066 349.405 0.791153 -3.40411 8.38204
420.143 147.908 1.20949 -3.25349 7.54852
190.779 293.672 1.0996 -3.1574 7.4985
184.349 287.241 1.10687 -3.15748 7.48831
158.626 340.831 1.09616 -3.12582 7.48738
904.595 212.215 1.35654 -3.39565 8.0038
904.595 250.8 1.34124 -3.3802 8.05779
838.143 390.133 1.09946 -3.37602 8.55891
450.154 79.3128 1.23659 -3.28701 7.53709
863.866 280.81 1.25078 -3.41036 8.2067
340.831 222.933 1.18662 -3.2 7.52199
282.954 372.984 1.12104 -3.12427 7.55444
323.682 362.267 1.16395 -3.12831 7.54853
270.092 424.431 1.11814 -3.0935 7.55448
276.523 533.754 1.13698 -3.03084 7.55806
317.251 527.323 1.15452 -3.03639 7.57228
147.908 364.41 1.06613 -3.11765 7.50405
165.056 398.708 1.08812 -3.09794 7.5045
135.046 413.713 1.07555 -3.08704 7.49585
132.903 105.036 1.09988 -3.24656 7.43984
177.918 85.7436 1.11794 -3.25913 7.44968
915.312 102.892 1.37283 -3.48536 7.96878
424.431 527.323 1.1997 -3.046 7.61169
441.579 572.338 1.21752 -3.02208 7.61175
428.718 278.667 1.21192 -3.18311 7.57101
482.308 302.246 1.21941 -3.18082 7.61034
435.149 347.261 1.22155 -3.14313 7.57443
473.733 321.538 1.23604 -3.16117 7.58601
342.974 315.108 1.18017 -3.15415 7.5419
196.82 206.564 1.12114 -3.19798 7.4756
272.82 66.2564 1.16715 -3.27308 7.47019
434.564 344.923 1.22626 -3.1413 7.5692
366.359 42.8718 1.2058 -3.29567 7.49853
241.641 526.154 1.09987 -3.03274 7.56389
194.872 615.795 1.03804 -2.97637 7.58898
44.8205 646.974 1.00771 -2.95111 7.51432
569.025 559.282 1.17057 -3.04601 7.80504
672.307 44.8205 -0.030172 -4.98037 9.74124
960.718 265.026 1.43973 -3.28556 7.87479
949.025 50.6667 1.39897 -3.53551 7.96966
855.487 448.205 1.20809 -3.23885 8.32118
884.718 487.179 1.27641 -3.17692 8.24241
997.743 637.231 1.45241 -3.02168 7.95641
549.538 604.102 1.20558 -3.00956 7.74132
387.795 417.026 1.19613 -3.10153 7.57353
802.872 136.41 1.01314 -3.81637 8.54961
839.897 152 1.17413 -3.63745 8.30583
498.872 658.666 1.23504 -2.97523 7.65333
828.205 206.564 1.08032 -3.65331 8.4989
676.205 136.41 0.0412958 -4.59138 9.71938
120.82 126.667 1.12035 -3.22226 7.42301
155.897 114.974 1.10368 -3.24457 7.45005
153.949 167.59 1.1105 -3.21268 7.45202
370.256 161.744 1.17514 -3.24809 7.54403
296.205 134.462 1.17384 -3.24075 7.49045
493.025 380 1.231 -3.13348 7.61681
218.256 152 1.13089 -3.22876 7.47398
231.897 165.641 1.13237 -3.22463 7.48364
354.667 543.692 1.15678 -3.03255 7.60106
309.846 344.923 1.16209 -3.13494 7.53716
904.205 210.461 1.35912 -3.38931 7.99058
142.256 37.0256 1.11597 -3.27555 7.42408
177.333 85.7436 1.11152 -3.26275 7.4544
50.6667 434.564 1.0321 -3.06944 7.47513
919.795 286.461 1.35799 -3.33921 8.0514
81.8461 348.82 1.04998 -3.11852 7.47042
919.795 136.41 1.36692 -3.46823 8.00029
904.205 169.538 1.33331 -3.4742 8.07249
368.308 621.641 1.17224 -2.98846 7.60785
344.923 666.461 1.15529 -2.96203 7.61433
399.487 654.769 1.17645 -2.97114 7.63535
185.128 286.461 1.08837 -3.16341 7.50054
327.385 247.487 1.18605 -3.18278 7.51485
397.538 448.205 1.1971 -3.08608 7.58328
350.769 508.615 1.16364 -3.04993 7.5869
446.256 623.59 1.2039 -2.99147 7.64277
454.051 658.666 1.20914 -2.97164 7.64729
284.513 372.205 1.12249 -3.12529 7.55308
325.436 360.513 1.17319 -3.12598 7.54037
270.872 422.872 1.12255 -3.09329 7.55088
159.795 479.384 1.05568 -3.0549 7.53429
109.128 487.179 1.00667 -3.05016 7.53348
161.744 520.308 1.06243 -3.03196 7.53612
148.103 366.359 1.05263 -3.12079 7.51308
136.41 413.128 1.05665 -3.09002 7.50913
159.795 413.128 1.07318 -3.09062 7.51236
841.846 350.769 1.12082 -3.42125 8.50443
387.795 335.179 1.19096 -3.14949 7.56746
305.949 629.436 1.13865 -2.97948 7.59491
307.897 479.384 1.14545 -3.06319 7.56767
274.769 518.359 1.12818 -3.03958 7.56313
194.872 481.333 1.08076 -3.05598 7.53952
255.282 459.897 1.12543 -3.07072 7.54513
118.872 344.923 1.07234 -3.12214 7.4782
159.795 341.026 1.07959 -3.12948 7.4984
424.82 526.154 1.19735 -3.0451 7.61398
440.41 570.974 1.22062 -3.01998 7.61031
138.359 210.461 1.10459 -3.18767 7.45243
150.051 212.41 1.09592 -3.19338 7.46467
126.667 276.718 1.09546 -3.15317 7.46127
623.59 171.487 0.466833 -3.9705 8.82401
625.538 362.461 0.89349 -3.34477 8.27547
574.872 411.179 0.864733 -3.26728 8.21495
621.641 401.436 0.90973 -3.28402 8.25239
220.205 411.179 1.11003 -3.09473 7.52443
241.641 409.231 1.10466 -3.09994 7.5444
196.643 207.273 1.11872 -3.19948 7.47752
159.441 341.911 1.06982 -3.13064 7.50457
200.186 70.8624 1.12952 -3.26802 7.45353
63.7762 161.212 1.07911 -3.20631 7.41995
159.441 616.503 1.00787 -2.97269 7.58473
570.443 559.813 1.17551 -3.04417 7.79798
898.182 660.792 1.37415 -2.99684 7.96866
853.892 449.977 1.2133 -3.23355 8.30754
549.184 604.102 1.19779 -3.0109 7.75013
527.925 129.324 1.17765 -3.3382 7.67575
494.266 380.886 1.21765 -3.13785 7.63239
361.398 400.373 1.18815 -3.10786 7.5585
387.972 384.429 1.20231 -3.1178 7.56271
387.972 418.088 1.19843 -3.10073 7.57118
788.345 168.298 0.92491 -3.83953 8.7014
836.177 162.984 1.17085 -3.61771 8.2969
829.091 207.273 1.11538 -3.61711 8.42355
372.028 162.984 1.20458 -3.23243 7.51882
297.622 145.268 1.16862 -3.23851 7.49826
120.466 127.552 1.08948 -3.23576 7.44077
131.096 191.329 1.10021 -3.19816 7.44948
154.126 168.298 1.10941 -3.21377 7.45285
650.163 150.583 0.177957 -4.33534 9.36334
473.007 430.489 1.24519 -3.09677 7.58937
304.709 297.622 1.16246 -3.15862 7.52692
310.023 345.454 1.18541 -3.12912 7.52103
605.874 60.2331 0.878838 -3.74933 8.14952
977.902 145.268 1.45318 -3.37108 7.85484
51.3753 435.804 1.02792 -3.06969 7.47763
212.587 191.329 1.11885 -3.21145 7.48373
232.075 166.527 1.12592 -3.22794 7.48876
903.496 210.816 1.35122 -3.40078 8.01596
898.182 244.475 1.31481 -3.41424 8.11514
839.72 426.946 1.15596 -3.2827 8.40558
361.398 607.645 1.16418 -2.99546 7.60829
416.317 203.73 1.2294 -3.21131 7.53507
921.212 297.622 1.35592 -3.33145 8.06398
882.237 127.552 1.30666 -3.53083 8.07803
919.44 136.41 1.37056 -3.46252 7.9904
627.133 492.494 0.925293 -3.1639 8.26508
85.0349 281.678 1.0329 -3.16134 7.47297
40.7459 334.825 1.03917 -3.12142 7.45187
81.4918 348.998 1.06057 -3.11579 7.46397
483.636 632.447 1.23459 -2.98984 7.6374
448.205 659.021 1.20291 -2.97174 7.64698
348.998 251.562 1.19265 -3.18435 7.5269
391.515 272.82 1.2082 -3.17673 7.54571
159.441 519.067 1.05897 -3.03148 7.53638
40.7459 216.13 1.05594 -3.18094 7.42705
441.119 572.214 1.21752 -3.02208 7.61175
446.433 35.4312 1.24756 -3.30043 7.51598
343.683 315.338 1.18749 -3.15051 7.53568
400.373 306.48 1.19635 -3.16636 7.5681
92.1212 70.8624 1.1051 -3.24912 7.40962
871.608 56.69 1.20134 -3.78816 8.32605
917.669 102.751 1.36453 -3.49815 7.99077
465.921 306.48 1.24527 -3.16184 7.56703
214.359 340.14 1.11027 -3.13272 7.51124
627.133 359.627 0.882665 -3.35196 8.29317
575.757 411.002 0.905543 -3.24803 8.15462
405.688 444.662 1.20551 -3.08742 7.58042
949.557 49.6037 1.40082 -3.53869 7.97406
294.079 628.904 1.11252 -2.97605 7.60704
274.592 483.636 1.12943 -3.05906 7.55709
308.252 480.093 1.14546 -3.06325 7.56801
866.293 279.907 1.23996 -3.42393 8.24018
852.121 320.653 1.12088 -3.47317 8.5306
285.221 372.028 1.12163 -3.12535 7.55546
325.967 361.398 1.17808 -3.12458 7.53605
143.496 38.9743 1.12132 -3.27256 7.42123
132.867 104.522 1.09963 -3.24598 7.43867
478.322 448.205 1.22772 -3.09355 7.61723
437.576 508.438 1.20668 -3.0567 7.61343
138.182 210.816 1.10459 -3.18767 7.45243
168.298 272.82 1.08346 -3.16896 7.49136
641.305 411.002 0.694969 -3.36533 8.65279
407.459 81.4918 1.2329 -3.27144 7.50772
949.557 497.809 1.38656 -3.14069 8.07292
242.704 411.002 1.10894 -3.0984 7.54118
203.73 526.154 1.0877 -3.03019 7.54618
240.932 526.154 1.10308 -3.03355 7.56041
43.4838 645.815 1.00085 -2.95075 7.51784
146.556 636.151 1.00948 -2.96002 7.57701
570.121 558.847 1.17257 -3.04508 7.80292
766.603 32.2102 0.360203 -4.9076 9.69076
929.264 547.573 1.3558 -3.1021 8.12107
897.054 660.309 1.37147 -2.99698 7.97372
969.527 529.858 1.42087 -3.10692 7.99911
388.133 417.122 1.20305 -3.09913 7.5658
827.802 206.145 1.11538 -3.61711 8.42355
761.771 146.556 0.388703 -4.47264 9.67441
363.975 161.051 1.20106 -3.23226 7.51652
120.788 127.23 1.09698 -3.23251 7.43614
146.556 119.178 1.10703 -3.23808 7.44312
294.723 301.165 1.15329 -3.15874 7.52744
305.997 299.555 1.15925 -3.15997 7.53004
296.334 133.672 1.17132 -3.24222 7.49195
289.892 164.272 1.16111 -3.22919 7.49891
317.27 170.714 1.17664 -3.22588 7.50671
566.9 32.2102 0.951741 -3.66793 7.97603
351.091 550.794 1.16947 -3.02587 7.58706
376.859 528.247 1.17161 -3.04063 7.60262
360.754 608.773 1.16257 -2.99461 7.60988
988.853 138.504 1.46007 -3.37803 7.86041
946.98 162.662 1.40885 -3.40339 7.93669
244.798 149.777 1.14473 -3.2314 7.4797
212.587 191.651 1.12942 -3.2068 7.47746
903.496 210.977 1.34829 -3.40404 8.02231
898.665 244.798 1.31142 -3.41543 8.13058
458.995 210.977 1.24468 -3.21218 7.55098
433.227 251.24 1.22684 -3.19221 7.55728
428.396 360.754 1.2229 -3.13259 7.57016
839.076 391.354 1.10668 -3.36799 8.54051
421.954 146.556 1.23512 -3.23969 7.52339
452.553 124.009 1.2428 -3.25824 7.53748
457.385 190.04 1.24301 -3.22405 7.54909
344.649 317.27 1.19406 -3.14699 7.52923
401.017 307.607 1.19396 -3.1663 7.57053
447.722 57.9784 1.2456 -3.29027 7.52222
159.441 465.437 1.05781 -3.06252 7.52962
109.515 487.985 1.0337 -3.04584 7.51571
563.679 165.883 0.921303 -3.52649 8.03897
40.2628 334.986 1.04581 -3.12004 7.44828
80.5255 347.87 1.05163 -3.1177 7.46922
882.56 127.23 1.32346 -3.50449 8.03504
903.496 169.104 1.3252 -3.48431 8.0925
275.397 484.764 1.1261 -3.05905 7.56048
307.607 479.932 1.14792 -3.06226 7.56571
871.286 57.9784 1.19653 -3.79395 8.33857
872.896 103.073 1.29424 -3.56124 8.0781
916.38 103.073 1.36893 -3.49034 7.97605
185.209 286.671 1.0922 -3.16193 7.49797
230.303 339.818 1.11674 -3.1345 7.5178
380.08 449.332 1.19031 -3.08361 7.57715
46.7048 59.5889 1.05948 -3.26418 7.40644
426.785 528.247 1.19937 -3.04468 7.61382
441.28 573.342 1.22428 -3.01912 7.60557
143.335 38.6522 1.10978 -3.27877 7.42899
177.156 85.357 1.11656 -3.26019 7.44946
921.212 297.944 1.35224 -3.33619 8.07725
879.339 354.312 1.2578 -3.33241 8.25009
940.538 318.881 1.37421 -3.31115 8.07092
869.675 343.039 1.20667 -3.38491 8.36454
169.104 273.787 1.08407 -3.16839 7.49149
984.022 207.756 1.45294 -3.32838 7.87333
961.475 265.734 1.43905 -3.28462 7.87484
299.555 207.756 1.17708 -3.2005 7.49974
323.713 243.187 1.17573 -3.18901 7.52129
148.167 367.196 1.07604 -3.11445 7.49692
135.283 415.512 1.05932 -3.08825 7.50774
40.2628 215.808 1.04985 -3.18278 7.42955
349.481 69.2519 1.19192 -3.28237 7.49959
376.859 103.073 1.21084 -3.26272 7.5094
241.577 412.291 1.1138 -3.09741 7.53749
119.178 344.649 1.08124 -3.12004 7.47365
948.59 49.9258 1.41031 -3.516 7.9389
278.618 534.689 1.12641 -3.03105 7.56977
307.607 560.458 1.15778 -3.01758 7.56909
196.482 207.756 1.12038 -3.19846 7.47625
227.082 209.366 1.13487 -3.19913 7.48543
190.04 259.292 1.1074 -3.17309 7.48649
256.071 275.397 1.12246 -3.1764 7.52157
602.331 401.017 0.889939 -3.28043 8.23664
576.563 410.68 0.90571 -3.24796 8.15686
438.059 508.921 1.21033 -3.05579 7.60953
640.983 410.68 0.692165 -3.36733 8.65627
921.212 499.258 1.33609 -3.15352 8.15625
59.5889 460.606 1.04116 -3.05553 7.47891
66.0309 460.606 0.966122 -3.06361 7.5229
49.9258 505.7 1.0364 -3.03051 7.48195
62.8099 161.051 1.06787 -3.21048 7.42555
971.138 401.017 1.39571 -3.23703 8.09852
967.917 286.671 1.39789 -3.34237 8.0727
215.808 668.362 1.03817 -2.94628 7.6116
853.57 450.943 1.2133 -3.23355 8.30754
273.787 67.6414 1.16379 -3.27419 7.47374
317.27 70.8624 1.18489 -3.27558 7.48692
199.703 70.8624 1.12916 -3.26823 7.45393
560.75 68.8127 1.19498 -3.38811 7.67922
802.327 163.979 0.964383 -3.82441 8.66549
357.24 408.484 1.1866 -3.10326 7.55759
745.227 147.874 0.250374 -4.57382 9.84175
828.681 206.438 1.11571 -3.61768 8.4247
869.675 272.323 1.26168 -3.41314 8.18975
278.179 342.599 1.13618 -3.13728 7.53416
320.638 342.599 1.16409 -3.13832 7.54259
196.189 481.689 1.07771 -3.05611 7.54197
254.753 500.722 1.11883 -3.04793 7.55372
120.056 127.377 1.10369 -3.2286 7.4325
146.41 118.592 1.10872 -3.23707 7.44207
155.195 169.836 1.10257 -3.21529 7.45852
289.892 163.979 1.1638 -3.22803 7.49775
411.412 420.197 1.21189 -3.10026 7.57556
903.35 210.83 1.34076 -3.4143 8.04484
900.422 263.538 1.35054 -3.34841 8.01576
913.598 254.753 1.35567 -3.36553 8.03764
822.824 392.379 1.06662 -3.37341 8.57295
837.465 426.053 1.15422 -3.28374 8.41156
159.587 465.584 1.04722 -3.06479 7.53628
638.348 486.081 0.906087 -3.18356 8.32181
607.602 490.474 0.888001 -3.16701 8.27401
90.7742 366.025 1.05845 -3.10888 7.47423
51.2435 436.302 1.03661 -3.0681 7.47398
988.268 139.09 1.45678 -3.38287 7.87125
988.268 158.123 1.46092 -3.36024 7.85689
367.489 622.243 1.17513 -2.98756 7.60438
385.058 691.055 1.18117 -2.94922 7.62184
414.34 613.458 1.19202 -2.99606 7.62338
433.374 251.825 1.23615 -3.18688 7.54583
216.687 152.266 1.12863 -3.22977 7.47522
231.328 166.907 1.13526 -3.22313 7.4823
275.251 486.081 1.12837 -3.05812 7.55882
464.12 307.461 1.24098 -3.16418 7.57249
401.163 307.461 1.20121 -3.16236 7.56305
442.158 573.927 1.22428 -3.01912 7.60557
480.225 573.927 1.23796 -3.02203 7.62291
471.44 38.0666 1.25275 -3.30539 7.52968
379.202 450.943 1.18988 -3.08301 7.57678
349.92 510.971 1.15641 -3.05061 7.59519
325.03 361.633 1.1903 -3.12081 7.52675
881.388 127.377 1.30808 -3.52582 8.07255
945.809 162.515 1.41075 -3.40102 7.93305
212.295 191.797 1.13282 -3.20524 7.47523
185.941 286.964 1.08036 -3.1658 7.50594
215.223 341.135 1.1079 -3.13306 7.51409
229.864 339.671 1.1175 -3.13424 7.51673
147.874 367.489 1.07081 -3.11586 7.50051
83.4537 282.571 1.03911 -3.15817 7.46922
40.9948 335.279 1.04454 -3.12016 7.44937
80.5255 348.456 1.05235 -3.11784 7.46854
920.919 298.676 1.35632 -3.3315 8.06518
348.456 68.8127 1.19122 -3.28257 7.50065
46.8512 60.0281 1.05576 -3.26568 7.40804
568.071 133.233 0.9678 -3.53254 7.97952
628.099 118.592 0.425281 -4.1331 8.87586
623.707 169.836 0.459359 -3.97581 8.83721
144.946 209.366 1.05424 -3.20893 7.48477
168.372 273.787 1.08097 -3.16938 7.49378
143.482 39.5307 1.11454 -3.27619 7.42582
127.377 278.179 1.07671 -3.15853 7.47276
103.951 345.528 1.05307 -3.124 7.48227
844.786 303.069 1.08973 -3.52163 8.5844
869.675 344.064 1.20614 -3.38418 8.36379
901.886 84.9178 1.35052 -3.52171 7.99189
916.527 102.487 1.36154 -3.50577 8.00049
437.766 509.507 1.20892 -3.05617 7.6116
960.45 266.466 1.43905 -3.28462 7.87484
241.577 412.876 1.11247 -3.09618 7.53812
40.9948 216.687 1.04203 -3.18494 7.43362
76.1332 215.223 1.05894 -3.18724 7.44449
948.737 49.7794 1.40387 -3.53449 7.96654
281.107 682.271 1.10595 -2.94731 7.60954
300.141 660.309 1.14612 -2.963 7.58603
196.189 617.85 1.05091 -2.97721 7.57958
243.041 645.668 1.05408 -2.96115 7.61685
241.577 570.999 1.11616 -3.00827 7.55752
128.841 652.989 0.999106 -2.94872 7.57409
172.764 616.386 1.02049 -2.97489 7.58492
134.697 682.271 1.01789 -2.93315 7.57057
155.195 683.735 1.02608 -2.93379 7.57735
885.781 490.474 1.26148 -3.18068 8.28514
871.14 58.564 1.20799 -3.77401 8.30911
860.891 87.846 1.24993 -3.63498 8.15815
972.162 401.163 1.40015 -3.23141 8.08141
200.582 71.7409 1.12916 -3.26823 7.45393
272.323 68.8127 1.16379 -3.27419 7.47374
96.6306 677.878 1.02493 -2.93663 7.54004
998.516 639.812 1.45393 -3.02079 7.9541
989.732 657.381 1.43788 -3.00753 7.9995
570.999 559.286 1.17975 -3.04388 7.793
897.493 661.773 1.37305 -2.99752 7.97908
625.57 670.824 1.19375 -2.96637 7.8648
547.041 551.034 1.17174 -3.04697 7.77189
362.032 399.3 1.19321 -3.10703 7.55303
387.321 384.659 1.20875 -3.11507 7.55586
843.854 115.797 1.19148 -3.66945 8.26766
839.861 153.065 1.17954 -3.62646 8.29045
786.621 169.037 0.874398 -3.8912 8.79544
417.934 411.279 1.21471 -3.10562 7.57705
119.79 127.776 1.09111 -3.23387 7.43972
411.279 145.079 1.23168 -3.23911 7.51947
903.749 211.629 1.3529 -3.39594 8.0069
416.603 204.974 1.22269 -3.2143 7.54045
457.864 211.629 1.23789 -3.21616 7.55855
429.913 248.897 1.21868 -3.19672 7.56075
461.857 264.869 1.22912 -3.19278 7.57914
288.827 163.713 1.17079 -3.22422 7.49165
838.53 427.251 1.1532 -3.28485 8.41265
378.004 529.738 1.17141 -3.04081 7.6033
294.151 299.475 1.15159 -3.15963 7.52861
340.736 220.946 1.19178 -3.19789 7.5169
74.536 441.892 1.04022 -3.06837 7.48601
308.792 481.822 1.13932 -3.06364 7.57421
318.109 501.787 1.15505 -3.05089 7.56949
606.936 491.139 0.895539 -3.16446 8.26329
574.992 312.785 0.894158 -3.37329 8.14059
185.009 260.876 1.10817 -3.17237 7.48576
408.617 82.522 1.23302 -3.27013 7.50863
348.722 312.785 1.19429 -3.15046 7.5326
401.962 308.792 1.19738 -3.16408 7.56726
387.321 335.412 1.20355 -3.14372 7.55486
46.585 59.895 1.05769 -3.26501 7.40729
276.848 419.265 1.11469 -3.09789 7.56114
109.142 488.477 1.02451 -3.04715 7.52172
143.748 38.599 1.1143 -3.27591 7.42658
122.452 73.205 1.09882 -3.25954 7.42775
918.39 404.624 1.33196 -3.24999 8.15684
483.153 633.556 1.23606 -2.98934 7.63547
282.172 239.58 1.14651 -3.19209 7.51569
323.433 243.573 1.17938 -3.18722 7.51747
901.087 308.792 1.33432 -3.32446 8.07046
939.686 319.44 1.37743 -3.30634 8.05731
350.053 511.104 1.15641 -3.05061 7.59519
348.722 69.212 1.19596 -3.28002 7.49722
186.34 286.165 1.0884 -3.16364 7.50066
251.559 276.848 1.12758 -3.17053 7.51325
215.622 340.736 1.10574 -3.13403 7.51647
630.894 362.032 0.891589 -3.35001 8.28867
427.251 528.407 1.19582 -3.04502 7.61879
133.1 192.995 1.09659 -3.19898 7.45246
138.424 210.298 1.08863 -3.19379 7.46279
169.037 274.186 1.07458 -3.17142 7.49846
147.741 366.025 1.0772 -3.11488 7.49583
137.093 408.617 1.05598 -3.09293 7.50883
279.51 535.062 1.13108 -3.02955 7.56632
310.123 561.682 1.15845 -3.01773 7.56824
960.982 266.2 1.43905 -3.28462 7.87484
158.389 620.246 1.01972 -2.97285 7.57543
154.396 682.803 1.02736 -2.93379 7.57647
45.254 141.086 1.07546 -3.21382 7.41004
983.609 99.825 1.46023 -3.39774 7.83715
183.678 26.62 1.12779 -3.28791 7.43857
242.242 70.543 1.14706 -3.27256 7.46631
42.592 543.048 1.03274 -3.00963 7.48537
71.874 584.309 1.02654 -2.98944 7.51194
58.564 460.526 1.0376 -3.05601 7.48086
49.247 505.78 1.04677 -3.02971 7.47625
972.961 401.962 1.40232 -3.23145 8.07794
886.446 489.808 1.25612 -3.18461 8.29694
990.264 613.591 1.45044 -3.03674 7.94182
854.502 451.209 1.21888 -3.22826 8.29251
862.488 86.515 1.21935 -3.69453 8.24849
294.151 105.149 1.17954 -3.25209 7.48061
134.431 553.696 1.06109 -3.00979 7.52363
166.375 536.393 1.05219 -3.02347 7.54831
998.25 638.88 1.44144 -3.02192 8.01243
673.486 45.254 -0.0345238 -4.98465 9.7525
670.824 74.536 -0.0689927 -4.90757 9.81073
46.585 693.451 1.00138 -2.92347 7.52514
729.388 87.846 0.127892 -4.86977 9.90957
507.111 537.724 1.20969 -3.04746 7.67739
551.034 500.456 1.18436 -3.08234 7.75231
998.25 638.88 1.45459 -3.01984 7.95454
981.31 567.49 1.43676 -3.07327 7.96999
642.51 410.19 0.6817 -3.37263 8.67377
885.72 490.05 1.25988 -3.18172 8.28964
924.44 529.98 1.35357 -3.116 8.11362
882.09 379.94 1.31282 -3.2601 8.09865
963.16 56.87 1.42673 -3.48852 7.9147
983.73 208.12 1.44972 -3.33344 7.8858
960.74 266.2 1.43306 -3.29195 7.89225
745.36 147.62 0.245382 -4.57709 9.84896
734.47 42.35 0.218043 -4.9385 9.7446
673.97 45.98 -0.030172 -4.98037 9.74124
903.87 169.4 1.3397 -3.46309 8.05057
946.22 163.35 1.40886 -3.40369 7.93822
873.62 102.85 1.29636 -3.55964 8.07437
862.73 87.12 1.21371 -3.70318 8.26259
901.45 309.76 1.338 -3.32069 8.05997
920.81 285.56 1.36657 -3.33011 8.02905
830.06 205.7 1.11352 -3.62256 8.43202
427.13 528.77 1.19573 -3.0449 7.61902
428.34 361.79 1.22248 -3.13289 7.57049
411.4 419.87 1.20055 -3.10276 7.58664
360.58 398.09 1.18408 -3.1096 7.56279
638.88 486.42 0.897717 -3.18543 8.33799
435.6 632.83 1.20019 -2.98652 7.63573
482.79 634.04 1.24116 -2.98883 7.62869
441.65 573.54 1.21637 -3.01996 7.61502
480.37 573.54 1.23519 -3.02217 7.62562
404.14 537.24 1.18079 -3.0387 7.61666
485.21 673.97 1.21781 -2.96637 7.66493
58.08 461.01 1.04297 -3.05558 7.47787
48.4 505.78 1.03881 -3.03039 7.48085
137.94 417.45 1.06506 -3.08736 7.50387
205.7 500.94 1.08426 -3.04487 7.54687
242 413.82 1.11563 -3.0951 7.53557
173.03 615.89 1.01838 -2.97478 7.58652
47.19 643.72 0.96127 -2.94869 7.54176
45.98 693.33 1.00022 -2.92385 7.52636
72.6 584.43 1.03924 -2.98917 7.50415
298.87 624.36 1.1411 -2.9817 7.58516
298.87 660.66 1.1456 -2.96231 7.58591
452.54 124.63 1.24639 -3.25565 7.53299
407.77 82.28 1.23902 -3.26606 7.50344
448.91 79.86 1.24478 -3.27902 7.52647
366.63 44.77 1.20082 -3.29807 7.50347
563.86 158.51 0.855824 -3.58899 8.12463
623.15 87.12 0.631687 -3.99022 8.54996
344.85 317.02 1.19256 -3.14786 7.53187
387.2 333.96 1.21359 -3.14026 7.54549
417.45 203.28 1.22571 -3.21314 7.53776
145.2 152.46 1.10434 -3.22102 7.44854
67.76 170.61 1.09938 -3.19554 7.41511
122.21 73.81 1.0937 -3.26173 7.4308
321.86 22.99 1.18597 -3.30258 7.48215
273.46 68.97 1.16285 -3.27399 7.47449
318.23 72.6 1.19238 -3.27028 7.48201
176.66 85.91 1.12258 -3.25704 7.44613
242 70.18 1.1509 -3.27018 7.4637
159.72 344.85 1.07759 -3.1288 7.49948
83.49 283.14 1.05141 -3.15445 7.46177
41.14 335.17 1.03963 -3.1211 7.45234
93.17 336.38 1.05221 -3.12676 7.47415
137.94 210.54 1.09052 -3.19436 7.46126
169.4 274.67 1.08533 -3.16807 7.4905
304.92 297.66 1.15908 -3.16109 7.52934
278.3 343.64 1.12668 -3.13966 7.5428
251.68 277.09 1.12873 -3.17012 7.51349
215.38 341.22 1.09928 -3.13587 7.52125
266.2 189.97 1.15438 -3.21126 7.49346
301.29 208.12 1.18887 -3.19524 7.49189
323.07 243.21 1.17938 -3.18722 7.51747
212.96 192.39 1.12511 -3.20841 7.48024
534.82 205.7 1.20504 -3.26923 7.66054
396.88 431.97 1.20932 -3.09157 7.56841
971.3 530.2 1.4327 -3.10083 7.95471
997.7 393.8 1.44154 -3.21859 7.99798
998.8 640.2 1.44557 -3.02143 7.99382
886.6 491.7 1.25993 -3.18154 8.28833
983.4 100.1 1.4661 -3.38421 7.81484
683.1 130.9 -0.0278737 -4.70755 9.87815
767.8 33 0.332905 -4.94846 9.75447
801.9 165 0.980668 -3.80553 8.62938
902 310.2 1.34689 -3.31078 8.03648
869 343.2 1.22838 -3.36409 8.30156
913 255.2 1.34675 -3.37576 8.0631
378.4 530.2 1.18296 -3.03946 7.5923
411.4 420.2 1.20386 -3.10212 7.58368
387.2 385 1.20147 -3.11754 7.56305
357.5 409.2 1.18691 -3.10291 7.55822
435.6 632.5 1.20054 -2.98629 7.63456
367.4 622.6 1.17477 -2.98741 7.60442
442.2 574.2 1.22376 -3.01937 7.60668
482.9 614.9 1.24411 -2.99982 7.62184
485.1 674.3 1.23682 -2.96733 7.64104
555.5 680.9 1.14765 -2.95328 7.83677
58.3 462 1.04602 -3.05484 7.47595
126.5 436.7 1.05742 -3.07545 7.50515
279.4 518.1 1.12414 -3.04134 7.57012
317.9 501.6 1.13893 -3.05326 7.58377
240.9 414.7 1.1026 -3.09743 7.54577
147.4 636.9 1.01109 -2.96087 7.5759
47.3 694.1 0.990399 -2.92263 7.53199
72.6 585.2 1.03886 -2.98926 7.50422
280.5 536.8 1.1283 -3.03008 7.56907
264 600.6 1.08545 -2.99105 7.60072
380.6 143 1.22308 -3.23547 7.50714
448.8 80.3 1.24152 -3.28122 7.52959
349.8 69.3 1.1885 -3.28475 7.50409
376.2 102.3 1.21953 -3.25735 7.50167
463.1 286 1.2409 -3.17508 7.56844
418 203.5 1.22928 -3.21101 7.53487
119.9 128.7 1.09639 -3.23057 7.43572
144.1 39.6 1.11362 -3.27659 7.42756
122.1 73.7 1.09025 -3.26299 7.43307
46.2 58.3 1.07179 -3.25903 7.40015
322.3 22 1.18799 -3.30108 7.48051
201.3 72.6 1.12589 -3.26992 7.45616
242 70.4 1.14657 -3.27268 7.4668
82.5 283.8 1.04518 -3.15612 7.46515
40.7 335.5 1.04534 -3.1199 7.44925
113.3 253 1.06083 -3.17501 7.46819
57.2 216.7 1.06882 -3.1793 7.42956
267.3 287.1 1.13178 -3.16728 7.52308
279.4 343.2 1.12406 -3.14102 7.5451
321.2 343.2 1.1646 -3.13808 7.54241
195.8 206.8 1.12033 -3.1983 7.47514
554.4 606.1 1.21011 -3.00963 7.73664
386.1 419.1 1.19062 -3.10157 7.57742
455.4 168.3 1.25229 -3.22937 7.53481
839.3 154 1.19304 -3.60576 8.25509
847 180.4 1.16779 -3.61417 8.34882
983 100 1.46183 -3.39445 7.83081
555 681 1.14875 -2.95334 7.83528
126 438 1.06179 -3.07394 7.50236
138 418 1.06675 -3.08656 7.5033
52 438 1.02443 -3.0689 7.48033
318 502 1.14671 -3.05212 7.57685
177 449 1.09331 -3.07045 7.51536
241 500 1.10146 -3.0476 7.55886
72 585 1.03347 -2.98942 7.50749
310 562 1.16736 -3.0171 7.56123
414 145 1.23153 -3.24054 7.52272
418 204 1.22095 -3.21543 7.543
383 263 1.20719 -3.18053 7.53707
160 345 1.07614 -3.12873 7.5005
41 336 1.04633 -3.11968 7.44871
93 336 1.0546 -3.12619 7.47239
195 207 1.11916 -3.19922 7.47664
483 303 1.23126 -3.17543 7.59723
735 152 0.159317 -4.61603 9.93209
