679 518 21.4876 3.05518 33.9702
760 329 21.3656 1.75162 33.5973
1258 489 18.6054 2.044 31.9093
1183 556 18.4403 2.25045 32.1553
699 400 21.5311 2.25481 33.9435
31 404 18.3871 2.32752 36.036
1210 295 18.5546 1.46877 32.1485
359 331 21.7711 2.12058 36.5321
1170 666 18.5146 2.60567 32.1199
114 406 18.9214 2.39172 36.1431
1126 257 18.4305 1.40094 32.438
1241 76 20.9428 0.0595636 31.1808
205.2 507.6 19.9165 3.06557 36.3618
954 601.2 18.298 2.45855 32.8173
1033.2 175.2 18.5007 1.17195 32.7112
794.4 248.4 21.9256 1.15949 33.4553
982.8 74.4 20.7533 0.210551 32.5533
38.4 154.8 18.3993 1.42436 36.105
241.2 460.8 20.4067 2.88839 36.4899
405.6 235.2 23.2548 1.27198 36.9515
463.2 405.6 20.4497 2.38134 35.1796
855.6 314.4 21.0024 1.58589 33.0279
844.8 302.4 21.0463 1.51368 33.0967
1176 373.2 18.4775 1.71975 32.2336
816 326.4 21.4409 1.68502 33.2621
1177.2 283.2 18.4745 1.45077 32.2719
922.8 277.2 19.487 1.43735 32.87
1191.6 148.8 18.4979 1.04567 32.2797
240 428.4 20.285 2.67916 36.4373
1124.4 634.8 18.4047 2.50536 32.3008
698.4 399.6 21.6375 2.26531 33.9625
753.6 367.2 20.7138 1.9585 33.5791
726 376.8 21.7074 2.10292 33.8001
1239.6 666 18.5588 2.58503 31.9087
255.6 387.6 20.4884 2.44851 36.505
1214.4 358.8 18.5301 1.65591 32.117
1191.6 337.2 18.5466 1.60576 32.188
700.8 405.6 21.6342 2.32229 33.9423
289.2 325.2 21.0465 2.09761 36.6613
350.4 460.8 21.5616 3.05054 36.3852
355.2 392.4 21.6747 2.54948 36.4599
121.2 402 18.9384 2.37317 36.1327
238.8 308.4 20.0429 1.97542 36.3735
240 378 20.2195 2.37431 36.4292
433.2 436.8 26.0621 3.59571 37.6347
843.6 442.8 18.8756 2.10253 33.1425
158.4 416.4 19.3347 2.49325 36.2552
1161.6 631.2 18.4858 2.50006 32.1675
321.6 387.6 20.3405 2.38549 36.0157
633.6 501.6 24.317 3.59468 34.7476
760.8 330 20.9427 1.74038 33.5675
646.8 138 23.0888 0.249694 34.8334
728.4 160.8 23.4136 0.32732 34.1607
1120.8 208.8 18.4553 1.25063 32.4631
1075.2 62.4 18.4601 0.824069 32.6513
1058.4 649.2 18.334 2.55672 32.4958
981.6 478.8 18.4001 2.10434 32.7673
720 483.84 21.5296 2.7918 33.7327
833.76 253.44 21.4221 1.21605 33.2127
855.36 313.92 21.0763 1.58847 33.0219
852.48 290.88 21.5013 1.43783 33.0569
754.56 322.56 21.3239 1.70723 33.6287
349.92 468 21.5423 3.09981 36.375
31.68 391.68 18.4377 2.28734 36.0775
240.48 427.68 20.3866 2.69051 36.4999
279.36 391.68 20.9999 2.52574 36.6508
254.88 387.36 20.6291 2.47016 36.5849
793.44 378.72 21.361 2.03517 33.351
83.52 453.6 18.8608 2.59893 36.2191
159.84 318.24 19.2878 2.03267 36.2532
240.48 351.36 20.3116 2.23578 36.503
1077.12 216 18.3361 1.30088 32.6091
283.68 355.68 20.939 2.29089 36.6065
358.56 331.2 21.7672 2.12273 36.5389
181.44 397.44 19.6089 2.43084 36.3469
771.84 316.8 21.537 1.66467 33.5542
812.16 273.6 21.5247 1.35025 33.326
264.96 312.48 20.6275 2.00311 36.5734
292.32 103.68 21.2174 0.630248 36.9043
404.64 155.52 22.5517 0.701058 36.7227
361.44 172.8 22.7404 0.817384 37.1796
387.36 139.68 22.5509 0.556021 36.8913
321.12 387.36 21.5724 2.53957 36.6758
181.44 456.48 19.5123 2.7133 36.2454
815.04 325.44 21.3939 1.67833 33.2717
1224 266.4 18.5119 1.37807 32.1385
1177.92 282.24 18.4745 1.45077 32.2719
1228.32 351.36 18.5421 1.63394 32.0755
1229.76 295.2 18.5906 1.46106 32.0792
989.28 217.44 18.9542 1.24527 32.7507
954.72 214.56 19.297 1.1992 32.8133
1031.04 325.44 18.448 1.62503 32.6687
1137.6 79.2 18.4906 0.85604 32.4612
980.64 61.92 20.7877 0.138199 32.5657
947.52 576 18.2904 2.38139 32.8407
943.2 542.88 18.3068 2.29035 32.8632
828 623.52 18.3082 2.58671 33.1616
656.64 547.2 21.9004 3.38522 34.1521
875.52 430.56 18.8555 2.05011 33.0518
701.28 456.48 21.5795 2.65342 33.8924
957.6 550.08 18.3107 2.30831 32.8204
1016.64 642.24 18.2794 2.54129 32.6206
1200.96 423.36 18.5468 1.86431 32.123
1170.72 479.52 18.4672 2.04128 32.2077
1031.04 446.4 18.415 1.98268 32.6295
701.568 523.584 21.5585 3.12046 33.8229
679.104 518.4 20.3465 2.81057 33.8615
1145.66 374.976 18.4883 1.73393 32.3224
1195.78 537.408 18.4778 2.19828 32.1095
157.248 228.096 19.3145 1.61227 36.3167
240.192 350.784 20.4894 2.24545 36.6143
981.504 276.48 18.8828 1.46181 32.7534
1085.18 231.552 18.3975 1.34187 32.5745
114.048 336.96 18.9348 2.09714 36.1794
136.512 381.888 19.1438 2.31442 36.2241
127.872 371.52 19.0585 2.25925 36.2022
120.96 471.744 19.1046 2.71151 36.2233
753.408 323.136 20.8942 1.71141 33.5996
1116.29 628.992 18.4196 2.50528 32.3218
889.92 255.744 20.7684 1.24802 32.889
179.712 483.84 19.4542 2.82903 36.2048
357.696 456.192 21.6467 3.0163 36.3751
1178.5 667.008 18.5041 2.60957 32.1037
96.768 442.368 18.7773 2.51606 36.0882
95.04 409.536 18.7956 2.39871 36.1213
808.704 362.88 21.4393 1.93641 33.2686
158.976 345.6 19.26 2.148 36.2271
160.704 319.68 19.2887 2.03213 36.2487
858.816 235.008 21.3898 1.07941 33.0645
93.312 243.648 18.719 1.72767 36.1121
110.592 276.48 19.0622 1.85665 36.3167
293.76 105.408 21.2815 0.621149 36.9406
380.16 196.992 22.669 1.01258 36.9611
404.352 155.52 22.5971 0.677552 36.7544
36.288 599.616 18.4643 3.06698 36.0062
115.776 573.696 19.1584 3.17806 36.2434
233.28 416.448 20.0267 2.56209 36.3454
181.44 456.192 19.594 2.7324 36.3107
278.208 451.008 21.0921 2.94989 36.6589
354.24 495.936 21.5171 3.2902 36.3036
927.936 233.28 19.6942 1.23156 32.8592
798.336 319.68 21.2325 1.65308 33.3762
943.488 354.24 18.4069 1.74885 32.9156
786.24 228.096 23.6484 0.81335 33.5898
760.32 330.048 21.5434 1.74961 33.6216
774.144 317.952 21.3516 1.66185 33.5433
1130.11 241.92 18.3995 1.35258 32.4335
1121.47 209.088 18.4557 1.25115 32.4605
1171.58 338.688 18.5186 1.61578 32.2567
1041.98 271.296 18.4464 1.46167 32.6536
957.312 309.312 18.5166 1.60094 32.8685
1181.95 107.136 18.5488 0.908873 32.3073
1102.46 174.528 18.4144 1.16693 32.5476
843.264 604.8 18.294 2.52418 33.1228
934.848 642.816 18.2929 2.5838 32.8508
677.376 623.808 19.982 3.24618 33.7533
872.64 432 18.8605 2.05354 33.0464
870.912 397.44 19.0137 1.93304 33.0529
908.928 449.28 18.5756 2.06268 32.954
701.568 457.92 21.5883 2.64906 33.8911
1211.33 597.888 18.4547 2.37187 32.0488
1166.4 644.544 18.415 2.51995 32.1709
953.856 601.344 18.2395 2.4407 32.8251
1078.27 604.8 18.3622 2.4242 32.4544
1093.82 623.808 18.3463 2.47582 32.4042
1107.65 490.752 18.3337 2.07607 32.4295
1199.23 525.312 18.4368 2.15811 32.1336
1045.44 373.248 18.4151 1.76348 32.6217
1040.26 495.936 18.3612 2.12722 32.6108
344.218 468.634 21.5237 3.09989 36.4119
964.224 572.314 18.3029 2.37233 32.7895
255.053 387.763 20.3798 2.44248 36.4394
176.256 431.309 19.4653 2.58665 36.2588
176.256 412.646 19.4399 2.49342 36.2497
841.882 234.317 21.4974 1.08359 33.167
286.157 211.507 21.6029 1.31769 37.0817
109.901 275.789 18.8181 1.84618 36.1284
143.078 315.187 19.1859 2.00601 36.2396
211.507 99.5328 19.6198 0.934909 36.3279
300.672 122.342 21.7715 0.613096 37.1604
493.517 201.139 26.0929 0.61992 37.1984
398.131 172.109 22.8299 0.825418 36.8752
456.192 122.342 23.1436 0.292836 36.5578
180.403 545.357 19.7543 3.22864 36.3567
246.758 514.253 20.4427 3.22806 36.4464
126.49 371.174 18.8005 2.22111 36.0206
53.9136 518.4 18.5641 2.79328 36.0579
118.195 501.811 19.225 2.88675 36.3124
114.048 452.045 19.117 2.6388 36.2639
431.309 416.794 25.8738 3.31702 37.6265
352.512 495.59 21.5164 3.28335 36.3066
835.661 252.979 21.28 1.21476 33.1833
916.531 346.291 18.6391 1.7319 32.9697
773.453 236.39 25.6131 0.690981 33.8024
752.717 323.482 21.4682 1.71119 33.6504
669.773 141.005 23.7501 0.16471 34.6933
1096.93 240.538 18.4414 1.35796 32.5216
1188.17 215.654 18.491 1.25176 32.2629
1169.51 337.997 18.524 1.62103 32.2616
1227.57 350.438 18.5038 1.63127 32.0888
1206.84 325.555 18.4214 1.57552 32.1861
1192.32 304.819 18.5172 1.50206 32.2136
978.739 275.789 19.0466 1.45058 32.7443
1020.21 236.39 18.7583 1.32043 32.6663
1237.94 72.576 21.0796 0.0198355 31.1345
1030.58 176.256 18.5716 1.16268 32.7045
806.63 673.92 18.26 2.73442 33.2145
829.44 624.154 18.3056 2.58265 33.1609
887.501 508.032 18.8724 2.32081 32.9677
1001.55 588.902 18.3965 2.4242 32.6616
1092.79 622.08 18.3099 2.45467 32.4126
1045.09 373.248 18.4185 1.75624 32.624
514.253 39.3984 21.7174 -0.0629302 35.5791
843.541 233.902 20.882 1.13182 33.1586
276.204 378.225 20.9781 2.44815 36.6842
358.318 320.993 21.7944 2.07836 36.5658
82.1146 452.874 18.8608 2.59997 36.2273
455.363 121.928 23.1436 0.292836 36.5578
592.22 209.019 26.6234 0.552049 36.1182
1117.26 92.0679 18.5206 0.895518 32.5119
425.503 564.849 20.085 3.21393 35.1569
330.947 186.624 21.6542 1.09403 36.8376
589.732 141.834 22.959 0.344294 35.2613
977.91 380.713 18.4256 1.82463 32.8076
873.4 666.87 18.2922 2.68311 33.0195
1089.88 191.601 18.4422 1.1966 32.5628
1089.88 209.019 18.3892 1.27463 32.5682
1229.23 124.416 19.4685 0.714058 31.7941
298.598 89.5795 20.6121 0.620171 36.5126
268.739 490.199 20.7042 3.13316 36.4811
134.369 492.687 19.0309 2.7854 36.1067
181.647 455.363 19.594 2.7324 36.3107
119.439 467.804 19.1046 2.71151 36.2233
378.225 196.577 23.0173 0.99677 37.1203
360.806 171.694 22.9001 0.802187 37.2509
696.73 440.433 21.5715 2.52074 33.9316
1206.84 664.382 18.4795 2.57452 32.0275
915.702 345.877 18.6354 1.73931 32.9699
1030.16 174.182 18.5979 1.15973 32.7037
1114.77 614.615 18.3841 2.44104 32.3489
1206.84 375.736 18.4962 1.71521 32.158
928.143 395.643 18.3959 1.87068 32.9363
67.1846 427.991 18.5427 2.43687 36.0149
57.2314 296.11 18.5115 1.94626 36.0845
149.299 408.085 19.114 2.41157 36.145
408.085 236.39 23.5203 1.27029 37.0664
1204.35 301.087 18.4092 1.49612 32.2089
836.076 253.809 20.9406 1.23488 33.1733
801.239 221.461 22.5518 0.894628 33.4702
811.192 323.482 21.4591 1.67676 33.2733
848.517 288.645 21.4623 1.41797 33.0712
141.834 316.017 19.1491 2.00403 36.2191
196.577 296.11 19.9349 1.9362 36.5472
691.753 415.549 21.5608 2.39298 33.9687
681.8 365.783 22.0553 2.0742 34.1467
301.087 350.853 21.0251 2.25135 36.5755
189.112 532.501 19.6887 3.14241 36.2878
432.968 465.814 25.7211 3.86829 37.4996
845.034 606.155 18.2011 2.50264 33.119
925.655 564.351 18.3042 2.36357 32.9093
534.491 630.043 19.7975 3.31087 34.4353
1045.09 367.276 18.4141 1.75017 32.6266
56.7337 516.575 18.6231 2.78716 36.0942
435.954 659.903 18.8426 3.15704 34.5599
1158.56 304.57 18.3246 1.53555 32.3591
579.281 197.075 26.2114 0.476155 36.1468
606.155 131.383 23.465 0.165311 35.2803
743.51 149.299 23.5363 0.202061 34.044
1039.12 492.687 18.422 2.12741 32.5969
110.481 277.697 18.8147 1.84952 36.1263
862.95 164.229 22.9551 0.351565 33.008
1101.83 361.304 18.417 1.70938 32.472
851.006 161.243 22.1096 0.445424 33.127
1030.16 322.486 18.3998 1.62478 32.6707
1113.77 582.267 18.3903 2.35139 32.3583
176.173 453.87 19.594 2.7324 36.3107
958.501 579.281 18.3287 2.39523 32.8167
946.557 531.505 18.34 2.25567 32.8598
916.697 346.374 18.6312 1.74111 32.9697
979.403 274.711 18.8884 1.46298 32.7554
1197.38 537.477 18.4214 2.19046 32.1205
1176.48 525.533 18.4546 2.16773 32.1981
116.453 501.645 19.2209 2.88186 36.3215
119.439 468.8 19.1046 2.71151 36.2233
59.7197 474.772 18.4842 2.60072 35.9941
403.108 155.271 23.1621 0.616102 37.0109
373.248 131.383 22.8604 0.488533 37.1534
429.982 415.052 25.7896 3.28313 37.5905
1206.34 373.248 18.4386 1.71126 32.1672
83.6076 331.444 18.488 2.05359 35.9551
86.5936 304.57 18.6538 1.96872 36.0785
56.7337 298.598 18.5537 1.95471 36.1129
928.641 397.136 17.7956 1.85067 33.0292
74.6496 409.08 18.709 2.39097 36.1293
89.5795 382.206 18.8741 2.30098 36.2468
179.159 337.416 19.4541 2.13125 36.2841
143.327 316.514 19.2263 2.01269 36.2708
752.468 325.472 21.3363 1.72525 33.6424
740.524 385.192 21.3189 2.10776 33.6532
815.174 262.767 21.4271 1.28294 33.3095
982.389 358.318 18.5626 1.76572 32.7726
1197.38 304.57 18.422 1.50849 32.2278
842.048 406.094 19.6191 2.02928 33.1273
956.709 576.892 18.3611 2.39365 32.7975
1182.45 250.823 18.5432 1.34672 32.2561
286.655 211.408 21.162 1.33211 36.8526
910.128 494.479 18.5506 2.18907 32.9339
1189.62 630.64 18.4653 2.46775 32.113
200.658 82.4132 19.2046 0.945635 36.1077
286.655 437.148 21.3588 2.90155 36.7686
1074.95 257.989 18.333 1.42509 32.593
376.234 197.075 22.7522 1.01684 37.0173
1175.28 526.728 18.4771 2.16894 32.1928
186.325 236.49 19.559 1.63454 36.3725
150.494 214.991 19.2737 1.56528 36.3414
300.987 89.5795 20.9489 0.566959 36.6916
677.221 487.313 21.551 2.91927 33.9972
695.137 440.731 21.6058 2.55036 33.9205
114.662 501.645 19.2209 2.88186 36.3215
78.83 483.73 18.4942 2.59833 35.9046
118.245 469.397 19.1046 2.71151 36.2233
845.631 286.655 21.4817 1.41218 33.091
1189.62 472.98 18.44 2.01043 32.157
114.662 372.651 18.9948 2.2505 36.1992
89.5795 383.4 18.7676 2.28253 36.1483
354.735 326.07 21.8004 2.06393 36.5662
781.134 415.649 19.0836 2.05935 33.3746
351.152 379.817 21.6806 2.48187 36.51
928.044 229.324 19.7356 1.22384 32.8625
1203.95 326.07 18.5628 1.57114 32.1392
1193.2 286.655 18.5451 1.44449 32.1992
214.991 383.4 19.8807 2.36583 36.3463
326.07 293.821 21.6916 1.8738 36.8002
978.209 379.817 18.3964 1.81294 32.8208
1006.87 637.806 18.3541 2.55549 32.6244
809.799 609.141 18.3586 2.5587 33.2231
917.294 519.561 18.4147 2.25573 32.9274
1110.79 340.402 18.4619 1.63909 32.4394
455.064 125.411 23.0071 0.303505 36.4931
494.479 200.658 25.3294 0.648435 36.9291
675.071 550.377 21.5135 3.28817 33.9991
980.359 619.174 18.3795 2.49807 32.707
1096.45 180.592 18.4692 1.18403 32.5522
1156.65 485.879 18.5295 2.06927 32.2294
1195.35 378.384 18.3884 1.72388 32.2131
227.89 455.781 20.2016 2.83004 36.414
696.57 438.581 21.6322 2.57167 33.9409
842.764 485.879 19.1752 2.3226 33.0996
993.258 206.391 19.0096 1.20664 32.7384
761.068 313.887 21.3095 1.63288 33.5992
85.9964 305.287 18.4605 1.97881 35.9289
404.183 154.793 22.5662 0.661305 36.73
752.468 374.084 21.373 2.03694 33.5857
1027.66 176.293 18.7201 1.14498 32.7017
786.867 292.388 21.4243 1.50724 33.4296
197.792 322.486 19.6989 2.05182 36.3396
326.786 356.885 21.6331 2.3556 36.6317
752.468 451.481 21.322 2.51842 33.5488
245.09 374.084 20.2571 2.35398 36.4508
1040.56 490.179 18.3735 2.11478 32.6041
1178.15 524.578 18.4773 2.16695 32.1917
898.662 610.574 18.2638 2.50897 32.9694
1191.05 150.494 18.4788 1.04281 32.2857
361.185 133.294 22.8339 0.521394 37.2623
366.345 330.226 21.78 2.07226 36.5688
856.524 314.747 21.7933 1.55979 32.9911
753.328 376.664 22.0442 2.07529 33.676
139.314 314.747 19.3461 2.02092 36.3831
273.468 154.793 21.2378 0.987879 36.9605
257.989 299.267 21.0981 1.93961 36.8975
748.168 330.226 21.0351 1.74628 33.6233
722.369 314.747 21.1425 1.63521 33.7779
835.885 443.741 18.4413 2.05542 33.1742
1057.76 443.741 18.2207 1.96006 32.5976
949.4 531.458 18.413 2.28382 32.8396
804.926 608.854 18.3383 2.55127 33.2209
975.199 149.634 18.9943 0.970726 32.8072
686.251 216.711 26.3928 0.510764 34.8257
861.684 165.113 22.4649 0.417028 33.0198
768.807 237.35 25.8631 0.696983 33.8932
165.113 386.984 19.4732 2.35834 36.3263
108.355 500.499 18.8284 2.75968 36.0483
227.03 505.659 20.1738 3.09882 36.4231
459.221 128.995 23.2668 0.294974 36.5661
500.499 201.231 24.8365 0.669907 36.7162
196.072 325.066 20.0971 2.11197 36.6169
173.369 476.764 19.9972 2.9675 36.6154
229.094 421.038 19.8743 2.5743 36.2884
792.543 291.012 21.4102 1.48691 33.4398
792.543 439.613 17.9933 1.9912 33.333
934.953 148.602 19.1588 0.943325 32.9108
1021.64 377.696 18.4819 1.7857 32.6705
854.46 309.587 21.5295 1.56933 33.0156
321.97 408.655 20.4738 2.55459 36.1342
377.696 414.846 20.678 2.60114 35.8703
693.475 464.38 21.5997 2.77959 33.9142
656.324 476.764 21.5059 2.84475 34.1097
928.761 427.23 18.4848 2.00117 32.9313
996.87 594.407 18.368 2.45815 32.6754
1015.45 507.723 18.4084 2.17305 32.6834
755.392 445.805 21.3241 2.53552 33.5409
903.994 396.271 18.7621 1.9128 32.9727
1126.9 210.519 18.7859 1.21425 32.3698
1120.7 235.286 18.3385 1.35639 32.481
730.625 148.602 23.5931 0.237555 34.1388
117.643 464.38 19.0614 2.66874 36.2141
173.369 538.681 19.7331 3.20576 36.3646
569.64 210.519 28.6223 0.422613 36.9676
588.215 130.027 22.806 0.303206 35.2479
191.944 321.97 18.9349 2.00015 35.8558
913.901 334.354 18.7535 1.71484 32.9789
1092.22 170.892 18.4506 1.1533 32.5898
230.333 297.203 18.6128 1.82415 35.4867
222.903 341.784 20.1288 2.11394 36.4336
319.494 282.343 21.8903 1.83142 36.9773
378.934 416.085 21.3336 2.62786 36.2273
1017.92 185.752 18.6801 1.21589 32.7371
988.202 185.752 18.5935 1.18793 32.804
913.901 564.687 18.28 2.36318 32.9193
1121.94 557.256 18.4025 2.28994 32.36
1055.07 505.246 18.1453 2.14276 32.584
743.009 505.246 19.1771 2.47576 33.4487
1121.94 237.763 18.5112 1.34123 32.4376
1040.21 304.634 18.3681 1.56387 32.6544
720.718 148.602 23.8055 0.155486 34.2371
832.17 334.354 21.4397 1.66438 33.2203
416.085 475.526 24.6791 3.74681 37.2145
468.095 371.504 20.5117 2.19734 35.2065
170.892 445.805 19.5718 2.71162 36.3387
148.602 416.085 19.4567 2.5475 36.4197
267.483 371.504 20.788 2.38432 36.5842
497.816 200.612 23.6637 0.722589 36.3122
438.375 215.473 23.0476 0.983462 36.613
200.612 237.763 19.5812 1.63645 36.2423
267.483 282.343 20.512 1.83176 36.5293
1043.18 312.064 18.5147 1.58295 32.6678
240.735 294.231 20.1453 1.89505 36.4146
695.456 356.644 21.1007 1.82795 33.9151
757.869 374.476 21.8112 2.02335 33.6411
962.939 374.476 18.4304 1.80348 32.8624
1061.02 445.805 18.2451 1.96614 32.5868
954.023 534.966 18.336 2.27561 32.8304
748.953 445.805 20.3431 2.40839 33.4597
1096.68 169.406 18.5408 1.09291 32.5706
784.617 347.728 21.3949 1.86467 33.4127
419.057 445.805 22.3437 3.08971 36.1271
169.406 445.805 19.3146 2.61931 36.1766
383.392 419.057 20.2028 2.48321 35.5944
320.98 481.47 20.9784 3.03364 36.3225
329.896 178.322 22.2957 0.96274 37.1497
320.98 285.315 21.6405 1.82217 36.8574
