1079.1 374 4.51484 0.899331 12.4345
1013.98 123.42 3.43312 0.615224 10.8874
1024.87 259.545 3.76866 0.73588 11.4546
1023.54 122.452 3.53189 0.560809 11.0212
1095.41 665.5 3.36663 1.49074 10.6092
1047.5 669.493 3.31333 1.49942 10.6442
1080.77 372.68 4.52701 0.897692 12.4545
1080.51 373.346 4.37428 0.919158 12.1935
1026.33 387.987 4.65463 0.902668 13.0268
1024.87 259.146 3.75181 0.741699 11.4203
1082.26 372.028 2.884 1.15448 9.85604
1025.89 388.133 4.63009 0.906972 12.9802
1024.28 259.292 3.79081 0.72844 11.4946
1082.42 372.028 4.50153 0.898468 12.3958
1023.96 122.238 3.54503 0.554058 11.0497
1013.33 122.238 3.52249 0.557028 11.0486
1025.73 258.648 3.80062 0.725488 11.5152
1025.03 387.795 4.47854 0.924923 12.7097
1093.23 664.513 3.45032 1.51719 10.7478
1048.41 668.41 3.31754 1.5007 10.6514
1082.51 372.984 4.52652 0.893641 12.4295
1048.22 668.8 3.35133 1.5108 10.7129
1022.49 259.374 3.71349 0.754488 11.3579
1023.35 259.374 3.75947 0.738388 11.4404
832.356 155.625 3.19296 0.605894 11.1442
315.965 254.658 2.19723 0.78657 11.3764
384.346 245.227 2.33397 0.773996 11.3353
455.084 238.153 2.4724 0.759902 11.313
471.59 330.113 2.50621 0.952167 11.2477
608.351 127.329 2.74231 0.601626 11.0623
353.692 108.466 2.32439 0.680282 10.8018
374.914 122.613 2.35539 0.694452 10.8391
438.578 143.835 2.44861 0.71919 10.8266
815.85 233.437 3.15056 0.768115 11.121
841.787 327.755 3.18806 0.954018 11.0989
884.231 353.692 3.79539 0.847471 12.3535
716.816 344.26 2.96525 0.98023 11.1763
664.941 122.613 2.84163 0.597668 11.0288
749.828 198.068 3.03206 0.691115 11.1688
971.475 315.965 3.86654 0.798955 11.9087
950.253 429.147 4.61041 1.03897 13.6036
459.8 443.294 2.48706 1.16881 11.1375
455.084 492.811 2.48046 1.25086 11.0247
499.885 523.464 2.55036 1.30498 11.0535
558.834 523.464 2.6499 1.30498 11.046
518.749 565.908 2.58641 1.37933 11.0718
544.686 565.908 2.63462 1.37991 11.0795
254.658 544.686 2.13503 1.34239 11.1736
568.266 367.84 2.69485 1.01834 11.2583
603.635 396.135 2.75423 1.07643 11.2371
577.697 438.578 2.69831 1.15989 11.14
495.169 473.948 2.55573 1.22778 11.4514
506.959 490.453 2.56698 1.24963 11.0562
471.59 549.402 2.50633 1.35723 11.1805
422.073 572.981 2.42727 1.38876 11.1031
459.8 561.192 2.49141 1.37454 11.1491
813.492 547.044 3.05389 1.33994 10.8952
822.924 575.339 3.09987 1.39816 10.9716
848.861 575.339 3.11521 1.3877 10.8996
577.697 457.442 2.6859 1.19254 11.0636
582.413 499.885 2.69928 1.26877 11.0967
608.351 504.601 2.7314 1.27554 10.9914
565.908 521.107 2.6685 1.30214 11.0565
587.129 577.697 2.69895 1.39494 11.0367
613.066 598.919 2.75134 1.4337 11.0651
198.068 459.8 2.02163 1.195 11.2312
261.732 469.232 2.1224 1.21126 11.3083
193.352 504.601 2.00148 1.27584 11.3087
426.789 617.782 2.43372 1.45983 11.0727
476.306 613.066 2.51635 1.46152 11.1078
443.294 646.078 2.46152 1.52156 11.1556
478.663 669.657 2.52112 1.55669 11.1214
113.182 509.317 1.85459 1.2839 11.3218
792.271 641.362 3.02574 1.49571 10.925
846.503 662.583 3.07425 1.51184 10.8057
782.839 605.993 3.03715 1.4449 11.0129
740.396 646.078 2.96884 1.51796 11.0365
735.68 542.328 2.93668 1.33836 10.949
655.51 523.464 2.82064 1.30808 11.0446
697.953 530.538 2.88347 1.31654 10.9947
705.026 594.203 2.82069 1.38549 10.6589
648.436 469.232 2.80611 1.21355 11.0286
669.657 488.095 2.83724 1.24185 11.0069
598.919 315.965 2.74386 0.922466 11.2288
615.424 311.249 2.77731 0.91418 11.2158
577.697 356.05 2.69609 0.999958 11.1844
523.464 634.288 2.60702 1.49806 11.1169
528.18 617.782 2.60742 1.46323 11.0679
523.464 648.436 2.60116 1.5186 11.0991
334.829 561.192 2.24423 1.39423 11.4564
181.562 287.67 1.92984 0.849343 11.4265
183.92 358.408 1.9417 0.993286 11.4349
613.066 610.709 2.74508 1.45463 11.0228
172.13 412.641 1.91247 1.09785 11.4968
811.134 445.652 3.07082 1.17444 10.9519
820.566 504.601 3.08558 1.2757 10.9379
660.225 603.635 2.86242 1.45401 11.1971
308.891 471.59 2.2068 1.22154 11.3229
273.522 511.675 2.15864 1.28887 11.2076
301.817 506.959 2.19568 1.28064 11.2727
242.869 308.891 2.06289 0.895674 11.3932
200.426 431.504 2.00638 1.14215 11.3059
82.5282 516.391 1.8158 1.29395 11.276
874.799 478.663 3.54627 1.24105 11.8375
466.874 386.703 2.49886 1.05753 11.2879
414.999 422.073 2.40699 1.13019 11.1542
483.379 424.431 2.5314 1.12756 11.2615
936.105 650.794 3.26175 1.51346 10.8978
964.401 610.709 3.33598 1.45456 10.9521
997.412 669.657 3.29168 1.51737 10.7566
672.015 200.426 2.8685 0.707118 11.1282
662.583 271.164 2.86681 0.835795 11.1978
580.055 224.005 2.71191 0.740869 11.2397
589.487 275.88 2.72628 0.845655 11.2143
523.464 384.346 2.60312 1.05294 11.242
530.538 414.999 2.617 1.11059 11.241
672.015 306.533 2.87766 0.909233 11.1803
643.72 356.05 2.83085 1.00243 11.2103
709.742 334.829 2.95273 0.962886 11.1761
506.959 221.647 2.56866 0.733836 11.2586
539.97 216.931 2.63166 0.720523 11.2586
490.453 261.732 2.53844 0.806145 11.2942
544.686 275.88 2.63711 0.839859 11.2515
103.75 294.743 1.77028 0.856767 11.4865
82.5282 320.681 1.73179 0.91805 11.4806
106.108 386.703 1.78039 1.04455 11.4965
101.392 429.147 1.79848 1.13464 11.4195
726.248 273.522 2.98146 0.846682 11.1606
773.407 271.164 3.058 0.846584 11.1225
273.522 285.312 2.11125 0.843621 11.4411
290.028 332.471 2.15603 0.94904 11.3542
383.702 246.513 2.33344 0.775636 11.3312
460.872 240.082 2.47912 0.755871 11.3382
471.59 332.256 2.50547 0.950356 11.2627
377.272 128.615 2.35306 0.686031 10.869
439.436 145.764 2.44918 0.723351 10.8189
790.984 205.785 3.10881 0.705901 11.1521
883.159 353.692 3.79539 0.847471 12.3535
833.856 154.338 3.19296 0.605894 11.1442
943.179 351.549 3.97852 0.849662 12.3109
934.605 437.292 4.42441 1.08577 13.3427
128.615 527.323 1.90499 1.31396 11.2387
156.482 553.046 1.92283 1.36908 11.3753
548.759 458.728 2.65054 1.19563 11.1314
535.897 488.738 2.62048 1.24733 11.1061
422.287 465.159 2.42406 1.2026 11.1472
484.451 473.733 2.53036 1.22316 11.1151
422.287 518.749 2.42404 1.29983 11.1559
480.164 493.025 2.52325 1.25385 11.1175
424.431 640.933 2.43258 1.50267 11.1104
475.877 613.066 2.51959 1.46071 11.1217
443.723 647.364 2.46036 1.52585 11.1955
576.625 441.579 2.69396 1.16187 11.1167
580.913 501.6 2.69307 1.2672 11.0505
604.492 486.595 2.73506 1.23965 11.061
568.051 368.697 2.69485 1.01834 11.2583
602.349 396.564 2.74816 1.08063 11.1827
848.861 546.615 3.14617 1.34668 10.981
810.277 578.769 3.08034 1.40062 10.988
848.861 576.625 3.12163 1.39172 10.9186
647.364 469.446 2.81135 1.2151 11.0576
670.943 488.738 2.84719 1.2466 11.0444
559.477 523.036 2.6499 1.30498 11.046
516.605 568.051 2.5883 1.38167 11.0894
544.472 565.907 2.63967 1.38379 11.1222
460.872 523.036 2.49244 1.30445 11.1057
422.287 572.338 2.42683 1.38744 11.1128
460.872 563.764 2.49178 1.3718 11.1073
859.579 630.215 3.17304 1.49228 11.0072
767.405 587.343 2.89912 1.3714 10.621
529.466 619.497 2.60996 1.46773 11.0863
523.036 649.507 2.59755 1.51417 11.068
182.205 360.123 1.94085 0.995359 11.432
173.631 411.569 1.93283 1.10083 11.4038
598.061 317.251 2.74386 0.922466 11.2288
615.21 312.964 2.76743 0.920709 11.1651
334.4 563.764 2.24404 1.39438 11.4181
810.277 445.867 3.06418 1.17516 10.9212
842.43 475.877 3.13243 1.22662 10.9576
820.995 505.887 3.08499 1.27509 10.9384
660.225 578.769 2.8244 1.39909 11.0179
705.241 593.774 2.81656 1.38218 10.6414
197.21 460.872 1.99843 1.19543 11.3521
248.656 516.605 2.11664 1.29102 11.1986
135.046 456.584 1.85992 1.18683 11.4337
171.487 454.441 1.95948 1.18274 11.2956
113.61 510.174 1.85487 1.28213 11.3184
171.487 505.887 1.9511 1.28114 11.3478
122.185 280.81 1.79888 0.827456 11.505
180.061 287.241 1.93845 0.855974 11.3864
126.472 345.118 1.8318 0.969937 11.4376
182.205 351.549 1.92272 0.972924 11.4932
660.225 670.943 2.85995 1.57706 11.169
700.954 660.225 2.91365 1.54762 11.0999
291.528 467.302 2.18291 1.20887 11.2506
272.236 512.318 2.15108 1.29118 11.2846
300.102 508.031 2.18607 1.28313 11.3831
572.338 638.79 2.67664 1.49587 11.0332
615.21 668.8 2.75629 1.55227 11.0567
195.067 285.097 1.95716 0.847874 11.4251
244.369 308.677 2.05324 0.889743 11.446
250.8 349.405 2.0869 0.983206 11.3268
964.615 610.923 3.37437 1.46416 11.0247
979.62 677.374 3.29457 1.54286 10.8235
531.61 413.713 2.6208 1.10838 11.2884
265.805 360.123 2.10894 0.999032 11.3717
287.241 435.149 2.16959 1.14645 11.2948
874.584 480.164 3.59271 1.24492 11.9612
750.256 197.21 3.03282 0.690916 11.1706
756.687 218.646 3.04183 0.735723 11.1531
726.677 274.379 2.98358 0.845148 11.1728
773.836 272.236 3.06569 0.846176 11.1281
664.513 216.502 2.86771 0.72786 11.188
698.81 201.497 2.93512 0.696928 11.1893
580.913 225.077 2.71067 0.742649 11.2294
630.215 218.646 2.80208 0.73124 11.1945
589.487 276.523 2.72628 0.845655 11.2143
235.795 379.415 2.0486 1.03254 11.3979
199.354 430.861 2.01409 1.14035 11.2892
936.748 651.651 3.26302 1.51374 10.8984
105.036 387.99 1.79732 1.05013 11.4359
68.5948 413.713 1.80014 1.11223 11.237
769.548 422.287 3.04156 1.13487 11.0873
415.856 422.287 2.40872 1.12732 11.1873
520.892 220.79 2.58714 0.744731 11.1973
538.041 216.502 2.63109 0.720573 11.2512
525.179 237.938 2.60304 0.767846 11.237
544.472 276.523 2.63637 0.84205 11.2429
293.672 291.528 2.15915 0.865635 11.3514
81.4564 323.682 1.73789 0.919417 11.4572
881.015 574.482 3.32603 1.42336 11.2862
670.943 308.677 2.87926 0.909205 11.1795
649.507 357.979 2.83613 1.00337 11.1727
709.528 334.4 2.94694 0.96291 11.1565
718.102 342.974 2.93792 0.991756 11.0556
799.559 278.667 3.12019 0.856745 11.1404
666.656 124.328 2.85685 0.576365 11.1089
608.779 128.615 2.73951 0.610031 11.0399
499.456 315.108 2.55859 0.917417 11.2722
437.292 66.4513 2.44121 0.612429 10.7961
437.292 75.0256 2.44881 0.623633 10.8015
338.687 555.19 2.26677 1.36553 11.2877
338.687 570.195 2.25955 1.40351 11.392
124.718 99.3846 1.99575 0.676233 10.8222
128.615 526.154 1.89025 1.31594 11.3014
157.846 551.487 1.97224 1.35501 11.1831
494.974 473.538 2.54765 1.2238 11.0959
547.59 457.949 2.64064 1.19729 11.1111
508.615 491.077 2.56955 1.25022 11.1035
535.897 487.179 2.61974 1.24664 11.0988
422.872 463.795 2.42186 1.20345 11.1542
442.359 522.256 2.45525 1.30574 11.1004
481.333 491.077 2.52547 1.25443 11.1374
424.82 639.179 2.43282 1.49718 11.0795
477.436 611.897 2.51904 1.45556 11.0911
422.872 650.872 2.43074 1.51634 11.0723
450.154 652.82 2.4749 1.52514 11.1109
557.333 524.205 2.65905 1.31034 11.1186
528.102 598.256 2.60789 1.43442 11.0925
584.615 520.308 2.70581 1.30403 11.0911
609.949 508.615 2.75042 1.28507 11.0904
648.923 469.641 2.81415 1.21702 11.0775
670.359 487.179 2.83491 1.24318 10.9885
814.564 545.641 3.05843 1.34079 10.9018
849.641 545.641 3.15869 1.3528 11.0113
580.718 420.923 2.69441 1.13355 11.0901
567.077 555.384 2.6681 1.35935 11.033
584.615 576.82 2.69567 1.3946 11.0235
637.231 600.205 2.81002 1.45543 11.1927
859.384 629.436 3.14597 1.48243 10.9309
528.102 619.692 2.60275 1.45811 11.0068
524.205 648.923 2.59255 1.50544 11.0117
111.077 374.154 1.80504 1.02245 11.4453
169.538 418.974 1.91876 1.11129 11.4421
465.743 549.538 2.50494 1.34742 11.075
422.872 572.923 2.4277 1.39221 11.1289
976.307 578.769 3.33991 1.3999 10.9057
660.615 578.769 2.80572 1.38822 10.924
598.256 317.641 2.74386 0.922466 11.2288
613.846 311.795 2.7686 0.91845 11.1824
179.282 286.461 1.94203 0.857606 11.3655
662.564 668.41 2.80598 1.52929 10.9115
701.538 658.666 2.89129 1.53284 11.0054
272.82 512.513 2.14814 1.29219 11.2884
302.051 506.667 2.18603 1.28175 11.3657
249.436 514.461 2.10695 1.295 11.253
134.462 456 1.89025 1.18624 11.3205
113.026 508.615 1.8518 1.28485 11.3306
171.487 504.718 1.96339 1.27827 11.3004
841.846 475.487 3.12773 1.22792 10.9464
797.025 506.667 3.04973 1.28065 10.9641
280.615 563.179 2.1253 1.40665 11.5304
333.231 561.231 2.25463 1.38283 11.2916
290.359 565.128 2.19943 1.37645 11.1471
288.41 432.615 2.17169 1.14691 11.2774
964.615 608 3.34752 1.45519 10.9689
989.948 608 3.31431 1.4352 10.8102
995.795 668.41 3.27793 1.51333 10.7257
563.179 648.923 2.69419 1.56534 11.3421
615.795 668.41 2.7664 1.56346 11.1216
235.795 378.051 2.04734 1.03419 11.4022
196.82 430.667 1.97709 1.13585 11.4298
194.872 284.513 1.95272 0.843405 11.441
243.59 307.897 2.05926 0.889795 11.4326
183.179 358.564 1.94948 0.99792 11.3908
251.385 348.82 2.08307 0.979738 11.366
876.923 498.872 3.51238 1.28389 11.7425
699.59 202.667 2.93878 0.698714 11.1938
662.564 270.872 2.85801 0.841357 11.1551
750.256 196.82 3.03654 0.689171 11.1746
758.051 218.256 3.04579 0.735525 11.1639
726.872 274.769 2.98232 0.84636 11.1624
773.641 272.82 3.09729 0.825835 11.2346
415.077 420.923 2.40833 1.1279 11.1686
105.231 387.795 1.79556 1.04871 11.4416
68.2051 413.128 1.71822 1.10143 11.4736
580.718 226.051 2.7162 0.738053 11.2604
590.461 274.769 2.73053 0.842975 11.229
894.461 674.256 3.21809 1.56418 10.9774
913.948 650.872 3.21936 1.51258 10.8872
699.59 352.718 2.9267 1.00118 11.1515
506.667 222.154 2.57233 0.724569 11.3073
539.795 216.308 2.63349 0.717908 11.2742
514.461 241.641 2.58745 0.766544 11.295
526.154 237.744 2.60556 0.765119 11.2499
294.256 290.359 2.1558 0.858439 11.3884
315.692 282.564 2.20098 0.843996 11.3698
105.231 294.256 1.76814 0.857401 11.4896
79.8974 354.667 1.73917 0.988073 11.4487
719.077 342.974 2.9674 0.979752 11.1661
136.41 263.077 1.78102 0.76059 11.6498
148.103 261.128 1.85283 0.78998 11.4829
834.051 153.949 3.19296 0.605894 11.1442
508.615 300.102 2.5704 0.892316 11.225
553.436 352.718 2.65993 0.991703 11.2375
666.461 124.718 2.84253 0.602785 11.0281
763.897 142.256 3.06717 0.574997 11.1822
925.641 381.949 4.06427 0.91632 12.6399
383.897 245.538 2.34023 0.792361 11.2471
800.923 278.667 3.12082 0.854889 11.1355
438.461 74.0513 2.44556 0.600608 10.8687
469.641 228 2.50018 0.728425 11.3518
426.769 257.231 2.41268 0.794676 11.3497
461.846 239.692 2.47538 0.749539 11.3798
339.077 569.025 2.26957 1.39274 11.2644
974.359 315.692 3.86654 0.798955 11.9087
945.128 350.769 3.98671 0.846106 12.3207
898.359 313.743 3.64776 0.794804 11.8945
882.769 352.718 3.80989 0.846369 12.3947
440.41 146.154 2.44982 0.725445 10.8151
461.846 181.231 2.48727 0.63785 11.3364
354.667 109.128 2.33032 0.701796 10.7375
304 235.795 2.17606 0.756673 11.336
816.513 231.897 3.15338 0.765282 11.1353
841.846 214.359 3.21541 0.719259 11.1565
641.128 48.7179 2.78579 0.485245 10.9747
609.949 128.615 2.74207 0.604269 11.061
374.154 118.872 2.36782 0.750149 10.6298
528.102 183.179 2.61201 0.650002 11.2509
922.983 267.506 3.52514 0.756161 11.4721
496.037 474.778 2.54665 1.22444 11.09
547.412 458.834 2.63245 1.19912 11.0561
524.382 612.96 2.60372 1.46258 11.1164
520.839 673.193 2.59708 1.56194 11.1076
568.671 368.485 2.69477 1.01613 11.2434
581.072 421.632 2.6967 1.13099 11.0912
604.102 419.86 2.73886 1.12873 11.1001
671.422 487.179 2.84801 1.24624 11.0407
476.55 612.96 2.51985 1.45656 11.0953
423.403 572.214 2.42695 1.38195 11.0461
457.063 572.214 2.4832 1.37484 11.0124
434.032 455.291 2.44185 1.18971 11.1539
460.606 442.89 2.48529 1.1669 11.1262
442.89 522.611 2.45934 1.31275 11.2288
455.291 492.494 2.48549 1.25559 11.1757
542.098 543.869 2.62719 1.34472 11.0878
494.266 597.016 2.55375 1.43879 11.1408
547.412 597.016 2.64063 1.43473 11.1019
781.258 474.778 3.02756 1.22411 10.9701
701.538 659.021 2.89129 1.53284 11.0054
850.349 545.641 3.18159 1.35968 11.0773
811.375 577.529 3.083 1.39918 10.9929
667.879 531.468 2.8391 1.3227 11.0257
664.335 598.788 2.85841 1.45034 11.1736
697.995 586.387 2.85058 1.39479 10.8502
584.615 577.529 2.69567 1.3946 11.0235
609.417 575.757 2.74656 1.39843 11.0764
855.664 623.59 3.17371 1.48515 11.0272
575.757 457.063 2.68695 1.19435 11.0897
605.874 483.636 2.74597 1.24261 11.1234
584.615 520.839 2.69384 1.30115 11.0268
217.902 480.093 2.0457 1.23345 11.3053
214.359 501.352 2.04667 1.27155 11.2647
248.019 515.524 2.10695 1.295 11.253
598.788 317.109 2.74386 0.922466 11.2288
635.99 299.394 2.81062 0.891946 11.1935
572.214 329.51 2.6948 0.945676 11.2373
612.96 318.881 2.77383 0.929974 11.2194
134.639 455.291 1.87601 1.18665 11.3721
113.38 510.21 1.86345 1.28388 11.2909
124.009 281.678 1.81339 0.837676 11.4627
180.699 286.993 1.92928 0.849759 11.4234
127.552 327.739 1.85336 0.943434 11.3424
86.8065 453.52 1.76553 1.18173 11.4595
843.263 474.778 3.11642 1.22613 10.9083
69.0909 412.774 1.74668 1.10444 11.385
193.1 377.343 1.96728 1.03384 11.4022
203.73 430.489 2.0235 1.14031 11.2455
292.308 467.692 2.18422 1.21059 11.2594
302.937 506.666 2.18643 1.28319 11.372
751.142 196.643 3.03654 0.689171 11.1746
758.228 219.674 3.04436 0.736905 11.1603
728.112 274.592 2.98118 0.848361 11.1499
774.172 272.82 3.06395 0.846878 11.1183
664.335 216.13 2.87983 0.722022 11.2387
701.538 203.73 2.94495 0.695847 11.2114
664.335 269.277 2.87548 0.830001 11.2352
471.235 384.429 2.5078 1.04969 11.3008
416.317 419.86 2.40826 1.12658 11.176
485.408 423.403 2.53113 1.12604 11.2526
990.303 609.417 3.33645 1.44161 10.8586
848.578 364.942 3.21472 1.01871 11.1516
286.993 432.261 2.16959 1.14645 11.2948
301.165 423.403 2.17066 1.1215 11.4679
643.077 357.855 2.81966 1.00668 11.1676
710.396 334.825 2.94495 0.964385 11.1453
894.638 674.965 3.21809 1.56418 10.9774
937.156 650.163 3.25282 1.50898 10.8752
235.618 315.338 2.04379 0.90906 11.3962
251.562 348.998 2.06931 0.97342 11.4637
506.666 221.445 2.56985 0.728266 11.2915
538.555 216.13 2.63349 0.717908 11.2742
515.524 242.704 2.58394 0.77496 11.2485
581.072 226.76 2.71593 0.740636 11.2561
591.701 274.592 2.73149 0.842703 11.2207
620.046 271.049 2.78237 0.835835 11.1986
290.536 333.053 2.15567 0.947252 11.3664
758.228 308.252 3.03802 0.912531 11.1461
719.254 341.911 2.91821 0.999792 10.9652
148.811 260.419 1.85364 0.789115 11.4814
510.21 301.165 2.57435 0.892883 11.2247
540.326 279.907 2.63716 0.833867 11.318
508.438 343.683 2.57933 0.966295 11.3211
535.011 336.597 2.62614 0.962438 11.2434
224.988 255.105 2.01088 0.77877 11.4373
763.543 141.725 3.06435 0.577924 11.1734
783.03 180.699 3.09888 0.662301 11.1525
800.746 278.135 3.11592 0.8557 11.122
974.359 315.338 3.86654 0.798955 11.9087
946.014 352.541 3.98671 0.846106 12.3207
340.14 556.27 2.26624 1.37116 11.3105
816.69 232.075 3.16118 0.763223 11.1601
843.263 214.359 3.21325 0.722439 11.1563
439.347 145.268 2.45029 0.727106 10.814
462.377 182.471 2.48553 0.646038 11.3129
426.946 258.648 2.41509 0.7923 11.3611
462.377 240.932 2.48018 0.763378 11.3016
798.974 162.984 3.12247 0.626464 11.1374
834.405 154.126 3.19419 0.606935 11.1432
667.879 125.781 2.84253 0.602785 11.0281
699.767 193.1 2.94086 0.679098 11.2069
641.305 47.8321 3.02003 -0.07361 12.3083
609.417 131.096 2.74079 0.609191 11.0525
318.881 249.79 2.19104 0.758039 11.4837
471.235 354.312 2.50434 0.993296 11.2721
898.182 315.338 3.56779 0.82723 11.7116
421.632 47.8321 2.42519 0.602125 10.7535
898.182 83.2634 3.23068 0.54557 10.9144
795.431 526.154 3.05883 1.31318 11.0083
814.918 545.641 3.05843 1.34079 10.9018
437.576 616.503 2.4539 1.45532 11.0537
496.037 490.722 2.55139 1.25198 11.1235
499.58 524.382 2.55336 1.30867 11.0784
513.753 519.067 2.58119 1.29919 11.0815
524.382 545.641 2.60285 1.34797 11.1136
508.438 547.412 2.57387 1.34831 11.1063
180.699 550.956 1.97114 1.3647 11.3538
536.783 488.951 2.61526 1.24584 11.0593
558.042 524.382 2.66222 1.31169 11.1408
125.62 99.8516 1.99538 0.675156 10.8281
843.907 30.5997 3.05343 0.552044 10.6998
496.037 475.1 2.55063 1.22406 11.1234
557.237 523.416 2.65171 1.30866 11.0546
568.51 368.807 2.69485 1.01834 11.2583
603.941 420.343 2.73886 1.12873 11.1001
610.383 510.532 2.73357 1.28097 10.9897
434.838 455.774 2.44331 1.18927 11.1517
484.764 475.1 2.53127 1.22386 11.1214
483.153 492.816 2.52403 1.25281 11.0954
438.059 671.583 2.45408 1.5529 11.0975
478.322 669.972 2.52302 1.55604 11.1124
568.51 557.237 2.66917 1.36078 11.0419
584.615 578.173 2.69567 1.3946 11.0235
608.773 576.563 2.75051 1.40181 11.095
86.9675 454.164 1.79552 1.18334 11.3478
217.419 481.543 2.04397 1.23441 11.3084
249.629 515.363 2.11529 1.29233 11.2079
850.349 545.963 3.13613 1.3443 10.9507
541.131 544.352 2.62714 1.34461 11.1014
516.974 570.121 2.58531 1.3836 11.0772
550.794 610.383 2.64779 1.45906 11.0935
663.53 599.11 2.85348 1.44915 11.1504
421.954 571.731 2.42683 1.39243 11.1656
660.309 649.036 2.83033 1.52061 11.0514
661.92 668.362 2.81907 1.54289 10.9842
700.572 660.309 2.89129 1.53284 11.0054
323.713 562.068 2.23668 1.38355 11.3057
818.139 476.711 3.08599 1.22851 10.9578
845.518 475.1 3.12831 1.22666 10.943
293.113 470.269 2.18638 1.21124 11.2276
571.731 639.372 2.67988 1.4997 11.0549
135.283 455.774 1.90572 1.18767 11.2551
112.736 510.532 1.86981 1.28428 11.2644
157.83 497.648 1.93605 1.26437 11.3053
599.11 317.27 2.74444 0.927391 11.1944
613.604 314.049 2.77081 0.914258 11.2009
597.499 347.87 2.74199 0.985998 11.2205
235.134 378.47 2.05414 1.0366 11.3632
67.6414 413.901 1.67769 1.09647 11.5862
705.403 320.492 2.94285 0.934565 11.1661
496.037 380.08 2.54931 1.04703 11.2205
489.595 425.175 2.54454 1.13189 11.2784
470.269 384.912 2.50856 1.04963 11.2997
415.512 420.343 2.4081 1.12903 11.1483
752.108 196.482 3.03654 0.689171 11.1746
774.655 272.176 3.06939 0.839911 11.1446
665.141 217.419 2.87334 0.724392 11.2136
698.961 193.261 2.94078 0.679579 11.2048
684.467 272.176 2.89943 0.843262 11.1573
180.377 286.671 1.93616 0.854731 11.3876
243.187 307.607 2.06001 0.892353 11.4034
848.739 363.975 3.24487 1.01236 11.2336
826.192 433.227 3.10168 1.15291 10.9612
288.281 433.227 2.17232 1.1462 11.2746
301.165 425.175 2.17876 1.12521 11.3789
719.898 363.975 2.95879 1.01937 11.1273
893.833 676.414 3.17441 1.54591 10.8656
581.394 227.082 2.7143 0.737391 11.2687
594.278 265.734 2.73938 0.82103 11.2336
737.614 315.66 2.99892 0.926023 11.147
539.521 215.808 2.63322 0.716237 11.276
526.637 238.355 2.60601 0.767078 11.2485
289.892 333.376 2.15753 0.950302 11.3401
78.915 355.923 1.76293 0.994784 11.3721
545.963 277.008 2.64568 0.839849 11.26
508.921 343.039 2.57889 0.966873 11.3062
536.3 323.713 2.63156 0.935821 11.2509
800.424 278.618 3.11646 0.857954 11.1291
421.954 48.3153 2.42566 0.613664 10.7228
338.207 568.51 2.25933 1.40047 11.3788
974.359 315.66 3.82907 0.809372 11.821
985.632 309.218 3.73646 0.828005 11.5779
967.917 323.713 3.92256 0.801039 12.055
439.669 146.556 2.45171 0.720977 10.8446
462.216 181.988 2.48616 0.642434 11.3239
470.269 227.082 2.49899 0.736909 11.3158
426.785 257.682 2.41593 0.792625 11.3528
926.043 383.301 4.08606 0.913636 12.6889
763.382 141.725 3.05751 0.58427 11.1557
383.301 244.798 2.33232 0.774534 11.3311
814.918 233.524 3.17361 0.753155 11.1976
842.297 214.198 3.21541 0.719259 11.1565
668.362 127.23 2.84725 0.602575 11.0429
608.773 132.062 2.74865 0.603339 11.0988
882.56 354.312 3.78451 0.855517 12.342
945.369 352.702 4.03085 0.842722 12.4145
318.881 249.629 2.19272 0.751592 11.499
839.076 138.504 3.20275 0.576611 11.1293
834.244 154.609 3.19642 0.606389 11.1442
349.481 286.671 2.27159 0.854965 11.3335
924.433 265.734 3.51652 0.756872 11.4479
814.918 545.963 3.05843 1.34079 10.9018
496.037 491.206 2.55147 1.25273 11.1298
508.921 491.206 2.57766 1.25243 11.1412
499.258 525.026 2.55739 1.31052 11.1142
513.753 518.584 2.58119 1.29919 11.0815
438.059 615.215 2.45371 1.46055 11.0995
423.564 652.257 2.43034 1.51453 11.0516
610.383 552.405 2.74021 1.35485 11.0482
597.499 500.869 2.72325 1.26963 11.0775
581.394 515.363 2.68466 1.2923 11.0186
584.615 521.805 2.68488 1.29824 10.9612
457.385 613.604 2.48658 1.45645 11.0733
476.711 613.604 2.51709 1.44009 10.9663
787.539 452.553 3.0522 1.18547 11.0227
581.394 421.954 2.69786 1.12994 11.1016
497.648 611.994 2.56044 1.46583 11.1569
502.479 645.815 2.56782 1.52969 11.1891
523.416 632.93 2.59671 1.48863 11.0609
729.561 452.553 2.93736 1.18569 10.9855
742.445 473.49 2.98187 1.22379 11.0565
528.247 620.046 2.6022 1.46811 11.0494
428.396 487.985 2.4356 1.24568 11.1679
421.954 516.974 2.42301 1.29772 11.1382
355.776 111.272 2.32624 0.681359 10.8049
843.322 30.7461 3.05495 0.551777 10.7041
966.306 434.838 4.58512 1.07539 13.3912
995.588 670.558 3.28568 1.51841 10.7437
781.829 475.833 3.03538 1.22734 11.0002
740.835 371.881 3.01139 1.03189 11.1769
781.829 368.953 3.0797 1.0284 11.138
878.46 499.258 3.55345 1.29368 11.8311
844.786 475.833 3.14504 1.22776 10.9897
925.311 383.594 4.16116 0.904493 12.8573
677.878 660.309 2.84686 1.52852 10.9806
975.091 316.246 3.8509 0.803173 11.8589
754.012 143.482 3.04554 0.581292 11.1756
762.796 142.018 3.06692 0.576225 11.1811
781.829 181.548 3.10657 0.651074 11.1913
667.63 127.377 2.83729 0.61835 10.992
639.812 48.3153 2.87793 0.266776 11.5047
833.073 155.195 3.19419 0.606935 11.1432
751.083 196.189 3.03654 0.689171 11.1746
724.73 234.256 2.99907 0.754069 11.2255
770.117 273.787 3.04177 0.857531 11.0668
648.596 267.93 2.83703 0.832819 11.1862
881.388 354.312 3.81962 0.849424 12.4358
945.809 352.848 3.99455 0.84876 12.3326
795.006 326.494 3.1088 0.948172 11.1412
923.847 266.466 3.53101 0.7517 11.4782
841.858 215.223 3.20253 0.72756 11.1291
815.504 234.256 3.16049 0.764378 11.1553
434.838 456.799 2.44376 1.18967 11.1521
443.622 522.684 2.45948 1.30109 11.0382
332.351 477.297 2.24282 1.22607 11.3548
471.44 383.594 2.51218 1.04495 11.3912
415.804 420.197 2.41016 1.12615 11.1984
604.673 484.617 2.74855 1.24325 11.1288
610.53 510.971 2.72875 1.2812 10.9477
546.109 459.727 2.63397 1.1996 11.086
556.358 524.148 2.6499 1.30498 11.046
568.071 368.953 2.68737 1.02177 11.239
581.248 421.661 2.69643 1.1304 11.0949
531.468 415.804 2.62216 1.11099 11.265
437.766 616.386 2.45623 1.46558 11.1399
437.766 672.022 2.45157 1.54428 11.0433
478.761 670.558 2.52503 1.55384 11.097
426.053 551.966 2.43175 1.35466 11.1138
421.661 572.463 2.42729 1.39528 11.1449
477.297 611.994 2.52288 1.45903 11.1218
332.351 566.607 2.24852 1.39346 11.344
616.386 670.558 2.76917 1.5651 11.1278
521.22 673.486 2.59546 1.55958 11.0866
585.64 578.32 2.69752 1.39654 11.037
636.884 601.745 2.80863 1.45435 11.1828
540.253 546.109 2.6285 1.34494 11.0906
136.161 455.335 1.88969 1.18851 11.3322
156.659 497.794 1.93102 1.26479 11.3275
86.3819 453.871 1.80945 1.18436 11.3085
143.482 390.915 1.87343 1.05856 11.4087
169.836 407.02 1.92249 1.08803 11.412
67.3486 414.34 1.68783 1.09813 11.5544
260.61 469.976 2.14187 1.21402 11.1732
196.189 461.192 2.00522 1.19731 11.2996
196.189 505.115 2.00613 1.27757 11.2978
247.433 515.363 2.11153 1.29319 11.2403
276.715 367.489 2.13219 1.01421 11.3579
286.964 433.374 2.17076 1.14504 11.2875
300.141 424.589 2.17884 1.12427 11.3818
193.261 377.738 1.96828 1.03269 11.3971
234.256 379.202 2.05149 1.0357 11.382
203.51 430.445 2.01482 1.14032 11.3012
247.433 537.325 2.10814 1.33469 11.259
440.694 147.874 2.45171 0.720977 10.8446
421.661 48.3153 2.4252 0.607361 10.7398
609.066 131.769 2.74761 0.600592 11.0962
592.961 181.548 2.73754 0.648625 11.2578
471.44 279.643 2.50498 0.84781 11.2741
468.512 228.4 2.4991 0.729162 11.3529
426.053 257.682 2.41573 0.793495 11.3451
469.976 245.969 2.50259 0.771125 11.3174
387.987 250.361 2.33371 0.760187 11.4491
598.817 317.71 2.7475 0.924856 11.2118
635.419 300.141 2.80935 0.892632 11.1894
613.458 319.174 2.77344 0.929915 11.2166
535.861 323.566 2.63162 0.933518 11.2729
581.248 226.936 2.71538 0.741528 11.2579
628.099 197.654 2.80143 0.687652 11.2191
594.425 265.002 2.73809 0.82142 11.2295
626.635 269.394 2.80261 0.830891 11.2285
486.081 262.074 2.53197 0.80659 11.2911
124.449 282.571 1.79144 0.825674 11.5497
127.377 329.423 1.84326 0.939243 11.3833
166.907 330.887 1.92172 0.945165 11.3576
136.161 262.074 1.81388 0.779293 11.5392
289.892 333.815 2.16484 0.957586 11.2764
180.084 286.964 1.93169 0.850812 11.4141
215.223 339.671 2.01134 0.960804 11.3722
251.825 349.92 2.07655 0.978761 11.4027
275.251 212.295 2.14263 0.733565 11.2547
319.174 248.897 2.19315 0.752204 11.4938
199.118 262.074 1.96497 0.796767 11.4291
190.333 535.861 2.00309 1.33239 11.2847
139.09 528.54 1.89007 1.32373 11.3792
597.353 348.456 2.74021 0.985129 11.2125
464.12 550.502 2.49478 1.34487 11.0285
651.525 546.109 2.80775 1.3443 10.9848
497.794 613.458 2.5563 1.45519 11.0786
522.684 648.596 2.59987 1.53186 11.1325
465.584 628.099 2.50048 1.47682 11.0636
989.732 610.53 3.36295 1.45089 10.9149
652.989 497.794 2.82207 1.26262 11.0628
670.558 487.545 2.84636 1.24441 11.0377
676.414 516.827 2.86481 1.29925 11.0689
525.612 620.778 2.60799 1.4763 11.1324
551.966 639.812 2.63578 1.48794 10.9736
879.924 472.904 3.52876 1.22459 11.7574
661.773 477.297 2.84224 1.22978 11.0818
496.33 491.938 2.55145 1.25338 11.106
524.148 490.474 2.59963 1.24979 11.0982
499.258 525.612 2.55752 1.31088 11.1159
513.899 519.756 2.58172 1.2993 11.0951
461.192 522.684 2.49325 1.30478 11.1244
597.353 500.722 2.72551 1.26922 11.0823
594.425 521.22 2.72607 1.30627 11.0974
508.442 187.671 2.57437 0.656581 11.3023
355.377 111.804 2.32644 0.679288 10.8167
995.588 670.824 3.26972 1.51404 10.7143
741.367 371.349 2.99863 1.03462 11.1285
845.185 475.167 3.13329 1.22561 10.9567
657.514 645.535 2.81569 1.50722 11.0035
661.507 669.493 2.82087 1.5446 10.9952
937.024 650.859 3.27255 1.51554 10.922
893.101 677.479 3.1991 1.55792 10.9295
879.791 573.661 3.33563 1.42785 11.3166
846.516 574.992 3.10686 1.38619 10.8871
975.623 316.778 3.82907 0.809372 11.821
782.628 181.016 3.10796 0.650245 11.1972
652.19 110.473 2.81757 0.573883 11.04
640.211 49.247 2.8823 0.258491 11.5269
834.537 154.396 3.19292 0.608363 11.1354
729.388 283.503 2.9858 0.865061 11.1531
738.705 332.75 2.99309 0.963112 11.1119
779.966 320.771 3.06842 0.9398 11.1058
752.015 196.988 3.04194 0.687336 11.1784
700.106 192.995 2.94001 0.68024 11.1998
882.453 355.377 3.81962 0.849424 12.4358
922.383 267.531 3.5363 0.750522 11.4896
815.903 234.256 3.13635 0.777583 11.0927
424.589 457.864 2.42514 1.19229 11.1796
444.554 523.083 2.46016 1.30276 11.0695
415.272 420.596 2.40718 1.12544 11.1646
610.929 511.104 2.73301 1.28222 10.9727
556.358 524.414 2.65244 1.30841 11.0633
568.337 368.687 2.68894 1.02253 11.25
604.274 420.596 2.74259 1.12822 11.117
536.393 383.328 2.62349 1.05317 11.1992
504.449 416.603 2.56978 1.11328 11.2924
437.899 672.155 2.45584 1.56058 11.1314
479.16 670.824 2.52745 1.55813 11.1185
421.927 576.323 2.42662 1.39264 11.0847
477.829 612.26 2.52421 1.46004 11.1319
332.75 565.675 2.2417 1.3996 11.4111
586.971 553.696 2.70211 1.35847 11.052
585.64 578.985 2.69752 1.39654 11.037
551.034 610.929 2.64485 1.45242 11.0676
131.769 519.09 1.88236 1.30434 11.3466
157.058 497.794 1.92389 1.26633 11.3701
143.748 389.983 1.86675 1.05648 11.4429
169.037 405.955 1.92766 1.08921 11.396
67.881 413.941 1.69327 1.09783 11.5405
292.82 471.174 2.17999 1.2135 11.3106
195.657 461.857 2.01465 1.19798 11.2548
218.284 481.822 2.05241 1.2336 11.2607
196.988 504.449 1.99508 1.27954 11.3768
247.566 515.097 2.10797 1.295 11.2451
203.643 431.244 2.01009 1.13984 11.3267
251.559 640.211 2.22998 1.43114 10.6597
440.561 147.741 2.45094 0.72142 10.8443
609.598 131.769 2.75297 0.590892 11.1306
475.167 324.764 2.51075 0.940234 11.2431
427.251 258.214 2.4151 0.783468 11.4021
381.997 244.904 2.33232 0.774534 11.3311
600.281 316.778 2.75172 0.921968 11.2366
628.232 302.137 2.79186 0.904605 11.1584
511.104 300.806 2.57907 0.884562 11.2851
630.894 219.615 2.81304 0.728486 11.2402
594.957 266.2 2.74345 0.81906 11.2581
626.901 270.193 2.80163 0.831896 11.2213
505.78 222.277 2.56998 0.726328 11.3036
539.055 215.622 2.63446 0.713644 11.2821
527.076 238.249 2.61097 0.761046 11.289
166.375 292.82 1.89378 0.857145 11.4643
87.846 316.778 1.74393 0.906653 11.4761
137.093 260.876 1.86083 0.811509 11.3635
243.573 306.13 2.06001 0.892353 11.4034
251.559 350.053 2.07851 0.977981 11.3948
259.545 264.869 2.08375 0.804922 11.4083
319.44 248.897 2.20457 0.770672 11.3873
199.65 262.207 1.9606 0.793962 11.4527
456.533 403.293 2.47913 1.07919 11.3922
484.484 423.258 2.5314 1.12756 11.2615
459.195 444.554 2.48857 1.16581 11.1523
477.829 444.554 2.51762 1.16924 11.1811
648.197 484.484 2.80628 1.23999 11.0336
481.822 630.894 2.52814 1.48417 11.0815
449.878 654.852 2.47466 1.52047 11.0704
609.598 552.365 2.75247 1.36099 11.1278
580.316 421.927 2.69485 1.13011 11.0865
589.633 348.722 2.73412 0.982439 11.264
86.515 453.871 1.81456 1.18468 11.2925
86.515 472.505 1.79868 1.21618 11.3456
537.724 640.211 2.62271 1.50527 11.0834
541.717 545.71 2.62728 1.34402 11.0816
553.696 544.379 2.65211 1.34585 11.1074
677.479 516.428 2.84614 1.29358 10.9819
523.083 648.197 2.6065 1.54097 11.2129
101.156 405.955 1.79359 1.08975 11.4259
472.505 549.703 2.51451 1.35362 11.1468
705.43 537.724 2.90787 1.33381 11.0394
456.533 492.47 2.4847 1.25503 11.1537
483.153 492.47 2.52836 1.25354 11.0993
460.526 521.752 2.49145 1.30421 11.1017
539.055 471.174 2.63207 1.21635 11.2243
545.71 468.512 2.63526 1.20943 11.1364
270.193 512.435 2.14731 1.29042 11.2689
509.773 491.139 2.57078 1.25036 11.095
499.125 525.745 2.55625 1.31089 11.0963
513.766 519.09 2.58711 1.30214 11.1582
435.237 653.521 2.44881 1.51523 11.0526
680.141 331.419 2.88373 0.962537 11.1253
705.43 320.771 2.93971 0.937121 11.1551
601.612 375.342 2.75497 1.03379 11.2606
545.71 672.155 2.64564 1.56757 11.1419
524.414 681.472 2.60147 1.57122 11.0825
489.808 548.372 2.54453 1.35143 11.1392
516.428 560.351 2.59224 1.37918 11.2004
114.466 547.041 1.86964 1.35069 11.2958
495.132 475.167 2.54878 1.22524 11.0996
355.74 112.53 2.32675 0.681586 10.8097
995.83 671.55 3.28955 1.52132 10.7544
740.52 371.47 3.00036 1.03439 11.1313
925.65 383.57 4.17512 0.903295 12.8875
945.01 431.97 4.70121 1.04343 13.829
657.03 646.14 2.81334 1.50486 10.9932
705.43 538.45 2.88766 1.32568 10.9522
892.98 677.6 3.20726 1.56248 10.9458
879.67 573.54 3.25893 1.4073 11.125
976.47 315.81 3.82907 0.809372 11.821
762.3 142.78 3.05384 0.586069 11.1479
641.3 49.61 2.89031 0.242665 11.5709
839.74 137.94 3.20806 0.573071 11.1423
729.63 284.35 2.98643 0.866049 11.1525
660.66 298.87 2.87198 0.884355 11.2433
705.43 320.65 2.93477 0.939323 11.1339
752.62 196.02 3.04628 0.683979 11.1941
771.98 198.44 3.07895 0.68999 11.1779
776.82 274.67 3.07352 0.847395 11.1387
649.77 268.62 2.8456 0.826178 11.2224
897.82 317.02 3.6612 0.80337 11.9265
882.09 355.74 3.78451 0.855517 12.342
947.43 352.11 3.98907 0.852122 12.3198
838.53 324.28 3.18719 0.944043 11.1159
830.06 214.17 3.18186 0.728272 11.1364
471.9 383.57 2.50741 1.05196 11.2676
415.03 419.87 2.4071 1.12584 11.1599
584.43 521.51 2.68972 1.30143 11.0011
496.1 475.53 2.54796 1.22509 11.0861
601.37 376.31 2.75665 1.0357 11.2582
496.1 381.15 2.5516 1.04749 11.2445
537.24 383.57 2.62946 1.05135 11.239
435.6 653.4 2.45 1.51845 11.0718
425.92 551.76 2.43113 1.3548 11.124
438.02 614.68 2.45738 1.46482 11.148
458.59 613.47 2.48636 1.45345 11.0732
332.75 566.28 2.2417 1.39996 11.4112
332.75 609.84 2.24657 1.48043 11.384
617.1 669.13 2.74948 1.54593 11.0193
586.85 554.18 2.70738 1.35944 11.0748
585.64 578.38 2.69752 1.39654 11.037
528.77 598.95 2.61861 1.44776 11.1903
173.03 452.54 1.95949 1.182 11.3143
131.89 519.09 1.88351 1.30381 11.3425
83.49 513.04 1.8302 1.28732 11.2425
143.99 390.83 1.85157 1.0515 11.514
269.83 513.04 2.15055 1.28886 11.2346
310.97 508.2 2.20004 1.28511 11.3975
217.8 481.58 2.04487 1.2353 11.3032
214.17 502.15 2.04073 1.27344 11.2773
193.6 377.52 1.96374 1.02991 11.4264
234.74 378.73 2.0481 1.03566 11.3993
223.85 422.29 2.03678 1.12065 11.3595
324.28 561.44 2.2336 1.38604 11.3453
223.85 561.44 2.06294 1.38046 11.2869
433.18 131.89 2.44077 0.710268 10.8138
440.44 147.62 2.4526 0.70957 10.8946
462.22 182.71 2.48616 0.642434 11.3239
428.34 52.03 2.4294 0.571939 10.8354
592.9 181.5 2.73674 0.651383 11.2514
508.2 187.55 2.57314 0.657146 11.2951
473.11 222.64 2.506 0.722686 11.3281
427.13 257.73 2.41564 0.789029 11.3671
353.32 258.94 2.27057 0.786493 11.4153
382.36 245.63 2.3313 0.772783 11.339
588.06 313.39 2.72417 0.918204 11.2113
601.37 317.02 2.74031 0.930786 11.1626
613.47 319.44 2.77213 0.931433 11.2054
538.45 279.51 2.62872 0.851104 11.2371
536.03 337.59 2.62714 0.960328 11.2611
580.8 227.48 2.71943 0.738369 11.2803
627.99 269.83 2.79947 0.832736 11.2092
505.78 221.43 2.56339 0.740241 11.2283
538.45 215.38 2.63296 0.713311 11.284
142.78 290.4 1.835 0.845119 11.5192
127.05 329.12 1.8267 0.931677 11.4511
166.98 330.33 1.90368 0.934801 11.4497
134.31 261.36 1.86378 0.813685 11.3523
287.98 333.96 2.15913 0.955802 11.2999
179.08 285.56 1.91135 0.837107 11.4986
243.21 306.13 2.06373 0.894269 11.3637
251.68 349.69 2.07954 0.977922 11.3918
277.09 212.96 2.14431 0.735485 11.2448
219.01 258.94 2.00397 0.791655 11.4235
191.18 536.03 2.00346 1.33299 11.289
200.86 562.65 2.02564 1.37882 11.2652
609.84 551.76 2.75382 1.36079 11.1345
580.8 318.23 2.71014 0.926553 11.2234
589.27 348.48 2.72375 0.98721 11.1982
523.93 545.71 2.60135 1.34694 11.1069
515.46 566.28 2.58449 1.378 11.0817
465.85 627.99 2.50125 1.48417 11.109
450.12 654.61 2.47497 1.52587 11.0933
673.97 453.75 2.86448 1.18754 11.0904
579.59 421.08 2.69485 1.13011 11.0865
457.38 492.47 2.48396 1.2552 11.1576
484 492.47 2.5313 1.25564 11.163
528.77 451.33 2.60482 1.18313 11.0959
536.03 673.97 2.6126 1.54367 10.991
545.71 671.55 2.63463 1.55298 11.0496
525.14 620.73 2.6002 1.46808 11.0594
523.93 648.56 2.60396 1.53597 11.1814
497.31 492.47 2.55373 1.25389 11.1364
498.52 525.14 2.55473 1.31024 11.0799
513.04 519.09 2.57791 1.29749 11.0512
447.7 531.19 2.46823 1.31895 11.1112
458.59 671.55 2.49287 1.55866 11.1208
471.9 693.33 2.5107 1.59261 11.1031
196.02 504.57 2.0005 1.27768 11.329
567.49 369.05 2.68556 1.02213 11.2273
539.66 490.05 2.6278 1.24959 11.1458
556.6 525.14 2.65244 1.30841 11.0633
738.1 329.12 3.01018 0.950179 11.1888
721.16 344.85 2.97487 0.979648 11.1851
654.61 497.31 2.83336 1.26474 11.1191
677.6 516.67 2.8537 1.29619 11.0213
124.63 372.68 1.86878 1.03196 11.3057
781.66 476.74 3.04066 1.2272 11.0162
480.37 467.06 2.52778 1.21195 11.1513
157.3 498.52 1.94328 1.26286 11.2709
169.4 406.56 1.92441 1.09013 11.4115
136.73 431.97 1.85647 1.13644 11.444
92.4 103.4 1.95857 0.689651 10.8014
844.8 475.2 3.13104 1.22684 10.9518
652.3 111.1 2.82002 0.570321 11.0531
883.3 134.2 3.29398 0.563654 11.1324
834.9 155.1 3.19292 0.608363 11.1354
776.6 275 3.07056 0.8504 11.1277
661.1 299.2 2.86395 0.889422 11.2049
706.2 321.2 2.94122 0.935837 11.1569
947.1 353.1 3.98139 0.85278 12.2993
837.1 305.8 3.19035 0.906971 11.1331
830.5 214.5 3.18227 0.728619 11.1373
841.5 215.6 3.2102 0.726286 11.1488
833.8 269.5 3.18501 0.835181 11.1297
423.5 458.7 2.4227 1.1923 11.1754
438.9 672.1 2.45699 1.56378 11.1575
438.9 614.9 2.45544 1.4582 11.0897
458.7 613.8 2.48845 1.35865 10.3331
332.2 610.5 2.24898 1.47715 11.3532
585.2 579.7 2.69484 1.39592 11.0166
136.4 455.4 1.89224 1.18553 11.3251
132 519.2 1.88271 1.30394 11.3452
223.3 562.1 2.06669 1.37892 11.2635
441.1 148.5 2.45094 0.72142 10.8443
462 183.7 2.48252 0.660726 11.254
609.4 133.1 2.75582 0.58494 11.1523
592.9 181.5 2.74106 0.639191 11.2858
473 222.2 2.5059 0.724595 11.3224
427.9 258.5 2.41532 0.793613 11.3476
353.1 259.6 2.27317 0.794174 11.3707
381.7 245.3 2.33166 0.774104 11.3301
600.6 316.8 2.74554 0.926227 11.1972
535.7 337.7 2.63237 0.951667 11.333
628.1 270.6 2.80425 0.82819 11.2372
127.6 328.9 1.81733 0.927751 11.4927
320.1 248.6 2.19225 0.751656 11.5016
220 259.6 2.00386 0.792074 11.423
457.6 492.8 2.4843 1.25552 11.1701
484 492.8 2.53109 1.25526 11.1519
447.7 531.3 2.46823 1.31878 11.11
191.4 536.8 2.00341 1.33383 11.2902
200.2 563.2 2.02878 1.37762 11.2502
491.7 548.9 2.54246 1.3479 11.085
518.1 546.7 2.59084 1.34797 11.1159
559.9 556.6 2.67617 1.37694 11.2251
465.3 629.2 2.50006 1.48263 11.0884
449.9 655.6 2.47472 1.52438 11.0859
459.8 672.1 2.49264 1.55675 11.1131
473 550 2.51053 1.3526 11.1331
458.7 444.4 2.48524 1.16825 11.1733
579.7 421.3 2.68215 1.13165 10.9958
575.3 430.1 2.6888 1.14436 11.111
528 452.1 2.60828 1.18311 11.1375
496.1 476.3 2.54886 1.22567 11.1039
311.3 508.2 2.20486 1.28444 11.3425
567.6 671 2.66692 1.54644 11.0246
158.4 518.1 1.93754 1.29986 11.3162
101.2 407 1.79987 1.0904 11.4058
128.7 420.2 1.84681 1.11713 11.414
587.4 554.4 2.71231 1.36339 11.1247
575.3 456.5 2.68958 1.19157 11.1197
585.2 460.9 2.70103 1.19883 11.0505
193.6 377.3 1.96246 1.03015 11.4319
601.7 376.2 2.75657 1.03342 11.2648
525.8 621.5 2.59703 1.46321 11.0206
617.1 669.9 2.74756 1.54409 11.0065
169.4 407 1.93625 1.09188 11.3511
769 424 3.02591 1.13555 11.0361
845 475 3.13186 1.22599 10.9527
976 316 3.87792 0.797899 11.9059
833 157 3.21963 0.588656 11.2046
706 321 2.94719 0.931582 11.1843
881 356 3.7951 0.857814 12.3814
834 269 3.1916 0.831744 11.1497
537 383 2.63689 1.04439 11.3293
332 567 2.24396 1.39802 11.3788
223 562 2.07068 1.37572 11.2409
441 148 2.45276 0.714984 10.8781
462 183 2.48406 0.642338 11.328
388 155 2.36715 0.716286 10.9073
609 134 2.75731 0.581647 11.1644
473 223 2.50624 0.721598 11.3381
355 258 2.27381 0.792993 11.372
382 245 2.33029 0.770102 11.3527
595 266 2.7412 0.819507 11.2517
59 262 1.68262 0.795233 11.4813
253 350 2.08123 0.978644 11.3792
179 286 1.93144 0.851291 11.4008
320 248 2.20522 0.773936 11.3754
499 526 2.54951 1.30761 11.0202
201 553 2.01782 1.36401 11.3048
458 444 2.48397 1.16852 11.1208
587 554 2.71793 1.36595 11.1627
575 456 2.68535 1.19097 11.086
567 670 2.67066 1.55147 11.0535
132 519 1.88459 1.30398 11.3384
611 512 2.7479 1.28631 11.0705
102 407 1.79469 1.08912 11.4259
