1116 235 -0.315118 0.962498 11.5584
1259 594 0.609407 1.67851 11.1862
1236 543 0.568348 1.60534 11.1883
1200 559 0.667341 1.61192 11.0588
1010 391 -0.408057 1.33016 11.3032
1224.3 627 0.553198 1.73412 11.1669
1241.9 487.3 0.478547 1.52864 11.2677
1031.8 256.3 -0.182924 1.02996 11.2797
1229.8 243.1 0.254968 1.08864 11.4527
1006.5 315.7 0.0544195 1.18545 11.0935
1169.3 386.1 -0.462189 1.33905 11.757
1232 344.3 0.133928 1.27039 11.521
1255.98 688.49 0.592919 1.81793 11.1783
1234.2 659.45 0.454831 1.81144 11.2424
1023.66 579.59 0.511545 1.64795 10.8646
1142.24 215.38 0.197004 1.01611 11.319
1142.24 283.14 -0.553219 1.05319 11.7755
1016.4 233.53 -0.322056 0.954848 11.3108
1079.32 262.57 -0.28498 1.03434 11.4412
1035.76 323.07 -0.19371 1.18362 11.2778
1178.54 150.04 0.360798 0.938549 11.2906
1052.7 90.75 0.524155 0.878891 10.9732
1150.71 614.68 0.317775 1.75155 11.1816
1200.32 559.02 0.680994 1.61038 11.0496
1095.05 690.91 0.523887 1.82322 10.964
1168.86 385.99 -0.406821 1.34099 11.7194
1132.56 387.2 -0.209224 1.33962 11.5042
1124.09 488.84 0.286845 1.53566 11.1789
1199.11 502.15 0.694147 1.5294 11.0483
1241.46 486.42 0.500345 1.52676 11.2536
1142 215.622 -0.086663 0.963789 11.4921
1228.51 243.573 0.285678 1.09371 11.4264
1148.65 280.841 0.0930675 1.13035 11.383
1006.24 315.447 0.147037 1.19578 11.0512
1074.12 336.743 -0.29304 1.21525 11.4232
1035.52 323.433 -0.204431 1.18279 11.2831
1075.45 291.489 -0.341045 1.09689 11.4554
1200.56 133.1 0.462218 0.933019 11.2722
1052.82 90.508 0.585225 0.898795 10.944
1157.97 556.358 0.341303 1.65125 11.1934
1216.53 574.992 0.848958 1.60233 10.9619
1239.16 541.717 0.648817 1.59449 11.1356
1023.54 578.985 0.367129 1.66915 10.9327
1104.73 387.321 -0.374318 1.33581 11.5335
1167.29 479.16 0.325119 1.51996 11.234
1199.23 501.787 0.668263 1.53218 11.065
1241.82 485.815 0.493783 1.52805 11.2578
1092.75 447.216 -0.456552 1.47734 11.5296
1139.07 216.687 -0.0269148 0.976722 11.4495
1228.38 243.041 -0.157815 1.02789 11.743
1016.09 232.792 -0.278675 0.960341 11.2922
1005.84 316.246 0.0283465 1.18469 11.1055
1073.19 336.743 -0.326332 1.21168 11.4401
1035.12 323.566 -0.19371 1.18362 11.2778
1215.2 575.391 0.615341 1.64139 11.1187
1238.63 541.717 0.638435 1.59441 11.1444
1204.95 674.95 0.663537 1.77456 11.0548
1165.42 478.761 0.328877 1.52013 11.2318
1139.07 284.035 -0.610825 1.04844 11.803
1056.49 581.394 0.300264 1.68686 11.0256
1024.28 579.784 0.336231 1.67348 10.9501
1016.23 249.629 -0.21717 1.00914 11.2568
1079.04 260.903 -0.485745 1.00262 11.5513
1024.28 246.408 -0.132584 1.01585 11.2337
1067.77 328.544 -0.289099 1.19594 11.4044
1037.17 323.713 -0.012588 1.19646 11.1936
1201.44 132.062 0.73135 1.00679 11.0831
1050.05 91.7991 0.612425 0.907883 10.9273
1157.96 557.237 0.426968 1.63919 11.1391
1215.94 574.952 0.625778 1.63979 11.1123
1199.83 558.847 0.692794 1.60927 11.0416
1248.15 637.762 0.546538 1.75409 11.209
1127.36 487.985 0.377558 1.52701 11.1262
1199.83 502.479 0.624765 1.53616 11.0956
1238.48 478.322 0.439004 1.51989 11.2935
1070.02 423.403 -1.08809 1.4214 11.8095
1052.31 90.3496 0.528363 0.881284 10.9687
1227.69 244.475 0.168448 1.07668 11.5036
1018.65 232.075 -0.0935351 0.991514 11.2011
1068.25 327.739 -0.295727 1.19319 11.4055
1229.46 187.785 0.267757 0.986146 11.4469
1202.89 131.096 0.446655 0.926358 11.2836
1034.59 235.618 -0.179287 0.986288 11.2814
1165.69 478.322 0.239819 1.52615 11.2788
1217.06 573.986 0.645116 1.63631 11.1008
1240.09 540.326 0.640806 1.59342 11.1417
1098.37 473.007 0.226225 1.50632 11.164
1199.35 501.352 0.670928 1.53108 11.0623
1238.32 478.322 0.549527 1.51105 11.2141
1050.36 91.5897 0.50566 0.875361 10.9805
1138.05 216.308 -0.0969941 0.963844 11.4881
1017.23 249.436 -0.332741 0.990748 11.3132
1017.23 231.897 -0.265397 0.960669 11.2859
1202.36 383.897 0.0376137 1.34619 11.513
1216 574.872 0.645116 1.63631 11.1008
1081.54 259.179 -0.0918343 1.05676 11.3386
1056.2 580.718 0.289218 1.68795 11.0294
1161.44 654.769 0.352847 1.81371 11.1788
1099.08 471.59 0.102078 1.51331 11.233
1056.79 90.0307 0.535188 0.882322 10.977
1140.39 282.954 -0.705715 1.03854 11.8603
1073.94 334.4 -0.301236 1.20831 11.4232
1037.5 323.682 -0.226101 1.17922 11.2988
1016.06 248.656 -0.115771 1.02158 11.2094
1005.34 315.108 0.0095884 1.1801 11.1103
1198.27 132.903 0.55107 0.954567 11.2098
1191.84 619.497 0.415507 1.74242 11.1988
1166.11 645.22 0.475461 1.76932 11.116
1146.82 615.21 0.185484 1.77892 11.2507
1168.26 385.846 -0.251615 1.34253 11.6159
1033.21 252.944 -0.0539041 1.04006 11.2174
1215.41 576.625 0.712556 1.6297 11.057
1054.65 580.913 0.275252 1.6875 11.0362
1075.22 334.829 -0.375836 1.20645 11.4668
1228.49 188.636 0.240368 0.982679 11.461
1079.94 259.374 -0.405921 1.01145 11.5138
1018.63 247.585 -0.115771 1.02158 11.2094
1018.63 231.079 -0.241706 0.966679 11.275
1167.18 386.703 -0.270503 1.3422 11.6276
1197.84 558.834 0.650923 1.61325 11.0683
1145.96 613.066 0.423652 1.73339 11.1128
1219.06 617.782 0.676035 1.6893 11.0761
1193.12 617.782 0.438548 1.741 11.1849
1193.12 476.306 0.492376 1.5099 11.1692
1054 580.055 0.331929 1.67899 11.0059
1058.72 89.602 0.579846 0.897007 10.9487
1226.13 245.227 0.307396 1.10034 11.4023
572.981 110.824 0.450039 0.868038 10.2139
681.447 301.817 -1.07041 0.986336 10.5907
351.334 594.203 0.849567 1.55028 9.90973
358.408 466.874 0.529481 1.4118 9.87197
386.703 469.232 0.460454 1.41655 9.90302
499.885 556.476 0.149137 1.58966 10.0475
313.607 443.294 0.843516 1.37744 9.87176
292.386 506.959 0.881725 1.44917 9.85384
735.68 554.118 -0.965208 1.74259 10.6875
525.822 445.652 -0.926519 1.39269 10.0938
370.198 327.755 0.482067 1.19926 9.8891
400.851 348.976 0.367979 1.22762 9.92185
285.312 570.623 0.853156 1.52089 9.8394
247.585 577.697 0.852552 1.52452 9.79734
436.22 341.902 0.370737 1.22489 9.98055
186.278 495.169 0.749717 1.42839 9.6988
346.618 257.016 0.736708 1.14268 9.89925
280.596 620.14 0.86376 1.57345 9.83743
485.737 629.572 0.147546 1.71799 10.0186
360.766 636.646 0.772245 1.61224 9.90374
275.88 221.647 0.630797 1.06995 9.78553
308.891 224.005 0.650038 1.07812 9.83833
568.266 127.329 0.577671 0.932039 10.1964
577.697 169.772 0.410426 0.950553 10.2158
358.408 103.75 1.05271 1.04794 9.96927
547.044 351.334 -0.785881 1.13809 10.1708
884.231 398.493 -0.85605 1.31531 11.1354
653.152 608.351 -0.942268 1.87218 10.4346
962.043 292.386 -0.0332282 1.12439 11.0381
987.98 311.249 -0.0872221 1.16017 11.1132
966.759 224.005 -0.106248 0.968747 11.0867
801.702 190.994 0.0247523 0.911026 10.6895
754.543 297.101 -1.15713 0.970917 10.8345
587.129 207.499 0.210594 0.964512 10.2369
337.187 89.602 1.24794 1.10041 9.98248
620.14 410.283 -1.07406 1.309 10.3874
212.215 379.63 0.774391 1.29758 9.74014
715.959 96.4615 0.45087 0.850002 10.4468
327.969 40.7282 1.09528 0.99987 9.95136
186.492 128.615 0.315245 0.83424 9.57199
312.964 192.923 -0.219725 0.82134 9.67596
557.333 42.8718 0.692226 0.851021 10.1829
679.518 302.246 -0.956265 0.998887 10.5684
956.041 143.62 0.435979 0.933872 10.8494
377.272 424.431 0.549022 1.34895 9.89701
340.831 542.328 0.668961 1.50871 9.86413
351.549 595.918 0.852055 1.55063 9.91053
188.636 400.851 0.959491 1.32456 9.76767
237.938 426.574 0.729479 1.35144 9.75926
312.964 443.723 0.857248 1.37661 9.87437
293.672 508.031 0.893833 1.4483 9.85664
713.815 407.282 -1.20377 1.3066 10.695
484.451 630.215 0.0925082 1.72763 10.0179
454.441 304.39 0.161571 1.12524 9.99002
435.149 342.974 0.282977 1.2082 9.96398
347.261 257.231 0.712317 1.13824 9.8968
285.097 572.338 0.793235 1.52655 9.82565
231.508 207.928 0.58607 1.03758 9.71895
201.497 272.236 0.759883 1.15544 9.72733
242.226 276.523 0.757899 1.16417 9.77451
510.174 420.143 -0.936797 1.31766 10.0597
538.041 433.005 -1.07045 1.35525 10.139
235.795 548.759 0.778203 1.49424 9.76497
252.944 578.769 0.824891 1.52837 9.79115
280.81 621.641 0.865885 1.57207 9.83619
538.041 604.492 0.165766 1.67726 10.1128
304.39 248.656 0.628461 1.10862 9.81897
276.523 364.41 0.778093 1.27491 9.81636
265.805 402.995 0.768784 1.32247 9.80206
570.195 128.615 0.509204 0.914459 10.1995
578.769 171.487 0.336231 0.934428 10.2205
186.492 495.169 0.769036 1.42994 9.70336
587.343 207.928 0.237862 0.974712 10.2395
960.328 293.672 -0.138273 1.11294 11.0843
964.615 222.933 -0.106248 0.968747 11.0867
546.615 351.549 -0.785881 1.13809 10.1708
177.918 126.472 0.325105 0.832952 9.5647
565.907 83.6 0.574367 0.865842 10.1983
263.661 334.4 0.738445 1.2362 9.79427
799.559 192.923 -0.000727273 0.906898 10.6944
752.4 297.959 -1.02524 0.98455 10.8016
763.118 297.959 -1.16199 0.973356 10.8691
535.897 259.374 -0.442224 0.945383 10.1477
559.477 122.185 0.523011 0.906299 10.1881
345.118 192.923 0.0806699 0.894185 9.79194
162.913 113.61 0.584022 0.895373 9.62985
197.21 364.41 0.761362 1.27269 9.72051
212.215 383.702 0.863758 1.3053 9.76452
557.333 42.8718 0.688473 0.851256 10.1831
559.282 120.82 0.570893 0.921528 10.1822
346.872 192.923 -0.0786891 0.859763 9.76799
929.538 224.102 -0.456395 0.899274 11.1493
680.102 302.051 -0.956265 0.998887 10.5684
754.154 298.154 -0.639527 1.03067 10.7172
956.82 144.205 0.320849 0.903587 10.8988
385.846 452.102 0.494219 1.38832 9.90824
313.743 444.308 0.848407 1.37607 9.87374
294.256 508.615 0.842484 1.45109 9.84817
239.692 426.769 0.808839 1.35235 9.77861
401.436 290.359 0.254138 1.11305 9.91235
190.974 298.154 0.699777 1.1806 9.69617
228 335.179 0.756179 1.23494 9.75751
284.513 580.718 0.72521 1.5448 9.80985
563.179 411.179 -2.5272 1.25091 10.253
539.795 432.615 -1.08383 1.35732 10.1387
255.282 578.769 0.693385 1.54186 9.7581
163.692 270.872 0.814696 1.16331 9.69897
547.59 350.769 -0.813861 1.14439 10.1791
348.82 257.231 0.695367 1.13511 9.89614
163.692 576.82 0.798613 1.51876 9.68974
611.897 574.872 -1.04528 1.79959 10.3337
167.59 467.692 0.784563 1.39524 9.68906
537.846 615.795 -0.0121229 1.72944 10.1152
487.179 656.718 -0.0400827 1.79817 10.0092
485.231 627.487 0.117246 1.72207 10.0188
358.564 103.282 0.962037 1.02119 9.95881
986.051 393.641 -0.755556 1.32226 11.3923
728.82 623.59 -0.849751 1.91822 10.6389
204.615 469.641 0.803056 1.40001 9.73887
728.82 401.436 -0.733081 1.30506 10.6537
535.897 257.231 -0.442224 0.945383 10.1477
327.385 625.538 0.864512 1.5839 9.88433
886.666 397.538 -1.13145 1.31077 11.2346
705.436 621.641 -1.07936 1.94962 10.6084
266.974 428.718 0.779263 1.35655 9.80317
966.564 224.102 0.0596429 0.997374 11.0157
962.666 292.308 0.0441576 1.13378 11.009
261.128 335.179 0.657168 1.22691 9.77478
311.795 192.923 -0.0627038 0.858805 9.7002
179.282 126.667 0.256911 0.812791 9.5453
798.974 192.923 -0.000727273 0.906898 10.6944
722.974 50.6667 0.588383 0.827962 10.4331
717.128 95.4872 0.478545 0.860164 10.4392
588.513 206.564 0.15665 0.959669 10.2456
567.077 83.7948 0.573158 0.867386 10.1984
504.718 496.923 0.153917 1.4797 10.0609
430.667 430.667 0.239411 1.35502 9.94977
383.897 524.205 0.436744 1.49965 9.89606
323.487 565.128 0.688443 1.5326 9.85028
347.226 193.1 -0.113221 0.851652 9.76263
352.541 595.245 0.863636 1.54831 9.9134
350.769 400.373 0.700095 1.32234 9.8919
487.179 442.89 -0.76659 1.37889 9.99045
547.412 487.179 -0.34762 1.49004 10.1495
294.079 508.438 0.846626 1.45221 9.84899
240.932 301.165 0.714622 1.18744 9.76144
191.329 357.855 0.72919 1.25979 9.70486
228.531 334.825 0.737808 1.23269 9.75304
164.755 577.529 0.776834 1.52082 9.68167
540.326 434.032 -1.15457 1.35656 10.1407
457.063 302.937 0.150605 1.12673 9.99467
322.424 566.9 0.673703 1.53214 9.84776
286.993 572.214 0.868648 1.51942 9.84364
333.053 591.701 0.881813 1.54456 9.89506
235.618 547.412 0.77402 1.49314 9.7652
329.51 627.133 0.874417 1.58072 9.88561
168.298 467.692 0.797226 1.39399 9.69295
162.984 271.049 0.742507 1.15184 9.67565
232.075 207.273 0.58607 1.03758 9.71895
193.1 271.049 0.76995 1.15834 9.72033
228.531 269.277 0.721445 1.15101 9.75111
570.443 127.552 0.459559 0.901737 10.2048
359.627 104.522 0.960616 1.02077 9.95864
538.555 616.503 -0.00491396 1.72808 10.1164
487.179 657.249 -0.0542914 1.80187 10.0052
348.998 256.876 0.697117 1.13581 9.89656
205.501 469.464 0.792231 1.39981 9.73692
297.622 248.019 0.649905 1.11207 9.82247
887.552 396.83 -1.04499 1.31218 11.205
738.741 434.032 -1.23336 1.39354 10.7706
705.081 621.818 -1.01622 1.94095 10.5978
549.184 352.541 -0.702248 1.15418 10.1762
178.928 127.552 0.236157 0.807714 9.53883
965.501 223.217 -0.106248 0.968747 11.0867
963.729 292.308 -0.0334957 1.127 11.0384
533.24 263.963 -0.524707 0.945259 10.1446
276.364 363.17 0.711571 1.27195 9.80454
265.734 402.144 0.756474 1.31983 9.79843
752.914 297.622 -1.02524 0.98455 10.8016
680.279 302.937 -1.04171 0.990576 10.5852
559.813 122.238 0.499154 0.903146 10.1873
556.27 42.5175 0.709501 0.856401 10.181
956.643 143.496 0.336734 0.908099 10.8931
930.07 223.217 -0.379943 0.908877 11.1194
816.69 191.329 0.0357502 0.917094 10.7187
717.482 95.6643 0.510665 0.869226 10.4338
311.795 193.1 -0.117395 0.846448 9.69231
634.219 412.774 -0.90368 1.31388 10.411
214.359 366.713 0.778657 1.27534 9.74583
712.168 405.688 -0.949713 1.30979 10.6505
435.804 343.683 0.280856 1.20766 9.96538
313.566 442.89 0.863681 1.37726 9.87659
301.165 476.55 0.874327 1.41719 9.86289
816.529 191.651 0.123387 0.934045 10.6938
798.813 193.261 -0.0111188 0.906163 10.6969
987.243 392.964 -0.850354 1.32326 11.4397
737.614 433.227 -1.12201 1.39421 10.745
707.014 623.267 -1.13048 1.96126 10.6161
734.393 555.626 -0.375995 1.68238 10.57
650.646 608.773 -0.922126 1.87321 10.4294
963.085 291.502 -0.0653541 1.12382 11.0513
966.306 223.861 -0.129923 0.959367 11.0941
716.677 95.0201 0.471538 0.856847 10.4423
752.108 297.944 -1.2263 0.960887 10.8469
679.635 302.776 -1.08158 0.983779 10.5876
929.264 223.861 -0.257445 0.933607 11.0659
383.301 523.416 0.573723 1.49054 9.91025
508.921 478.322 0.0928208 1.45107 10.0742
484.764 629.709 0.22057 1.70727 10.0194
584.615 671.583 0.0109555 1.83556 10.1955
537.91 616.825 0.0498937 1.71936 10.1164
534.689 655.478 0.0194814 1.79622 10.1076
502.479 555.626 0.00645863 1.60578 10.0481
169.104 468.658 0.743126 1.39527 9.67708
294.723 476.711 0.851405 1.41547 9.85275
206.145 470.269 0.810756 1.40035 9.74158
183.598 494.427 0.706777 1.43134 9.68367
277.008 365.586 0.728808 1.27413 9.80778
265.734 402.628 0.758179 1.32239 9.799
254.461 362.365 0.780236 1.27647 9.79349
280.229 621.657 0.868455 1.57439 9.83826
305.997 620.046 0.907136 1.56933 9.86917
571.731 128.841 0.592327 0.93834 10.1976
579.784 170.714 0.380569 0.946241 10.2204
565.289 85.357 0.577042 0.86908 10.1983
554.016 43.4838 0.746952 0.868381 10.1772
372.028 225.471 0.619515 1.0781 9.9157
349.481 257.682 0.691489 1.13326 9.89562
549.184 352.702 -0.825557 1.14358 10.1801
533.079 264.124 -0.284722 0.985069 10.1394
180.377 127.23 0.232262 0.806671 9.53766
257.682 336.597 0.764958 1.24274 9.79454
288.281 273.787 0.758444 1.16624 9.83258
297.944 248.019 0.651875 1.11302 9.82268
230.303 207.756 0.602669 1.04183 9.72113
222.25 273.787 0.741578 1.1582 9.74734
386.522 452.553 0.475816 1.38714 9.90698
386.522 470.269 0.554446 1.41813 9.91581
431.617 431.617 0.218171 1.35421 9.94855
383.301 603.941 0.873512 1.56095 9.94677
296.334 587.836 0.880107 1.53217 9.85714
478.322 552.405 0.0993502 1.58422 10.0095
447.722 330.155 0.146057 1.17494 9.97542
436.448 343.039 0.298598 1.20932 9.96597
227.082 334.986 0.749488 1.23602 9.75584
214.198 367.196 0.76797 1.27513 9.743
156.219 333.376 0.666868 1.2194 9.64172
161.051 359.144 0.715078 1.2585 9.66466
620.046 412.291 -1.05767 1.31051 10.3885
632.93 412.291 -0.913602 1.31384 10.4118
729.122 625.171 -0.200015 1.80893 10.5232
650.06 609.066 -0.988196 1.88429 10.4369
954.593 144.946 0.343953 0.90954 10.8881
963.378 224.007 -0.119 0.964979 11.0927
723.265 51.2435 0.642504 0.848712 10.4207
765.724 298.676 -1.13804 0.97471 10.867
710.089 200.582 -0.0168163 0.912468 10.507
928.24 224.007 -0.418122 0.904818 11.13
799.399 193.261 0.166192 0.943789 10.647
376.274 426.053 0.607081 1.35313 9.90731
486.081 443.622 -0.950424 1.3809 9.98363
594.425 616.386 -1.45978 1.96295 10.2941
587.104 672.022 -0.136534 1.86643 10.2056
534.397 655.917 0.262791 1.74684 10.1099
292.82 509.507 0.846626 1.45221 9.84899
276.715 366.025 0.698626 1.27226 9.80297
263.538 402.628 0.658518 1.3171 9.77541
313.317 443.622 0.953781 1.37879 9.89434
281.107 622.243 0.868455 1.57439 9.83826
329.423 628.099 0.867675 1.58221 9.88501
360.169 105.415 0.926048 1.0105 9.9548
540.253 27.8179 0.752868 0.85284 10.1603
433.374 294.284 0.207977 1.11695 9.96123
452.407 301.605 0.167815 1.12377 9.99133
530.004 313.317 -0.357747 1.08711 10.1307
530.004 333.815 -0.311027 1.14035 10.1228
534.397 219.615 -0.176703 0.905228 10.1479
532.932 265.002 -0.286865 0.98406 10.1399
180.084 127.377 0.288917 0.823787 9.55511
241.577 276.715 0.746195 1.16342 9.77308
386.522 471.44 0.603687 1.41828 9.92108
351.384 595.889 0.929976 1.54057 9.92212
295.748 587.104 0.909783 1.52885 9.86263
392.379 395.307 0.471634 1.30791 9.91383
215.223 364.561 0.748618 1.27306 9.739
478.761 553.43 0.126372 1.58391 10.0142
297.212 445.086 0.824005 1.37733 9.84746
298.676 480.225 0.882837 1.41633 9.86515
278.179 341.135 0.779781 1.25001 9.82271
434.838 342.599 0.245186 1.2052 9.96263
632.491 412.876 -0.947738 1.31464 10.4129
226.936 335.279 0.778835 1.23974 9.7621
199.118 335.279 0.74761 1.23551 9.71806
698.775 239.58 -0.467483 0.905064 10.5573
987.602 392.645 -0.853201 1.32076 11.4446
736.043 460.526 -1.15082 1.47529 10.741
641.542 618.915 -1.16899 1.94208 10.4242
704.099 622.908 -0.939667 1.92878 10.582
661.507 685.465 0.0910905 1.85691 10.3364
954.327 145.079 0.265646 0.889998 10.922
963.644 223.608 -0.168352 0.955175 11.1137
724.064 50.578 0.633752 0.845513 10.4237
752.015 298.144 -1.23988 0.961071 10.8476
680.141 303.468 -1.17503 0.975366 10.6035
929.038 223.608 -0.252476 0.935047 11.0661
799.931 192.995 0.166192 0.943789 10.647
376.673 425.92 0.522555 1.3512 9.89514
570.999 452.54 -2.21634 1.42562 10.2585
436.568 661.507 0.0617276 1.78591 9.92579
539.055 617.584 0.0761668 1.71582 10.1161
254.221 362.032 0.783467 1.27752 9.79403
314.116 443.223 0.843654 1.37668 9.87325
288.827 570.999 0.840475 1.5203 9.83781
231.594 548.372 0.757755 1.49692 9.75457
572.33 129.107 0.563579 0.932238 10.2004
489.808 130.438 0.326868 0.860005 10.0772
567.006 85.184 0.407693 0.814261 10.2103
540.386 27.951 0.749597 0.851423 10.1606
370.018 326.095 0.474391 1.19821 9.88922
350.053 256.883 0.655738 1.12959 9.89216
549.703 354.046 -0.707092 1.15164 10.1759
590.964 208.967 0.0650654 0.939751 10.2598
533.731 258.214 -0.386272 0.951081 10.1447
189.002 298.144 0.754027 1.18986 9.71086
272.855 220.946 0.62821 1.06804 9.78369
287.496 274.186 0.755618 1.1657 9.8322
230.263 207.636 0.62085 1.04533 9.72681
362.032 469.843 0.52966 1.41511 9.87254
416.603 421.927 0.290015 1.34297 9.93
167.706 381.997 0.692048 1.28384 9.66123
435.237 342.067 0.282545 1.20741 9.96432
515.097 504.449 0.260896 1.49342 10.083
340.736 27.951 1.11043 0.996119 9.96384
334.081 54.571 1.09576 1.01608 9.95636
351.384 593.626 0.878382 1.54629 9.91546
295.482 477.829 0.836884 1.41754 9.85142
157.058 334.081 0.706693 1.22443 9.65495
633.556 412.61 -0.947738 1.31464 10.4129
588.302 186.34 0.209372 0.929168 10.2418
279.51 340.736 0.803942 1.25194 9.82747
192.995 360.701 0.734562 1.26513 9.70807
222.277 274.186 0.726378 1.1551 9.74241
717.53 95.59 0.424731 0.841442 10.4525
751.41 297.66 -0.954215 0.995809 10.7828
767.14 297.66 -1.33134 0.953949 10.9159
678.81 302.5 -1.06813 0.987347 10.5845
710.27 199.65 -0.0602133 0.904181 10.5141
798.6 193.6 -0.00546243 0.908049 10.6936
436.81 661.87 0.0469065 1.78814 9.92456
330.33 627.99 0.858103 1.58565 9.88369
594.11 615.89 -1.324 1.94443 10.287
586.85 671.55 -0.149688 1.86875 10.2062
539.66 617.1 0.0238949 1.72428 10.119
264.99 402.93 0.628169 1.31645 9.76993
314.6 442.86 0.786701 1.3762 9.8648
232.32 548.13 0.713118 1.50081 9.74269
571.12 164.56 0.374608 0.932107 10.2068
557.81 121 0.540549 0.911751 10.1841
505.78 165.77 0.178806 0.881453 10.0961
540.87 27.83 0.752318 0.853078 10.1599
447.7 300.08 0.284934 1.13804 9.99509
448.91 330.33 -0.00452513 1.16133 9.96692
401.72 297.66 0.333278 1.13755 9.92302
549.34 353.32 -0.717283 1.1553 10.1778
590.48 209.33 0.107733 0.949736 10.2505
272.25 221.43 0.625985 1.06729 9.78346
297.66 248.05 0.650149 1.1135 9.82226
229.9 208.12 0.605055 1.04191 9.72282
315.81 613.47 0.899524 1.56301 9.87741
632.83 412.61 -0.872374 1.31344 10.4052
552.97 408.98 -1.34729 1.28163 10.1962
526.35 445.28 -1.18525 1.38962 10.1034
279.51 341.22 0.83068 1.25455 9.83296
335.17 45.98 1.10099 1.00863 9.95926
359.37 52.03 1.01598 0.982487 9.96844
352.11 594.11 0.910701 1.54369 9.9209
295.24 476.74 0.83338 1.41633 9.85023
227.48 335.17 0.726678 1.23596 9.74819
370.26 379.94 0.468578 1.28472 9.88431
528.77 574.75 0.105867 1.62935 10.1048
479.16 552.97 0.161189 1.58113 10.0155
280.72 582.01 0.79743 1.53717 9.82245
732.05 589.27 -1.07646 1.85764 10.6935
370.26 325.49 0.47655 1.19885 9.88906
728.2 401.5 -1.07065 1.29596 10.7227
954.8 145.2 0.275333 0.892666 10.9167
718.3 95.7 0.457737 0.852009 10.4462
751.3 298.1 -1.23988 0.961071 10.8476
678.7 303.6 -1.09293 0.985096 10.5895
683.1 303.6 -0.985522 0.99836 10.5829
710.6 200.2 -0.0835757 0.899412 10.5187
798.6 193.6 0.0318284 0.917418 10.6826
624.8 581.9 -1.00485 1.80234 10.3674
254.1 364.1 0.759504 1.27589 9.7894
314.6 443.3 0.803992 1.37518 9.86717
279.4 622.6 0.858692 1.57646 9.83133
289.3 570.9 0.885072 1.51812 9.85002
220 580.8 0.810474 1.52971 9.75091
573.1 129.8 0.549222 0.927335 10.2032
567.6 85.8 0.588586 0.872978 10.1965
533.5 259.6 -0.362486 0.955965 10.1441
161.7 271.7 0.753388 1.1531 9.6784
297 248.6 0.641205 1.11142 9.82109
229.9 207.9 0.63106 1.04827 9.72768
385 596.2 0.865038 1.55375 9.94849
361.9 470.8 0.443601 1.41824 9.86311
359.7 51.7 1.00107 0.977498 9.96669
434.5 341 0.244043 1.20321 9.96204
331.1 592.9 0.8667 1.5459 9.89205
352 594 0.847146 1.54996 9.91183
295.9 477.4 0.840553 1.41583 9.851
418 401.5 0.199247 1.30292 9.92484
442.2 400.4 0.330765 1.30937 9.97678
265.1 334.4 0.798481 1.24476 9.80927
227.7 335.5 0.716756 1.23537 9.74527
514.8 504.9 0.090832 1.50255 10.082
485.1 443.3 -0.963757 1.37658 9.98245
473 555.5 0.118281 1.58889 10.0036
529.1 317.9 -0.446425 1.08946 10.1298
548.9 353.1 -0.80008 1.14825 10.1825
452.1 352 0.152522 1.21541 9.98395
268.4 404.8 0.605402 1.31521 9.76525
240.9 431.2 0.784581 1.3569 9.7757
202.4 270.6 0.74474 1.15359 9.72604
173.8 545.6 1.43381 1.44107 9.90885
888 397 -0.681559 1.31877 11.0814
731 623 -1.06682 1.95917 10.6805
703 622 -1.08106 1.95065 10.6037
954 145 0.299377 0.898698 10.9063
718 96 0.435038 0.846065 10.4497
678 303 -1.00362 0.99611 10.5742
540 652 0.0841635 1.77817 10.1146
533 260 -0.369211 0.957352 10.1443
229 208 0.634957 1.04947 9.72871
633 413 -0.872374 1.31344 10.4052
297 511 0.822994 1.45583 9.8454
202 388 0.747469 1.29781 9.72043
501 494 0.0723222 1.48565 10.0586
485 443 -1.10325 1.37945 9.97836
258 336 0.81679 1.2469 9.80553
448 330 0.145938 1.17507 9.97479
524 492 0.0608634 1.47987 10.105
