711 506 44.5011 4.72197 20.8565
74 357 37.2686 3.18174 22.8851
82 216 45.7643 2.59687 28.9368
1186 511 37.3796 3.17275 20.0162
40 299 37.8849 3.09295 23.4529
154 138 43.6911 1.78161 26.8215
194 229 48.8193 2.4331 29.2834
406 197 44.4741 1.93548 24.5299
1193 359 44.4078 2.487 16.2252
831.6 680.4 37.0028 3.60118 20.9159
855.6 499.2 37.037 3.20541 20.9165
1246.8 606 36.6069 3.21618 20.3253
195.6 406.8 37.8341 3.36005 22.8668
256.8 212.4 46.0952 2.20931 26.9539
1087.2 688.8 36.8135 3.47129 20.4592
169.2 399.6 37.7742 3.34225 22.915
1107.6 423.6 56.3021 3.7245 11.4575
74.4 356.4 37.2688 3.18027 22.886
1165.2 601.2 36.6828 3.2441 20.4203
1160.4 580.8 36.702 3.21405 20.4222
1237.2 528 37.1348 3.16106 20.037
1134 576 36.9299 3.25765 20.3516
622.8 501.6 42.3273 4.38047 21.6874
860.4 424.8 37.0544 3.04384 20.922
70.8 398.4 37.2498 3.28517 22.8678
74.4 362.4 37.2639 3.19541 22.8807
690 342 48.5969 3.10039 21.303
1144.8 486 45.7046 3.99007 15.8233
103.2 262.8 49.825 3.18853 31.3955
194.4 170.4 44.3471 1.98396 26.7953
58.8 146.4 45.389 1.81678 29.046
703.2 303.6 49.2558 2.4621 21.1908
1231.2 342 43.9975 2.27896 16.1241
1095.6 306 45.7482 1.96624 16.6963
849.6 536.4 37.0372 3.29111 20.9175
1209.6 338.4 44.1859 2.26056 16.2236
1196.64 335.52 44.432 2.24629 16.2247
495.36 524.16 41.4162 4.49144 22.5376
489.6 489.6 43.42 4.69116 23.0118
47.52 397.44 37.2168 3.28446 22.8984
226.08 681.12 37.4072 4.02122 22.4501
1206.72 362.88 44.11 2.50827 16.2565
1236.96 603.36 36.6343 3.22249 20.3286
262.08 216 46.3137 2.26296 26.9851
257.76 211.68 45.824 2.22721 26.8247
711.36 505.44 44.3607 4.69123 20.8592
1211.04 596.16 36.6505 3.21982 20.3646
262.08 312.48 38.0119 3.03904 22.7782
97.92 272.16 52.1289 3.44711 33.0414
169.92 400.32 37.776 3.34125 22.9162
168.48 364.32 38.3072 3.29635 23.2451
289.44 557.28 38.1529 3.89399 22.6343
322.56 280.8 50.5418 3.03214 27.8952
613.44 417.6 41.6815 3.63149 21.7966
37.44 659.52 37.2499 3.97414 22.879
70.56 460.8 37.2855 3.45191 22.8677
1186.56 511.2 37.379 3.1733 20.0169
351.36 573.12 38.4525 4.0255 22.5188
1249.92 502.56 37.2406 3.10309 19.9477
1100.16 504 37.6742 3.22518 20.0949
1081.44 493.92 37.7664 3.21141 20.1078
1090.08 561.6 36.9297 3.24044 20.4412
473.76 424.8 42.1784 3.90071 22.973
632.16 384.48 42.2969 3.41114 21.7339
129.6 385.92 37.4937 3.27522 22.8732
360 381.6 43.9518 3.89756 24.5787
1111.68 607.68 36.7657 3.29757 20.4682
67.68 401.76 37.2554 3.29272 22.8759
74.88 360 37.2652 3.19648 22.8789
1231.2 678.24 36.4549 3.29792 20.4255
1153.44 599.04 36.7207 3.25077 20.421
365.76 443.52 38.6535 3.54161 22.5892
361.44 473.76 38.7949 3.69408 22.6367
102.24 262.08 49.8287 3.19234 31.4188
280.8 86.4 41.4904 1.55368 24.5331
272.16 177.12 44.722 1.89287 26.1383
126.72 60.48 41.4184 1.54841 25.6695
527.04 216 45.2446 1.88004 23.3617
576 257.76 47.87 2.11655 23.1203
349.92 244.8 49.6341 2.34447 27.0911
480.96 204.48 44.9491 1.84854 23.8374
617.76 131.04 40.915 1.66592 21.9799
216 630.72 38.1864 4.21673 22.8883
612 532.8 41.5296 4.45633 21.6921
803.52 298.08 47.6184 2.30284 19.8282
720 208.8 43.3603 1.76104 21.2193
763.2 311.04 49.192 2.46566 20.2216
763.2 158.4 42.0069 1.52752 20.9656
948.96 210.24 36.8852 2.5779 20.8512
1095.84 305.28 45.7163 1.96875 16.7067
779.328 648 36.0827 3.23761 21.172
680.832 499.392 44.9592 4.81285 21.1934
1206.14 362.88 44.3902 2.50147 16.1134
1194.05 359.424 44.6195 2.48444 16.1246
297.216 513.216 38.1181 3.7336 22.6163
1216.51 589.248 36.6855 3.21643 20.3318
82.944 219.456 45.9828 2.58094 29.0815
210.816 625.536 38.1061 4.16505 22.8729
257.472 212.544 45.7011 2.24168 26.7611
381.888 425.088 39.0369 3.52033 22.6527
319.68 292.032 51.2595 3.20496 28.1813
521.856 414.72 42.8624 3.84496 22.7078
1119.74 103.68 39.6299 1.48466 19.3872
101.952 262.656 49.6259 3.18117 31.311
169.344 400.896 37.7813 3.33956 22.9179
1235.52 495.936 37.3891 3.10445 19.9011
715.392 238.464 43.148 2.04269 21.2352
1133.57 492.48 37.6791 3.17151 20.0046
1190.59 592.704 36.6794 3.2249 20.38
1187.14 511.488 37.3198 3.16008 20.0405
293.76 514.944 38.0352 3.7156 22.5856
1111.1 606.528 36.7522 3.28965 20.47
1118.02 584.064 36.7706 3.25154 20.4544
632.448 385.344 42.298 3.40884 21.7341
1159.49 580.608 36.703 3.2132 20.4236
578.88 354.24 49.9873 3.55542 23.1169
1088.64 561.6 36.9297 3.24044 20.4412
1073.09 559.872 37.1066 3.27868 20.4032
70.848 397.44 37.2508 3.27632 22.8614
101.952 366.336 37.4466 3.21387 22.93
74.304 361.152 37.2656 3.19198 22.8797
701.568 437.184 44.0332 3.96515 21.069
679.104 428.544 47.8287 4.35789 21.2976
281.664 86.4 41.4815 1.56639 24.5321
271.296 176.256 44.7258 1.8861 26.1287
93.312 32.832 41.1051 1.46038 25.7
51.84 160.704 45.452 1.99235 29.1306
350.784 245.376 48.9625 2.34659 26.8634
373.248 200.448 46.5842 1.84826 25.6286
288.576 558.144 38.2435 3.92288 22.6646
57.024 597.888 37.2638 3.80468 22.8606
65.664 546.048 37.2907 3.6827 22.8698
229.824 428.544 38.0769 3.45941 22.8703
69.12 402.624 37.2498 3.28554 22.8666
63.936 404.352 37.2499 3.29824 22.883
718.848 209.088 44.1152 1.68102 21.2408
705.024 304.128 48.6068 2.47709 21.1768
1119.74 302.4 44.6801 1.99531 16.896
946.944 202.176 36.8738 2.56635 20.863
827.712 511.488 37.9154 3.39966 20.8089
1242.43 528.768 37.1491 3.1641 20.0198
1143.94 622.08 36.7027 3.29095 20.4412
1105.92 397.44 56.9901 3.07859 11.2357
1185.41 402.624 43.8892 2.89858 16.4929
126.144 60.48 41.5959 1.51098 25.7676
1111.45 605.491 36.7649 3.29306 20.4675
304.819 487.296 38.1726 3.64364 22.6069
323.482 534.989 38.2684 3.82778 22.5611
1237.94 601.344 36.634 3.21941 20.3282
1208.91 595.123 36.6506 3.21977 20.368
58.0608 377.395 37.2221 3.23436 22.8945
45.6192 371.174 37.2035 3.21992 22.9078
1186.1 510.106 37.3138 3.15626 20.0439
228.096 300.672 38.0789 3.01663 22.922
630.375 410.573 42.876 3.67576 21.7587
603.418 412.646 41.3911 3.57753 21.8435
1155 532.915 36.824 3.15156 20.3706
170.035 400.205 37.6665 3.31907 22.8514
163.814 393.984 37.7097 3.30813 22.8934
356.659 586.829 38.9966 4.25747 22.654
350.438 572.314 38.8409 4.13544 22.6358
1096.93 501.811 37.718 3.20925 20.0888
1165.36 603.418 36.653 3.24832 20.4343
1150.85 597.197 36.7216 3.25281 20.4222
1188.17 590.976 36.6837 3.22474 20.3784
622.08 501.811 43.3152 4.56376 21.76
729.907 288.23 46.3953 2.30206 20.8788
101.606 364.954 37.4459 3.21154 22.9286
101.606 261.274 49.6259 3.18117 31.311
1080.35 493.517 37.7671 3.21338 20.1069
1221.35 489.37 37.4177 3.10648 19.9124
632.448 452.045 41.9755 3.90948 21.6445
1117.67 93.312 39.6391 1.4392 19.3999
1125.96 553.651 37.0955 3.24024 20.2966
632.448 393.984 44.2739 3.64866 21.885
1069.98 557.798 37.0609 3.27117 20.4197
1080.35 528.768 36.8631 3.17224 20.5098
1069.98 528.768 37.254 3.23173 20.3441
128.563 385.69 37.4886 3.2697 22.8702
109.901 387.763 37.4366 3.28049 22.8847
686.362 337.997 48.628 3.09106 21.3575
201.139 344.218 37.8869 3.1655 22.9035
91.2384 201.139 45.7083 2.33694 28.7919
74.6496 354.586 37.2734 3.1761 22.8899
194.918 172.109 44.5205 1.96313 26.885
271.642 176.256 44.4475 1.91985 25.9809
153.446 143.078 43.8436 1.8228 26.9175
576.461 255.053 47.043 2.13461 23.0074
371.174 199.066 45.4798 1.92681 25.2304
362.88 296.525 44.2747 3.04464 24.7942
607.565 184.55 43.6696 1.64873 22.3179
367.027 192.845 44.5361 1.92688 24.9843
211.507 624.154 38.1195 4.1683 22.876
230.17 427.162 38.0201 3.44976 22.8491
250.906 464.486 38.1382 3.58604 22.8084
269.568 483.149 38.0967 3.6309 22.7091
611.712 530.842 42.9823 4.76135 21.8119
564.019 524.621 41.2126 4.39033 22.016
555.725 649.037 38.6064 4.24369 21.7009
553.651 642.816 39.1021 4.39466 21.7564
410.573 665.626 38.1343 4.20848 22.1449
364.954 665.626 37.9451 4.15897 22.2496
881.28 282.01 37.0725 2.71523 20.9192
707.098 232.243 35.6209 2.82214 21.3282
717.466 209.434 43.5166 1.74327 21.2292
748.57 172.109 42.7373 1.53066 21.0538
1096.93 304.819 45.707 1.96302 16.695
1229.65 340.07 43.6313 2.28881 16.3146
1184.03 288.23 44.3341 1.79221 16.4604
680.141 499.738 45.2595 4.84522 21.2064
1142.55 620.006 36.7141 3.28979 20.4375
1233.79 620.006 36.5298 3.23313 20.3906
1194.39 613.786 36.6049 3.24851 20.4079
1103.16 393.984 57.4864 3.08009 11.0348
1221.35 364.954 44.1799 2.50401 16.0532
126.49 60.1344 41.4744 1.53314 25.6959
259.2 60.1344 40.7283 1.55657 24.3366
323.482 534.989 38.2186 3.8195 22.544
370.76 437.944 39.5514 3.666 22.8958
1167.02 534.989 37.3708 3.2256 20.0626
169.206 400.62 37.787 3.33774 22.9191
1117.26 92.0679 39.6022 1.44411 19.4129
1157.07 577.29 36.7177 3.21379 20.4198
74.6496 353.341 37.2745 3.17279 22.8899
49.7664 343.388 37.2423 3.15786 22.9299
144.323 281.18 52.5707 3.52849 32.3908
273.715 393.155 38.5578 3.38609 22.9554
271.227 482.734 38.1803 3.64765 22.7412
1186.93 569.825 36.754 3.19629 20.352
111.974 385.69 37.4471 3.26081 22.903
99.5328 363.295 37.4468 3.21311 22.9312
1079.93 492.687 37.7779 3.2123 20.1145
1055.05 492.687 37.9106 3.23059 20.1322
191.601 226.437 47.3645 2.44522 28.5321
283.669 231.414 47.4903 2.33739 27.2755
228.925 301.087 37.9915 3.01376 22.8836
273.715 176.671 44.4029 1.92404 25.9633
151.788 141.834 43.2021 1.87682 26.5438
617.103 261.274 45.7717 2.18692 22.3317
574.802 223.949 45.6635 1.85445 22.8635
482.734 204.042 44.4945 1.88967 23.7078
405.596 196.577 45.2506 1.8747 24.7817
233.902 552.407 38.056 3.89101 22.7959
313.528 594.709 38.0791 4.00341 22.5077
258.785 507.617 38.1547 3.7477 22.7586
251.32 465.316 38.1056 3.57965 22.7953
306.063 487.711 38.3016 3.67022 22.6521
512.594 520.059 42.3795 4.67122 22.5727
552.407 641.987 38.6441 4.25502 21.7064
350.853 602.174 38.8146 4.27499 22.6266
480.246 637.01 38.6355 4.26206 21.998
599.685 390.666 42.9321 3.57346 22.0698
629.545 470.293 43.0027 4.23552 21.7253
895.795 218.972 37.0788 2.59164 20.9131
880.865 281.18 37.0726 2.71624 20.9224
706.683 233.902 35.6194 2.82184 21.3288
758.938 159.253 41.725 1.57623 21.0026
1152.09 293.622 44.6295 1.863 16.6133
1097.35 303.575 45.5616 1.96908 16.7412
646.963 646.963 38.5548 4.18565 21.3155
1139.65 617.103 36.7261 3.28972 20.4401
1112.28 607.15 36.7987 3.3042 20.4536
1167.02 604.662 36.683 3.25194 20.4214
1087.4 559.872 36.9373 3.24297 20.4419
1094.86 500.152 37.7082 3.21038 20.0827
1229.23 251.32 42.8175 1.61392 16.9204
447.898 520.059 41.1661 4.45075 22.8257
211.507 624.568 38.2056 4.20128 22.9115
278.692 84.6029 42.4963 1.37547 25.015
256.297 59.7197 41.3333 1.44902 24.6255
1182.45 286.655 44.0725 1.80778 16.6181
223.949 394.15 38.2419 3.36458 22.98
209.019 379.22 38.0493 3.29648 22.9451
656.917 459.842 42.7782 4.09482 21.4725
1137.66 579.281 36.9281 3.25983 20.3491
131.383 349.36 37.5158 3.16959 22.9033
283.669 370.262 38.922 3.31712 23.0873
853.992 474.772 37.0501 3.17118 20.9245
848.02 480.743 37.0502 3.17612 20.9232
1188.42 510.603 37.3238 3.1602 20.0433
295.612 513.589 38.2547 3.75864 22.6629
304.57 489.701 38.1491 3.64659 22.6046
683.79 435.954 44.1784 3.97853 21.2523
259.781 214.991 46.792 2.18322 27.2708
286.655 232.907 48.7527 2.30373 27.8104
226.935 298.598 38.0873 3.01394 22.9328
80.6216 214.991 45.5837 2.59613 28.826
191.103 226.935 51.4869 2.30879 30.8101
74.6496 352.346 37.2754 3.17008 22.8895
277.697 179.159 45.7381 1.82088 26.5458
504.631 268.739 43.9068 2.62792 23.2501
615.113 262.767 42.9834 2.43387 22.0611
579.281 256.795 45.9441 2.1778 22.8467
606.155 355.332 44.7426 3.31318 22.2673
582.267 295.612 52.892 2.54223 23.6516
406.094 197.075 45.5474 1.86342 24.8889
370.262 197.075 45.1214 1.92421 25.1547
232.907 552.407 38.1976 3.92252 22.8532
304.57 636.015 38.2555 4.20525 22.5816
155.271 636.015 38.0181 4.20795 23.0307
259.781 507.617 38.1864 3.74847 22.7741
77.6356 361.304 37.268 3.19161 22.8736
131.383 385.192 37.4892 3.27034 22.8674
564.351 522.547 41.7027 4.48594 22.0786
612.127 528.519 43.3892 4.8295 21.8533
630.043 397.136 42.9601 3.54681 21.7701
630.043 471.786 42.1207 4.08514 21.6637
931.627 212.005 36.8738 2.58678 20.8782
868.922 355.332 37.0619 2.89005 20.9296
683.79 259.781 44.0171 2.17355 21.4971
716.636 209.019 44.0947 1.68978 21.2541
749.482 170.201 41.5837 1.687 21.0754
1101.83 304.57 45.2814 1.96786 16.795
1197.38 334.43 43.6999 2.26725 16.555
680.805 498.659 44.6996 4.74054 21.2078
1122.73 588.239 36.5483 3.20847 20.5575
1149.6 597.197 36.7059 3.25131 20.4428
1113.77 603.169 36.7985 3.28624 20.4564
1167.52 603.169 36.6735 3.25 20.4268
1083.91 561.365 36.9467 3.25967 20.4383
1048.08 570.323 37.0704 3.30671 20.4709
1107.8 492.687 37.7144 3.18993 20.0621
946.557 200.061 36.8671 2.56577 20.8641
1161.55 71.6636 39.4293 1.36107 19.2875
447.898 519.561 41.1512 4.44525 22.8291
65.6917 462.828 37.2871 3.46168 22.8779
128.397 59.7197 41.9615 1.45769 25.9925
256.795 59.7197 41.3205 1.44743 24.625
730.969 286.655 49.1763 2.19037 20.7934
1157.37 576.892 36.7171 3.20876 20.4091
1153.78 558.976 36.9515 3.22328 20.3038
261.572 508.812 38.2212 3.75283 22.7855
480.146 397.733 42.3208 3.74466 22.9349
1139.45 616.307 36.6507 3.27311 20.4725
1121.54 587.642 36.7719 3.25418 20.4575
666.472 397.733 42.081 3.46836 21.4187
211.408 623.474 38.3227 4.23473 22.9564
404.9 197.075 44.836 1.90277 24.6598
369.068 197.075 46.3325 1.83178 25.6095
490.896 558.976 40.0717 4.36993 22.2959
612.724 143.327 36.7956 2.54693 21.5241
716.636 207.825 43.8036 1.72092 21.2631
680.805 257.989 43.5003 2.22267 21.4914
150.494 139.744 43.394 1.8387 26.6846
1100.04 304.57 46.7252 1.87722 16.2963
311.737 594.808 38.258 4.05386 22.5722
612.724 261.572 46.0444 2.1725 22.3865
576.892 254.406 45.6546 2.18389 22.7965
75.2468 383.4 37.2826 3.24569 22.8723
1196.78 333.236 43.8966 2.24273 16.4668
1178.87 286.655 44.1703 1.80387 16.5605
1186.03 591.225 36.6366 3.213 20.4132
1168.12 605.558 36.6765 3.24125 20.4095
569.726 562.56 40.613 4.4475 21.8824
895.795 214.991 37.085 2.58043 20.9127
157.66 401.316 37.7451 3.34821 22.9428
250.823 465.814 38.27 3.61354 22.8581
100.329 261.572 51.0241 3.19581 32.2639
558.976 498.062 42.8077 4.54838 22.2765
634.223 487.313 42.9901 4.35166 21.6038
591.225 351.152 44.1009 3.20441 22.2746
1092.87 498.062 37.7083 3.20995 20.0797
1121.54 551.81 37.0999 3.23795 20.3009
243.656 401.316 38.1302 3.36378 22.8654
229.324 426.399 38.1598 3.46907 22.9053
286.655 558.976 38.0406 3.87861 22.6037
293.821 512.395 38.2384 3.75196 22.6628
931.627 211.408 36.9274 2.58116 20.8823
275.905 82.4132 41.7625 1.50784 24.6642
1173.85 576.176 36.7111 3.20764 20.4029
1152.35 571.876 36.7361 3.20795 20.416
1165.25 554.677 36.9418 3.21539 20.294
640.673 425.682 43.1759 3.83708 21.6598
490.179 558.976 40.0717 4.36993 22.2959
614.874 141.894 41.7463 1.60828 22.0865
945.96 197.792 36.8848 2.56246 20.8618
713.77 210.691 43.7851 1.70516 21.2632
864.263 356.885 37.0479 2.89954 20.9388
1139.45 610.574 36.7455 3.30331 20.4344
116.095 382.684 37.4578 3.26592 22.8988
257.989 210.691 45.347 2.23574 26.5912
232.19 193.492 46.2234 1.94475 27.4254
610.574 524.578 43.5337 4.86151 21.8676
189.192 227.89 47.7465 2.43595 28.7802
253.689 464.38 38.2314 3.60371 22.8413
343.985 240.79 48.0964 2.33251 26.6528
305.287 632.073 38.2344 4.19855 22.5751
348.285 580.475 39.1345 4.26492 22.714
313.887 593.375 38.2068 4.04009 22.5534
597.675 391.283 43.2884 3.61143 22.1335
1113.65 305.287 45.5713 1.941 16.6522
425.682 318.187 44.53 3.17194 24.1618
567.576 563.276 40.4934 4.42344 21.8738
898.662 214.991 37.08 2.58332 20.909
262.289 507.379 38.0548 3.71795 22.7262
580.475 253.689 47.4543 2.09792 23.0383
184.892 408.483 37.8414 3.37411 22.8803
171.993 399.883 37.7744 3.32826 22.9179
606.274 348.285 40.2034 3.05517 21.8282
584.775 468.68 43.6859 4.45051 22.2022
675.071 326.786 44.3335 2.89991 21.5382
1087.85 567.576 36.9754 3.26813 20.4405
675.071 472.98 56.4024 6.30897 21.3986
1191.05 567.576 36.7545 3.19352 20.3496
227.89 425.682 38.1515 3.4578 22.9033
227.89 391.283 37.9991 3.33047 22.87
335.386 558.976 38.6814 4.04784 22.6566
1096.45 494.479 37.7225 3.20577 20.0863
81.6965 356.885 37.2681 3.1925 22.8687
356.885 580.475 38.9864 4.23708 22.669
485.879 206.391 44.8158 1.8801 23.7527
365.485 193.492 43.4457 2.07117 24.5442
275.188 81.6965 41.6905 1.50593 24.656
257.989 211.551 44.672 2.27549 26.2773
861.684 376.664 37.0855 2.93525 20.927
1062.92 221.871 36.43 2.64831 20.779
448.901 510.818 42.065 4.60332 23.0599
567.576 221.871 46.3749 1.79559 23.0579
1124.83 356.025 47.0721 2.40788 15.5071
1171.27 541.777 36.7637 3.14182 20.3668
185.752 227.03 49.5091 2.4111 29.764
288.948 232.19 47.5431 2.31668 27.198
1129.99 417.942 50.8483 3.32349 13.8036
1160.95 485.02 37.4853 3.13207 20.0472
175.433 361.185 37.5316 3.18802 22.7842
361.185 562.416 38.9577 4.15832 22.6063
325.066 541.777 38.3998 3.8914 22.6127
335.386 479.86 37.4764 3.45622 22.2585
299.267 495.339 38.0806 3.63288 22.5968
1068.07 526.298 37.4994 3.26214 20.2422
283.788 562.416 38.302 3.94101 22.715
619.174 345.705 41.6682 3.06822 21.8454
634.653 397.303 45.0366 3.76979 21.9209
1135.15 614.014 36.6425 3.27325 20.4737
629.493 490.179 42.0935 4.23094 21.6197
1047.44 546.937 37.142 3.27469 20.4527
1124.83 593.375 36.9131 3.28506 20.3818
490.179 206.391 43.7017 1.95974 23.4657
361.185 196.072 45.1214 1.92421 25.1547
619.174 139.314 41.6453 1.59098 22.0553
190.912 170.273 45.8993 1.86769 27.6308
98.0359 201.231 48.0313 2.26554 30.2296
154.793 128.995 43.2509 1.84018 26.6086
149.634 139.314 43.2976 1.84802 26.6347
897.802 211.551 37.0876 2.57462 20.9096
185.752 229.094 47.3084 2.49037 28.5907
297.203 489.147 38.5983 3.7922 22.806
340.546 470.572 37.6863 3.46833 22.3421
631.557 470.572 42.0074 4.0895 21.6606
371.504 421.038 39.1648 3.52811 22.7415
532.49 495.339 41.6118 4.32536 22.3389
582.023 253.861 45.2075 2.20363 22.7213
1120.7 551.065 37.0994 3.2489 20.3054
359.121 563.448 38.248 3.93144 22.4397
359.121 532.49 38.9613 3.98686 22.6753
352.929 501.531 38.903 3.84419 22.691
594.407 396.271 40.9651 3.41572 21.8977
229.094 421.038 37.9571 3.43076 22.8349
179.56 402.463 37.826 3.35721 22.8875
631.557 489.147 41.1812 3.97195 21.5923
340.546 241.478 46.6524 2.35127 26.1339
1064.98 495.339 37.8096 3.22742 20.1244
842.076 507.723 37.0434 3.23354 20.9248
947.336 191.944 36.8748 2.55827 20.8646
1064.98 216.711 36.7984 2.59005 20.6474
371.504 563.448 39.5005 4.29605 22.7443
253.861 464.38 38.1999 3.60246 22.824
563.448 216.711 47.3811 1.72118 23.2111
619.174 136.218 40.4022 1.73132 21.9006
507.723 266.245 48.3379 2.40265 24.3133
191.944 167.177 45.3431 1.90749 27.3422
148.602 136.218 43.0084 1.81103 26.4717
903.994 210.519 37.0828 2.5838 20.9133
497.816 460.665 40.1891 3.85582 22.3592
631.557 393.795 40.6961 3.3669 21.6002
921.331 215.473 36.9627 2.58671 20.8852
943.621 193.182 36.8772 2.55116 20.856
899.04 208.042 37.0396 2.57859 20.9088
1077.36 564.687 36.964 3.25858 20.465
512.676 512.676 39.5934 4.03032 22.1165
594.407 490.386 38.9742 3.71669 21.7051
579.547 289.773 43.1341 2.69876 22.5411
586.977 252.623 43.9752 2.24554 22.4981
579.547 475.526 44.1102 4.53521 22.2425
787.589 297.203 35.4749 2.86106 21.2859
557.256 386.365 40.433 3.35873 22.0572
1114.51 549.826 36.9616 3.22209 20.3839
861.89 371.504 37.3224 2.91249 20.9125
1062.5 215.473 36.921 2.57209 20.614
743.009 163.462 42.2573 1.52076 21.0716
356.644 572.117 39.5631 4.34147 22.855
282.343 557.256 38.4208 3.97039 22.7548
349.214 505.246 37.6913 3.57559 22.2796
282.343 178.322 45.8654 1.80331 26.4523
490.386 208.042 44.7885 1.86424 23.7285
213.987 285.315 35.7746 2.89869 21.7223
579.547 285.315 43.7807 2.57846 22.4819
588.463 258.567 46.1618 2.14273 22.7615
864.862 365.56 37.0526 2.89139 20.9194
873.778 294.231 37.0739 2.70809 20.9255
356.644 508.218 38.6487 3.80126 22.6105
633.043 490.386 40.5732 3.98081 21.5503
1078.85 374.476 43.5667 2.82252 17.7081
954.023 187.238 36.9074 2.5518 20.8638
1061.02 213.987 36.9208 2.56557 20.6151
543.882 517.134 40.1748 4.1153 22.0449
178.322 401.225 37.9014 3.36165 22.9291
240.735 543.882 38.0191 3.83536 22.7614
258.567 481.47 38.1518 3.61539 22.8011
178.322 231.819 46.4558 2.49962 28.2281
196.154 169.406 44.2111 1.97179 26.7231
285.315 178.322 46.1433 1.80292 26.5312
552.798 213.987 43.6085 1.96754 22.815
