1387 972 3.04088 0.154352 15.6468
954 98 2.32357 -3.28226 20.1586
418 992 1.10697 0.16704 15.5583
245 1059 0.67556 0.382138 15.8111
524 964 1.27016 0.155391 15.7026
1562 928 2.88364 -0.194914 14.635
1495 1059 3.091 0.200082 15.2674
1561 1041 2.88183 -0.0512568 14.6278
1438 630 2.94799 -0.572277 15.1874
960 920.4 2.28108 0.547841 17.602
1384.8 464.4 2.67833 -0.819521 14.7362
222 900 0.711276 0.00879957 15.6168
1088.4 888 2.79171 0.525265 18.0304
1081.2 816 2.88233 0.390022 18.8008
1281.6 932.4 3.19218 0.397434 16.8965
1562.4 487.2 2.86908 -0.780476 14.6179
313.2 559.2 0.848228 -0.659749 15.6478
1516.8 592.8 2.94134 -0.63893 14.8853
1459.2 590.4 2.76856 -0.64488 14.7009
1786.8 806.4 2.79957 -0.455145 14.0718
524.4 963.6 1.26525 0.159792 15.7222
1561.2 1041.6 2.88207 -0.0509148 14.6308
309.6 748.8 0.889443 -0.295653 15.5438
404.4 753.6 1.07715 -0.289722 15.5368
472.8 704.4 1.16828 -0.377029 15.6405
1213.2 591.6 3.49739 -0.614714 18.9818
1196.4 705.6 3.72701 0.0433034 20.2357
1448.4 1030.8 3.01663 0.155832 15.2853
1443.6 987.6 3.08005 0.132115 15.4567
1473.6 841.2 3.01341 -0.201038 15.1878
1248.48 1000.8 2.9498 0.436161 16.3673
1774.08 1012.32 2.81181 -0.257746 14.11
221.76 900 0.712577 0.00836811 15.6127
1516.32 593.28 2.94069 -0.637915 14.8853
1560.96 656.64 2.87466 -0.554809 14.624
1558.08 580.32 2.87596 -0.66057 14.6292
197.28 986.4 0.586959 0.228338 15.7921
1560.96 1041.12 2.88776 -0.0486122 14.644
1391.04 655.2 3.45159 -0.444953 16.7047
1329.12 666.72 3.28702 -0.410507 16.7557
404.64 753.12 1.07296 -0.294819 15.5345
485.28 972 1.22931 0.135333 15.569
398.88 499.68 1.05746 -0.780702 15.5062
1560.96 927.36 2.88423 -0.194927 14.635
1448.64 1031.04 2.99283 0.137965 15.2259
1442.88 980.64 3.10748 0.138926 15.5345
665.28 633.6 1.02173 -0.374749 18.9458
1270.08 678.24 3.2771 -0.329672 17.3114
1523.52 888.48 2.98911 -0.176544 14.9593
1487.52 792 2.9951 -0.307655 15.0947
1480.32 783.36 2.98688 -0.315646 15.0974
1779.84 1012.32 2.80043 -0.263017 14.0831
684 950.4 1.37779 0.54594 17.2037
50.4 767.52 0.647682 -0.314608 15.1611
713.664 908.928 1.42473 0.503993 17.5443
1309.82 426.816 2.58485 -0.877769 14.786
311.04 587.52 0.844366 -0.606879 15.6454
1328.83 667.008 3.27744 -0.413395 16.7155
501.12 710.208 1.23881 -0.368403 15.5899
485.568 972.864 1.21264 0.158429 15.6413
1544.83 825.984 2.91812 -0.308543 14.7455
1403.14 729.216 3.01677 -0.358707 15.5213
399.168 499.392 1.05804 -0.780715 15.5061
1387.58 971.136 3.02942 0.145587 15.6184
1270.08 627.264 3.25612 -0.504871 17.2377
1213.06 589.248 3.26139 -0.626182 18.0137
406.08 751.68 1.07715 -0.289722 15.5368
1251.07 378.432 3.47107 -1.49073 18.3244
1278.72 323.136 3.1428 -1.43024 16.8443
1276.99 768.96 3.45335 0.0354447 17.8218
1218.24 784.512 3.45554 0.239581 18.702
1195.78 706.752 3.72647 0.051109 20.2595
1477.44 1016.06 3.06384 0.126459 15.2685
1524.1 888.192 2.98865 -0.177429 14.9594
1468.8 907.2 2.99571 -0.0944713 15.1676
1541.38 848.448 2.928 -0.272205 14.7733
1473.98 841.536 2.98315 -0.214563 15.1182
736.128 781.056 1.31064 0.342732 19.2999
729.216 706.752 1.23335 0.0176112 19.6153
1480.9 782.784 3.00668 -0.30973 15.1457
1456.7 654.912 2.92746 -0.534741 15.0689
1805.76 616.896 2.78824 -0.627902 14.0359
1774.66 1012.61 2.80495 -0.261356 14.0952
1869.7 851.904 2.81989 -0.425916 13.9985
1280.45 927.936 3.15132 0.352412 16.7489
1562.11 418.176 2.8683 -0.874922 14.6112
682.56 950.4 1.37983 0.540645 17.1897
221.184 898.56 0.706579 0.00552258 15.6131
1387.24 657.331 3.4502 -0.446049 16.7188
1329.18 665.626 3.27236 -0.409448 16.7035
385.69 995.328 1.04847 0.175625 15.5643
485.222 974.592 1.21041 0.158091 15.64
429.235 974.592 1.12707 0.13999 15.5547
1213.06 588.902 3.25741 -0.624286 18.0025
308.966 746.496 0.877945 -0.296522 15.5732
350.438 713.318 0.923419 -0.351635 15.6783
400.205 499.738 1.05758 -0.782875 15.5074
1325.03 1022.28 3.06154 0.405036 16.0876
1387.24 970.445 3.0439 0.159227 15.6619
665.626 632.448 1.02055 -0.380434 18.9492
404.352 752.717 1.1096 -0.302903 15.4486
1217.2 783.821 3.46977 0.244968 18.7571
1534.46 924.826 2.95135 -0.14475 14.8354
1470.18 877.133 2.97996 -0.154503 15.1214
1474.33 841.882 2.98315 -0.214563 15.1182
1482.62 781.747 3.00963 -0.314321 15.1484
1451.52 756.864 3.02316 -0.332346 15.3146
1437.01 723.687 3.11043 -0.364199 15.5761
1457.74 655.258 2.93333 -0.535011 15.0842
1559.35 1038.87 2.88637 -0.0507107 14.6407
1540.69 848.103 2.91895 -0.273914 14.7572
1775 1011.92 2.81181 -0.257746 14.11
1186.1 690.509 3.6341 -0.0580305 20.1044
1277.34 796.263 3.34275 0.083121 17.424
1561.42 420.941 2.87439 -0.876751 14.6209
221.875 899.943 0.711985 0.0083806 15.6127
1403.41 731.566 3.03822 -0.349112 15.5784
1470.6 875.889 2.97996 -0.154503 15.1214
1478.06 843.541 2.98315 -0.214563 15.1182
1269.04 629.545 3.26475 -0.494281 17.2917
1326.27 1020.21 3.06154 0.405036 16.0876
1480.55 1015.23 3.08801 0.143365 15.3229
1440.74 980.398 3.06791 0.116482 15.4279
1535.29 928.143 2.9437 -0.14703 14.8174
480.246 816.169 1.21014 -0.167975 15.5725
432.968 811.192 1.12077 -0.173672 15.5634
664.382 632.033 1.01767 -0.37772 18.9687
659.405 547.43 1.07576 -0.74847 18.38
405.596 751.473 1.10849 -0.304273 15.4451
1483.04 781.333 3.00963 -0.314321 15.1484
1470.6 706.683 3.30227 -0.373823 15.8491
1560.18 656.917 2.88427 -0.555058 14.6491
1458.16 651.94 2.93966 -0.536448 15.0996
1545.25 930.632 2.91632 -0.162168 14.7399
1545.25 826.122 2.92886 -0.305125 14.7669
1776.66 1012.75 2.81181 -0.257746 14.11
1186.93 689.265 3.68343 -0.0577143 20.3229
1094.86 962.98 2.62576 0.49646 16.8875
1184.44 836.076 3.40361 0.533546 19.0865
1279 793.774 3.36749 0.0974273 17.4933
1642.29 141.834 2.96178 -1.23936 14.579
1562.67 420.526 2.87439 -0.876751 14.6209
552.407 890.819 1.38126 -0.0546282 15.408
179.159 1012.75 0.594116 0.248101 15.6947
126.904 890.819 0.64812 -0.0603446 15.386
485.222 975.422 1.23139 0.140066 15.5524
665.875 633.029 1.01581 -0.377819 18.9961
346.374 710.664 0.978725 -0.377125 15.4984
477.758 815.174 1.21135 -0.16943 15.5741
432.968 812.188 1.12079 -0.172963 15.5634
1269.04 630.043 3.26475 -0.494281 17.2917
1212.31 588.239 3.23138 -0.624214 17.8945
1409.38 209.019 2.72551 -1.19878 14.7719
1269.04 677.818 3.19589 -0.34556 17.0433
1221.27 364.29 3.34972 -1.55842 18.299
1191.41 352.346 3.48961 -1.81919 19.5574
400.122 498.659 1.06419 -0.780017 15.4986
406.094 758.44 1.0686 -0.283711 15.5331
1481.05 782.328 2.98331 -0.319594 15.0851
1558.68 656.917 2.86418 -0.560985 14.6063
1839.37 627.057 2.78709 -0.620535 13.9898
1442.23 982.389 3.08384 0.127181 15.4738
1478.06 842.048 2.98193 -0.215393 15.1087
1773.67 1012.25 2.81917 -0.253741 14.1179
1382.51 698.72 3.39767 -0.337026 16.5968
1388.48 656.917 3.43256 -0.444446 16.6612
1095.86 1018.22 2.56751 0.507555 16.45
1286.96 910.725 3.23369 0.346822 16.9667
1561.67 331.444 2.86234 -0.992692 14.5946
1800.55 516.575 2.76758 -0.714867 14.0133
964.473 158.257 2.5567 -4.00125 23.3713
1233.21 435.954 3.32534 -1.22417 17.9976
552.407 889.823 1.37958 -0.0536158 15.4248
220.963 898.781 0.708776 0.00783035 15.617
483.729 976.417 1.19482 0.177342 15.6936
388.178 994.333 1.04456 0.178317 15.5639
1261.28 673.638 3.19235 -0.349236 17.0465
1200.37 680.805 3.58427 -0.144115 19.5654
1272.03 627.057 3.42035 -0.466599 17.7712
333.236 272.322 0.764295 -1.30362 15.9016
1530.02 705.887 3.36655 -0.391578 15.7062
1555.1 652.139 2.86598 -0.563955 14.611
1533.6 928.044 2.9757 -0.13554 14.9108
1440.44 981.792 3.08199 0.130922 15.4767
1476.27 838.464 2.97594 -0.217317 15.0894
1092.87 960.293 2.64713 0.530479 17.0273
1558.68 422.815 2.87054 -0.871633 14.624
1519.27 365.485 2.88825 -0.976018 14.7697
1802.34 515.978 2.76844 -0.716551 14.0103
971.042 197.075 2.62815 -3.60422 23.0589
1365.19 537.477 2.69693 -0.721158 14.8421
1232.61 433.565 3.38291 -1.25533 18.213
444.315 677.221 1.16423 -0.43743 15.4742
311.737 580.475 0.875536 -0.619826 15.5679
483.73 974.625 1.20932 0.161042 15.626
386.984 992.541 1.08794 0.152058 15.4569
100.329 240.073 0.650784 -1.1955 15.2246
709.47 472.98 1.18901 -1.10482 19.0381
1560.83 743.869 2.91738 -0.420692 14.7237
1556.53 653.572 2.87188 -0.562777 14.6264
1440.44 984.658 3.08199 0.130922 15.4767
1479.14 842.764 2.97594 -0.217317 15.0894
1728.53 963.159 2.81554 -0.278934 14.1807
1724.23 791.167 2.82339 -0.441813 14.2079
1384.54 692.271 3.41316 -0.340212 16.6542
1388.84 657.872 3.43859 -0.435351 16.7015
1186.75 610.574 3.77307 -0.495768 20.7771
1410.34 210.691 2.7237 -1.20359 14.7711
1522.14 365.485 2.89581 -0.980804 14.7784
1801.62 515.978 2.78456 -0.719658 14.0301
1203.95 266.589 3.46583 -2.16651 19.1742
563.276 920.161 1.30879 0.110175 15.8581
554.677 885.763 1.32145 0.0049899 15.7365
464.38 993.258 1.14888 0.213888 15.7052
945.96 90.2962 2.31066 -3.82324 21.4093
232.19 171.993 0.516111 -1.488 15.9395
472.98 511.678 1.17849 -0.765742 15.5651
1645.97 139.314 2.92136 -1.2246 14.5016
283.788 748.168 0.804546 -0.267908 15.6611
283.788 583.055 0.797728 -0.608469 15.6631
701.73 897.802 1.18117 0.917745 19.5763
1645.97 428.262 2.96512 -0.859946 14.5815
1661.45 423.102 2.94203 -0.863101 14.4988
1408.62 206.391 2.72645 -1.20302 14.7785
1527.3 123.835 2.89662 -1.33168 14.7594
1522.14 361.185 2.89581 -0.980804 14.7784
1475.7 361.185 2.77641 -0.956841 14.6849
1346.7 897.802 2.98442 0.014733 15.7272
1315.74 851.364 2.98505 -0.0296661 15.9469
1279.63 856.524 3.33425 0.291077 17.4063
1558.25 743.009 2.92045 -0.417095 14.7355
1553.09 650.133 2.8881 -0.55962 14.665
1475.7 841.044 2.97983 -0.218491 15.0898
1026.8 356.025 4.16309 -4.18127 33.6507
459.221 330.226 0.816369 -1.32369 16.6425
325.066 423.102 0.746488 -0.972012 15.9512
1305.42 428.262 2.63435 -0.892188 14.9605
1217.71 500.499 3.26498 -0.96534 17.9985
443.741 675.931 1.13187 -0.434167 15.5846
314.747 583.055 0.856137 -0.624899 15.6444
665.612 572.736 1.01439 -0.633953 19.0334
330.226 273.468 0.759596 -1.30444 15.9017
1382.82 691.411 3.28429 -0.359428 16.3067
1258.99 608.854 3.38126 -0.561748 17.8145
278.628 749.2 0.714427 -0.240278 15.8779
1554.13 743.009 2.91568 -0.416741 14.7345
1486.02 625.366 2.95328 -0.585818 15.0413
1554.13 786.351 2.87319 -0.371731 14.6143
1318.84 848.268 2.98324 -0.0387401 15.9451
1343.61 507.723 3.22118 -0.873358 16.468
1306.46 427.23 2.59943 -0.880955 14.851
1157.86 427.23 3.77853 -1.70492 21.5743
1027.83 352.929 3.98067 -4.05732 32.3604
321.97 421.038 0.771742 -0.958396 15.8979
520.106 662.516 1.25838 -0.467301 15.6149
334.354 705.858 0.882771 -0.361362 15.6814
1386.95 662.516 3.48238 -0.430791 16.8446
1721.3 365.313 2.79999 -0.866122 14.1591
1523.17 359.121 2.86476 -0.972844 14.7036
1647 136.218 2.98334 -1.26843 14.6223
1529.36 117.643 2.98172 -1.39219 14.9598
1721.3 792.543 2.78005 -0.448343 14.1335
274.913 750.439 0.733306 -0.273739 15.8203
1463.73 913.901 3.02807 -0.0634709 15.2615
1552.89 787.589 2.84742 -0.414624 14.5794
1211.1 497.816 3.28778 -1.01322 18.2426
1300.27 430.945 2.60148 -0.893306 14.8988
468.095 809.879 1.19806 -0.180547 15.5674
1552.89 743.009 2.89566 -0.425175 14.679
1382 661.278 3.45624 -0.418209 16.7798
1486.02 624.127 3.09225 -0.58219 15.3234
520.106 661.278 1.26713 -0.459844 15.6112
1188.81 668.708 3.72013 -0.0763815 20.5324
1322.56 616.697 3.45988 -0.530476 17.2692
1263.11 609.267 3.39808 -0.558394 17.8361
557.256 869.32 1.34701 -0.0518783 15.5866
1523.17 356.644 2.99911 -1.03282 15.0362
1708.92 795.019 2.81726 -0.434269 14.1964
1716.35 661.278 2.81015 -0.575439 14.1803
