357 35 30.7046 1.50836 10.6957
1189 692 32.8325 3.16662 10.5525
660 472 31.2931 3.01559 14.1527
829 317 33.4402 1.13409 24.6224
781 329 32.7326 1.12413 28.0214
423 156 29.299 0.685247 15.1288
758 450 32.0337 3.11211 18.0451
975 378 39.656 1.95833 38.6541
966 362 37.4793 1.66088 31.2163
836 396 33.9837 2.5298 28.2123
852 207 32.6817 0.998499 15.5844
882 257 33.3699 0.990901 18.3139
646 250 30.6493 0.772982 19.2262
1114 229 34.7903 1.14524 15.7895
1155 336 37.9108 1.57023 22.1117
997 231 33.9137 1.13431 15.968
975 282 34.4035 1.24837 18.4721
1081 345 37.8496 1.58306 24.6926
1136 379 37.0241 2.24284 20.6192
964.8 578.4 33.1059 3.53206 13.6776
312 180 29.6976 1.5001 12.4772
940.8 516 32.9604 3.17105 13.6319
770.4 328.8 32.4729 1.15212 27.211
825.6 356.4 34.2524 1.5131 33.4426
114 296.4 29.9428 2.23763 10.7763
98.4 178.8 29.9918 1.92508 10.6378
412.8 177.6 30.2845 1.53849 12.278
428.4 166.8 30.0756 1.29005 13.0783
810 292.8 32.8568 0.997408 21.9305
888 498 32.6749 3.09535 13.7811
910.8 345.6 35.7502 1.40325 29.1515
969.6 206.4 33.6047 1.00068 15.582
972 513.6 33.1072 3.14154 13.4997
1099.2 530.4 32.7354 2.83679 10.7999
968.4 546 33.1381 3.36115 13.7493
1004.4 361.2 37.5503 1.73717 28.1602
32.4 40.8 30.0555 1.66307 10.3129
64.8 42 30.0666 1.62877 10.4072
775.2 308.4 32.4364 1.02538 24.0731
793.2 291.6 32.5907 1.00508 21.4473
88.8 226.8 29.9785 2.06282 10.6255
66 222 29.9991 2.07484 10.519
90 210 29.9683 2.01139 10.6438
231.6 247.2 29.8801 1.97617 11.489
308.4 225.6 29.8293 1.77131 12.1856
64.8 240 30.0123 2.12215 10.49
218.4 285.6 29.6979 2.09983 11.7156
58.8 471.6 30.2645 2.68921 10.1877
210 180 29.8389 1.74555 11.4146
70.8 153.6 30.0158 1.89186 10.4983
782.4 483.6 32.2889 3.48185 18.2561
781.2 452.4 32.2791 3.14443 18.1614
969.6 447.6 33.1476 2.79854 13.8002
339.6 205.2 29.4075 1.42345 13.4413
160.8 134.4 29.9594 1.71201 10.9472
182.4 114 29.7521 1.50865 11.3633
108 236.4 29.9329 2.06856 10.7593
861.6 488.4 32.5758 3.08517 14.1177
223.2 331.2 29.7417 2.285 11.6925
606 441.6 30.2665 3.099 18.7051
937.2 477.6 32.963 2.97634 13.7796
361.2 364.8 29.2819 2.34819 14.0887
235.2 121.2 29.8678 1.49636 11.5125
1012.8 456 33.4222 2.84936 13.8984
1053.6 480 33.5889 2.95685 13.6559
348 250.8 29.5201 1.71571 13.3033
1144.8 460.8 34.3205 2.87849 14.1577
1106.4 456 34.0898 2.8565 14.1844
296.4 286.8 29.6692 2.02815 12.4067
399.6 264 29.2514 1.57658 14.7843
392.4 246 29.2189 1.45998 14.7342
778.8 432 32.2382 2.93804 18.2103
813.6 432 32.6315 2.91429 18.3582
804 415.2 32.5249 2.74402 18.2965
48 258 30.014 2.17703 10.4385
69.6 132 30.0384 1.84358 10.4608
408 22.8 29.5212 0.0268129 14.1168
397.2 169.2 30.3012 1.55196 12.0245
22.8 544.8 30.3061 2.82579 10.0521
462 520.8 29.801 3.45462 14.7032
807.6 268.8 32.7496 0.772549 20.862
828 204 32.5033 0.929276 15.8025
912 322.8 35.1079 1.14407 25.6384
891.6 303.6 34.0966 1.13945 22.0894
906 181.2 33.081 0.824803 15.4207
787.2 102 32.0543 0.761849 13.635
716.4 156 31.6451 1.11897 13.5362
1138.8 244.8 35.1306 1.20207 16.1718
1194 270 36.2758 1.23456 17.5848
1155.6 336 38.1148 1.54276 22.592
997.2 230.4 33.8512 1.16527 15.6792
1081.2 344.4 38.0995 1.53929 25.4712
1126.8 117.6 34.0925 0.809889 13.9166
914.4 573.6 32.8073 3.49688 13.6137
918 537.6 32.826 3.29994 13.5472
698.4 589.2 31.5834 3.55725 13.2097
656.4 433.2 31.2729 2.76332 13.9885
1184.4 663.6 32.8199 3.09788 10.5389
1088.4 628.8 32.7568 3.1205 10.9312
66.24 43.2 30.0153 1.60915 10.4745
230.4 246.24 29.8325 1.96339 11.5752
910.08 345.6 35.7371 1.40079 29.1138
92.16 82.08 30.0517 1.69184 10.522
131.04 226.08 29.9663 2.02421 10.8115
128.16 205.92 29.9223 1.95607 10.8566
123.84 315.36 29.9803 2.29315 10.7676
172.8 334.08 29.8284 2.32068 11.23
450.72 220.32 29.8515 1.38044 14.1359
781.92 483.84 32.2889 3.48185 18.2561
780.48 452.16 32.2791 3.14443 18.1614
982.08 332.64 36.0088 1.41151 24.0336
96.48 269.28 29.9776 2.17815 10.658
67.68 342.72 30.002 2.38868 10.5265
256.32 355.68 29.7506 2.37213 11.9231
303.84 410.4 29.5143 2.62122 12.8388
194.4 180 29.884 1.78571 11.2375
169.92 234.72 29.916 2.00819 11.0734
93.6 154.08 29.9955 1.85467 10.6121
253.44 312.48 29.7097 2.18982 11.9777
347.04 432 29.5585 2.758 13.2758
1006.56 437.76 33.4865 2.7527 14.167
227.52 433.44 29.7288 2.6936 11.7615
276.48 365.76 29.7579 2.41354 12.087
273.6 371.52 29.7426 2.42913 12.0823
861.12 488.16 32.5849 3.09564 14.2339
144 110.88 29.9759 1.66954 10.8344
174.24 306.72 29.9243 2.24129 11.0964
152.64 227.52 29.9151 2.0038 10.9902
600.48 391.68 29.9965 2.52947 20.0855
250.56 344.16 29.8094 2.33017 11.7603
236.16 122.4 29.8678 1.49636 11.5125
470.88 264.96 29.6076 1.50182 15.3955
360 460.8 29.7616 2.89617 12.9802
288 439.2 29.6329 2.75609 12.4422
267.84 443.52 29.6042 2.76777 12.3089
254.88 414.72 29.7077 2.6247 12.0061
390.24 413.28 29.3718 2.68127 14.3322
347.04 252 29.5285 1.72309 13.2726
344.16 211.68 29.6551 1.55426 12.9308
934.56 455.04 32.958 2.85034 13.8228
1052.64 479.52 33.5753 2.95075 13.5975
1010.88 475.2 33.3422 2.92795 13.5921
1009.44 444.96 33.4645 2.796 14.0865
270.72 149.76 29.7895 1.49442 11.9287
178.56 145.44 29.9272 1.70907 11.0818
387.36 367.2 29.1301 2.34096 14.9106
948.96 433.44 33.0455 2.71628 13.8146
321.12 398.88 29.4073 2.58445 13.2529
316.8 316.8 29.5932 2.14032 12.7886
381.6 252 29.2028 1.52596 14.5827
290.88 214.56 29.8058 1.74362 12.0842
921.6 439.2 32.963 2.77051 14.2211
777.6 433.44 32.2372 2.94621 18.4004
868.32 465.12 32.6403 2.949 14.2671
378.72 324 29.2592 2.05742 14.4282
799.2 397.44 32.4567 2.53751 18.2606
263.52 276.48 29.7415 2.02579 11.9787
385.92 282.24 29.3318 1.77191 14.3459
332.64 300.96 29.5781 2.03214 13.0019
362.88 292.32 29.4361 1.91087 13.7275
851.04 421.92 33.0605 2.82304 18.43
410.4 293.76 29.0878 1.74074 15.4863
364.32 328.32 29.293 2.1068 14.1169
299.52 174.24 29.7698 1.52218 12.2223
31.68 106.56 29.966 1.79112 10.4308
410.4 260.64 29.1211 1.47085 15.3671
351.36 95.04 30.5147 1.55043 11.0954
332.64 181.44 29.8027 1.50063 12.5021
105.12 534.24 30.0195 2.91691 10.6797
247.68 447.84 29.7892 2.75005 11.8005
139.68 492.48 30.0109 2.81844 10.8297
341.28 684 30.4644 3.49116 11.2313
449.28 678.24 30.7896 3.50377 11.3927
639.36 516.96 31.1798 3.28464 13.9736
413.28 514.08 29.5265 3.37837 14.4031
852.48 263.52 33.0676 1.01138 18.4951
851.04 207.36 32.6909 0.987381 15.6788
826.56 204.48 32.4933 0.949599 15.7385
946.08 230.4 33.8267 0.877824 17.3183
825.12 355.68 34.3062 1.51906 34.135
828 316.8 33.4375 1.13717 24.5925
889.92 303.84 34.0991 1.13192 22.1289
704.16 194.4 31.574 1.31578 13.6931
779.04 329.76 32.7795 1.03242 29.5791
817.92 178.56 32.4177 0.761385 15.5414
786.24 102.24 32.0516 0.710289 13.8112
1130.4 249.12 35.0815 1.24232 16.2306
1150.56 221.76 35.034 1.07704 15.7044
1228.32 270.72 36.8021 1.16927 18.0028
1218.24 322.56 38.6364 1.41475 21.7514
996.48 230.4 33.875 1.14193 15.8018
1091.52 292.32 36.2921 1.16525 20.2398
846.72 578.88 32.5128 3.68547 14.2746
910.08 603.36 32.794 3.6876 13.66
918.72 538.56 32.8418 3.31905 13.7014
882.72 532.8 32.6374 3.30221 13.7331
698.4 588.96 31.5834 3.55721 13.2093
725.76 577.44 31.734 3.58242 13.6757
712.8 688.32 31.6972 3.56583 11.6479
830.88 455.04 32.4739 2.94953 14.951
921.6 505.44 32.8545 3.13256 13.6568
658.08 511.2 31.2714 3.27522 14.1917
1176.48 554.4 32.8204 2.85748 10.5734
1114.56 636.48 32.763 3.10227 10.7905
1239.84 688.32 32.8588 3.10004 10.3891
1068.48 590.4 32.7321 3.04137 11.0413
1068.48 557.28 32.7448 2.94892 11.0604
65.664 43.2 30.0329 1.61695 10.4528
172.8 305.856 29.9238 2.2379 11.0891
143.424 302.4 29.9161 2.24288 10.9552
293.76 330.048 29.6517 2.22398 12.4415
257.472 331.776 29.8291 2.27513 11.7766
974.592 480.384 33.1382 2.9691 13.5733
984.96 452.736 33.2552 2.82276 13.8365
100.224 179.712 30.0283 1.93632 10.5857
70.848 183.168 30.0143 1.96593 10.5056
252.288 312.768 29.7824 2.19837 11.8259
222.912 305.856 29.8438 2.20266 11.5088
171.072 235.008 29.9422 2.01408 11.0309
152.064 226.368 30.0036 2.02446 10.847
240.192 428.544 29.6395 2.6835 12.013
254.016 414.72 29.7391 2.61931 11.9398
285.12 271.296 29.8228 2.00002 11.9987
285.12 468.288 29.8916 2.84441 11.9373
825.984 406.08 32.7606 2.64479 18.3011
855.36 520.128 32.5535 3.29393 14.2111
838.08 509.76 32.5786 3.39527 15.3129
860.544 489.024 32.5803 3.0948 14.2126
127.872 248.832 29.9182 2.08545 10.8694
245.376 157.248 29.8588 1.61554 11.6008
279.936 155.52 29.8496 1.53174 11.8763
273.024 169.344 29.8139 1.58049 11.8878
343.872 445.824 29.5643 2.82653 13.2227
345.6 432 29.5394 2.75778 13.3135
369.792 414.72 29.2726 2.68101 14.2484
340.416 409.536 29.4341 2.63429 13.4378
997.056 475.2 33.2819 2.94236 13.6523
1012.61 456.192 33.4095 2.8429 13.8244
995.328 452.736 33.2978 2.81215 13.8001
203.904 235.008 29.849 1.96088 11.3764
184.896 226.368 29.9261 1.96774 11.1257
331.776 302.4 29.5419 2.03151 13.0622
295.488 288.576 29.6543 2.02576 12.4335
1035.07 476.928 33.4313 2.9245 13.4555
1048.9 463.104 33.671 2.89452 13.9811
298.944 349.056 29.5938 2.31365 12.6119
319.68 333.504 29.7525 2.23262 12.4609
328.32 366.336 29.5674 2.3856 12.9635
922.752 464.832 32.887 2.90284 13.8161
1083.46 476.928 33.8232 2.95215 13.8612
393.984 290.304 29.1322 1.75487 15.0118
385.344 281.664 29.3318 1.77191 14.3459
269.568 316.224 29.7732 2.20129 11.9796
836.352 473.472 32.5029 3.06391 14.9565
839.808 452.736 32.5103 2.9035 14.5954
350.784 324.864 29.4922 2.12676 13.426
355.968 298.944 29.3444 1.92528 13.8602
188.352 298.944 29.903 2.20243 11.2006
88.128 209.088 29.9939 2.01702 10.6018
63.936 231.552 30.0011 2.10026 10.5048
98.496 295.488 30.0028 2.25007 10.6294
139.968 288.576 29.9211 2.19629 10.9255
248.832 69.12 30.2457 1.50045 10.9663
330.048 124.416 30.2651 1.52748 11.4768
101.952 98.496 30.0466 1.72214 10.5637
115.776 62.208 29.9741 1.56636 10.7204
174.528 186.624 29.7786 1.79951 11.3087
411.264 259.2 29.2147 1.4987 15.1201
449.28 219.456 29.9204 1.40114 13.9123
568.512 103.68 30.4174 0.229797 15.2694
568.512 184.896 29.8425 0.1991 18.2603
350.784 95.04 30.5386 1.5669 11.0419
378.432 62.208 30.5807 1.41017 11.1508
437.184 84.672 29.3641 0.0758436 15.1785
209.088 661.824 30.0476 3.40119 11.165
134.784 540.864 30.1533 2.91882 10.6186
191.808 438.912 29.8253 2.69264 11.3662
330.048 411.264 29.5139 2.63968 13.1552
260.928 361.152 29.6936 2.38909 12.0758
210.816 513.216 30.1564 2.8908 10.952
179.712 399.168 29.8125 2.54441 11.3235
122.688 369.792 29.9386 2.45423 10.8358
349.056 575.424 29.9486 3.38286 12.443
851.904 264.384 33.0759 0.98478 18.6725
850.176 207.36 32.6909 0.987381 15.6788
945.216 231.552 33.8399 0.877258 17.3643
827.712 317.952 33.4248 1.13114 24.6079
872.64 323.136 34.4757 1.08683 26.5189
889.92 304.128 34.075 1.14018 22.0584
775.872 250.56 32.1892 0.854415 18.6779
779.328 330.048 32.7213 1.10769 28.4348
903.744 181.44 33.1028 0.797908 15.6214
710.208 112.32 31.5964 0.66171 14.1396
786.24 126.144 32.0604 0.846308 13.8118
1131.84 248.832 35.337 1.11512 16.806
1228.61 269.568 36.8313 1.16432 18.0949
1109.38 335.232 36.8381 1.65621 21.0008
997.056 229.824 33.8801 1.13577 15.8297
1090.37 292.032 36.2921 1.16525 20.2398
1173.31 127.872 34.3607 0.86865 13.9002
1202.69 131.328 34.5373 0.89058 13.9066
1097.28 172.8 34.3333 0.877797 14.9775
1033.34 160.704 33.8173 0.864521 14.6879
844.992 540.864 32.4829 3.41747 14.0604
819.072 544.32 32.4072 3.66289 15.2756
912.384 570.24 32.8169 3.51301 13.7366
881.28 532.224 32.639 3.29824 13.7406
698.112 590.976 31.575 3.57816 13.2924
675.648 551.232 31.4375 3.42133 13.6018
725.76 577.152 31.734 3.58242 13.6757
729.216 556.416 31.744 3.46366 13.7734
831.168 456.192 32.4739 2.94953 14.951
921.024 506.304 32.8503 3.12141 13.6346
900.288 468.288 32.7393 2.91878 13.7496
672.192 409.536 31.3379 2.6166 14.2779
1159.49 570.24 32.813 2.90235 10.6518
1124.93 549.504 32.7859 2.87637 10.7697
1169.86 679.104 32.7848 3.13321 10.5375
1149.12 646.272 32.7828 3.08612 10.6222
1067.9 590.976 32.7218 3.03231 10.9856
1045.44 599.616 32.7155 3.1008 11.1599
568.512 228.096 29.213 0.0753321 21.5935
779.674 449.971 32.2761 3.15234 18.4975
203.213 234.317 29.9019 1.97022 11.2759
277.862 439.603 29.7806 2.7395 12.0862
296.525 402.278 29.6064 2.59283 12.5558
275.789 228.096 29.7217 1.79384 12.1021
271.642 201.139 29.7806 1.71092 11.9627
331.776 302.746 29.753 2.07654 12.5734
918.605 437.53 32.9013 2.75591 14.0152
346.291 431.309 29.5132 2.75442 13.3611
369.101 412.646 29.2556 2.68162 14.2841
402.278 308.966 28.9671 1.84132 15.6634
385.69 282.01 29.2812 1.75522 14.4781
771.379 402.278 32.2325 2.61718 19.3258
897.869 466.56 32.7436 2.92831 13.8928
1067.9 460.339 33.8079 2.87476 14.0479
122.342 275.789 29.9374 2.17977 10.8397
128.563 252.979 29.8953 2.07914 10.9064
205.286 138.931 29.901 1.63016 11.2679
213.581 120.269 29.8994 1.54994 11.3246
203.213 118.195 29.7891 1.49761 11.4504
226.022 433.382 29.7891 2.68743 11.6397
252.979 412.646 29.7411 2.61718 11.9321
240.538 408.499 29.6954 2.59529 11.9233
833.587 416.794 32.9383 2.78644 19.28
1009.84 474.854 33.3484 2.94335 13.6507
997.402 474.854 33.27 2.9398 13.6078
982.887 452.045 33.2154 2.81869 13.6815
360.806 362.88 29.4238 2.35035 13.7329
391.91 246.758 29.1863 1.45331 14.8162
120.269 95.3856 29.9693 1.65478 10.7433
126.49 91.2384 29.9455 1.62299 10.8169
294.451 288.23 29.6684 2.03058 12.4059
1030.58 454.118 33.5636 2.8455 13.9438
298.598 325.555 29.6294 2.20651 12.5501
918.605 472.781 32.8667 2.96254 13.8972
333.85 255.053 29.4949 1.75743 13.2001
866.765 445.824 32.7079 2.87027 15.0105
831.514 456.192 32.4755 2.94739 14.9848
348.365 319.334 29.5291 2.12479 13.3363
230.17 244.685 29.7688 1.94757 11.6851
205.286 248.832 29.8027 1.99396 11.4716
263.347 257.126 29.7337 1.95202 11.9973
306.893 223.949 29.7603 1.74377 12.3285
219.802 329.702 29.6764 2.27962 11.7975
188.698 298.598 29.9078 2.20438 11.1896
97.4592 269.568 30.0022 2.18181 10.6229
47.6928 257.126 30.0289 2.17796 10.4191
64.2816 230.17 30.0252 2.10487 10.4739
151.373 226.022 29.9729 2.01326 10.8884
126.49 203.213 29.9828 1.97065 10.7615
141.005 288.23 29.9071 2.19532 10.9548
250.906 93.312 30.1388 1.5192 11.1382
219.802 74.6496 30.071 1.46231 11.0699
209.434 180.403 29.9003 1.77144 11.3167
236.39 122.342 29.7963 1.45812 11.6571
267.494 149.299 29.7822 1.49536 11.9373
101.606 95.3856 30.028 1.7148 10.578
180.403 111.974 29.845 1.55355 11.2133
99.5328 178.33 30.0132 1.92048 10.6277
93.312 153.446 30.0047 1.85511 10.599
174.182 186.624 29.7903 1.81183 11.2902
360.806 219.802 29.4278 1.46398 13.6963
431.309 277.862 29.9215 1.81669 13.5538
568.167 103.68 30.4174 0.229797 15.2694
398.131 170.035 30.2044 1.49046 12.3024
464.486 147.226 29.1197 0.17466 16.7031
66.3552 539.136 30.1916 2.86405 10.3219
190.771 437.53 29.8307 2.68792 11.3479
329.702 410.573 29.395 2.642 13.4173
311.04 398.131 29.5518 2.56798 12.8365
261.274 360.806 29.7792 2.39247 11.9035
41.472 383.616 29.9817 2.4948 10.4674
174.182 441.677 29.8482 2.69264 11.233
122.342 369.101 29.9141 2.45146 10.8769
499.738 537.062 30.1997 3.50995 14.3283
389.837 615.859 30.3434 3.45606 11.9818
850.176 265.421 33.0598 1.09648 18.4743
889.575 302.746 34.0879 1.11019 22.3109
773.453 250.906 32.1737 0.837178 18.7795
783.821 292.378 32.4832 0.884853 23.1832
785.895 101.606 32.0426 0.739597 13.7219
1130.11 248.832 35.0907 1.23609 16.2307
1107.3 335.923 36.916 1.62696 21.2267
1003.62 223.949 33.9613 1.09022 15.8604
1111.45 53.9136 33.413 0.955096 12.4234
1125.96 118.195 34.0762 0.824936 13.8662
1208.91 130.637 34.1566 1.1187 13.0737
1200.61 130.637 34.6911 0.81312 14.235
1034.73 161.741 33.8186 0.865271 14.666
864.691 566.093 32.5835 3.55335 14.0631
866.765 537.062 32.595 3.35169 13.9778
912.384 570.24 32.8049 3.48377 13.6184
916.531 537.062 32.8228 3.30313 13.591
881.28 530.842 32.6345 3.29573 13.7654
671.846 572.314 31.4039 3.57943 13.7549
675.994 549.504 31.4375 3.42133 13.6018
727.834 555.725 31.7424 3.45425 13.6974
810.778 431.309 32.6117 2.90297 18.062
657.331 431.309 31.2343 2.77451 14.3767
659.405 470.707 31.304 3.00078 13.9991
1123.89 549.504 32.7768 2.87449 10.7397
1175.73 555.725 32.8031 2.85187 10.5311
1208.91 626.227 32.852 3.00512 10.5025
1067.9 588.902 32.7366 3.04144 11.0425
1047.17 601.344 32.7021 3.09441 11.1212
1055.46 526.694 32.7408 2.87982 11.1518
1140.48 377.395 37.0821 2.24824 20.7429
968.371 445.824 33.1367 2.79062 13.7717
674.335 398.131 31.3316 2.5475 14.3532
1032.65 477.758 33.504 2.97533 13.7704
121.928 273.715 29.9694 2.18032 10.7784
149.299 241.367 29.9679 2.06428 10.8833
124.416 246.344 29.8835 2.07363 10.8949
251.32 311.04 29.6532 2.17927 12.0796
296.11 216.484 29.6747 1.69559 12.3854
271.227 201.554 29.7806 1.71092 11.9627
333.435 320.993 29.3623 2.10705 13.5231
380.713 338.412 29.2436 2.15253 14.4867
776.356 430.479 32.2247 2.92189 18.1143
870.912 462.828 32.648 2.95889 14.3899
216.484 159.253 29.939 1.69144 11.2806
567.337 102.021 30.4174 0.229797 15.2694
1094.86 171.694 34.3418 0.874239 15.0275
1224.25 268.739 37.4443 0.978019 19.4374
211.507 659.405 30 3.42782 11.2621
661.893 562.36 31.3574 3.52487 13.6835
1035.14 161.741 34.0488 0.681457 15.4232
1050.07 154.276 33.9523 0.781095 14.8682
218.972 74.6496 30.1005 1.48919 11.0302
1112.28 632.033 32.7601 3.09935 10.7906
1209.32 129.393 34.5506 0.906314 13.8569
520.059 569.825 30.6844 3.39803 12.8617
544.942 530.012 30.2313 3.61414 15.6142
724.101 574.802 31.7026 3.62927 13.988
778.844 544.942 32.119 3.67534 15.3863
1109.79 54.743 33.4216 0.9556 12.4614
1154.58 340.9 37.8644 1.58642 22.0246
437.944 87.0912 29.488 0.185009 14.8265
430.479 69.673 29.3463 0.0176041 15.1056
1087.4 59.7197 33.3047 0.982049 12.427
629.545 552.407 31.041 3.60189 14.5565
1087.4 629.545 32.7721 3.13362 11.0014
1047.58 599.685 32.7153 3.09605 11.159
965.468 542.454 33.0347 3.28494 13.3126
174.182 440.433 29.8096 2.69173 11.2927
1067.49 587.244 32.7573 3.05444 11.1223
1055.05 527.524 32.7385 2.88245 11.1709
1159.56 567.337 32.781 2.87988 10.5518
370.76 641.987 30.4587 3.42875 11.5098
848.517 263.762 33.0682 0.981878 18.8569
811.192 266.25 32.7358 0.841644 20.1795
848.517 206.531 32.6573 0.985019 15.6819
823.634 204.042 32.483 0.87435 16.1966
1124.72 276.204 36.1617 1.12407 18.9546
1119.74 221.461 34.8796 1.06992 15.9199
1174.49 554.895 32.8128 2.85447 10.5581
211.507 510.106 29.9074 2.93538 11.3967
246.344 445.409 29.6562 2.76418 12.0517
821.146 564.849 32.4195 3.74104 15.0491
1002.79 223.949 33.9708 1.07597 15.9633
940.585 231.414 33.9042 0.784848 17.9031
114.463 587.244 23.9958 5.06314 18.9717
116.951 64.6963 29.9627 1.56488 10.7471
910.725 567.337 32.7965 3.48211 13.6462
865.935 537.477 32.5933 3.35675 13.9666
1216.79 641.987 32.8253 3.02069 10.4116
410.573 176.671 30.309 1.55208 12.209
303.575 179.159 29.8043 1.55219 12.1721
1137.16 378.225 37.0596 2.24023 20.6797
69.673 181.647 30.045 1.97191 10.4507
462.828 223.949 29.7378 1.2744 14.7822
447.898 216.484 29.7859 1.31237 14.3176
905.749 345.877 35.6876 1.42767 28.9475
266.25 442.921 29.7114 2.75189 12.0922
134.369 184.136 30.0013 1.91279 10.7788
74.6496 350.853 29.9822 2.41366 10.5725
1017.72 358.318 38.5249 1.60787 30.5793
189.112 408.085 29.8019 2.57809 11.3958
169.206 368.271 29.8856 2.44557 11.1288
980.398 333.435 36.2313 1.36084 25.0775
953.027 350.853 36.2797 1.59712 27.3425
967.957 510.106 33.1704 3.17794 13.8859
1012.75 452.874 33.428 2.8388 13.9098
49.7664 256.297 30.0314 2.17974 10.4217
87.0912 209.019 29.9791 2.01198 10.6211
920.679 502.641 32.8628 3.12866 13.8168
933.12 452.874 32.9638 2.84507 13.8954
328.458 405.596 29.426 2.62025 13.3192
278.692 365.783 29.74 2.41297 12.1363
360.806 221.461 29.5069 1.49944 13.4873
261.274 256.297 29.7337 1.95202 11.9973
204.042 248.832 29.8491 2.01463 11.3727
204.042 233.902 29.8759 1.9617 11.3237
226.437 432.968 29.7619 2.68941 11.6943
236.39 121.928 29.7963 1.45812 11.6571
171.694 303.575 29.9238 2.2379 11.0891
169.206 233.902 29.96 2.01554 10.9975
124.416 201.554 29.9643 1.96032 10.7774
251.32 355.83 29.713 2.37521 11.9541
223.949 306.063 29.8442 2.20101 11.5037
380.713 432.968 29.6436 2.77758 13.5486
378.225 393.155 29.566 2.5482 13.6978
333.435 253.809 29.5493 1.76659 13.0473
811.192 430.479 32.6299 2.92546 18.6021
293.622 288.645 29.6246 2.01966 12.4881
363.295 323.482 29.3017 2.09112 14.0447
786.309 169.206 32.1393 0.915089 14.641
721.613 102.021 31.6697 0.756609 13.666
903.26 181.647 33.1304 0.750859 15.8184
482.734 587.244 30.5591 3.44402 12.5825
567.337 184.136 29.7492 0.0853734 18.7072
567.337 228.925 28.9411 -0.137589 22.9432
394.15 295.612 29.4689 1.8767 14.0967
316.514 597.197 29.9445 3.41356 12.1579
630.043 552.407 31.041 3.60189 14.5565
674.833 567.337 31.4572 3.48707 13.3472
677.818 552.407 31.4336 3.43708 13.697
424.01 570.323 30.3576 3.32269 12.3537
447.898 119.439 29.9734 0.814865 13.6451
429.982 77.6356 29.2026 -0.0595893 15.462
1200.37 131.383 34.5441 0.879117 13.963
250.823 68.6776 30.2471 1.4998 10.9665
624.071 612.127 31.2023 3.5822 12.7765
725.594 555.393 31.7424 3.45425 13.6974
782.328 546.435 32.1375 3.72428 15.7589
743.51 543.449 31.8323 3.38593 13.5032
1155.58 340.402 38.0258 1.60476 22.4413
1107.8 334.43 36.824 1.61723 21.1038
1122.73 116.453 34.0693 0.816522 13.8725
1107.8 56.7337 33.4109 0.963401 12.4424
1149.6 647.959 32.7685 3.10164 10.6139
1113.77 633.029 32.7658 3.10319 10.8261
549.421 573.309 30.7256 3.53006 13.3342
495.673 567.337 31.1528 2.93359 10.5637
650.945 510.603 31.3703 3.10006 12.8349
662.889 465.814 31.3881 2.94585 13.3737
883.851 259.781 33.3913 0.968982 18.5485
868.922 238.879 33.1892 0.819303 18.1801
1134.67 244.851 35.0002 1.25158 16.0166
1119.74 223.949 34.8686 1.07253 15.8901
818.16 558.379 32.41 3.72083 15.2756
848.02 265.753 33.0544 0.982112 18.9098
848.02 209.019 32.6387 1.02435 15.4287
68.6776 59.7197 30.0654 1.66931 10.4089
247.837 444.912 29.6754 2.75735 12.0079
964.473 573.309 33.026 3.44451 13.3478
1068.98 588.239 32.7198 3.02363 10.9943
1057.04 528.519 32.6629 2.84611 10.887
1158.56 564.351 32.809 2.88433 10.6246
1104.81 579.281 32.7375 2.9552 10.7657
1218.28 641.987 32.8431 3.01998 10.4453
385.192 597.197 30.2045 3.44638 12.3219
827.118 316.514 33.3591 1.12658 24.542
806.216 292.626 32.7585 1.08198 20.9869
1203.35 304.57 37.2221 1.30046 19.4469
101.523 385.192 29.8379 2.49441 10.9133
782.328 483.729 32.2822 3.53979 18.74
1003.29 223.949 33.9493 1.0683 15.9722
940.585 229.921 33.652 0.991846 16.7008
65.6917 537.477 30.2023 2.86699 10.308
833.09 453.87 32.4729 2.94154 15.004
913.711 567.337 32.7661 3.41857 13.3747
916.697 534.491 32.7988 3.27275 13.5143
1179.46 555.393 32.8324 2.86533 10.5928
886.837 301.584 33.8063 1.25453 20.5518
125.411 203.047 29.9643 1.96032 10.7774
176.173 137.355 29.9607 1.69877 11.0266
773.37 400.122 32.2408 2.62188 19.958
65.6917 179.159 30.045 1.97191 10.4507
80.6216 131.383 29.9802 1.80617 10.5697
334.43 179.159 29.9847 1.57351 12.1606
304.57 179.159 29.7041 1.51329 12.3945
1006.28 358.318 38.0077 1.60236 29.8801
958.501 313.528 35.6827 1.05133 24.6051
1140.65 379.22 37.0657 2.23803 20.7241
325.472 361.304 29.4411 2.36881 13.221
280.683 465.814 29.8289 2.83757 12.0104
361.304 220.963 29.1207 1.35375 14.344
262.767 277.697 29.7615 2.0345 11.9382
229.921 244.851 29.8582 1.96552 11.5148
1095.86 483.729 33.866 2.98401 13.7928
1030.16 453.87 33.5944 2.84023 14.1462
934.613 453.87 32.9162 2.82054 13.608
212.005 182.145 29.8771 1.76611 11.3634
137.355 325.472 29.9205 2.31317 10.9159
301.584 325.472 29.5905 2.20296 12.6812
295.612 289.641 29.57 2.0218 12.6151
167.215 232.907 29.9261 2.00592 11.0526
382.206 432.968 29.5871 2.77662 13.6866
235.893 307.556 29.7603 2.18918 11.7399
812.188 429.982 32.5781 2.88997 17.8029
1095.86 170.201 34.2666 0.90608 14.8166
710.664 110.481 31.5449 0.640646 14.1504
570.323 101.523 30.4052 0.209867 15.3155
236.49 121.828 29.8806 1.49845 11.5083
218.574 71.6636 30.1308 1.50731 10.9679
766.801 308.154 32.3472 0.910803 25.4762
877.88 268.739 33.5862 0.834064 20.3689
870.713 236.49 33.2071 0.822671 17.9577
476.563 584.059 30.5215 3.45748 12.6944
437.148 548.227 30.1381 3.38993 13.2526
788.3 168.41 32.1896 0.681419 15.5143
802.633 293.821 32.7585 1.08198 20.9869
816.965 548.227 32.3793 3.70178 15.4873
214.991 458.647 29.7162 2.79244 11.7022
372.651 444.315 29.6123 2.84031 13.494
437.148 182.742 29.8793 1.20426 13.871
1024.79 293.821 35.7422 1.10671 20.9255
1157.37 311.737 37.4646 1.32251 20.9363
68.0805 537.477 30.2209 2.86194 10.2806
351.152 96.7459 30.5242 1.55643 11.0695
1082.12 290.238 35.9658 1.21252 19.6406
1128.7 275.905 36.3733 1.05737 19.3668
68.0805 179.159 30.0366 1.96399 10.4527
781.134 483.73 32.2632 3.44192 17.7799
745.302 498.062 31.8271 3.23069 14.4066
745.302 472.98 31.9513 3.32816 17.8887
831.298 455.064 32.3919 2.85477 13.7121
1121.54 551.81 32.7646 2.87756 10.7229
1103.62 576.892 32.7375 2.9552 10.7657
1186.03 569.726 32.8355 2.88749 10.5531
1175.28 558.976 32.8177 2.85761 10.5772
121.828 311.737 29.9816 2.2881 10.7669
286.655 207.825 29.7371 1.6947 12.1826
175.576 189.909 29.8682 1.83393 11.1397
132.578 182.742 29.9835 1.90717 10.806
297.404 501.645 29.8569 3.00281 12.1656
275.905 465.814 29.8853 2.83927 11.9228
197.075 132.578 29.8143 1.58436 11.3544
261.572 361.901 29.5309 2.37363 12.3526
358.318 358.318 29.0873 2.29599 14.5332
480.146 250.823 29.6083 1.32605 15.7606
447.898 214.991 29.6957 1.25311 14.5751
175.576 397.733 29.8329 2.54441 11.2561
146.91 369.068 30.0899 2.44939 10.7275
1092.87 483.73 33.7704 2.9755 13.4816
318.903 404.9 29.4444 2.60573 13.1226
322.486 361.901 29.4421 2.36121 13.176
526.728 304.57 30.6113 1.99776 13.1479
354.735 376.234 29.322 2.43995 13.8982
265.155 279.488 29.636 2.01179 12.1988
204.241 232.907 29.8901 1.96471 11.2907
376.234 279.488 29.1962 1.69778 14.581
308.154 326.07 29.5016 2.19028 12.8969
863.547 444.315 32.6337 2.79752 14.3123
250.823 358.318 29.6438 2.37474 12.1031
232.907 308.154 29.7714 2.18599 11.7064
329.653 279.488 29.3296 1.86283 13.5301
809.799 429.982 32.5635 2.88531 17.7981
1053.46 530.311 32.7392 2.8838 11.1521
1110.79 630.64 32.7601 3.09935 10.7906
723.803 555.393 31.7254 3.48068 13.8656
1035.54 161.243 33.8651 0.82885 14.7829
1171.7 139.744 34.6914 0.712248 14.7473
1092.87 171.993 34.2666 0.90608 14.8166
1207.53 268.739 36.0724 1.2822 17.078
720.219 107.495 31.6401 0.756734 13.7857
902.962 182.742 33.0684 0.825208 15.4334
623.474 612.724 31.2184 3.63031 13.0119
630.64 551.81 31.041 3.60189 14.5565
125.411 369.068 29.9306 2.45109 10.8494
429.982 78.83 29.7236 0.411413 13.9899
336.819 89.5795 30.5383 1.57014 10.9419
569.726 100.329 30.4052 0.209867 15.3155
81.6965 128.995 29.9898 1.80942 10.5451
124.695 94.596 29.9941 1.64876 10.7291
382.684 81.6965 30.3003 1.20221 11.8244
821.265 503.079 32.4182 3.40245 15.3895
838.465 451.481 32.6243 2.96284 16.1039
1178.15 558.976 32.7918 2.8515 10.475
85.9964 460.081 30.2341 2.67673 10.3122
825.565 313.887 33.2691 1.20247 23.5622
804.066 292.388 32.6972 1.11724 20.7111
1074.95 558.976 32.7466 2.95292 11.0588
782.567 481.58 32.2495 3.45545 17.8026
778.267 447.181 32.2193 3.08108 17.8053
296.687 171.993 29.7125 1.51713 12.3274
984.658 335.386 36.1913 1.39414 24.8925
103.196 352.585 29.9818 2.41348 10.6871
85.9964 206.391 29.9845 2.0118 10.6002
94.596 150.494 30.0317 1.85589 10.5564
176.293 395.583 29.866 2.54164 11.1929
240.79 460.081 29.4879 2.83677 12.322
339.686 481.58 30.0072 2.92457 12.1724
210.691 184.892 29.9046 1.77603 11.3171
171.993 189.192 29.7697 1.80596 11.3051
300.987 292.388 29.4621 1.99829 12.8956
167.693 300.987 29.8923 2.22876 11.1142
408.483 262.289 29.0873 1.47775 15.3465
378.384 279.488 29.1844 1.73374 14.5866
933.06 447.181 33.0114 2.84668 14.1763
232.19 305.287 29.7575 2.18466 11.7452
262.289 279.488 29.5984 2.00471 12.2828
275.188 227.89 29.7054 1.80388 12.128
404.183 292.388 28.9805 1.70739 15.5786
1027.66 451.481 33.52 2.82321 13.8908
920.161 485.879 32.9272 3.1167 14.2944
288.088 266.589 29.7743 1.98564 12.1032
1057.76 528.878 32.7412 2.88373 11.1521
1109.35 627.773 32.7601 3.09935 10.7906
722.369 554.677 31.7254 3.48068 13.8656
1092.15 171.993 34.1633 0.964427 14.5242
1195.35 128.995 34.543 0.855079 14.0425
1156.65 335.386 37.8317 1.61295 21.8821
1130.85 245.09 35.285 1.12827 16.7016
718.07 111.795 31.6138 0.711743 14.0511
847.064 206.391 32.6258 1.00707 15.5386
842.764 262.289 33.0005 0.973273 18.9249
632.073 550.377 31.0635 3.56936 14.5026
425.682 163.393 30.226 1.35208 12.5977
567.576 103.196 30.4052 0.209867 15.3155
352.585 94.596 30.5117 1.54697 11.1012
134.154 490.179 29.6812 2.86477 11.2939
98.0359 474.7 30.2132 2.72751 10.3869
211.551 190.912 29.8827 1.78648 11.3318
644.973 263.149 30.7054 0.940226 18.6828
123.835 366.345 29.9363 2.44772 10.8383
98.0359 386.984 29.9054 2.5027 10.77
273.468 464.38 29.8746 2.82271 11.8762
268.309 361.185 29.563 2.37529 12.2759
350.865 366.345 29.4238 2.35035 13.7329
314.747 361.185 29.3637 2.35147 13.3378
681.091 562.416 31.5405 3.32511 12.5525
371.504 319.906 29.2883 2.03678 14.2237
655.292 371.504 31.0576 2.34843 16.7346
98.0359 221.871 29.982 2.0309 10.6497
185.752 335.386 29.1745 2.26434 12.2751
810.086 428.262 32.4774 2.83762 16.858
784.287 381.824 32.3064 2.38475 18.175
211.551 278.628 29.7983 2.06782 11.5088
263.149 278.628 29.6546 2.01386 12.1605
268.309 154.793 29.8378 1.52316 11.8158
366.345 227.03 29.4812 1.51825 13.6138
1047.44 598.535 32.7099 3.09744 11.15
1057.76 531.458 32.7417 2.88208 11.1224
773.967 448.901 32.2037 3.0508 17.2899
660.452 464.38 31.2806 2.9883 14.2474
722.369 562.416 31.708 3.4745 13.7795
1088.71 170.273 34.2659 0.878685 14.8862
995.838 227.03 33.9442 1.07474 16.0412
928.761 232.19 33.6072 0.95962 16.8313
1155.79 340.546 37.0511 1.75707 20.032
1129.99 247.67 35.0602 1.22096 16.1531
882.323 304.427 33.974 1.072 22.3148
505.659 464.38 29.3177 3.37896 17.8488
624.334 614.014 31.2663 3.56388 12.681
196.072 407.623 29.5641 2.58749 11.8873
123.835 201.231 30.0029 1.96493 10.7135
196.072 128.995 29.8596 1.58377 11.2452
567.576 103.196 30.3669 0.134648 15.4808
294.108 505.659 30.2263 2.90427 11.3173
1120.7 551.065 32.7643 2.88113 10.7516
130.027 352.929 29.9857 2.39031 10.8356
210.519 123.835 29.8599 1.50549 11.4325
266.245 210.519 29.6511 1.70701 12.169
687.283 551.065 31.4381 3.46301 13.8807
650.133 526.298 31.1772 3.41434 14.6016
656.324 489.147 31.2407 3.12135 13.9558
773.967 445.805 32.1704 3.05372 17.5703
910.186 433.422 32.8617 2.73349 13.944
266.245 464.38 29.8775 2.8213 11.8452
792.543 396.271 32.1973 2.57682 17.101
780.159 377.696 32.2762 2.37749 16.8619
352.929 328.162 29.5531 2.15551 13.2577
309.587 359.121 29.415 2.34357 13.1116
619.174 402.463 30.7772 2.6141 15.9156
470.572 309.587 29.4207 1.7884 16.0019
365.313 229.094 30.3488 1.86818 11.5303
377.696 278.628 28.9813 1.67511 15.1294
272.436 229.094 29.879 1.85892 11.8028
662.516 402.463 31.1883 2.54776 14.9556
718.242 563.448 31.6931 3.49064 13.7052
811.118 544.873 32.3563 3.6323 15.0978
959.719 204.327 33.6041 0.920855 16.0636
928.761 229.094 33.6517 0.894244 17.2495
1071.17 291.012 35.8849 1.1684 19.7285
705.858 191.944 31.5524 1.1531 14.1286
718.242 117.643 31.6023 0.807893 14.0034
885.419 303.395 33.9867 1.08377 22.2743
625.366 482.956 30.8336 3.30808 15.6481
377.696 328.162 29.1612 2.07047 14.5952
235.286 123.835 29.8515 1.49092 11.5481
631.557 544.873 31.0622 3.56705 14.5355
289.773 319.494 29.7395 2.19322 12.167
371.504 326.924 29.4738 2.11924 13.7092
319.494 319.494 29.3825 2.11386 13.2528
319.494 282.343 29.3906 1.91167 13.1733
557.256 326.924 30.2252 1.88876 15.8727
847.03 453.235 32.6186 2.9261 15.5911
438.375 282.343 28.8925 1.45153 16.8085
995.632 445.805 33.1775 2.74593 13.1856
1055.07 527.536 32.7354 2.89126 11.1674
713.288 564.687 31.6931 3.49064 13.7052
683.568 564.687 31.4924 3.46222 13.6093
809.879 549.826 32.2481 3.58666 14.7412
995.632 222.903 33.9676 1.03324 16.3183
921.331 230.333 33.6853 0.805984 17.8346
1047.64 156.032 33.9181 0.820084 14.7515
1129.37 245.193 35.3266 1.07372 16.9668
839.6 208.042 32.6207 0.672598 17.3857
601.837 468.095 30.5896 3.24413 16.5893
631.557 549.826 31.0932 3.49917 14.2988
200.612 408.655 29.802 2.57966 11.4512
438.375 193.182 29.8582 1.30455 14.0043
364.074 156.032 30.0216 1.43487 12.4197
215.473 267.483 29.9987 2.10736 11.1476
282.343 260.053 29.6458 1.90937 12.3476
705.858 163.462 31.6054 1.1815 13.5021
855.946 436.889 32.4807 2.80654 13.398
222.903 294.231 29.6174 2.10525 11.9297
249.651 267.483 29.2878 1.90072 12.757
419.057 267.483 29.6899 1.67128 14.1603
909.443 427.973 32.8884 2.7418 14.1657
267.483 303.148 29.7713 2.1467 11.9577
303.148 276.399 29.631 2.03187 12.5501
838.114 410.141 32.856 2.66412 18.9225
998.604 481.47 33.206 2.92191 13.2412
1061.02 534.966 32.7421 2.8814 11.1216
1096.68 481.47 33.0805 2.80758 11.5813
757.869 383.392 31.9145 2.41344 15.5683
659.792 401.225 31.1397 2.56849 15.1525
784.617 383.392 32.288 2.3965 18.4838
748.953 481.47 31.8333 3.25521 15.4387
998.604 222.903 33.8425 1.12153 15.6378
1052.1 169.406 33.9657 0.77506 14.8804
945.107 312.064 34.9783 1.1984 22.5466
704.372 329.896 31.4791 2.00421 14.5583
659.792 338.812 31.2889 2.20223 14.3344
481.47 463.637 29.721 3.12382 15.3743
410.141 436.889 30.0416 2.80127 12.9727
392.309 401.225 29.8066 2.55443 13.2111
606.295 463.637 30.8286 2.93728 14.3365
499.302 472.554 29.7507 3.25281 16.0015
624.127 490.386 31.1094 3.13801 13.6623
320.98 410.141 29.368 2.6512 13.332
463.637 240.735 30.4508 1.7681 12.328
517.134 285.315 28.9056 1.15294 19.938
205.07 169.406 29.8367 1.71016 11.3162
187.238 178.322 29.8083 1.78833 11.3556
383.392 240.735 29.7476 1.62242 13.2336
285.315 178.322 29.7545 1.54063 12.1008
374.476 329.896 29.2851 2.09096 14.2415
