1759 286 -13.2868 -0.548386 29.2458
1839 315 -13.172 -0.472784 29.0555
1640.4 234 -13.4961 -0.684347 29.4557
1806 118.8 -13.2319 -0.811408 29.1448
1759.2 285.6 -13.2865 -0.548786 29.2588
1656 421.2 -13.4448 -0.308612 29.3875
1665.6 194.4 -13.4558 -0.749022 29.4023
1640.16 233.28 -13.4921 -0.679149 29.4201
1568.16 247.68 -13.6999 -0.774556 30.1529
1537.92 692.64 -13.6104 0.211615 29.1443
1634.4 311.04 -13.5192 -0.56017 29.7457
1592.64 311.04 -13.5941 -0.562634 29.7157
1656 420.48 -13.4436 -0.309674 29.3751
1805.76 118.08 -13.2331 -0.813002 29.1426
1811.52 47.52 -13.2286 -0.934926 29.1467
1758.24 285.12 -13.2887 -0.547919 29.2583
1719.36 322.56 -13.3438 -0.486171 29.2945
1779.84 316.8 -13.2493 -0.491054 29.2481
1643.04 570.24 -13.4519 -0.0226291 29.3071
1513.73 426.816 -13.8263 -0.3261 30.2567
1605.31 81.216 -13.5844 -1.02866 29.6016
1721.09 390.528 -13.3407 -0.364232 29.2778
1757.38 285.12 -13.2911 -0.549988 29.2577
1693.44 302.4 -13.4027 -0.574308 29.6725
1779.84 635.904 -13.2292 0.0731927 29.1232
1840.32 347.328 -13.1699 -0.418327 29.0591
1781.57 316.224 -13.2497 -0.490352 29.2407
1574.21 751.68 -13.5475 0.31557 29.1593
1805.76 117.504 -13.2339 -0.813015 29.1424
1657.15 419.904 -13.4422 -0.310073 29.3596
1644.36 570.24 -13.4464 -0.0248012 29.3092
1607.04 78.7968 -13.5724 -1.01404 29.5204
1721.09 321.408 -13.3461 -0.497225 29.3217
1478.48 651.11 -13.7197 0.143914 29.1761
1555.2 423.014 -13.6615 -0.318959 29.7577
1540.69 958.003 -13.5905 0.733999 29.1977
1424.56 680.141 -13.8422 0.233423 29.3079
1341.62 429.235 -14.6888 -0.394311 31.8673
1478.48 286.157 -13.9498 -0.714199 30.3683
1503.36 182.477 -13.894 -0.992648 30.3716
1764.63 962.151 -13.2166 0.648857 29.1788
1515.8 425.088 -13.8241 -0.328628 30.248
1227.57 49.7664 -15.7968 -2.45847 33.4267
1756.75 283.669 -13.2925 -0.548685 29.2605
1659.71 199.066 -13.4712 -0.754192 29.4615
1478.06 286.157 -13.9534 -0.718717 30.4032
1485.53 151.788 -13.9272 -1.05219 30.2663
1363.6 231.414 -14.4825 -1.04965 31.2818
1366.09 196.577 -14.4589 -1.15698 31.2147
1721.92 768.891 -13.3053 0.368671 29.4273
1540.27 960.492 -13.5891 0.734307 29.1939
1535.29 970.445 -13.5983 0.78197 29.2871
1338.72 716.636 -14.0836 0.389405 29.5657
1607.45 77.1379 -13.5726 -1.01499 29.5197
1806.52 116.951 -13.2345 -0.814831 29.1422
1555.2 423.014 -13.698 -0.327674 29.9921
1659.71 418.038 -13.4501 -0.31938 29.4604
1679.62 358.318 -13.4196 -0.433343 29.5267
1194.39 537.477 -15.7328 0.156105 32.9972
1361.61 140.341 -14.6318 -1.51756 31.7677
1504.94 265.753 -13.8408 -0.719797 30.1202
1424.31 92.5655 -14.1358 -1.28766 30.5097
1146.62 495.673 -16.1713 -0.0839716 33.4772
1230.23 397.136 -16.0269 -0.639368 34.3947
1367.58 194.089 -14.4472 -1.15729 31.1897
1457.16 761.426 -13.7443 0.367371 29.1763
1481.05 582.267 -13.9058 0.112274 30.4019
1657.22 200.061 -13.4642 -0.741942 29.4043
1806.52 116.453 -13.2331 -0.813146 29.1221
1555.7 418.038 -13.6794 -0.327774 29.8821
501.645 325.472 -15.259 -0.410284 28.1496
1533.6 698.72 -13.6083 0.207461 29.0992
1479.85 580.475 -13.8765 0.0701337 30.1659
1805.92 777.55 -13.1807 0.317724 29.195
1777.26 634.223 -13.2279 0.0710901 29.1227
1526.44 824.132 -13.6259 0.473209 29.1716
1329.36 824.132 -14.0383 0.565146 29.379
1608.85 71.6636 -13.5885 -1.06494 29.6461
1422.52 93.1627 -14.1547 -1.31967 30.5825
1755.76 283.071 -13.2973 -0.553497 29.2623
1515.69 419.232 -13.8598 -0.356129 30.5251
1795.17 508.812 -13.2127 -0.148781 29.1122
1662.6 415.649 -13.441 -0.318928 29.3838
501.645 326.07 -15.2658 -0.410609 28.159
859.964 348.285 -17.7415 -0.795982 32.921
1457.64 761.068 -13.7624 0.38006 29.2523
1526.44 825.565 -13.6327 0.476375 29.208
1156.65 614.874 -16.0537 0.669433 33.4096
1341.54 718.07 -13.9967 0.314382 29.2897
1259.85 700.87 -14.4402 0.452619 30.1174
1345.84 610.574 -14.1533 0.152994 29.8244
1328.64 941.66 -14.1086 0.924487 29.6608
1474.84 193.492 -13.9582 -0.988331 30.2892
1754.33 283.788 -13.2921 -0.550591 29.257
1707.03 137.594 -13.3983 -0.902582 29.626
1560.83 417.082 -13.637 -0.324155 29.6185
1406.04 309.587 -14.3089 -0.735932 31.1066
1655.43 533.177 -13.4229 -0.0860801 29.2729
1135.15 184.892 -17.4128 -2.33638 36.0846
1199.65 253.689 -17.0977 -1.88103 36.7097
1341.54 128.995 -14.7762 -1.61403 31.9993
1289.95 180.592 -14.866 -1.33169 31.6905
1358.74 429.982 -14.7126 -0.387268 32.134
1229.75 468.68 -15.5343 -0.192316 33.0229
722.369 653.572 -16.2134 0.474713 29.9428
864.263 567.576 -17.6384 0.463049 32.8928
713.77 133.294 -16.3478 -1.25835 29.9891
1805.92 779.127 -13.1743 0.28291 29.0617
1326.06 939.08 -14.0456 0.86902 29.4544
1795.6 510.818 -13.2135 -0.147098 29.1718
1754.33 283.788 -13.2893 -0.549202 29.2583
1656.29 201.231 -13.4549 -0.7307 29.3485
1811.08 103.196 -13.2312 -0.860287 29.2057
1640.81 190.912 -13.4914 -0.777722 29.4252
1455.06 758.488 -13.7372 0.358293 29.1455
1599.53 650.133 -13.5145 0.141668 29.2884
1465.38 892.642 -13.7224 0.614485 29.2101
639.813 505.659 -15.7032 -0.086358 28.9668
1609.85 412.783 -13.5842 -0.347753 30.0203
1501.5 330.226 -13.8853 -0.607255 30.3811
753.328 655.292 -16.3738 0.54193 30.3071
1197.07 252.829 -16.8096 -1.74206 35.9351
810.086 500.499 -16.9826 0.0409178 31.4584
1331.22 941.144 -14.0189 0.804171 29.347
1325.03 823.501 -14.0503 0.565993 29.4031
1095.94 185.752 -18.5584 -2.71644 37.7965
996.87 185.752 -19.2284 -2.71444 37.2083
1721.3 260.053 -13.3493 -0.612069 29.3474
1653.19 204.327 -13.4741 -0.732993 29.4179
674.9 773.967 -16.0263 0.756505 29.5004
1355.99 612.982 -14.0211 0.118395 29.4358
1188.81 569.64 -15.7898 0.347134 33.2275
1665.58 656.324 -13.4402 0.187071 29.7053
1647 557.256 -13.4494 -0.0472396 29.3227
1529.36 693.475 -13.6375 0.215068 29.2047
1448.87 464.38 -13.9039 -0.220413 29.7892
1145.47 513.914 -16.094 0.0968527 33.3422
1108.32 408.655 -15.9572 -0.503824 32.3928
1399.33 297.203 -14.1331 -0.715491 30.2749
1448.87 179.56 -14.0693 -1.04552 30.5201
1219.77 470.572 -15.3404 -0.185527 32.3747
761.584 210.519 -16.5864 -1.15422 30.5061
1325.03 272.436 -14.8414 -1.02868 32.1238
755.392 811.118 -15.9931 0.966444 29.8621
1665.58 408.655 -13.4237 -0.346226 29.3072
1723.78 170.892 -13.3554 -0.819218 29.5238
1649.48 200.612 -13.493 -0.75471 29.4075
1456.3 757.869 -13.7535 0.36862 29.209
1664.34 653.848 -13.4284 0.185233 29.6306
1768.36 549.826 -13.2442 -0.0723733 29.5954
1642.05 557.256 -13.4494 -0.0472396 29.3227
1538.03 705.858 -13.6061 0.234411 29.1497
690.998 720.718 -15.9841 0.616427 29.533
1486.02 534.966 -13.9014 -0.0359334 30.4736
1567.75 237.763 -13.7072 -0.810147 30.1925
1567.75 141.172 -13.686 -1.01361 29.8827
1322.56 274.913 -14.9257 -1.06614 32.3847
1285.41 185.752 -14.7648 -1.21511 31.34
1173.95 178.322 -15.8743 -1.68661 33.0022
795.019 378.934 -15.8756 -0.450707 29.8543
1322.56 824.74 -14.0188 0.556326 29.3232
1151.66 557.256 -16.0683 0.330796 33.3816
