1193 170 1.76277 -0.359217 -1.86031
1231 449 1.77682 -0.229789 -1.77062
1163.8 265.65 1.78723 -0.318092 -1.8406
1229.35 543.95 1.78895 -0.193253 -1.75998
1123.55 685.4 1.86114 -0.135257 -1.79708
1003.95 673.9 1.96187 -0.128699 -1.91796
1138.5 476.1 1.82794 -0.225727 -1.81937
1163.8 264.5 1.78984 -0.318913 -1.85042
1120.16 228.792 1.81473 -0.351279 -1.9169
1225.96 236.727 1.75531 -0.318782 -1.82078
1052.71 292.272 1.8815 -0.338603 -2.00061
1170.41 37.03 1.75635 -0.435867 -1.90926
1192.9 169.28 1.76338 -0.360014 -1.86359
1113.55 567.352 1.85514 -0.185202 -1.82581
1158.51 685.055 1.84004 -0.137124 -1.77575
1002.46 617.607 1.94694 -0.160357 -1.90858
1036.84 628.188 1.92534 -0.153231 -1.89352
1178.35 523.71 1.81229 -0.20231 -1.79066
1104.29 522.388 1.86117 -0.204498 -1.85905
1138.67 474.777 1.82794 -0.225727 -1.81937
1224.64 501.228 1.78692 -0.209491 -1.7677
1231.25 448.327 1.77768 -0.2302 -1.77482
1089.74 417.91 1.8579 -0.257491 -1.88827
1048.74 376.913 1.89132 -0.287243 -1.96098
1072.22 310.258 1.85805 -0.31971 -1.93888
1163.47 264.632 1.7889 -0.318711 -1.84791
1120.88 228.131 1.81627 -0.351707 -1.92119
1225.83 237.257 1.75557 -0.318972 -1.82213
1193.89 211.402 1.76861 -0.339908 -1.85811
1163.47 313.3 1.79442 -0.296574 -1.84125
1052.45 293.529 1.87926 -0.337473 -1.99023
1171.07 38.0219 1.7557 -0.434914 -1.90589
1148.26 190.109 1.78865 -0.361148 -1.88637
1088.95 115.587 1.8207 -0.431311 -1.98661
1177.16 588.579 1.82091 -0.176306 -1.78437
1158.91 684.394 1.84222 -0.136092 -1.7825
1206.05 660.06 1.81114 -0.150092 -1.7487
1067.65 599.225 1.8996 -0.167901 -1.87775
1002.26 617.475 1.95444 -0.158441 -1.92559
1044.84 681.352 1.92858 -0.126725 -1.88331
1090.47 644.851 1.88197 -0.149794 -1.83555
1241.03 427.366 1.77068 -0.237308 -1.76934
1178.68 523.181 1.81274 -0.203103 -1.79239
1090.47 418.241 1.8579 -0.257491 -1.88827
1061.57 434.97 1.8863 -0.252955 -1.92934
1099.59 509.493 1.8555 -0.212383 -1.84255
1046.36 504.93 1.90526 -0.21653 -1.91966
1079.82 453.221 1.86842 -0.240913 -1.88563
1072.14 311.323 1.85828 -0.319559 -1.93953
1119.36 227.371 1.81627 -0.351707 -1.92119
1178.83 342.805 1.78885 -0.279321 -1.8223
1086.13 218.626 1.83428 -0.367262 -1.94255
1170.09 38.4781 1.75556 -0.4341 -1.90261
1149.1 190.642 1.79023 -0.361326 -1.88969
1198.07 111.936 1.75342 -0.38722 -1.87848
1070.39 166.156 1.84606 -0.409962 -2.00597
1229.55 543.941 1.78583 -0.195144 -1.74774
1157.84 685.61 1.84313 -0.135764 -1.78577
1122.86 685.61 1.85716 -0.137201 -1.78724
1205.07 661.124 1.80977 -0.151197 -1.74438
1024.92 573.674 1.928 -0.181344 -1.9159
1044.16 682.112 1.92552 -0.127359 -1.87614
1089.63 645.383 1.88181 -0.149981 -1.83555
1122.86 386.53 1.82987 -0.268622 -1.86434
1238.3 426.758 1.76884 -0.237886 -1.76373
1138.6 475.73 1.83006 -0.226218 -1.82788
1133.36 472.232 1.82701 -0.228673 -1.81356
1177.08 521.204 1.81166 -0.203613 -1.7885
1089.63 419.761 1.85477 -0.257732 -1.87896
1049.4 377.785 1.88809 -0.286033 -1.95313
1045.91 505.463 1.90678 -0.216767 -1.92279
1080.89 452.993 1.87546 -0.240769 -1.90755
1026.67 480.977 1.92216 -0.231406 -1.95148
1204.8 661.736 1.81568 -0.148098 -1.76233
1176.64 520.941 1.81274 -0.203103 -1.79239
1180.67 343.942 1.78841 -0.279586 -1.82089
1174.63 281.59 1.78817 -0.309411 -1.85453
1116.3 647.657 1.85933 -0.151707 -1.80236
1128.37 607.43 1.85641 -0.164594 -1.82786
1236.98 426.408 1.77233 -0.237353 -1.77688
1176.64 589.328 1.81548 -0.177438 -1.76872
1226.93 543.066 1.78829 -0.194373 -1.75632
1198.77 211.192 1.76605 -0.338867 -1.85916
1158.54 108.613 1.77292 -0.402404 -1.90539
1168.6 38.2158 1.75589 -0.434363 -1.90451
1011.71 639.612 1.95414 -0.144304 -1.92835
1116.3 569.214 1.8549 -0.18502 -1.82594
1136.42 559.157 1.83804 -0.189382 -1.80965
1068.03 559.157 1.88912 -0.189155 -1.87417
1146.47 191.079 1.79577 -0.363806 -1.90887
1100.21 146.829 1.81725 -0.406435 -1.96683
1088.14 114.647 1.82226 -0.433503 -1.99543
1090.16 645.646 1.88179 -0.150184 -1.83618
1039.87 613.464 1.91595 -0.162812 -1.88191
1160.55 376.124 1.80433 -0.267852 -1.82992
1084.12 257.454 1.83895 -0.344733 -1.92882
1086.13 219.238 1.83669 -0.36815 -1.95277
1045.91 504.851 1.9043 -0.217201 -1.91879
1015.74 72.4089 1.89886 -0.533253 -2.19996
1039.87 329.863 1.89077 -0.317239 -1.98241
1091.76 645.344 1.88402 -0.148868 -1.84224
1128.77 608.335 1.85008 -0.167597 -1.80837
1168.1 326.142 1.79822 -0.288788 -1.84926
1175.03 279.88 1.78667 -0.310061 -1.84596
1158.84 108.714 1.77482 -0.402815 -1.91082
1165.78 43.9482 1.76501 -0.441294 -1.94204
1057.07 87.8963 1.86784 -0.50053 -2.16002
1114.9 569.013 1.85499 -0.184898 -1.82763
1068.63 166.54 1.84106 -0.406279 -1.98421
1047.82 157.288 1.8671 -0.429118 -2.05115
1138.03 150.349 1.78914 -0.383914 -1.89399
1107.96 464.925 1.85554 -0.231019 -1.88114
1119.52 226.68 1.81822 -0.353639 -1.93044
1038.56 545.882 1.91473 -0.195447 -1.91307
1158.84 377.029 1.80997 -0.26857 -1.84726
1121.83 386.281 1.83592 -0.269556 -1.88111
1057.07 448.734 1.89564 -0.245287 -1.93995
1027 481.117 1.92526 -0.231091 -1.96217
1038.56 330.768 1.89077 -0.317239 -1.98241
1050.13 293.759 1.88092 -0.337268 -1.99467
1061.69 432.542 1.88483 -0.253394 -1.92526
1024.11 183.541 1.87648 -0.407919 -1.99729
1048.05 156.941 1.86712 -0.42918 -2.04751
1053.37 654.365 1.90551 -0.146975 -1.8495
1114.55 646.385 1.86514 -0.150686 -1.81592
1127.85 606.484 1.85296 -0.167506 -1.81411
1087.95 606.484 1.88368 -0.166849 -1.85734
1117.21 571.904 1.85499 -0.184898 -1.82763
1170.41 263.342 1.78448 -0.318625 -1.84082
1199.67 207.482 1.76516 -0.338521 -1.8549
1029.43 593.184 1.94002 -0.16881 -1.93604
1013.47 534.664 1.94654 -0.20195 -1.96399
1093.27 196.841 1.83372 -0.381414 -1.9712
1103.91 151.621 1.81878 -0.402507 -1.96966
1085.29 258.022 1.83936 -0.344856 -1.93014
1087.95 420.283 1.86259 -0.256614 -1.90071
1056.03 449.543 1.89405 -0.245908 -1.93404
1008.15 598.504 1.94982 -0.169069 -1.9337
1170.41 412.303 1.80441 -0.250045 -1.82422
1226.27 539.984 1.78993 -0.194504 -1.76204
1055.36 651.572 1.91344 -0.143476 -1.86851
1116.54 223.309 1.81231 -0.35242 -1.90559
1156.31 229.427 1.78768 -0.337739 -1.86279
1058.42 85.6526 1.8535 -0.485449 -2.11073
1116.54 568.978 1.85528 -0.183971 -1.82742
1107.37 520.034 1.86087 -0.203743 -1.86379
1147.13 464.971 1.82475 -0.228303 -1.82753
1049.24 296.725 1.88299 -0.335239 -1.98285
1024.77 183.541 1.88171 -0.411677 -2.0154
1046.19 156.01 1.86298 -0.427824 -2.03554
1089.01 419.086 1.85818 -0.256865 -1.88935
1171.61 516.975 1.81248 -0.206325 -1.78643
1030.74 594.521 1.93477 -0.171026 -1.92315
1146.83 175.894 1.79281 -0.371919 -1.90814
1136.27 154.787 1.79532 -0.385339 -1.90937
1044.81 499.538 1.91184 -0.220206 -1.93634
1055.36 358.823 1.88828 -0.295774 -1.97223
1058.88 84.429 1.84658 -0.479451 -2.08038
1013.15 73.8754 1.8921 -0.525153 -2.16439
1157.38 379.931 1.80898 -0.267143 -1.84073
1115.17 643.771 1.86564 -0.152061 -1.81534
1174.97 520.646 1.81028 -0.206286 -1.77784
1044.81 182.93 1.86058 -0.408003 -2.00575
1189.04 151.269 1.7622 -0.369001 -1.86316
1167.93 327.162 1.79926 -0.289689 -1.85175
1140.85 339.827 1.80806 -0.287427 -1.83836
1084.21 218.46 1.83771 -0.367939 -1.95308
1055.89 449.057 1.89869 -0.244899 -1.95743
1003.3 275.098 1.8971 -0.356526 -1.97324
1132.76 153.731 1.7906 -0.382406 -1.89053
1100.39 149.686 1.81393 -0.401353 -1.9518
1011.39 327.69 1.91836 -0.323289 -2.01964
1051.84 416.692 1.87964 -0.262236 -1.9119
1027.57 428.829 1.91519 -0.261103 -1.96646
1140.85 465.239 1.83077 -0.229313 -1.83704
1039.71 129.458 1.87097 -0.447305 -2.06626
1007.34 105.184 1.95492 -0.549213 -2.3611
1157.03 449.057 1.82817 -0.232483 -1.86616
1152.98 380.282 1.81135 -0.268224 -1.84004
1161.07 566.378 1.82808 -0.185246 -1.7989
1185.35 149.686 1.75965 -0.36786 -1.85157
1165.12 323.645 1.79954 -0.290932 -1.84891
1028.18 181.443 1.87964 -0.417628 -2.03397
1046.79 279.143 1.89819 -0.352222 -2.05403
1125.88 511.763 1.83896 -0.212202 -1.81903
1149.14 214.01 1.78981 -0.349184 -1.87005
1000.26 339.625 1.95535 -0.328118 -2.09722
1014.22 325.667 1.90922 -0.32407 -1.99355
1028.18 595.506 1.93721 -0.169727 -1.92681
1158.45 567.592 1.83277 -0.18367 -1.81045
1158.45 107.005 1.77648 -0.407039 -1.9233
1037.95 101.655 1.87052 -0.482576 -2.11856
1059.35 454.771 1.892 -0.24468 -1.9265
1171.7 417.319 1.80134 -0.24681 -1.81486
1150.3 379.868 1.81138 -0.267514 -1.83575
1005.85 529.675 1.93831 -0.206574 -1.93853
1139.6 465.472 1.82897 -0.230137 -1.8323
1086.1 609.928 1.88439 -0.167176 -1.85338
1134.25 155.157 1.79048 -0.381762 -1.88712
1086.1 107.005 1.81713 -0.432862 -1.97861
1011.2 331.715 1.94989 -0.332556 -2.10799
1009.06 332.25 1.89253 -0.318494 -1.93299
1033.67 319.945 1.88072 -0.321947 -1.95499
1052.13 375.32 1.88977 -0.286681 -1.96806
1138.27 461.459 1.82893 -0.231983 -1.83187
1150.57 375.32 1.81353 -0.267278 -1.83745
1156.72 566.056 1.81191 -0.191849 -1.74322
1144.42 141.514 1.78891 -0.39307 -1.91546
516.834 338.403 3.75531 -0.90566 -3.85969
344.556 270.723 2.90124 -0.754216 -2.42797
116.903 258.417 2.22532 -0.490246 -1.58684
215.348 338.403 2.45772 -0.513382 -1.82969
338.403 153.82 2.63569 -0.796825 -2.20746
418.389 350.709 3.09651 -0.682978 -2.73559
153.82 578.362 2.37754 -0.336802 -1.67032
276.875 443.001 2.45918 -0.428614 -1.8501
116.903 375.32 2.21871 -0.421578 -1.56527
227.653 473.764 2.39361 -0.397521 -1.75373
547.598 510.681 4.31792 -0.448393 -4.45415
541.445 393.778 5.1433 -1.06257 -5.72447
375.32 443.001 2.65179 -0.462983 -2.16141
787.557 233.806 2.50339 -0.663926 -3.02465
879.848 350.709 2.12533 -0.372925 -2.30812
750.64 227.653 2.45049 -0.651086 -2.79196
941.376 203.042 2.00556 -0.466243 -2.24392
904.46 584.515 2.09205 -0.171834 -2.09986
713.723 498.376 2.93393 -0.29799 -3.26696
873.696 486.07 2.14089 -0.252591 -2.2215
922.918 406.084 2.04307 -0.299238 -2.1551
935.223 443.001 2.09607 -0.271391 -2.25929
965.987 498.376 2.00855 -0.224949 -2.07465
965.987 553.751 2.00286 -0.189838 -2.0244
726.029 301.487 2.69954 -0.618205 -3.09908
781.404 172.278 2.21469 -0.602902 -2.42695
818.32 184.584 2.14716 -0.559641 -2.35519
492.223 479.917 3.37327 -0.481277 -3.1454
264.57 418.389 2.44088 -0.445615 -1.83202
123.056 215.348 2.24098 -0.523699 -1.60901
631.329 171.208 2.48313 -0.738794 -2.57955
347.766 272.863 2.83819 -0.729605 -2.36224
144.457 304.964 2.22975 -0.466471 -1.60009
203.309 123.056 2.33011 -0.640334 -1.75834
133.756 171.208 2.28959 -0.574691 -1.66157
567.126 358.467 4.60363 -1.06434 -5.23127
492.223 262.162 3.20904 -0.890423 -3.14529
363.817 149.807 2.57776 -0.770272 -2.17938
331.715 433.37 2.51131 -0.444462 -1.96395
112.355 374.517 2.21508 -0.421482 -1.56197
214.01 390.568 2.38678 -0.458122 -1.75515
101.655 492.223 2.23703 -0.369492 -1.55109
176.558 497.573 2.30949 -0.37238 -1.64636
470.822 545.725 4.12486 -0.402601 -3.86257
374.517 438.72 2.65179 -0.462983 -2.16141
882.791 347.766 2.12976 -0.37391 -2.32211
684.832 272.863 2.65086 -0.655886 -2.90711
946.994 278.213 2.00273 -0.397764 -2.17998
968.395 353.116 1.97402 -0.324625 -2.08872
861.39 551.076 2.20159 -0.200089 -2.27641
706.233 551.076 3.08508 -0.21638 -3.40765
882.791 411.969 2.12439 -0.307824 -2.26093
775.786 481.522 2.48529 -0.290521 -2.69401
936.294 577.827 2.04607 -0.178491 -2.05943
925.593 406.619 2.05221 -0.30038 -2.16962
930.943 449.421 2.08744 -0.269713 -2.23863
920.243 529.675 2.05596 -0.211557 -2.09423
315.665 390.568 2.48083 -0.474729 -1.93095
304.964 347.766 2.53468 -0.53182 -1.98548
909.542 433.37 2.08211 -0.286286 -2.19577
872.091 486.873 2.17974 -0.253394 -2.29917
807.888 369.167 2.37971 -0.413209 -2.67606
823.938 385.218 2.27662 -0.374472 -2.49442
716.933 395.918 2.89552 -0.50273 -3.32543
770.436 395.918 2.58768 -0.42241 -2.93986
278.213 449.421 2.5509 -0.44118 -1.93789
230.061 476.172 2.37586 -0.39384 -1.73784
989.796 272.863 1.91531 -0.363893 -2.00162
344.277 274.491 2.85427 -0.732754 -2.37952
223.315 334.972 2.33464 -0.485129 -1.73323
195.4 260.534 2.32741 -0.532209 -1.71633
144.224 302.405 2.31566 -0.495155 -1.66519
162.834 316.363 2.23304 -0.463162 -1.607
339.625 153.529 2.54559 -0.748683 -2.10676
125.615 93.0478 2.26459 -0.614716 -1.64954
158.181 172.138 2.2746 -0.566694 -1.66501
521.068 339.625 3.88724 -0.940973 -4.03779
493.153 265.186 4.41269 -1.36183 -4.70225
251.229 572.244 2.4031 -0.325789 -1.758
227.967 581.549 2.39859 -0.317737 -1.73288
293.101 586.201 2.49515 -0.316192 -1.86379
162.834 614.116 2.29582 -0.305965 -1.61046
330.32 432.672 2.53343 -0.445798 -1.98495
111.657 376.844 2.22885 -0.42692 -1.57115
186.096 395.453 2.31663 -0.437843 -1.67883
395.453 572.244 2.40955 -0.303775 -1.89126
753.687 227.967 2.45589 -0.656227 -2.81261
911.869 88.3954 1.89723 -0.481815 -1.92999
860.692 553.634 2.18919 -0.1946 -2.25632
707.163 548.982 3.05084 -0.204881 -3.35476
846.735 437.325 2.24285 -0.304605 -2.41931
716.468 497.806 3.08354 -0.30621 -3.51623
790.906 237.272 2.30533 -0.572969 -2.5818
814.168 255.881 2.2659 -0.530219 -2.55807
655.987 325.667 3.21837 -0.752058 -3.71755
665.292 358.234 3.31285 -0.693065 -3.85872
981.654 227.967 1.9579 -0.430184 -2.17927
949.088 274.491 1.99263 -0.393163 -2.16956
921.173 530.372 2.07845 -0.211957 -2.1387
921.173 548.982 2.04668 -0.198348 -2.06533
302.405 316.363 2.44072 -0.531598 -1.89127
241.924 469.891 2.37993 -0.397194 -1.75233
279.143 446.629 2.45366 -0.422628 -1.85046
232.62 479.196 2.39084 -0.393533 -1.75431
260.534 479.196 2.39915 -0.39215 -1.77892
204.705 525.72 2.31447 -0.353323 -1.66148
162.834 562.939 2.35409 -0.340348 -1.65771
935.13 446.629 2.06118 -0.268379 -2.18181
967.697 502.458 1.98135 -0.225587 -2.00565
725.773 302.405 2.60208 -0.59058 -2.94325
716.468 390.801 2.89552 -0.50273 -3.32543
631.107 173.959 2.48368 -0.731538 -2.56998
347.918 275.098 2.70971 -0.674702 -2.23129
194.187 262.961 2.33819 -0.53253 -1.72709
145.64 303.417 2.30383 -0.492593 -1.65646
125.412 93.0478 2.26995 -0.614136 -1.65417
157.777 173.959 2.2979 -0.57713 -1.68488
521.877 339.827 3.91688 -0.945402 -4.08172
610.879 356.009 4.23858 -0.962929 -5.01064
493.558 267.007 4.41269 -1.36183 -4.70225
364.1 149.686 2.57776 -0.770272 -2.17938
254.87 574.469 2.39982 -0.324277 -1.75565
165.868 562.332 2.31336 -0.335277 -1.62706
165.868 614.925 2.30808 -0.306485 -1.61969
303.417 449.057 2.45201 -0.422631 -1.87301
101.139 489.512 2.25283 -0.372903 -1.56245
182.05 501.649 2.34038 -0.377665 -1.66661
356.009 639.198 2.4655 -0.258368 -1.88964
679.654 275.098 2.63161 -0.648179 -2.87324
752.474 222.506 2.45228 -0.654129 -2.80574
837.43 206.323 2.20641 -0.562458 -2.52298
780.792 173.959 2.27243 -0.635662 -2.54863
707.972 554.241 3.05084 -0.204881 -3.35476
776.747 481.421 2.43655 -0.285869 -2.60276
983.07 440.966 1.96273 -0.261449 -2.02149
833.385 384.328 2.25006 -0.369161 -2.45543
222.506 392.419 2.34265 -0.445483 -1.71867
271.052 360.055 2.44197 -0.491692 -1.8557
845.521 234.642 2.27724 -0.564749 -2.70497
327.69 428.829 2.49863 -0.440658 -1.94973
716.064 392.419 2.89931 -0.506569 -3.33655
987.116 521.877 1.97608 -0.210247 -2.00715
942.615 388.373 2.0073 -0.307082 -2.11036
849.567 501.649 2.20118 -0.242461 -2.29599
918.341 525.922 2.07732 -0.210765 -2.13636
529.968 388.373 5.08635 -1.07332 -5.56556
473.33 542.105 2.90226 -0.335606 -2.52551
299.019 225.144 2.52217 -0.652626 -2.00416
158.304 172.376 2.29204 -0.574961 -1.67974
619.146 260.323 2.93229 -0.79716 -3.20285
612.11 355.305 4.24931 -0.965868 -5.01352
492.503 267.359 2.96931 -0.794184 -2.84768
569.896 116.09 2.58209 -0.87078 -2.61761
422.145 147.751 2.54451 -0.764209 -2.22844
102.018 492.503 2.23351 -0.370789 -1.55148
397.52 573.414 2.41518 -0.301425 -1.89997
710.611 168.858 2.41607 -0.715652 -2.6585
784.486 175.894 2.28162 -0.639008 -2.56817
710.611 555.824 3.05084 -0.204881 -3.35476
759.861 552.306 2.57495 -0.204073 -2.74717
812.629 218.108 2.2336 -0.56324 -2.50471
847.808 235.698 2.30005 -0.574429 -2.75838
376.413 492.503 2.62863 -0.391644 -2.11232
770.415 397.52 2.58325 -0.423883 -2.93656
953.344 281.43 1.99605 -0.392963 -2.17974
302.537 320.127 2.55134 -0.565278 -1.99943
309.573 344.752 2.55401 -0.533551 -2.01022
313.091 351.788 2.5358 -0.525893 -1.99214
942.791 204.037 1.99978 -0.464963 -2.23306
721.164 460.842 3.00458 -0.376888 -3.45839
721.164 499.538 3.08354 -0.30621 -3.51623
330.68 432.699 2.49772 -0.440848 -1.94909
946.309 386.966 2.01959 -0.308198 -2.14075
981.487 401.038 1.94918 -0.286566 -2.00837
886.505 415.109 2.07919 -0.307207 -2.16054
225.144 394.002 2.35809 -0.44883 -1.7336
186.447 527.681 2.34011 -0.360462 -1.66883
165.34 566.378 2.38804 -0.343885 -1.68427
861.88 555.824 2.17778 -0.194659 -2.23215
907.612 446.77 2.0829 -0.274689 -2.18502
344.752 496.02 2.4774 -0.378426 -1.92688
270.876 327.162 2.41767 -0.514049 -1.8428
165.34 615.628 2.31175 -0.307852 -1.62253
197.001 605.075 2.34148 -0.309971 -1.66468
197.001 263.841 2.33819 -0.53253 -1.72709
897.058 306.055 2.10886 -0.41012 -2.33726
872.433 334.198 2.15022 -0.395989 -2.36244
253.287 640.253 2.39919 -0.282616 -1.73924
161.822 499.538 2.29234 -0.370568 -1.62716
119.608 263.841 2.25161 -0.496567 -1.60639
207.555 524.163 2.34845 -0.359647 -1.68729
299.784 223.309 2.52217 -0.652626 -2.00416
119.302 263.076 2.24387 -0.494114 -1.6017
177.423 318.138 2.27164 -0.471817 -1.6489
336.492 162.128 2.66102 -0.792356 -2.22649
58.1214 119.302 2.19284 -0.550256 -1.54895
137.656 58.1214 2.27679 -0.645121 -1.6739
492.503 266.135 3.04772 -0.822041 -2.94789
624.041 260.017 2.93229 -0.79716 -3.20285
520.034 339.551 3.90242 -0.939217 -4.07265
348.729 278.371 2.87883 -0.738421 -2.40789
443.558 354.847 3.3427 -0.745163 -3.07994
360.965 149.892 2.5772 -0.768844 -2.17578
422.145 146.833 2.55372 -0.767387 -2.24883
296.725 541.447 2.48871 -0.349531 -1.87133
186.6 495.562 2.31166 -0.372342 -1.65651
370.142 575.096 2.44164 -0.305062 -1.89846
422.145 633.218 2.40687 -0.248487 -1.90163
816.759 183.541 2.19335 -0.5874 -2.46253
783.11 174.364 2.24465 -0.619423 -2.49136
709.693 553.683 2.98716 -0.198094 -3.26035
746.401 520.034 2.66371 -0.245863 -2.88904
428.263 367.083 3.19224 -0.684537 -2.86488
847.349 437.44 2.22594 -0.304267 -2.38837
728.047 412.968 2.75497 -0.426197 -3.08996
302.843 321.197 2.57408 -0.569405 -2.02323
293.666 330.374 2.48165 -0.532132 -1.92107
951.356 452.735 2.0147 -0.260041 -2.09157
373.201 437.44 2.69827 -0.466684 -2.19837
945.238 388.496 2.01367 -0.306726 -2.12785
978.887 400.732 1.97782 -0.288754 -2.08075
810.641 217.191 2.25678 -0.572448 -2.55523
789.228 263.076 2.40308 -0.576647 -2.77677
226.368 391.555 2.36339 -0.44936 -1.74065
186.6 523.093 2.34757 -0.360698 -1.67467
862.644 553.683 2.17213 -0.194828 -2.22007
917.707 526.152 2.07514 -0.211908 -2.13364
880.998 409.909 2.10526 -0.309423 -2.21659
859.585 354.847 2.21101 -0.38628 -2.45041
721.929 458.853 3.00279 -0.381361 -3.45734
776.992 483.326 2.54555 -0.289797 -2.79977
871.821 333.433 2.15697 -0.397439 -2.37942
290.607 471.089 2.46213 -0.404996 -1.86177
293.666 489.444 2.46583 -0.389502 -1.86384
247.781 553.683 2.41787 -0.343021 -1.77059
253.899 572.037 2.42006 -0.325971 -1.774
201.895 137.656 2.36925 -0.644978 -1.78787
162.128 217.191 2.31121 -0.554661 -1.68954
125.42 256.958 2.24312 -0.498093 -1.60771
835.113 581.214 2.2494 -0.170932 -2.30631
728.047 302.843 2.68516 -0.613777 -3.09016
541.447 388.496 5.10193 -1.05501 -5.67374
198.836 266.135 2.31926 -0.525202 -1.71203
195.777 602.627 2.31644 -0.309296 -1.64545
862.644 480.267 2.19761 -0.25547 -2.33021
532.27 125.42 2.06854 -0.514759 -1.7678
297.922 220.782 2.51882 -0.656682 -2.00511
50.5404 119.701 2.21877 -0.563546 -1.569
625.105 260.682 2.90907 -0.788442 -3.17025
348.463 279.302 2.89786 -0.740595 -2.43009
529.344 63.8405 2.46334 -0.852616 -2.38283
569.244 117.041 2.59862 -0.877814 -2.6413
633.085 178.221 2.53253 -0.748621 -2.64511
422.943 146.301 2.53819 -0.760562 -2.23605
69.1605 454.863 2.23255 -0.389484 -1.5393
670.325 258.022 2.84503 -0.767069 -3.22551
875.146 196.841 2.14315 -0.553206 -2.49207
710.225 555.944 2.98716 -0.198094 -3.26035
428.263 364.423 3.19224 -0.684537 -2.86488
311.222 353.783 2.5395 -0.525557 -1.99685
957.607 473.483 2.0108 -0.246391 -2.07845
946.967 412.303 2.02693 -0.290417 -2.14536
712.885 412.303 3.0375 -0.489552 -3.53463
223.442 327.182 2.32474 -0.481383 -1.72036
380.383 444.223 2.70515 -0.466198 -2.20717
372.403 438.903 2.41484 -0.411843 -1.90923
228.762 393.683 2.37031 -0.448846 -1.75228
196.841 154.281 2.34989 -0.62525 -1.75995
194.181 196.841 2.27051 -0.551358 -1.68102
250.042 196.841 2.40801 -0.620476 -1.85061
883.127 412.303 2.14916 -0.315101 -2.31583
909.727 446.883 2.09049 -0.274999 -2.20346
763.426 452.203 2.56709 -0.335435 -2.83483
776.726 484.124 2.50276 -0.287136 -2.72546
414.963 558.604 2.42299 -0.308469 -1.93384
263.342 646.385 2.3811 -0.276301 -1.73294
186.201 526.684 2.33285 -0.358805 -1.66414
933.667 260.682 2.03196 -0.422556 -2.25495
896.427 305.902 2.11228 -0.410594 -2.3452
289.942 470.823 2.48379 -0.409016 -1.88167
329.842 430.923 2.51325 -0.443918 -1.96453
162.261 218.122 2.28268 -0.541472 -1.66478
119.701 266.002 2.24387 -0.493575 -1.60193
252.702 478.804 2.40674 -0.393966 -1.78245
247.382 553.284 2.39903 -0.340872 -1.75369
226.102 598.504 2.36625 -0.311191 -1.70331
151.621 305.902 2.28184 -0.482955 -1.64391
175.561 319.202 2.30968 -0.484146 -1.67855
127.681 98.4207 2.26562 -0.610949 -1.65103
755.446 220.782 2.4212 -0.649565 -2.75042
742.146 250.042 2.47269 -0.625561 -2.78498
728.845 598.504 2.73595 -0.13631 -2.88407
396.343 571.904 2.39965 -0.305067 -1.88813
164.921 611.805 2.30036 -0.306133 -1.61375
162.261 667.665 2.31088 -0.277156 -1.60898
199.501 268.662 2.3285 -0.527207 -1.72002
244.722 271.322 2.39381 -0.551694 -1.81442
164.921 385.703 2.29656 -0.437809 -1.65041
61.1805 662.345 2.21521 -0.292912 -1.50101
696.925 468.163 3.08716 -0.379726 -3.48741
119.701 164.921 2.2551 -0.56131 -1.62691
159.601 175.561 2.29057 -0.574352 -1.6787
295.262 542.644 2.47506 -0.348601 -1.8597
316.542 537.324 2.53115 -0.355245 -1.93101
300.582 561.264 2.48662 -0.333436 -1.86983
196.61 115.653 2.35998 -0.658528 -1.78027
434.855 272.941 3.06109 -0.819356 -2.79707
532.004 122.592 2.68964 -0.907856 -2.68175
860.458 62.4526 1.94004 -0.521584 -1.96984
781.814 173.48 2.28392 -0.640751 -2.57133
696.231 534.317 3.22516 -0.241765 -3.61051
427.916 363.151 3.15148 -0.678006 -2.81899
848.893 437.168 2.23626 -0.305758 -2.41223
307.637 296.072 2.57472 -0.596887 -2.03791
828.076 460.299 2.29462 -0.2901 -2.47006
793.38 485.743 2.43267 -0.276228 -2.63706
723.988 416.351 2.99292 -0.462384 -3.49105
784.128 416.351 2.50537 -0.375046 -2.81086
811.884 217.428 2.26516 -0.575302 -2.57343
749.432 453.36 2.63991 -0.345339 -2.93003
777.188 485.743 2.53875 -0.283808 -2.78752
952.981 451.047 2.00538 -0.260553 -2.07322
985.364 441.795 1.96478 -0.261097 -2.0314
989.99 488.056 1.96361 -0.229496 -2.00717
948.355 180.419 2.04557 -0.51857 -2.41954
414.038 557.448 2.43569 -0.308428 -1.94867
957.607 342.333 1.97092 -0.333009 -2.06429
252.124 314.576 2.40466 -0.518621 -1.81846
224.367 326.142 2.39357 -0.50683 -1.78261
925.224 562.074 2.07385 -0.184532 -2.12319
191.984 196.61 2.31933 -0.574777 -1.72312
693.918 319.202 2.68744 -0.587175 -2.96547
989.99 522.752 1.96874 -0.210063 -1.99291
943.729 587.517 2.0366 -0.169699 -2.04819
659.222 374.716 3.59531 -0.713583 -4.25873
360.837 504.247 2.43529 -0.361695 -1.90482
196.61 603.709 2.31611 -0.308101 -1.64501
219.741 659.222 2.36413 -0.272604 -1.6856
305.324 367.777 2.52461 -0.507429 -1.96628
245.184 552.821 2.4026 -0.342177 -1.75668
185.045 536.63 2.33939 -0.352144 -1.66588
730.927 303.011 2.60105 -0.588341 -2.94461
911.346 446.421 2.08739 -0.273772 -2.20162
219.741 372.403 2.36127 -0.462878 -1.74119
934.476 261.376 2.02971 -0.420779 -2.25062
754.058 222.054 2.43913 -0.650671 -2.78292
754.058 275.254 2.49226 -0.600595 -2.84311
161.914 668.474 2.31494 -0.277351 -1.61261
122.592 48.5743 2.26345 -0.640383 -1.6568
46.2612 222.054 2.19176 -0.494394 -1.53114
99.4616 226.68 2.23096 -0.510103 -1.58781
92.5224 240.558 2.21331 -0.494394 -1.56689
571.326 370.09 5.13031 -1.13016 -5.96155
159.601 173.48 2.29057 -0.574352 -1.6787
825.763 562.074 2.27953 -0.188168 -2.36051
541.256 388.594 4.58677 -0.946852 -4.98088
120.279 266.002 2.25641 -0.497689 -1.61107
464.925 321.515 3.5551 -0.890284 -3.43259
367.777 527.378 2.42759 -0.341006 -1.89827
379.342 527.378 2.40009 -0.337816 -1.87922
198.923 268.315 2.26705 -0.501909 -1.66869
249.811 252.124 2.38621 -0.561675 -1.81465
145.723 381.655 2.26136 -0.431445 -1.61253
164.227 383.968 2.29656 -0.437809 -1.65041
122.592 416.351 2.25896 -0.412886 -1.58978
992.303 603.709 1.97129 -0.164137 -1.95695
316.889 536.63 2.5403 -0.355369 -1.94081
148.036 303.011 2.29298 -0.489624 -1.64747
178.106 319.202 2.30968 -0.484146 -1.67855
185.045 497.308 2.26902 -0.365592 -1.62055
67.0788 599.083 2.24534 -0.320723 -1.52825
99.4616 578.265 2.26277 -0.330594 -1.55731
677.727 499.621 3.52081 -0.344735 -4.046
423.29 636.092 2.40644 -0.246109 -1.9031
414.038 673.101 2.42194 -0.220243 -1.8955
740.179 615.274 2.7988 -0.0973179 -3.00362
386.281 633.779 2.43757 -0.258058 -1.89006
356.211 645.344 2.4505 -0.255603 -1.87242
915.972 92.5224 1.91119 -0.487591 -1.96671
712.423 168.853 2.41464 -0.715263 -2.66138
615.274 307.637 3.32798 -0.836037 -3.7352
814.197 668.474 2.36341 -0.0760572 -2.41806
60.1396 499.621 2.20535 -0.36202 -1.51334
104.088 78.6441 2.25859 -0.616676 -1.63129
800.319 182.732 2.25422 -0.618744 -2.55326
520.439 48.5743 2.44022 -0.855355 -2.33874
529.691 62.4526 2.46334 -0.852616 -2.38283
527.378 90.2094 2.40813 -0.779319 -2.27809
360.837 150.349 2.578 -0.768397 -2.17521
724.089 506.862 2.92301 -0.281855 -3.26298
778.395 486.748 2.50127 -0.280825 -2.72161
846.781 364.056 2.22968 -0.383444 -2.45389
830.69 418.362 2.26112 -0.333237 -2.44327
420.374 522.953 2.38977 -0.332717 -1.91569
315.783 353.999 2.53315 -0.522832 -1.9917
802.531 446.521 2.4056 -0.322299 -2.6367
808.566 512.896 2.34703 -0.239092 -2.48791
854.827 520.941 2.18611 -0.224866 -2.26239
223.261 325.84 2.38988 -0.505508 -1.77991
887.008 420.374 2.11988 -0.302641 -2.25367
913.156 428.419 2.06563 -0.286862 -2.1686
255.442 673.805 2.43417 -0.258286 -1.76095
223.261 136.772 2.38878 -0.660887 -1.82424
967.463 299.692 1.97965 -0.369122 -2.1456
959.417 343.942 1.97092 -0.333009 -2.06429
981.542 349.976 1.95977 -0.32373 -2.07217
931.258 309.749 2.0387 -0.381344 -2.22756
874.94 329.863 2.14837 -0.397227 -2.36342
897.065 545.078 2.11297 -0.20028 -2.16732
947.349 181.022 2.02901 -0.508743 -2.36961
995.622 472.669 1.95693 -0.238623 -2.00606
989.588 488.76 1.96642 -0.22937 -2.01282
211.192 524.964 2.35877 -0.359345 -1.7015
947.349 414.34 2.01765 -0.288192 -2.12456
792.475 535.021 2.39956 -0.218683 -2.53163
860.861 581.282 2.18844 -0.171921 -2.23627
211.192 368.078 2.34269 -0.460586 -1.71939
245.386 394.226 2.35935 -0.445274 -1.75469
215.215 408.305 2.38214 -0.44223 -1.74574
360.033 504.851 2.43824 -0.362555 -1.90794
995.622 541.055 1.95519 -0.199985 -1.96324
945.338 591.339 2.0366 -0.169699 -2.04819
880.974 446.521 2.16127 -0.28452 -2.3095
941.315 508.873 2.03786 -0.221016 -2.09741
730.123 303.715 2.60105 -0.588341 -2.94461
764.316 235.329 2.41324 -0.619836 -2.75148
571.225 372.101 5.13031 -1.13016 -5.96155
144.818 380.146 2.26228 -0.432522 -1.61243
162.92 384.169 2.29057 -0.435944 -1.64527
164.931 561.169 2.3242 -0.337959 -1.63659
160.909 671.793 2.30533 -0.277201 -1.60539
126.715 98.5565 2.25323 -0.602896 -1.64132
935.281 263.488 2.02678 -0.419918 -2.24452
128.727 197.113 2.24943 -0.538421 -1.62244
120.681 162.92 2.25239 -0.559937 -1.62453
364.056 329.863 2.73879 -0.614172 -2.26746
193.09 197.113 2.32426 -0.576384 -1.72787
251.42 197.113 2.42059 -0.625037 -1.86419
185.045 498.817 2.30523 -0.371409 -1.64983
92.5224 241.363 2.21721 -0.495767 -1.56974
748.225 535.021 2.65574 -0.227438 -2.86567
780.407 543.066 2.44524 -0.210801 -2.58353
730.123 599.384 2.68657 -0.140001 -2.80873
380.146 526.976 2.41967 -0.339244 -1.90251
289.635 470.658 2.48196 -0.408076 -1.87867
146.829 301.704 2.29298 -0.489624 -1.64747
973.497 619.498 2.00043 -0.151939 -1.99506
734.145 657.714 2.53481 -0.0901128 -2.53643
293.658 541.055 2.49364 -0.351205 -1.87639
317.794 537.032 2.54225 -0.355107 -1.94293
321.817 601.396 2.52463 -0.298464 -1.91219
112.636 496.805 2.27044 -0.372206 -1.58333
156.886 498.817 2.25562 -0.363841 -1.59577
899.077 621.509 2.10734 -0.146239 -2.11488
353.999 645.646 2.45824 -0.255287 -1.87901
376.124 623.521 2.43391 -0.26702 -1.88568
390.203 673.805 2.43632 -0.224873 -1.88622
530.998 64.3634 2.46334 -0.852616 -2.38283
673.805 257.454 2.85232 -0.769521 -3.25017
679.839 275.556 2.64835 -0.653385 -2.90196
615.475 307.738 3.35483 -0.844546 -3.77461
611.453 335.897 3.8092 -0.906632 -4.40399
62.3521 64.3634 2.21466 -0.594972 -1.57703
665.759 549.1 4.04303 -0.215581 -4.68149
537.032 597.373 3.335 -0.218702 -3.1329
104.591 611.453 2.25759 -0.312577 -1.55094
641.623 172.977 2.49516 -0.740656 -2.61449
714.032 168.954 2.41223 -0.712084 -2.66299
396.237 144.818 2.55724 -0.769241 -2.21317
494.794 267.51 3.0647 -0.824178 -2.97507
504.851 313.772 3.4577 -0.87271 -3.46721
549.1 356.01 4.93532 -1.16794 -5.5549
432.442 273.545 3.14043 -0.846688 -2.88984
486.748 265.499 3.02903 -0.821445 -2.91273
860.861 62.3521 1.93963 -0.522048 -1.97084
62.3521 500.828 2.20932 -0.362607 -1.51611
333.885 148.84 2.60657 -0.78419 -2.16737
269.522 168.954 2.65926 -0.77691 -2.11262
625.532 259.465 2.92273 -0.792929 -3.18776
631.566 179.011 2.4813 -0.723256 -2.56192
611.453 665.759 2.70696 -0.11511 -2.50717
820.634 388.192 2.26754 -0.369 -2.45767
424.396 404.283 2.91123 -0.552411 -2.5168
297.681 331.874 2.49466 -0.534135 -1.93975
211.192 122.693 2.35261 -0.650895 -1.7832
790.463 462.612 2.40081 -0.303383 -2.59067
776.384 480.714 2.50276 -0.287136 -2.72546
428.419 364.056 3.15148 -0.678006 -2.81899
416.351 388.192 2.95032 -0.587321 -2.55515
239.351 307.738 2.38249 -0.51714 -1.79008
251.42 313.772 2.40466 -0.518621 -1.81846
953.208 451.244 2.00192 -0.260133 -2.06642
988.188 442.499 1.96054 -0.26065 -2.02378
974.196 619.148 1.98102 -0.157633 -1.95117
965.451 570.176 1.99646 -0.183542 -2.00151
741.579 418.012 2.77695 -0.425431 -3.18328
795.798 486.224 2.38961 -0.274063 -2.56008
855.264 521.204 2.19556 -0.223575 -2.28185
879.75 360.295 2.15168 -0.366358 -2.35646
748.575 535.196 2.60966 -0.227063 -2.79172
697.853 536.945 3.08669 -0.233631 -3.40033
900.738 622.646 2.1005 -0.146757 -2.1013
939.216 647.132 2.02903 -0.137636 -1.99735
897.24 545.69 2.10483 -0.200149 -2.15161
930.471 533.447 2.04516 -0.207996 -2.08217
939.216 585.917 2.03864 -0.172788 -2.04838
848.268 545.69 2.21711 -0.203009 -2.29423
965.451 61.2152 1.87226 -0.488219 -1.95675
788.802 190.642 2.26753 -0.610436 -2.53934
715.344 169.654 2.41464 -0.715263 -2.66138
860.511 62.9642 1.93714 -0.521031 -1.96581
731.085 304.327 2.62107 -0.593335 -2.98164
711.846 311.323 2.62677 -0.584372 -2.92076
792.3 262.351 2.37961 -0.568244 -2.73496
675.116 258.853 2.85232 -0.769521 -3.25017
680.363 274.594 2.64379 -0.65193 -2.89318
933.969 309.574 2.03063 -0.379385 -2.20867
876.252 330.562 2.14327 -0.395822 -2.35266
834.276 334.06 2.24882 -0.423282 -2.49131
839.523 211.63 2.24307 -0.577553 -2.60797
376.036 624.395 2.4207 -0.266918 -1.87072
391.777 675.116 2.43086 -0.224908 -1.88017
369.04 528.2 2.42521 -0.340836 -1.89464
391.777 529.949 2.41781 -0.335088 -1.91317
612.152 666.371 2.61814 -0.128667 -2.39424
531.698 578.921 3.60209 -0.260428 -3.45835
155.662 498.467 2.29063 -0.370767 -1.62151
36.7291 456.491 2.20116 -0.383125 -1.50415
106.689 384.781 2.2251 -0.4218 -1.56337
162.658 384.781 2.27589 -0.433157 -1.63276
150.415 418.012 2.2952 -0.419147 -1.6327
318.319 470.483 2.53551 -0.415521 -1.95782
248.359 507.212 2.41374 -0.374222 -1.77758
327.064 435.503 2.50622 -0.439102 -1.95294
181.897 390.028 2.30518 -0.437071 -1.66692
215.128 407.518 2.38169 -0.44295 -1.74656
139.92 685.61 2.29345 -0.273154 -1.58601
62.9642 661.124 2.21886 -0.292369 -1.50379
138.171 601.658 2.28005 -0.316099 -1.58566
33.2311 557.933 2.20907 -0.339799 -1.4959
299.08 613.901 2.50227 -0.293747 -1.86797
251.857 636.638 2.39785 -0.283243 -1.73838
185.395 657.626 2.32731 -0.281697 -1.63748
220.375 661.124 2.35349 -0.273382 -1.67719
293.833 540.443 2.49364 -0.351205 -1.87639
318.319 538.694 2.55205 -0.356209 -1.95233
321.817 601.658 2.51053 -0.298149 -1.899
244.861 552.686 2.40777 -0.342777 -1.75902
360.295 150.415 2.54853 -0.754857 -2.14178
633.14 178.399 2.4813 -0.723256 -2.56192
531.698 111.936 2.64547 -0.901214 -2.62307
545.69 183.646 2.86661 -0.909439 -2.92818
433.754 341.056 3.35904 -0.784658 -3.08367
363.793 328.813 2.75364 -0.618473 -2.28432
372.538 335.809 2.78822 -0.621152 -2.33189
615.65 307.825 3.35483 -0.844546 -3.77461
612.152 335.809 3.79511 -0.90269 -4.37891
505.463 314.821 3.4577 -0.87271 -3.46721
556.184 286.837 3.70603 -1.02954 -4.04392
514.208 341.056 3.82283 -0.916332 -3.93589
549.188 356.797 4.9833 -1.17921 -5.61969
575.423 260.602 3.33353 -0.961703 -3.63059
626.144 260.602 2.92273 -0.792929 -3.18776
489.722 265.849 3.02903 -0.821445 -2.91273
166.156 85.7013 2.31399 -0.652778 -1.72173
195.889 117.183 2.35768 -0.657364 -1.77729
223.873 136.422 2.39542 -0.66482 -1.83088
321.817 299.08 2.57974 -0.595626 -2.0598
299.08 218.626 2.54287 -0.663911 -2.02542
251.857 197.638 2.42059 -0.625037 -1.86419
195.889 251.857 2.33474 -0.54067 -1.72723
244.861 271.096 2.42472 -0.562629 -1.84218
428.507 404.02 2.90036 -0.548092 -2.51812
780.057 447.746 2.52471 -0.336977 -2.80661
682.112 369.04 3.37369 -0.668725 -4.00568
404.02 360.295 2.95534 -0.634199 -2.5511
473.981 400.522 3.54478 -0.694674 -3.36289
334.06 440.75 2.50162 -0.431984 -1.95384
484.475 491.471 3.42781 -0.467374 -3.18159
185.395 538.694 2.33751 -0.352236 -1.66479
292.084 400.522 2.46598 -0.463168 -1.88784
925.224 416.263 2.06232 -0.295197 -2.18953
767.814 360.295 2.64892 -0.49653 -3.10019
281.362 104.94 2.80766 -0.951126 -2.30455
967.276 451.7 1.98864 -0.258096 -2.0555
990.09 489.722 1.97008 -0.229234 -2.02054
973.36 439.533 1.98514 -0.263923 -2.06512
971.839 661.581 1.97834 -0.136879 -1.91995
967.276 570.328 1.99408 -0.182383 -1.99596
994.652 606.829 1.96287 -0.164425 -1.94039
678.31 497.326 3.42838 -0.342648 -3.90496
909.483 476.034 2.08146 -0.25147 -2.16086
914.046 428.887 2.06682 -0.287378 -2.1715
847.127 363.489 2.21394 -0.380186 -2.42341
836.481 427.366 2.27211 -0.321851 -2.46792
742.187 612.913 2.83696 -0.0951254 -3.06599
900.358 622.038 2.10008 -0.146341 -2.09895
939.901 646.372 2.04407 -0.135212 -2.02552
921.65 673.748 2.06925 -0.115059 -2.03976
898.837 545.994 2.10277 -0.201663 -2.14814
930.776 532.306 2.04457 -0.2075 -2.08239
903.4 576.412 2.1105 -0.175537 -2.15111
880.587 188.589 2.16344 -0.572644 -2.56231
653.976 305.696 3.20076 -0.797902 -3.70233
714.811 276.799 2.62066 -0.639072 -2.95549
755.875 219.006 2.4212 -0.649565 -2.75042
675.268 258.549 2.83983 -0.76433 -3.23383
876.024 330.03 2.14108 -0.396111 -2.34699
944.463 346.759 1.98086 -0.333684 -2.06014
877.545 197.714 2.16953 -0.564373 -2.5584
813.668 219.006 2.25732 -0.571662 -2.55896
856.253 205.318 2.19516 -0.563403 -2.54232
549.036 395.427 5.05797 -1.01655 -5.63196
425.845 637.247 2.41135 -0.244998 -1.91072
413.678 673.748 2.41503 -0.220436 -1.88938
448.658 666.143 2.42884 -0.214892 -1.94311
380.219 625.08 2.42362 -0.26426 -1.87682
398.469 564.245 2.42274 -0.306655 -1.9128
518.618 556.64 3.44987 -0.31083 -3.24718
36.501 456.262 2.20528 -0.38414 -1.50716
317.863 469.95 2.5302 -0.414006 -1.95309
326.988 434.97 2.4887 -0.434938 -1.93515
215.964 407.594 2.37835 -0.442475 -1.74384
222.048 427.366 2.38753 -0.430001 -1.75231
85.169 678.31 2.25735 -0.283899 -1.53503
132.316 541.432 2.29241 -0.349399 -1.60135
167.296 559.682 2.34368 -0.341068 -1.65276
298.091 612.913 2.48328 -0.292107 -1.85112
223.569 638.768 2.35626 -0.285321 -1.68538
205.318 688.956 2.34331 -0.259967 -1.65596
360.447 149.046 2.58706 -0.774761 -2.18535
386.302 147.525 2.56571 -0.770236 -2.20286
336.113 164.255 2.61347 -0.768527 -2.1697
533.827 135.358 2.58569 -0.834872 -2.52642
536.869 152.087 2.69004 -0.866965 -2.67185
532.306 63.8767 2.4623 -0.850884 -2.38292
404.553 358.926 2.95989 -0.6346 -2.55595
626.6 261.59 2.92273 -0.792929 -3.18776
491.243 264.632 3.02903 -0.821445 -2.91273
156.65 308.738 2.29625 -0.486452 -1.65567
121.67 267.674 2.24149 -0.491085 -1.60053
322.426 299.612 2.59563 -0.601143 -2.07659
252.465 197.714 2.41253 -0.621562 -1.85614
196.193 250.944 2.31848 -0.534204 -1.71325
480.596 457.783 3.31108 -0.525408 -3.0609
460.825 465.388 3.40637 -0.525989 -3.10809
763.479 469.95 2.56634 -0.312527 -2.8173
421.282 404.553 2.92443 -0.552842 -2.52722
396.948 395.427 2.91105 -0.5662 -2.4707
333.072 441.054 2.49483 -0.429906 -1.9474
316.342 354.364 2.52145 -0.518823 -1.98116
322.426 389.344 2.5055 -0.481789 -1.9612
476.034 425.845 3.42705 -0.608144 -3.21153
340.676 363.489 2.51208 -0.506642 -1.99751
249.423 313.3 2.38976 -0.515455 -1.80384
830.398 466.909 2.26446 -0.281438 -2.41131
121.67 165.775 2.25482 -0.560261 -1.62694
132.316 180.984 2.27585 -0.561642 -1.64651
223.569 185.547 2.36563 -0.606388 -1.79158
211.402 123.191 2.35829 -0.653948 -1.78875
191.63 144.483 2.34459 -0.627841 -1.75527
825.835 416.72 2.32912 -0.342711 -2.56842
842.565 479.076 2.21999 -0.265231 -2.33591
815.189 517.097 2.33048 -0.232418 -2.46221
778.688 488.201 2.50189 -0.279231 -2.72042
723.936 506.451 2.86531 -0.278953 -3.17023
272.237 395.427 2.43299 -0.460818 -1.84295
933.817 307.217 2.02608 -0.378725 -2.20021
253.986 368.052 2.41176 -0.479237 -1.81363
232.694 395.427 2.38687 -0.45155 -1.76921
848.648 500.368 2.21009 -0.243453 -2.31025
865.378 497.326 2.18329 -0.243336 -2.29214
775.646 234.215 2.37345 -0.60761 -2.70304
766.521 438.012 2.58694 -0.355527 -2.89295
973.36 440.392 1.98746 -0.264012 -2.07182
970.715 661.25 1.99585 -0.132084 -1.95739
968.07 568.675 1.99831 -0.183552 -2.00607
907.235 477.422 2.0764 -0.250267 -2.15065
928.395 527.677 2.0524 -0.211031 -2.09738
888.72 421.878 2.133 -0.30321 -2.28141
781.597 640.09 2.50312 -0.0905695 -2.60401
733.987 661.25 2.68767 -0.0533699 -2.77471
726.052 599.092 2.88612 -0.120533 -3.11456
923.105 674.475 2.06925 -0.115059 -2.03976
825.24 683.732 2.37374 -0.0530878 -2.44579
897.977 599.092 2.09073 -0.16433 -2.08839
946.91 592.48 2.02947 -0.168801 -2.03446
964.102 52.9 1.87406 -0.495473 -1.96785
961.458 343.85 1.96594 -0.331337 -2.05393
641.412 170.602 2.46478 -0.727318 -2.56363
880.785 189.117 2.16512 -0.57291 -2.56616
927.073 39.675 1.89733 -0.519775 -1.98646
714.15 276.402 2.63323 -0.64331 -2.9774
755.148 219.535 2.38634 -0.632596 -2.68099
675.797 259.21 2.85232 -0.769521 -3.25017
875.495 329.302 2.14108 -0.396111 -2.34699
427.168 636.122 2.41135 -0.244998 -1.91072
390.138 673.152 2.43014 -0.226309 -1.8795
421.878 601.737 2.40844 -0.27264 -1.91457
366.332 539.58 2.41827 -0.331786 -1.88217
400.717 571.32 2.42982 -0.300788 -1.92191
154.732 498.582 2.28747 -0.370173 -1.61728
37.03 456.262 2.20693 -0.384265 -1.5081
162.667 384.848 2.27132 -0.431974 -1.62861
263.177 489.325 2.4316 -0.38801 -1.80659
312.11 488.003 2.53033 -0.398527 -1.94008
216.89 407.33 2.38413 -0.443577 -1.74883
117.702 691.667 2.30589 -0.272108 -1.57915
35.7075 540.902 2.21183 -0.346703 -1.50104
322.69 630.833 2.54885 -0.274092 -1.9233
318.723 538.258 2.51146 -0.350644 -1.9161
260.533 576.61 2.39663 -0.321102 -1.75717
207.632 584.545 2.34921 -0.320571 -1.68088
449.65 132.25 2.537 -0.782845 -2.2837
398.073 144.152 2.55885 -0.771881 -2.21654
386.17 148.12 2.55699 -0.765867 -2.19364
531.645 64.8025 2.47451 -0.858398 -2.40139
473.455 268.467 3.00512 -0.805406 -2.83753
556.773 286.982 3.48217 -0.947197 -3.72714
624.22 260.533 2.90907 -0.788442 -3.17025
490.647 264.5 3.04309 -0.825155 -2.93469
550.16 243.34 3.27242 -0.970454 -3.45881
166.635 178.538 2.29428 -0.573651 -1.68767
124.315 48.9325 2.26985 -0.646512 -1.65985
157.378 76.705 2.28582 -0.641102 -1.69295
76.705 76.705 2.21037 -0.586249 -1.58026
211.6 122.993 2.36625 -0.658251 -1.79642
156.055 309.465 2.29625 -0.486452 -1.65567
121.67 267.145 2.24644 -0.493304 -1.60442
224.825 326.658 2.37077 -0.49873 -1.7623
298.885 218.212 2.51419 -0.653524 -1.99722
252.598 197.053 2.42379 -0.626248 -1.86834
195.73 251.275 2.32584 -0.537524 -1.71975
249.952 252.598 2.41946 -0.576941 -1.84497
420.555 404.685 2.93868 -0.556349 -2.54406
462.875 363.688 3.4785 -0.766578 -3.29025
333.27 441.715 2.49483 -0.429906 -1.9474
382.202 383.525 2.76079 -0.548447 -2.29388
264.5 325.335 2.40958 -0.511094 -1.8321
297.562 339.883 2.44312 -0.509851 -1.88957
279.047 368.978 2.46529 -0.491672 -1.88227
778.953 488.003 2.50127 -0.280825 -2.72161
833.175 417.91 2.25625 -0.331487 -2.4389
757.792 272.435 2.44169 -0.576443 -2.75046
428.49 362.365 3.16055 -0.681953 -2.82938
324.013 387.492 2.47287 -0.47454 -1.93185
839.787 210.277 2.20088 -0.557915 -2.51076
855.657 206.31 2.19354 -0.561957 -2.53992
825.24 490.647 2.30374 -0.259784 -2.45628
814.66 517.097 2.31277 -0.2337 -2.43105
802.758 560.74 2.37046 -0.188021 -2.47854
826.562 372.945 2.28353 -0.388719 -2.51789
860.948 406.008 2.18833 -0.329601 -2.36148
244.662 629.51 2.41796 -0.290102 -1.75073
223.503 638.768 2.35626 -0.285321 -1.68538
104.478 207.632 2.22486 -0.519453 -1.58672
322.69 298.885 2.60511 -0.604036 -2.08649
935.008 308.142 2.03641 -0.382198 -2.22877
415.265 558.095 2.38615 -0.305917 -1.89511
185.15 657.282 2.33861 -0.281751 -1.64565
204.988 687.7 2.34189 -0.259413 -1.65497
145.475 657.282 2.30711 -0.286496 -1.60052
162.667 669.185 2.32502 -0.277811 -1.61997
924.427 416.587 2.04809 -0.293562 -2.15836
413.943 334.592 3.04392 -0.699717 -2.68714
990.15 489.9 1.96611 -0.229538 -2.00967
890.1 502.55 2.11956 -0.233841 -2.19707
780.85 641.7 2.50584 -0.0897557 -2.60933
656.65 633.65 2.84376 -0.121325 -2.81679
897 599.15 2.10013 -0.162613 -2.1077
946.45 593.4 2.02293 -0.16903 -2.02003
726.8 175.95 2.39184 -0.694975 -2.65054
722.2 303.6 2.64269 -0.600322 -2.99411
755.55 218.5 2.4212 -0.649565 -2.75042
676.2 259.9 2.83983 -0.76433 -3.23383
876.3 328.9 2.13926 -0.395802 -2.34385
347.3 494.5 2.45932 -0.375919 -1.91237
365.7 540.5 2.41803 -0.331823 -1.88192
154.1 497.95 2.27062 -0.367555 -1.60461
36.8 457.7 2.20642 -0.384197 -1.50774
162.15 385.25 2.27527 -0.432681 -1.63106
287.5 469.2 2.4825 -0.409296 -1.8788
167.9 560.05 2.35287 -0.342341 -1.66011
256.45 640.55 2.40638 -0.280618 -1.74662
221.95 691.15 2.38604 -0.254793 -1.6972
450.8 132.25 2.537 -0.782845 -2.2837
451.95 158.7 2.52655 -0.744505 -2.26318
517.5 63.25 2.48132 -0.861051 -2.38316
575 236.9 3.18828 -0.956425 -3.43918
624.45 258.75 2.93409 -0.799115 -3.2072
491.05 265.65 3.04309 -0.825155 -2.93469
218.5 144.9 2.36559 -0.640076 -1.79752
156.4 310.5 2.30318 -0.488506 -1.66111
121.9 267.95 2.24149 -0.491085 -1.60053
381.8 384.1 2.74454 -0.544166 -2.27744
396.75 395.6 2.88884 -0.561969 -2.44524
264.5 326.6 2.40958 -0.511094 -1.8321
328.9 410.55 2.50906 -0.46293 -1.96175
366.85 328.9 2.75254 -0.617852 -2.28449
792.35 263.35 2.35407 -0.557296 -2.68101
279.45 369.15 2.46204 -0.491014 -1.87941
461.15 465.75 3.41298 -0.527761 -3.11466
778.55 488.75 2.50314 -0.279134 -2.72324
124.2 219.65 2.23174 -0.5153 -1.60191
340.4 363.4 2.50259 -0.503589 -1.98754
834.9 417.45 2.26382 -0.332122 -2.45824
279.45 417.45 2.47063 -0.451654 -1.87469
223.1 639.4 2.3612 -0.285711 -1.69035
253 675.05 2.40172 -0.25844 -1.73376
373.75 334.65 2.75926 -0.612373 -2.30017
204.7 688.85 2.34189 -0.259413 -1.65497
814.2 219.65 2.24958 -0.56757 -2.54332
189.75 533.6 2.33437 -0.35355 -1.66647
399.05 535.9 2.41484 -0.329175 -1.91368
381.8 562.35 2.41989 -0.311848 -1.89259
934.95 307.05 2.03641 -0.382198 -2.22877
868.25 469.2 2.17923 -0.268575 -2.30984
790.05 190.9 2.26467 -0.60885 -2.53416
762.45 226.55 2.42128 -0.639256 -2.76996
693.45 316.25 2.63948 -0.580785 -2.88414
879.75 361.1 2.14674 -0.364686 -2.34499
224.25 326.6 2.38711 -0.503841 -1.77693
959.1 443.9 2.00178 -0.265145 -2.0821
913.1 454.25 2.07157 -0.267293 -2.16231
380.65 625.6 2.42267 -0.264209 -1.87597
940.7 410.55 2.02155 -0.293056 -2.12285
836.05 333.5 2.23587 -0.421191 -2.46826
195.5 251.85 2.32839 -0.537852 -1.72153
953 452 1.99933 -0.260204 -2.05858
755 219 2.3762 -0.627992 -2.66063
534 578 3.55372 -0.256647 -3.40174
575 262 3.39822 -0.984915 -3.72482
123 269 2.24928 -0.49382 -1.60603
329 411 2.47245 -0.45387 -1.92887
856 206 2.18358 -0.557535 -2.51823
839 211 2.21811 -0.566583 -2.55213
205 690 2.34189 -0.259413 -1.65497
253 676 2.43385 -0.25823 -1.75898
319 470 2.53094 -0.414175 -1.95433
515 540 3.52483 -0.353739 -3.34181
103 584 2.27556 -0.328017 -1.56626
913 455 2.07558 -0.26715 -2.1712
162 385 2.26845 -0.431108 -1.6259
949 365 1.96939 -0.318984 -2.02772
307 643 2.54105 -0.268362 -1.89858
257 641 2.42283 -0.28065 -1.76103
