639 283 3.38634 -0.665496 23.0637
885 460 4.68637 0.454266 17.1781
1252 166 5.15286 -0.190098 16.1287
1093 177 5.09595 -0.295176 16.6831
1099 165 5.10104 -0.318254 16.6551
955 322 4.85846 0.0475165 17.0436
1021 358 4.92185 0.15341 16.6687
1168 203 5.1283 -0.170333 16.3894
1161 209 5.10563 -0.15275 16.3667
69 385 2.58953 0.24174 16.4955
47 259 2.60043 -0.0588789 16.4096
1115 198 5.08679 -0.212957 16.5352
1081 216 5.05266 -0.188525 16.6451
188 293 2.46182 -0.044209 17.1892
981 257 4.9443 -0.148549 17.0924
1056 214 5.03564 -0.212136 16.7575
1115 270 5.05306 -0.0372035 16.4681
315 406 2.18226 0.380372 18.7198
1055 268 5.0076 -0.0683743 16.6922
1036 242 5.0083 -0.152768 16.8241
31 211 2.66678 -0.14606 16.2718
31 354 2.66374 0.168458 16.2808
26 76 2.76108 -0.406793 16.1363
609 329 2.96137 -0.274393 24.1143
514 115 2.26499 -2.1345 22.4644
22 669 2.55518 0.905793 16.3992
118 499 2.43978 0.574838 16.8979
1196 331 5.03252 0.115699 16.0776
1253 298 5.07397 0.0635346 15.9812
922 408 4.78481 0.299357 17.1203
947 508 4.75051 0.525813 16.6896
1095 535 4.87095 0.482575 16.1131
1025 382 4.91105 0.213523 16.6121
1034 499 4.85914 0.46124 16.3955
1035 487 4.86964 0.440199 16.4162
829.2 230.4 4.60674 -0.363817 17.9778
936 340.8 4.8167 0.0922839 17.087
115.2 274.8 2.57158 -0.0509004 16.6818
878.4 429.6 4.69077 0.377069 17.3264
132 360 2.52679 0.176983 16.8194
1113.6 254.4 5.06903 -0.0778024 16.5052
79.2 424.8 2.57783 0.345354 16.5456
234 22.8 2.47184 -1.02318 17.4104
642 238.8 3.4316 -1.06211 22.8304
168 385.2 2.44005 0.254441 17.1174
415.2 272.4 0.839764 -0.855622 23.9954
961.2 284.4 4.90982 -0.0732491 17.1696
177.6 286.8 2.46693 -0.0554257 17.1218
1130.4 224.4 5.08415 -0.136992 16.4595
1202.4 556.8 4.94696 0.479504 15.8929
204 361.2 2.4533 0.174824 17.2853
260.4 346.8 2.34026 0.112284 17.8734
601.2 240 2.77698 -1.35311 24.7676
687.6 112.8 3.98761 -1.3053 19.563
1015.2 265.2 4.96772 -0.0934206 16.873
1004.4 250.8 4.97447 -0.151398 16.9915
552 273.6 1.57913 -1.28769 27.9073
528 271.2 1.1059 -1.38669 28.3303
1054.8 266.4 5.0112 -0.077104 16.7135
1033.2 272.4 4.98213 -0.0658135 16.7715
1142.4 313.2 5.03788 0.0690973 16.2989
1123.2 296.4 5.05102 0.0275778 16.407
49.2 384 2.63795 0.237147 16.3712
25.2 382.8 2.67837 0.233001 16.2537
292.8 414 2.23222 0.403004 18.3634
523.2 270 1.2075 -1.29885 27.5317
488.4 272.4 0.565619 -1.31877 28.0075
510 242.4 0.797912 -1.8643 28.5636
46.8 258 2.59885 -0.0609996 16.4102
36 243.6 2.67293 -0.0752814 16.2823
84 176.4 2.61327 -0.276341 16.5068
1092 213.6 5.07229 -0.194347 16.6238
1074 195.6 5.06293 -0.250539 16.7136
232.8 366 2.30035 0.189916 17.7476
280.8 260.4 2.3441 -0.258735 18.0119
1051.2 182.4 5.06316 -0.322104 16.8707
172.8 160.8 2.5203 -0.427967 17.007
754.8 351.6 4.35788 0.0893901 19.0443
232.8 130.8 2.47257 -0.638552 17.4093
672 316.8 3.7696 -0.259826 21.8204
992.4 210 4.98737 -0.292391 17.1323
312 336 2.38474 0.0514228 18.2393
746.4 212.4 4.33986 -0.762421 19.7444
740.4 208.8 4.29775 -0.767927 19.7197
355.2 280.8 1.86814 -0.373065 19.9087
640.8 351.6 3.41065 0.0146482 22.9752
640.8 319.2 3.39866 -0.319205 23.1233
166.8 351.6 2.44665 0.143468 17.0959
108 318 2.62466 0.0727468 16.5858
447.6 214.8 1.01759 -1.59002 24.4933
558 75.6 3.06324 -1.82913 20.4254
513.6 147.6 1.8452 -2.2751 24.2391
586.8 187.2 3.0324 -1.39146 21.9422
25.2 450 2.65612 0.377699 16.2797
446.4 538.8 2.35117 1.31808 20.29
378 471.6 1.5672 0.974079 21.0683
943.2 278.4 4.8811 -0.105901 17.294
663.6 212.4 3.67635 -1.15591 22.0255
871.2 160.8 4.88339 -0.80635 18.652
657.6 102 3.8021 -1.40657 19.7391
663.6 105.6 3.83876 -1.41954 19.7821
1160.4 217.2 5.09969 -0.1336 16.3469
1252.8 211.2 5.12385 -0.09589 16.0707
1106.4 340.8 4.99478 0.124935 16.3689
1146 300 5.06372 0.034671 16.3427
1230 313.2 5.06565 0.0847501 16.0317
972 322.8 4.89242 0.0496266 16.9983
1003.2 288 4.94739 -0.041256 16.8999
1224 100.8 5.21683 -0.373478 16.3462
1174.8 168 5.14554 -0.248864 16.3887
1146 111.6 5.08343 -0.365066 16.3935
1110 133.2 5.14099 -0.402932 16.7023
1196.4 156 5.1671 -0.260509 16.3476
1231.2 105.6 5.19895 -0.346813 16.2743
814.8 400.8 4.60066 0.322781 18.3999
876 381.6 4.74226 0.225615 17.7096
878.4 513.6 4.63783 0.594793 17.0125
913.2 447.6 4.73834 0.406258 17.0374
1216.8 610.8 4.92624 0.54221 15.8173
1022.4 586.8 4.79706 0.617837 16.2832
997.2 571.2 4.77997 0.611962 16.3941
961.2 556.8 4.73979 0.609033 16.5218
1136.4 410.4 4.9574 0.260721 16.1377
1137.6 388.8 4.96532 0.218083 16.1536
1233.6 388.8 5.01879 0.214177 15.9353
1248 488.4 4.99618 0.366295 15.8605
1195.2 447.6 4.97376 0.312351 15.9623
950.4 416.4 4.81647 0.314147 16.9129
1032 384 4.92258 0.213258 16.6003
1092 448.8 4.94518 0.343325 16.3063
1035.6 487.2 4.87033 0.43981 16.417
226.08 331.2 2.45419 0.0705948 17.4235
869.76 305.28 4.72913 -0.0501599 17.7275
833.76 306.72 4.66282 -0.0874459 18.3171
1080 216 5.05542 -0.183114 16.6605
38.88 403.2 2.61772 0.283188 16.3656
339.84 184.32 2.02866 -0.848522 19.3064
338.4 151.2 1.35845 -1.40614 20.8223
619.2 240.48 3.14618 -1.13137 23.4727
609.12 410.4 3.10879 0.569856 23.0287
817.92 408.96 4.56833 0.334018 17.9786
253.44 260.64 2.45435 -0.207675 17.5878
1044 221.76 5.03064 -0.205521 16.8433
1029.6 194.4 5.02814 -0.297356 16.9432
1130.4 273.6 5.06028 -0.0219614 16.4038
1113.12 270.72 5.05404 -0.035772 16.4682
983.52 244.8 4.96087 -0.18814 17.1371
203.04 476.64 2.36752 0.57468 17.4352
816.48 139.68 4.64949 -0.968166 18.9495
905.76 335.52 4.77384 0.0760948 17.3113
889.92 326.88 4.75655 0.037386 17.4739
1002.24 250.56 4.97944 -0.156699 17.0038
1054.08 266.4 5.00936 -0.0778897 16.706
1033.92 272.16 4.98571 -0.0672354 16.7745
1035.36 241.92 5.00747 -0.153693 16.8268
172.8 252 2.45632 -0.170122 17.1122
218.88 394.56 2.34451 0.295529 17.5736
273.6 299.52 2.25774 -0.101764 18.1344
280.8 260.64 2.29995 -0.264061 18.1069
279.36 76.32 2.38659 -0.999205 17.8988
82.08 234.72 2.58903 -0.130713 16.5324
76.32 236.16 2.61637 -0.120751 16.4751
172.8 161.28 2.5203 -0.427967 17.007
440.64 296.64 0.177342 -0.842691 26.9321
796.32 308.16 4.53777 -0.101216 18.6544
816.48 279.36 4.56713 -0.185788 18.0449
662.4 293.76 3.63286 -0.545509 22.8204
115.2 275.04 2.57275 -0.0486201 16.6819
231.84 129.6 2.42567 -0.660824 17.4967
436.32 334.08 0.794418 -0.229787 24.8
1130.4 223.2 5.08682 -0.13857 16.4604
777.6 226.08 4.5155 -0.6461 19.6437
1051.2 181.44 5.06317 -0.320962 16.8707
239.04 96.48 2.53545 -0.73594 17.3377
351.36 375.84 1.81386 0.221353 19.9948
708.48 388.8 4.12699 0.284744 19.1923
725.76 280.8 4.21691 -0.383135 20.1229
1023.84 231.84 5.00029 -0.192075 16.9045
992.16 210.24 4.98865 -0.289882 17.1325
275.04 207.36 2.3214 -0.479865 18.0096
264.96 210.24 2.27278 -0.466207 18.0414
640.8 318.24 3.39866 -0.319205 23.1233
396 250.56 1.68276 -0.722954 21.0845
30.24 211.68 2.66601 -0.145571 16.2718
31.68 354.24 2.66422 0.168453 16.2808
106.56 174.24 2.61209 -0.296863 16.5903
630.72 194.4 3.35398 -1.40726 22.4699
514.08 67.68 2.81686 -1.81032 20.1866
514.08 115.2 2.26499 -2.1345 22.4644
588.96 185.76 2.97466 -1.46489 22.3136
370.08 43.2 2.26842 -1.57897 19.1252
436.32 56.16 2.57219 -1.56664 19.3291
455.04 156.96 1.9587 -1.58362 21.6829
214.56 636.48 2.36597 1.17185 17.5426
122.4 561.6 2.51284 0.733401 16.8078
252 416.16 2.33739 0.373953 17.8223
205.92 502.56 2.36791 0.670273 17.4484
306.72 516.96 2.67228 0.740219 17.6072
266.4 508.32 2.60549 0.682399 17.4285
79.2 362.88 2.60331 0.188116 16.5108
151.2 434.88 2.45353 0.399552 17.0086
27.36 465.12 2.60146 0.424888 16.3567
154.08 450.72 2.43589 0.458813 17.0751
947.52 269.28 4.89399 -0.13204 17.288
642.24 239.04 3.4188 -1.08263 22.9643
663.84 211.68 3.67635 -1.15591 22.0255
931.68 136.8 5.39474 -1.19172 19.6926
663.84 106.56 3.83502 -1.38857 19.7179
754.56 118.08 4.33948 -1.0371 18.7702
1160.64 217.44 5.1008 -0.13505 16.3475
1235.52 272.16 5.07913 0.0197253 16.042
1193.76 240.48 5.07649 -0.0601762 16.1701
1176.48 305.28 5.03671 0.0614863 16.1505
1196.64 332.64 5.03291 0.115695 16.0776
1251.36 298.08 5.07397 0.0635346 15.9812
1071.36 234.72 5.04985 -0.151139 16.6903
997.92 329.76 4.92039 0.0676851 16.8658
972 322.56 4.89049 0.047937 16.9986
960.48 299.52 4.88451 -0.0211217 17.091
1068.48 349.92 4.95566 0.14157 16.4671
1033.92 331.2 4.93515 0.0916225 16.6309
1097.28 295.2 5.01811 0.0169346 16.4607
1149.12 187.2 5.10146 -0.205167 16.4015
1108.8 132.48 5.14265 -0.405673 16.7027
969.12 187.2 4.97896 -0.405349 17.3552
1094.4 180 5.08685 -0.283913 16.6487
815.04 401.76 4.60127 0.323992 18.4265
836.64 496.8 4.55703 0.58145 17.2641
764.64 407.52 4.38295 0.348054 18.3434
756 394.56 4.3697 0.304863 19.1249
646.56 446.4 3.66702 0.711014 20.6803
1022.4 586.08 4.79839 0.618707 16.2833
996.48 570.24 4.78177 0.613689 16.4102
961.92 558.72 4.74238 0.61097 16.5274
1071.36 593.28 4.83467 0.595377 16.1239
1092.96 532.8 4.87258 0.481879 16.1189
1137.6 388.8 4.96815 0.216867 16.1568
1221.12 388.8 5.00977 0.214265 15.9567
1211.04 362.88 5.02927 0.17287 16.0189
1111.68 489.6 4.91572 0.405317 16.1551
1195.2 447.84 4.9745 0.31308 15.9624
1033.92 498.24 4.85808 0.45775 16.4006
1091.52 447.84 4.94651 0.339678 16.3279
711.936 435.456 4.14774 0.524507 19.1539
1130.11 224.64 5.08681 -0.139144 16.4604
58.752 252.288 2.62693 -0.0727573 16.4106
202.176 105.408 2.52617 -0.6492 17.146
193.536 202.176 2.61119 -0.302858 16.975
976.32 248.832 4.95596 -0.177993 17.1767
114.048 274.752 2.57069 -0.0485982 16.6817
744.768 316.224 4.32251 -0.135947 19.6473
266.112 124.416 2.3755 -0.774599 17.8301
328.32 176.256 2.10139 -0.826522 18.9849
347.328 216 2.0341 -0.683069 19.3982
722.304 164.16 4.19022 -0.897086 19.1328
836.352 335.232 4.62469 0.0485716 17.8468
680.832 333.504 3.88245 -0.0997086 21.1526
1054.08 266.112 5.0076 -0.0683743 16.6922
1035.07 271.296 4.98345 -0.0680012 16.7756
1035.07 243.648 5.00949 -0.148601 16.859
286.848 210.816 2.20401 -0.521813 18.3641
672.192 316.224 3.76544 -0.266335 21.9037
641.088 317.952 3.39866 -0.319205 23.1233
319.68 285.12 2.35132 -0.166398 18.3714
312.768 350.784 2.35854 0.126027 18.306
362.88 373.248 1.84473 0.223471 20.0675
350.784 374.976 1.91479 0.220916 19.7362
279.936 38.016 2.3366 -1.1864 18.0051
383.616 330.048 1.60797 -0.104927 21.0711
196.992 174.528 2.50612 -0.425006 17.1521
354.24 279.936 1.98859 -0.344422 19.6197
991.872 210.816 4.98726 -0.291465 17.1329
252.288 259.2 2.41662 -0.213685 17.6724
243.648 324.864 2.4059 0.034693 17.6152
193.536 326.592 2.4453 0.0601489 17.2432
32.832 212.544 2.66487 -0.145559 16.2717
172.8 252.288 2.51221 -0.162188 17.0147
74.304 355.968 2.62287 0.169506 16.4656
110.592 319.68 2.6666 0.0760124 16.5232
107.136 307.584 2.63693 0.0448274 16.5554
200.448 141.696 2.5174 -0.532282 17.1457
499.392 228.096 0.711127 -1.9958 28.0557
620.352 240.192 3.18076 -1.10013 23.1662
566.784 233.28 2.31088 -1.44407 24.9482
395.712 207.36 1.40866 -1.18729 21.8247
449.28 216 1.00371 -1.60272 24.6204
558.144 74.304 2.92139 -2.07697 21.2296
559.872 69.12 2.97094 -2.07843 21.0955
511.488 193.536 1.36754 -2.1516 26.2215
451.008 63.936 2.64012 -1.53812 19.3995
435.456 55.296 2.60056 -1.54433 19.2313
336.96 150.336 1.60492 -1.27769 20.2167
454.464 157.248 1.93067 -1.59242 21.7431
414.72 153.792 1.59051 -1.6135 21.7499
412.992 152.064 1.529 -1.65214 21.9145
212.544 620.352 2.40063 1.08992 17.4558
305.856 516.672 2.67826 0.737108 17.5974
266.112 509.76 2.57563 0.687895 17.4965
79.488 425.088 2.5887 0.34318 16.5344
46.656 368.064 2.67692 0.199913 16.3151
131.328 361.152 2.53219 0.177128 16.8048
65.664 456.192 2.64046 0.406387 16.4266
400.896 642.816 3.07382 1.15456 17.4922
414.72 618.624 2.98058 1.18065 17.8769
587.52 428.544 2.722 0.844137 24.2653
637.632 361.152 3.38385 0.0945718 22.9242
663.552 210.816 3.74483 -1.04039 21.2696
796.608 179.712 4.5607 -0.785713 18.9508
924.48 191.808 4.90585 -0.448423 17.6563
656.64 107.136 3.77701 -1.40446 19.8045
762.048 105.408 4.3769 -1.07926 18.701
762.048 162.432 4.37511 -0.82988 18.7925
1143.94 260.928 5.0743 -0.037073 16.3717
1114.56 267.84 5.05437 -0.0446602 16.4655
1159.49 217.728 5.10014 -0.135202 16.3484
1235.52 273.024 5.07352 0.0194008 16.038
1138.75 312.768 5.0445 0.0658088 16.325
1100.74 298.944 5.01252 0.0306683 16.4496
1195.78 333.504 5.02982 0.119097 16.0872
1230.34 312.768 5.0651 0.0834697 16.0255
1176.77 305.856 5.03625 0.0615049 16.1514
1002.24 250.56 4.97513 -0.15191 17.0003
997.056 330.048 4.91908 0.0670016 16.866
971.136 323.136 4.8896 0.0514247 16.9983
1002.24 288.576 4.94167 -0.0317665 16.8775
1067.9 350.784 4.95678 0.141065 16.4676
1143.94 107.136 5.08261 -0.373168 16.3927
1119.74 193.536 5.09058 -0.210864 16.533
1197.5 155.52 5.16846 -0.260071 16.3478
1218.24 145.152 5.14004 -0.25105 16.2134
969.408 186.624 4.97896 -0.405349 17.3552
1093.82 176.256 5.08686 -0.284552 16.6487
1045.44 174.528 5.052 -0.342695 16.8758
853.632 566.784 4.5577 0.731802 16.9604
883.008 563.328 4.62273 0.702551 16.8858
867.456 653.184 4.54682 0.863346 16.6121
919.296 623.808 4.65101 0.76893 16.5423
839.808 406.08 4.52898 0.288308 16.9248
800.064 364.608 4.50533 0.161171 18.1032
876.096 380.16 4.73455 0.224027 17.669
857.088 457.92 4.62447 0.461323 17.303
877.824 513.216 4.63615 0.591698 17.0118
912.384 445.824 4.74468 0.402229 17.0725
661.824 416.448 3.77273 0.49972 20.7249
644.544 385.344 3.51826 0.327207 22.161
765.504 407.808 4.40084 0.374955 18.9808
698.112 483.84 4.0746 0.769701 18.8863
1147.39 590.976 4.89062 0.542895 15.9564
1211.33 608.256 4.91408 0.534877 15.794
1244.16 663.552 4.93157 0.594645 15.7519
1216.51 611.712 4.92866 0.541913 15.8235
1021.25 585.792 4.78311 0.599451 16.2192
1092.1 532.224 4.86661 0.483112 16.1042
962.496 630.72 4.70831 0.74076 16.3973
1137.02 409.536 4.95862 0.260708 16.1378
1137.02 388.8 4.96844 0.215906 16.1588
1221.7 388.8 5.01021 0.21492 15.9567
1112.83 490.752 4.91717 0.408948 16.1447
1244.16 504.576 4.97759 0.386798 15.8427
1195.78 447.552 4.97231 0.315931 15.9643
950.4 416.448 4.81826 0.306008 16.9436
1055.81 381.888 4.95009 0.203827 16.5332
965.952 449.28 4.81707 0.385436 16.7828
1092.1 449.28 4.94544 0.3435 16.3064
32.832 609.984 2.56116 0.769971 16.4157
379.469 350.438 1.69819 0.0601238 20.761
951.783 265.421 4.90032 -0.142562 17.252
974.592 248.832 4.95479 -0.178941 17.1781
1001.55 250.906 4.97789 -0.160936 17.022
1049.24 215.654 5.0356 -0.212292 16.7942
1022.28 199.066 5.00603 -0.273933 16.9127
192.845 325.555 2.421 0.0568567 17.2859
1130.11 221.875 5.08829 -0.142492 16.4642
1109.38 236.39 5.06489 -0.11971 16.5091
317.261 230.17 2.37845 -0.433143 18.3104
505.958 273.715 0.733014 -1.33657 28.5677
520.474 250.906 0.927314 -1.70628 28.5131
505.958 244.685 0.659 -1.89692 28.891
738.202 207.36 4.29138 -0.821334 19.9541
369.101 161.741 1.98995 -1.0979 19.8207
651.11 354.586 3.56517 0.0586644 22.2823
742.349 252.979 4.31233 -0.52125 19.9185
244.685 82.944 2.42988 -0.860779 17.5679
313.114 335.923 2.40545 0.0550504 18.2146
279.936 335.923 2.24959 0.0311314 18.2143
319.334 286.157 2.37633 -0.173149 18.3531
76.7232 236.39 2.5868 -0.129753 16.5234
172.109 250.906 2.52545 -0.159648 16.9936
277.862 74.6496 2.33938 -1.02244 17.99
230.17 128.563 2.39962 -0.678927 17.5473
203.213 153.446 2.5265 -0.495087 17.1418
327.629 176.256 2.02769 -0.862999 19.1736
317.261 122.342 2.35937 -0.912843 18.2949
66.3552 68.4288 2.73376 -0.47164 16.2892
105.754 174.182 2.63724 -0.289486 16.5545
497.664 228.096 0.708613 -1.9949 28.0074
620.006 240.538 3.15088 -1.11703 23.365
499.738 333.85 -2.94423 -0.980617 42.4428
607.565 329.702 2.91618 -0.279024 24.4104
481.075 263.347 0.196518 -1.55455 28.9747
514.253 68.4288 2.79639 -1.8384 20.2763
620.006 97.4592 3.67396 -1.23534 18.9735
512.179 149.299 2.05643 -2.05179 23.3136
588.902 184.55 2.97466 -1.46489 22.3136
400.205 49.7664 2.43737 -1.5375 19.1348
371.174 43.5456 2.27481 -1.57085 19.1232
452.045 64.2816 2.64012 -1.53812 19.3995
335.923 149.299 1.60492 -1.27769 20.2167
240.538 574.387 2.48743 0.921565 17.4988
315.187 547.43 2.6579 0.867321 17.7141
76.7232 582.682 2.27434 0.838135 16.9643
60.1344 561.946 2.57653 0.671034 16.4879
118.195 663.552 2.44669 1.05893 16.8964
252.979 414.72 2.29708 0.378184 17.9078
238.464 396.058 2.21815 0.313918 17.9336
223.949 505.958 2.4445 0.680469 17.4437
236.39 466.56 2.57515 0.529324 17.2726
78.7968 425.088 2.57821 0.347061 16.5456
130.637 360.806 2.53018 0.180603 16.8052
70.5024 445.824 2.62215 0.386643 16.4594
493.517 526.694 -0.58304 3.45741 33.1107
379.469 578.534 2.49837 1.21695 18.7653
400.205 640.742 3.03667 1.17807 17.5973
605.491 402.278 3.10558 0.466186 22.8883
796.263 250.906 4.52542 -0.342233 18.4099
906.163 248.832 4.80495 -0.215256 17.4367
854.323 356.659 4.68004 0.139219 17.7798
889.575 327.629 4.75703 0.0400863 17.4523
663.552 209.434 3.7825 -0.989985 20.8787
680.141 333.85 3.88001 -0.0999744 21.154
796.263 180.403 4.56327 -0.767452 18.9003
821.146 134.784 4.65957 -0.952647 18.7917
702.951 107.827 4.08366 -1.16398 19.0589
653.184 105.754 3.77992 -1.43424 19.801
785.895 111.974 4.48552 -1.06414 18.7532
1142.55 265.421 5.07882 -0.0444628 16.3855
1159.14 211.507 5.11117 -0.15048 16.3848
1204.76 275.789 5.07539 0.0107566 16.1242
1194.39 333.85 5.03075 0.118932 16.0922
1175.73 304.819 5.03852 0.0607982 16.1617
989.107 211.507 4.98807 -0.291534 17.1495
995.328 329.702 4.92145 0.0702719 16.9156
1001.55 288.23 4.94471 -0.0310694 16.8961
1020.21 329.702 4.93297 0.0845699 16.6877
1111.45 128.563 5.1436 -0.406944 16.7053
1215.13 145.152 5.14478 -0.255162 16.234
968.371 186.624 4.98318 -0.407924 17.3673
1090.71 176.256 5.09559 -0.295114 16.6838
872.986 588.902 4.59385 0.76085 16.8368
941.415 549.504 4.72497 0.610354 16.649
881.28 561.946 4.62241 0.700741 16.8892
916.531 622.08 4.65241 0.76964 16.5499
902.016 611.712 4.63648 0.768151 16.6735
713.318 534.989 4.16122 0.910434 18.4078
725.76 578.534 4.20838 1.09066 18.3719
790.042 640.742 4.41389 1.04738 17.3445
715.392 624.154 4.17993 1.17157 17.9142
839.808 406.426 4.61837 0.314369 17.6612
816.999 408.499 4.5734 0.338931 18.0751
875.059 379.469 4.73784 0.221533 17.6997
802.483 464.486 4.53464 0.577377 18.2677
877.133 512.179 4.63487 0.587469 17.0235
644.89 385.69 3.57481 0.310296 21.6487
750.643 460.339 4.31665 0.593631 18.5556
1146.7 609.638 4.88323 0.568754 15.9436
997.402 574.387 4.78438 0.61485 16.4029
964.224 603.418 4.72996 0.694482 16.4664
1020.21 584.755 4.79802 0.61357 16.2992
1011.92 620.006 4.7631 0.668284 16.2417
1034.73 671.846 4.7746 0.741227 16.1403
1136.33 408.499 4.95187 0.257264 16.1341
1136.33 387.763 4.96652 0.217422 16.16
1184.03 362.88 5.01728 0.172034 16.0902
1111.45 489.37 4.91571 0.405315 16.155
1128.04 462.413 4.933 0.353405 16.1194
1231.72 499.738 4.98154 0.380006 15.8813
1194.39 449.971 4.97596 0.315824 15.9678
989.107 420.941 4.8583 0.312916 16.7255
1036.8 427.162 4.8987 0.313824 16.4666
1009.84 497.664 4.84035 0.47138 16.5132
972.519 516.326 4.77969 0.526778 16.5818
949.709 443.75 4.80048 0.373252 16.8674
1034.73 489.37 4.87126 0.443258 16.4148
570.24 628.301 3.57629 1.27205 18.1675
261.274 209.019 2.28473 -0.467303 18.0063
258.785 114.463 2.34251 -0.804259 17.8035
1224.25 547.43 4.96538 0.456557 15.8645
432.968 52.2547 2.61005 -1.53551 19.1666
711.66 532.501 4.1485 0.923299 18.5018
415.549 154.276 1.6128 -1.60283 21.6916
492.687 510.106 2.15543 1.49596 22.3936
612.127 629.545 3.76995 1.23254 18.0069
788.798 639.498 4.40365 0.968774 17.093
370.76 47.2781 2.29877 -1.55893 19.0799
619.592 97.0445 3.5842 -1.43833 19.6736
1089.88 559.872 4.85991 0.538216 16.1192
1229.23 497.664 4.98165 0.377963 15.871
1224.25 457.851 4.98902 0.313779 15.9157
1194.39 447.898 4.97514 0.317714 15.9625
268.739 641.987 2.59527 1.1499 17.4865
413.061 617.103 2.91535 1.21956 18.086
587.244 186.624 2.97466 -1.46489 22.3136
783.821 111.974 4.48085 -1.06327 18.7316
213.996 639.498 2.40855 1.14984 17.4558
1002.79 654.428 4.7511 0.743514 16.2388
980.398 607.15 4.7461 0.688874 16.4024
960.492 627.057 4.70615 0.738357 16.4014
701.706 109.486 4.08307 -1.16815 19.0108
651.94 104.509 3.76401 -1.42817 19.8133
778.844 582.267 4.38469 0.899636 17.4126
724.101 577.29 4.19674 1.13691 18.6451
1164.53 410.573 4.97843 0.258723 16.0909
1179.46 360.806 4.99873 0.163414 16.0859
1020.21 584.755 4.79634 0.612728 16.2969
1065 530.012 4.88233 0.504795 16.2928
1204.35 328.458 5.03402 0.116653 16.0499
1194.39 333.435 5.03064 0.119091 16.0872
1176.98 291.133 5.04094 0.0351063 16.1618
378.225 196.577 1.69537 -1.04257 20.7166
567.337 233.902 2.31682 -1.48172 25.3
694.241 480.246 4.05477 0.746985 18.9625
704.195 455.363 4.11212 0.611625 18.9895
726.59 505.129 4.21372 0.811576 18.675
739.031 450.386 4.27185 0.567671 18.6998
997.816 572.314 4.78222 0.615342 16.3893
960.492 557.384 4.73947 0.606142 16.4874
1052.56 510.106 4.86472 0.462142 16.2994
1040.12 462.828 4.89723 0.387881 16.4568
1055.05 380.713 4.94775 0.205158 16.5328
793.774 477.758 4.5131 0.651843 18.2943
893.307 405.596 4.73811 0.300331 17.3049
873.4 378.225 4.75396 0.213309 17.8466
873.4 587.244 4.59385 0.76085 16.8368
1134.67 408.085 4.95115 0.251466 16.1331
241.367 574.802 2.47807 0.929842 17.527
226.437 572.314 2.36604 0.934285 17.6109
482.734 263.762 0.339389 -1.49932 28.5786
450.386 213.996 1.10129 -1.56758 24.3414
967.957 186.624 4.98318 -0.407924 17.3673
271.227 579.779 2.60164 0.950015 17.5033
316.017 547.43 2.58365 0.896781 17.8939
950.538 442.921 4.79863 0.37128 16.8683
218.972 457.851 2.32146 0.535884 17.6054
612.127 298.598 2.73836 -0.751541 26.1631
587.244 427.991 2.57817 0.891955 25.0072
629.545 368.271 3.2607 0.16421 23.5628
597.197 373.248 2.9434 0.24963 23.4367
106.998 174.182 2.63724 -0.289486 16.5545
129.393 360.806 2.52969 0.179601 16.8026
559.872 258.785 1.68028 -1.52267 28.0182
520.059 248.832 0.997978 -1.63138 28.2102
888.33 328.458 4.75781 0.0363713 17.4766
1067.49 184.136 5.0794 -0.296829 16.7898
1045.09 186.624 5.05307 -0.31208 16.8936
102.021 106.998 2.69545 -0.434434 16.4562
99.5328 67.1846 2.69037 -0.534758 16.4369
191.601 323.482 2.36616 0.0503659 17.38
846.029 569.825 4.55242 0.745377 16.9617
79.6263 425.503 2.5862 0.344612 16.5372
77.1379 360.806 2.60655 0.185946 16.5033
838.564 405.596 4.63112 0.31639 17.8268
798.751 360.806 4.5178 0.150322 18.3173
875.889 510.106 4.63421 0.585822 17.0063
967.957 320.993 4.88164 0.048313 16.9991
1000.3 288.645 4.94826 -0.0354989 16.9169
64.6963 455.363 2.58457 0.413544 16.4931
306.063 512.594 2.69432 0.732779 17.5575
266.25 507.617 2.55939 0.698151 17.5173
67.1846 268.739 2.63882 -0.0352549 16.4226
92.0679 238.879 2.63567 -0.115952 16.5045
77.1379 236.39 2.61185 -0.120498 16.4887
756.449 395.643 4.35875 0.301132 18.6343
1067.49 345.877 4.95677 0.139623 16.4719
1020.21 328.458 4.94552 0.07534 16.7541
1060.02 288.645 4.98652 -0.0106046 16.593
661.893 413.061 3.77109 0.49354 20.7617
644.475 385.69 3.57481 0.310296 21.6487
744.008 171.694 4.31164 -0.832076 19.0058
1089.88 350.853 4.97483 0.142924 16.3988
1137.16 311.04 5.05005 0.062772 16.3382
858.471 320.993 4.70811 -0.000618363 17.8752
1035.14 268.739 4.99687 -0.0925801 16.7821
258.785 174.182 2.50783 -0.506429 17.5228
216.484 161.741 2.45979 -0.513831 17.3559
228.925 126.904 2.41719 -0.673249 17.4969
204.042 154.276 2.50479 -0.501654 17.1855
328.458 176.671 2.02295 -0.862199 19.2023
283.669 134.369 2.29351 -0.81378 18.1429
851.006 276.204 4.60383 -0.110177 17.2499
1142.14 261.274 5.07633 -0.0431458 16.3846
1114.77 266.25 5.05601 -0.0389967 16.4507
1129.7 221.461 5.09037 -0.146273 16.4589
318.505 430.479 2.13389 0.51217 18.8181
291.133 373.248 2.17392 0.221581 18.4551
388.178 238.879 1.59058 -0.828816 21.1896
136.858 139.346 2.60153 -0.424145 16.7115
316.017 335.923 2.40545 0.0550504 18.2146
301.087 335.923 2.3469 0.0640476 18.197
639.498 238.879 3.41112 -1.07849 22.985
679.311 333.435 3.85677 -0.103199 21.3658
689.265 296.11 3.94764 -0.344803 20.9316
639.498 316.017 3.38637 -0.330024 23.2051
281.18 261.274 2.24525 -0.28775 18.2265
972.933 248.832 4.94833 -0.167453 17.1765
1211.81 607.15 4.9301 0.542584 15.8367
106.998 637.01 2.37535 0.988054 16.9538
268.739 641.987 2.606 1.15699 17.4864
214.991 639.001 2.46199 1.12575 17.3518
725.594 504.631 4.20921 0.798958 18.5673
752.468 456.856 4.32321 0.58249 18.4931
1042.11 579.281 4.82284 0.585245 16.251
1066 531.505 4.88063 0.503305 16.2807
116.453 579.281 2.41132 0.8205 16.9238
859.964 459.842 4.63204 0.468575 17.371
247.837 415.052 2.29824 0.38061 17.8112
250.823 376.234 2.2123 0.221518 18.0199
621.085 241.865 3.15229 -1.1153 23.3292
1167.52 250.823 5.08845 -0.058197 16.2966
1206.34 214.991 5.10529 -0.10612 16.1949
1194.39 241.865 5.07406 -0.0568024 16.1849
1200.37 152.285 5.18093 -0.271945 16.3657
80.6216 343.388 2.61836 0.143066 16.4935
295.612 555.393 2.67615 0.864326 17.4888
865.936 212.005 4.79031 -0.476885 18.2468
125.411 77.6356 2.67325 -0.545497 16.5599
188.117 322.486 2.3974 0.0461515 17.3249
131.383 361.304 2.52762 0.179705 16.7959
241.865 573.309 2.47838 0.932973 17.5394
229.921 537.477 2.44729 0.799541 17.4722
901.767 376.234 4.66086 0.208213 16.7601
1063.01 441.926 4.92975 0.340247 16.4261
200.061 325.472 2.39889 0.045376 17.3222
991.347 421.024 4.86019 0.310058 16.739
1137.66 388.178 4.96707 0.215679 16.174
62.7057 453.87 2.58572 0.421942 16.4896
898.781 576.295 4.63826 0.703296 16.7689
934.613 316.514 4.83728 0.0211496 17.2395
973.431 513.589 4.77825 0.523692 16.5942
952.529 444.912 4.79118 0.376797 16.8123
1039.12 424.01 4.91816 0.294642 16.5082
1054.05 379.22 4.94555 0.202046 16.5321
80.6216 424.01 2.59269 0.343262 16.5347
77.6356 361.304 2.61883 0.18296 16.4708
277.697 71.6636 2.35922 -1.01137 17.9212
307.556 510.603 2.66259 0.737269 17.6446
612.127 298.598 2.78761 -0.746742 25.598
615.113 435.954 3.20062 0.764368 22.6204
80.6216 170.201 2.616 -0.29085 16.4888
874.893 507.617 4.53253 0.490522 16.3679
1003.29 286.655 4.94704 -0.0426113 16.936
68.6776 122.425 2.72742 -0.348063 16.3085
98.5375 65.6917 2.67695 -0.53925 16.4553
59.7197 68.6776 2.73814 -0.465008 16.2663
680.805 388.178 3.92673 0.312893 20.6967
848.02 573.309 4.55167 0.749585 16.976
806.216 519.561 4.46482 0.659732 17.3084
830.104 235.893 4.53803 -0.248756 17.304
1113.77 346.374 4.99279 0.143825 16.3223
1098.84 295.612 5.00999 0.027208 16.422
564.351 226.935 2.16999 -1.6646 26.0112
821.146 134.369 4.68288 -1.01367 18.9917
328.458 176.173 2.05 -0.850244 19.1303
304.57 167.215 2.21727 -0.752759 18.5056
337.416 146.313 1.71053 -1.24392 19.9499
283.669 134.369 2.2628 -0.829271 18.2153
800.244 361.304 4.52884 0.144745 18.468
1143.63 262.767 5.07246 -0.0421304 16.3843
1116.76 265.753 5.05665 -0.0443104 16.4715
1158.56 214.991 5.11031 -0.150397 16.3983
283.669 209.019 2.23159 -0.520436 18.291
1000.3 250.823 4.9777 -0.159868 17.0533
973.431 247.837 4.93269 -0.173663 17.1176
991.347 209.019 4.9853 -0.304498 17.123
1036.14 268.739 4.98504 -0.0724305 16.7784
1074.95 232.907 5.0503 -0.154546 16.6965
259.781 173.187 2.42806 -0.542598 17.6952
217.977 161.243 2.30062 -0.570273 17.616
250.823 256.795 2.41662 -0.213685 17.6724
217.977 238.879 2.39833 -0.259261 17.4309
746.496 316.514 4.32061 -0.11207 19.3139
316.514 334.43 2.38775 0.0473707 18.2673
686.776 298.598 3.94268 -0.348654 20.8839
671.846 310.542 3.76544 -0.266335 21.9037
1197.38 450.884 4.97495 0.313517 15.9625
1089.88 444.912 4.94641 0.339423 16.3323
1051.07 627.057 4.79419 0.652526 16.1267
961.487 627.057 4.70322 0.739824 16.4142
1092.87 528.519 4.86666 0.473767 16.1256
791.286 639.001 4.40369 0.969548 17.0994
1018.22 89.5795 5.11604 -0.719071 17.3212
424.01 588.239 2.75205 1.23971 18.7101
158.257 609.141 2.35549 0.972241 17.2054
307.556 615.113 2.62722 1.12479 17.707
418.038 155.271 1.52545 -1.65948 21.9672
78.83 515.978 2.56105 0.57132 16.5624
136.161 71.6636 2.73969 -0.541759 16.4924
214.991 462.23 2.27938 0.543979 17.6792
985.375 544.644 4.77555 0.569056 16.4747
852.797 573.309 4.55402 0.745935 16.9503
827.715 530.311 4.52657 0.674473 17.2127
920.878 641.39 4.65169 0.794131 16.5454
877.88 634.223 4.59969 0.842748 16.7534
902.962 612.724 4.63122 0.753675 16.5612
971.042 186.325 4.986 -0.409944 17.3627
1089.29 175.576 5.09119 -0.292362 16.6835
587.642 304.57 2.09561 -0.878235 28.2489
795.466 179.159 4.5505 -0.747294 18.8059
820.549 136.161 4.6918 -1.05417 19.1624
551.81 279.488 1.0831 -1.38328 30.143
519.561 250.823 0.994595 -1.69995 28.1703
1107.2 354.735 5.00102 0.148968 16.3492
1139.45 308.154 5.05742 0.0539415 16.3437
265.155 512.395 2.5468 0.704406 17.5332
892.212 408.483 4.74041 0.301535 17.3692
899.379 376.234 4.76274 0.20789 17.3757
874.296 376.234 4.72889 0.218791 17.5974
1042.71 186.325 5.05506 -0.316468 16.8867
257.989 171.993 2.4804 -0.51937 17.5822
333.236 143.327 2.0225 -1.06932 19.1996
935.21 132.578 5.48791 -1.29359 20.0906
1067.79 343.985 4.96238 0.125406 16.4722
1021.21 329.653 4.94078 0.0785208 16.7146
1010.46 300.987 4.94008 0.00831184 16.7976
121.828 458.647 2.50673 0.448489 16.806
78.83 236.49 2.58591 -0.129298 16.5234
136.161 250.823 2.54818 -0.123604 16.7988
874.296 508.812 4.63153 0.584414 17.0743
68.0805 121.828 2.70966 -0.358391 16.3328
827.715 343.985 4.60586 0.069603 17.9485
988.958 422.815 4.86261 0.306481 16.7356
949.543 415.649 4.82101 0.298425 16.9514
1003.29 376.234 4.91333 0.199718 16.8063
960.293 369.068 4.84998 0.174571 16.9305
827.715 236.49 4.5967 -0.307123 17.7188
315.32 232.907 2.39189 -0.40932 18.2679
795.466 408.483 4.52409 0.339572 18.2782
888.629 326.07 4.75781 0.0363713 17.4766
981.792 329.653 4.90087 0.0689879 16.9312
945.96 343.985 4.83065 0.111362 17.0011
648.556 329.653 3.50398 -0.170364 22.8536
1035.54 494.479 4.86114 0.447925 16.3811
1196.78 451.481 4.97774 0.313334 15.9607
1067.79 591.225 4.83172 0.584805 16.122
960.293 627.057 4.71017 0.736257 16.4423
1207.53 601.974 4.93012 0.541895 15.8539
1150.2 551.81 4.90667 0.480552 15.985
702.304 455.064 4.10551 0.614558 18.9645
756.051 605.558 4.30519 0.905257 17.2137
709.47 616.307 4.16461 1.1952 18.0728
709.47 530.311 4.12366 0.902589 18.5729
1017.62 85.9964 5.16208 -0.780848 17.5016
1157.37 214.991 5.11012 -0.149301 16.4171
752.468 114.662 4.38675 -1.80644 21.5621
702.304 107.495 4.08382 -1.16399 19.009
784.717 111.079 4.46762 -1.07173 18.7329
157.66 609.141 2.38137 0.959887 17.1579
107.495 637.806 2.40582 0.985223 16.9074
168.41 519.561 2.46762 0.665773 17.0676
297.404 598.391 2.58858 1.06147 17.7094
211.408 616.307 2.351 1.10805 17.5856
372.651 182.742 1.86819 -1.05434 20.1948
587.642 186.325 2.97927 -1.47284 22.3508
619.89 96.7459 3.56505 -1.46182 19.7975
637.806 240.073 3.39225 -1.09837 23.0917
494.479 605.558 -2.84569 7.37172 42.0534
971.759 184.892 4.97953 -0.407966 17.3524
928.761 154.793 4.91894 -0.621167 17.6649
950.26 412.783 4.82067 0.308605 16.9816
1109.35 485.879 4.91378 0.40051 16.1628
1087.85 442.881 4.94874 0.335742 16.3514
1135.15 386.984 4.96732 0.220859 16.1746
245.09 571.876 2.48666 0.927176 17.5211
219.291 507.379 2.37259 0.711705 17.5523
834.165 374.084 4.58081 0.202195 17.5205
945.96 477.28 4.76857 0.460094 16.8083
954.56 442.881 4.79682 0.375792 16.8689
1036.26 266.589 4.99441 -0.0774815 16.7858
1049.16 223.591 5.03633 -0.192074 16.8146
1031.96 240.79 4.99819 -0.159889 16.843
1023.36 326.786 4.93483 0.0769887 16.7172
296.687 464.38 2.68662 0.546663 17.481
687.971 386.984 3.95848 0.308529 20.4267
868.563 206.391 4.79394 -0.49043 18.2516
322.486 292.388 2.41466 -0.150955 18.2846
851.364 270.889 4.60089 -0.121672 17.1939
894.362 571.876 4.63159 0.710633 16.8309
890.062 524.578 4.649 0.607052 16.9491
640.673 240.79 3.39892 -1.06924 22.9785
687.971 296.687 3.95432 -0.341081 20.8601
804.066 356.885 4.50881 0.141027 17.5815
1113.65 266.589 5.06655 -0.0481182 16.4733
133.294 253.689 2.68385 -0.0950467 16.5927
249.389 374.084 2.17481 0.223248 18.0733
279.488 270.889 2.243 -0.2264 18.2447
270.889 485.879 2.47793 0.628128 17.7383
898.662 494.479 4.67782 0.528083 17.0015
950.26 343.985 4.82073 0.104029 17.0077
971.759 296.687 4.84578 0.0028772 16.7404
967.459 249.389 4.93444 -0.181945 17.2075
1036.26 421.382 4.90841 0.297656 16.562
1178.15 464.38 4.96091 0.354863 15.9939
933.06 632.073 4.6567 0.785358 16.499
1040.56 576.176 4.82052 0.585494 16.2465
1070.65 589.075 4.8281 0.58062 16.1405
1148.05 550.377 4.90645 0.47257 15.9658
1087.85 524.578 4.86588 0.466402 16.1275
752.468 455.781 4.35568 0.566645 18.2022
709.47 524.578 4.09729 0.916977 18.7589
902.962 610.574 4.63869 0.772708 16.671
1087.85 176.293 5.09287 -0.299155 16.7013
1139.45 107.495 5.06585 -0.374124 16.3806
1191.05 335.386 4.97802 0.125731 16.0051
1100.75 292.388 5.02092 0.0157188 16.4694
778.267 107.495 4.46298 -1.00997 18.5152
808.366 116.095 4.59617 -1.03372 18.7259
606.274 434.282 2.79992 0.84785 24.4505
85.9964 425.682 2.59669 0.349415 16.5356
107.495 632.073 2.44665 0.956904 16.842
214.991 614.874 2.351 1.10805 17.5856
460.081 159.093 2.14576 -1.48937 21.2781
580.475 180.592 3.08062 -1.41753 21.8238
623.474 98.8958 3.56505 -1.46182 19.7975
619.174 240.79 3.1488 -1.11123 23.2688
98.8958 128.995 2.70877 -0.368761 16.413
189.192 322.486 2.4287 0.0524953 17.2646
211.551 464.38 2.27556 0.551776 17.6585
639.813 242.51 3.39892 -1.06924 22.9785
846.204 505.659 4.57935 0.592117 17.2177
887.482 479.86 4.67992 0.476764 17.071
877.163 474.7 4.63211 0.462887 16.9272
872.003 376.664 4.70143 0.200561 17.4052
1021.64 330.226 4.927 0.0783663 16.6767
990.678 325.066 4.90174 0.068146 16.9265
1037.12 185.752 5.05395 -0.319173 16.9111
201.231 185.752 2.58653 -0.377976 17.0231
655.292 335.386 3.42383 -0.18258 23.5149
1109.35 356.025 5.00012 0.131486 16.3433
1099.03 294.108 5.02571 0.0164826 16.4595
1083.55 309.587 4.94231 0.0567256 16.3178
283.788 128.995 2.26966 -0.844448 18.1634
247.67 98.0359 2.32466 -0.871272 17.7742
283.788 469.54 2.645 0.509983 17.426
500.499 417.942 2.82895 0.565076 19.8455
1037.12 495.339 4.87106 0.452453 16.4419
954.56 443.741 4.81281 0.37437 16.798
1031.96 423.102 4.89074 0.316577 16.5652
975.199 417.942 4.85117 0.300296 16.8051
1129.99 397.303 4.96709 0.218369 16.174
1042.28 577.896 4.82093 0.587061 16.2466
732.689 567.576 4.2376 1.01025 18.1554
706.89 526.298 4.12366 0.902589 18.5729
851.364 572.736 4.5601 0.731639 16.9348
784.287 614.014 4.40664 0.984363 17.4553
918.441 185.752 4.88262 -0.460626 17.622
1155.79 216.711 5.10668 -0.144499 16.3912
1078.39 180.592 5.09001 -0.292655 16.7153
1140.31 123.835 5.0629 -0.357495 16.3798
970.039 299.267 4.90094 -0.0261559 17.1402
1140.31 263.149 5.06858 -0.0378831 16.3829
696.571 118.675 4.06688 -1.06042 18.8518
856.524 196.072 4.76253 -0.597764 18.4519
902.962 242.51 4.77725 -0.266017 17.5474
583.055 438.581 2.56462 0.951591 24.9137
593.375 376.664 2.70582 0.252076 24.5566
557.256 546.937 2.48859 2.01341 23.66
118.675 361.185 2.51263 0.181131 16.7837
154.793 608.854 2.38864 0.952411 17.125
304.427 505.659 2.80315 0.662047 17.3149
232.19 526.298 2.44589 0.760473 17.5169
459.221 159.953 1.91208 -1.5965 21.7625
629.493 98.0359 3.57719 -1.44584 19.7088
619.174 242.51 3.26445 -1.01709 22.5107
98.0359 128.995 2.63403 -0.405983 16.5396
98.0359 309.587 2.77267 0.0586938 16.3254
662.516 408.655 3.78242 0.464549 20.6618
693.475 390.08 4.04072 0.29198 19.903
885.419 520.106 4.64587 0.606219 17.0636
947.336 340.546 4.82712 0.109353 17.0018
928.761 328.162 4.82339 0.0565003 17.1337
959.719 315.779 4.88349 -0.00849178 17.0162
984.486 544.873 4.77397 0.566702 16.4921
1021.64 173.369 5.04363 -0.391459 17.0897
984.486 191.944 4.99408 -0.407536 17.3631
1015.45 371.504 4.92286 0.152795 16.674
712.05 278.628 4.11876 -0.382338 20.2218
835.885 377.696 4.61758 0.199098 17.8273
792.543 371.504 4.51451 0.193167 18.2052
1102.13 482.956 4.91574 0.405469 16.213
718.242 167.177 4.19059 -0.832328 18.8681
811.118 266.245 4.58123 -0.271295 18.5771
792.543 291.012 4.53523 -0.148952 19.1639
885.419 476.764 4.67269 0.493254 17.0744
1040.21 266.245 4.99001 -0.0859161 16.7907
1021.64 253.861 4.97094 -0.109548 16.8713
352.929 229.094 2.1439 -0.598893 19.1713
1034.02 451.997 4.90023 0.378092 16.5239
953.528 439.613 4.79319 0.377613 16.8373
1046.4 575.832 4.81887 0.590472 16.2455
1145.47 551.065 4.9009 0.488397 15.9866
1083.55 520.106 4.83436 0.442266 16.0576
693.475 476.764 4.04148 0.739165 19.0892
705.858 520.106 4.15249 0.914968 18.4659
854.46 569.64 4.55941 0.73886 16.9328
972.103 185.752 4.9883 -0.413441 17.3631
1151.66 210.519 5.11004 -0.157467 16.4387
1089.75 222.903 5.0745 -0.167633 16.5968
1139.28 123.835 5.07902 -0.369784 16.3929
1027.83 321.97 4.94192 0.0665263 16.732
1083.55 309.587 4.98761 0.0518421 16.4724
755.392 117.643 4.33402 -1.13845 19.1071
668.708 303.395 3.87996 -0.299896 20.6977
903.994 241.478 4.78147 -0.271831 17.5628
507.723 439.613 3.43952 0.465691 17.4619
154.793 582.023 2.38653 0.875239 17.1379
216.711 513.914 2.39565 0.717359 17.4838
117.643 538.681 2.5091 0.680107 16.8041
458.189 216.711 1.38427 -1.44629 23.6734
458.189 154.793 1.9615 -1.59582 21.8001
637.749 241.478 3.39002 -1.06302 22.8967
229.094 191.944 2.58491 -0.373214 17.1969
148.602 142.41 2.56587 -0.444716 16.8208
247.67 210.519 2.27199 -0.423883 17.9002
334.354 136.218 1.90888 -1.1879 19.3742
142.41 253.861 2.55512 -0.104556 16.8019
278.628 272.436 2.34819 -0.196035 17.964
809.879 356.644 4.59368 0.0913683 18.1149
847.03 572.117 4.54566 0.753577 17.0091
943.621 341.784 4.82231 0.112341 17.0077
906.471 356.644 4.80327 0.143598 17.3789
995.632 260.053 4.96458 -0.130507 16.9987
1084.79 542.396 4.86847 0.507226 16.1591
646.418 341.784 3.62008 -0.102388 21.7362
787.589 297.203 4.53523 -0.148952 19.1639
958.481 445.805 4.80488 0.362927 16.8388
1062.5 423.515 4.93205 0.291583 16.4845
1121.94 393.795 4.97774 0.234729 16.2704
973.341 557.256 4.76773 0.59723 16.5162
958.481 572.117 4.73441 0.647414 16.5121
943.621 534.966 4.73173 0.577893 16.6456
1099.65 482.956 4.91482 0.402253 16.1805
1040.21 497.816 4.88195 0.448761 16.4122
750.439 453.235 4.31971 0.561732 18.516
884.18 475.526 4.68384 0.466523 16.9514
780.159 572.117 4.39651 0.86062 17.3895
884.18 520.106 4.63998 0.600689 16.9972
1077.36 178.322 5.092 -0.307797 16.7652
1084.79 304.634 4.98239 0.0544989 16.4227
1032.78 267.483 4.99052 -0.0879434 16.7831
549.826 445.805 2.39894 1.13122 23.786
586.977 378.934 3.01001 0.263564 22.4309
297.203 378.934 2.01391 0.235009 18.834
245.193 572.117 2.49379 0.915367 17.4979
148.602 572.117 2.394 0.875718 17.1094
289.773 549.826 2.78081 0.803035 17.2198
586.977 230.333 2.3414 -1.56477 25.3679
520.106 237.763 1.77172 -1.45992 25.1427
594.407 178.322 3.14496 -1.42238 21.5752
371.504 185.752 1.98541 -0.974099 19.81
163.462 297.203 2.53424 -0.0215899 16.9235
326.924 297.203 2.37516 -0.143497 18.3808
1043.18 499.302 4.87477 0.453205 16.4052
1052.1 356.644 4.94914 0.198496 16.5319
1025.35 320.98 4.94591 0.0632679 16.7755
873.778 205.07 4.80954 -0.512868 18.164
882.694 481.47 4.65259 0.483033 17.0513
962.939 445.805 4.79459 0.374787 16.8073
954.023 410.141 4.84504 0.292732 16.8509
989.688 543.882 4.77376 0.572734 16.4978
945.107 534.966 4.73057 0.584656 16.6865
1078.85 543.882 4.88221 0.509616 16.2906
1034.27 543.882 4.84184 0.540047 16.3824
757.869 410.141 4.38177 0.368196 18.6408
802.449 374.476 4.51451 0.193167 18.2052
713.288 543.882 4.17439 0.93981 18.158
802.449 526.05 4.55078 0.814851 17.8548
980.771 187.238 4.98659 -0.398119 17.3642
918.359 187.238 4.82906 -0.42419 17.2607
1025.35 213.987 5.00584 -0.247558 16.9187
971.855 356.644 4.85327 0.14404 16.8897
971.855 294.231 4.77356 0.000376388 16.5555
1087.76 303.148 4.99935 0.0353325 16.5108
677.624 196.154 3.8802 -1.03229 20.6529
668.708 320.98 3.93778 -0.165326 20.0776
641.96 294.231 3.43619 -0.64217 23.1205
802.449 303.148 4.61226 -0.213542 19.5589
606.295 427.973 3.13357 0.664154 22.7661
579.547 383.392 3.01001 0.263564 22.4309
249.651 463.637 2.31893 0.535814 17.9035
169.406 374.476 2.44085 0.222473 17.1279
231.819 517.134 2.38535 0.751551 17.7109
169.406 472.554 2.42162 0.557536 17.1686
499.302 249.651 1.03687 -1.71016 27.1638
526.05 240.735 1.77172 -1.45992 25.1427
597.379 178.322 3.06637 -1.43882 21.8367
579.547 294.231 2.43918 -0.914147 26.0007
543.882 285.315 1.48888 -1.12872 28.0669
178.322 320.98 2.47113 -0.00938931 17.1398
222.903 303.148 2.84094 0.0134661 16.6927
