1076.9 309.1 2.80447 1.05204 9.43367
1081.3 502.7 2.79479 1.17454 9.42078
1076.9 308.55 2.79921 1.05308 9.42549
1034.55 123.42 2.85029 0.88858 9.53872
1006.24 300.806 2.79835 1.03636 9.50306
1228.51 74.536 2.77779 0.961315 9.27345
1084.9 396.771 2.80531 1.1084 9.42774
1112.72 686.663 2.80339 1.28128 9.40425
1074.65 144.946 2.81804 0.937208 9.44848
1052.69 260.61 2.78428 1.02196 9.42705
1017.55 348.456 2.77447 1.07755 9.45359
1227.21 72.473 2.77666 0.961469 9.27215
1070.99 301.165 2.80204 1.04724 9.43509
1075.82 144.946 2.82559 0.933515 9.46132
1019.45 391.354 2.76875 1.10674 9.44508
1017.84 349.481 2.76019 1.08063 9.4312
1004.96 302.776 2.79393 1.03714 9.49596
1013.33 191.329 2.83513 0.940814 9.54601
1110.77 563.356 2.81176 1.21172 9.41827
1087.74 414.545 2.80405 1.12061 9.42321
1071.79 301.165 2.79491 1.04858 9.42466
1114.31 683.823 2.8017 1.28102 9.40063
1018.65 391.515 2.77242 1.10571 9.45089
1080.65 451.748 2.79418 1.14255 9.41875
1054.08 258.648 2.78378 1.02115 9.42595
1087.38 413.128 2.80147 1.12064 9.41959
1083.49 395.59 2.80355 1.10851 9.42563
1075.69 146.154 2.81984 0.935838 9.45266
1019.18 391.692 2.75704 1.10675 9.42343
1114.67 608.779 2.8082 1.23552 9.40693
1082.51 396.564 2.79488 1.10838 9.41415
1052.5 259.374 2.79817 1.01688 9.44928
1016.06 349.405 2.76405 1.07985 9.43891
1069.65 668.8 2.78463 1.27406 9.42227
1228.28 72.882 2.77138 0.963555 9.26548
1095.37 85.7436 2.80964 0.908495 9.41578
1016.28 348.976 2.76799 1.08007 9.4475
1082.3 396.135 2.80242 1.10862 9.42431
1035.14 530.538 2.82752 1.19297 9.51107
1075.22 146.193 2.81523 0.939085 9.44615
110.824 351.334 2.23474 1.10677 9.46358
108.466 153.267 2.22865 1.0049 9.44579
431.504 238.153 2.445 0.722076 10.7941
367.84 306.533 2.3353 0.766936 11.3864
473.948 290.028 2.5651 0.736256 11.2325
596.561 44.801 2.54785 0.767039 9.77775
374.914 134.403 2.34173 0.681702 10.3497
431.504 186.278 2.44142 0.646402 10.7244
103.75 664.941 2.24189 1.27257 9.47469
393.777 459.8 2.40224 1.13197 11.0951
681.447 278.238 3.04208 0.684767 11.205
749.828 245.227 3.18941 0.606721 11.1348
714.458 285.312 3.09862 0.709304 11.1211
933.747 66.0225 3.21146 0.486437 10.3263
794.628 398.493 3.77128 0.8498 12.2889
867.725 374.914 3.98559 0.772794 12.1576
436.22 568.266 2.50375 1.35147 11.113
452.726 568.266 2.53589 1.34773 11.0864
450.368 462.158 2.52968 1.12788 11.2518
469.232 455.084 2.57665 1.11261 11.2791
426.789 518.749 2.48033 1.25265 11.1259
452.726 504.601 2.54229 1.22413 11.1851
485.737 624.856 2.60977 1.46249 11.0974
476.306 672.015 2.59037 1.55744 11.075
495.169 518.749 2.62065 1.24751 11.1071
551.76 516.391 2.74198 1.24373 11.1027
514.033 547.044 2.65925 1.30353 11.0716
528.18 542.328 2.68573 1.29629 11.0784
495.169 565.908 2.62865 1.34833 11.1215
238.153 657.867 2.28896 1.29741 9.65054
662.583 653.152 2.9363 1.49378 10.905
702.669 650.794 3.03053 1.49923 10.9379
499.885 622.498 2.64683 1.46744 11.1315
730.964 554.118 2.98772 1.28031 10.6542
719.174 598.919 3.04975 1.38493 10.8891
778.123 594.203 3.34503 1.42824 11.3391
976.19 424.431 2.76987 1.12411 9.49555
848.861 664.941 3.29315 1.51191 10.8143
679.089 504.601 2.98954 1.20926 11.0013
497.527 377.272 2.62946 0.935996 11.2364
549.402 374.914 2.7463 0.922686 11.2409
525.822 414.999 2.69685 1.01607 11.2509
68.3805 209.857 2.21801 1.03785 9.4305
280.596 655.51 2.31822 1.3027 9.68607
596.561 594.203 2.82826 1.39258 11.0376
143.835 657.867 2.25672 1.27472 9.49956
820.566 532.896 3.48452 1.27308 11.3922
589.487 506.959 2.81375 1.21605 11.0591
780.481 511.675 3.65613 1.25214 12.13
502.243 285.312 2.63103 0.72072 11.2517
537.612 294.743 2.71339 0.739904 11.2539
502.243 334.829 2.63908 0.839511 11.2637
544.686 339.545 2.72758 0.849145 11.2205
129.687 414.999 2.24161 1.13952 9.48941
662.583 282.954 2.98134 0.700522 11.1543
700.311 297.101 3.07724 0.734433 11.155
697.953 341.902 3.05882 0.846561 11.1262
716.816 655.51 3.06166 1.51071 10.9474
412.641 547.044 2.45087 1.30718 11.123
61.3066 389.061 2.22499 1.13233 9.41882
106.108 403.209 2.23712 1.13595 9.45418
992.696 351.334 2.745 1.08178 9.43297
643.72 393.777 2.95141 0.962781 11.1781
648.436 400.851 2.96017 0.979858 11.1578
153.267 190.994 2.24147 1.00939 9.50367
113.182 504.601 2.24139 1.18858 9.46626
565.908 219.289 2.72929 0.61445 10.9939
613.066 216.931 2.85705 0.575721 11.1129
615.424 275.88 2.88214 0.696501 11.1805
610.709 367.84 2.87781 0.908371 11.1887
430.861 237.938 2.45 0.725411 10.817
368.697 306.533 2.33382 0.773517 11.3428
486.595 289.385 2.60919 0.720306 11.367
598.061 47.159 2.55167 0.770449 9.77331
372.984 132.903 2.3427 0.65844 10.4392
430.861 175.774 2.43361 0.660127 10.6231
735.251 310.82 3.14173 0.770275 11.0966
917.456 66.4513 3.19739 0.486535 10.35
760.974 158.626 3.11631 0.484306 10.8801
988.195 250.8 2.75952 1.01226 9.46231
754.543 422.287 3.31477 1.00791 11.4296
527.323 544.472 2.68948 1.29623 11.0887
495.169 565.907 2.62904 1.34714 11.1177
533.754 593.774 2.70672 1.40032 11.0797
413.713 546.615 2.45728 1.3128 11.2123
418 568.051 2.46691 1.35397 11.1349
441.579 621.641 2.50954 1.44937 11.0464
486.595 625.928 2.60305 1.45955 11.039
445.867 480.164 2.52527 1.17218 11.2192
501.6 623.784 2.64878 1.47152 11.1316
555.19 613.066 2.74397 1.43167 11.0381
520.892 645.22 2.67572 1.49664 11.0354
488.738 454.441 2.61595 1.10865 11.2679
495.169 518.749 2.62669 1.25101 11.1486
550.902 518.749 2.74056 1.24204 11.0889
681.661 606.636 2.90101 1.37104 10.6326
696.666 658.082 3.04261 1.52827 11.0303
240.082 658.082 2.28961 1.30061 9.67155
840.287 628.072 3.28079 1.43466 10.8246
866.01 675.231 3.229 1.49033 10.6181
728.82 555.19 3.07827 1.30503 10.9193
718.102 600.205 3.03705 1.38323 10.8509
778.123 595.918 3.39445 1.43962 11.4651
960.328 330.113 2.81512 1.04685 9.59127
690.236 465.159 3.07733 1.11922 11.2208
572.338 495.169 2.82434 1.19039 11.3188
975.333 426.574 2.78624 1.12344 9.52512
548.759 375.128 2.7463 0.922686 11.2409
525.179 415.856 2.69746 1.0187 11.2722
531.61 407.282 2.70181 0.99897 11.2112
670.943 293.672 3.00549 0.728325 11.1524
679.518 278.667 3.03513 0.690015 11.1794
696.666 342.974 3.05882 0.846561 11.1262
501.6 287.241 2.62925 0.722456 11.245
538.041 295.815 2.70489 0.747365 11.1939
501.6 336.543 2.63908 0.839511 11.2637
544.472 340.831 2.72701 0.845694 11.2186
649.507 400.851 2.96017 0.979858 11.1578
312.964 387.99 2.2176 0.957662 11.3814
748.113 516.605 3.13031 1.22616 10.9535
780.266 512.318 3.67753 1.25435 12.1895
143.62 297.959 2.24267 1.07328 9.49012
111.467 351.549 2.23408 1.1077 9.46594
113.61 505.887 2.23981 1.18973 9.47968
938.892 486.595 2.79344 1.1657 9.58961
130.759 173.631 2.23481 1.00658 9.46977
154.338 192.923 2.24036 1.00783 9.50399
130.759 415.856 2.23706 1.13929 9.50971
563.764 370.841 2.7779 0.913921 11.2163
610.923 368.697 2.87823 0.909328 11.1845
578.769 291.528 2.80428 0.730034 11.2083
570.195 336.543 2.76094 0.847393 11.0938
606.636 336.543 2.86219 0.836522 11.1775
398.708 587.343 2.43032 1.39348 11.1467
565.907 220.79 2.73624 0.609983 11.0306
613.066 218.646 2.83495 0.602956 11.0002
115.754 72.882 2.20751 0.929549 9.52648
51.4461 668.8 2.22972 1.266 9.42678
394.42 460.872 2.40614 1.12979 11.1261
398.708 495.169 2.42702 1.20365 11.1844
868.154 375.128 3.98559 0.772794 12.1576
251.385 38.9743 2.24338 0.780167 9.81901
551.487 276.718 2.74733 0.691715 11.2669
376.102 206.564 2.34681 0.65841 10.8698
430.667 237.744 2.44791 0.724923 10.806
368.308 305.949 2.33368 0.773944 11.3452
374.154 132.513 2.34276 0.659618 10.4289
646.974 274.769 2.95643 0.686445 11.1871
750.256 245.538 3.18941 0.606721 11.1348
783.384 37.0256 2.7196 0.755082 9.73715
459.897 543.692 2.54772 1.30236 11.0333
454.051 567.077 2.52908 1.34491 11.0274
192.923 658.666 2.25909 1.29776 9.6491
489.128 454.051 2.62291 1.10801 11.2982
539.795 518.359 2.71506 1.24387 11.0972
450.154 461.846 2.53134 1.12811 11.2549
452.102 504.718 2.55059 1.22594 11.3999
442.359 621.641 2.51175 1.44602 11.0157
483.282 621.641 2.60234 1.45916 11.077
481.333 650.872 2.59869 1.51579 11.0832
487.179 625.538 2.60169 1.46079 11.0282
557.333 623.59 2.75387 1.46043 11.0661
535.897 668.41 2.73566 1.57212 11.1862
697.641 619.692 2.99138 1.42183 10.8545
512.513 547.59 2.65833 1.30885 11.0944
532 530.051 2.6992 1.26892 11.0963
496.923 565.128 2.62213 1.34321 11.0684
689.846 465.743 3.01368 1.12996 10.9944
666.461 491.077 2.95042 1.17851 10.9451
600.205 512.513 2.82884 1.22635 11.0256
498.872 378.051 2.62946 0.935996 11.2364
549.538 374.154 2.7463 0.922686 11.2409
280.615 654.769 2.31689 1.29848 9.66302
728.82 555.384 3.09908 1.30968 10.9972
311.795 385.846 2.2149 0.947892 11.51
311.795 407.282 2.21396 0.993793 11.5902
680.102 278.667 3.03744 0.689038 11.1871
658.666 342.974 2.98818 0.845181 11.1923
691.795 344.923 3.05882 0.846561 11.1262
113.026 504.718 2.24074 1.18916 9.47246
502.769 286.461 2.63484 0.718423 11.2788
500.82 335.179 2.63172 0.84456 11.2241
543.692 339.077 2.72701 0.845694 11.2186
611.897 368.308 2.88328 0.908797 11.1974
132.513 173.436 2.23334 1.00373 9.49144
144.205 298.154 2.2437 1.07376 9.48171
68.2051 210.461 2.21751 1.03869 9.43207
62.359 389.743 2.22647 1.13298 9.4127
639.179 278.667 2.92978 0.700777 11.1615
606.051 335.179 2.87002 0.8344 11.2192
565.128 220.205 2.73624 0.609983 11.0306
613.846 218.256 2.84977 0.597107 11.0597
395.59 459.897 2.40883 1.12857 11.1796
483.282 428.718 2.58775 1.05556 11.1254
77.9487 128.615 2.2194 0.999596 9.42208
66.2564 606.051 2.22674 1.24029 9.45033
52.6154 668.41 2.23072 1.26583 9.42153
756.102 420.923 3.26348 1.01199 11.287
432.615 304 2.47801 0.757343 11.324
485.231 288.41 2.59803 0.729648 11.2776
457.949 321.538 2.54129 0.804606 11.3206
793.128 399.487 3.77128 0.8498 12.2889
756.102 294.256 3.21693 0.719131 11.1607
825.547 334.825 3.54099 0.752603 11.5111
460.606 543.869 2.55303 1.30625 11.1437
430.489 577.529 2.50927 1.39535 11.3544
446.433 480.093 2.51309 1.16993 11.1181
471.235 519.067 2.56903 1.25025 11.0998
552.727 517.296 2.73547 1.23969 11.0622
535.011 593.473 2.70089 1.39833 11.0525
442.89 620.046 2.51855 1.45392 11.0842
728.112 554.499 3.09908 1.30968 10.9972
194.872 659.021 2.25957 1.29869 9.65325
281.678 655.478 2.31689 1.29848 9.66302
550.956 373.799 2.7463 0.922686 11.2409
524.382 416.317 2.69685 1.01607 11.2509
841.492 625.361 3.3343 1.45459 10.9498
800.746 660.792 3.21873 1.5123 10.8854
848.578 680.279 3.27333 1.53386 10.7748
612.96 368.485 2.88328 0.908797 11.1974
517.296 283.45 2.66404 0.714955 11.239
538.555 295.851 2.70752 0.747271 11.2058
125.781 453.52 2.23747 1.16096 9.50789
671.422 294.079 3.0028 0.733501 11.1403
682.051 278.135 3.03591 0.689376 11.1732
47.8321 104.522 2.21225 0.996694 9.39773
474.778 290.536 2.56784 0.734311 11.2515
483.636 428.718 2.60071 1.05523 11.2196
398.601 540.326 2.42511 1.30108 11.1739
398.601 586.387 2.43174 1.4026 11.1997
72.634 255.105 2.22262 1.0638 9.42808
395.058 458.834 2.40804 1.12647 11.1826
400.373 494.266 2.41961 1.20295 11.1232
566.9 221.445 2.73941 0.610122 11.0468
166.527 86.8065 2.23499 0.92892 9.55054
77.9487 129.324 2.22167 1.00257 9.4116
752.914 391.515 3.17851 0.954535 11.0723
791.888 400.373 3.797 0.848292 12.3588
430.489 177.156 2.44063 0.618255 10.7983
807.832 373.799 3.67287 0.806224 11.944
846.806 400.373 3.9878 0.845829 12.3248
846.806 403.916 3.9878 0.845829 12.3248
761.771 161.212 3.06555 0.543924 10.733
529.697 47.8321 2.49281 0.765463 9.80682
735.198 311.795 3.15124 0.765616 11.1325
719.254 348.998 3.12214 0.856528 11.1471
403.916 317.109 2.41264 0.794796 11.3442
935.384 65.5478 3.21146 0.486437 10.3263
302.937 118.695 2.25244 0.699233 10.2713
751.142 246.247 3.19008 0.607994 11.1317
550.956 276.364 2.74703 0.694346 11.2619
373.799 132.867 2.34231 0.672347 10.389
501.352 625.361 2.66321 1.4852 11.2112
524.382 625.361 2.66778 1.44601 10.9472
517.296 648.391 2.68158 1.51773 11.1272
722.797 572.214 3.0632 1.34245 10.9178
719.254 598.788 3.08535 1.40241 11.0033
749.37 598.788 3.13106 1.39511 10.9462
784.318 37.0417 2.7144 0.762573 9.7173
458.995 544.352 2.54733 1.30122 11.0888
430.006 578.173 2.49842 1.38029 11.1857
531.468 467.048 2.69636 1.13346 11.0985
512.142 549.184 2.65833 1.30885 11.0944
534.689 547.573 2.69942 1.30366 11.0573
534.689 594.278 2.70089 1.39833 11.0525
710.235 661.92 3.04106 1.51755 10.917
573.342 613.604 2.80483 1.45115 11.1596
481.543 637.762 2.6022 1.49347 11.0918
557.237 669.972 2.75721 1.55308 11.0572
497.648 378.47 2.62826 0.934556 11.244
523.416 415.512 2.69746 1.0187 11.2722
194.872 658.699 2.2586 1.3012 9.66666
729.561 637.762 3.10113 1.48203 10.9825
782.708 679.635 3.20143 1.55649 10.9308
281.839 655.478 2.31645 1.29882 9.66534
318.881 653.867 2.34132 1.30313 9.70351
563.679 372.028 2.77041 0.917914 11.1924
861.623 674.804 3.29856 1.52198 10.7714
961.475 330.155 2.80513 1.048 9.57455
502.479 286.671 2.6362 0.715827 11.2939
537.91 296.334 2.71096 0.744483 11.2281
544.352 338.207 2.72647 0.844276 11.2115
650.646 401.017 2.96665 0.979891 11.1636
684.467 372.028 3.04441 0.912407 11.17
570.121 334.986 2.78705 0.834381 11.2217
658.699 343.039 2.97932 0.848695 11.1448
692.519 346.26 3.05788 0.853368 11.1446
125.62 454.164 2.23712 1.16101 9.51397
46.7048 104.683 2.21231 0.996742 9.39727
124.009 392.964 2.24081 1.12861 9.47486
132.062 173.935 2.23465 1.00626 9.47912
397.796 539.521 2.42167 1.29736 11.1296
64.4204 391.354 2.22346 1.1322 9.4283
615.215 220.64 2.84977 0.597107 11.0597
637.762 273.787 2.93871 0.680383 11.199
112.736 228.692 2.22628 1.03649 9.48351
156.219 194.872 2.24052 1.00747 9.52069
394.575 458.995 2.40671 1.12706 11.1551
37.0417 513.753 2.22165 1.19288 9.40907
77.3045 128.841 2.21974 1.00054 9.42268
752.108 391.354 3.17406 0.953717 11.0588
792.371 401.017 3.78408 0.855474 12.3417
420.343 219.029 2.43331 0.682501 10.857
431.617 239.966 2.45015 0.725119 10.8227
475.1 289.892 2.56784 0.734311 11.2515
455.774 322.102 2.52976 0.808 11.2631
806.866 373.638 3.67555 0.805898 11.9499
869.675 373.638 3.81159 0.811475 11.7874
734.393 310.828 3.1474 0.765827 11.1208
756.94 296.334 3.21693 0.719131 11.1607
935.706 66.0309 3.21201 0.487208 10.3202
916.38 67.6414 3.19096 0.486082 10.3426
368.807 305.997 2.33095 0.780423 11.2857
402.628 317.27 2.41263 0.795377 11.3375
373.638 133.672 2.34213 0.672522 10.3892
824.581 334.986 3.54099 0.752603 11.5111
562.068 127.23 2.66654 0.527332 10.6907
723.119 573.342 3.0632 1.34245 10.9178
719.898 599.11 3.10583 1.41047 11.0749
439.669 566.9 2.5093 1.35139 11.1141
494.427 518.584 2.61883 1.24622 11.0919
515.363 518.584 2.66489 1.24553 11.1162
452.553 505.7 2.52969 1.22179 11.1079
442.89 620.046 2.5191 1.45526 11.0906
550.794 373.638 2.7463 0.922686 11.2409
547.573 401.017 2.73587 0.985828 11.18
904.814 226.936 3.52561 0.562713 11.0102
824.288 335.279 3.5275 0.756248 11.4762
445.086 480.225 2.51161 1.17024 11.1176
449.479 461.192 2.52914 1.12712 11.2426
494.866 518.291 2.60977 1.24352 11.02
440.694 669.094 2.52152 1.55197 11.0913
556.358 670.558 2.75721 1.55308 11.0572
251.825 639.812 2.29311 1.29293 9.69817
194.725 658.845 2.26089 1.29866 9.64881
250.361 657.381 2.29704 1.29597 9.64724
641.276 459.727 2.99862 1.1039 11.3816
775.973 595.889 3.33255 1.42623 11.3093
550.502 424.589 2.75897 1.03524 11.2776
783.294 679.342 3.20143 1.55649 10.9308
256.218 639.812 2.29992 1.28768 9.66502
683.735 373.346 3.04441 0.912407 11.17
105.415 638.348 2.23588 1.26287 9.4983
633.955 409.948 2.92848 1.00117 11.158
670.558 294.284 3.01532 0.729615 11.1814
698.376 342.599 3.07074 0.846343 11.1379
579.784 292.82 2.80103 0.735091 11.1877
569.535 335.279 2.78705 0.834381 11.2217
606.137 335.279 2.873 0.830701 11.2238
544.645 339.671 2.72647 0.844276 11.2115
989.732 360.169 2.81297 1.07063 9.54611
405.556 654.453 2.44632 1.51257 11.0336
133.233 175.692 2.2353 1.00698 9.47427
792.078 401.163 3.78408 0.855474 12.3417
108.343 405.556 2.23664 1.1364 9.46198
595.889 161.051 6.9103 -6.40616 32.3437
112.736 228.4 2.22601 1.03601 9.48623
36.6025 515.363 2.22088 1.19312 9.41448
614.922 221.079 2.85509 0.596275 11.0776
395.307 459.727 2.40742 1.12622 11.1547
399.699 496.33 2.42252 1.20664 11.1678
474.368 289.892 2.56564 0.736152 11.2331
459.727 322.102 2.54401 0.805391 11.2909
806.719 374.81 3.67555 0.805898 11.9499
869.675 373.346 3.82115 0.807884 11.7973
758.404 143.482 3.03641 0.527151 10.6641
759.868 162.515 3.04602 0.557518 10.6759
528.54 48.3153 2.49043 0.771142 9.79265
751.083 245.969 3.19008 0.607994 11.1317
692.519 232.792 3.06782 0.57536 11.1863
367.489 305.997 2.33155 0.768742 11.3709
71.7409 570.999 2.22605 1.22328 9.46042
916.527 67.3486 3.19206 0.484679 10.3468
696.912 120.056 2.89119 0.52369 10.5887
364.561 209.366 2.3253 0.685925 10.7793
743.763 669.094 3.09652 1.52342 10.8761
442.158 620.778 2.52509 1.46198 11.1435
446.551 635.419 2.53225 1.48697 11.1151
452.407 506.579 2.53242 1.22394 11.1304
723.265 573.927 3.0632 1.34245 10.9178
475.833 584.176 2.59052 1.38394 11.1258
469.976 566.607 2.57621 1.35011 11.1233
730.586 540.253 3.0716 1.27125 10.8939
726.194 556.358 3.09908 1.30968 10.9972
710.089 663.237 3.04106 1.51755 10.917
547.573 401.163 2.73229 0.987225 11.1652
528.54 494.866 2.68633 1.19313 11.0707
540.253 518.291 2.71188 1.24161 11.0731
551.966 518.291 2.74071 1.24099 11.0955
530.004 588.568 2.72631 1.4075 11.2696
534.397 594.425 2.70174 1.39921 11.0607
553.43 594.425 2.75052 1.40148 11.094
505.115 622.243 2.64649 1.4543 11.0859
516.827 650.06 2.68158 1.51773 11.1272
459.727 622.243 2.56216 1.4688 11.171
481.689 638.348 2.60037 1.49315 11.0918
701.304 510.971 3.06971 1.22393 11.0878
897.094 227.601 3.51721 0.556911 11.0404
783.959 37.268 2.71584 0.75782 9.72313
791.945 400.631 3.81575 0.850042 12.4254
734.712 420.596 3.14484 1.0205 11.0943
640.211 380.666 2.94751 0.933389 11.185
689.458 399.3 3.03982 0.973113 11.1112
806.586 374.011 3.65529 0.80993 11.9019
870.474 374.011 3.81159 0.811475 11.7874
847.847 404.624 4.04788 0.841457 12.4517
775.973 596.288 3.33255 1.42623 11.3093
861.157 674.817 3.3001 1.5236 10.7758
954.327 358.039 2.79402 1.06986 9.56473
758.67 143.748 3.03298 0.530115 10.6546
733.381 311.454 3.1872 0.752904 11.2413
672.155 295.482 3.01452 0.730809 11.1803
825.22 335.412 3.54099 0.752603 11.5111
445.885 480.491 2.5174 1.17118 11.178
395.307 459.195 2.40671 1.12706 11.1551
399.3 496.463 2.42186 1.20722 11.1606
461.857 425.92 2.54499 1.04788 11.184
405.955 654.852 2.44632 1.51257 11.0336
397.969 589.633 2.42767 1.40002 11.1556
539.055 626.901 2.71673 1.46773 11.0819
505.78 690.789 2.65381 1.59433 11.0636
511.104 549.703 2.65491 1.30981 11.0802
105.149 637.549 2.23515 1.26377 9.50483
258.214 640.211 2.29952 1.28985 9.68012
195.657 658.845 2.2601 1.30012 9.65997
374.011 133.1 2.3428 0.664219 10.4192
338.074 25.289 2.31903 0.757832 9.81534
376.673 25.289 2.35287 0.760915 9.79769
529.738 46.585 2.49001 0.7727 9.78768
473.836 290.158 2.56564 0.736152 11.2331
368.687 306.13 2.33155 0.768742 11.3709
431.244 240.911 2.45329 0.716224 10.8788
580.316 292.82 2.81392 0.725765 11.2513
491.139 304.799 2.60537 0.767673 11.2398
535.062 279.51 2.70392 0.703779 11.2341
565.675 223.608 2.74478 0.607001 11.0741
614.922 222.277 2.85419 0.591493 11.0819
638.88 272.855 2.93967 0.680275 11.2004
254.221 43.923 2.24757 0.78809 9.81265
307.461 25.289 2.29147 0.75668 9.83218
533.731 464.519 2.69806 1.131 11.0969
463.188 549.703 2.5568 1.31061 11.1026
432.575 545.71 2.48919 1.30265 11.0794
440.561 568.337 2.51818 1.3581 11.1924
702.768 511.104 3.06971 1.22393 11.0878
654.852 516.428 2.96629 1.23656 11.0981
553.696 593.626 2.75052 1.40148 11.094
517.759 649.528 2.67027 1.50917 11.0526
460.526 507.111 2.54574 1.22209 11.0745
409.948 622.908 2.44965 1.45257 11.0318
443.223 620.246 2.52524 1.45935 11.1347
726.726 556.358 3.12181 1.31682 11.067
549.703 423.258 2.75572 1.03603 11.2543
536.393 374.011 2.71354 0.924699 11.2319
548.372 400.631 2.74798 0.984672 11.2546
572.33 513.766 2.83635 1.24172 11.3843
600.281 512.435 2.82002 1.22633 10.982
545.71 531.069 2.71444 1.26681 11.0203
710.754 541.717 3.03742 1.27807 10.9228
706.761 556.358 3.05672 1.31232 11.0014
250.47 39.93 2.24288 0.778583 9.82842
798.6 229.9 3.27061 0.584673 11.0409
784.08 37.51 2.71884 0.756907 9.72679
977.68 398.09 2.81962 1.09782 9.57452
748.99 372.68 3.18634 0.90691 11.1258
791.34 400.51 3.80498 0.849472 12.3909
871.2 373.89 3.82115 0.807884 11.7973
879.67 667.92 3.28361 1.49331 10.6611
954.69 358.16 2.79959 1.06913 9.5747
758.67 143.99 3.02327 0.539185 10.6288
915.97 67.76 3.19206 0.484679 10.3468
733.26 312.18 3.15048 0.767264 11.1345
751.41 245.63 3.18941 0.606721 11.1348
825.22 335.17 3.53164 0.751402 11.4808
445.28 377.52 2.50724 0.942921 11.2048
491.26 454.96 2.63004 1.11016 11.3139
562.65 377.52 2.77277 0.930412 11.2148
603.79 360.58 2.85041 0.894835 11.1383
522.72 417.45 2.6918 1.02228 11.2674
591.69 684.86 2.87142 1.62397 11.255
511.83 549.34 2.65491 1.30981 11.0802
37.51 515.46 2.22229 1.19249 9.40483
24.2 377.52 2.21498 1.12895 9.39352
105.27 637.67 2.23485 1.2638 9.50788
446.49 22.99 2.41583 0.752963 9.79446
528.77 47.19 2.4897 0.773432 9.7855
367.84 306.13 2.33198 0.770052 11.3668
537.24 297.66 2.71277 0.74357 11.2464
566.28 223.85 2.74478 0.607001 11.0741
615.89 222.64 2.86379 0.588198 11.1176
563.86 274.67 2.76872 0.689975 11.2291
307.34 24.2 2.29099 0.759801 9.82252
113.74 228.69 2.22826 1.03754 9.47607
533.61 463.43 2.70527 1.13076 11.1479
552.97 463.43 2.73381 1.12898 11.0663
516.67 519.09 2.66365 1.24541 11.106
431.97 544.5 2.48845 1.30125 11.0722
407.77 568.7 2.44628 1.35405 11.1486
424.71 488.84 2.47869 1.18966 11.2359
588.06 505.78 2.809 1.21564 11.0529
550.55 424.71 2.75572 1.03603 11.2543
727.21 554.18 3.13337 1.32035 11.1024
750.2 559.02 3.20332 1.3321 11.1458
611.05 545.71 2.8649 1.29857 11.0698
442.86 620.73 2.52524 1.45935 11.1347
427.13 654.61 2.49081 1.51998 11.0678
486.42 609.84 2.61061 1.43683 11.1112
517.88 649.77 2.67027 1.50917 11.0526
710.27 540.87 3.06626 1.28424 11.0185
528.77 494.89 2.6878 1.19375 11.0938
463.43 549.34 2.5568 1.31061 11.1026
475.53 543.29 2.5708 1.29309 11.0101
484 566.28 2.59235 1.34067 11.0374
698.17 502.15 3.02751 1.2013 10.9793
701.8 510.62 2.95999 1.2119 10.7405
551.76 373.89 2.76677 0.917 11.3233
540.87 400.51 2.72656 0.984578 11.2207
543.29 548.13 2.72154 1.3052 11.0744
650.98 400.51 2.96665 0.979891 11.1636
784.3 38.5 2.72247 0.75505 9.73653
689.7 470.8 3.04426 1.13544 11.0966
790.9 401.5 3.81575 0.850042 12.4254
872.3 374 3.86234 0.800506 11.8795
759 144.1 3.03225 0.532413 10.6539
757.9 155.1 3.03505 0.549147 10.6601
916.3 68.2 3.19206 0.484679 10.3468
672.1 295.9 2.98602 0.748641 11.0792
695.2 345.4 3.06778 0.847753 11.1579
751.3 246.4 3.19875 0.605212 11.1515
398.2 589.6 2.42983 1.40053 11.1708
37.4 515.9 2.22145 1.19301 9.41031
295.9 526.9 2.20127 1.28389 11.3734
529.1 46.2 2.48773 0.777294 9.7744
455.4 323.4 2.5303 0.807882 11.2756
427.9 229.9 2.44106 0.716098 10.7816
365.2 210.1 2.32585 0.683144 10.7963
506 335.5 2.64824 0.833432 11.2894
548.9 331.1 2.74562 0.817307 11.2724
565.4 224.4 2.75814 0.594467 11.1464
639.1 273.9 2.94694 0.675936 11.2294
312.4 305.8 2.20558 0.776546 11.3594
533.5 464.2 2.68635 1.1303 11.0294
463.1 550 2.5568 1.31061 11.1026
535.7 574.2 2.7135 1.36464 11.1231
551.1 424.6 2.75572 1.03603 11.2543
452.1 507.1 2.53242 1.22394 11.1304
473 520.3 2.58567 1.25673 11.2245
441.1 567.6 2.51818 1.3581 11.1924
533.5 595.1 2.71128 1.40686 11.112
652.3 402.6 2.96665 0.979891 11.1636
486.2 609.4 2.61061 1.43683 11.1112
729.3 517 3.0852 1.2284 10.9567
458.7 610.5 2.5525 1.43679 11.1323
667.7 424.6 3.00449 1.03255 11.1528
478.5 673.2 2.61049 1.58094 11.2055
598.4 359.7 2.8421 0.888621 11.1652
498.3 566.5 2.62112 1.33911 11.0327
690 470 3.03748 1.13617 11.075
758 144 3.01709 0.5453 10.6125
916 68 3.19612 0.48039 10.3568
665 276 2.99869 0.685396 11.1835
700 345 3.06353 0.852728 11.1068
793 229 3.29109 0.564381 11.1318
751 246 3.18947 0.60926 11.129
430 182 2.43699 0.633989 10.7385
529 46 2.48784 0.777359 9.77403
404 317 2.41363 0.795597 11.3266
365 210 2.32628 0.680762 10.8135
566 224 2.74972 0.603802 11.1044
616 224 2.85649 0.597168 11.0807
534 595 2.71128 1.40686 11.112
463 550 2.55263 1.3091 11.0699
729 516 3.09102 1.22933 10.9678
750 516 3.12363 1.22481 10.9308
407 611 2.45077 1.443 11.1429
441 610 2.51646 1.43843 11.1284
652 402 2.96665 0.979891 11.1636
