1240 496 -21.1969 -0.723547 2.37722
1112.8 492.7 -21.247 -0.724306 2.36815
1111.5 213.2 -21.2378 -0.823954 2.36189
1206.4 206.7 -21.1973 -0.815857 2.36795
1012.7 240.5 -21.3161 -0.835816 2.37067
1110.2 145.6 -21.2272 -0.845401 2.35493
1203.8 133.9 -21.191 -0.837684 2.36285
1056.9 188.5 -21.2629 -0.841013 2.35681
1199.9 689 -21.2211 -0.661101 2.38276
1029.6 538.2 -21.2859 -0.706421 2.36104
1167.4 395.2 -21.2267 -0.75801 2.37591
1192.1 371.8 -21.2048 -0.762882 2.3668
1071.46 490.1 -21.2629 -0.725054 2.36374
1106.95 214.63 -21.2385 -0.823823 2.36162
1189.76 236.6 -21.2072 -0.809254 2.36938
1064.7 251.81 -21.2585 -0.814909 2.35846
1088.36 297.44 -21.2475 -0.7952 2.36013
1054.56 282.23 -21.2656 -0.804837 2.35873
1120.47 106.47 -21.2199 -0.857087 2.35411
1044.42 60.84 -21.2587 -0.891109 2.34933
1101.88 572.91 -21.2482 -0.695771 2.3657
1174.55 549.25 -21.2263 -0.705977 2.3774
1240.46 581.36 -21.1986 -0.697505 2.37793
1100.19 665.86 -21.2731 -0.660369 2.38272
1164.41 640.51 -21.2275 -0.675756 2.37436
1052.87 586.43 -21.2796 -0.688078 2.36837
1066.39 544.18 -21.2687 -0.704942 2.36539
1037.66 527.28 -21.283 -0.710742 2.36323
1008.93 626.99 -21.3093 -0.669272 2.36694
1025.83 684.45 -21.305 -0.646731 2.37258
1071.46 645.58 -21.2927 -0.664595 2.38286
1025.83 632.06 -21.3085 -0.667845 2.37371
1125.54 422.5 -21.236 -0.748384 2.36584
1161.03 376.87 -21.2164 -0.763189 2.36524
1186.38 434.33 -21.2143 -0.743722 2.37311
1243.84 365.04 -21.1768 -0.761256 2.36201
1125.54 446.16 -21.2297 -0.740045 2.36199
1063.01 381.94 -21.2675 -0.765595 2.36142
1042.73 395.46 -21.2756 -0.761526 2.36007
1076.53 518.492 -21.2616 -0.714845 2.36443
1069.94 485.537 -21.2633 -0.726372 2.36358
1135.85 265.837 -21.2272 -0.801509 2.36458
1184.18 274.625 -21.2107 -0.797856 2.36972
1214.94 210.912 -21.1726 -0.804824 2.35005
1138.05 285.61 -21.2302 -0.797127 2.36857
1186.38 298.792 -21.2046 -0.786556 2.36496
1058.95 327.353 -21.2792 -0.790058 2.36822
1089.71 296.595 -21.2494 -0.795689 2.36198
1120.47 107.653 -21.2374 -0.864277 2.36563
1206.15 70.304 -21.1954 -0.861296 2.36691
1199.56 180.154 -21.2045 -0.826583 2.37138
1199.56 127.426 -21.1942 -0.841863 2.36337
1045.77 59.319 -21.2638 -0.894217 2.35201
1058.95 160.381 -21.2589 -0.851489 2.35646
1144.64 564.629 -21.2241 -0.700827 2.36405
1102.89 573.417 -21.2598 -0.695235 2.37374
1111.68 522.886 -21.2285 -0.713685 2.35565
1199.56 566.826 -21.2164 -0.701481 2.37744
1175.39 551.447 -21.226 -0.705593 2.37752
1102.89 665.691 -21.2648 -0.662067 2.37889
1153.42 637.13 -21.2575 -0.67284 2.39288
1223.73 674.479 -21.2233 -0.666255 2.39233
1192.97 667.888 -21.2147 -0.668833 2.37542
1065.54 551.447 -21.2804 -0.701619 2.37247
1010.62 628.342 -21.2978 -0.669726 2.36129
1089.71 648.115 -21.2736 -0.666705 2.37719
1021.6 643.721 -21.3183 -0.661598 2.377
1124.86 424.021 -21.2396 -0.748789 2.36821
1166.61 393.263 -21.2204 -0.757556 2.37069
1129.26 375.687 -21.2313 -0.764831 2.36382
1186.38 435.006 -21.2166 -0.743681 2.37418
1186.38 373.49 -21.1933 -0.76055 2.35674
1236.91 496.522 -21.1956 -0.723325 2.3754
1195.17 487.734 -21.2094 -0.725858 2.371
1061.15 419.627 -21.2644 -0.750926 2.3605
1054.56 448.188 -21.261 -0.740153 2.35587
1042.48 57.122 -21.2668 -0.895833 2.35387
1116.73 108.532 -21.232 -0.861788 2.36149
1105.31 77.1147 -21.2282 -0.868859 2.35434
1199.56 122.812 -21.1969 -0.84224 2.36617
1205.27 68.5464 -21.1905 -0.859209 2.3628
1071.04 251.337 -21.2579 -0.815241 2.36098
1071.04 208.495 -21.2509 -0.828627 2.35414
1022.48 642.622 -21.3152 -0.662325 2.37669
1122.45 422.703 -21.2454 -0.748503 2.37183
1093.89 425.559 -21.2275 -0.743916 2.3492
1056.76 322.739 -21.2677 -0.788384 2.36021
1088.17 648.335 -21.2764 -0.666748 2.37922
1156.72 625.486 -21.2319 -0.679739 2.37412
1165.29 391.286 -21.2181 -0.757405 2.36869
1039.62 162.798 -21.316 -0.871649 2.38117
1019.63 462.688 -21.2999 -0.737223 2.36726
1182.43 274.186 -21.2048 -0.796522 2.3647
1205.27 208.495 -21.1945 -0.814359 2.36514
1193.85 485.537 -21.2152 -0.726448 2.3765
1210.99 471.256 -21.1925 -0.730416 2.36474
1179.57 462.688 -21.2077 -0.733874 2.36492
1105.31 485.537 -21.2642 -0.727612 2.37724
1133.87 265.617 -21.2265 -0.801776 2.36385
1105.31 242.768 -21.2361 -0.812542 2.35873
1139.58 539.803 -21.2376 -0.707545 2.37318
1106.45 486.394 -21.246 -0.726598 2.3665
1128.73 438.126 -21.2354 -0.743052 2.3663
1061.9 419.561 -21.272 -0.751168 2.36437
1043.33 393.57 -21.2791 -0.763135 2.36314
1132.44 267.331 -21.2267 -0.801973 2.36331
1110.17 519.81 -21.2505 -0.714446 2.37036
1024.77 534.662 -21.3094 -0.706998 2.37257
1069.32 486.394 -21.2722 -0.727082 2.37003
1002.49 456.69 -21.3174 -0.739722 2.36686
1199.28 486.394 -21.2022 -0.726309 2.36712
1165.86 389.858 -21.2211 -0.758352 2.37097
1139.87 371.293 -21.2299 -0.764902 2.36464
1013.63 627.485 -21.32 -0.667284 2.37622
1206.7 207.924 -21.1937 -0.813788 2.36419
1117.59 148.517 -21.2256 -0.844193 2.35645
1206.7 70.5457 -21.191 -0.859902 2.36364
1058.18 323.025 -21.2602 -0.788133 2.35538
1058.18 282.183 -21.2616 -0.80327 2.35656
1091.6 297.034 -21.2488 -0.795253 2.36248
1191.85 233.915 -21.2057 -0.809065 2.36898
1042.59 390.971 -21.2736 -0.763831 2.3595
1177.74 434.413 -21.2009 -0.740188 2.36083
1168.09 386.145 -21.2235 -0.760683 2.37391
1003.98 622.658 -21.3053 -0.66804 2.36335
1008.8 521.295 -21.3232 -0.711102 2.37381
1148.78 622.658 -21.2375 -0.679636 2.37428
1100.51 569.563 -21.2603 -0.696934 2.3735
1100.51 207.553 -21.2434 -0.827842 2.36488
1177.74 275.128 -21.2085 -0.796701 2.36652
1116.92 432.965 -21.2646 -0.748093 2.38442
1110.65 489.438 -21.2428 -0.725595 2.36588
1129.47 558.462 -21.2382 -0.700231 2.37008
1098.1 564.737 -21.2743 -0.699832 2.38346
1135.75 545.912 -21.2273 -0.70897 2.36841
1073 514.538 -21.2341 -0.717136 2.34621
1116.92 119.222 -21.2281 -0.85976 2.35773
1047.9 144.322 -21.2756 -0.863924 2.36075
1003.35 326.292 -21.3035 -0.791364 2.35456
1027.82 318.135 -21.2686 -0.788493 2.35144
1117.55 432.337 -21.1825 -0.740405 2.32528
1117.55 375.236 -21.2248 -0.763305 2.35766
1117.55 554.697 -21.2404 -0.701121 2.36548
1035.98 171.303 -21.3842 -0.891412 2.41819
1109.39 334.449 -21.264 -0.783841 2.37685
1028.64 318.135 -21.2615 -0.787784 2.34584
1049.85 392.366 -21.2636 -0.761742 2.35503
657.479 455.993 -21.7208 -0.749869 2.30054
572.643 286.321 -21.883 -0.938345 2.24825
604.456 254.508 -22.3312 -1.09593 2.32635
562.038 371.157 -21.5946 -0.804756 2.20271
816.546 318.135 -21.5293 -0.843101 2.35716
689.292 307.53 -21.6351 -0.861168 2.30033
710.501 296.926 -21.6672 -0.87167 2.31904
858.964 509.016 -21.4606 -0.716486 2.36392
827.151 402.971 -21.4589 -0.781496 2.33265
774.128 434.784 -21.4754 -0.753668 2.31463
678.688 424.18 -21.7939 -0.786227 2.34326
933.196 243.903 -21.3566 -0.838009 2.35014
996.823 328.739 -21.2872 -0.789369 2.34662
625.665 381.762 -22.0261 -0.842536 2.31583
848.36 328.739 -21.4167 -0.812059 2.33866
774.128 265.112 -21.6032 -0.886996 2.35526
816.546 286.321 -21.5039 -0.851647 2.34704
816.546 381.762 -21.495 -0.788902 2.34961
763.524 392.366 -21.4628 -0.775919 2.29785
668.083 243.903 -21.8406 -0.968352 2.32771
615.061 434.784 -21.7603 -0.763947 2.25626
551.434 445.389 -22.6875 -0.796728 2.29151
342.607 203.933 -23.4854 -1.4377 1.76965
628.112 309.978 -21.9993 -0.93021 2.31954
440.494 154.989 -23.1175 -1.44711 2.01896
481.281 203.933 -23.6028 -1.50024 2.12598
611.798 522.068 -21.9882 -0.674904 2.2951
636.27 440.494 -21.8035 -0.771075 2.29262
856.517 334.449 -21.471 -0.809076 2.36105
750.472 293.663 -21.5707 -0.844987 2.32673
750.472 326.292 -21.5954 -0.842632 2.33694
848.36 203.933 -21.4197 -0.873851 2.33035
644.427 236.562 -21.7069 -0.941741 2.27442
905.461 350.764 -21.4214 -0.805401 2.3705
970.719 163.146 -21.3325 -0.87192 2.36508
921.775 212.09 -21.3642 -0.862807 2.35118
962.562 187.618 -21.3635 -0.869227 2.36898
709.685 473.124 -21.6874 -0.742972 2.32949
701.528 538.382 -21.6962 -0.681237 2.34221
774.944 432.337 -21.5281 -0.759272 2.33343
856.517 424.18 -21.3898 -0.753461 2.33361
913.618 522.068 -21.3362 -0.711897 2.33328
832.045 407.865 -21.4788 -0.775054 2.35242
734.157 440.494 -21.5499 -0.756198 2.31014
652.584 309.978 -21.6793 -0.869017 2.28588
652.584 334.449 -21.588 -0.82769 2.27491
978.877 546.539 -21.3394 -0.700249 2.36792
564.737 207.07 -23.9747 -1.63351 2.38319
489.438 144.322 -23.2544 -1.56796 2.12856
602.386 539.637 -21.937 -0.672925 2.28626
470.614 539.637 -23.0011 -0.597978 2.19061
420.415 407.865 -23.1581 -0.888022 2.0319
853.38 338.842 -21.4412 -0.810429 2.35065
721.608 307.468 -21.5523 -0.843044 2.3022
865.929 156.871 -21.4159 -0.90471 2.3453
696.508 200.795 -21.5864 -0.93289 2.28132
646.31 558.462 -21.8962 -0.652795 2.32834
734.157 577.286 -21.6103 -0.658331 2.3384
765.532 395.316 -21.4918 -0.779829 2.31832
771.807 432.965 -21.5195 -0.758685 2.32997
947.502 401.59 -21.2961 -0.761012 2.32897
671.409 338.842 -21.6851 -0.843575 2.2955
746.707 294.918 -21.5882 -0.863068 2.32798
658.859 445.514 -21.7913 -0.756135 2.31234
683.959 439.24 -21.8084 -0.772696 2.33962
608.66 407.865 -21.9255 -0.80578 2.28157
640.035 407.865 -21.8196 -0.798426 2.29846
577.286 589.836 -22.2197 -0.598281 2.29697
627.485 313.743 -21.7362 -0.866832 2.26714
922.403 207.07 -21.3822 -0.864866 2.36374
815.731 288.643 -21.5254 -0.856188 2.3552
564.737 207.553 -23.982 -1.63531 2.3961
347.53 202.726 -23.4142 -1.41613 1.78435
492.334 139.977 -22.924 -1.4499 2.13188
603.351 540.602 -22.0832 -0.664325 2.30849
429.586 588.871 -22.2994 -0.571979 2.10429
555.083 482.681 -22.1933 -0.721213 2.25645
608.178 444.066 -21.9609 -0.76934 2.29001
424.759 429.586 -23.1339 -0.841181 2.04651
695.06 91.7094 -22.6336 -1.48976 2.48882
699.887 202.726 -21.6907 -0.956522 2.31487
994.322 333.05 -21.2526 -0.780126 2.32757
965.362 188.246 -21.3473 -0.869217 2.36301
830.211 598.524 -21.5081 -0.658964 2.36685
897.786 608.178 -21.4205 -0.665565 2.36882
892.959 410.279 -21.3751 -0.767523 2.34627
772.289 395.798 -21.5157 -0.782322 2.33044
975.015 545.429 -21.344 -0.700754 2.37231
946.054 613.005 -21.3609 -0.668379 2.36625
979.842 395.798 -21.324 -0.765695 2.36084
767.462 250.994 -21.5713 -0.888996 2.33907
695.06 318.569 -21.6484 -0.852743 2.30685
448.893 555.083 -23.1071 -0.571423 2.12054
661.273 439.24 -21.7358 -0.762726 2.30282
699.887 444.066 -21.7144 -0.762043 2.33227
661.273 477.854 -21.7826 -0.734083 2.314
680.58 487.508 -21.7271 -0.723897 2.32188
970.188 96.5362 -21.3039 -0.893934 2.34393
801.25 390.971 -21.4798 -0.783485 2.33737
849.518 415.105 -21.4549 -0.76927 2.35568
584.044 390.971 -22.0114 -0.833238 2.26487
617.831 362.011 -21.9113 -0.851344 2.28716
588.871 419.932 -22.2382 -0.818152 2.29784
608.178 415.105 -21.9711 -0.805777 2.29043
970.188 299.262 -21.2833 -0.799486 2.33345
844.691 526.122 -21.4422 -0.704975 2.34923
815.731 318.569 -21.4896 -0.829034 2.34497
796.423 357.184 -21.4201 -0.791544 2.30592
738.502 458.547 -21.5681 -0.743367 2.32463
724.021 337.877 -21.6166 -0.837172 2.3232
752.982 328.223 -21.5735 -0.835 2.32946
569.563 613.005 -22.2296 -0.563163 2.28741
550.256 593.697 -22.2791 -0.580351 2.26893
559.91 622.658 -21.9811 -0.583257 2.25823
497.533 137.378 -22.9005 -1.44586 2.14439
349.015 204.211 -23.4193 -1.41988 1.79485
430.7 590.356 -23.2278 -0.479993 2.09049
694.318 89.1103 -22.8543 -1.58232 2.5407
746.299 92.8232 -23.0845 -1.69466 2.73027
742.586 582.93 -21.6129 -0.66406 2.34051
738.873 590.356 -21.6065 -0.654129 2.33856
646.05 297.034 -21.7937 -0.897947 2.29151
694.318 319.312 -21.6708 -0.856515 2.31454
668.327 352.728 -21.7038 -0.834901 2.29794
575.504 586.643 -22.2098 -0.59587 2.29714
608.92 601.495 -22.0668 -0.595932 2.31792
631.198 315.599 -21.8976 -0.899906 2.29522
586.643 337.877 -22.0779 -0.900095 2.27041
534.662 542.088 -22.3428 -0.644775 2.24709
501.245 575.504 -22.5406 -0.581269 2.20982
534.662 568.078 -22.4054 -0.606334 2.25347
816.844 323.025 -21.5071 -0.83065 2.35226
850.261 345.302 -21.3843 -0.79671 2.32518
664.614 438.126 -21.7295 -0.76601 2.30406
701.744 441.839 -21.6354 -0.75712 2.30855
664.614 475.255 -21.7935 -0.732355 2.31501
705.457 271.044 -21.6522 -0.890807 2.31309
920.806 204.211 -21.359 -0.86207 2.34801
426.987 430.7 -23.4716 -0.853961 2.04461
801.993 393.57 -21.4758 -0.781395 2.33476
586.643 389.858 -22.0467 -0.833438 2.27197
620.059 367.58 -21.9142 -0.851942 2.28987
608.92 419.561 -21.996 -0.800263 2.29553
742.586 464.116 -21.5867 -0.744387 2.33086
686.892 612.633 -21.7475 -0.622563 2.33378
679.466 631.198 -21.7123 -0.60854 2.31901
698.031 434.413 -21.7397 -0.76697 2.32941
991.352 77.9715 -21.2758 -0.889402 2.3391
638.624 556.939 -21.8915 -0.659644 2.32043
969.075 300.747 -21.3207 -0.808187 2.35371
776.002 434.413 -21.5305 -0.75945 2.33301
501.245 586.643 -22.7332 -0.544364 2.2305
560.652 623.772 -22.1126 -0.561978 2.27031
969.075 181.934 -21.3221 -0.862325 2.35114
746.299 289.608 -21.6091 -0.867401 2.33492
724.021 337.877 -21.5837 -0.830289 2.31398
753.725 326.738 -21.5527 -0.830982 2.32502
496.961 137.093 -22.9198 -1.45133 2.14476
271.329 62.8342 -22.5324 -1.38756 1.7643
476.969 211.351 -23.8718 -1.56169 2.10277
485.537 548.371 -22.926 -0.597258 2.19606
431.271 571.22 -23.1144 -0.530253 2.08183
702.601 317.027 -21.6065 -0.845843 2.29859
676.896 328.451 -21.7146 -0.852925 2.30244
679.752 559.796 -21.7216 -0.666775 2.32115
582.644 425.559 -22.0554 -0.795123 2.27136
776.859 479.825 -21.5291 -0.730754 2.33791
682.608 485.537 -21.7187 -0.725419 2.31945
722.593 302.747 -21.6016 -0.85629 2.31495
719.737 342.732 -21.5437 -0.818965 2.29576
665.471 436.983 -21.7528 -0.76763 2.30952
696.888 431.271 -21.7208 -0.771359 2.32978
554.083 502.674 -22.2691 -0.707898 2.26515
568.364 545.515 -22.2503 -0.646014 2.28759
602.637 539.803 -22.016 -0.665591 2.30021
625.486 576.932 -21.8897 -0.639009 2.30514
851.118 408.422 -21.445 -0.769504 2.35144
608.349 602.637 -21.9944 -0.60107 2.30679
554.083 639.766 -22.0262 -0.551961 2.2508
971.074 299.89 -21.32 -0.80855 2.35335
928.232 462.688 -21.3599 -0.737791 2.3553
808.276 525.522 -21.5051 -0.702663 2.35076
845.405 522.666 -21.4859 -0.705339 2.36959
828.269 585.5 -21.5034 -0.666949 2.36329
779.715 394.142 -21.4938 -0.780355 2.32426
991.067 454.12 -21.3152 -0.73979 2.36111
951.081 628.342 -21.3394 -0.664816 2.35813
996.779 642.622 -21.3324 -0.659677 2.37368
842.549 654.047 -21.4694 -0.631416 2.36037
928.232 528.378 -21.3677 -0.707163 2.36062
771.147 659.759 -21.5872 -0.609919 2.35758
571.22 208.495 -23.4507 -1.48556 2.36109
942.513 396.998 -21.3151 -0.763601 2.33941
976.786 394.142 -21.3435 -0.766878 2.37105
908.24 354.156 -21.3608 -0.789043 2.34432
736.874 525.522 -21.5875 -0.698052 2.32948
982.498 574.076 -21.3214 -0.69038 2.36151
899.671 402.71 -21.3805 -0.768202 2.3501
936.801 262.761 -21.3486 -0.830105 2.35046
442.695 134.237 -23.074 -1.50217 2.02151
434.127 165.654 -23.1413 -1.44463 2.00934
211.351 351.3 -21.8851 -0.82097 1.89903
968.218 179.934 -21.3221 -0.862325 2.35114
500.916 138.411 -22.9359 -1.46172 2.15546
272.428 63.713 -22.5752 -1.40427 1.7556
993.044 454.779 -21.3229 -0.740462 2.36606
977.665 406.445 -21.3241 -0.761534 2.35955
951.301 628.342 -21.3594 -0.662124 2.36695
982.059 542.659 -21.3393 -0.702173 2.3705
703.04 441.597 -21.6448 -0.758485 2.31674
731.601 424.021 -21.6156 -0.770718 2.3292
654.706 395.46 -21.8098 -0.807505 2.30739
667.888 437.203 -21.7355 -0.767043 2.30748
696.449 430.612 -21.7164 -0.771709 2.32834
911.755 507.507 -21.3934 -0.717443 2.36359
883.194 360.308 -21.3949 -0.790525 2.34802
795.314 397.657 -21.4636 -0.776519 2.32494
850.239 408.642 -21.4413 -0.769366 2.34951
755.768 672.282 -21.5898 -0.601311 2.34635
683.267 630.539 -21.7425 -0.607772 2.33039
643.721 667.888 -21.7912 -0.566929 2.31167
681.07 560.235 -21.7455 -0.66506 2.32714
891.982 606.372 -21.4185 -0.666279 2.3649
902.967 665.691 -21.4012 -0.638452 2.36445
916.149 667.888 -21.3882 -0.639078 2.36383
865.618 608.569 -21.4448 -0.661023 2.36143
878.8 522.886 -21.4256 -0.708384 2.35948
931.528 529.477 -21.3699 -0.707098 2.36194
806.299 527.28 -21.5041 -0.70265 2.3497
828.269 586.599 -21.5052 -0.667245 2.36382
830.466 599.781 -21.497 -0.659812 2.36204
962.286 136.214 -21.3164 -0.879987 2.34577
971.074 296.595 -21.3153 -0.808171 2.35098
955.695 257.049 -21.3203 -0.826798 2.34564
746.98 94.471 -22.775 -1.55793 2.64989
913.952 134.017 -21.3307 -0.886191 2.33055
876.603 50.531 -21.3698 -0.943361 2.32646
804.102 41.743 -22.4947 -1.54645 2.66705
645.918 305.383 -21.8291 -0.895067 2.2988
703.04 316.368 -21.6632 -0.856835 2.3158
738.192 202.124 -21.578 -0.925383 2.31633
755.768 248.261 -21.5676 -0.892316 2.32551
828.269 303.186 -21.5042 -0.842294 2.35688
790.92 358.111 -21.4891 -0.802179 2.32923
852.436 347.126 -21.4957 -0.814093 2.37099
938.119 263.64 -21.3443 -0.828909 2.34897
487.734 360.308 -23.2677 -1.02042 2.17302
476.749 413.036 -23.2218 -0.890103 2.16245
553.644 505.31 -22.2726 -0.698345 2.26723
588.796 395.46 -22.0487 -0.829021 2.27693
617.357 373.49 -21.8513 -0.836346 2.28026
531.674 432.809 -22.4145 -0.803836 2.23648
452.582 601.978 -23.1706 -0.465129 2.13893
577.811 656.903 -21.9853 -0.542518 2.27781
536.068 615.16 -22.217 -0.556111 2.24957
639.327 549.25 -21.8821 -0.664055 2.31657
432.809 166.972 -23.5222 -1.5721 1.98531
485.537 169.169 -23.5634 -1.59172 2.12273
474.552 213.109 -23.5414 -1.46165 2.10194
402.051 232.882 -23.7444 -1.43722 1.90971
573.417 208.715 -23.4705 -1.49227 2.37152
551.447 375.687 -22.2736 -0.881745 2.25405
749.177 456.976 -21.5514 -0.744941 2.32531
584.402 331.747 -22.1264 -0.91658 2.27683
584.402 342.732 -22.106 -0.89908 2.27475
709.631 224.094 -21.6279 -0.921177 2.30824
676.676 450.385 -21.7333 -0.755665 2.31735
685.464 358.111 -21.7213 -0.831918 2.3157
998.79 512.07 -21.3269 -0.71622 2.3711
975.13 407.29 -21.3224 -0.761199 2.35831
948.09 628.68 -21.367 -0.661398 2.37026
961.61 674.31 -21.3596 -0.641606 2.37291
946.4 537.42 -21.3542 -0.703111 2.36185
782.47 393.77 -21.4962 -0.781603 2.32816
711.49 371.8 -21.6346 -0.811202 2.3177
694.59 430.95 -21.69 -0.770363 2.321
885.56 444.47 -21.3978 -0.746866 2.35076
931.19 461.37 -21.3594 -0.737953 2.35651
809.51 523.9 -21.5049 -0.704185 2.35152
861.9 503.62 -21.4374 -0.717919 2.35573
909.22 359.97 -21.3707 -0.787756 2.35085
795.99 429.26 -21.4208 -0.752722 2.31137
848.38 408.98 -21.4532 -0.770476 2.35298
733.46 632.06 -21.6239 -0.622249 2.34136
669.24 684.45 -21.7403 -0.564674 2.32128
679.38 559.39 -21.7273 -0.666939 2.322
652.34 601.64 -21.8393 -0.620166 2.32442
900.77 628.68 -21.3964 -0.656581 2.35932
934.57 611.78 -21.3731 -0.667662 2.36671
902.46 664.17 -21.407 -0.638173 2.36777
851.76 638.82 -21.4665 -0.641738 2.36592
890.63 530.66 -21.3845 -0.704421 2.34833
961.61 136.89 -21.3188 -0.881022 2.34736
970.06 179.14 -21.3238 -0.863729 2.35331
970.06 103.09 -21.303 -0.891185 2.34295
985.27 317.72 -21.3121 -0.798751 2.35695
992.03 338 -21.3033 -0.787781 2.35477
964.99 212.94 -21.3147 -0.844902 2.34744
746.98 96.33 -22.9393 -1.62867 2.6956
689.52 91.26 -22.9624 -1.62814 2.55935
762.19 312.65 -21.5359 -0.839479 2.3248
703.04 316.03 -21.6563 -0.856762 2.31396
716.56 219.7 -21.6091 -0.921383 2.30885
929.5 317.72 -21.3532 -0.805738 2.35077
817.96 300.82 -21.5173 -0.845586 2.35613
811.2 324.48 -21.4919 -0.825691 2.34274
851.76 348.14 -21.4223 -0.800235 2.34147
603.33 415.74 -21.9836 -0.7994 2.28812
530.66 436.02 -22.4388 -0.806403 2.2396
446.16 611.78 -23.3105 -0.426993 2.12961
468.13 569.53 -22.9109 -0.556487 2.16425
576.29 657.41 -22.0038 -0.541297 2.27934
554.32 677.69 -22.1191 -0.497585 2.26669
637.13 549.25 -21.8788 -0.66545 2.31526
539.11 527.28 -22.247 -0.668901 2.24672
432.64 167.31 -23.4801 -1.55302 1.9848
473.2 212.94 -23.9343 -1.5724 2.09696
354.9 201.11 -23.4149 -1.42217 1.79891
574.6 207.87 -23.4565 -1.48871 2.37093
212.94 354.9 -21.917 -0.824429 1.89266
583.05 344.76 -22.0384 -0.887432 2.26503
368.42 532.35 -23.6762 -0.581207 1.89639
652.34 469.82 -21.8193 -0.741681 2.31282
682.76 479.96 -21.721 -0.731998 2.32086
703.04 476.58 -21.6555 -0.732491 2.32028
638.82 359.97 -21.8429 -0.844216 2.2965
616.85 395.46 -21.9375 -0.820135 2.29395
599.95 608.4 -22.0224 -0.593264 2.3021
748.67 332.93 -21.5924 -0.83458 2.3349
725.01 341.38 -21.6276 -0.833308 2.32655
414.05 513.76 -23.7439 -0.636951 2.01375
845 654.03 -21.4782 -0.631251 2.36498
664.17 387.01 -21.7876 -0.814177 2.31293
603.33 446.16 -21.9956 -0.769639 2.29083
633.75 449.54 -21.8348 -0.758911 2.29705
414.05 452.92 -23.7573 -0.807097 1.99668
743.6 584.74 -21.628 -0.656879 2.34904
655.72 436.02 -21.7607 -0.768418 2.30204
586.43 648.96 -21.9844 -0.552251 2.28392
537.42 616.85 -22.1841 -0.560774 2.24509
466.44 454.61 -23.1838 -0.789785 2.1443
684.45 638.82 -21.7479 -0.597976 2.33634
275.6 66.3 -22.737 -1.4693 1.72185
689 92.3 -22.926 -1.61049 2.55339
989.3 393.9 -21.3133 -0.766029 2.35847
998.4 692.9 -21.3324 -0.638674 2.37516
757.9 527.8 -21.5168 -0.698514 2.32267
767 419.9 -21.5427 -0.768831 2.33309
686.4 369.2 -21.6777 -0.817228 2.30803
695.5 430.3 -21.7234 -0.772963 2.32921
906.1 478.4 -21.3773 -0.730237 2.35179
912.6 507 -21.3784 -0.716875 2.35594
829.4 451.1 -21.5244 -0.750936 2.37066
904.8 400.4 -21.3811 -0.768788 2.35279
947.7 396.5 -21.3162 -0.764017 2.34098
795.6 397.8 -21.4851 -0.777785 2.33219
848.9 408.2 -21.4523 -0.770497 2.35214
642.2 691.6 -21.756 -0.554798 2.3025
678.6 559 -21.7367 -0.665934 2.32341
689 607.1 -21.744 -0.626709 2.33636
932.1 530.4 -21.3622 -0.706843 2.35966
890.5 604.5 -21.4139 -0.666173 2.36323
826.8 586.3 -21.5185 -0.667027 2.3686
770.9 182 -21.5479 -0.930179 2.33017
738.4 36.4 -22.6201 -1.59911 2.5787
748.8 96.2 -22.7917 -1.56223 2.65666
807.3 41.6 -22.5925 -1.59555 2.70757
724.1 301.6 -21.6171 -0.862079 2.31895
665.6 347.1 -21.8006 -0.853186 2.31584
852.8 349.7 -21.4223 -0.800235 2.34147
928.2 244.4 -21.3521 -0.840833 2.34895
859.3 193.7 -21.401 -0.878619 2.33237
474.5 371.8 -23.0551 -0.967814 2.14554
638.3 548.6 -21.8785 -0.665636 2.31501
474.5 214.5 -23.9894 -1.58291 2.09364
575.9 208 -23.4436 -1.48401 2.37566
214.5 354.9 -21.9103 -0.822669 1.89425
653.9 469.3 -21.8068 -0.743401 2.31139
340.6 486.2 -23.4804 -0.700672 1.83342
228.8 458.9 -21.8919 -0.725801 1.9223
236.6 471.9 -21.905 -0.715611 1.92892
692.9 319.8 -21.6849 -0.857929 2.31253
598 539.5 -22.0318 -0.665861 2.29673
435.5 512.2 -23.2576 -0.654793 2.08661
430.3 406.9 -23.6178 -0.929983 2.03372
679.9 482.3 -21.7139 -0.728775 2.31609
604.5 445.9 -22.0108 -0.770072 2.29459
633.1 451.1 -21.7997 -0.756937 2.28984
579.8 594.1 -22.1488 -0.593921 2.29447
744.9 477.1 -21.5704 -0.732269 2.32844
617.5 396.5 -21.9078 -0.815567 2.28816
581.1 322.4 -22.1644 -0.935196 2.27647
556.4 474.5 -22.2783 -0.741337 2.26738
555.1 508.3 -22.2504 -0.696876 2.26594
382.2 496.6 -23.8528 -0.676517 1.91143
590.2 425.1 -22.0337 -0.793839 2.27975
535.6 583.7 -22.3774 -0.580342 2.25664
884 626.6 -21.4164 -0.655004 2.3599
900.9 629.2 -21.3967 -0.656618 2.36018
900.9 646.1 -21.3973 -0.648248 2.3604
846.3 653.9 -21.4716 -0.632691 2.36266
855.4 655.2 -21.4558 -0.635111 2.36154
772.2 366.6 -21.5405 -0.802355 2.33381
782.6 393.9 -21.4967 -0.782177 2.32871
973.7 296.4 -21.3151 -0.808482 2.35139
925.6 690.3 -21.3871 -0.629479 2.36937
647.4 305.5 -21.8224 -0.895983 2.30009
451.1 599.3 -23.2704 -0.45707 2.13471
900.9 507 -21.4089 -0.717754 2.36538
878.8 523.9 -21.4176 -0.707589 2.35802
742.3 595.4 -21.621 -0.648935 2.34686
703.3 315.9 -21.6786 -0.861555 2.32144
505.7 438.1 -22.7288 -0.809497 2.21158
936 656.5 -21.3855 -0.646423 2.37312
656.5 435.5 -21.9196 -0.779222 2.33696
668.2 630.5 -21.7966 -0.59969 2.33039
808.6 302.9 -21.5272 -0.846741 2.35373
990 393 -21.3232 -0.767425 2.36423
983 542 -21.3235 -0.702819 2.36284
948 540 -21.3434 -0.703001 2.35644
738 36 -22.5684 -1.57325 2.5653
812 323 -21.521 -0.831558 2.35341
598 540 -22.009 -0.666179 2.29297
550 377 -22.1495 -0.859661 2.23849
531 388 -22.3683 -0.866917 2.22849
703 476 -21.6916 -0.734012 2.33018
493 585 -22.5917 -0.558215 2.20416
583 624 -22.0843 -0.565728 2.29284
578 657 -22.0068 -0.540551 2.27966
538 356 -22.3825 -0.91688 2.23549
503 400 -22.6035 -0.866072 2.19516
714 222 -21.6014 -0.916479 2.30485
562 382 -22.2207 -0.862596 2.26167
557 474 -22.2672 -0.741274 2.26643
540 528 -22.2518 -0.66695 2.24797
485 493 -23.0678 -0.707264 2.18829
637 549 -21.8779 -0.665931 2.31456
600 608 -22.0398 -0.589493 2.30571
663 540 -21.7581 -0.680183 2.31433
611 599 -21.9935 -0.604692 2.3094
735 205 -21.572 -0.921046 2.31273
713 310 -21.621 -0.855732 2.31274
885 627 -21.4033 -0.6566 2.35461
901 629 -21.395 -0.656885 2.35917
776 476 -21.5149 -0.731846 2.33222
473 552 -23.1171 -0.578402 2.1744
748 183 -21.5625 -0.935079 2.31696
749 332 -21.5483 -0.827372 2.32007
725 341 -21.6025 -0.8293 2.31889
668 630 -21.7853 -0.60141 2.32802
851 639 -21.4575 -0.642947 2.36115
695 430 -21.7268 -0.773253 2.32984
713 427 -21.6566 -0.772066 2.32722
620 674 -21.8229 -0.556161 2.29456
519 457 -22.4676 -0.768471 2.22389
749 590 -21.5888 -0.656239 2.34059
752 421 -21.5631 -0.768487 2.32871
729 425 -21.5541 -0.765541 2.31081
665 347 -21.7318 -0.842488 2.30042
707 564 -21.7112 -0.664978 2.34154
803 387 -21.4866 -0.785151 2.33768
726 266 -21.59 -0.881255 2.31217
619 327 -21.8879 -0.884105 2.28291
634 350 -21.8548 -0.857353 2.29385
888 150 -21.3801 -0.895518 2.33865
783 420 -21.5 -0.76622 2.33059
636 628 -21.8845 -0.589918 2.31781
991 508 -21.3137 -0.716681 2.36039
