1009 664 -1.48968 -0.294467 3.739
1014 84 -2.43831 -1.15283 4.03017
1154 369 -2.29523 -0.643322 4.2448
1210 386 -2.20485 -0.612747 4.28778
1205 372 -2.16153 -0.629686 4.25496
1127 203 -3.40838 -1.25902 4.70596
1219 344 -2.2756 -0.691669 4.34194
1203 349 -2.20054 -0.666469 4.27187
1225 357 -2.18565 -0.658736 4.29739
1024 437 -2.30724 -0.509665 4.04474
1068 559 -1.50341 -0.378312 3.7828
1097 425 -2.93438 -0.587572 4.4559
1186 460 -1.75126 -0.477003 4.00759
1068 426 -3.05174 -0.585264 4.43679
1184 449 -1.77958 -0.488647 4.02049
1193 192 -3.2508 -1.26009 4.80941
1093 156 -2.9954 -1.23218 4.42069
1001 434.2 -1.37776 -0.461084 3.67682
1158.3 507 -1.78479 -0.422667 4.00022
1098.5 425.1 -3.04998 -0.595376 4.50797
1068.6 425.1 -3.00077 -0.581003 4.4146
1205.1 564.2 -1.76464 -0.369513 4.04356
1051.7 455 -3.04744 -0.511744 4.39871
1036.1 458.9 -2.55614 -0.482251 4.1686
1142.7 527.8 -1.80393 -0.39824 3.99307
1241.5 362.7 -2.25388 -0.662836 4.36447
1240.2 361.4 -2.25034 -0.667726 4.36132
1245.4 322.4 -2.17539 -0.712398 4.31997
1055.6 373.1 -3.36946 -0.74893 4.52705
1030.9 409.5 -2.25341 -0.549266 4.03251
1150.5 234 -3.89912 -1.31346 5.02491
1127.1 202.8 -3.40838 -1.25902 4.70596
1220.7 344.5 -2.24769 -0.685439 4.32697
1089.4 245.7 -4.10407 -1.30231 4.90578
1090.7 201.5 -3.50486 -1.27709 4.65052
1054.3 217.1 -3.64976 -1.25749 4.59198
1203.8 185.9 -3.10544 -1.23338 4.75775
1218.1 126.1 -2.0506 -0.961688 4.19168
1006.2 176.8 -3.21871 -1.22541 4.29052
1047.8 154.7 -2.92367 -1.19722 4.28551
1176.5 586.3 -1.70997 -0.346416 3.98494
1184.3 587.6 -1.75961 -0.343456 4.01976
1183 687.7 -1.71633 -0.247342 4.00369
1008.8 664.3 -1.49775 -0.293327 3.73991
1158.3 380.9 -2.2987 -0.621294 4.25502
1201.2 518.7 -1.74548 -0.416081 4.02455
1021.8 488.8 -1.41633 -0.42521 3.70886
1038.7 85.8 -2.52681 -1.19137 4.10469
1132.3 473.2 -1.8091 -0.457351 3.98128
1221.87 493.48 -1.7389 -0.444421 4.04218
1049.49 398.84 -3.1081 -0.651373 4.40671
1049.49 376.87 -3.64229 -0.762135 4.62161
1159.34 456.3 -1.79938 -0.476988 4.00485
1149.2 456.3 -1.8291 -0.478255 4.00908
1030.9 408.98 -2.29253 -0.553604 4.04465
1167.79 256.88 -4.24965 -1.32828 5.2774
1115.4 265.33 -4.55025 -1.34723 5.21318
1135.68 282.23 -4.76125 -1.33605 5.40089
1225.25 354.9 -2.21136 -0.663898 4.31142
1088.36 245.05 -4.10407 -1.30231 4.90578
1054.56 216.32 -3.73797 -1.28315 4.62922
1189.76 187.59 -3.2152 -1.26001 4.7837
1211.73 128.44 -2.84109 -1.27837 4.62921
1014 82.81 -2.51213 -1.17917 4.04787
1005.55 177.45 -3.27197 -1.24374 4.31179
1090.05 155.48 -2.97328 -1.22398 4.40597
1174.55 586.43 -1.71608 -0.34579 3.98595
1122.16 572.91 -1.83879 -0.345533 3.99202
1122.16 664.17 -1.83772 -0.244927 4.00035
1226.94 654.03 -1.83767 -0.266648 4.12153
1066.39 557.7 -1.50561 -0.379084 3.78099
1161.03 361.66 -2.38015 -0.664777 4.29478
1226.94 392.08 -2.17588 -0.602454 4.29785
1093.43 398.84 -3.16565 -0.668807 4.54518
1035.97 86.19 -2.53274 -1.1926 4.10366
1162.21 467.961 -1.76752 -0.463947 3.99028
1151.23 472.355 -1.78964 -0.459207 3.9896
1160.02 454.779 -1.83393 -0.480808 4.02202
1118.27 265.837 -3.90261 -1.19665 4.92648
1149.03 232.882 -3.66459 -1.24739 4.89698
1124.86 202.124 -3.44711 -1.26685 4.71127
1091.91 243.867 -4.1508 -1.31794 4.93416
1054.56 270.231 -4.81216 -1.35874 5.07074
1056.76 215.306 -3.69981 -1.27577 4.61948
1201.76 186.745 -3.23736 -1.27181 4.81827
1008.42 175.76 -3.21871 -1.22541 4.29052
1089.71 155.987 -2.97328 -1.22398 4.40597
1120.47 558.038 -1.88835 -0.35923 4.00847
1212.74 549.25 -1.88597 -0.380797 4.12411
1192.97 558.038 -1.74676 -0.374758 4.02372
1122.67 663.494 -1.75835 -0.261829 3.96444
1065.54 593.19 -1.39847 -0.364061 3.73804
1052.36 542.659 -1.50552 -0.388101 3.76719
1008.42 665.691 -1.45861 -0.299044 3.72603
1217.14 395.46 -2.17588 -0.593641 4.28392
1120.47 467.961 -1.76143 -0.460401 3.94562
1225.93 494.325 -1.71847 -0.444543 4.03187
1067.74 406.445 -3.28843 -0.648616 4.53059
1201.76 72.501 -3.40005 -1.66843 4.90508
1031.05 85.683 -2.50319 -1.18045 4.09006
1013.92 82.8269 -2.491 -1.17045 4.04956
1008.2 662.615 -1.48546 -0.294253 3.73466
1005.35 611.205 -1.40548 -0.34535 3.70417
1079.61 159.942 -2.91647 -1.19794 4.34519
1045.33 154.229 -3.1342 -1.26642 4.36354
1213.84 391.286 -2.06766 -0.5869 4.22245
1159.58 362.725 -2.3296 -0.659463 4.27286
1142.44 234.2 -4.2215 -1.39285 5.14864
1119.59 202.783 -3.44711 -1.26685 4.71127
1222.41 345.588 -2.17226 -0.664687 4.29044
1168.14 342.732 -2.29656 -0.686738 4.26483
1028.2 565.508 -1.40074 -0.375826 3.71029
1156.72 379.861 -2.27768 -0.621449 4.23869
1182.43 448.408 -1.77828 -0.48768 4.01608
1122.45 662.615 -1.83772 -0.244927 4.00035
1196.71 188.503 -3.356 -1.30436 4.87123
1085.32 157.085 -2.98549 -1.22705 4.40271
1056.76 214.207 -3.69981 -1.27577 4.61948
1065.61 553.226 -1.50717 -0.380749 3.77949
1050.76 516.097 -1.50679 -0.408674 3.76523
1028.48 497.533 -1.45928 -0.423519 3.72506
1006.2 612.633 -1.40548 -0.34535 3.70417
1188.14 590.356 -1.68249 -0.346876 3.98402
1013.63 174.508 -3.19798 -1.22664 4.29714
1032.19 85.3974 -2.52494 -1.1875 4.09143
1199.28 185.646 -3.27472 -1.28297 4.82118
1084.18 155.943 -3.01895 -1.23633 4.40427
1058.18 215.35 -3.26682 -1.16542 4.46961
1121.3 263.618 -3.66827 -1.14914 4.83504
1052.24 545.429 -1.47202 -0.386765 3.76011
1134.3 521.295 -1.74864 -0.403796 3.96298
1028.11 492.334 -1.45928 -0.423519 3.72506
1013.63 458.547 -1.42744 -0.444252 3.70781
1148.78 376.491 -2.39398 -0.639333 4.29112
1003.98 608.178 -1.3936 -0.346562 3.70003
1013.63 173.765 -3.19798 -1.22664 4.29714
1018.46 91.7094 -2.51638 -1.18188 4.07259
1061.9 212.38 -3.76109 -1.30285 4.66114
1163.26 304.089 -2.60504 -0.80771 4.41382
1139.13 231.687 -3.52146 -1.20753 4.81262
1095.69 241.34 -3.6416 -1.19781 4.73602
1041.63 489.438 -1.64075 -0.428569 3.81839
1022.8 414.14 -1.88942 -0.518307 3.88895
1142.02 451.789 -1.73694 -0.468632 3.95898
1148.3 376.491 -2.29661 -0.627823 4.23894
1016.53 596.111 -1.41201 -0.361662 3.7092
1029.08 495.713 -1.34966 -0.420294 3.69479
1123.2 558.462 -1.78254 -0.36294 3.96731
1060.45 552.187 -1.47705 -0.385071 3.76221
1016.53 169.421 -3.16273 -1.2266 4.29683
1041.63 156.871 -2.7042 -1.11933 4.18863
1066.72 213.345 -3.26405 -1.16757 4.47942
1073 156.871 -3.06498 -1.24538 4.39517
1135.75 232.169 -3.26892 -1.13948 4.67317
1068.61 212.09 -3.73685 -1.31001 4.67258
1068.61 154.989 -3.16446 -1.27643 4.42086
1027.82 530.225 -1.44742 -0.400846 3.72385
1027.82 440.494 -1.75863 -0.476497 3.83164
1071.05 212.09 -4.18452 -1.45164 4.88516
318.135 392.366 -2.3233 -0.467812 2.87097
286.321 413.575 -1.29188 -0.417639 3.23864
731.71 392.366 -2.19247 -0.519736 3.56768
339.344 498.411 -1.57891 -0.35547 3.19129
286.321 509.016 -1.48779 -0.335568 3.17261
848.36 466.598 -1.85619 -0.450248 3.66148
540.829 487.807 -1.15673 -0.402572 3.40128
593.852 509.016 -3.83334 -0.201902 3.28384
445.389 498.411 -1.62185 -0.361419 3.26321
551.434 286.321 -1.37647 -0.524096 3.3691
604.456 318.135 -3.66924 -0.771193 3.28254
530.225 392.366 -4.11088 -0.498876 3.01535
254.508 318.135 -1.4464 -0.478082 3.13934
678.688 233.299 -3.55604 -1.06059 3.4649
752.919 254.508 -3.96112 -1.09933 3.72731
212.09 402.971 -1.23636 -0.417648 3.21731
901.382 233.299 -4.00146 -1.23861 4.21979
954.405 509.016 -1.38068 -0.406859 3.64967
911.987 360.553 -2.03509 -0.596942 3.77868
933.196 392.366 -1.47379 -0.492256 3.65698
699.897 445.389 -1.99694 -0.425326 3.51333
731.71 434.784 -1.93093 -0.455433 3.5462
615.061 477.202 -2.78962 -0.328121 3.36824
466.598 466.598 -2.2536 -0.364908 3.13287
371.157 381.762 -3.45285 -0.509655 2.66556
371.157 498.411 -1.52411 -0.359019 3.22786
996.823 402.971 -1.49019 -0.485592 3.71095
840.202 375.236 -1.22437 -0.473374 3.54741
677.056 456.809 -2.87611 -0.424223 3.513
342.607 432.337 -1.97325 -0.395505 3.0675
416.023 367.079 -2.19048 -0.501383 3.06874
391.551 432.337 -2.99918 -0.351055 2.82379
448.652 464.966 -2.36417 -0.350015 3.12344
375.236 505.753 -1.7949 -0.338867 3.16228
293.663 538.382 -1.38732 -0.347368 3.2247
946.247 440.494 -1.45056 -0.456068 3.66082
660.742 522.068 -2.102 -0.320675 3.48518
734.157 481.281 -1.96594 -0.392778 3.55769
187.618 530.225 -1.46702 -0.319247 3.11407
391.551 481.281 -1.86099 -0.355637 3.16736
407.865 530.225 -2.00208 -0.285716 3.16345
440.494 228.405 -4.10938 -1.08635 2.6269
505.753 212.09 -3.17908 -0.971788 3.00125
481.281 318.135 -4.02384 -0.771838 2.8332
350.764 252.876 -3.15036 -0.818362 2.64287
358.921 318.135 -2.91854 -0.622364 2.75217
611.798 481.281 -2.71662 -0.34273 3.37478
562.854 252.876 -4.85114 -1.18702 2.98217
603.641 326.292 -2.91358 -0.689002 3.32678
750.472 154.989 -2.82314 -1.0883 3.60329
823.888 203.933 -3.07275 -1.05787 3.80115
840.202 203.933 -3.22689 -1.11607 3.86615
579.169 203.933 -3.55029 -1.11396 3.1545
734.157 399.708 -1.68625 -0.481432 3.52573
505.753 391.551 -5.18897 -0.553583 2.80931
432.965 163.146 -3.60641 -1.18814 2.69928
156.871 401.59 -1.9932 -0.404567 2.79377
376.491 514.538 -1.72393 -0.334253 3.18214
614.935 483.163 -2.5249 -0.341042 3.3818
752.982 156.871 -3.13857 -1.18564 3.63636
721.608 169.421 -3.21683 -1.17005 3.54871
916.128 232.169 -3.33002 -1.08092 4.07914
941.228 119.222 -3.23436 -1.36457 4.11581
897.304 545.912 -1.50309 -0.377335 3.65272
865.929 583.561 -1.45922 -0.34356 3.6144
727.883 483.163 -1.86683 -0.394994 3.54539
953.777 527.087 -1.41139 -0.392068 3.66023
941.228 439.24 -1.4226 -0.455946 3.65378
696.508 389.041 -2.02338 -0.509224 3.49405
690.234 407.865 -2.54015 -0.502761 3.51283
326.292 445.514 -1.531 -0.405674 3.18507
363.941 432.965 -1.81991 -0.401544 3.14148
847.105 451.789 -1.35744 -0.436079 3.57553
897.304 470.614 -1.51893 -0.42904 3.6507
677.684 458.064 -2.30554 -0.410874 3.49663
991.426 420.415 -1.3851 -0.470227 3.67409
991.426 451.789 -1.55343 -0.45639 3.72773
702.783 577.286 -1.71691 -0.305813 3.5157
646.31 589.836 -1.97603 -0.245407 3.47103
558.462 458.064 -4.06522 -0.363233 3.13396
207.553 96.5362 -2.50386 -0.980248 2.54055
444.066 231.687 -4.36984 -1.13333 2.55637
559.91 207.553 -3.94892 -1.18744 3.05439
584.044 202.726 -1.34404 -0.577183 3.38715
492.334 115.843 -2.77094 -1.0881 3.02873
400.625 149.631 -3.03767 -1.0693 2.75727
106.19 598.524 -1.93848 -0.160376 2.80335
386.145 622.658 -2.08916 -0.141929 3.113
941.228 260.648 -4.37125 -1.24189 4.45203
941.228 115.843 -2.71617 -1.18415 3.98044
888.133 593.697 -1.52223 -0.329499 3.64779
704.714 574.39 -1.71064 -0.308473 3.51492
757.809 588.871 -1.50669 -0.328652 3.54233
892.959 424.759 -1.73199 -0.473244 3.68882
955.708 535.776 -1.38509 -0.397443 3.65593
685.407 458.547 -2.25588 -0.411282 3.49939
936.401 390.971 -1.4609 -0.48801 3.65464
965.362 376.491 -1.37796 -0.495592 3.65297
984.669 405.452 -2.07427 -0.538305 3.91244
699.887 501.988 -2.09667 -0.348612 3.52939
646.792 564.737 -2.34306 -0.236919 3.46425
680.58 559.91 -1.75729 -0.315016 3.49627
603.351 444.066 -2.99944 -0.401465 3.32802
617.831 477.854 -2.81554 -0.334829 3.37763
757.809 463.374 -1.3222 -0.418557 3.51416
752.982 468.2 -1.54284 -0.415808 3.53898
767.462 419.932 -1.27741 -0.447992 3.51821
429.586 444.066 -2.19778 -0.378363 3.10682
318.569 444.066 -1.81556 -0.393608 3.08489
342.703 477.854 -1.74098 -0.35331 3.14565
955.708 347.53 -1.44954 -0.525557 3.66578
743.328 526.122 -1.8351 -0.344363 3.56511
762.636 511.642 -1.44182 -0.386374 3.5362
728.848 550.256 -1.58811 -0.346213 3.52949
757.809 559.91 -1.51826 -0.345134 3.54732
897.786 468.2 -1.44063 -0.427859 3.6341
839.865 381.318 -1.55654 -0.505037 3.60387
366.837 434.413 -1.85216 -0.403047 3.13335
405.452 468.2 -1.92613 -0.365307 3.16408
917.094 231.687 -3.94658 -1.23839 4.27477
215.35 100.249 -2.13311 -0.864719 2.72965
274.757 193.072 -3.8087 -1.09091 2.13532
571.791 256.192 -4.56247 -1.12914 3.04991
493.82 115.101 -2.67569 -1.05949 3.05009
623.772 81.6844 -2.55989 -1.11985 3.31075
586.643 200.498 -3.69754 -1.15431 3.16736
397.283 148.517 -3.27768 -1.13558 2.67672
438.126 167.082 -3.27109 -1.09717 2.79902
386.145 631.198 -1.37923 -0.286227 3.29568
857.687 200.498 -3.52601 -1.19663 3.95707
716.595 170.795 -3.50708 -1.23017 3.54276
943.084 115.101 -2.69412 -1.16973 3.96695
905.955 538.375 -1.50451 -0.378626 3.65493
798.28 634.911 -1.43747 -0.30839 3.56805
861.4 586.643 -1.47735 -0.338995 3.61417
761.151 590.356 -1.50937 -0.327881 3.54843
995.065 608.92 -1.43656 -0.342258 3.7011
935.658 441.839 -1.46664 -0.452653 3.65928
686.892 460.403 -2.27126 -0.408687 3.5079
642.337 508.671 -2.19665 -0.328248 3.44448
683.179 504.958 -2.07989 -0.346177 3.5035
961.649 349.015 -1.45008 -0.52341 3.6686
935.658 397.283 -1.33653 -0.478709 3.62428
943.084 434.413 -1.435 -0.457904 3.65582
742.586 527.236 -1.78408 -0.348037 3.5568
816.844 460.403 -1.37594 -0.427802 3.55942
842.835 464.116 -1.51279 -0.426279 3.60454
360.154 467.829 -1.78164 -0.370873 3.14509
393.57 486.394 -1.71461 -0.360586 3.19799
200.498 423.274 -1.9017 -0.38812 2.90807
70.5457 482.681 -1.7576 -0.311868 2.84329
724.021 482.681 -2.12948 -0.383055 3.55484
761.151 508.671 -1.60446 -0.379936 3.55505
675.753 597.782 -1.78605 -0.270543 3.49361
657.188 634.911 -2.04954 -0.184129 3.48434
89.1103 568.078 -1.815 -0.218096 2.84495
794.567 542.088 -1.45127 -0.369428 3.55925
831.696 519.81 -1.41239 -0.392236 3.58086
787.141 571.791 -1.43216 -0.347952 3.55572
902.242 482.681 -1.60881 -0.420491 3.67561
957.936 538.375 -1.43984 -0.389409 3.67312
816.844 211.637 -3.87162 -1.23934 3.8915
571.22 262.761 -4.48454 -1.11108 3.06158
588.357 199.927 -3.66629 -1.15176 3.18181
636.91 602.637 -1.39006 -0.322988 3.45487
859.686 199.927 -3.697 -1.24613 4.00277
956.793 539.803 -1.39843 -0.387177 3.66385
785.427 385.573 -1.53263 -0.489011 3.5547
768.291 425.559 -1.46401 -0.451871 3.53628
659.759 436.983 -2.38472 -0.440729 3.46221
622.63 476.969 -2.54209 -0.35823 3.40481
588.357 511.242 -3.81755 -0.199296 3.27974
605.493 491.249 -2.99552 -0.305807 3.35748
922.52 388.43 -1.47218 -0.492026 3.65112
882.535 422.703 -1.67878 -0.47461 3.67092
933.945 399.854 -1.38881 -0.479675 3.63795
688.32 456.976 -2.25892 -0.404414 3.50893
639.766 511.242 -2.29547 -0.31913 3.44462
674.039 519.81 -1.93789 -0.336521 3.48993
696.888 519.81 -1.88525 -0.346924 3.51514
645.479 565.508 -2.34629 -0.234151 3.46343
708.313 576.932 -1.61681 -0.313494 3.51437
742.586 448.408 -1.79878 -0.432874 3.55064
765.435 511.242 -1.57915 -0.380137 3.55209
728.305 551.227 -1.60052 -0.343206 3.53075
779.715 528.378 -1.43949 -0.378846 3.54851
765.435 562.652 -1.57872 -0.340017 3.55724
391.286 482.681 -1.73414 -0.358376 3.19461
708.313 622.63 -1.65505 -0.272195 3.51986
668.327 659.759 -1.92546 -0.174792 3.50104
702.601 662.615 -1.76769 -0.208378 3.52962
631.198 582.644 -2.35898 -0.200077 3.44417
77.1147 534.091 -1.71554 -0.265153 2.88077
105.676 448.408 -2.14393 -0.327113 2.65394
976.786 379.861 -1.42785 -0.498101 3.67313
991.067 414.134 -1.39268 -0.473498 3.67232
813.988 471.256 -1.40952 -0.42152 3.56267
842.549 465.544 -1.71226 -0.429626 3.63785
862.542 465.544 -1.56344 -0.429636 3.6268
791.14 539.803 -1.44663 -0.372172 3.55831
788.284 582.644 -1.43531 -0.346748 3.55666
859.686 588.357 -1.46752 -0.338214 3.61162
568.364 77.1147 -2.57389 -1.11833 3.20468
811.132 214.207 -3.87162 -1.23934 3.8915
816.844 268.473 -3.96954 -1.07906 3.9446
833.981 251.337 -3.85469 -1.12204 3.96877
556.939 211.351 -3.65081 -1.10262 3.07845
885.391 519.81 -1.55869 -0.389147 3.65077
905.384 536.947 -1.50451 -0.378626 3.65493
891.103 594.069 -1.49657 -0.334784 3.64626
745.442 262.761 -4.67929 -1.2075 3.74743
762.579 262.761 -4.65789 -1.22392 3.81771
728.305 151.373 -3.22288 -1.20433 3.56021
765.435 154.229 -3.2364 -1.21587 3.66184
714.025 171.366 -3.50708 -1.23017 3.54276
436.983 231.344 -4.16674 -1.09863 2.59315
465.544 237.056 -4.35117 -1.12124 2.6604
319.883 205.639 -4.06248 -1.11626 2.19255
122.812 62.8342 -2.67079 -1.08515 2.25351
982.498 82.8269 -2.56018 -1.19323 4.00716
939.657 117.1 -2.7205 -1.17593 3.96956
959.649 505.53 -1.4167 -0.410842 3.66576
985.354 491.249 -1.40463 -0.422993 3.67901
491.249 128.524 -2.84125 -1.07958 3.01573
499.817 165.654 -3.15625 -1.08725 2.98807
436.983 148.517 -3.15962 -1.11991 2.80322
442.695 168.51 -3.1112 -1.05219 2.84731
405.566 168.51 -3.05982 -1.02893 2.75699
219.7 103.259 -2.62048 -1.00716 2.50277
628.342 186.745 -3.47876 -1.15122 3.29525
714.025 173.563 -3.4763 -1.21762 3.53933
949.104 511.901 -1.37497 -0.406462 3.64725
944.71 373.49 -1.43982 -0.503829 3.6557
990.847 415.233 -1.39553 -0.47448 3.67431
960.089 544.856 -1.39843 -0.387177 3.66385
659.1 500.916 -2.39903 -0.329067 3.47428
698.646 520.689 -1.97347 -0.341821 3.52341
902.967 485.537 -1.45075 -0.419736 3.63726
887.588 373.49 -1.52381 -0.50532 3.63553
924.937 391.066 -1.49501 -0.492686 3.65667
859.027 413.036 -1.89609 -0.493948 3.69054
733.798 667.888 -1.53873 -0.259547 3.53501
663.494 606.372 -2.03127 -0.221308 3.48946
670.085 661.297 -1.76398 -0.208282 3.49425
729.404 551.447 -1.58022 -0.34459 3.52901
738.192 597.584 -1.46301 -0.322749 3.52626
764.556 593.19 -1.49086 -0.326889 3.5487
645.918 564.629 -2.34411 -0.234803 3.46183
709.631 575.614 -1.66089 -0.312665 3.51839
898.573 621.751 -1.54847 -0.30762 3.66502
821.678 641.524 -1.42684 -0.306651 3.58191
859.027 590.993 -1.46752 -0.338214 3.61162
968.877 116.441 -2.7312 -1.18851 4.03326
984.256 120.835 -2.8157 -1.21647 4.09519
975.468 257.049 -3.92058 -1.16857 4.4513
729.404 151.593 -3.13668 -1.18086 3.55523
768.95 153.79 -3.2364 -1.21587 3.66184
749.177 175.76 -3.25799 -1.16596 3.63341
938.119 118.638 -2.77565 -1.19219 3.9778
672.282 230.685 -4.53091 -1.27067 3.43179
698.646 232.882 -3.98091 -1.15723 3.52669
665.691 241.67 -4.66891 -1.25472 3.41569
689.858 243.867 -3.96621 -1.11304 3.50633
927.134 232.882 -3.97443 -1.24256 4.29545
883.194 241.67 -4.52906 -1.31991 4.26673
933.725 263.64 -4.23542 -1.20157 4.40469
810.693 215.306 -3.98912 -1.2617 3.90194
393.263 516.295 -1.80405 -0.318292 3.17937
382.278 525.083 -1.72815 -0.316657 3.18524
610.766 536.068 -3.00276 -0.200862 3.38156
632.736 584.402 -2.34374 -0.199163 3.4458
127.426 487.734 -1.92039 -0.298578 2.81577
72.501 626.145 -1.75824 -0.164387 2.8659
112.047 542.659 -1.8648 -0.242093 2.83842
443.794 169.169 -3.33452 -1.10953 2.79634
393.263 147.199 -3.01561 -1.06595 2.74125
483.34 52.728 -2.31674 -1.04838 3.09156
498.719 116.441 -2.78117 -1.09345 3.03724
500.916 184.548 -3.40431 -1.09673 2.95156
564.629 112.047 -2.82059 -1.13491 3.17799
626.145 79.092 -2.59674 -1.13344 3.31605
494.325 101.062 -2.74505 -1.11225 3.03054
437.203 230.685 -4.00591 -1.07083 2.6205
463.567 228.488 -4.39372 -1.16023 2.63741
342.732 254.852 -4.79503 -1.07805 2.04709
593.19 199.927 -3.66629 -1.15176 3.18181
509.704 217.503 -4.01546 -1.14157 2.87538
558.038 210.912 -3.90329 -1.15205 3.04212
120.835 63.713 -2.46474 -1.01752 2.37415
182.351 63.713 -2.28407 -0.96775 2.5966
272.428 193.336 -3.71533 -1.07022 2.16341
307.58 193.336 -3.59766 -1.059 2.32572
164.775 259.246 -3.49566 -0.799388 1.96331
287.807 208.715 -3.86363 -1.05687 2.16278
320.762 206.518 -4.06248 -1.11626 2.19255
215.306 226.291 -3.38194 -0.895635 2.16116
232.882 237.276 -4.12137 -0.985854 1.8698
661.297 435.006 -2.56279 -0.445758 3.46589
731.601 454.779 -2.19798 -0.432708 3.5738
742.586 448.188 -1.83668 -0.434954 3.5553
707.434 470.158 -2.32644 -0.395429 3.54656
626.145 476.749 -2.73966 -0.352565 3.40613
215.306 426.218 -1.9225 -0.386354 2.91775
766.753 369.096 -1.78579 -0.520751 3.56978
645.918 445.991 -2.21252 -0.418227 3.44506
672.282 448.188 -2.37773 -0.42573 3.49002
639.327 511.901 -2.32056 -0.317381 3.44265
933.725 309.777 -1.59404 -0.573295 3.6833
711.49 174.07 -3.3414 -1.17945 3.52842
946.4 510.38 -1.39402 -0.406445 3.65281
988.65 414.05 -1.40011 -0.474879 3.67567
959.92 545.87 -1.39237 -0.385384 3.6611
767.26 427.57 -1.42406 -0.44888 3.53087
692.9 397.15 -2.34521 -0.514329 3.51035
937.95 444.47 -1.42107 -0.450637 3.65031
812.89 454.61 -1.39267 -0.433959 3.5595
836.55 479.96 -1.47692 -0.418816 3.59191
795.99 429.26 -1.40503 -0.449466 3.54945
733.46 667.55 -1.47019 -0.271473 3.53116
647.27 569.53 -2.28016 -0.230781 3.46881
709.8 576.29 -1.67845 -0.311451 3.52079
819.65 640.51 -1.42657 -0.307242 3.58226
907.53 537.42 -1.49626 -0.379934 3.65477
892.32 594.88 -1.51802 -0.333512 3.65256
826.41 534.04 -1.42187 -0.381198 3.57973
966.68 118.3 -2.64537 -1.15535 4.00882
985.27 119.99 -2.79859 -1.2092 4.09168
975.13 256.88 -4.10708 -1.20766 4.50748
768.95 152.1 -3.02521 -1.15717 3.65519
750.36 175.76 -3.38752 -1.19916 3.64584
768.95 153.79 -3.02521 -1.15717 3.65519
872.04 116.61 -3.45566 -1.4395 3.98542
936.26 118.3 -2.77921 -1.19803 3.99119
765.57 258.57 -4.00702 -1.10063 3.77583
699.66 233.22 -4.16358 -1.19853 3.53868
689.52 243.36 -3.97753 -1.11685 3.50787
878.8 243.36 -4.09838 -1.21902 4.16532
861.9 201.11 -3.64006 -1.23411 4.0113
817.96 265.33 -3.80749 -1.05225 3.91965
353.21 414.05 -1.65993 -0.424331 3.1679
637.13 385.32 -2.27127 -0.518095 3.41669
108.16 449.54 -2.12595 -0.325622 2.66752
72.67 503.62 -1.93778 -0.265944 2.74375
101.4 405.6 -2.12117 -0.388743 2.65658
126.75 665.86 -1.96367 -0.0753225 2.8279
92.95 566.15 -1.81553 -0.219053 2.84796
437.71 147.03 -3.17505 -1.12201 2.81466
444.47 169 -3.33452 -1.10953 2.79634
400.53 169 -3.36033 -1.10262 2.66904
447.85 35.49 -2.36225 -1.08533 3.01841
483.34 52.39 -2.34575 -1.05812 3.0868
564.46 113.23 -2.81698 -1.12878 3.17591
616.85 113.23 -2.9043 -1.16475 3.28631
567.84 77.74 -2.5875 -1.12286 3.20187
626.99 77.74 -2.59674 -1.13344 3.31605
490.1 40.56 -2.32194 -1.07159 3.10052
534.04 94.64 -2.66756 -1.10745 3.12071
434.33 229.84 -4.00591 -1.07083 2.6205
466.44 229.84 -4.34119 -1.15006 2.66635
459.68 273.78 -5.36984 -1.13221 2.42478
375.18 260.26 -4.70015 -1.04796 2.21536
589.81 212.94 -3.9954 -1.18257 3.15358
556.01 197.73 -3.67932 -1.14862 3.07164
155.48 150.41 -2.15459 -0.778158 2.65108
118.3 62.53 -2.50567 -1.03011 2.3497
270.4 192.66 -3.71533 -1.07022 2.16341
322.79 207.87 -4.07195 -1.11318 2.20624
594.88 466.44 -3.21811 -0.351135 3.31546
628.68 412.36 -2.12589 -0.468098 3.41342
623.61 436.02 -2.38023 -0.431266 3.40567
670.93 447.85 -2.17305 -0.42453 3.48076
643.89 483.34 -2.24754 -0.364211 3.44733
670.93 476.58 -2.30782 -0.379816 3.48931
740.22 370.11 -2.45787 -0.574058 3.59742
883.87 424.19 -1.63793 -0.469426 3.66333
633.75 446.16 -2.2628 -0.420439 3.4256
185.9 584.74 -2.2836 -0.121598 2.74159
787.54 387.01 -1.48735 -0.484023 3.54976
902.46 457.99 -1.48518 -0.440567 3.64493
70.98 626.99 -1.77027 -0.1632 2.86009
605.02 488.41 -2.87659 -0.325156 3.36663
638.82 512.07 -2.20981 -0.324048 3.44436
611.78 537.42 -3.06053 -0.195775 3.38921
696.28 660.79 -1.71032 -0.223956 3.51752
956.54 353.21 -1.49499 -0.526651 3.67797
949.78 292.37 -1.53316 -0.579951 3.68126
861.9 408.98 -1.81136 -0.49289 3.67759
851.76 432.64 -1.57559 -0.45755 3.62156
346.45 478.27 -1.69673 -0.360826 3.15844
934.57 402.22 -1.4246 -0.479794 3.64482
943.02 432.64 -1.43651 -0.461065 3.65705
956.8 508.3 -1.44248 -0.408847 3.67154
960.7 547.3 -1.41231 -0.384136 3.66778
777.4 529.1 -1.44035 -0.37958 3.54766
939.9 447.2 -1.42249 -0.449518 3.65108
824.2 521.3 -1.41774 -0.389463 3.57479
841.1 492.7 -1.52827 -0.408386 3.60682
735.8 648.7 -1.5233 -0.276224 3.53453
790.4 627.9 -1.4546 -0.309355 3.56425
694.2 648.7 -1.72287 -0.2308 3.51651
767 594.1 -1.48477 -0.326347 3.55004
663 605.8 -2.03025 -0.222451 3.48879
711.1 575.9 -1.65885 -0.313506 3.51953
898.3 663 -1.43607 -0.295753 3.64143
894.4 594.1 -1.50722 -0.334944 3.65057
985.4 120.9 -2.67086 -1.16212 4.05573
975 26 -2.29178 -1.17908 3.90405
982.8 83.2 -2.49501 -1.16866 3.98608
976.3 257.4 -4.31272 -1.26106 4.58216
772.2 153.4 -3.08899 -1.17658 3.66529
711.1 174.2 -3.46311 -1.20964 3.5307
681.2 53.3 -2.43929 -1.13525 3.42381
816.4 24.7 -2.32612 -1.166 3.64791
743.6 265.2 -5.14522 -1.28713 3.77558
767 258.7 -4.01644 -1.10607 3.77813
670.8 231.4 -4.4131 -1.2433 3.42801
700.7 232.7 -4.12901 -1.19173 3.54505
663 243.1 -4.4042 -1.19657 3.40913
898.3 232.7 -4.06835 -1.25606 4.22041
929.5 232.7 -4.0037 -1.25229 4.31524
878.8 243.1 -4.02703 -1.2027 4.15057
932.1 265.2 -4.66842 -1.2844 4.50664
808.6 215.8 -3.9877 -1.25658 3.89417
864.5 200.2 -3.64006 -1.23411 4.0113
517.4 679.9 -1.9211 -0.128561 3.32279
549.9 683.8 -3.21762 0.198821 3.26457
71.5 504.4 -1.72943 -0.295935 2.86404
126.1 666.9 -1.91909 -0.0859416 2.84852
445.9 169 -3.41453 -1.12602 2.78502
391.3 145.6 -3.14319 -1.10076 2.69935
403 170.3 -3.54497 -1.14359 2.62074
477.1 46.8 -2.37582 -1.0792 3.06508
564.2 113.1 -2.88213 -1.14468 3.16531
504.4 185.9 -3.46932 -1.11381 2.94303
568.1 76.7 -2.5875 -1.12286 3.20187
627.9 79.3 -2.60695 -1.14064 3.32078
491.4 41.6 -2.3122 -1.0671 3.10134
483.6 280.8 -5.4084 -1.12472 2.54907
458.9 274.3 -5.42747 -1.14274 2.40753
340.6 253.5 -4.76891 -1.07362 2.04275
377 261.3 -4.99158 -1.08836 2.13739
595.4 198.9 -3.6802 -1.15937 3.19138
577.2 263.9 -4.98994 -1.18112 3.03176
510.9 217.1 -3.72097 -1.08182 2.92955
555.1 213.2 -3.90329 -1.15205 3.04212
118.3 62.4 -2.4625 -1.01584 2.37496
302.9 279.5 -4.91575 -0.965927 1.83336
269.1 192.4 -3.61223 -1.04938 2.2003
325 209.3 -3.86882 -1.07025 2.28635
627.9 477.1 -2.49948 -0.360615 3.41815
925.6 319.8 -1.47712 -0.546551 3.64748
859.3 369.2 -1.65154 -0.521438 3.63681
189.8 442 -2.25273 -0.344572 2.72766
885.3 426.4 -1.63793 -0.469426 3.66333
672.1 447.2 -2.26159 -0.42719 3.48701
655.2 377 -2.34858 -0.541233 3.44527
689 507 -2.27446 -0.337131 3.52228
729.3 552.5 -1.56847 -0.345738 3.52696
726.7 529.1 -1.71724 -0.353239 3.53465
607.1 501.8 -3.07855 -0.279521 3.36198
621.4 492.7 -2.92135 -0.312261 3.39612
367.9 440.7 -1.7258 -0.399545 3.16532
588.9 490.1 -3.74314 -0.26465 3.28102
590.2 517.4 -3.6093 -0.191673 3.29617
185.9 586.3 -2.16736 -0.141187 2.79406
189.8 596.7 -2.28141 -0.10368 2.75206
74.1 486.2 -1.72482 -0.313341 2.86504
620.1 538.2 -2.83273 -0.218309 3.40788
635.7 544.7 -2.24566 -0.27262 3.44742
71.5 626.6 -1.73383 -0.171678 2.87983
70.2 651.3 -1.73696 -0.145145 2.87984
96.2 653.9 -1.8462 -0.117768 2.84997
937.3 299 -1.52012 -0.571219 3.66712
185.9 518.7 -2.32567 -0.218113 2.70784
776.1 536.9 -1.43681 -0.372605 3.54654
768.3 562.9 -1.53895 -0.344954 3.55362
71.5 574.6 -1.74352 -0.220741 2.86565
72.8 601.9 -1.76637 -0.189469 2.85861
943.8 431.6 -1.40757 -0.45976 3.64894
837.2 248.3 -3.85358 -1.12684 3.98401
682.5 551.2 -1.76876 -0.321416 3.4958
637 600.6 -2.30549 -0.1798 3.45551
113.1 432.9 -2.19274 -0.346775 2.63258
767 470.6 -1.4916 -0.416357 3.54124
665.6 618.8 -1.76667 -0.249064 3.48678
656.5 644.8 -2.04732 -0.168254 3.48692
989 414 -1.37281 -0.473076 3.66638
961 549 -1.39379 -0.38346 3.66277
840 493 -1.52827 -0.408386 3.60682
727 152 -3.15707 -1.18721 3.55641
819 23 -2.34716 -1.17768 3.65441
662 243 -4.58272 -1.2321 3.40026
878 244 -4.07498 -1.20922 4.15898
439 147 -3.09516 -1.1017 2.83561
389 145 -3.08356 -1.08638 2.71483
564 114 -2.88213 -1.14468 3.16531
619 115 -2.8631 -1.15007 3.29044
629 79 -2.60695 -1.14064 3.32078
434 229 -4.22889 -1.11494 2.56436
339 253 -4.76891 -1.07362 2.04275
377 262 -5.01428 -1.0908 2.13528
555 213 -3.95316 -1.15915 3.03657
165 104 -2.58454 -0.983905 2.4072
223 105 -2.66543 -1.01834 2.48667
269 192 -3.61081 -1.05047 2.20019
925 320 -1.47552 -0.545722 3.64681
635 446 -2.34298 -0.420799 3.4259
607 485 -3.35498 -0.306316 3.34796
655 382 -2.32844 -0.527461 3.44372
639 511 -2.40103 -0.311521 3.44309
691 692 -1.63155 -0.21131 3.51132
195 472 -2.302 -0.295998 2.72147
190 601 -2.29822 -0.0915988 2.74474
734 468 -1.97629 -0.412023 3.55967
605 542 -3.12074 -0.17963 3.36542
109 541 -1.8737 -0.239812 2.83042
116 540 -1.89349 -0.23976 2.82727
204 522 -2.30377 -0.217277 2.7456
907 487 -1.52237 -0.417782 3.65615
109 636 -1.8379 -0.140872 2.86461
105 648 -1.83426 -0.125255 2.86322
38 487 -1.82053 -0.297758 2.76705
98 607 -1.81553 -0.175508 2.8606
656 631 -2.071 -0.18046 3.48624
63 700 -1.71333 -0.10164 2.8942
71 651 -1.75597 -0.140011 2.87077
519 282 -5.27994 -1.11608 2.73758
680 562 -1.81186 -0.304272 3.4954
109 450 -2.16387 -0.322576 2.64817
101 485 -1.7913 -0.310304 2.85717
75 535 -1.76748 -0.257897 2.84997
501 115 -2.73395 -1.08087 3.05097
363 516 -1.11656 -0.387689 3.34404
957 508 -1.40158 -0.409028 3.6604
506 165 -3.12276 -1.08307 3.00306
461 281 -5.04295 -1.05574 2.51537
777 529 -1.44141 -0.380344 3.54689
384 489 -1.74241 -0.351199 3.18471
680 589 -1.82047 -0.274691 3.49996
680 603 -1.8059 -0.261482 3.50069
487 54 -2.37478 -1.06851 3.08448
185 64 -2.40113 -1.00473 2.53694
898 496 -1.5455 -0.408868 3.65641
866 201 -3.64006 -1.23411 4.0113
737 597 -1.5384 -0.315404 3.53308
550 684 -2.3996 -0.00911968 3.32843
930 233 -4.07203 -1.26797 4.3314
663 275 -4.85175 -1.15248 3.41776
591 214 -3.9665 -1.17478 3.16143
