1024 326 4.52586 -2.60682 5.88089
1003 272 4.68575 -2.88459 5.31504
1021 381 4.67985 -2.48782 5.50406
1099 103 4.11434 -3.09568 6.14086
1034 94 4.36279 -3.3519 5.6075
1083.3 233.45 4.21785 -2.73869 6.31322
1078.7 157.55 4.21177 -2.98169 6.09
1002.8 272.55 4.67116 -2.87752 5.36732
1202.9 90.85 3.84998 -2.94692 6.43031
1071.8 96.6 4.21945 -3.21223 5.89064
1144.25 489.9 4.34274 -2.06114 5.80028
1079.16 275.08 4.23 -2.61571 6.44761
1136.03 216.89 4.09888 -2.75117 6.22491
1109.58 335.915 4.17882 -2.44145 6.55683
1165.12 183.827 4.00118 -2.78597 6.32304
1219.34 166.635 3.83779 -2.69663 6.75766
1034.19 93.8975 4.37133 -3.36228 5.57605
1252.41 591.157 4.00996 -1.83884 6.8148
1019.65 605.705 4.84377 -1.7844 5.60156
1006.42 548.838 4.87561 -1.96285 5.48432
1031.55 655.96 4.89882 -1.60691 5.43431
1002.46 425.845 4.73661 -2.35343 5.62822
1007.74 453.617 4.74111 -2.2629 5.63855
1034.19 494.615 4.86284 -2.11762 5.01651
1174.12 73.002 3.91084 -3.04619 6.32328
1172.59 264.632 4.02139 -2.56572 6.46611
1166.51 182.505 4.00173 -2.78816 6.31766
1219.74 167.296 3.84193 -2.70014 6.73259
1012.9 107.982 4.44966 -3.33345 5.6077
1072.22 95.8151 4.17829 -3.16489 6.06723
1142.18 634.205 4.34294 -1.73448 6.36479
1006.82 549.036 4.88568 -1.96408 5.45918
1044.84 561.203 4.66634 -1.91589 5.8047
1145.22 489.722 4.3348 -2.06057 5.83846
1130.01 476.034 4.25611 -2.11228 6.39147
1003.78 425.845 4.7512 -2.35537 5.58695
1022.03 380.219 4.64463 -2.47772 5.62247
1034.19 494.284 4.8665 -2.1186 5.01154
1021.42 647.132 4.91778 -1.64976 5.4705
1065.14 302.578 4.29087 -2.56902 6.39347
1103.62 265.849 4.17161 -2.62847 6.39205
1135.1 216.877 4.10331 -2.7536 6.21189
1114.12 278.092 4.1578 -2.58905 6.41297
1126.36 104.94 4.06206 -3.07006 6.10885
1166.59 181.897 3.98532 -2.77188 6.40341
1219.06 167.905 3.84316 -2.7002 6.73017
1012.67 106.689 4.39911 -3.29257 5.77256
1087.88 47.2232 4.08686 -3.20683 6.27015
1079.14 188.893 4.17841 -2.83618 6.39713
1112.37 603.407 4.40637 -1.81351 6.28607
1135.1 619.148 4.35196 -1.76812 6.33211
1019.67 606.905 4.86978 -1.77727 5.52837
1016.17 669.869 4.95175 -1.57174 5.48184
1086.13 666.371 4.61037 -1.61735 5.91303
1087.88 638.387 4.59191 -1.68695 5.88244
1105.37 449.495 4.28091 -2.18615 6.48503
1098.38 515.957 4.38367 -2.03188 6.23341
1124.35 138.784 4.01539 -2.85269 6.59942
1013.72 106.602 4.43008 -3.32176 5.6572
1180.67 543.066 4.24314 -1.92235 6.11123
1114.29 593.35 4.37729 -1.83712 6.31965
1031.83 494.794 4.88794 -2.11603 4.95024
1114.29 446.521 4.24198 -2.18592 6.5105
1086.13 637.6 4.56793 -1.69362 5.95146
1019.76 607.43 4.86883 -1.77699 5.53198
1021.77 378.135 4.60449 -2.46678 5.74823
1072.05 96.5451 4.18982 -3.17563 6.02788
1078.09 189.068 4.17835 -2.83341 6.40317
1170.61 263.488 4.02812 -2.57754 6.42275
1007.69 543.066 4.87498 -1.98257 5.4474
1070.04 217.227 4.23042 -2.77784 6.35953
1166.59 183.033 3.97668 -2.76374 6.45567
1150.5 333.885 4.08907 -2.41765 6.56653
1080.1 335.897 4.23816 -2.45613 6.56712
1013.72 669.782 4.94096 -1.57904 5.50957
1239 508.873 4.00156 -2.00041 6.69898
1013.12 106.401 4.43078 -3.33171 5.6449
1209.73 416.351 4.01361 -2.20175 6.65644
1124.15 360.837 4.1917 -2.38491 6.37937
1170.41 263.689 4.02509 -2.57614 6.44618
1057.07 370.09 4.34182 -2.41163 6.45145
1084.83 666.161 4.5981 -1.61947 5.94716
1087.14 638.405 4.56799 -1.69064 5.94092
1114.9 446.421 4.25291 -2.18535 6.47699
1073.26 94.8355 4.18555 -3.17108 6.04698
1033.94 83.2702 4.34201 -3.36825 5.67415
1087.14 48.5743 4.08079 -3.20246 6.28563
1107.96 673.101 4.51877 -1.60464 6.06031
1089.45 263.689 4.20607 -2.65966 6.34612
1089.45 538.943 4.4657 -1.96904 6.08647
1165.78 182.732 3.97997 -2.76843 6.43629
1121.83 321.515 4.16847 -2.48202 6.4132
1124.15 319.202 4.14792 -2.46755 6.49585
1080.2 335.394 4.24769 -2.46061 6.53802
1066.32 303.011 4.2834 -2.55285 6.46322
1130.51 446.883 4.22669 -2.18527 6.46207
1117.21 449.543 4.25329 -2.18523 6.47422
1167.75 313.882 4.04502 -2.45072 6.57858
1117.21 524.024 4.37297 -1.9974 6.15432
1053.37 369.743 4.3348 -2.39711 6.49033
1050.71 569.244 4.7792 -1.87551 5.4183
1085.29 667.665 4.62733 -1.61191 5.87467
1013.47 667.665 4.94096 -1.57904 5.50957
1117.21 273.982 4.13862 -2.58749 6.48206
1117.21 289.942 4.15225 -2.54624 6.49037
1087.95 196.841 4.169 -2.81308 6.36758
1079.97 335.162 4.23323 -2.45536 6.60157
1125.19 364.423 4.2363 -2.40022 6.19492
1165.49 180.482 3.97686 -2.76522 6.45547
1070.66 94.8297 4.20449 -3.20084 5.99108
1030.89 82.5936 4.35937 -3.3921 5.63634
1052.3 370.142 4.29073 -2.39619 6.65405
1024.77 648.513 4.89664 -1.63138 5.49293
1113.48 272.253 4.14675 -2.59201 6.45655
1122.66 140.715 4.05414 -2.90291 6.38456
1003.36 544.506 4.90877 -1.97733 5.38775
1150.19 330.374 4.15616 -2.47128 6.20998
1116.54 287.548 4.15788 -2.55397 6.48297
1076.78 333.433 4.23116 -2.45603 6.61171
1015.6 483.326 4.75579 -2.16669 5.57746
1122.66 360.965 4.2166 -2.39245 6.29088
1070.66 174.364 4.18996 -2.8822 6.37516
1210.15 80.9111 3.82436 -2.94656 6.50931
1051.84 566.378 4.7764 -1.87779 5.42318
1002.59 545.271 4.90295 -1.98728 5.44117
1020.18 481.949 4.75579 -2.16669 5.57746
1020.18 608.592 4.90226 -1.76877 5.44079
1072.95 172.376 4.22241 -2.91029 6.24051
1072.95 94.9826 4.16385 -3.14609 6.14852
1153.86 330.68 4.09644 -2.42469 6.52521
1174.97 260.323 3.98073 -2.55725 6.65419
1023.53 307.462 4.60735 -2.73201 5.50408
1047.8 566.378 4.69349 -1.89707 5.68532
1035.66 517.831 4.55992 -2.05478 6.19239
1076.12 331.736 4.18151 -2.43853 6.81384
1072.07 169.913 4.19742 -2.8937 6.34554
1063.98 222.506 4.23289 -2.76956 6.3856
1096.35 258.916 4.18448 -2.64864 6.3925
1092.3 230.597 4.19406 -2.75571 6.31587
1124.66 440.966 4.23373 -2.19118 6.44724
1019.48 606.834 4.86587 -1.75627 5.53702
1088.25 614.925 4.55974 -1.74901 5.95971
1096.35 513.786 4.39778 -2.03286 6.19183
1063.98 186.096 4.26579 -2.92726 6.12997
1015.43 105.184 4.41172 -3.32782 5.67189
1152.98 327.69 4.15477 -2.47743 6.20101
1000.26 232.62 4.5155 -2.85912 5.96152
1074.7 330.32 4.29848 -2.49787 6.41048
1065.4 311.71 4.26304 -2.5295 6.54268
1000.26 386.148 4.74934 -2.48665 5.52481
1097.96 260.534 4.17585 -2.64066 6.46656
1065.4 223.315 4.29532 -2.80262 6.159
1139.84 455.934 4.18602 -2.14092 6.55248
1121.23 372.191 4.19806 -2.37652 6.39455
1018.87 614.116 4.85036 -1.75909 5.56418
1088.66 614.116 4.50346 -1.76976 6.15944
1097.96 511.763 4.39803 -2.0326 6.18782
1153.79 325.667 4.13507 -2.46754 6.28101
1172.4 255.881 4.01445 -2.58508 6.4707
1075.4 165.858 4.16859 -2.91335 6.38292
1021.9 481.522 4.73283 -2.16817 5.57011
1021.9 310.314 4.44867 -2.62883 6.1452
1096.8 262.162 4.19675 -2.66036 6.32875
1091.45 230.061 4.16685 -2.72929 6.40492
1043.3 422.67 4.38603 -2.2946 6.46052
1128.9 438.72 4.24876 -2.20105 6.41899
1021.9 615.279 4.79414 -1.7726 5.71485
1086.1 615.279 4.53367 -1.76933 6.08218
1096.8 513.624 4.40847 -2.03362 6.15461
1016.55 101.655 4.41605 -3.34348 5.62329
1134.25 133.756 4.033 -2.89563 6.45054
1043.3 278.213 4.57559 -2.81355 5.41974
1171.7 251.462 3.98154 -2.57188 6.63576
1027.52 479.917 4.73443 -2.16996 5.58943
1039.82 276.875 4.60369 -2.82137 5.30767
1156.72 319.945 4.08305 -2.43815 6.55498
1095.2 221.5 4.16362 -2.74913 6.38878
1064.43 227.653 4.26245 -2.75618 6.35047
1125.96 436.848 4.23074 -2.20234 6.454
1119.81 375.32 4.21453 -2.36147 6.39589
1101.35 510.681 4.38701 -2.02667 6.21609
1070.58 147.667 4.17313 -2.9533 6.35839
1113.65 283.028 4.15256 -2.56793 6.46436
1095.2 258.417 4.14128 -2.60357 6.58447
196.889 307.639 5.64447 -2.88944 7.94515
209.195 159.972 5.63917 -3.22673 7.83486
566.056 264.57 7.86574 -4.26589 3.21058
602.973 270.723 8.71978 -4.60869 1.43271
584.515 319.945 8.09968 -3.90851 2.85787
295.334 498.376 6.09925 -2.5372 7.34475
166.125 596.82 5.57281 -2.28997 8.18149
289.181 449.153 6.01135 -2.63578 7.40264
153.82 455.306 5.66182 -2.56514 8.06439
486.07 516.834 7.19889 -2.56156 5.26295
498.376 566.056 8.04403 -2.38945 4.24202
479.917 399.931 7.69701 -3.23342 4.52309
830.626 356.862 6.74345 -3.27773 2.01284
738.334 239.959 7.16779 -4.24655 2.11743
707.57 344.556 10.3626 -4.64245 -3.1668
916.765 270.723 5.24469 -3.15412 4.47874
953.682 221.5 4.77815 -3.12255 5.28972
978.293 221.5 4.83297 -3.16637 4.89353
941.376 510.681 5.38374 -2.14402 4.5697
990.599 541.445 4.92987 -2 5.44879
916.765 479.917 5.4498 -2.2812 4.607
941.376 375.32 4.81681 -2.53426 5.85729
953.682 381.473 4.81009 -2.50329 5.74076
959.835 418.389 4.95479 -2.42558 5.38507
996.751 381.473 4.71613 -2.48901 5.63738
301.487 258.417 5.88199 -3.15049 7.39693
307.639 276.875 5.88144 -3.06778 7.38698
338.403 295.334 6.00582 -3.07683 7.12755
861.39 319.945 6.22017 -3.40388 2.74584
787.557 541.445 8.42338 -2.16063 -0.0575351
824.473 535.292 7.59305 -2.14405 0.909783
830.626 486.07 6.96661 -2.45086 2.09962
418.389 258.417 6.82146 -3.59582 5.83096
295.334 363.014 5.96804 -2.86334 7.37846
276.875 424.542 6.04148 -2.70526 7.4224
283.563 278.213 6.01129 -3.12587 7.36837
197.959 235.411 5.69835 -3.0597 7.83989
197.959 304.964 5.75907 -2.91886 7.81642
251.462 192.609 5.85243 -3.2582 7.53224
139.106 101.655 5.41134 -3.17703 8.1748
208.66 160.507 5.838 -3.3106 7.64618
583.177 321.015 8.12651 -3.89494 2.83872
444.071 101.655 6.78814 -4.387 5.46205
288.913 502.923 5.96318 -2.50641 7.49594
326.365 604.578 6.35334 -2.27365 7.05943
278.213 428.02 6.0682 -2.70456 7.37797
288.913 454.771 5.98448 -2.62672 7.44587
358.467 444.071 5.88526 -2.63174 7.30024
117.705 422.67 5.66246 -2.64369 8.12379
486.873 513.624 7.36585 -2.59264 5.03443
460.121 604.578 7.69286 -2.22114 4.98682
411.969 369.167 6.77048 -3.11 6.03785
492.223 444.071 7.04528 -2.87891 5.33977
802.537 240.761 6.88333 -4.21813 1.64632
930.943 235.411 5.06153 -3.21674 4.75075
973.745 299.614 4.87231 -2.8564 5.10249
914.893 481.522 5.54219 -2.28191 4.35779
952.344 385.218 4.90871 -2.52832 5.49943
957.695 422.67 4.88282 -2.41663 5.59886
995.146 502.923 4.89317 -2.11891 5.36177
898.842 353.116 5.45825 -2.86564 4.35072
476.172 315.665 7.48207 -3.67132 4.67249
369.167 283.563 6.6303 -3.37975 6.35696
401.269 267.512 6.51746 -3.43162 6.30205
294.264 246.111 5.91181 -3.16383 7.37587
299.614 171.208 5.954 -3.41235 7.25423
995.146 433.37 4.76128 -2.30623 5.75958
823.938 492.223 6.37383 -2.39006 3.36288
620.629 363.817 10.379 -4.43874 -1.18453
337.066 294.264 5.87419 -3.01932 7.27299
973.745 609.928 5.08458 -1.77828 5.31921
797.187 310.314 7.83448 -4.11483 -0.155086
283.796 274.491 5.92729 -3.08699 7.41156
260.534 102.353 5.81338 -3.49538 7.49694
120.962 125.615 5.38408 -3.10165 8.23528
209.358 162.834 5.57763 -3.17143 7.89222
535.025 274.491 9.08205 -4.64536 1.75235
595.506 269.839 8.57884 -4.54005 1.6333
479.196 311.71 7.47879 -3.67478 4.68212
530.372 93.0478 6.47255 -4.31339 5.26642
488.501 93.0478 6.64764 -4.35324 5.35591
279.143 567.592 6.22747 -2.3842 7.31253
330.32 600.158 6.29576 -2.27186 7.11477
144.224 525.72 5.59258 -2.43073 8.16619
125.615 576.896 5.56393 -2.33183 8.23161
153.529 600.158 5.6441 -2.30116 8.13698
293.101 414.063 6.38215 -2.84013 7.0101
130.267 432.672 5.6353 -2.60782 8.12923
153.529 460.587 5.65618 -2.5618 8.06504
590.854 590.854 13.193 -2.15645 -3.73723
404.758 553.634 7.06615 -2.45993 5.98276
358.234 595.506 6.49674 -2.28306 6.802
460.587 604.811 7.69286 -2.22114 4.98682
409.41 367.539 6.86144 -3.16235 5.93799
488.501 441.977 7.17237 -2.9075 5.1846
809.516 88.3954 5.43802 -4.05612 4.69726
511.763 376.844 8.77662 -3.71622 2.75881
297.753 246.577 5.94569 -3.1738 7.33279
307.058 279.143 5.88716 -3.06067 7.37309
334.972 288.448 6.02142 -3.08535 7.12426
828.125 469.891 6.80448 -2.54402 2.39657
921.173 316.363 5.06333 -2.85594 5.08439
977.002 218.662 4.68623 -3.07169 5.40961
990.959 279.143 4.88589 -2.94174 4.84367
479.196 562.939 7.92579 -2.41946 4.54304
423.368 246.577 6.925 -3.71951 5.67772
995.612 544.33 4.92316 -1.98639 5.40822
967.697 190.748 4.78246 -3.24821 5.12669
502.458 562.939 8.13279 -2.4101 4.09002
958.392 469.891 4.91352 -2.26202 5.63889
262.961 101.139 5.79954 -3.49816 7.50272
141.594 109.23 5.42296 -3.17306 8.15879
182.05 202.278 5.5725 -3.07463 7.96961
534.014 275.098 8.91859 -4.58976 2.01491
574.469 262.961 8.48189 -4.55723 2.07901
445.011 242.733 7.04006 -3.78919 5.38567
149.686 521.877 5.62155 -2.43621 8.13619
279.143 380.282 5.96223 -2.81838 7.44664
287.235 457.148 5.98563 -2.62183 7.44797
153.731 457.148 5.65138 -2.56089 8.06427
477.376 457.148 7.16843 -2.84592 5.29987
756.519 242.733 7.14161 -4.2676 1.84137
853.613 80.9111 5.296 -4.04226 4.53533
894.068 89.0023 5.13445 -3.95738 4.44729
966.888 133.503 4.73025 -3.45502 5.10743
667.517 388.373 14.9307 -5.51452 -9.8532
930.478 234.642 5.04502 -3.2094 4.78542
991.161 246.779 4.61783 -2.9232 5.61504
942.615 590.651 5.32075 -1.83364 4.9132
979.025 610.879 5.17149 -1.76195 5.10632
416.692 242.733 6.92408 -3.71798 5.69692
849.567 501.649 6.42367 -2.30247 2.97903
922.387 570.424 5.37128 -1.92107 4.89893
833.385 623.016 7.35231 -1.55637 1.65723
501.649 457.148 7.90089 -2.92092 4.20074
505.695 562.332 8.44967 -2.44407 3.67262
461.194 546.15 7.75706 -2.49057 4.81811
319.599 262.961 5.94286 -3.13033 7.24205
999.253 416.692 4.60694 -2.3542 6.0342
445.011 384.328 7.59217 -3.28892 4.88284
445.011 291.28 6.82591 -3.48458 5.71743
436.92 323.645 6.79538 -3.31442 5.84108
291.28 412.647 5.93175 -2.72312 7.46618
87.9469 270.876 5.34982 -2.81802 8.3759
263.841 102.018 5.80313 -3.49758 7.49203
256.805 197.001 5.8384 -3.24425 7.53494
182.93 204.037 5.55907 -3.07012 7.98394
496.02 341.234 7.58958 -3.55528 4.44734
372.895 172.376 6.39366 -3.70262 6.47209
249.769 601.557 5.95231 -2.28833 7.66142
151.269 520.646 5.70283 -2.45128 8.06224
411.591 362.341 6.90751 -3.19041 5.88741
358.823 443.252 5.90228 -2.63327 7.28125
851.326 263.841 6.20495 -3.7106 2.65854
749.307 348.27 9.75103 -4.45663 -3.01902
809.111 87.9469 5.43802 -4.05612 4.69726
668.396 119.608 7.06544 -4.93063 2.85698
921.683 485.467 5.54859 -2.2643 4.27215
661.361 386.966 14.5254 -5.36713 -8.91546
795.04 372.895 7.87819 -3.56821 0.0699989
499.538 513.61 7.90088 -2.66481 4.32432
320.127 263.841 5.81352 -3.08642 7.38529
819.665 496.02 6.97169 -2.41812 2.20896
851.326 562.86 6.77391 -1.96023 2.43664
875.951 299.019 5.83248 -3.30374 3.41949
921.683 323.645 5.21875 -2.90534 4.69304
446.77 386.966 7.34097 -3.21859 5.1971
932.237 401.038 5.14356 -2.5713 4.94847
833.737 622.664 7.41959 -1.55532 1.50268
446.77 288.466 7.00534 -3.56013 5.48493
981.487 608.592 5.08281 -1.77223 5.28114
946.309 636.735 5.59528 -1.61558 4.32716
446.77 587.485 7.683 -2.31955 5.07328
974.452 291.984 4.7579 -2.82203 5.45772
499.538 598.039 8.19482 -2.22141 4.07886
478.431 460.842 7.02981 -2.80362 5.47428
481.949 503.056 7.71413 -2.70838 4.67462
288.466 369.377 5.91635 -2.83495 7.46877
291.984 415.109 5.94816 -2.72788 7.43423
320.127 415.109 5.87005 -2.70546 7.43526
355.305 598.039 6.3972 -2.28258 6.91551
914.648 253.287 5.17789 -3.20669 4.62767
291.984 165.34 5.73555 -3.31415 7.50093
241.663 214.132 5.84474 -3.19447 7.57188
256.958 198.836 5.8954 -3.26837 7.47338
183.541 201.895 5.59124 -3.08092 7.95666
535.329 94.8297 6.4575 -4.30668 5.25191
578.155 104.007 6.36426 -4.25863 5.07931
397.673 104.007 7.01584 -4.42035 5.56114
483.326 94.8297 6.64845 -4.34636 5.38757
247.781 532.27 6.27125 -2.48017 7.35663
241.663 657.69 5.89393 -2.15507 7.77492
156.01 599.568 5.62894 -2.29561 8.14552
64.2395 425.204 5.57485 -2.60799 8.30075
706.634 348.729 10.1504 -4.5663 -2.73887
957.474 201.895 4.86486 -3.23484 5.04229
608.745 535.329 15.0464 -3.0395 -7.16643
847.349 559.801 6.77391 -1.96023 2.43664
495.562 654.631 7.9049 -1.90671 4.59924
942.179 214.132 4.89467 -3.20577 5.08706
975.828 214.132 4.72785 -3.11941 5.26872
917.707 324.256 5.32608 -2.93786 4.42191
364.024 247.781 6.67078 -3.54578 6.28789
942.179 302.843 5.09357 -2.94359 4.74796
798.405 305.902 7.80343 -4.14242 -0.194293
819.818 495.562 6.88314 -2.40124 2.38346
856.526 498.621 6.50679 -2.31801 2.76397
835.113 620.982 7.2864 -1.57811 1.75114
859.585 633.218 6.52105 -1.58249 3.10744
568.978 302.843 7.71425 -3.86807 3.47828
605.686 299.784 7.55707 -3.83457 3.3249
951.356 388.496 4.96016 -2.5393 5.33806
461.912 409.909 7.96292 -3.25396 4.33443
318.138 412.968 5.87392 -2.70174 7.42962
657.69 477.207 12.152 -3.46225 -4.46575
290.607 162.128 5.88397 -3.39334 7.34286
495.562 339.551 7.53255 -3.53842 4.52154
933.002 397.673 5.19659 -2.57442 4.83596
899.353 431.322 5.54622 -2.51007 4.37133
357.906 440.499 5.9341 -2.64637 7.24091
333.433 596.509 6.44409 -2.28809 6.9277
76.4756 312.02 5.39975 -2.76161 8.36363
61.1805 345.67 5.39149 -2.69656 8.40494
403.791 434.381 6.65088 -2.83102 6.31278
324.256 342.611 5.90423 -2.91939 7.33793
195.777 302.843 5.68542 -2.9006 7.89299
339.551 455.794 5.86966 -2.58912 7.37801
287.548 504.739 5.9719 -2.50275 7.49034
263.342 101.081 5.79366 -3.49414 7.49687
271.322 53.2004 5.75 -3.61856 7.4862
196.841 194.181 5.54195 -3.08039 7.97239
537.324 93.1007 6.41042 -4.2773 5.34516
135.661 521.364 5.57058 -2.43269 8.18826
284.622 460.183 6.01115 -2.62283 7.42424
130.341 436.243 5.6518 -2.60897 8.11623
53.2004 489.444 5.38089 -2.46587 8.46878
848.546 263.342 6.32438 -3.78622 2.33573
755.446 242.062 7.20306 -4.29239 1.72839
899.087 93.1007 5.11634 -3.93964 4.45592
492.104 412.303 8.10723 -3.29361 3.87349
625.105 569.244 15.6521 -2.43356 -8.3126
468.163 356.443 7.61131 -3.455 4.64972
976.227 215.462 4.65807 -3.07316 5.49394
824.606 566.584 7.33815 -1.95082 1.60541
928.347 569.244 5.51401 -1.90947 4.53582
800.666 305.902 7.80343 -4.14242 -0.194293
811.306 343.143 7.3846 -3.62665 0.798857
335.162 210.142 6.22434 -3.43955 6.8676
508.064 606.484 8.53292 -2.15679 3.63062
513.384 659.685 8.80589 -1.81014 3.3809
529.344 667.665 8.70811 -1.7573 3.34265
800.666 476.144 7.29738 -2.59365 1.70789
819.286 497.424 7.0862 -2.41658 1.96549
859.186 500.084 6.41753 -2.31663 2.92592
875.146 297.922 5.80754 -3.29138 3.49232
388.363 292.602 6.46309 -3.29525 6.43973
835.246 619.785 7.35253 -1.57986 1.6032
614.465 327.182 8.87466 -4.22635 1.19938
494.764 340.483 7.90386 -3.65572 4.02105
473.483 545.304 8.07505 -2.51372 4.39929
449.543 585.204 7.68199 -2.32007 5.05065
289.942 162.261 5.83875 -3.36511 7.39585
348.463 617.125 6.40422 -2.22119 6.93085
77.1406 313.882 5.40568 -2.76084 8.35775
61.1805 345.803 5.36145 -2.68862 8.4271
901.747 433.583 5.61019 -2.51232 4.18796
183.541 204.822 5.57728 -3.07026 7.96663
146.301 242.062 5.49833 -2.93691 8.13699
481.464 502.744 7.67938 -2.71025 4.70903
372.403 170.241 6.29097 -3.64866 6.5947
148.961 518.704 5.61607 -2.44087 8.13004
968.247 188.861 4.7518 -3.23923 5.20997
50.5404 526.684 5.40327 -2.41382 8.46042
106.401 521.364 5.55212 -2.43443 8.26179
659.685 388.363 15.5731 -5.65532 -10.6466
258.022 202.161 5.9833 -3.30067 7.38971
856.526 85.1206 5.25977 -4.01985 4.57492
250.042 601.164 5.89351 -2.28365 7.71327
239.402 662.345 6.00852 -2.15978 7.67012
508.873 453.36 7.6857 -2.95984 4.38504
490.369 564.387 8.17736 -2.41419 4.14836
548.195 585.204 9.23173 -2.24861 2.31353
939.103 587.517 5.47461 -1.83047 4.55199
467.238 356.211 7.50554 -3.42105 4.7842
564.387 451.047 8.93084 -3.22614 2.16455
943.729 215.115 4.96234 -3.25688 4.85929
969.172 316.889 4.83174 -2.75589 5.38364
892.841 612.961 6.11232 -1.68598 3.57325
279.88 270.628 5.93813 -3.09698 7.40336
321.515 259.063 5.85209 -3.11241 7.33808
846.58 559.761 6.92069 -1.97025 2.12701
818.823 497.308 7.04266 -2.41139 2.05079
987.677 566.7 5.01127 -1.90372 5.2894
809.571 344.646 7.38016 -3.61864 0.799817
407.099 256.75 6.73532 -3.55283 6.01241
284.506 372.403 5.88619 -2.81723 7.51404
319.202 416.351 5.88633 -2.70157 7.41531
966.859 612.961 5.2707 -1.72401 4.87771
918.285 326.142 5.22599 -2.89046 4.68979
446.421 386.281 7.3221 -3.2139 5.21228
936.789 233.619 5.04325 -3.22477 4.73616
878.963 270.628 5.70789 -3.40021 3.58551
913.659 277.567 5.3782 -3.19535 4.15497
286.82 562.074 6.20936 -2.38845 7.32
286.82 601.396 6.00409 -2.2729 7.50487
335.394 596.77 6.4039 -2.28496 6.97031
60.1396 344.646 5.34601 -2.6836 8.43754
934.476 395.533 5.13885 -2.56129 4.98462
902.094 432.542 5.50782 -2.4885 4.43201
277.567 154.975 5.79898 -3.34972 7.48204
305.324 631.466 6.34745 -2.19668 7.16744
136.471 520.439 5.55419 -2.42968 8.20454
50.8873 525.065 5.39208 -2.41211 8.46603
43.9482 596.77 5.44936 -2.31206 8.45779
92.5224 582.891 5.4918 -2.32269 8.34984
966.859 189.671 4.79626 -3.26993 5.05556
855.832 83.2702 5.25831 -4.01159 4.55582
723.988 309.95 8.94785 -4.50502 -0.99712
763.31 312.263 8.60901 -4.40431 -1.16432
263.689 101.775 5.78293 -3.49104 7.50356
164.227 124.905 5.48469 -3.19516 8.0489
247.497 534.317 6.2346 -2.47619 7.39615
249.811 601.396 5.89798 -2.28298 7.70733
670.788 67.0788 6.56113 -4.88904 3.65574
62.4526 425.603 5.53251 -2.5992 8.33386
811.884 247.497 6.87569 -4.16361 1.51126
497.308 94.8355 6.56024 -4.33027 5.38715
136.471 656.909 5.80475 -2.20577 8.07755
441.795 108.714 6.81289 -4.34308 5.47541
483.43 94.8355 6.61965 -4.33057 5.42897
124.905 416.351 5.65573 -2.6471 8.11802
557.448 275.254 8.74893 -4.54029 1.97383
897.467 74.0179 5.07187 -4.0004 4.53337
222.054 57.8265 5.57787 -3.4474 7.80674
492.682 525.065 7.29958 -2.53692 5.13159
579.271 76.4316 6.22515 -4.3153 5.24907
758.282 70.3975 5.54576 -4.13854 4.8725
561.169 446.521 9.62077 -3.39471 1.19957
279.579 271.533 5.93813 -3.09698 7.40336
321.817 257.454 5.84358 -3.11134 7.34414
846.781 559.157 6.94552 -1.97438 2.08656
864.884 573.237 6.33279 -1.90217 3.24987
895.054 349.976 5.43629 -2.85836 4.43507
917.179 327.851 5.25079 -2.89733 4.63221
820.634 496.805 7.02589 -2.40817 2.09165
864.884 504.851 6.27555 -2.26429 3.17308
967.463 615.475 5.2536 -1.72831 4.9178
408.305 257.454 6.84709 -3.60029 5.85373
446.521 386.181 7.34236 -3.21867 5.18481
474.68 368.078 7.65604 -3.40296 4.56247
388.192 317.794 6.45675 -3.19619 6.47118
408.305 353.999 6.63386 -3.12266 6.20753
891.031 520.941 6.01127 -2.14751 3.50056
440.487 659.725 7.39478 -1.99641 5.53092
987.576 569.214 5.01854 -1.90214 5.27327
535.021 281.59 8.80266 -4.49006 2.24689
889.02 229.295 5.68638 -3.64087 3.33737
295.669 418.362 5.97468 -2.71785 7.40811
317.794 416.351 5.89199 -2.70107 7.40878
353.999 438.476 5.83384 -2.62797 7.3591
315.783 541.055 6.07728 -2.42059 7.31301
195.102 301.704 5.6881 -2.90636 7.8901
170.965 199.124 5.52607 -3.05525 8.03821
880.974 364.056 5.71131 -2.88336 3.91377
903.099 436.464 5.46311 -2.47939 4.54097
480.714 500.828 7.72467 -2.71677 4.65086
301.704 653.691 6.23635 -2.14429 7.28869
669.782 118.67 7.06854 -4.93202 2.84348
62.3521 345.953 5.41873 -2.70382 8.37924
804.543 84.477 5.45277 -4.06425 4.67845
581.282 269.522 8.76913 -4.62646 1.58268
611.453 277.567 8.21572 -4.34697 2.08833
426.408 245.386 6.92954 -3.72055 5.65133
303.715 40.2271 5.92287 -3.81191 7.17661
965.451 132.75 4.71373 -3.44923 5.15179
967.463 189.068 4.79626 -3.26993 5.05556
722.077 311.76 8.94355 -4.50491 -1.00442
762.304 313.772 8.62621 -4.40587 -1.19907
720.066 347.965 10.123 -4.56062 -3.01857
267.51 494.794 6.17566 -2.56789 7.3564
247.397 535.021 6.20833 -2.47302 7.42528
249.408 601.396 5.9394 -2.28888 7.6675
671.793 54.3066 6.43245 -4.86773 3.87292
62.3521 426.408 5.57267 -2.61109 8.30204
211.192 168.954 5.6162 -3.18224 7.8526
60.3407 663.748 5.43959 -2.20785 8.44837
812.588 247.397 6.83257 -4.14378 1.60176
850.804 261.476 6.18483 -3.70728 2.68292
243.374 631.566 6.14365 -2.22677 7.53429
130.738 436.464 5.63013 -2.60493 8.13592
440.487 110.625 6.80688 -4.32999 5.49116
154.874 609.441 5.6844 -2.28194 8.09758
136.772 657.714 5.88634 -2.20805 8.00975
92.5224 80.4543 5.22806 -3.09046 8.39511
900.738 94.4463 5.1173 -3.93598 4.44811
958.455 659.375 5.34347 -1.56912 4.90357
904.236 475.73 5.59302 -2.32735 4.31671
893.742 521.204 5.97067 -2.14447 3.5914
802.794 472.232 7.18023 -2.61309 1.89663
820.284 498.467 6.96648 -2.39886 2.22389
858.762 498.467 6.38781 -2.31484 2.96871
823.782 376.036 7.2084 -3.31767 1.10706
921.726 626.144 5.81582 -1.63295 3.9704
893.742 669.869 6.16942 -1.41886 3.60853
916.479 676.865 5.76884 -1.45003 4.31685
937.467 540.443 5.32111 -2.02471 4.83884
940.965 594.662 5.41888 -1.80845 4.70319
974.196 136.422 4.6981 -3.43933 5.12261
984.69 318.319 4.76618 -2.73833 5.39483
669.869 155.662 7.69433 -5.12959 1.77218
673.367 50.7212 5.30662 -3.76261 6.17353
804.543 83.9523 5.4335 -4.05268 4.72326
841.272 90.9483 5.30274 -3.98626 4.64123
722.34 311.323 8.96951 -4.51544 -1.02129
764.316 313.072 8.71155 -4.44142 -1.35419
729.336 251.857 7.32842 -4.25028 1.92209
788.802 241.363 6.93415 -4.20702 1.75125
914.73 279.841 5.30782 -3.15275 4.33904
843.021 351.55 6.40364 -3.20458 2.63579
888.495 229.12 5.6354 -3.61166 3.48618
850.017 262.351 6.53086 -3.91011 1.76996
480.977 500.216 7.73444 -2.7231 4.63839
447.746 386.53 7.32917 -3.21489 5.2084
355.048 439.001 5.79713 -2.62296 7.40549
486.224 535.196 7.6558 -2.53019 4.76263
454.742 585.917 7.60889 -2.31492 5.10921
549.188 585.917 9.53794 -2.25974 1.89095
48.9722 524.702 5.39478 -2.41266 8.46767
125.928 418.012 5.65552 -2.64656 8.11926
283.339 461.738 5.9882 -2.6143 7.45511
283.339 416.263 5.99482 -2.7336 7.4227
136.422 657.626 5.81967 -2.20641 8.06076
59.4662 662.873 5.44569 -2.20732 8.44604
43.7252 598.16 5.42151 -2.30803 8.47756
316.57 540.443 6.13237 -2.42683 7.25644
321.817 571.925 6.18073 -2.34285 7.23311
246.61 535.196 6.19829 -2.46941 7.43361
440.75 110.187 6.81289 -4.34308 5.47541
482.726 96.1953 6.56431 -4.29569 5.51259
536.945 94.4463 6.40106 -4.27944 5.32857
470.483 288.586 8.16213 -4.08457 3.8272
444.248 341.056 7.11 -3.35838 5.41959
470.483 356.797 7.4102 -3.38912 4.90281
404.02 246.61 6.7815 -3.63396 5.9448
608.654 302.578 7.58917 -3.84759 3.23186
582.419 269.347 8.43618 -4.47446 2.10458
557.933 274.594 8.74359 -4.53456 2.00332
92.6973 80.4543 5.24684 -3.09959 8.37531
281.59 152.164 5.80145 -3.36781 7.45637
288.586 162.658 5.95667 -3.44079 7.28836
320.068 188.893 5.96478 -3.3804 7.18503
146.917 325.315 5.58275 -2.80723 8.09474
75.2073 314.821 5.40106 -2.75607 8.36625
61.2152 346.303 5.33758 -2.68044 8.44056
519.455 629.642 8.92134 -2.00954 3.09251
891.993 613.901 6.11218 -1.68803 3.57425
795.798 556.184 8.36981 -2.05204 -0.117135
491.471 412.765 7.86663 -3.22954 4.23534
524.702 571.925 8.75065 -2.37194 3.13946
874.503 529.949 6.19959 -2.12031 3.2923
795.798 631.391 8.77981 -1.39803 -0.568628
496.718 508.961 7.84881 -2.69259 4.38699
836.025 619.148 7.18822 -1.59885 1.93289
802.794 437.252 7.24233 -2.87332 1.64766
961.193 476.034 4.96258 -2.23951 5.49971
958.151 658.539 5.34347 -1.56912 4.90357
952.068 596.183 5.30572 -1.80588 4.89619
866.899 504.93 6.23188 -2.2592 3.27479
924.692 682.873 5.70025 -1.43112 4.4194
854.732 663.102 6.89205 -1.35053 2.46122
942.943 602.266 5.41586 -1.78005 4.7251
973.36 135.358 4.67645 -3.42386 5.18261
670.706 117.107 6.94084 -4.86361 3.07496
758.917 69.9603 5.61924 -4.19249 4.72899
900.358 94.2943 5.11255 -3.92994 4.44808
804.543 83.6481 5.39999 -4.02082 4.81039
720.895 348.28 10.1951 -4.57849 -3.13585
754.354 244.861 7.18725 -4.27161 1.78449
876.024 299.612 5.85074 -3.30976 3.36192
914.046 279.841 5.3047 -3.14824 4.3487
801.501 305.696 7.97273 -4.23021 -0.596508
813.668 247.903 6.84887 -4.14598 1.55797
480.596 476.034 7.63534 -2.83474 4.72104
447.137 386.302 7.36421 -3.22636 5.1572
354.364 438.012 5.86731 -2.63886 7.32597
533.827 386.302 9.25245 -3.80031 1.90013
454.742 584.016 7.47704 -2.30457 5.27371
517.097 666.143 8.60251 -1.79219 3.59377
79.0855 498.847 5.50247 -2.46576 8.33684
155.129 371.094 5.55609 -2.70845 8.11277
126.233 416.72 5.64825 -2.64678 8.12233
282.883 460.825 5.97688 -2.61188 7.46781
281.362 386.302 5.91997 -2.79545 7.4781
282.883 415.199 5.96486 -2.7266 7.45662
60.835 663.102 5.44831 -2.20611 8.44102
322.426 571.849 6.26034 -2.35118 7.14729
250.944 600.746 5.93546 -2.28736 7.67008
580.974 76.0437 6.23014 -4.31378 5.22737
448.658 288.966 7.04761 -3.58092 5.40985
445.616 340.676 7.08557 -3.34823 5.44839
409.115 354.364 6.8319 -3.19172 5.97438
533.827 281.362 8.88701 -4.52187 2.12039
582.495 269.195 8.27631 -4.39715 2.34612
126.233 135.358 5.35657 -3.0783 8.24986
319.384 187.068 5.88329 -3.33995 7.27119
305.696 41.0636 5.8733 -3.77354 7.22927
264.632 100.378 5.78009 -3.48815 7.50559
76.0437 314.821 5.40543 -2.75757 8.36147
523.181 602.266 8.82983 -2.17709 3.10867
836.481 617.475 7.18822 -1.59885 1.93289
847.127 638.768 7.19835 -1.4596 1.85068
518.618 541.432 8.58071 -2.55295 3.34963
489.722 555.119 8.00086 -2.45455 4.3452
803.022 649.414 8.28359 -1.30772 0.380626
492.763 392.386 7.79978 -3.3218 4.2798
518.618 399.99 8.5418 -3.48304 3.08423
366.531 247.903 6.54453 -3.49053 6.42238
270.716 211.402 5.98175 -3.28485 7.35348
285.924 196.193 5.72456 -3.21292 7.55224
892.754 612.913 6.12497 -1.68905 3.55122
322.426 202.276 6.00045 -3.34831 7.14717
841.044 282.883 6.41788 -3.6698 2.33683
839.523 307.217 6.40241 -3.50979 2.43485
976.402 219.006 4.73358 -3.10043 5.27616
929.255 240.298 5.10245 -3.22812 4.65645
392.386 293.529 6.58129 -3.33805 6.28597
323.946 257.028 5.846 -3.11343 7.34376
641.412 417.91 15.4196 -5.04481 -9.53262
855.657 662.573 6.90888 -1.3428 2.4227
973.36 136.217 4.6949 -3.43874 5.12652
998.487 222.18 4.65623 -3.06633 5.28183
669.185 173.247 5.1068 -3.15958 6.77047
900.622 95.22 5.11607 -3.93415 4.44133
812.015 92.575 5.42409 -4.01773 4.68877
737.955 347.818 9.9381 -4.49906 -3.09576
753.825 244.662 7.17252 -4.26115 1.82978
789.532 240.695 6.94032 -4.21375 1.72337
669.185 194.408 11.037 -7.03188 -4.37107
794.823 308.142 7.93514 -4.17283 -0.353355
814.66 330.625 7.28631 -3.70406 0.871208
941.62 218.212 4.95415 -3.23547 4.90677
879.462 272.435 5.8063 -3.44527 3.33397
814.66 248.63 6.92557 -4.18808 1.36707
338.56 595.125 6.36919 -2.28369 7.00245
154.732 370.3 5.54174 -2.70547 8.12614
283.015 415.265 5.97803 -2.72969 7.44468
245.985 534.29 6.20438 -2.47057 7.4268
441.715 109.768 6.78255 -4.31189 5.52868
482.712 96.5425 6.65352 -4.35085 5.38353
629.51 93.8975 7.04915 -5.0118 3.33266
388.815 318.723 6.47919 -3.20102 6.44443
408.652 256.565 6.7734 -3.58078 5.94425
568.675 304.175 7.77575 -3.89112 3.39535
609.672 302.853 7.539 -3.82943 3.30037
584.545 268.467 8.27425 -4.39595 2.35061
613.64 267.145 8.04356 -4.33801 2.33454
150.765 47.61 5.35833 -3.27215 8.16498
148.12 326.658 5.58988 -2.80906 8.08801
238.05 215.568 5.68118 -3.11726 7.74077
523.71 571.32 8.97038 -2.37759 2.85574
825.24 531.645 7.18611 -2.19765 1.74848
491.97 411.297 7.86663 -3.22954 4.23534
522.388 640.09 8.66473 -1.93266 3.42465
936.33 540.902 5.35121 -2.02412 4.7659
913.847 280.37 5.3047 -3.14824 4.3487
867.56 497.26 6.25355 -2.30527 3.17495
819.95 497.26 6.94249 -2.39555 2.28392
517.097 666.54 8.58082 -1.78875 3.61137
802.758 472.133 7.28423 -2.62403 1.69057
391.46 293.595 6.5522 -3.3213 6.31885
952.2 206.31 4.90492 -3.2766 4.87253
841.11 283.015 6.40872 -3.66728 2.35973
839.787 308.142 6.5225 -3.54333 2.20735
309.465 264.5 5.91228 -3.11775 7.32469
324.013 256.565 5.84458 -3.11475 7.34427
916.492 661.25 5.81051 -1.49705 4.16379
452.295 536.935 7.57069 -2.53479 5.10677
990.552 294.918 4.72926 -2.80914 5.35583
896.655 350.462 5.41626 -2.84865 4.48582
864.915 633.477 6.57469 -1.55881 2.93184
448.327 288.305 7.01654 -3.57155 5.44669
891.365 519.742 6.00716 -2.14535 3.52699
904.59 476.1 5.48948 -2.31449 4.58533
998.2 221.95 4.66549 -3.07313 5.2497
703.8 184 8.32699 -5.42531 0.00819391
859.05 86.25 5.24818 -3.99957 4.57182
722.2 311.65 8.91586 -4.49526 -0.909918
765.9 313.95 8.59264 -4.3922 -1.17561
737.15 348.45 10.0027 -4.52739 -3.22404
754.4 244.95 7.17394 -4.26098 1.83055
800.4 304.75 7.91882 -4.2035 -0.473225
941.85 218.5 4.85507 -3.16057 5.23604
319.7 419.75 5.95418 -2.71044 7.3458
138 656.65 5.82516 -2.20708 8.0562
92 587.65 5.51792 -2.32359 8.33102
583.05 149.5 7.4713 -4.80765 3.32029
580.75 75.9 6.21825 -4.30209 5.24228
537.05 98.9 6.37056 -4.2276 5.38611
441.6 330.05 7.03893 -3.37893 5.51881
492.2 393.3 7.80476 -3.32181 4.27723
492.2 411.7 7.86663 -3.22954 4.23534
547.4 380.65 10.0925 -4.11452 0.529272
963.7 240.35 4.85253 -3.0961 5.04921
830.3 611.8 7.2922 -1.64835 1.7851
368 249.55 6.66645 -3.54283 6.27584
403.65 246.1 6.79111 -3.63693 5.93479
448.5 288.65 7.06254 -3.58666 5.38566
468.05 540.5 7.5629 -2.50783 5.01079
948.75 509.45 5.24791 -2.13507 4.82405
803.85 85.1 5.42962 -4.04777 4.73342
992.45 455.4 4.79705 -2.27338 5.61739
994.75 481.85 4.79519 -2.18765 5.65674
761 102 5.62388 -4.03404 4.77325
670 155 7.69272 -5.12972 1.7699
887 229 5.67673 -3.63508 3.37836
584 150 7.54415 -4.86179 3.19514
585 278 8.65296 -4.48703 1.78001
