1183 286 26.2783 1.68812 9.90396
1141 276 26.3014 1.65457 9.79108
109 289 28.9445 2.15554 8.91829
973 337 26.4113 1.7403 9.14015
984 698 26.1302 2.71047 9.01797
915 485 26.376 2.17041 8.78171
82 391 28.8937 2.46934 8.98725
58 379 28.8349 2.4313 9.19272
1039 127 26.2888 1.03797 8.9662
1228 316 26.1556 1.71446 9.86296
1232 275 26.2359 1.67276 9.98365
1077 159 26.2885 1.24693 9.29569
1066.8 556.8 26.2287 2.25503 9.54824
1054.8 530.4 26.1569 2.20246 9.29582
1070.4 246 26.2629 1.4815 9.31717
987.6 270 26.4158 1.55413 9.16179
951.6 261.6 26.4995 1.53363 9.10045
956.4 246 26.4933 1.49801 9.10863
1068 216 26.2844 1.39856 9.30896
57.6 561.6 28.5774 2.85088 9.38753
27.6 570 28.6189 2.87298 9.42043
336 453.6 29.0492 2.77326 6.29687
871.2 310.8 26.5189 1.56551 8.22083
373.2 282 29.5845 1.60254 4.94492
955.2 369.6 26.4572 1.84277 9.19086
1016.4 295.2 26.3798 1.6393 9.3261
1005.6 282 26.3666 1.57703 9.17749
82.8 163.2 28.8937 1.83971 9.24691
186 154.8 28.9811 1.6487 8.66897
422.4 318 28.9117 1.83822 5.75981
938.4 453.6 26.439 2.07911 9.14701
1220.4 157.2 26.2202 1.39658 9.83715
945.6 297.6 26.4992 1.64414 9.12566
1054.8 288 26.3388 1.63255 9.46114
1243.2 170.4 26.1912 1.42696 9.87581
1144.8 118.8 26.2207 1.17864 9.47924
290.4 193.2 29.169 1.5155 7.45237
315.6 318 29.2461 2.02314 6.62024
326.4 313.2 29.2313 1.97997 6.53553
571.2 129.6 28.2891 0.287386 5.48433
415.2 630 28.0983 3.36087 7.35805
380.4 480 28.8804 2.94163 5.84798
876 214.8 26.5602 1.16424 8.10866
931.2 138 26.5438 1.06187 8.75988
661.2 60 27.6553 0.172836 6.73779
753.6 134.4 27.0596 0.57324 6.99597
1116 220.8 26.1576 1.38467 9.29512
1245.6 38.4 26.1909 1.122 9.79465
928.8 637.2 26.2739 2.60172 8.87212
657.6 580.8 27.0141 3.05625 6.29907
1156.8 626.4 26.1968 2.33103 9.89672
1117.2 482.4 25.9129 2.03732 9.07741
1086 392.4 26.1579 1.84146 9.32846
1052.4 400.8 26.1824 1.86559 9.19308
986.4 464.4 26.2049 2.06267 8.86706
934.56 676.8 26.2402 2.70542 8.90773
936 423.36 26.4609 1.99783 9.15374
27.36 302.4 28.8583 2.23956 9.3459
87.84 286.56 28.9622 2.16549 8.98061
169.92 475.2 28.9768 2.80066 8.20528
214.56 388.8 28.8852 2.4255 8.25996
188.64 388.8 28.9937 2.4531 8.21346
207.36 374.4 28.9853 2.38601 8.13199
966.24 666.72 26.2562 2.61048 9.17838
954.72 368.64 26.4549 1.84535 9.1911
1012.32 177.12 26.4189 1.31047 9.23126
1006.56 181.44 26.4031 1.28491 9.13795
993.6 158.4 26.4115 1.18354 9.02489
1182.24 213.12 26.2702 1.52716 9.84254
99.36 31.68 28.8859 1.50914 9.33549
1071.36 178.56 26.2857 1.30773 9.29663
214.56 243.36 29.0269 1.88715 8.23166
61.92 90.72 28.9059 1.69726 9.37818
817.92 306.72 26.6413 1.50546 7.73019
807.84 326.88 26.6446 1.57667 7.57979
1241.28 152.64 26.1922 1.38306 9.86252
159.84 133.92 28.9988 1.62487 8.79056
247.68 207.36 28.9939 1.70581 8.15786
921.6 485.28 26.3612 2.169 8.78306
944.64 296.64 26.4993 1.64385 9.11891
1015.2 295.2 26.3779 1.63814 9.32512
1000.8 283.68 26.3767 1.5851 9.16996
1098.72 299.52 26.3166 1.68752 9.65624
1072.8 303.84 26.3276 1.68074 9.54206
1045.44 213.12 26.3215 1.39423 9.23957
1067.04 557.28 26.2247 2.25637 9.54675
181.44 210.24 29.042 1.8206 8.48531
1173.6 79.2 26.1532 1.05425 9.44044
282.24 269.28 29.1101 1.86707 7.48066
453.6 365.76 28.689 2.09494 5.46821
970.56 416.16 26.3856 1.95854 9.1844
1147.68 144 26.2129 1.25107 9.50432
247.68 319.68 29.085 2.12433 7.70745
329.76 286.56 29.2387 1.83416 6.57143
221.76 286.56 29.3143 2.0115 7.54405
77.76 236.16 28.8426 2.04075 9.27012
164.16 267.84 28.9105 2.04301 8.73464
306.72 152.64 28.7199 1.4871 8.3383
285.12 136.8 28.8547 1.43404 8.28051
331.2 221.76 29.3404 1.46476 6.50409
372.96 342.72 29.4203 2.05278 5.12334
351.36 341.28 29.3665 2.09327 5.66763
421.92 328.32 28.8456 1.91786 5.91257
519.84 169.92 28.5422 0.686605 5.63295
586.08 180 28.0932 0.633796 5.53198
354.24 90.72 29.8372 0.380113 5.55576
82.08 619.2 28.0773 2.72798 10.0748
240.48 370.08 29.0367 2.35779 7.75309
119.52 437.76 28.8612 2.60802 8.80291
518.4 496.8 28.5086 3.20257 2.24302
403.2 442.08 28.8334 2.64657 5.73266
407.52 396 28.8524 2.36283 5.81084
347.04 496.8 28.6897 2.90285 6.98541
380.16 482.4 28.8666 2.93455 5.91002
335.52 453.6 28.9594 2.7502 6.57459
442.08 504 28.5519 3.04444 5.47199
809.28 223.2 26.6948 0.987039 7.11916
875.52 214.56 26.5597 1.15923 8.09587
727.2 208.8 27.1043 0.821086 6.36397
717.12 328.32 27.018 1.55047 6.45115
921.6 177.12 26.5261 1.16555 8.65797
902.88 135.36 26.5982 0.984654 8.53204
1126.08 347.04 26.1318 1.72724 9.42628
699.84 576 26.8048 2.91864 6.60953
771.84 365.76 26.6942 1.73657 6.93542
1146.24 561.6 26.0249 2.22116 9.50389
1238.4 551.52 25.7712 2.15544 9.4228
1156.32 626.4 26.1978 2.3308 9.89677
1195.2 668.16 25.9046 2.42839 9.56152
976.32 567.36 26.2998 2.3454 9.22497
1054.08 529.92 26.1558 2.20179 9.29433
1180.8 375.84 26.016 1.77774 9.47904
1116 482.4 25.9111 2.0369 9.07738
1051.2 400.32 26.1759 1.86166 9.1771
967.68 504 26.2493 2.1882 8.91176
984.96 465.12 26.2025 2.06122 8.84301
1065.6 512.64 26.1395 2.1551 9.2937
1047.17 520.128 26.1595 2.1887 9.27431
1114.56 221.184 26.1619 1.38692 9.30036
1119.74 212.544 26.1579 1.36186 9.3091
91.584 84.672 28.9097 1.63649 9.27146
205.632 221.184 29.0019 1.82824 8.40686
181.44 209.088 29.0554 1.82002 8.46058
661.824 355.968 27.2876 1.74404 6.07131
953.856 368.064 26.4537 1.84356 9.19069
1016.06 295.488 26.3786 1.63984 9.32602
1000.51 283.392 26.3896 1.60165 9.24423
1099.01 298.944 26.3173 1.68835 9.65671
134.784 122.688 28.9759 1.64628 8.96188
169.344 475.2 28.9455 2.77894 8.27109
945.216 297.216 26.5006 1.64142 9.11061
1073.09 181.44 26.2866 1.30466 9.29538
1086.91 157.248 26.2712 1.242 9.31929
255.744 421.632 29.1886 2.61859 7.13578
950.4 171.072 26.4814 1.17603 8.79874
1088.64 549.504 26.1378 2.22756 9.45109
1088.64 544.32 26.1268 2.21976 9.421
290.304 324.864 29.0957 2.10974 7.27339
331.776 221.184 29.2787 1.48059 6.66412
316.224 212.544 29.2086 1.52421 7.05356
464.832 387.072 28.6992 2.2318 5.00985
470.016 368.064 28.7193 2.08111 4.89486
801.792 300.672 26.6718 1.42859 7.33695
810.432 283.392 26.6847 1.40637 7.64252
1055.81 286.848 26.3286 1.62157 9.41575
89.856 376.704 28.8439 2.41837 9.04743
316.224 423.36 29.3154 2.64537 6.00961
812.16 266.112 26.7002 1.32615 7.68323
960.768 333.504 26.4403 1.73167 9.12447
1045.44 212.544 26.3221 1.39292 9.24295
333.504 255.744 29.3136 1.63728 6.43031
1154.3 74.304 26.2024 1.05182 9.44969
960.768 423.36 26.4158 1.98499 9.2062
283.392 468.288 28.9743 2.80516 7.1926
307.584 276.48 29.2393 1.82256 6.86065
288.576 224.64 29.1725 1.6441 7.39284
274.752 195.264 29.2422 1.53764 7.45712
259.2 388.8 29.0825 2.44285 7.43997
290.304 240.192 29.2086 1.70757 7.25363
164.16 267.84 28.938 2.04016 8.67671
138.24 255.744 28.9096 2.03095 8.87805
129.6 316.224 28.8432 2.22578 8.96018
238.464 139.968 29.1004 1.44972 8.15235
307.584 153.792 28.7012 1.49445 8.39562
60.48 158.976 28.8585 1.86278 9.38639
105.408 181.44 28.9473 1.85436 9.05179
530.496 196.992 28.4304 0.868502 5.59201
635.904 202.176 27.724 0.706895 5.62014
571.968 207.36 28.0323 0.997098 6.30423
628.992 314.496 27.8875 0.998488 1.45899
373.248 274.752 29.4422 1.60744 5.38397
338.688 292.032 29.3792 1.81316 6.05088
425.088 278.208 28.9165 1.60175 5.87006
565.056 108.864 28.3396 0.223235 5.60615
573.696 43.2 28.1528 0.23532 6.84491
535.68 183.168 28.5077 0.663653 5.13703
520.128 171.072 28.58 0.652761 5.44892
587.52 179.712 28.0871 0.645167 5.62935
570.24 129.6 28.1643 0.502004 6.20014
354.24 89.856 29.8432 0.37265 5.544
309.312 648 28.3598 3.35699 7.98604
240.192 369.792 29.0479 2.36142 7.72519
205.632 470.016 28.966 2.7791 7.98428
79.488 426.816 28.8331 2.57186 9.05206
120.96 437.184 28.8834 2.61272 8.76342
100.224 447.552 28.8304 2.63449 8.92998
366.336 577.152 28.5188 3.29865 6.89882
552.96 499.392 28.0622 3.08758 3.04229
404.352 430.272 28.8632 2.5844 5.64183
442.368 412.992 28.6149 2.42723 5.81509
347.328 495.936 28.6781 2.89598 7.03195
848.448 274.752 26.559 1.35004 7.80679
945.216 330.048 26.4881 1.7448 9.15751
727.488 209.088 27.1182 0.762698 6.11769
779.328 336.96 26.7108 1.59235 6.98294
817.344 65.664 26.8177 0.108273 6.95234
1211.33 207.36 26.2374 1.51232 9.87888
1161.22 354.24 26.0632 1.73994 9.46513
948.672 255.744 26.5027 1.51691 9.07646
1007.42 233.28 26.4175 1.46897 9.27493
1059.26 321.408 26.3408 1.72893 9.51554
1240.7 152.064 26.1908 1.38268 9.85899
1040.26 120.96 26.2843 1.02619 8.96942
936.576 673.92 26.2388 2.70178 8.90845
699.84 577.152 26.8059 2.90311 6.73191
760.32 549.504 26.5433 2.68764 6.77316
648 651.456 27.0243 3.13898 7.70634
781.056 622.08 26.4775 2.90064 7.58678
1162.94 606.528 26.1863 2.29196 9.87867
1238.98 551.232 25.7657 2.14898 9.41079
1126.66 682.56 25.9411 2.53121 9.36563
1195.78 668.736 25.9011 2.42812 9.54837
950.4 533.952 26.2891 2.2957 8.92306
988.416 611.712 26.0527 2.50734 8.71625
1088.64 660.096 25.9874 2.50682 9.25834
1173.31 445.824 26.2194 1.98398 9.86813
969.408 502.848 26.2508 2.18786 8.91184
1016.06 452.736 26.2659 2.02776 9.21886
984.96 464.832 26.2325 2.07009 8.94532
412.992 184.896 30.2447 0.359768 2.72591
205.286 120.269 29.0057 1.50976 8.54655
275.789 414.72 29.1349 2.57278 7.07483
1005.7 246.758 26.4085 1.50416 9.24873
982.887 250.906 26.4664 1.53848 9.28357
1053.39 286.157 26.324 1.62135 9.41595
1109.38 93.312 26.2281 1.05822 9.28946
186.624 275.789 28.965 2.04401 8.49356
213.581 244.685 28.9513 1.89798 8.39679
420.941 337.997 28.8355 1.99326 5.91622
1155 539.136 26.0146 2.1657 9.48327
810.778 265.421 26.6902 1.29757 7.51614
825.293 248.832 26.6438 1.23505 7.59292
267.494 387.763 29.0996 2.43388 7.32689
288.23 269.568 29.1674 1.8514 7.26321
267.494 340.07 27.7475 2.1898 10.382
1088.64 545.357 26.1223 2.2206 9.42025
1074.12 537.062 26.171 2.21419 9.45146
182.477 149.299 29.057 1.62521 8.54087
149.299 153.446 28.9561 1.72497 8.89395
159.667 132.71 28.9384 1.64387 8.91154
317.261 358.733 29.2246 2.25541 6.50601
970.445 350.438 26.4106 1.77625 9.14676
943.488 350.438 26.4844 1.80334 9.17988
976.666 340.07 26.4114 1.74568 9.17007
250.906 344.218 29.0572 2.2491 7.67711
315.187 317.261 29.3013 2.01633 6.45461
255.053 203.213 29.0865 1.66423 7.93391
240.538 284.083 29.0315 2.00599 7.9733
207.36 282.01 28.9889 2.03887 8.29992
78.7968 236.39 28.851 2.04146 9.2535
138.931 255.053 28.9039 2.02932 8.88514
95.3856 315.187 28.8865 2.24748 9.02696
66.3552 308.966 28.7336 2.23548 9.39489
155.52 327.629 28.9333 2.25013 8.64617
170.035 282.01 28.9506 2.08807 8.61885
128.563 315.187 28.8719 2.22519 8.90725
199.066 66.3552 28.703 1.48708 9.18248
269.568 165.888 29.4018 1.36539 7.25251
306.893 151.373 28.7101 1.4864 8.35569
277.862 136.858 28.8492 1.45056 8.33395
103.68 180.403 28.9364 1.85505 9.07191
66.3552 161.741 28.8853 1.85447 9.31504
39.3984 141.005 28.855 1.84264 9.47975
530.842 196.992 28.4177 0.883087 5.62561
607.565 263.347 28.0694 0.734186 3.07048
555.725 348.365 27.5537 2.01409 8.91852
590.976 331.776 28.2001 1.34637 1.78572
628.301 315.187 27.8708 1.01562 1.65181
597.197 317.261 28.1656 1.1705 2.04872
470.707 261.274 28.6411 1.42623 5.9366
431.309 273.715 28.9717 1.52952 5.54842
454.118 201.139 29.6513 0.518485 3.23079
445.824 284.083 28.7657 1.59562 5.87395
574.387 43.5456 28.1423 0.234397 6.88166
534.989 186.624 28.4016 0.781836 5.67237
628.301 184.55 27.8076 0.580638 5.47023
265.421 601.344 28.767 3.37314 7.4753
308.966 646.963 28.2235 3.2279 8.42467
51.84 559.872 28.5995 2.85308 9.37057
236.39 404.352 29.0558 2.52251 7.68737
221.875 369.101 28.9592 2.36533 8.07968
219.802 487.296 28.9177 2.84655 7.89304
72.576 501.811 28.9028 2.81966 8.87473
49.7664 505.958 28.8334 2.80409 9.07504
43.5456 481.075 28.8644 2.73445 9.08111
555.725 493.517 27.9067 2.90455 4.31073
408.499 393.984 28.8868 2.35457 5.67547
460.339 416.794 28.778 2.4761 4.52962
412.646 369.101 28.8483 2.18642 5.89683
379.469 481.075 28.9447 2.95991 5.63549
895.795 257.126 26.4797 1.34543 8.28092
667.699 267.494 27.4074 1.11706 5.58188
653.184 205.286 27.9412 -0.447401 0.599665
717.466 325.555 27.0136 1.52794 6.34018
875.059 87.0912 26.4464 0.0623588 6.68815
680.141 149.299 27.5169 0.250025 5.45479
752.717 132.71 27.0772 0.735571 7.475
1161.22 354.586 26.0636 1.73848 9.46551
1065.83 199.066 26.2861 1.35417 9.2849
943.488 296.525 26.5046 1.64261 9.10865
1227.57 70.5024 26.2852 1.26917 9.93303
1152.92 122.342 26.197 1.17822 9.47932
1219.28 155.52 26.201 1.37489 9.81059
949.709 170.035 26.4832 1.18379 8.82225
1072.05 180.403 26.2847 1.30707 9.29615
1055.46 190.771 26.3066 1.32862 9.25743
935.194 526.694 26.3183 2.28059 8.87271
935.194 673.92 26.2382 2.70834 8.90795
663.552 568.167 26.9909 2.96504 6.43186
744.422 588.902 26.5725 2.90913 6.82165
798.336 437.53 26.5702 2.08755 7.53976
862.618 400.205 26.4322 1.8704 8.01842
937.267 452.045 26.4387 2.0784 9.14755
649.037 373.248 27.3965 1.80768 5.12894
783.821 425.088 26.6661 2.04922 7.54557
767.232 487.296 26.6225 2.35101 7.23993
1113.52 665.626 25.9665 2.4954 9.34184
976.666 566.093 26.2966 2.34615 9.21177
1032.65 534.989 26.1938 2.22987 9.26698
1088.64 659.405 25.9864 2.50743 9.25826
1045.09 638.669 26.011 2.50473 9.03858
1179.88 375.322 26.0166 1.77359 9.46192
982.887 441.677 26.335 2.01797 9.18432
993.255 398.131 26.2818 1.88636 9.01009
958.003 396.058 26.4365 1.91689 9.19052
1034.73 429.235 26.2888 1.9714 9.38708
999.475 516.326 26.1721 2.20233 8.98057
968.371 501.811 26.2501 2.18626 8.90767
1082.42 501.811 26.1056 2.11541 9.30675
1055.46 518.4 26.1524 2.16272 9.27678
659.405 58.0608 27.6434 0.233747 6.90891
443.75 568.167 28.1298 3.16949 6.88453
412.646 182.477 30.1962 0.372207 2.86022
352.512 85.0176 29.7941 0.391461 5.67177
526.694 107.827 28.4476 0.464124 6.33253
296.11 353.341 29.235 2.27038 6.75009
793.774 358.318 26.6412 1.67418 7.23808
826.122 248.832 26.6527 1.24253 7.67749
793.774 258.785 26.7217 1.20174 7.13797
308.552 273.715 29.1507 1.82842 7.08524
318.505 256.297 29.216 1.70907 6.89848
960.492 423.014 26.4108 1.99231 9.20862
266.25 599.685 28.6402 3.26961 7.83753
442.921 567.337 28.1112 3.15355 6.98674
781.333 278.692 26.7425 1.24723 6.72394
1092.37 510.106 26.1843 2.12976 9.54047
564.849 109.486 28.4426 0.0678947 5.06361
569.825 206.531 28.1798 0.841932 5.50939
246.344 527.524 28.5005 2.85875 8.52224
771.379 365.783 26.6886 1.73075 6.91819
699.218 574.802 26.8011 2.92142 6.55448
664.382 569.825 26.9908 2.9751 6.33788
758.938 475.269 26.6205 2.31126 6.86981
1169.51 445.409 26.2231 1.98582 9.86746
778.844 335.923 26.7984 1.71097 7.99901
1037.63 119.439 26.2854 1.01283 8.95414
1229.23 661.893 25.8442 2.40216 9.57442
1087.4 656.917 25.9752 2.50142 9.20963
1117.26 139.346 26.2454 1.22963 9.43284
1219.28 520.059 25.8193 2.08598 9.40196
306.063 149.299 28.6753 1.49109 8.477
1050.07 398.131 26.1764 1.86384 9.16867
1159.56 353.341 26.0836 1.74187 9.49211
933.12 437.944 26.458 2.03611 9.14581
888.33 432.968 26.4324 2.01912 8.55143
413.061 368.271 28.8557 2.17878 5.8559
982.887 661.893 26.2469 2.57293 9.23525
987.863 609.638 26.1039 2.4921 8.84755
1072.47 298.598 26.3367 1.66931 9.54868
1092.37 378.225 26.1507 1.80598 9.32606
345.877 495.176 28.6847 2.90281 7.02623
1224.25 276.204 26.2514 1.6741 9.98182
1189.42 261.274 26.2673 1.63856 9.8987
1209.32 204.042 26.2348 1.50591 9.87726
97.0445 313.528 28.8481 2.24531 9.09915
64.6963 308.552 28.8302 2.23692 9.25651
589.732 333.435 28.2667 1.31195 1.35615
425.503 278.692 28.9565 1.59345 5.70407
455.363 204.042 30.0367 0.282357 1.81468
923.167 176.671 26.5176 1.1582 8.62526
935.608 527.524 26.3206 2.27932 8.86711
1129.7 228.925 26.1091 1.39169 9.27563
1102.33 216.484 26.1766 1.37395 9.25261
111.974 243.855 28.9014 2.03442 9.02804
47.2781 221.461 28.8401 2.04052 9.39655
186.624 104.509 28.9931 1.50657 8.69511
136.858 64.6963 28.8714 1.52668 9.18433
841.052 435.456 26.4405 2.04847 7.79635
860.959 398.131 26.3978 1.86017 7.81509
1079.93 502.641 26.1107 2.13057 9.30706
1032.65 512.594 26.1293 2.16937 9.08863
1062.51 460.339 26.2759 2.04445 9.54008
1017.72 450.386 26.2669 2.02799 9.21888
1229.23 69.673 26.2842 1.2694 9.93298
166.717 263.762 28.9885 2.0302 8.57586
139.346 253.809 28.834 2.03398 9.01339
181.647 209.019 28.9616 1.82791 8.64428
833.587 228.925 26.6223 1.1191 7.54236
1020.21 134.369 26.3134 1.06264 8.91983
248.832 318.505 29.0727 2.13086 7.74153
156.764 196.577 28.9525 1.83641 8.79245
935.608 452.874 26.4379 2.07524 9.14775
977.91 323.482 26.3936 1.71494 9.1201
943.073 328.458 26.4935 1.74116 9.15264
1000.3 283.669 26.3767 1.5851 9.16996
238.879 457.851 29.0189 2.75962 7.59118
204.042 467.804 28.9599 2.78432 8.00924
236.39 403.108 29.0572 2.51953 7.68206
169.206 415.549 28.9469 2.56809 8.37128
149.299 378.225 28.9121 2.42034 8.6388
1007.77 420.526 26.3278 1.95228 9.29294
204.042 216.484 29.0088 1.8253 8.38908
477.758 306.063 28.8608 1.56572 4.57774
353.341 87.0912 29.8493 0.37361 5.52538
567.337 125.411 28.3133 0.29674 5.53074
773.37 367.276 26.6862 1.72398 6.82308
1167.52 307.556 26.2969 1.73499 9.89312
98.5375 531.505 28.6337 2.81978 9.14343
677.818 262.767 27.3849 1.07183 5.66667
1042.11 633.029 26.022 2.50145 9.04195
1176.48 591.225 26.1754 2.26242 9.90366
1197.38 528.519 25.9433 2.119 9.51012
1182.45 534.491 25.975 2.14804 9.52565
779.342 337.416 26.7357 1.62878 7.34572
719.622 322.486 27.0048 1.5251 6.47168
432.968 465.814 28.5994 2.78169 5.69384
615.113 197.075 27.8372 0.764607 5.77551
594.211 143.327 28.0825 0.401424 5.6659
501.645 313.528 29.2322 1.36374 1.88239
1179.46 376.234 26.021 1.77353 9.46224
1140.65 343.388 26.1215 1.73283 9.47267
1125.72 289.641 26.3053 1.68448 9.75253
1095.86 283.669 26.326 1.65834 9.65746
1021.21 450.884 26.2913 2.02937 9.31141
737.538 585.253 26.612 2.90179 6.78566
785.314 549.421 26.5092 2.57521 7.50374
889.823 432.968 26.4326 2.02154 8.55517
949.543 167.215 26.4712 1.14006 8.69327
985.375 250.823 26.18 1.25092 8.26503
949.543 250.823 26.5027 1.51691 9.07646
1039.12 429.982 26.2855 1.97181 9.39095
1048.08 397.136 26.1721 1.85861 9.14057
167.215 262.767 29.0146 2.02426 8.53366
615.113 355.332 27.9443 1.5126 1.48092
630.043 319.5 27.7167 1.21281 2.99546
1155.58 83.6076 26.1987 1.0772 9.45366
1212.31 203.047 26.2348 1.50591 9.87726
1221.27 155.271 26.2102 1.38164 9.81028
836.076 510.603 26.4801 2.33763 8.23554
931.627 438.94 26.4576 2.03368 9.13217
979.403 564.351 26.2985 2.339 9.22239
1045.09 212.005 26.3096 1.37093 9.18519
1092.87 379.22 26.1588 1.81162 9.32818
1188.42 262.767 26.2661 1.63545 9.89889
1179.46 209.019 26.2691 1.51577 9.83281
65.6917 307.556 28.8301 2.23687 9.24995
1086.9 543.449 26.1418 2.21191 9.44561
59.7197 376.234 28.8046 2.41887 9.23876
462.828 409.08 28.8387 2.45902 4.22176
435.954 409.08 28.9237 2.44312 4.70007
465.814 385.192 28.624 2.23344 5.40347
940.585 450.884 26.4403 2.0631 9.14848
1071.97 179.159 26.2992 1.32885 9.35897
1066 558.379 26.2309 2.26207 9.56163
1104.81 217.977 26.1772 1.38458 9.31009
104.509 176.173 28.8789 1.86382 9.19277
65.6917 158.257 28.9016 1.85265 9.29278
949.543 415.052 26.4487 1.97046 9.19296
958.501 397.136 26.4477 1.92431 9.24504
119.439 489.701 28.8649 2.78741 8.72357
86.5936 453.87 28.8908 2.66609 8.88288
59.7197 95.5515 28.8982 1.70198 9.38725
827.118 247.837 26.6496 1.23891 7.64741
836.076 226.935 26.6249 1.12892 7.59282
806.216 217.977 26.6925 0.928579 6.87949
468.8 346.374 28.9144 1.86516 4.13055
477.758 304.57 28.8556 1.57512 4.62531
176.173 489.701 28.917 2.83984 8.24536
853.992 316.514 26.5415 1.57864 8.03907
155.271 128.397 28.9264 1.63936 8.94922
325.472 337.416 29.4166 2.11709 5.96178
173.187 373.248 28.917 2.39984 8.49721
149.299 376.234 28.9364 2.42389 8.58422
319.5 397.136 29.2879 2.47393 6.16842
319.5 259.781 29.2509 1.69676 6.80834
662.889 570.323 26.9926 2.97933 6.39145
647.959 203.047 27.654 0.599392 5.04954
659.903 56.7337 27.6668 0.183016 6.77318
782.328 277.697 26.7417 1.26187 6.88269
633.029 495.673 27.3277 2.8021 3.99761
415.052 522.547 28.7627 3.25137 5.16302
570.323 606.155 27.4514 3.18369 6.94928
636.015 531.505 27.2188 2.89964 5.63324
265.753 600.183 28.6089 3.26129 7.91622
453.87 200.061 30.0408 0.271012 1.82817
343.388 197.075 29.1334 1.3872 6.90338
609.141 262.767 28.003 0.833321 3.65956
209.019 122.425 29.1268 1.46273 8.30142
734.552 584.059 26.6365 2.88337 6.96462
1039.12 634.223 26.0188 2.50081 9.04139
1203.95 171.993 26.247 1.43474 9.84805
1010.46 490.896 26.1458 2.1208 8.93952
1060.62 318.903 26.3412 1.7029 9.52502
1031.96 422.815 26.2887 1.95981 9.38542
1049.87 394.15 26.1735 1.85653 9.15933
1193.2 390.567 25.9798 1.80513 9.463
938.794 451.481 26.4395 2.06652 9.1482
96.7459 311.737 28.8884 2.22613 9.02539
924.461 483.73 26.3388 2.15738 8.71413
1010.46 182.742 26.3863 1.29155 9.12318
1021.21 136.161 26.3128 1.06452 8.92017
1064.2 558.976 26.2262 2.25942 9.54934
404.9 494.479 28.6577 2.9494 6.1253
351.152 483.73 28.8784 2.94581 6.46895
888.629 433.565 26.5243 2.04624 9.0128
978.209 566.143 26.2964 2.33549 9.22308
935.21 530.311 26.3146 2.28392 8.88613
1003.29 171.993 26.5775 1.45427 9.69789
329.653 455.064 28.9776 2.75369 6.56404
587.642 333.236 28.3857 1.26437 0.54967
634.223 311.737 27.6008 1.32904 4.17264
591.225 315.32 28.2338 1.15025 1.74847
784.717 548.227 26.5179 2.58161 7.53577
928.044 329.653 26.5239 1.73878 9.13734
859.964 200.658 26.6227 1.12336 8.11593
999.708 283.071 26.3712 1.58568 9.17349
949.543 250.823 26.4983 1.51185 9.07693
1003.29 247.24 26.3874 1.48518 9.16748
1132.29 390.567 26.1191 1.83152 9.4697
472.98 272.322 28.8484 1.36412 4.90323
426.399 283.071 28.9582 1.60136 5.68607
412.066 222.157 29.0155 1.28954 6.09144
834.881 508.812 26.4843 2.32611 8.31476
842.048 437.148 26.3649 2.02033 7.27765
1078.54 580.475 25.9969 2.31739 9.10657
1132.29 523.145 26.0479 2.14893 9.44954
1117.95 225.74 26.124 1.38571 9.25326
1103.62 218.574 26.1845 1.38473 9.31008
136.161 68.0805 28.8542 1.54163 9.22218
89.5795 89.5795 28.9218 1.64647 9.25006
207.825 336.819 29.2396 2.25039 7.71947
462.23 408.483 28.8334 2.4469 4.19354
433.565 408.483 28.743 2.41241 5.47445
938.794 351.152 26.4778 1.79687 9.11752
978.209 297.404 26.4195 1.63305 9.14181
236.49 404.9 29.0526 2.51618 7.69383
931.627 419.232 26.4654 1.98057 9.09246
956.709 394.15 26.4399 1.91801 9.19129
469.397 347.569 28.7576 1.88913 4.8395
422.815 333.236 28.764 1.96832 6.18792
476.563 308.154 28.8898 1.55864 4.38818
444.315 286.655 28.797 1.60822 5.83012
637.806 433.565 27.3646 2.31872 5.15207
576.892 419.232 28.2422 2.33271 0.973379
171.993 415.649 28.9546 2.55733 8.3729
150.494 376.234 28.9088 2.41701 8.64214
143.327 469.397 28.9334 2.74622 8.47606
1150.2 541.06 26.0605 2.17844 9.56597
652.139 444.315 27.2007 2.28442 6.46194
766.801 426.399 26.6547 2.03779 6.91389
748.885 143.327 27.1026 0.416605 6.37051
677.221 204.241 27.4257 0.720512 5.72802
781.134 336.819 26.6819 1.57868 6.98513
781.134 279.488 26.7415 1.27919 6.95435
666.472 268.739 27.3472 1.34205 6.93427
451.481 476.563 29.0345 3.13546 2.88757
412.066 523.145 28.7339 3.22749 5.39277
569.726 648.556 27.3719 3.24191 7.47786
501.645 594.808 27.7442 3.16058 7.24364
455.064 204.241 29.963 0.313032 2.13709
1178.15 374.084 26.0201 1.78962 9.46667
90.2962 90.2962 28.946 1.63238 9.21826
326.786 455.781 29.0611 2.78305 6.38637
1066.35 558.976 26.2316 2.26736 9.56203
1001.86 515.978 26.1763 2.19842 8.98075
1062.06 318.187 26.3479 1.72448 9.54612
1195.35 528.878 25.95 2.12539 9.52368
1152.35 537.477 26.051 2.17374 9.55047
481.58 305.287 28.7333 1.60583 5.01382
924.461 176.293 26.5058 1.14938 8.58498
1083.55 507.379 26.1275 2.12975 9.32618
85.9964 451.481 28.8315 2.64786 9.00256
950.26 249.389 26.4976 1.50768 9.07721
128.995 382.684 28.8813 2.42933 8.78521
477.28 270.889 28.7396 1.40793 5.43548
997.558 408.483 26.2851 1.89989 9.05365
993.258 395.583 26.2957 1.88338 9.03612
1023.36 137.594 26.34 1.09691 9.00762
786.867 343.985 26.651 1.6402 7.07154
855.664 313.887 26.5506 1.58485 8.14775
838.465 223.591 26.6211 1.10424 7.54497
924.461 481.58 26.3496 2.16231 8.78993
976.059 335.386 26.4124 1.74045 9.12732
941.66 348.285 26.4841 1.80252 9.18947
980.359 296.687 26.4166 1.63102 9.14111
941.66 300.987 26.5049 1.65932 9.11621
1062.06 202.091 26.3182 1.37621 9.31203
150.494 374.084 28.835 2.40044 8.8095
425.682 494.479 28.8122 3.09157 4.60274
283.788 442.881 29.4266 2.80916 6.11106
1105.05 219.291 26.1788 1.38713 9.28116
232.19 245.09 29.0879 1.86503 8.00851
275.188 313.887 29.0714 2.08499 7.52017
941.66 451.481 26.4399 2.06476 9.14834
1160.95 464.38 26.2334 2.02075 9.86727
980.359 563.276 26.2515 2.34562 9.17085
1079.25 580.475 25.9982 2.31958 9.1062
653.572 442.881 27.2481 2.31812 5.5292
773.967 365.485 26.6821 1.74527 7.0103
692.271 597.675 26.7887 3.04424 6.67013
662.172 571.876 27.0027 3.00448 6.20243
950.26 163.393 26.4725 1.14448 8.70503
1113.65 98.8958 26.2282 1.07834 9.30529
1165.25 300.987 26.279 1.71627 9.85718
1070.65 292.388 26.3411 1.66915 9.56077
902.962 128.995 26.6049 0.997921 8.55363
649.273 331.086 27.4657 1.41635 4.37363
404.183 507.379 29.0257 3.2577 4.64424
98.8958 601.975 28.3514 2.87688 9.5513
348.285 511.678 29.2201 3.26157 5.07224
455.781 202.091 29.963 0.313032 2.13709
627.773 133.294 27.8928 0.228092 5.52932
425.682 331.086 28.8145 1.93717 5.93201
610.574 266.589 28.1945 0.575075 1.93567
319.906 263.149 29.3956 1.6856 6.3624
314.747 319.906 29.4986 2.01464 5.81851
949.4 252.829 26.5019 1.51265 9.07674
1026.8 211.551 26.3492 1.37863 9.19425
1057.76 201.231 26.3233 1.40201 9.34001
1078.39 185.752 26.2548 1.31302 9.316
1119.67 283.788 26.307 1.66221 9.74281
1104.19 221.871 26.1758 1.38324 9.26513
474.7 268.309 28.8848 1.35208 4.75524
474.7 366.345 28.7255 2.05993 4.85394
835.885 505.659 26.4764 2.32049 8.24123
1119.67 134.154 26.2073 1.17855 9.32597
985.518 469.54 26.2523 2.07393 9.01563
923.601 485.02 26.3471 2.14926 8.7888
939.08 454.061 26.414 2.07312 9.14082
1021.64 139.314 26.315 1.07966 8.9234
572.736 423.102 28.2105 2.31576 1.35626
1124.83 526.298 26.0816 2.14691 9.49273
237.35 402.463 29.0914 2.51513 7.59208
835.885 227.03 26.6372 1.15065 7.79403
1176.43 381.824 26.0094 1.77661 9.44809
1078.39 428.262 26.2551 1.95849 9.54514
923.601 598.535 26.2285 2.53103 8.58701
1176.43 598.535 26.1751 2.26256 9.894
1150.63 541.777 26.0228 2.16565 9.49937
758.488 485.02 26.6078 2.34201 6.69547
655.292 402.463 27.2252 2.10097 6.98206
1176.43 211.551 26.2632 1.513 9.83286
995.838 340.546 26.4536 1.78308 9.4958
1052.6 227.03 26.3385 1.46624 9.36632
1155.79 299.267 26.2991 1.72398 9.87675
1057.76 319.906 26.3421 1.72003 9.53458
675.931 154.793 27.5364 0.245452 5.40024
675.931 257.989 27.3655 1.10699 5.96354
634.653 433.422 27.418 2.30281 4.92164
402.463 510.818 28.8268 3.15667 5.47733
345.705 495.339 28.9395 2.96291 6.28129
495.339 196.072 28.8478 0.642569 4.68158
531.458 201.231 28.2624 0.995162 6.22449
567.576 123.835 28.1697 0.513934 6.32971
972.103 334.354 26.4155 1.74707 9.16964
934.953 352.929 26.4823 1.79616 9.12016
990.678 470.572 26.2339 2.07389 8.92712
1021.64 445.805 26.2928 2.02623 9.31746
1102.13 216.711 26.1813 1.38232 9.31065
1077.36 179.56 26.2688 1.31583 9.31452
941.144 451.997 26.4315 2.05842 9.14526
1021.64 136.218 26.3259 1.06529 8.91605
934.953 532.49 26.3153 2.28211 8.88578
1015.45 179.56 26.3798 1.2901 9.1188
1071.17 451.997 26.2659 2.01577 9.5332
1139.28 396.271 26.1048 1.85336 9.48178
767.776 427.23 26.6602 2.04915 6.91812
650.133 445.805 27.2303 2.29664 5.72642
761.584 489.147 26.5925 2.37293 7.22206
1058.79 315.779 26.3411 1.72027 9.51474
749.2 136.218 27.0849 0.504807 6.62613
835.885 222.903 26.6708 1.20488 8.02673
903.994 130.027 26.6071 1.01097 8.6076
724.433 315.779 26.9994 1.50685 6.53121
786.351 272.436 26.7264 1.21262 6.78799
464.38 402.463 28.5915 2.40721 5.26331
421.038 365.313 29.0943 2.14516 4.7139
631.557 427.23 27.3877 2.28547 5.56742
433.422 569.64 28.2041 3.10754 6.93093
402.463 507.723 29.2341 3.29584 4.22268
359.121 476.764 29.1172 3.02148 5.63728
451.997 247.67 28.8161 1.35257 5.73067
433.422 284.82 28.9694 1.58829 5.42493
304.634 430.945 29.2555 2.6671 6.23422
936.191 497.816 26.3125 2.18333 8.78686
408.655 527.536 28.505 3.05202 6.51011
430.945 490.386 28.9783 3.17962 3.73519
988.202 475.526 26.2705 2.07372 9.09957
943.621 453.235 26.4058 2.06158 9.14189
995.632 401.225 26.2713 1.89089 9.00765
1069.93 453.235 26.279 2.02464 9.56668
1084.79 386.365 26.157 1.82051 9.32897
1121.94 520.106 26.0595 2.14501 9.45123
765.299 430.945 26.6617 2.07083 6.88316
653.848 393.795 27.2984 1.96756 5.62523
869.32 438.375 26.4586 2.0397 8.46048
884.18 490.386 26.3357 2.21168 8.33749
1017.92 178.322 26.3914 1.28907 9.16818
951.051 148.602 26.4449 1.08528 8.68124
1099.65 215.473 26.2304 1.39154 9.30187
668.708 148.602 27.5633 0.263621 5.27982
646.418 334.354 27.5852 1.42379 4.68179
430.945 549.826 28.4614 3.15374 6.03104
141.172 386.365 28.8148 2.41691 8.87602
208.042 482.956 28.8059 2.80643 8.21987
148.602 520.106 28.7496 2.83744 8.71583
356.644 482.956 28.7035 2.82884 6.84035
542.396 200.612 28.4738 0.799683 5.17315
542.396 319.494 27.7482 1.87805 7.93105
230.333 141.172 29.1737 1.44606 8.08001
472.554 410.141 28.755 2.37256 4.13688
784.617 267.483 26.8857 1.59773 8.91913
873.778 205.07 26.5829 1.125 8.00895
945.107 303.148 26.4957 1.65229 9.13046
936.191 267.483 26.503 1.50885 9.07706
1069.93 294.231 26.3409 1.66057 9.56926
1052.1 383.392 26.1867 1.82776 9.25816
998.604 543.882 26.1851 2.22151 9.05199
989.688 481.47 26.1693 2.11214 8.95777
1096.68 543.882 26.1103 2.22769 9.42096
1078.85 508.218 26.1392 2.12317 9.38682
659.792 392.309 27.2446 2.01732 7.02611
1096.68 249.651 26.2182 1.47113 9.28404
980.771 312.064 26.4127 1.68945 9.13843
677.624 249.651 27.498 0.865251 4.81946
740.037 178.322 27.0497 0.863552 7.10392
882.694 169.406 26.4874 0.889073 7.72359
401.225 419.057 29.1097 2.4528 4.6977
419.057 365.56 28.9595 2.12432 5.22448
615.211 374.476 27.6314 1.69911 3.93072
365.56 517.134 28.7349 3.21741 6.30207
490.386 187.238 29.6059 0.0843633 1.95929
490.386 312.064 28.9301 1.5286 3.81911
249.651 213.987 29.0381 1.70505 8.00334
169.406 178.322 28.583 1.82435 9.36198
240.735 294.231 29.143 2.0459 7.6693
320.98 320.98 28.4125 2.08146 8.70235
