810 729 -11.7915 -1.51644 15.9899
565 829 -11.3427 -1.29292 16.2325
413 631 -10.8153 -1.64401 16.1053
655 647 -11.443 -1.66935 16.0614
594 630 -11.3141 -1.69589 16.0978
787 651 -11.7099 -1.67162 15.9528
783 627 -11.6858 -1.71842 15.9297
435 829 -11.1594 -1.32347 16.4145
299 831 -10.8534 -1.2837 16.4698
349 753 -10.9541 -1.4614 16.4361
589 514 -11.0826 -1.91553 15.825
665 659 -11.4236 -1.62964 15.9942
721 491 -10.9246 -1.90361 14.9917
845 502 -11.1947 -1.8658 14.6848
742 514 -11.2131 -1.88172 15.3395
800 519 -11.1875 -1.83136 14.9646
294 877 -10.8448 -1.19056 16.4811
433 737 -11.1883 -1.52679 16.4399
911 889 -11.8087 -0.970531 15.4616
855 815 -11.7755 -1.25054 15.738
517 829 -11.3317 -1.33588 16.3685
699 967 -11.6238 -1.00561 16.1405
1509 161 -12.9767 -3.84045 8.2878
1145 607 -11.3203 -0.988249 11.2163
996 760 -11.7552 -1.10932 14.7415
356.4 900 -10.81 -1.06651 16.289
351.6 510 -10.5642 -1.90284 16.0493
1144.8 568.8 -11.1638 -1.13411 10.7045
974.4 548.4 -11.6417 -1.74738 14.6729
374.4 751.2 -11.0879 -1.49659 16.4884
873.6 703.2 -11.7942 -1.50985 15.695
848.4 706.8 -11.8152 -1.54062 15.8461
1762.8 466.8 -14.9044 -1.78356 7.0581
300 727.2 -10.8564 -1.50792 16.4602
270 687.6 -10.6978 -1.56013 16.3988
1462.8 450 -12.8376 -1.84536 8.16876
644.4 546 -11.2353 -1.85007 15.8137
417.6 519.6 -10.5428 -1.85501 15.8152
225.6 798 -10.5556 -1.29447 16.4058
297.6 625.2 -10.7561 -1.69402 16.3806
535.2 490.8 -10.3639 -1.87408 15.1443
708 592.8 -11.327 -1.72171 15.6774
666 658.8 -11.4245 -1.62876 15.994
846 501.6 -11.1792 -1.85967 14.6533
782.4 626.4 -11.6936 -1.72369 15.9409
742.8 513.6 -11.1938 -1.87725 15.3049
151.2 1000.8 -10.3893 -0.809638 16.4689
264 591.6 -10.3233 -1.69102 16.0941
474 546 -10.888 -1.8406 15.9913
793.2 862.8 -11.7985 -1.23887 16.0613
910.8 1035.6 -11.898 -0.680771 15.63
562.8 826.8 -11.3593 -1.30865 16.2597
512.4 829.2 -11.3844 -1.36243 16.4383
794.4 564 -11.7536 -1.87217 15.9921
759.6 543.6 -11.2729 -1.80431 15.3417
853.2 591.6 -11.5043 -1.68417 15.2271
656.4 628.8 -11.4174 -1.70254 16.0225
1884 318 -17.0407 -3.22941 0.038613
997.2 764.4 -11.8103 -1.1418 14.8588
1686.24 442.08 -14.5558 -1.86643 5.39803
809.28 728.64 -11.79 -1.52081 15.9894
792 698.4 -11.7398 -1.57721 15.9808
1722.24 469.44 -14.7818 -1.68205 5.8121
430.56 737.28 -11.2554 -1.55498 16.5125
362.88 840.96 -11.0293 -1.2933 16.4715
358.56 823.68 -10.9978 -1.32388 16.4495
226.08 797.76 -10.5552 -1.29544 16.4048
237.6 764.64 -10.6524 -1.38842 16.4484
288 757.44 -10.8123 -1.42795 16.4552
653.76 591.84 -11.3331 -1.75825 15.9046
610.56 548.64 -11.267 -1.8641 15.9837
384.48 516.96 -10.444 -1.85841 15.8272
846.72 501.12 -11.1681 -1.85818 14.6339
292.32 659.52 -10.7538 -1.62238 16.3848
588.96 514.08 -11.0428 -1.90823 15.7769
570.24 511.2 -10.9778 -1.90593 15.7448
603.36 476.64 -10.2838 -1.88206 14.7142
708.48 429.12 -9.90308 -1.98913 13.4936
904.32 512.64 -11.0976 -1.77004 14.0314
1774.08 567.36 -14.8083 -1.18868 8.49598
478.08 514.08 -10.9593 -1.92364 16.0629
534.24 491.04 -10.2331 -1.85416 14.9961
662.4 509.76 -11.1998 -1.92297 15.6854
629.28 518.4 -11.185 -1.91125 15.807
781.92 626.4 -11.6299 -1.69944 15.8322
737.28 627.84 -11.5798 -1.71297 15.9456
761.76 512.64 -11.1627 -1.86552 15.1536
743.04 514.08 -11.1545 -1.86813 15.2413
800.64 518.4 -11.1728 -1.82964 14.9318
832.32 505.44 -11.0344 -1.81895 14.4844
351.36 509.76 -10.3679 -1.87419 15.8626
293.76 876.96 -10.8455 -1.19186 16.4807
365.76 1044 -11.1463 -0.931349 16.5819
144 866.88 -10.3711 -1.11542 16.4583
152.64 1000.8 -10.3881 -0.812325 16.4689
473.76 545.76 -10.9541 -1.85316 16.0619
433.44 727.2 -11.2291 -1.56539 16.4769
388.8 714.24 -11.0978 -1.56432 16.4604
871.2 804.96 -11.7677 -1.24295 15.6215
511.2 845.28 -11.3439 -1.31017 16.3934
668.16 881.28 -11.5657 -1.19473 16.177
633.6 980.64 -11.5022 -0.979413 16.2082
888.48 609.12 -11.5032 -1.60217 15.0006
740.16 780.48 -11.667 -1.40587 16.0564
855.36 773.28 -11.7953 -1.36356 15.7772
593.28 629.28 -11.3146 -1.69574 16.0992
548.64 629.28 -11.3115 -1.72398 16.2518
666.72 636.48 -11.3869 -1.66267 15.9351
511.2 771.84 -11.3501 -1.46362 16.4016
681.12 773.28 -11.5646 -1.41814 16.1304
633.6 768.96 -11.4586 -1.42217 16.154
1419.84 168.48 -12.4007 -3.78904 8.33711
1094.4 149.76 -10.269 -3.83086 9.21415
1791.36 339.84 -15.4552 -2.8197 4.16542
1526.4 118.08 -13.0618 -3.97802 9.07879
1097.28 576 -11.0048 -1.11915 11.0739
1134.72 669.6 -11.1098 -0.48475 10.539
368.064 781.056 -11.0807 -1.43727 16.498
331.776 786.24 -11.026 -1.42911 16.5357
432 727.488 -11.3071 -1.59451 16.5627
390.528 668.736 -10.9709 -1.6208 16.3305
295.488 625.536 -10.7532 -1.69477 16.3804
435.456 829.44 -11.1594 -1.3242 16.4163
395.712 827.712 -11.0761 -1.32289 16.44
1074.82 501.12 -10.5501 -1.45537 10.2364
1019.52 489.024 -10.292 -1.54921 10.5306
881.28 518.4 -11.1048 -1.76617 14.2523
900.288 501.12 -11.1395 -1.8228 14.1748
478.656 514.944 -11.0272 -1.93822 16.1376
1778.11 566.784 -14.8083 -1.18868 8.49598
570.24 511.488 -11.0776 -1.92555 15.8872
1104.19 521.856 -11.0622 -1.45232 11.1686
544.32 447.552 -9.90422 -1.95267 14.564
238.464 763.776 -10.6533 -1.38898 16.448
1772.93 501.12 -14.7651 -1.60886 8.40594
383.616 516.672 -10.5055 -1.87015 15.8889
544.32 513.216 -10.87 -1.89346 15.7279
511.488 514.944 -10.8785 -1.89727 15.8423
708.48 592.704 -11.447 -1.755 15.8434
679.104 575.424 -11.3173 -1.79097 15.7855
775.872 656.64 -11.7066 -1.67067 15.9995
737.856 627.264 -11.4897 -1.67589 15.7992
703.296 653.184 -11.5021 -1.64927 15.9688
917.568 513.216 -11.1707 -1.77393 14.0887
613.44 492.48 -11.181 -1.97698 15.8668
831.168 523.584 -11.1559 -1.79477 14.711
364.608 1043.71 -11.1066 -0.911171 16.5464
266.112 1022.98 -10.8224 -0.882307 16.5337
152.064 1000.51 -10.3881 -0.812325 16.4689
262.656 590.976 -10.3242 -1.69161 16.0935
475.2 544.32 -10.9535 -1.85457 16.0621
269.568 686.016 -10.699 -1.5607 16.3983
483.84 746.496 -11.3478 -1.53732 16.4773
741.312 891.648 -11.6834 -1.16533 16.0687
800.064 846.72 -11.8045 -1.26994 16.04
727.488 800.064 -11.6913 -1.39071 16.1563
511.488 844.992 -11.3101 -1.2925 16.3507
501.12 959.04 -11.36 -1.0983 16.4438
680.832 1012.61 -11.5477 -0.871744 16.0895
789.696 628.992 -11.7109 -1.7242 15.947
774.144 540.864 -11.4428 -1.85632 15.5559
933.12 622.08 -11.7422 -1.61786 15.2201
853.632 590.976 -11.539 -1.69751 15.2971
794.88 753.408 -11.7771 -1.46707 16.0246
781.056 668.736 -11.743 -1.65269 16.0282
952.128 756.864 -11.8164 -1.25929 15.231
554.688 549.504 -11.0306 -1.83278 15.8898
518.4 577.152 -11.0658 -1.78921 16.0535
511.488 770.688 -11.3302 -1.45514 16.3781
680.832 774.144 -11.5651 -1.42075 16.1332
684.288 699.84 -11.5907 -1.59362 16.162
1420.42 167.616 -12.3463 -3.86051 7.8371
1883.52 317.952 -17.5455 -3.34294 -2.50026
1615.68 319.68 -14.0656 -3.00589 2.88753
1508.54 160.704 -12.9784 -3.80691 8.52841
1347.84 898.56 -12.7455 -0.545686 13.8497
1285.63 736.128 -12.1893 -0.483804 11.6098
1240.7 743.04 -12.0688 -0.573753 12.2344
1152.58 653.184 -11.2974 -0.674395 10.928
1150.85 573.696 -11.3713 -1.19159 11.2811
993.6 763.776 -11.7426 -1.09418 14.6882
997.056 668.736 -11.8227 -1.44602 14.9095
1686.53 630.72 -14.2986 -0.795914 8.96182
300.672 661.479 -10.7643 -1.61157 16.3843
286.157 642.816 -10.737 -1.66093 16.3967
435.456 829.44 -11.2699 -1.37273 16.5165
688.435 630.375 -11.5072 -1.71134 16.0341
655.258 593.05 -11.3543 -1.76565 15.9382
644.89 545.357 -11.2613 -1.85683 15.8487
362.88 841.882 -11.0569 -1.30413 16.4892
1716.94 495.59 -14.6149 -1.55338 7.24052
586.829 514.253 -11.0473 -1.90992 15.787
570.24 510.106 -10.9 -1.89464 15.6681
709.171 593.05 -11.4209 -1.76276 15.8113
692.583 547.43 -11.3352 -1.84812 15.7573
686.362 439.603 -10.2299 -1.98589 14.1497
447.898 516.326 -10.8328 -1.9047 16.0144
491.443 501.811 -10.7432 -1.91686 15.7637
773.453 655.258 -11.7141 -1.67425 16.0115
738.202 640.742 -11.5683 -1.67869 15.9329
783.821 626.227 -11.6371 -1.70303 15.8433
831.514 524.621 -11.2034 -1.80406 14.8025
833.587 505.958 -10.9132 -1.79282 14.2559
530.842 489.37 -10.0434 -1.83 14.7859
763.085 512.179 -11.1497 -1.86459 15.1282
744.422 514.253 -11.1177 -1.86234 15.1757
663.552 510.106 -11.1902 -1.92228 15.6761
613.786 493.517 -11.0634 -1.9564 15.6982
1669.25 483.149 -14.3271 -1.57446 6.77447
632.448 284.083 -8.35574 -2.70935 11.9329
298.598 831.514 -10.9079 -1.30805 16.5215
143.078 866.765 -10.3696 -1.11536 16.4589
226.022 798.336 -10.5571 -1.29382 16.4038
387.763 620.006 -10.7355 -1.66128 16.0985
369.101 779.674 -11.06 -1.43115 16.4763
271.642 686.362 -10.699 -1.56146 16.3982
483.149 746.496 -11.3638 -1.54525 16.4984
385.69 715.392 -11.0885 -1.5652 16.4642
138.931 736.128 -10.3122 -1.40231 16.4197
823.219 868.839 -11.8017 -1.19096 15.9388
740.275 891.648 -11.7218 -1.19378 16.1385
740.275 1003.62 -11.7525 -0.972005 16.186
827.367 964.224 -11.8975 -1.04179 16.0858
943.488 922.752 -11.8291 -0.812167 15.2891
872.986 962.151 -11.8702 -0.922237 15.7956
568.167 910.311 -11.3377 -1.10028 16.212
516.326 910.311 -11.3437 -1.17295 16.3832
561.946 825.293 -11.3123 -1.28545 16.2001
682.214 904.09 -11.5797 -1.14227 16.1464
667.699 881.28 -11.5423 -1.18197 16.1431
499.738 958.003 -11.3598 -1.09996 16.4456
680.141 1011.92 -11.5656 -0.88486 16.1185
933.12 622.08 -11.6969 -1.60043 15.1186
889.575 609.638 -11.5695 -1.62483 15.1319
794.189 752.717 -11.7939 -1.48091 16.0514
740.275 779.674 -11.702 -1.4256 16.1187
816.999 688.435 -11.7278 -1.56881 15.848
854.323 773.453 -11.793 -1.36177 15.7761
866.765 705.024 -11.8028 -1.51523 15.7212
518.4 576.461 -11.0051 -1.77624 15.9872
667.699 636.595 -11.454 -1.68789 16.0338
636.595 763.085 -11.4218 -1.41885 16.1094
702.951 705.024 -11.5621 -1.55718 16.0539
1420.42 167.962 -12.3463 -3.86051 7.8371
1507.51 288.23 -13.0195 -3.22002 4.4171
1455.67 300.672 -12.484 -3.14914 3.52078
1546.91 402.278 -13.5093 -2.13088 1.65506
1426.64 126.49 -12.5211 -3.85486 9.66999
1627.78 132.71 -13.6494 -3.85666 9.23618
1474.33 236.39 -12.7669 -3.44111 7.333
1244.16 810.778 -12.3648 -0.776821 13.8392
1074.12 912.384 -11.9168 -0.518452 14.3368
1057.54 960.077 -12.0987 -0.685291 15.0755
1144.63 949.709 -12.3498 -0.779849 15.1122
1372.72 615.859 -12.2309 -0.390904 7.29163
1150.85 692.583 -11.461 -0.583288 11.5066
1828.92 796.263 -14.6029 -0.537433 11.5663
1532.39 821.146 -13.3184 -0.645502 12.9918
1866.24 746.496 -14.7072 -0.771437 11.55
1457.74 620.006 -12.8465 -0.408585 7.0631
691.753 517.571 -11.2013 -1.89258 15.5543
709.171 592.22 -11.267 -1.70138 15.5627
1838.87 482.734 -14.7161 -1.87961 10.313
530.012 490.199 -10.0408 -1.82848 14.787
763.914 512.594 -11.1921 -1.87355 15.2019
746.496 512.594 -11.1328 -1.86514 15.2023
584.755 512.594 -10.9933 -1.90029 15.721
1669.66 482.734 -14.3271 -1.57446 6.77447
1241.67 1000.3 -12.6213 -0.767116 15.257
1550.22 768.891 -13.4053 -0.832123 12.9064
1595.01 97.0445 -13.4204 -4.0338 9.40586
1176.98 144.323 -11.1618 -3.68316 10.3325
1077.44 913.214 -12.0037 -0.64793 14.6588
1139.65 811.192 -11.9989 -0.72052 13.8632
1405.9 251.32 -12.1032 -3.46048 5.33358
1507.92 288.645 -13.0195 -3.22002 4.4171
1525.34 119.439 -13.0604 -3.95444 9.20466
1420.83 164.229 -12.4719 -3.71475 9.02188
1152.09 691.753 -11.308 -0.453906 10.9633
1144.63 948.05 -12.3063 -0.719474 14.957
512.594 768.891 -11.3933 -1.48573 16.4525
739.031 1002.79 -11.6806 -0.913218 16.0736
1005.28 853.494 -11.7802 -0.806629 14.6839
1007.77 823.634 -11.7339 -0.85205 14.5488
149.299 1000.3 -10.3876 -0.808711 16.4704
699.218 965.468 -11.6323 -1.0155 16.1506
910.725 982.887 -11.8252 -0.73101 15.4858
741.519 890.819 -11.7064 -1.18299 16.1156
567.337 910.725 -11.4122 -1.15302 16.3126
515.082 831.099 -11.3753 -1.35269 16.4263
826.122 731.566 -11.7925 -1.49116 15.9296
739.031 778.844 -11.6738 -1.41038 16.074
629.545 761.426 -11.3633 -1.3916 16.0242
726.59 870.912 -11.7027 -1.24486 16.1729
1030.16 763.914 -11.8114 -1.06079 14.5499
965.468 719.125 -11.8405 -1.34925 15.1788
1796.57 338.412 -15.4527 -2.82482 4.38352
435.456 831.099 -11.249 -1.36023 16.4945
1540.27 490.199 -13.551 -1.14047 2.12243
263.762 1022.7 -10.9265 -0.942562 16.6256
176.671 977.91 -10.5154 -0.906398 16.503
281.18 395.643 -10.2308 -2.1647 15.9508
1152.09 651.94 -11.2771 -0.672195 10.8884
485.222 965.468 -11.3923 -1.12097 16.5203
405.596 950.538 -11.1399 -1.08159 16.4748
136.858 736.543 -10.3131 -1.40234 16.4194
418.038 753.961 -11.2276 -1.51737 16.5145
873.4 865.935 -11.8582 -1.14764 15.7758
903.26 689.265 -11.8237 -1.51732 15.6023
868.424 704.195 -11.7811 -1.50523 15.6805
445.409 539.966 -10.749 -1.83479 15.9356
403.108 582.267 -10.6397 -1.72476 15.9549
1746.8 557.384 -14.6067 -1.27203 8.7294
933.12 622.08 -11.6969 -1.60043 15.1186
890.819 602.174 -11.5726 -1.62564 15.1422
233.902 659.405 -10.5799 -1.60931 16.3869
226.437 798.751 -10.5934 -1.28888 16.4345
283.669 644.475 -10.7431 -1.65835 16.3961
791.286 651.94 -11.7189 -1.67472 15.9575
365.783 706.683 -11.0387 -1.581 16.4597
271.227 686.776 -11.1141 -1.68499 16.7578
669.358 637.01 -11.4485 -1.68598 16.0204
833.587 525.036 -11.1459 -1.789 14.6944
665.875 510.603 -11.1669 -1.91727 15.6369
624.071 516.575 -11.1605 -1.91523 15.794
1283.97 734.552 -12.3526 -0.750122 12.6504
1242.17 743.51 -12.1746 -0.702941 12.6995
636.015 277.697 -7.76382 -2.80536 11.0521
1633.33 561.365 -14.1427 -0.95729 6.73069
1755.76 313.528 -14.791 -2.92083 6.79734
1690.07 325.472 -14.4661 -2.85909 5.7957
1687.08 265.753 -14.3957 -3.36457 5.94535
1176.48 143.327 -10.8951 -3.81578 9.46942
1472.09 235.893 -12.736 -3.48669 6.79898
570.323 761.426 -11.3939 -1.46593 16.2725
1006.28 824.132 -11.7419 -0.868534 14.585
1522.85 119.439 -13.0514 -3.99943 8.89156
1421.33 167.215 -12.4719 -3.71475 9.02188
564.351 913.711 -11.4192 -1.15255 16.3303
435.954 830.104 -11.224 -1.34777 16.4658
827.118 961.487 -11.7401 -0.919142 15.8049
1149.6 689.762 -11.3644 -0.527773 11.1812
1110.79 692.748 -11.0634 -0.393457 10.9242
928.641 913.711 -11.8623 -0.906488 15.4563
871.907 964.473 -11.9048 -0.949755 15.8702
806.216 833.09 -11.8138 -1.29957 16.0348
1116.76 179.159 -10.848 -3.47686 10.5259
1457.16 618.099 -12.8621 -0.480107 7.46254
722.608 764.412 -11.5732 -1.4206 15.9825
671.846 773.37 -11.5082 -1.4063 16.0943
994.333 764.412 -11.8039 -1.13735 14.8296
313.528 925.655 -10.7573 -1.01551 16.3513
143.327 859.964 -10.3796 -1.12351 16.4738
722.608 874.893 -11.6926 -1.23668 16.1621
668.861 880.865 -11.5961 -1.21418 16.219
683.79 809.202 -11.562 -1.33541 16.1184
1373.55 615.113 -12.1678 -0.290744 6.71656
1797.56 337.416 -15.589 -2.85928 3.57622
612.127 549.421 -11.2101 -1.85049 15.8987
794.272 752.468 -11.7903 -1.48302 16.0555
737.538 779.342 -11.6542 -1.4022 16.0512
815.174 689.762 -11.7721 -1.58978 15.9266
176.173 979.403 -10.5166 -0.906005 16.5016
262.767 970.445 -10.7753 -0.963457 16.5115
513.589 833.09 -11.3112 -1.30494 16.3557
486.715 749.482 -11.3052 -1.52004 16.4248
429.982 728.58 -11.2708 -1.58013 16.5268
967.459 316.514 -9.49032 -2.6825 9.5409
865.936 704.692 -11.7816 -1.5088 15.7072
931.627 880.865 -11.8052 -0.933899 15.3092
871.907 865.936 -11.8314 -1.12686 15.7291
940.585 797.258 -11.8088 -1.16251 15.3034
1269.04 612.127 -11.6854 -0.623758 8.96835
435.954 1012.25 -11.3357 -1.04053 16.5866
486.715 964.473 -11.3869 -1.12111 16.5185
394.15 925.655 -11.0969 -1.12376 16.4502
450.884 612.127 -11.0424 -1.72302 16.2322
474.772 543.449 -10.9567 -1.85596 16.0651
1149.6 612.127 -11.2706 -0.90322 10.9428
1149.6 573.309 -11.027 -1.02161 10.1036
1039.12 630.043 -11.7505 -1.43861 14.3674
1003.29 621.085 -11.7218 -1.51729 14.6098
976.417 582.267 -11.7078 -1.66664 14.8154
1457.16 298.598 -12.4998 -3.18848 3.35528
934.613 621.085 -11.8009 -1.64514 15.3309
1463.13 489.701 -12.7626 -1.37066 6.04267
191.103 803.23 -10.4759 -1.2779 16.428
370.262 779.342 -11.0976 -1.44663 16.5152
286.655 758.44 -10.8155 -1.4338 16.4549
385.192 716.636 -11.1701 -1.59013 16.5349
785.314 627.057 -11.6265 -1.69721 15.8171
283.669 644.973 -10.7385 -1.65539 16.3975
298.598 591.225 -10.335 -1.68025 15.9977
358.318 898.781 -10.8259 -1.07323 16.2926
328.458 821.146 -10.8416 -1.28772 16.3767
492.687 501.645 -10.7678 -1.92361 15.7953
415.052 492.687 -10.3526 -1.90401 15.6149
976.417 507.617 -11.1442 -1.7324 13.4572
1719.93 465.814 -14.7198 -1.73441 6.50963
1648.26 421.024 -14.4843 -2.00449 2.67082
671.846 639.001 -11.448 -1.68613 16.0186
692.748 546.435 -11.2463 -1.82857 15.6277
656.917 570.323 -11.3261 -1.80683 15.8881
922.669 468.8 -9.78356 -1.65004 10.9318
513.589 516.575 -10.8983 -1.90201 15.8709
704.692 516.575 -11.1361 -1.87453 15.4043
788.3 971.042 -11.8329 -1.02819 16.1285
1031.96 838.464 -11.7822 -0.783471 14.4493
1515.69 763.218 -13.2552 -0.830742 12.8409
824.132 863.547 -11.8383 -1.21744 15.9906
738.135 888.629 -11.7309 -1.21247 16.1691
806.216 827.715 -11.8202 -1.30343 16.0479
487.313 748.885 -11.3052 -1.52004 16.4248
429.982 727.386 -11.2708 -1.58013 16.5268
429.982 666.472 -10.9917 -1.60778 16.2606
924.461 967.459 -11.865 -0.756608 15.4535
870.713 963.876 -11.8349 -0.891204 15.7395
928.044 913.711 -11.805 -0.853963 15.3339
1540.77 415.649 -13.4677 -2.07207 2.57609
1580.18 326.07 -13.7597 -2.94861 2.32129
433.565 942.377 -11.2422 -1.12676 16.4952
530.311 881.463 -11.4408 -1.27051 16.4579
1827.42 791.883 -14.5224 -0.644668 11.9734
1766.51 820.549 -14.0892 -0.813172 13.1195
720.219 759.635 -11.5881 -1.42475 16.0123
677.221 770.384 -11.6724 -1.47931 16.3115
816.965 723.803 -11.6976 -1.45833 15.7707
791.883 695.137 -11.7284 -1.58096 15.9475
612.724 548.227 -11.3393 -1.87799 16.0693
515.978 544.644 -10.9883 -1.8437 15.9661
720.219 870.713 -11.6781 -1.23133 16.15
670.055 877.88 -11.5699 -1.20204 16.1774
716.636 802.633 -11.6114 -1.35537 16.0676
720.219 981.792 -11.756 -1.03881 16.2587
705.887 960.293 -11.6552 -1.03652 16.1789
992.541 763.218 -11.7308 -1.10725 14.7118
967.459 720.219 -11.7385 -1.28994 14.9519
1143.03 627.057 -11.1519 -0.779203 10.7223
1143.03 587.642 -11.3302 -1.09742 11.3839
326.07 981.792 -10.9468 -0.978518 16.4933
394.15 924.461 -11.189 -1.17348 16.5482
1648.26 562.56 -14.1898 -1.07241 7.64482
849.214 806.216 -11.7655 -1.25753 15.7204
1831.01 573.309 -14.7541 -1.39952 10.3153
938.794 616.307 -11.75 -1.62538 15.1953
877.88 587.642 -11.2348 -1.5804 14.5627
168.41 770.384 -10.4531 -1.35229 16.4562
240.073 781.134 -10.564 -1.31786 16.3664
852.797 773.967 -11.8106 -1.36686 15.8183
1003.29 619.89 -11.6042 -1.46819 14.3263
1021.21 555.393 -11.467 -1.6155 13.8168
286.655 759.635 -10.8143 -1.43621 16.4561
383.4 713.053 -11.0969 -1.56879 16.4659
297.404 870.713 -11.1251 -1.32545 16.7216
365.485 824.132 -11.0989 -1.36116 16.5327
329.653 816.965 -10.878 -1.30434 16.4044
734.552 637.806 -11.5018 -1.66382 15.8297
1017.62 519.561 -10.5685 -1.46893 11.4189
1838.17 480.146 -14.6694 -1.9035 10.723
910.128 512.395 -11.1875 -1.7874 14.1838
920.878 469.397 -10.1556 -1.73611 11.7705
1669.76 480.146 -14.3671 -1.56575 6.26185
383.4 619.89 -10.7916 -1.67829 16.163
283.071 644.973 -10.7406 -1.65547 16.3968
197.075 748.885 -10.5301 -1.4109 16.449
197.075 698.72 -10.5579 -1.5276 16.4635
415.649 490.896 -10.3325 -1.90231 15.5972
440.731 437.148 -9.75331 -1.98054 14.923
687.971 630.64 -11.5246 -1.71861 16.0722
673.638 637.806 -11.5083 -1.70439 16.0994
623.474 576.892 -11.352 -1.80668 16.0378
834.881 526.728 -11.3746 -1.84053 15.1068
770.384 537.477 -11.4214 -1.85147 15.5378
1569.43 670.055 -13.6249 -0.515115 9.21543
1143.03 945.96 -12.3111 -0.718995 14.9739
1522.85 121.828 -13.0604 -3.95444 9.20466
963.876 179.159 -10.1462 -3.37397 11.3334
569.726 759.635 -11.3908 -1.46103 16.2761
397.733 827.715 -11.0595 -1.30878 16.3996
937.36 619.174 -11.6665 -1.59537 15.0326
915.861 597.675 -11.7479 -1.7044 15.343
429.982 632.073 -10.9733 -1.68235 16.2023
322.486 984.658 -10.8767 -0.930599 16.4231
722.369 761.068 -11.6992 -1.48682 16.1993
640.673 662.172 -11.4693 -1.65924 16.1654
1651.13 563.276 -14.3128 -0.851301 5.92666
614.874 550.377 -11.3302 -1.8836 16.0554
515.978 546.077 -10.9987 -1.84777 15.9859
976.059 507.379 -11.8555 -1.93249 15.2297
1023.36 455.781 -10.4828 -1.76015 11.0142
283.788 644.973 -10.7418 -1.65849 16.4053
382.684 713.77 -11.0951 -1.56708 16.4655
808.366 657.872 -11.7628 -1.66748 15.9513
769.667 653.572 -11.693 -1.66947 15.9928
1831.72 576.176 -14.6081 -1.50096 11.2258
722.369 872.863 -11.6755 -1.23526 16.1534
675.071 881.463 -11.5226 -1.17269 16.1045
872.863 769.667 -11.7956 -1.35232 15.6795
902.962 687.971 -11.7591 -1.49301 15.4684
1019.06 554.677 -11.5924 -1.66731 14.1576
382.684 619.174 -10.8692 -1.70078 16.2451
167.693 769.667 -10.4777 -1.36662 16.4793
1805.92 434.282 -15.1741 -2.01513 6.63414
1741.43 438.581 -14.738 -1.95936 6.87649
253.689 722.369 -10.7042 -1.49196 16.4426
296.687 872.863 -10.8851 -1.21858 16.4984
369.784 778.267 -11.0324 -1.4226 16.4536
335.386 786.867 -11.1102 -1.4605 16.6135
240.79 782.567 -10.662 -1.3615 16.4443
911.561 511.678 -11.4944 -1.86289 14.8513
675.071 636.373 -11.4543 -1.68762 16.0124
442.881 537.477 -10.5553 -1.79868 15.7249
834.165 524.578 -11.2539 -1.81355 14.8711
769.667 537.477 -11.4256 -1.86113 15.5556
1522.14 554.677 -13.2935 -0.857468 6.14355
1143.75 550.377 -11.4686 -1.38473 11.9192
1341.54 773.967 -12.6517 -0.748105 13.1267
980.359 911.561 -11.8152 -0.741572 14.9977
1006.16 816.965 -11.737 -0.875532 14.5702
1354.44 902.962 -12.8289 -0.788858 14.5306
1522.14 120.395 -13.0605 -3.9109 9.41728
1685.53 266.589 -14.2504 -3.21918 7.41751
1801.62 335.386 -15.5483 -2.8607 4.17629
1689.83 322.486 -14.4661 -2.85909 5.7957
571.876 761.068 -11.4085 -1.46941 16.297
825.565 679.371 -11.7728 -1.60365 15.895
722.369 984.658 -11.7328 -1.02621 16.2305
563.276 821.265 -11.3844 -1.33685 16.2951
872.863 963.159 -11.7637 -0.821712 15.5887
825.565 958.859 -11.8291 -0.997945 15.9637
933.06 877.163 -11.7862 -0.934666 15.2815
485.879 748.168 -11.3252 -1.52611 16.4476
257.989 976.059 -10.7738 -0.975972 16.5007
511.678 838.465 -11.3691 -1.35274 16.43
815.246 722.369 -11.5971 -1.44328 15.6213
789.447 748.168 -11.7864 -1.49507 16.0618
794.606 691.411 -11.7438 -1.59681 15.9843
892.642 371.504 -10.5375 -2.28796 12.972
1031.96 639.813 -12.1548 -1.66994 15.5571
1016.48 552.097 -11.4746 -1.62552 13.8545
964.879 722.369 -11.7175 -1.27844 14.9166
340.546 577.896 -10.4318 -1.71008 15.9617
763.648 629.493 -11.6597 -1.71215 15.9574
717.21 866.843 -11.6755 -1.23526 16.1534
701.73 820.405 -11.656 -1.34993 16.1945
639.813 660.452 -11.433 -1.64769 16.1078
397.303 825.565 -11.0513 -1.30235 16.3934
361.185 820.405 -10.8914 -1.27044 16.3402
196.072 743.009 -10.5331 -1.42716 16.4448
835.885 526.298 -11.1564 -1.79458 14.6923
908.122 510.818 -11.4944 -1.86289 14.8513
923.601 433.422 -9.95684 -1.91747 11.3205
1661.45 515.978 -14.3482 -1.30367 6.51428
227.03 799.766 -10.5768 -1.29304 16.4181
737.849 629.493 -11.6238 -1.71404 16.0242
670.772 634.653 -11.4283 -1.67384 15.9665
691.411 562.416 -11.3467 -1.83402 15.7651
1455.06 614.014 -12.8465 -0.44309 7.15805
1104.19 691.411 -11.2046 -0.565792 11.5278
1253.83 743.009 -12.2526 -0.802557 13.0406
1516.98 123.835 -13.0605 -3.9109 9.41728
1754.33 309.587 -14.9076 -2.98182 5.98064
1594.37 500.499 -14.0098 -1.12744 3.22683
1800.76 335.386 -15.5483 -2.8607 4.17629
1016.48 165.113 -10.3238 -3.53707 10.9057
567.576 763.648 -11.4199 -1.47357 16.3208
820.405 954.56 -11.8055 -0.983434 15.9282
283.788 644.973 -10.7475 -1.65179 16.4088
485.02 748.168 -11.3481 -1.53069 16.4689
381.824 712.05 -11.1117 -1.57289 16.4858
257.989 970.039 -10.7783 -0.974288 16.5101
428.262 944.24 -11.1598 -1.09139 16.4132
361.185 897.802 -10.9144 -1.11086 16.3488
510.818 835.885 -11.3975 -1.35286 16.4593
340.546 513.914 -9.90734 -1.79103 15.4569
718.242 755.392 -11.6496 -1.47169 16.1317
705.858 433.422 -10.1892 -1.97225 13.9417
1684.15 464.38 -14.3288 -1.80332 8.10925
922.569 643.941 -11.5842 -1.50276 14.9412
922.569 588.215 -11.6307 -1.66356 15.1225
340.546 582.023 -10.4393 -1.7047 15.9663
507.723 501.531 -10.9649 -1.91352 15.9463
458.189 520.106 -10.773 -1.87569 15.9125
736.817 625.366 -11.534 -1.69819 15.8818
674.9 637.749 -11.4424 -1.68459 15.9843
712.05 588.215 -11.4385 -1.75436 15.826
303.395 866.843 -10.9342 -1.25014 16.5329
848.268 489.147 -11.2253 -1.91379 14.7604
396.271 829.693 -11.0853 -1.32134 16.4367
334.354 786.351 -10.9017 -1.38585 16.4181
619.174 513.914 -11.2837 -1.93993 15.9655
594.407 458.189 -9.99083 -1.91812 14.3925
1455.06 612.982 -12.9666 -0.968527 10.2298
1108.32 687.283 -10.9871 -0.359348 10.7226
1052.6 681.091 -11.3644 -0.901933 13.0152
1133.09 594.407 -11.0063 -0.886436 10.2549
1003.06 817.31 -11.7523 -0.891065 14.6123
1349.8 897.802 -12.778 -0.676938 14.1952
1331.22 773.967 -12.5137 -0.527065 12.3358
1461.25 235.286 -12.594 -3.56554 5.51917
1516.98 123.835 -12.9463 -4.24915 7.30636
1758.45 309.587 -15.0523 -3.01782 5.2702
1677.96 266.245 -14.306 -3.3271 5.9901
1795.6 334.354 -15.721 -2.88355 3.08306
965.911 315.779 -9.91243 -2.66691 10.6161
1015.45 167.177 -10.3238 -3.53707 10.9057
619.174 551.065 -11.209 -1.85197 15.8648
792.543 687.283 -11.7743 -1.62106 16.0339
767.776 538.681 -11.4135 -1.85864 15.5392
557.256 916.377 -11.3804 -1.13081 16.2817
718.242 866.843 -11.7086 -1.2722 16.2209
873.035 767.776 -11.8349 -1.37522 15.7605
811.118 866.843 -11.9376 -1.29858 16.1901
433.422 934.953 -11.2474 -1.14511 16.5096
365.313 891.61 -10.9131 -1.11721 16.3449
520.106 761.584 -11.4006 -1.48895 16.4572
460.665 520.106 -10.8246 -1.89078 15.9673
475.526 453.235 -10.2081 -1.99278 15.25
616.697 512.676 -11.1638 -1.91837 15.8119
542.396 490.386 -10.5656 -1.89309 15.3486
601.837 453.235 -10.3232 -1.98284 14.801
713.288 594.407 -11.4385 -1.75436 15.826
713.288 527.536 -10.8886 -1.84139 15.0078
705.858 438.375 -11.0363 -2.08433 15.2231
1760.93 572.117 -14.8149 -1.0751 7.90633
1619.76 549.826 -14.1036 -0.913929 5.91236
1107.08 683.568 -11.051 -0.453733 10.9719
1055.07 683.568 -11.5081 -1.00656 13.4335
1129.37 549.826 -11.0258 -1.19094 10.3326
1010.49 549.826 -11.8051 -1.76653 14.7636
1069.93 861.89 -11.8968 -0.671096 14.3506
1493.45 289.773 -12.9516 -3.11547 6.10234
1500.88 505.246 -13.0987 -1.41386 6.84754
1448.87 445.805 -12.8075 -1.89016 9.27118
1671.77 468.095 -14.2702 -1.75413 7.85023
958.481 178.322 -9.83741 -3.44668 10.6212
631.557 668.708 -11.3816 -1.60324 16.0446
884.18 690.998 -11.5087 -1.38515 15.0429
802.449 653.848 -11.5009 -1.54673 15.5108
876.75 594.407 -11.5417 -1.66791 15.1465
557.256 921.331 -11.407 -1.14773 16.3357
713.288 750.439 -11.6326 -1.46918 16.1124
564.687 765.299 -11.4321 -1.4773 16.3434
445.805 653.848 -11.0014 -1.62856 16.2222
534.966 549.826 -11.0343 -1.83612 15.9169
304.634 861.89 -10.9342 -1.25014 16.5329
326.924 817.31 -10.8875 -1.28093 16.451
520.106 884.18 -11.3196 -1.19497 16.3397
490.386 750.439 -11.3899 -1.54661 16.5156
765.299 534.966 -11.4712 -1.87476 15.6445
1329.99 772.729 -12.5361 -0.642893 12.7317
615.211 508.218 -11.265 -1.94139 15.9522
606.295 490.386 -10.951 -1.96073 15.5545
811.365 526.05 -11.1934 -1.80178 14.9005
766.785 534.966 -11.4012 -1.86118 15.5386
838.114 490.386 -11.2635 -1.9352 14.8377
909.443 508.218 -11.3602 -1.84655 14.4656
891.61 490.386 -11.1611 -1.87673 14.2728
1515.74 543.882 -13.2912 -0.926711 6.42902
1667.31 704.372 -14.3719 -0.21305 8.19307
980.771 659.792 -11.53 -1.3412 14.3072
1453.32 240.735 -12.7051 -3.26107 8.84275
1676.23 472.554 -14.2702 -1.75413 7.85023
1667.31 517.134 -14.193 -1.52204 9.02481
1694.06 419.057 -14.5132 -1.99549 4.78847
1667.31 427.973 -14.5132 -1.99549 4.78847
1132.35 258.567 -11.0264 -3.04645 10.737
1114.51 178.322 -11.1536 -3.34285 11.509
633.043 668.708 -11.4203 -1.64162 16.0894
677.624 633.043 -11.5198 -1.71222 16.1018
918.359 641.96 -11.6847 -1.54303 15.1509
802.449 659.792 -11.7521 -1.65413 15.9552
882.694 597.379 -11.3821 -1.60899 14.8366
713.288 855.946 -11.7176 -1.29576 16.2477
713.288 748.953 -11.6887 -1.50046 16.2047
552.798 766.785 -11.4743 -1.49277 16.4171
847.03 802.449 -11.8742 -1.35066 15.9578
419.057 731.121 -11.1737 -1.5526 16.4531
267.483 829.198 -10.7278 -1.26292 16.4358
365.56 891.61 -10.8913 -1.10879 16.3338
490.386 748.953 -11.3564 -1.5241 16.4729
356.644 820.282 -10.991 -1.29306 16.4719
954.023 178.322 -10.3743 -3.27784 11.9026
472.554 445.805 -10.2628 -1.99289 15.281
