1150 365 23.4364 2.03236 27.6126
1208 148 23.3274 1.55398 27.4623
784 265 23.8288 1.46426 25.0229
161 113 26.1284 1.70732 26.2571
130 103 26.1469 1.72879 26.4006
191 514 25.6668 2.97888 26.265
1204 581 23.3407 2.38212 27.7247
32 514 25.8553 2.97518 26.762
999 665 23.3571 2.6977 27.0751
1244 579 23.3033 2.3625 27.7588
1254 311 23.2754 1.89457 27.619
1145 303 23.4266 1.90287 27.5334
949 121 23.596 1.22061 26.5023
1105 233 23.5061 1.77412 27.488
921 88 23.7004 1.13216 26.4947
1044 565 23.4465 2.43347 27.3837
1054 547 23.4392 2.39648 27.3966
1257 144 23.3651 1.62077 27.6784
983 665 23.4039 2.70628 27.0958
862 593 23.553 2.68054 26.5228
914 269 23.5912 1.68518 26.4379
218 359 25.7701 2.475 26.1404
922 364 23.5453 1.98871 26.5904
1224 571 23.3214 2.36063 27.7389
1210 546 23.3273 2.32099 27.696
1068 44 23.5366 1.25452 27.1755
895 490 23.496 2.3652 26.4225
881 647 23.4677 2.82191 26.5254
685 437 24.0978 2.37251 24.9615
957 103 23.5852 1.1634 26.5037
875 387 23.6282 2.06944 26.4354
92 388 26.082 2.65606 26.2839
930 318 23.5473 1.84566 26.5789
846 241 23.7137 1.49765 25.8578
380 226 28.491 0.55283 17.0561
629 170 24.9054 0.378824 22.0372
578 117 25.4256 0.00323416 21.8798
446 135 26.4535 0.407876 21.9694
171 549 25.7706 3.13329 26.118
24 429 26.0298 2.77668 26.6202
792 220 23.8567 1.28651 25.1748
813 83 23.8625 0.433431 24.6961
1123 227 23.4977 1.77147 27.5374
940 404 23.549 2.1115 26.8471
963 610 23.3192 2.64211 26.6974
1034 595 23.1228 2.56272 26.6638
862.8 592.8 23.5699 2.66945 26.6109
891.6 288 23.6512 1.76381 26.4646
934.8 566.4 23.4159 2.5439 26.6698
925.2 538.8 23.4267 2.48123 26.5721
1058.4 82.8 23.5369 1.34314 27.1636
1047.6 78 23.557 1.33575 27.1596
974.4 434.4 23.3788 2.15969 26.6528
962.4 428.4 23.4093 2.14862 26.6407
1162.8 607.2 23.3911 2.43979 27.7075
1171.2 592.8 23.3999 2.4099 27.7393
855.6 661.2 23.5238 2.88444 26.4927
938.4 487.2 23.4444 2.32752 26.6571
912 450 23.4708 2.23148 26.4208
1124.4 314.4 23.4345 1.92143 27.4744
576 285.6 25.9566 0.387669 14.2603
910.8 457.2 23.4777 2.25558 26.4549
946.8 138 23.5988 1.28559 26.5319
966 151.2 23.6303 1.44497 26.8748
1052.4 115.2 23.5376 1.42851 27.1719
1093.2 88.8 23.4912 1.3864 27.2538
1078.8 102 23.4968 1.40029 27.2057
814.8 249.6 23.7785 1.49236 25.5334
1012.8 127.2 23.5984 1.45024 27.1147
998.4 666 23.3637 2.70265 27.0945
1045.2 565.2 23.4657 2.42892 27.441
1204.8 561.6 23.3337 2.3501 27.7022
123.6 522 25.8711 3.05266 26.2674
106.8 499.2 25.9286 2.98834 26.297
655.2 560.4 24.0996 2.96922 24.8688
952.8 315.6 23.5279 1.85576 26.7308
1045.2 30 23.5536 1.16547 27.0532
1222.8 532.8 23.3118 2.2974 27.7014
1239.6 604.8 23.3462 2.40083 27.8276
895.2 490.8 23.4897 2.37568 26.433
931.2 243.6 23.5535 1.59102 26.4256
914.4 250.8 23.596 1.62164 26.4422
909.6 631.2 23.4797 2.71874 26.7813
909.6 106.8 23.7225 1.19304 26.4756
907.2 553.2 23.4663 2.53582 26.5648
906 531.6 23.4718 2.47415 26.5329
890.4 540 23.5019 2.51188 26.5188
1071.6 510 23.3986 2.31161 27.3609
939.6 304.8 23.5699 1.83154 26.7164
1018.8 88.8 23.5978 1.34309 27.0878
1011.6 80.4 23.6089 1.31555 27.0662
793.2 340.8 23.7745 1.86863 25.5229
57.6 313.2 26.0732 2.4365 26.559
52.8 289.2 26.0537 2.37037 26.6328
854.4 396 23.6462 2.09741 26.2774
843.6 394.8 23.6822 2.10741 26.2786
853.2 372 23.6687 2.02285 26.2948
877.2 195.6 23.7339 1.4579 26.3736
1017.6 180 23.4506 1.4524 26.7842
990 164.4 23.5517 1.45145 26.8436
1040.4 400.8 23.5161 2.11197 27.3726
1028.4 374.4 23.3486 1.98635 26.8667
273.6 368.4 26.2845 2.52305 24.4752
84 303.6 26.0911 2.38058 26.4285
794.4 399.6 23.7669 2.12828 25.8264
942 381.6 23.54 2.05116 26.7967
921.6 364.8 23.5467 1.98705 26.5895
1045.2 339.6 23.3178 1.88241 26.8584
46.8 388.8 26.0343 2.65761 26.5688
34.8 378 26.1229 2.64099 26.5143
270 465.6 26.0855 2.98976 24.6825
578.4 453.6 24.9231 2.82791 19.4734
814.8 396 23.7275 2.11017 26.0557
902.4 394.8 23.6123 2.09757 26.7013
909.6 168 23.6859 1.39518 26.5007
342 291.6 26.2975 1.99897 23.7698
308.4 277.2 26.5223 1.95758 23.735
82.8 88.8 26.0732 1.7893 26.7228
75.6 69.6 26.0778 1.75053 26.7644
224.4 480 25.9845 2.99893 25.3705
267.6 428.4 26.1498 2.82152 24.6675
298.8 374.4 26.3975 2.54994 23.8362
607.2 394.8 24.7396 2.16876 19.9063
811.2 313.2 23.7961 1.81882 25.9952
904.8 344.4 23.5911 1.93252 26.5247
681.6 392.4 24.1623 2.15816 24.8966
706.8 366 24.0728 2.01834 25.0293
781.2 429.6 23.7374 2.23835 25.4815
1099.2 134.4 23.4139 1.43608 27.1471
607.2 421.2 24.7284 2.43454 19.0113
674.4 439.2 24.1447 2.38428 25.0355
871.2 236.4 23.7097 1.57865 26.3209
972 111.6 23.5426 1.18699 26.5216
1141.2 142.8 23.2844 1.41061 27.0913
1123.2 126 23.3585 1.40639 27.1553
973.2 351.6 23.5041 1.96243 26.8948
958.8 357.6 23.5149 1.97782 26.8052
302.4 226.8 26.5246 1.68745 24.0271
120 259.2 26.079 2.22923 26.3274
52.8 358.8 26.1024 2.57817 26.4783
102 307.2 26.1101 2.3902 26.3071
252 160.8 25.7796 1.79824 26.2721
226.8 115.2 25.8893 1.66619 26.291
75.6 150 26.0954 1.95702 26.6423
46.8 118.8 26.006 1.93197 26.9192
133.2 178.8 26.1486 1.94881 26.258
616.8 237.6 25.0191 0.519431 19.9394
598.8 228 25.285 0.38558 19.4532
464.4 204 26.9024 0.379929 19.0957
530.4 175.2 26.1647 -0.00872456 19.4834
411.6 22.8 26.0727 0.489044 24.4055
201.6 619.2 25.7461 3.45563 25.7844
130.8 360 26.0964 2.55174 26.0896
518.4 626.4 24.5949 3.25185 25.5829
603.6 682.8 24.2197 3.31733 25.809
625.2 633.6 24.1553 3.25937 25.2324
704.4 270 24.1426 1.26049 23.3169
736.8 62.4 24.264 0.413836 24.6672
1183.2 228 23.4072 1.76338 27.5807
1123.2 226.8 23.4971 1.77047 27.5375
925.2 579.6 23.4343 2.58586 26.6765
878.4 610.8 23.5069 2.71618 26.5777
894 679.2 23.4731 2.86556 26.7216
726 615.6 23.7428 3.09551 25.1609
702 445.2 24.0144 2.38152 25.0679
1180.8 386.4 23.4295 2.07342 27.7057
1256.4 380.4 23.3468 2.04721 27.7684
1106.4 474 23.3671 2.22502 27.4009
946.08 138.24 23.6019 1.29137 26.5478
918.72 139.68 23.6778 1.3084 26.5187
976.32 308.16 23.4826 1.82675 26.7619
951.84 316.8 23.529 1.8567 26.7303
668.16 550.08 24.0486 2.90025 24.9328
779.04 528.48 23.6697 2.62521 25.5929
881.28 646.56 23.4632 2.82504 26.5249
908.64 630.72 23.478 2.71834 26.7813
1016.64 126.72 23.5918 1.4486 27.1165
299.52 324 26.3777 2.25377 24.064
898.56 527.04 23.4801 2.46746 26.4881
967.68 360 23.4964 1.98143 26.8153
999.36 381.6 23.4074 2.01569 26.8307
995.04 362.88 23.4234 1.97244 26.8268
1026.72 97.92 23.5834 1.37259 27.1077
1048.32 77.76 23.5572 1.33976 27.1604
79.2 472.32 25.9172 2.88696 26.4979
283.68 459.36 26.0474 2.95487 24.6426
576 470.88 24.8643 2.99138 19.9238
862.56 468 23.4747 2.31352 25.8992
1022.4 679.68 23.3042 2.71846 27.0845
59.04 50.4 26.0943 1.72609 26.815
31.68 40.32 26.0703 1.74962 26.9519
777.6 387.36 23.8003 2.07923 25.5542
891.36 540 23.5019 2.51188 26.5188
819.36 599.04 23.5321 2.80753 25.9215
921.6 396 23.5886 2.10548 26.8188
921.6 364.32 23.5478 1.98886 26.5894
1039.68 400.32 23.5151 2.10917 27.363
306.72 276.48 26.3914 1.97749 24.0988
876.96 195.84 23.7311 1.46066 26.3396
901.44 394.56 23.6205 2.10135 26.7491
933.12 344.16 23.5283 1.92252 26.6096
911.52 357.12 23.5775 1.97432 26.5798
930.24 318.24 23.5646 1.8579 26.6487
989.28 273.6 23.5136 1.75655 26.8978
1022.4 252 23.543 1.76139 27.1801
999.36 234.72 23.3914 1.54868 26.5732
1173.6 136.8 23.234 1.39913 27.135
61.92 296.64 26.0776 2.38136 26.556
793.44 339.84 23.7847 1.88291 25.6397
276.48 387.36 26.308 2.62858 24.3217
902.88 125.28 23.729 1.26319 26.4939
1029.6 347.04 23.3428 1.90912 26.8349
1048.32 325.44 23.3277 1.84901 26.8793
1088.64 524.16 23.3955 2.32768 27.4212
1071.36 509.76 23.4001 2.31114 27.3599
918.72 521.28 23.5299 2.42552 26.8141
938.88 486.72 23.4547 2.32178 26.6771
1074.24 119.52 23.5062 1.45206 27.2282
313.92 385.92 26.4517 2.61601 23.3726
298.08 374.4 26.3975 2.54994 23.8362
1183.68 139.68 23.2074 1.3963 27.1255
345.6 290.88 26.5388 1.93508 23.0243
666.72 469.44 24.1448 2.53328 24.8206
684 437.76 24.1002 2.37361 25.0251
780.48 430.56 23.7445 2.24004 25.5616
758.88 410.4 23.789 2.16439 24.931
1121.76 129.6 23.3588 1.40799 27.1502
1105.92 116.64 23.4035 1.39649 27.1529
711.36 400.32 24.0026 2.14888 24.6608
696.96 384.48 24.1081 2.12051 25.0791
705.6 365.76 24.0728 2.01834 25.0293
96.48 387.36 25.977 2.63413 26.4376
72 388.8 26.0686 2.65849 26.3983
817.92 216 23.7996 1.35178 25.5479
904.32 328.32 23.5848 1.87048 26.4599
1018.08 358.56 23.3579 1.94296 26.815
1022.4 334.08 23.3623 1.87688 26.8138
997.92 319.68 23.4261 1.84623 26.7758
1126.08 79.2 23.3566 1.27122 27.1052
650.88 280.8 24.5172 1.16538 21.7602
308.16 440.64 26.2213 2.91262 23.8893
296.64 411.84 26.3631 2.77877 23.837
973.44 351.36 23.4773 1.94741 26.7972
959.04 355.68 23.5182 1.97574 26.8052
979.2 324 23.4627 1.86343 26.7466
28.8 234.72 26.007 2.23781 26.8686
28.8 233.28 25.9452 2.23781 26.9552
119.52 259.2 26.079 2.22923 26.3274
66.24 355.68 26.0119 2.54986 26.5661
102.24 306.72 26.107 2.38806 26.3072
244.8 70.56 25.833 1.52859 26.3723
236.16 64.8 25.904 1.48985 26.2856
252 161.28 25.7796 1.79824 26.2721
34.56 79.2 26.0637 1.84771 26.923
128.16 102.24 26.1605 1.72479 26.3772
145.44 169.92 26.1181 1.90757 26.2711
599.04 227.52 25.2794 0.375327 19.4038
593.28 60.48 25.1746 0.0745692 23.3869
450.72 135.36 26.5674 0.260454 21.4144
326.88 574.56 25.4686 3.29971 25.3417
87.84 581.76 27.0967 3.93348 24.1786
171.36 548.64 25.7262 3.11581 26.2097
167.04 671.04 25.6221 3.49085 26.2309
89.28 430.56 26.0912 2.807 26.213
40.32 426.24 26.0382 2.76676 26.5458
162.72 375.84 26.1503 2.60388 25.7593
151.2 512.64 25.8581 3.03563 26.1472
106.56 499.68 25.9286 2.98834 26.297
603.36 682.56 24.2205 3.34553 25.6963
423.36 550.08 25.334 3.30619 24.177
552.96 492.48 25.0316 3.23085 20.0845
815.04 249.12 23.8763 1.65817 26.3193
940.32 306.72 23.5699 1.83154 26.7164
790.56 220.32 23.844 1.26049 25.0559
910.08 106.56 23.7192 1.19227 26.4756
810.72 177.12 23.7982 1.04324 25.058
708.48 61.92 24.3919 0.49549 24.7967
732.96 79.2 24.261 0.526619 24.6989
720 59.04 24.343 0.469427 24.7777
663.84 187.2 24.5987 0.429429 21.9195
1136.16 300.96 23.4187 1.89073 27.4776
1208.16 313.92 23.3894 1.93351 27.6812
1068.48 243.36 23.5207 1.77441 27.3691
1091.52 315.36 23.4577 1.91857 27.4037
1153.44 64.8 23.5023 1.45092 27.5451
1044 30.24 23.5998 1.24476 27.1964
1052.64 115.2 23.5314 1.42936 27.1722
925.92 580.32 23.4343 2.58586 26.6765
849.6 663.84 23.5211 2.9079 26.4556
894.24 679.68 23.4994 2.84306 26.8264
642.24 594.72 24.1214 3.1021 25.0427
790.56 599.04 23.6365 2.83156 25.9196
718.56 604.8 23.7734 3.06828 25.0701
777.6 682.56 23.6226 3.12013 25.9884
809.28 439.2 23.6216 2.25047 25.4671
940.32 403.2 23.5481 2.11302 26.847
912.96 450.72 23.4715 2.23094 26.4484
660.96 521.28 24.1077 2.77778 24.9488
696.96 460.8 24.0155 2.45921 24.9555
1163.52 606.24 23.3912 2.43815 27.7096
1134.72 691.2 22.9844 2.69629 26.9943
1231.2 619.2 23.3664 2.42557 27.8361
1012.32 593.28 23.2283 2.55684 26.7824
980.64 571.68 23.3119 2.52665 26.7308
956.16 648 23.4144 2.70198 26.9449
1206.72 388.8 23.4209 2.07803 27.7657
972.864 267.84 23.5825 1.76927 26.9767
952.128 269.568 23.6056 1.76768 26.8844
1024.7 88.128 23.5874 1.35285 27.1201
77.76 473.472 25.9208 2.88781 26.4979
266.112 428.544 26.1276 2.81663 24.7471
269.568 464.832 26.1237 2.99994 24.5692
269.568 452.736 26.0946 2.92518 24.7222
711.936 338.688 24.0634 1.85185 24.7534
891.648 485.568 23.4898 2.35363 26.352
912.384 269.568 23.5891 1.68299 26.436
929.664 243.648 23.5554 1.59004 26.4337
971.136 677.376 23.4383 2.7321 27.1377
1040.26 400.896 23.5123 2.10748 27.351
1028.16 374.976 23.3464 1.98583 26.8667
333.504 248.832 26.7256 1.65419 22.9044
936.576 309.312 23.5705 1.84692 26.7153
58.752 50.112 26.0928 1.72286 26.816
32.832 41.472 26.07 1.7507 26.9518
224.64 480.384 25.9493 2.98326 25.4545
805.248 628.992 23.5722 2.91328 25.9824
855.36 395.712 23.649 2.09757 26.2982
271.296 387.072 26.3092 2.62814 24.3781
941.76 502.848 23.4196 2.37132 26.6503
281.664 260.928 26.3359 1.96286 24.5957
758.592 411.264 23.7975 2.16942 25.0622
1017.79 88.128 23.5963 1.34565 27.0904
1086.91 492.48 23.3877 2.27708 27.373
1126.66 79.488 23.359 1.27409 27.105
670.464 454.464 24.1397 2.45602 24.8569
696.384 385.344 24.1055 2.11513 24.9357
705.024 366.336 24.0735 2.01626 24.9788
812.16 312.768 23.7794 1.80521 25.8861
912.384 359.424 23.5757 1.97626 26.5804
926.208 333.504 23.5496 1.88956 26.569
910.656 107.136 23.7169 1.195 26.4754
1007.42 342.144 23.3883 1.91303 26.7959
1022.98 335.232 23.3558 1.87094 26.8134
998.784 319.68 23.4261 1.84623 26.7758
580.608 388.8 25.0207 2.14585 19.7738
673.92 438.912 24.141 2.38117 24.6563
677.376 402.624 24.1671 2.20881 24.9015
844.992 642.816 23.5166 2.87983 26.304
663.552 302.4 24.4003 1.42908 22.5517
846.72 240.192 23.7218 1.50831 25.9046
874.368 343.872 23.5935 1.89783 26.1362
870.912 336.96 23.5754 1.86515 26.0311
952.128 331.776 23.5417 1.90224 26.7845
946.944 138.24 23.5969 1.27642 26.5069
967.68 120.96 23.5645 1.24557 26.5914
950.4 119.232 23.6036 1.23857 26.5534
183.168 236.736 26.156 2.06674 25.8902
240.192 233.28 25.7646 2.03869 26.247
196.992 285.12 26.1088 2.22824 25.7947
298.944 323.136 26.4491 2.24959 23.8821
330.048 293.76 26.5978 1.98503 23.1473
32.832 224.64 25.916 2.22026 26.9872
129.6 226.368 24.7677 2.28299 28.4478
67.392 349.056 26.0038 2.52872 26.5856
82.944 302.4 26.0913 2.38512 26.4292
51.84 292.032 26.0535 2.3711 26.6338
152.064 359.424 26.0528 2.53675 26.0548
243.648 69.12 25.8952 1.49618 26.2497
257.472 133.056 25.8259 1.68272 26.1681
127.872 101.952 26.1473 1.72869 26.4036
124.416 32.832 25.9436 1.632 26.8165
172.8 114.048 26.0681 1.70849 26.2991
616.896 238.464 25.0751 0.408072 19.2791
575.424 286.848 26.0241 0.325622 13.6364
464.832 202.176 27.2808 0.0697567 17.5958
537.408 108.864 25.7377 0.0861763 22.1155
235.008 653.184 25.4507 3.41792 26.1611
202.176 618.624 25.8748 3.55112 25.4648
88.128 582.336 27.0392 3.90474 24.2869
271.296 494.208 25.8935 3.06663 25.0782
86.4 525.312 25.8736 3.03878 26.4615
46.656 473.472 25.9546 2.89081 26.5932
584.064 597.888 24.3881 3.21925 24.8879
518.4 677.376 24.5429 3.3785 25.7834
518.4 625.536 24.6125 3.29596 25.3668
590.976 634.176 24.3027 3.20379 25.6334
423.36 549.504 25.334 3.30619 24.177
412.992 387.072 25.3054 2.4395 25.3827
879.552 202.176 23.7244 1.48656 26.3806
793.152 340.416 23.796 1.88056 25.693
689.472 267.84 24.2505 1.29843 23.483
791.424 221.184 23.8565 1.30288 25.2427
763.776 309.312 23.8776 1.71651 25.1919
810.432 177.984 23.7982 1.04324 25.058
917.568 183.168 23.6556 1.44054 26.5166
908.928 138.24 23.7152 1.30286 26.5015
708.48 62.208 24.3919 0.49549 24.7967
1245.89 196.992 23.4536 1.78041 27.8201
1168.13 281.664 23.3877 1.85383 27.5315
1207.87 349.056 23.3345 1.9777 27.5915
1207.87 314.496 23.3894 1.93351 27.6812
1092.1 316.224 23.4534 1.91903 27.3844
1036.8 34.56 23.5585 1.17131 27.0327
990.144 164.16 23.5573 1.46256 26.8813
998.784 143.424 23.5869 1.46177 27.0177
926.208 580.608 23.4406 2.58086 26.7112
893.376 680.832 23.4994 2.84306 26.8264
642.816 594.432 24.1186 3.10482 25.0041
779.328 570.24 23.7145 2.7323 26.0279
718.848 604.8 23.7726 3.06492 25.0804
713.664 630.72 23.7755 3.17253 25.1243
782.784 639.36 23.625 2.98156 25.9073
846.72 406.08 23.6907 2.14251 26.3516
808.704 438.912 23.6213 2.24987 25.5115
831.168 495.936 23.637 2.43272 26.1973
914.112 451.008 23.4754 2.251 26.4764
777.6 387.072 23.8076 2.0863 25.6818
782.784 482.112 23.7242 2.4426 25.7187
743.04 466.56 23.8186 2.43191 25.0661
1211.33 546.048 23.3253 2.31906 27.6948
1116.29 686.016 23.0093 2.70404 26.9461
962.496 604.8 23.3741 2.61237 26.8395
962.496 535.68 23.4957 2.42366 27.0576
1035.07 663.552 23.2603 2.67843 27.0443
1149.12 406.08 23.4743 2.11919 27.7125
1245.89 376.704 23.3292 2.02915 27.7099
1181.95 387.072 23.4295 2.0735 27.7057
1112.83 509.76 23.3602 2.29791 27.4346
1232.06 475.2 23.2715 2.1903 27.6252
957.312 361.152 23.5175 1.98765 26.8091
946.944 492.48 23.4424 2.3319 26.7211
1048.9 475.2 23.1403 2.22131 26.6328
972.519 472.781 23.3457 2.26966 26.6395
364.954 255.053 26.373 1.69229 23.2845
804.557 628.301 23.5722 2.91328 25.9824
889.575 190.771 23.7059 1.44449 26.3921
1018.14 87.0912 23.5963 1.34565 27.0904
669.773 452.045 24.143 2.45207 24.99
837.734 655.258 23.5306 2.9228 26.3224
937.267 273.715 23.623 1.77934 26.8515
906.163 259.2 23.6151 1.65518 26.4237
926.899 257.126 23.5542 1.63351 26.4281
943.488 138.931 23.599 1.27374 26.5018
1026.43 354.586 23.3518 1.93387 26.8441
1072.05 101.606 23.5736 1.47858 27.358
1076.2 76.7232 23.5038 1.33398 27.187
265.421 423.014 26.2851 2.81738 24.3636
279.936 311.04 26.2821 2.22938 24.5844
277.862 259.2 26.1526 1.9982 25.0423
651.11 279.936 24.5521 1.06027 20.9363
709.171 400.205 24.0128 2.18586 25.0482
678.067 387.763 24.1785 2.14909 25.1014
993.255 340.07 23.4204 1.90099 26.7998
816.999 215.654 23.7924 1.33993 25.5139
852.25 611.712 23.6442 2.70484 26.8317
885.427 358.733 23.5994 1.98257 26.3846
904.09 327.629 23.5844 1.87054 26.4666
1130.11 101.606 23.3396 1.3293 27.1033
1123.89 80.8704 23.3572 1.27315 27.0935
841.882 178.33 23.7831 1.2902 25.9385
877.133 259.2 23.6724 1.64238 26.291
966.298 346.291 23.4959 1.94125 26.7897
953.856 358.733 23.5278 1.98673 26.8149
951.783 329.702 23.544 1.90993 26.8116
219.802 358.733 25.7392 2.47505 26.2109
118.195 259.2 26.0659 2.22632 26.3578
95.3856 350.438 26.098 2.53431 26.2917
82.944 302.746 26.0926 2.38741 26.4293
242.611 68.4288 25.8849 1.50999 26.3123
255.053 136.858 25.8146 1.692 26.2094
311.04 190.771 26.1357 1.62199 24.8975
101.606 82.944 26.0857 1.74172 26.641
72.576 51.84 26.0927 1.7091 26.7685
70.5024 45.6192 26.0879 1.69808 26.7944
116.122 95.3856 26.1571 1.7457 26.4615
74.6496 149.299 26.0294 1.97098 26.7605
615.859 238.464 25.0751 0.408072 19.2791
447.898 143.078 26.6131 0.30585 21.2904
327.629 572.314 25.5288 3.34955 25.0861
201.139 617.933 25.8153 3.4974 25.609
271.642 385.69 26.3853 2.6367 24.1634
89.1648 433.382 26.0672 2.80322 26.2642
51.84 402.278 26.0579 2.71592 26.4978
118.195 462.413 25.9596 2.88236 26.2319
510.106 570.24 24.858 3.36829 23.9928
516.326 678.067 24.5429 3.3785 25.7834
638.669 609.638 24.1248 3.14498 25.212
423.014 547.43 25.3313 3.30708 24.1838
580.608 387.763 25.1227 2.12744 18.8499
547.43 487.296 25.0663 3.19595 20.3463
574.387 468.634 24.9396 3.03119 19.0437
437.53 454.118 25.3127 2.77221 24.5133
906.163 201.139 23.6297 1.45432 26.3804
872.986 196.992 23.7345 1.46028 26.3237
924.826 331.776 23.5499 1.89348 26.5793
939.341 306.893 23.5654 1.8361 26.7169
773.453 236.39 23.9048 1.3466 24.9888
765.159 340.07 23.8391 1.84317 25.0684
763.085 306.893 23.8776 1.71651 25.1919
808.704 178.33 23.7982 1.04324 25.058
937.267 128.563 23.6344 1.2702 26.5283
709.171 62.208 24.3982 0.438805 24.6229
688.435 190.771 24.3809 0.418574 22.032
1136.33 323.482 23.4348 1.94181 27.5325
1142.55 300.672 23.4248 1.89955 27.5301
1206.84 346.291 23.3675 1.99049 27.6569
989.107 265.421 23.5339 1.7493 26.9515
993.255 228.096 23.4627 1.57741 26.7223
958.003 226.022 23.4988 1.53918 26.493
997.402 319.334 23.4432 1.86195 26.8491
951.783 315.187 23.5373 1.8646 26.7529
1138.41 43.5456 23.5366 1.41612 27.5436
1105.23 178.33 23.2667 1.44434 26.9191
1105.23 116.122 23.4143 1.38914 27.1553
1026.43 149.299 23.5051 1.4428 26.9847
862.618 597.197 23.5548 2.68376 26.5602
819.072 599.271 23.5294 2.8123 25.8987
926.899 578.534 23.4428 2.57992 26.7079
777.6 568.167 23.6928 2.74619 25.8635
713.318 630.375 23.7729 3.17672 25.0947
777.6 678.067 23.3754 3.42242 24.6912
781.747 636.595 23.6192 2.98157 25.8886
723.687 617.933 23.7344 3.1102 25.0565
843.955 404.352 23.673 2.13629 26.2966
839.808 396.058 23.6733 2.10379 26.1951
794.189 398.131 23.746 2.11332 25.6668
941.415 381.542 23.5386 2.04883 26.7971
831.514 495.59 23.6412 2.43298 26.2371
939.341 501.811 23.4246 2.3681 26.6496
914.458 449.971 23.4649 2.23263 26.4206
868.839 476.928 23.5407 2.34704 26.2793
748.57 389.837 23.8655 2.0838 25.0994
680.141 505.958 24.0457 2.66788 25.1504
671.846 503.885 24.0852 2.66617 25.0119
779.674 474.854 23.7332 2.4194 25.7416
1210.98 543.283 23.3231 2.31818 27.6959
1206.84 561.946 23.3391 2.35354 27.7205
1163.29 605.491 23.3958 2.43571 27.7207
1115.6 630.375 23.0298 2.579 26.9387
1223.42 626.227 23.3711 2.43779 27.8331
982.887 578.534 23.2881 2.54952 26.7064
962.151 603.418 23.3703 2.60396 26.8227
1084.49 537.062 23.426 2.35968 27.4988
999.475 667.699 23.3531 2.69811 27.0748
970.445 675.994 23.4423 2.73307 27.1457
1009.84 605.491 23.1948 2.5994 26.7025
1026.43 636.595 23.1259 2.67263 26.6588
1223.42 406.426 23.4088 2.10459 27.788
1202.69 404.352 23.4261 2.10372 27.7717
1217.2 491.443 23.2897 2.22625 27.6261
947.635 427.162 23.4521 2.1461 26.6739
1038.87 400.205 23.5299 2.10864 27.3935
1001.55 468.634 23.2711 2.23291 26.6323
812.851 82.944 23.8825 0.558499 25.0326
329.702 657.331 25.1586 3.38112 26.0745
537.062 109.901 25.7377 0.0861763 22.1155
303.575 318.505 26.3474 2.22614 24.0879
649.452 281.18 24.5348 1.12621 21.386
975.422 355.83 23.4842 1.96952 26.8375
1005.28 343.388 23.4032 1.90918 26.8058
995.328 320.993 23.4454 1.86423 26.8576
333.435 246.344 26.5737 1.69878 23.3565
1084.91 534.989 23.4011 2.36028 27.4295
447.898 134.369 26.6735 0.171299 21.0293
141.834 627.057 25.7373 3.38044 26.2367
534.989 109.486 25.7377 0.0861763 22.1155
539.966 57.2314 25.5615 0.0605908 23.1997
318.505 579.779 25.5922 3.40373 25.0073
651.94 184.136 24.6479 0.534101 22.4273
1152.09 599.685 23.3999 2.43303 27.6873
1114.77 629.545 23.0285 2.57864 26.9389
472.781 236.39 27.6856 0.0779469 14.8833
1224.25 517.571 23.304 2.27384 27.6853
460.339 564.849 25.0822 3.31897 24.3529
547.43 487.711 25.0982 3.21406 20.0371
714.148 629.545 23.7739 3.16896 25.0799
52.2547 276.204 26.0608 2.3347 26.6443
69.673 228.925 25.973 2.19252 26.7542
87.0912 525.036 25.9218 3.06274 26.3533
599.685 226.437 25.2687 0.373418 19.4803
773.868 233.902 23.9048 1.3466 24.9888
1055.05 602.174 23.0472 2.57181 26.6416
632.033 525.036 24.2121 2.9189 24.133
1204.35 345.877 23.3675 1.99049 27.6569
1169.51 353.341 23.429 2.01254 27.665
1169.51 301.087 23.3983 1.89622 27.5633
437.944 437.944 25.0185 2.5911 25.9201
629.545 632.033 24.1539 3.25966 25.2257
1147.12 403.108 23.4804 2.1172 27.7218
1102.33 380.713 23.4841 2.07069 27.5526
74.6496 149.299 26.0294 1.97098 26.7605
378.225 233.902 25.3514 1.92381 26.1845
763.914 306.063 23.8776 1.71651 25.1919
863.447 597.197 23.5547 2.68964 26.5614
1104.81 176.671 23.2766 1.44575 26.9388
116.951 258.785 26.0659 2.22632 26.3578
174.182 218.972 26.2699 1.99715 25.7585
948.05 111.974 23.6027 1.19758 26.506
268.739 450.386 26.2039 2.95396 24.4054
910.725 109.486 23.7231 1.22799 26.5219
935.608 77.1379 23.6851 1.13563 26.6211
1050.07 472.781 23.1381 2.22073 26.6335
253.809 164.229 25.7858 1.80036 26.2605
925.655 423.014 23.4428 2.14325 26.4223
918.19 395.643 23.6122 2.10598 26.8929
925.655 577.29 23.4291 2.58282 26.6711
883.354 564.849 23.5171 2.58141 26.5409
736.543 457.851 23.8363 2.40715 25.1463
838.564 395.643 23.6893 2.10552 26.2175
811.192 176.671 23.7954 1.0382 25.0292
943.073 380.713 23.5422 2.04795 26.7948
116.951 462.828 25.9308 2.87203 26.2976
756.449 410.573 23.7948 2.16691 24.9864
746.496 390.666 23.88 2.09016 25.1536
972.933 470.293 23.3752 2.26087 26.6975
1179.46 141.834 23.2052 1.39781 27.1254
923.167 330.947 23.5535 1.88716 26.564
888.33 286.157 23.6634 1.76584 26.5013
953.027 268.739 23.5437 1.72204 26.6909
77.1379 515.082 25.9002 3.01892 26.4766
82.1146 301.087 26.0926 2.38741 26.4293
49.7664 291.133 26.0251 2.36516 26.6949
492.687 355.83 26.0463 2.00734 19.7828
679.311 505.129 24.0578 2.67396 24.7829
696.73 460.339 24.0271 2.45111 24.9539
972.933 577.29 23.367 2.53556 26.8479
1127.21 552.407 23.3385 2.36713 27.4904
838.564 465.316 23.5673 2.32638 25.8962
858.471 323.482 23.8008 1.9608 26.8894
791.286 340.9 23.7816 1.8763 25.5372
811.192 311.04 23.7838 1.81009 25.967
1005.28 649.452 23.2936 2.6812 26.9683
940.585 624.568 23.4079 2.67279 26.7942
1137.16 323.482 23.4319 1.94764 27.5433
1142.14 298.598 23.4181 1.89148 27.4963
241.367 233.902 25.7512 2.04153 26.2876
908.237 629.545 23.4868 2.7066 26.7793
1206.84 559.872 23.3285 2.34785 27.6886
1179.46 525.036 23.2672 2.29979 27.5096
908.237 124.416 23.7129 1.26682 26.5139
99.5328 82.1146 26.0898 1.73905 26.6335
72.1613 47.2781 26.0932 1.69533 26.7837
196.577 283.669 26.2263 2.22215 25.5222
564.849 487.711 24.8443 3.06301 21.3648
577.29 442.921 24.8984 2.70722 19.9335
1060.02 119.439 23.5182 1.44117 27.1824
1017.72 87.0912 23.5907 1.31773 27.0434
1045.09 562.36 23.458 2.43212 27.419
873.4 258.785 23.6784 1.6466 26.3046
870.912 231.414 23.6784 1.50234 26.1038
1102.33 114.463 23.403 1.38944 27.1311
793.774 241.367 23.8694 1.48701 25.6508
838.564 206.531 23.7848 1.43376 26.0456
818.657 213.996 23.8179 1.40253 25.7788
860.959 651.94 23.5172 2.85794 26.5102
574.802 423.014 25.1212 2.5432 18.3994
684.288 435.456 24.1025 2.36713 24.9694
273.715 415.549 26.3461 2.79072 24.1284
301.087 333.435 26.3768 2.30441 23.9967
281.18 311.04 26.3661 2.22119 24.345
201.554 617.103 25.741 3.4433 25.8222
116.453 256.795 26.0779 2.2121 26.3647
680.805 606.155 23.9348 3.09865 25.2106
671.846 597.197 23.9846 3.12268 24.7496
713.65 62.7057 24.3898 0.45426 24.6806
1221.27 624.071 23.3776 2.43431 27.85
1167.52 606.155 23.4108 2.43438 27.7576
618.099 238.879 25.1043 0.359924 18.9105
600.183 223.949 25.3138 0.29138 19.0771
1083.91 644.973 23.0693 2.64369 26.8727
1024.19 650.945 23.2801 2.68217 27.0066
1054.05 600.183 23.1159 2.55105 26.795
1170.51 468.8 23.2496 2.19031 27.4215
161.243 576.295 25.7102 3.19387 26.2498
167.215 531.505 25.7839 3.06726 26.1239
644.973 591.225 24.1187 3.10493 24.968
1015.23 223.949 23.375 1.52631 26.596
1206.34 403.108 23.4209 2.10067 27.7837
107.495 89.5795 26.1185 1.73983 26.5597
77.6356 170.201 26.1279 2.00927 26.561
74.6496 146.313 26.0294 1.97098 26.7605
86.5936 432.968 26.0938 2.80884 26.2239
253.809 164.229 25.8341 1.78292 26.1291
874.893 388.178 23.7544 2.1205 26.9938
1185.44 226.935 23.4318 1.77445 27.6458
194.089 507.617 25.6867 2.98016 26.2334
740.524 588.239 23.8589 2.80211 26.2514
991.347 164.229 23.5568 1.46545 26.9057
1036.14 397.136 23.4855 2.09857 27.2637
149.299 358.318 26.0281 2.53078 26.1127
955.515 268.739 23.5975 1.76294 26.8916
955.515 226.935 23.5082 1.52758 26.448
173.187 217.977 26.0578 2.0375 26.1726
910.725 110.481 23.7268 1.23114 26.5321
895.795 119.439 23.7552 1.26743 26.5213
149.299 170.201 26.1708 1.8973 26.1786
746.496 391.164 23.8655 2.0838 25.0994
737.538 459.842 23.8396 2.40928 25.0571
934.613 480.743 23.47 2.31003 26.6816
898.781 513.589 23.5533 2.42395 26.7143
916.697 447.898 23.6122 2.25359 26.9789
865.936 468.8 23.4959 2.3183 26.0057
898.781 528.519 23.4801 2.48081 26.5073
952.529 426.996 23.4322 2.15131 26.6089
988.361 364.29 23.4398 1.98357 26.8343
946.557 379.22 23.5411 2.04914 26.843
1086.9 534.491 23.4298 2.35926 27.5044
522.547 391.164 26.8324 2.31446 10.675
862.95 653.931 23.5146 2.85734 26.5102
865.936 597.197 23.5547 2.68964 26.5614
982.389 489.701 23.3266 2.30798 26.6579
973.431 471.786 23.3879 2.26172 26.7317
946.557 89.5795 23.6475 1.14528 26.5604
937.599 77.6356 23.6723 1.12482 26.566
973.431 576.295 23.3181 2.54255 26.7254
964.473 537.477 23.4986 2.42466 27.0563
1063.01 119.439 23.5203 1.44345 27.1822
1098.84 358.318 23.475 2.02278 27.5125
1143.63 298.598 23.4256 1.8966 27.5233
71.6636 349.36 26.0169 2.53057 26.5517
107.495 295.612 26.0654 2.35396 26.3721
364.29 585.253 25.2912 3.29321 25.3711
406.094 528.519 25.6574 3.36184 23.21
1209.32 561.365 23.3295 2.35064 27.7028
671.846 450.884 24.149 2.43974 25.0426
101.523 498.659 25.9286 2.98834 26.297
856.978 340.402 23.6388 1.89427 26.1048
791.286 340.402 23.7816 1.8763 25.5372
812.188 310.542 23.7748 1.78566 25.8616
880.865 197.075 23.7176 1.45953 26.3332
940.585 307.556 23.5744 1.84055 26.7404
265.753 426.996 26.2004 2.82594 24.5927
845.034 641.987 23.5094 2.87577 26.3237
925.655 331.444 23.5506 1.88339 26.5604
889.823 283.669 23.6512 1.74804 26.4263
1080.93 340.402 23.4777 1.97778 27.4003
1030.16 307.556 23.354 1.79982 26.7914
1048.08 564.351 23.4458 2.43111 27.3826
576.295 286.655 26.0219 0.332201 13.6385
1089.88 65.6917 23.4791 1.31184 27.19
842.048 206.033 23.7773 1.41201 25.9653
704.692 403.108 24.0265 2.17745 24.9262
647.959 397.136 24.3083 2.20991 24.8502
644.973 313.528 24.5365 1.44199 21.4138
283.669 313.528 26.2451 2.23227 24.5908
1134.67 137.355 23.3261 1.42543 27.1433
659.903 185.131 24.6685 0.435882 21.9689
630.043 633.029 24.1469 3.21608 25.4347
143.327 627.057 25.744 3.37595 26.2211
540.463 56.7337 25.5412 0.0846925 23.3582
188.117 95.5515 26.0321 1.6424 26.2963
1146.62 401.316 23.4405 2.10002 27.6438
1135.87 397.733 23.4804 2.10876 27.687
85.9964 433.565 26.1001 2.8125 26.2303
93.1627 379.817 26.0819 2.63496 26.2804
734.552 541.06 23.7694 2.75549 25.0911
1046.29 257.989 23.4522 1.73832 27.1012
1021.21 268.739 23.4686 1.74556 27.0032
1203.95 343.985 23.3376 1.97097 27.59
1182.45 333.236 23.395 1.96334 27.6254
1200.37 315.32 23.389 1.93228 27.6674
1153.78 293.821 23.4027 1.87625 27.513
150.494 358.318 26.1524 2.53803 25.8625
670.055 501.645 24.0858 2.67342 24.8613
677.221 462.23 24.0972 2.47026 24.996
863.547 594.808 23.5547 2.68964 26.5614
1021.21 408.483 23.3816 2.08341 26.9624
723.803 598.391 23.7476 3.05458 24.889
842.048 204.241 23.5737 0.932394 24.3887
917.294 447.898 23.4677 2.23083 26.431
971.042 429.982 23.3971 2.15613 26.6776
949.543 426.399 23.4525 2.15289 26.6871
788.3 340.402 23.7932 1.88223 25.5625
906.545 114.662 23.7231 1.22799 26.5219
996.125 465.814 23.2944 2.23227 26.6525
945.96 558.976 23.379 2.51245 26.6882
981.792 523.145 23.3014 2.39014 26.6413
963.876 537.477 23.4946 2.42107 27.0389
859.964 322.486 23.5748 1.76715 25.7186
953.126 225.74 23.5303 1.56738 26.6012
1207.53 562.56 23.331 2.3478 27.7208
1171.7 103.912 23.2311 1.31562 27.1142
1153.78 68.0805 23.4788 1.43777 27.4891
114.662 465.814 25.9413 2.87999 26.2869
408.483 555.393 25.628 3.52691 23.2082
419.232 544.644 25.423 3.34874 23.8441
1010.46 358.318 23.3719 1.94712 26.7957
1028.37 308.154 23.3713 1.7878 26.7982
189.909 275.905 26.0711 2.21074 25.9255
171.993 218.574 26.2465 2.00446 25.8051
773.967 472.98 23.7533 2.4155 25.6416
745.302 472.98 23.7936 2.4442 25.1242
996.125 634.223 23.2255 2.67244 26.7186
1089.29 68.0805 23.4479 1.27093 27.1201
1121.54 551.81 23.3233 2.37162 27.4246
1117.95 537.477 23.3412 2.33957 27.4298
1085.7 533.894 23.3976 2.35661 27.4363
68.0805 286.655 26.1324 2.34908 26.4685
806.216 634.223 23.5629 2.93969 25.8914
1071.37 75.2468 23.5038 1.31695 27.1606
573.309 469.397 25.0288 3.05753 18.4134
928.044 161.243 23.6383 1.37199 26.5261
1003.29 340.402 23.4328 1.92176 26.8944
996.125 322.486 23.4334 1.85308 26.7835
1028.37 526.728 23.3481 2.37051 27.0705
795.466 415.649 23.7018 2.15377 25.417
795.466 394.15 23.7597 2.10236 25.8125
1143.03 297.404 23.4181 1.89148 27.4963
272.322 447.898 26.1536 2.9372 24.5329
222.157 361.901 25.7437 2.47474 26.1987
813.382 490.896 23.6833 2.4266 26.1291
928.044 576.892 23.4467 2.57309 26.7282
924.461 247.24 23.5849 1.62161 26.4916
580.475 383.4 25.0977 2.09909 19.417
813.382 250.823 23.7889 1.50581 25.6144
576.892 290.238 25.6806 0.70532 16.5636
300.987 433.565 26.2348 2.87638 24.0193
641.39 315.32 24.5249 1.43481 21.4036
705.887 401.316 24.0401 2.17705 24.9173
1067.79 505.229 23.3979 2.30167 27.3375
1053.46 601.974 23.1159 2.55105 26.795
1103.62 627.057 23.0816 2.56889 27.0056
673.638 598.391 23.9712 3.08226 25.1056
1024.79 150.494 23.5363 1.4718 27.0704
967.459 139.744 23.597 1.3464 26.6906
1132.29 136.161 23.3274 1.42061 27.1439
1114.37 229.324 23.5266 1.79028 27.5818
655.722 186.325 24.6689 0.423348 21.9023
716.636 283.071 24.1003 1.55067 24.5675
548.227 487.313 25.2461 3.34803 18.3479
619.89 512.395 24.3028 2.96874 23.0555
333.236 447.898 25.2466 2.65623 26.38
343.985 573.309 25.3847 3.27214 25.4051
447.898 136.161 26.9194 -0.00509421 20.1786
533.894 107.495 25.7101 0.124695 22.261
616.307 240.073 25.1254 0.338529 18.7386
254.406 164.826 25.7949 1.80662 26.2034
722.369 619.174 23.8329 3.02313 25.7785
847.064 202.091 23.7198 1.3057 25.6566
902.962 619.174 23.4891 2.70016 26.7743
872.863 632.073 23.4877 2.79881 26.5053
120.395 472.98 25.97 2.88505 26.2275
116.095 464.38 25.9145 2.87099 26.3493
804.066 627.773 23.5963 2.90854 26.1339
812.666 309.587 23.7924 1.80229 25.9792
976.059 356.885 23.523 1.99212 26.9757
958.859 356.885 23.5194 1.98278 26.8047
941.66 309.587 23.5744 1.84055 26.7404
971.759 571.876 23.3995 2.51747 26.9465
933.06 571.876 23.411 2.54895 26.7112
984.658 520.278 23.2695 2.38835 26.6417
963.159 533.177 23.4903 2.42005 27.039
171.993 219.291 26.3787 1.98526 25.5405
223.591 339.686 25.5073 2.39037 26.7102
257.989 425.682 25.7764 2.72036 25.7438
1130.85 133.294 23.3392 1.41904 27.1452
1117.95 85.9964 23.4006 1.32024 27.1497
692.271 477.28 24.0151 2.5474 24.9157
675.071 434.282 24.1416 2.35242 25.1072
881.463 567.576 23.5127 2.59717 26.5536
898.662 533.177 23.4862 2.48129 26.4701
1001.86 356.885 23.4126 1.95831 26.8168
1006.16 309.587 23.4167 1.82569 26.7756
1083.55 481.58 23.3861 2.25312 27.3628
326.786 404.183 25.4346 2.56307 25.9941
842.764 399.883 23.5713 2.07531 25.7272
804.066 404.183 23.6943 2.116 25.5985
1049.16 558.976 23.4456 2.42361 27.4013
1049.16 541.777 23.432 2.39151 27.3781
128.995 356.885 25.9695 2.52521 26.3276
404.183 524.578 25.4484 3.21067 24.1808
374.084 520.278 25.1264 2.90781 26.076
748.168 472.98 23.8537 2.42041 25.4784
907.262 116.095 23.7326 1.24544 26.5457
911.561 81.6965 23.7304 1.12169 26.4691
988.958 253.689 23.5788 1.75062 27.0446
958.859 262.289 23.6186 1.77922 27.0377
1040.56 116.095 23.5728 1.45918 27.2345
1036.26 94.596 23.5885 1.36433 27.1706
1083.55 339.686 23.4442 1.96348 27.3322
1122.25 550.377 23.3253 2.36945 27.4254
1117.95 533.177 23.3354 2.34161 27.4169
881.463 356.885 23.6021 1.97351 26.3166
834.165 494.479 23.6405 2.44349 26.2669
842.764 464.38 23.5274 2.32876 25.7505
786.867 223.591 23.8816 1.33857 25.3484
890.062 283.788 23.6532 1.73896 26.4089
881.463 223.591 23.6782 1.50376 26.2281
881.463 197.792 23.7363 1.46915 26.4304
890.062 167.693 23.7178 1.37226 26.4238
644.973 313.887 24.4241 1.53834 22.6188
1148.05 399.883 23.477 2.10873 27.6947
1053.46 597.675 23.0649 2.56187 26.6459
1178.15 524.578 23.2567 2.29449 27.4873
692.271 632.073 23.853 3.22687 24.9994
993.258 163.393 23.5434 1.4526 26.8744
1186.75 227.89 23.4315 1.77559 27.6457
657.872 184.892 24.6277 0.579246 22.5046
739.569 90.2962 24.2487 0.523991 24.5205
408.483 395.583 25.1969 2.48199 25.727
490.179 580.475 24.8914 3.32639 24.5171
636.373 558.976 24.1752 3.00723 24.7604
197.792 481.58 25.9179 2.97366 25.6967
227.89 520.278 25.218 2.82215 27.039
150.494 171.993 26.2059 1.89199 26.0767
128.995 159.093 26.1783 1.89686 26.2679
189.192 107.495 26.1578 1.63971 26.0658
253.689 167.693 25.6852 1.84634 26.4558
240.79 116.095 25.8623 1.65701 26.2185
655.292 603.694 24.0398 3.12613 25.0259
897.802 319.906 23.5566 1.80068 26.2205
877.163 485.02 23.5143 2.35053 26.2909
913.281 464.38 23.4789 2.26194 26.4224
949.4 619.174 23.3985 2.65244 26.8615
933.921 577.896 23.4242 2.57711 26.6724
1026.8 149.634 23.5247 1.46544 27.0104
1047.44 113.515 23.5681 1.43909 27.2008
247.67 190.912 25.7964 1.87495 26.1905
918.441 330.226 23.5493 1.88558 26.5688
954.56 319.906 23.5086 1.86115 26.7223
939.08 309.587 23.5602 1.83578 26.7174
546.937 294.108 25.241 1.56004 22.747
577.896 381.824 25.0096 2.07439 20.316
841.044 402.463 23.6521 2.1065 26.0127
830.725 366.345 23.6839 1.96965 25.9179
794.606 392.143 23.7646 2.10425 25.8387
799.766 185.752 23.8352 1.11272 25.1538
902.962 619.174 23.5152 2.68471 26.8814
1088.71 340.546 23.4741 1.97678 27.431
1104.19 309.587 23.4424 1.91235 27.4472
691.411 479.86 23.9715 2.58997 24.1956
675.931 448.901 24.1381 2.42205 24.9951
242.51 278.628 26.3672 2.11614 24.8349
660.452 356.025 24.3014 1.96197 23.9905
923.601 247.67 23.5659 1.58529 26.2963
1119.67 536.617 23.3328 2.34552 27.4291
1068.07 505.659 23.3983 2.30068 27.3303
706.89 402.463 24.0392 2.17762 25.0395
794.606 485.02 23.6879 2.4365 25.8613
799.766 459.221 23.6311 2.33715 25.6474
970.039 469.54 23.3565 2.25308 26.5832
959.719 433.422 23.398 2.16257 26.6619
995.838 464.38 23.2945 2.21363 26.6525
1078.39 485.02 23.3856 2.25573 27.3629
1047.44 541.777 23.4314 2.39206 27.3307
727.529 603.694 23.7515 3.0335 25.1461
897.802 536.617 23.483 2.47323 26.5056
835.885 500.499 23.6405 2.46153 26.258
928.761 206.391 23.538 1.42104 26.2598
1093.87 118.675 23.4204 1.39505 27.153
1001 340.546 23.4156 1.9062 26.8156
1155.79 294.108 23.4184 1.88815 27.5381
1109.35 227.03 23.5031 1.76646 27.5243
712.05 294.108 24.1096 1.55765 24.4605
386.984 572.736 24.7856 2.79005 27.2079
634.653 562.416 24.1736 2.99024 24.8362
500.499 500.499 25.73 3.49911 18.9407
206.391 433.422 25.7297 2.7434 26.1589
330.226 448.901 25.2452 2.64859 26.4335
170.273 593.375 25.7759 3.30964 26.0029
196.072 505.659 25.7064 2.98554 26.1835
128.995 159.953 26.1924 1.88834 26.2605
98.0359 128.995 26.0711 1.87323 26.6237
206.391 263.149 26.0272 2.13779 25.8822
113.515 252.829 26.0403 2.20497 26.4714
634.653 180.592 24.8146 0.559659 22.515
433.422 303.395 26.0958 1.87991 22.3993
823.501 396.271 23.7293 2.14537 26.1332
829.693 365.313 23.6803 1.9653 25.9292
798.734 482.956 23.7094 2.43814 26.1019
972.103 359.121 23.4691 1.95782 26.8052
910.186 365.313 23.5872 2.0038 26.613
941.144 309.587 23.5675 1.83738 26.7163
972.103 433.422 23.5396 2.18735 27.1481
928.761 266.245 23.7591 1.87338 27.2449
916.377 235.286 23.3988 1.36094 25.5716
1015.45 266.245 23.4748 1.75173 27.0024
1083.55 309.587 23.433 1.88061 27.3022
687.283 421.038 24.0822 2.30709 24.4323
328.162 390.08 26.3308 2.6098 23.4893
1083.55 482.956 23.3887 2.26048 27.3619
1145.47 396.271 23.4768 2.10364 27.6676
1052.6 371.504 23.4217 2.01723 27.2
1027.83 582.023 23.1823 2.506 26.6926
916.377 544.873 23.4255 2.50387 26.5701
1052.6 557.256 23.4411 2.41974 27.404
674.9 470.572 24.1177 2.52675 25.2516
736.817 538.681 23.7691 2.77519 25.1058
643.941 507.723 24.1669 2.81742 24.4008
854.46 588.215 23.5751 2.68158 26.4378
903.994 538.681 23.4812 2.49741 26.5101
928.761 204.327 23.7484 1.68315 27.1592
1021.64 148.602 23.5247 1.46544 27.0104
947.336 117.643 23.6179 1.2046 26.4907
1114.51 222.903 23.505 1.76026 27.4836
1133.09 130.027 23.326 1.38219 27.1201
1095.94 117.643 23.517 1.49761 27.403
780.159 222.903 23.9033 1.39597 25.5418
699.666 352.929 24.0779 1.87307 24.2383
408.655 383.888 25.5213 2.48587 24.5014
551.065 489.147 25.2251 3.31579 18.6519
117.643 464.38 26.0464 2.90476 26.1048
167.177 588.215 25.7058 3.24241 26.1931
130.027 507.723 25.8591 3.02253 26.2633
606.79 222.903 25.1982 0.391152 19.7233
532.49 266.245 27.2548 -0.00154384 11.5727
142.41 260.053 26.2742 2.19074 25.8942
765.299 260.053 23.8473 1.30751 24.3654
958.481 527.536 23.4986 2.41596 27.0404
921.331 482.956 23.4232 2.3258 26.3969
936.191 304.634 23.5486 1.81672 26.5956
899.04 319.494 23.7995 1.99148 27.2101
1003.06 334.354 23.4266 1.88913 26.8026
973.341 356.644 23.4734 1.97621 26.8325
1003.06 304.634 23.4117 1.79335 26.8065
364.074 245.193 25.4534 1.9487 26.0542
416.085 356.644 25.5634 2.29733 24.5464
690.998 393.795 24.1808 2.23801 25.8861
653.848 364.074 24.3042 2.04153 24.8385
1092.22 534.966 23.4058 2.33431 27.4188
1077.36 482.956 23.3847 2.24995 27.3638
965.911 438.375 23.4646 2.18285 26.8723
951.051 371.504 23.5275 2.02405 26.8073
1129.37 393.795 23.4768 2.10364 27.6676
965.911 572.117 23.3405 2.53367 26.7381
899.04 542.396 23.5309 2.47586 26.7755
1121.94 534.966 23.4114 2.34079 27.6285
750.439 468.095 23.79 2.44558 25.1437
780.159 453.235 23.7225 2.31593 25.5306
735.579 542.396 23.8157 2.729 25.5493
891.61 178.322 23.7405 1.43729 26.4076
861.89 326.924 23.6229 1.83265 26.0656
869.32 245.193 23.6597 1.5374 25.993
586.977 468.095 24.9028 2.94187 20.2066
616.697 371.504 24.4589 2.13001 24.6365
497.816 482.956 25.6518 3.44621 19.5888
616.697 505.246 24.3772 2.95606 22.9188
200.612 482.956 25.7815 2.97617 25.9758
156.032 534.966 25.9103 3.129 25.9025
601.837 222.903 25.4196 0.0329192 17.6721
616.697 252.623 24.959 0.714827 20.4508
527.536 267.483 25.0305 1.72331 24.86
245.193 237.763 25.7731 2.06026 26.1196
252.623 178.322 25.8147 1.7938 26.1719
891.61 178.322 23.7058 1.40649 26.4188
945.107 303.148 23.5537 1.843 26.726
1087.76 338.812 23.4687 1.97254 27.4155
1105.6 312.064 23.4451 1.90408 27.4454
829.198 517.134 23.6136 2.44538 26.1748
829.198 356.644 23.6568 1.9189 25.5619
864.862 329.896 23.7979 2.01964 27.0201
775.701 285.315 23.8764 1.64938 25.6315
820.282 258.567 23.7797 1.53093 25.7117
775.701 258.567 23.8473 1.30751 24.3654
954.023 365.56 23.4628 1.95115 26.684
1096.68 534.966 23.3954 2.3469 27.4256
695.456 427.973 24.0479 2.30113 25.469
757.869 401.225 23.8307 2.10957 25.2245
740.037 543.882 23.7748 2.74204 25.6039
677.624 543.882 24.0315 2.83919 24.905
757.869 472.554 23.7952 2.44786 25.6095
650.876 508.218 24.1918 2.70288 25.0206
1052.1 249.651 23.5034 1.75812 27.2215
909.443 338.812 23.5859 1.92402 26.5251
971.855 258.567 23.5576 1.70725 26.8364
1043.18 347.728 23.3264 1.91083 26.8691
641.96 178.322 24.6917 0.784719 23.5894
784.617 222.903 23.9191 1.29384 24.9847
855.946 169.406 23.3192 0.325137 23.4183
811.365 169.406 23.8537 1.1402 25.3181
704.372 347.728 23.8311 1.61147 22.3009
731.121 294.231 24.0121 1.64343 24.8767
766.785 329.896 23.8265 1.78828 24.9699
401.225 392.309 25.5567 2.43968 24.531
633.043 436.889 24.3178 2.47069 24.7811
419.057 543.882 24.9672 2.96404 26.1206
499.302 490.386 25.6573 3.48598 19.5587
552.798 490.386 24.6672 2.84068 24.4449
383.392 419.057 25.5161 2.65213 24.8876
276.399 374.476 26.3449 2.5563 24.2983
196.154 499.302 25.7595 2.9676 26.0353
338.812 526.05 26.3691 3.66141 22.057
526.05 267.483 24.8501 1.88413 26.0001
249.651 240.735 25.7877 2.06727 26.0731
240.735 312.064 25.7936 2.29001 26.0587
178.322 294.231 25.741 2.29424 26.6691
