345 675 -1.99123 -1.1823 21.1835
744 536 -3.38966 -1.43202 20.7622
1141 450 -6.08809 -1.8152 20.4318
1069.2 380.4 -6.32152 -2.13769 19.8037
452.4 324 -2.83572 -1.9876 19.9844
708 537.6 -2.94925 -1.45988 21.1378
636 444 -2.92689 -1.68323 20.8257
1353.6 487.2 -7.02116 -1.72953 21.0961
834 495.6 -3.73622 -1.56441 20.7786
264 1011.6 -2.12571 -0.223703 20.5942
418.8 692.4 -2.20687 -1.11205 21.0771
496.8 456 -2.58447 -1.62814 20.698
943.2 478.8 -4.71346 -1.62415 20.4148
852 354 -4.73634 -2.10018 19.8078
944.4 462 -4.70215 -1.68195 20.41
1082.4 453.6 -5.82072 -1.77301 20.285
741.6 447.6 -3.89887 -1.6804 20.1215
982.8 460.8 -5.09377 -1.7064 20.2966
993.6 412.8 -11.7312 -2.09314 14.9778
1141.2 450 -6.07429 -1.81396 20.4443
874.8 460.8 -3.81117 -1.68848 20.8751
864 416.4 -4.27317 -1.83214 20.3755
642 148.8 -7.70435 -3.96258 14.1637
475.2 693.6 -2.38183 -1.07941 21.0204
1046.4 192 -9.90173 -3.95068 16.8373
1154.4 771.6 -5.42475 -0.495218 21.0868
342.72 712.8 -2.08076 -1.05797 21.0045
656.64 472.32 -3.01238 -1.61491 20.8233
636.48 443.52 -2.92563 -1.68363 20.8246
689.76 489.6 -3.34243 -1.54829 20.5412
175.68 502.56 -2.27263 -1.37437 19.4672
182.88 780.48 -2.06433 -0.71514 20.2037
442.08 312.48 -2.75518 -2.01224 20.0755
506.88 707.04 -2.46576 -1.04257 21.0207
989.28 525.6 -4.20991 -1.49937 21.0634
597.6 446.4 -2.79783 -1.66725 20.8315
809.28 524.16 -3.63714 -1.47431 20.7926
892.8 525.6 -3.99904 -1.47482 20.8074
247.68 488.16 -2.22993 -1.47396 20.0916
200.16 482.4 -2.28169 -1.45606 19.6506
358.56 532.8 -2.04146 -1.46289 21.0892
321.12 528.48 -2.064 -1.45388 20.8748
434.88 462.24 -2.44631 -1.5998 20.6397
541.44 512.64 -2.51835 -1.51101 21.0223
1082.88 453.6 -5.71532 -1.76857 20.3633
1116 434.88 -6.6494 -1.88596 19.9335
1153.44 459.36 -6.00081 -1.77916 20.5853
734.4 358.56 -4.4622 -2.02566 19.3816
983.52 460.8 -5.62153 -1.69621 19.8747
826.56 427.68 -4.39063 -1.77482 20.045
744.48 446.4 -3.51307 -1.70024 20.5908
725.76 414.72 -3.70617 -1.78601 20.2511
1031.04 455.04 -5.20469 -1.74306 20.4617
126.72 496.8 -2.13304 -1.39556 19.5306
475.2 158.4 -6.37162 -3.63209 13.8505
902.88 145.44 -8.17977 -3.95098 16.7299
792 213.12 -10.1509 -3.93011 13.4158
299.52 799.2 -2.12932 -0.787838 20.7108
374.4 580.32 -2.12599 -1.34936 21.0082
92.16 708.48 -2.05418 -0.788989 19.5788
851.04 923.04 -3.46475 -0.359739 21.2795
745.92 557.28 -3.2863 -1.3779 20.8902
612 692.64 -2.76888 -1.05098 21.0229
1127.52 355.68 -8.65905 -2.49076 18.6196
1071.36 92.16 -7.74067 -4.08075 18.582
1045.44 191.52 -9.5204 -3.87337 17.1206
1164.96 156.96 -10.4016 -4.31558 17.6597
1150.56 907.2 -3.91907 -0.520105 22.008
1085.76 967.68 -3.60326 -0.43758 22.0118
84.672 566.784 -1.97666 -1.21092 19.6784
176.256 501.12 -2.15654 -1.40622 19.7846
1515.46 297.216 -17.3728 -4.09029 18.37
1512 302.4 -17.3742 -4.09557 18.3272
506.304 708.48 -2.48747 -1.03286 20.9833
604.8 444.096 -2.82538 -1.67344 20.8274
943.488 478.656 -4.7458 -1.62328 20.3855
691.2 489.024 -3.34082 -1.55035 20.5453
1164.67 513.216 -6.11285 -1.52871 20.6027
1162.94 504.576 -5.99596 -1.57136 20.6549
276.48 525.312 -1.99859 -1.44482 20.8221
808.704 523.584 -3.52853 -1.48565 20.9072
831.168 495.936 -3.78739 -1.55948 20.7222
708.48 457.92 -3.72971 -1.63092 20.1497
725.76 414.72 -3.76797 -1.7867 20.1892
117.504 604.8 -2.04599 -1.11491 19.7605
891.648 525.312 -4.10123 -1.46298 20.701
352.512 485.568 -2.1625 -1.54442 20.7955
979.776 521.856 -4.35896 -1.50263 20.9048
456.192 459.648 -2.42238 -1.6135 20.8082
1142.21 449.28 -6.1622 -1.81448 20.3923
400.896 722.304 -2.16535 -1.04968 21.0847
844.992 400.896 -4.09786 -1.88363 20.4249
1083.46 430.272 -5.73718 -1.87678 20.3559
314.496 454.464 -2.49652 -1.55147 19.8707
869.184 459.648 -4.09112 -1.68399 20.5999
860.544 416.448 -4.35356 -1.83627 20.2609
335.232 428.544 -2.91604 -1.61746 19.1214
981.504 437.184 -5.03046 -1.79797 20.3294
781.056 473.472 -3.19592 -1.64317 21.1307
841.536 459.648 -4.43517 -1.65672 20.09
813.888 459.648 -4.05347 -1.65996 20.3469
435.456 409.536 -2.69293 -1.71626 20.1791
743.04 537.408 -3.27242 -1.44367 20.8949
787.968 36.288 -6.13329 -4.05975 17.6788
641.088 148.608 -7.92418 -4.02474 13.8316
489.024 717.12 -2.42121 -1.018 21.01
196.992 575.424 -2.07962 -1.2518 20.1645
938.304 829.44 -4.05141 -0.49143 21.0986
737.856 926.208 -3.1014 -0.406045 21.2149
630.72 836.352 -2.80527 -0.678809 21.0884
606.528 665.28 -2.73236 -1.11369 21.0338
620.352 542.592 -2.84173 -1.42446 20.8886
530.496 775.872 -2.50371 -0.876789 21.0713
613.44 692.928 -2.76532 -1.0498 21.0419
1166.4 155.52 -9.76796 -4.15412 18.0718
1114.56 100.224 -8.72752 -4.30972 18.2512
1315.01 805.248 -5.28438 -0.567926 21.8545
969.408 839.808 -4.25709 -0.408397 21.0715
1370.3 689.472 -7.60771 -0.651355 21.0649
342.144 675.994 -2.08657 -1.13363 20.9814
543.283 514.253 -2.56068 -1.50499 20.9596
518.4 489.37 -2.48089 -1.55948 20.9613
653.184 470.707 -2.86218 -1.62343 20.995
147.226 630.375 -2.08999 -1.04347 19.836
244.685 522.547 -2.16857 -1.38886 20.2138
246.758 495.59 -2.08916 -1.48152 20.4118
537.062 705.024 -2.60152 -1.01484 20.9421
564.019 702.951 -2.69881 -1.0144 20.9193
611.712 692.583 -2.62726 -1.0991 21.2163
1148.77 505.958 -5.47368 -1.58172 20.9003
404.352 734.055 -2.16006 -1.02442 21.1014
908.237 518.4 -3.87213 -1.52189 20.983
356.659 534.989 -2.06458 -1.45534 21.0245
352.512 485.222 -2.35378 -1.51872 20.4259
889.575 526.694 -3.52022 -1.50448 21.2603
868.839 528.768 -3.62791 -1.49001 21.0673
868.839 495.59 -3.79641 -1.57318 20.8681
850.176 354.586 -4.62593 -2.08433 19.9165
806.63 524.621 -3.5496 -1.4819 20.8617
1142.55 449.971 -6.12727 -1.81363 20.4228
468.634 402.278 -2.87476 -1.74991 20.0479
242.611 551.578 -2.09668 -1.34487 20.4258
273.715 447.898 -2.44927 -1.56724 19.7308
435.456 462.413 -2.34716 -1.61169 20.8209
406.426 470.707 -2.3366 -1.58045 20.7289
412.646 622.08 -2.21819 -1.25922 21.0168
951.783 460.339 -4.74265 -1.69736 20.4116
914.458 468.634 -3.87533 -1.68293 21.005
984.96 458.266 -4.93516 -1.71631 20.424
841.882 460.339 -4.40836 -1.65457 20.1236
812.851 460.339 -4.17312 -1.65 20.2139
827.367 427.162 -4.42363 -1.77675 20.0182
868.839 460.339 -4.08638 -1.68269 20.5944
860.544 416.794 -4.16632 -1.83464 20.4705
707.098 474.854 -3.75688 -1.57257 20.1203
779.674 439.603 -4.10658 -1.71732 20.0959
744.422 445.824 -3.53016 -1.69611 20.5621
1053.39 423.014 -5.97985 -1.89047 20.0083
1254.53 447.898 -7.1732 -1.88582 20.4774
132.71 495.59 -2.17599 -1.38632 19.408
476.928 157.594 -6.53264 -3.68219 13.57
120.269 246.758 -6.37157 -3.08136 6.2271
236.39 161.741 -5.45639 -3.52562 11.7697
738.202 539.136 -3.09606 -1.46 21.0879
902.016 147.226 -8.5368 -4.05315 16.3534
933.12 205.286 -10.5556 -4.02209 14.9782
364.954 852.25 -2.133 -0.734035 21.0273
300.672 800.41 -2.11198 -0.799778 20.7547
452.045 866.765 -2.30989 -0.696425 21.0783
267.494 1009.84 -2.10841 -0.255096 20.6416
138.931 835.661 -2.18121 -0.403827 19.5993
333.85 553.651 -2.08224 -1.3938 20.9111
468.634 541.21 -2.40134 -1.42994 20.9084
491.443 715.392 -2.45631 -1.01429 20.9814
848.103 924.826 -3.45754 -0.362475 21.2857
626.227 837.734 -2.78251 -0.685544 21.1162
617.933 543.283 -2.74408 -1.43548 21.0207
530.842 775.526 -2.52549 -0.867066 21.0394
1138.41 402.278 -8.60606 -2.17321 18.8043
1167.44 155.52 -9.76796 -4.15412 18.0718
1113.52 43.5456 -7.0943 -4.11596 19.3705
1001.55 250.906 -14.8946 -4.34373 12.3293
1045.09 190.771 -9.61354 -3.8713 16.9898
1150.85 908.237 -3.92324 -0.51657 21.9962
1086.57 823.219 -4.68451 -0.446839 21.2522
1368.58 644.89 -7.32882 -0.9296 21.1443
1416.27 673.92 -7.41198 -0.799773 21.3734
1155 773.453 -5.41702 -0.489375 21.0898
1128.04 719.539 -5.40542 -0.691852 20.9387
654.428 470.293 -2.85682 -1.62405 20.9963
868.424 460.339 -4.11177 -1.67776 20.5755
880.865 432.968 -5.02258 -1.7706 19.743
855.982 432.968 -4.26139 -1.7636 20.3514
1094.86 457.851 -5.69308 -1.76827 20.4543
1082.42 427.991 -5.88166 -1.87971 20.2491
410.573 622.08 -2.19705 -1.26395 21.0543
706.683 475.269 -3.4711 -1.59225 20.4633
729.078 415.549 -3.75161 -1.78503 20.2169
694.241 430.479 -3.9374 -1.71625 19.8239
985.375 457.851 -4.96176 -1.71608 20.3943
982.887 437.944 -5.09493 -1.79013 20.2895
318.505 462.828 -2.32389 -1.55992 20.2729
236.39 572.314 -2.01141 -1.31028 20.5612
953.027 460.339 -4.80936 -1.69641 20.3453
843.541 460.339 -4.50115 -1.64977 20.0429
744.008 445.409 -3.21681 -1.70639 20.9316
639.498 149.299 -8.06973 -4.07312 13.6183
714.148 82.1146 -6.46771 -3.98347 16.5924
1430.78 893.307 -4.74231 -0.542861 22.4959
1492.99 843.541 -5.10416 -0.652548 22.5384
522.547 49.7664 -4.98501 -3.76416 16.6956
624.568 860.959 -2.94064 -0.532915 20.8927
624.568 838.564 -2.81134 -0.67525 21.0797
766.403 982.887 -2.95687 -0.386143 21.4956
851.006 923.167 -3.49561 -0.349443 21.2619
1087.4 967.957 -3.52354 -0.459814 22.0737
992.84 908.237 -3.82382 -0.399174 21.5229
1072.47 801.239 -4.924 -0.424469 21.0416
970.445 841.052 -4.23581 -0.417453 21.0888
1002.79 251.32 -13.0047 -4.02473 13.9049
1035.14 184.136 -9.59801 -3.95216 16.9779
1368.58 644.475 -7.32882 -0.9296 21.1443
1418.34 1017.72 -3.88864 -0.502447 22.7981
1169.51 156.764 -9.84814 -4.17464 18.0289
1279 895.795 -4.50863 -0.472108 22.0998
1239.18 853.494 -4.67481 -0.497355 21.8812
1199.37 816.169 -6.10074 -0.19255 20.9408
1306.37 903.26 -4.19829 -0.56543 22.328
930.632 206.531 -10.3234 -3.97311 15.1819
131.881 495.176 -2.17599 -1.38632 19.408
365.783 851.006 -2.134 -0.737337 21.0282
1127.21 719.125 -5.55758 -0.660795 20.8396
490.199 823.634 -2.24687 -0.876245 21.3482
72.1613 796.263 -2.14198 -0.410108 19.1282
186.624 898.284 -2.11437 -0.372845 20.1039
714.148 539.966 -3.03167 -1.44346 21.0469
661.893 592.22 -3.1897 -1.24744 20.6361
741.519 278.692 -7.62089 -2.87182 15.6742
587.244 582.267 -2.60741 -1.349 21.0936
574.802 413.061 -2.76927 -1.7374 20.7676
308.552 664.382 -2.09394 -1.11336 20.7822
460.339 609.638 -2.34493 -1.27971 20.9952
470.293 539.966 -2.37594 -1.43613 20.9541
530.012 776.356 -2.54053 -0.863973 21.0218
612.127 691.753 -2.73526 -1.0621 21.0598
418.038 731.566 -2.16422 -1.04533 21.1763
492.687 716.636 -2.41801 -1.02684 21.031
248.832 495.176 -2.27765 -1.45012 19.9998
176.671 500.152 -2.17208 -1.40227 19.7547
691.753 487.711 -3.16088 -1.56622 20.7818
517.571 490.199 -2.55705 -1.55371 20.8487
597.197 447.898 -2.83853 -1.65874 20.7713
432.968 413.061 -2.80382 -1.7112 19.9814
1152.09 457.851 -6.43202 -1.77675 20.3192
1385.99 485.222 -7.10169 -1.75147 21.216
156.764 579.779 -2.00104 -1.23267 20.1037
1281.48 490.199 -6.14402 -1.68439 21.1711
1241.67 495.176 -5.89705 -1.64615 21.076
477.758 159.253 -6.37906 -3.63872 13.8553
830.104 426.996 -4.84712 -1.77564 19.5899
477.758 158.257 -7.05383 -3.8252 12.6466
537.477 170.201 -7.49326 -3.81549 12.9316
743.51 555.393 -3.14392 -1.41639 21.041
889.823 979.403 -3.20158 -0.393089 21.6657
848.02 925.655 -3.49561 -0.349443 21.2619
1170.51 155.271 -9.49666 -4.08776 18.2733
1086.9 970.445 -3.4879 -0.475374 22.0929
1155.58 773.37 -5.62282 -0.441114 20.9764
1158.56 701.706 -5.43958 -0.786494 21.0577
1278 895.795 -4.59749 -0.447476 22.0486
1498.96 776.356 -5.75685 -0.730898 22.3482
624.071 839.062 -2.83947 -0.654748 21.033
268.739 1009.26 -2.07688 -0.279442 20.7132
250.823 913.711 -2.17748 -0.413788 20.3865
767.398 985.375 -2.86386 -0.429602 21.6008
743.51 925.655 -3.16225 -0.375864 21.148
892.809 540.463 -3.92858 -1.42745 20.8775
937.599 830.104 -4.03831 -0.495085 21.1107
1245.16 961.487 -3.78766 -0.514451 22.3529
1346.68 140.341 -10.3839 -4.31598 19.3084
991.347 907.739 -3.90691 -0.370284 21.4483
1003.29 250.823 -13.0047 -4.02473 13.9049
1149.6 907.739 -4.00609 -0.492748 21.954
1125.72 889.823 -4.29379 -0.415047 21.694
492.687 827.118 -2.38302 -0.790182 21.1444
537.477 650.945 -2.57769 -1.16245 20.9638
582.267 582.267 -2.66752 -1.33292 20.9985
220.963 794.272 -2.00501 -0.78424 20.577
764.412 232.907 -8.58007 -3.43003 14.7776
489.701 979.403 -2.43974 -0.40092 21.0829
68.6776 794.272 -2.12319 -0.427113 19.1822
364.29 851.006 -2.13279 -0.734319 21.0271
901.767 146.313 -8.82388 -4.10548 16.1377
656.917 591.225 -2.86701 -1.30729 21.0264
1137.66 400.122 -8.99555 -2.19435 18.561
1122.73 352.346 -8.52777 -2.48205 18.7126
322.486 785.314 -2.13338 -0.846845 20.8198
340.402 671.846 -2.09681 -1.12873 20.9569
328.458 555.393 -2.07234 -1.40293 20.9002
501.645 710.664 -2.46705 -1.03605 21.013
415.052 692.748 -2.21008 -1.11483 21.0772
579.281 785.314 -2.63416 -0.831564 21.1135
531.505 776.356 -2.52578 -0.872694 21.0489
609.141 689.762 -2.75857 -1.0522 21.0211
692.748 429.982 -3.55202 -1.72952 20.2798
650.945 468.8 -2.81067 -1.62841 21.0543
1319.81 456.856 -8.25133 -1.87225 20.3345
519.561 489.701 -2.60049 -1.55028 20.7899
597.197 450.884 -2.766 -1.66116 20.8682
161.243 647.959 -2.04456 -1.0434 20.0619
86.5936 567.337 -2.05266 -1.18307 19.4744
250.823 495.673 -2.21785 -1.46404 20.1495
200.061 522.547 -2.09488 -1.37532 20.1473
214.991 474.772 -2.37203 -1.45389 19.4986
429.982 415.052 -2.80836 -1.70691 19.9686
1161.55 507.617 -5.34109 -1.58547 21.0519
1080.93 489.701 -5.08821 -1.62993 20.8181
1149.6 453.87 -7.32189 -1.78281 19.7359
1092.87 456.856 -5.16024 -1.76609 20.8102
235.893 573.309 -2.0173 -1.311 20.5497
194.089 573.309 -2.09243 -1.25722 20.1239
438.94 459.842 -2.44431 -1.60403 20.6619
964.473 534.491 -4.2909 -1.45187 20.8797
889.823 528.519 -3.94974 -1.47437 20.843
952.529 459.842 -4.82103 -1.69718 20.353
856.978 432.968 -4.2284 -1.76305 20.3871
355.332 534.491 -2.01655 -1.46403 21.1265
334.43 429.982 -2.85315 -1.61912 19.2401
298.598 424.01 -3.53005 -1.57271 17.3759
1239.18 495.673 -5.89705 -1.64615 21.076
740.524 537.477 -3.03047 -1.46637 21.1605
931.627 776.356 -4.13352 -0.627059 20.9743
806.216 458.647 -4.13104 -1.65397 20.2485
576.892 132.578 -7.48302 -4.06126 13.5991
634.223 146.91 -7.60203 -3.93483 14.2182
623.474 838.464 -2.84816 -0.655776 21.0254
1429.69 892.212 -4.58843 -0.585428 22.5432
988.958 902.962 -3.90061 -0.370232 21.4469
1153.78 773.967 -5.35222 -0.506278 21.1366
1343.69 139.744 -9.79716 -4.17307 19.5817
634.223 207.825 -9.37543 -3.85958 11.764
745.302 920.878 -3.31384 -0.316796 21.0002
902.962 150.494 -7.9328 -3.85433 16.9884
268.739 1006.87 -2.0982 -0.271716 20.6891
250.823 910.128 -2.12293 -0.455679 20.5006
1289.95 691.554 -6.42763 -0.748829 21.1774
128.995 494.479 -2.23342 -1.37455 19.2352
630.64 605.558 -2.82827 -1.26483 20.9812
713.053 541.06 -3.13826 -1.4319 20.9255
354.735 867.13 -2.1124 -0.730032 21.0367
1067.79 247.24 -8.30113 -3.21645 18.3241
1039.12 186.325 -9.51784 -3.90523 17.0819
1010.46 193.492 -9.26859 -3.81761 16.9666
218.574 791.883 -2.08064 -0.737159 20.386
766.801 232.907 -9.13754 -3.53679 14.179
404.9 609.141 -2.18161 -1.28969 21.0498
465.814 598.391 -2.33703 -1.29129 21.017
347.569 738.135 -2.03338 -1.03353 21.1437
322.486 770.384 -2.06016 -0.92306 20.9651
340.402 670.055 -2.11104 -1.12062 20.9047
300.987 705.887 -2.107 -1.01871 20.7409
419.232 730.969 -2.24156 -1.01431 21.038
415.649 691.554 -2.20391 -1.11521 21.0749
369.068 569.726 -2.14329 -1.36202 20.9734
329.653 551.81 -2.07151 -1.40059 20.8998
616.307 723.803 -2.71252 -0.991923 21.0974
530.311 773.967 -2.45915 -0.901988 21.1425
609.141 687.971 -2.7421 -1.05935 21.0368
537.477 705.887 -2.48754 -1.0499 21.1148
85.9964 705.887 -2.14643 -0.702271 19.2065
1160.95 508.812 -5.04903 -1.59805 21.1851
1146.62 451.481 -6.11395 -1.81454 20.4517
1089.29 455.064 -5.61032 -1.76929 20.4906
519.561 487.313 -2.4991 -1.56341 20.9507
594.808 447.898 -3.22815 -1.63745 20.2215
1239.78 494.479 -6.05001 -1.64502 21.0035
1383.11 483.73 -6.7977 -1.76026 21.3721
1350.86 483.73 -6.95138 -1.73491 21.1377
1318.61 455.064 -7.83337 -1.87559 20.5491
75.2468 634.223 -2.12783 -0.898961 19.1513
85.9964 566.143 -2.05428 -1.18355 19.4845
852.797 369.068 -4.38065 -2.0134 20.1772
730.969 415.649 -3.59876 -1.78324 20.4001
458.647 412.066 -2.77847 -1.71563 20.1606
451.481 318.903 -2.85142 -1.996 19.9688
691.554 487.313 -3.19435 -1.56637 20.7456
648.556 469.397 -2.87698 -1.62433 20.9555
888.629 526.728 -3.96674 -1.47257 20.8184
953.126 458.647 -4.83618 -1.69521 20.3375
856.38 433.565 -4.34127 -1.76277 20.2706
455.064 458.647 -2.47383 -1.61235 20.6979
451.481 458.647 -2.50999 -1.60352 20.6266
354.735 530.311 -2.13431 -1.44627 20.8988
759.635 437.148 -3.92937 -1.72162 20.1778
1365.19 641.39 -7.60623 -0.911006 21.0124
1150.2 906.545 -3.87196 -0.541039 22.044
1171.7 154.077 -9.76796 -4.15412 18.0718
849.214 924.461 -3.52229 -0.336106 21.2362
480.146 157.66 -6.48787 -3.66137 13.7084
460.081 606.274 -2.33703 -1.29129 21.017
455.781 546.077 -2.34118 -1.42612 20.9574
623.474 838.465 -2.73993 -0.687823 21.16
580.475 786.867 -2.74205 -0.791579 20.9598
137.594 829.865 -2.28825 -0.270558 19.243
713.77 541.777 -3.20724 -1.42443 20.8424
657.872 589.075 -2.98009 -1.2998 20.8889
219.291 791.167 -2.08064 -0.737159 20.386
520.278 300.987 -10.5092 -3.15833 7.84542
176.293 490.179 -2.15561 -1.43402 19.7943
1040.56 189.192 -10.4527 -4.07417 16.3749
322.486 769.667 -2.07453 -0.911832 20.943
395.583 614.874 -2.0753 -1.31788 21.2337
331.086 554.677 -1.99848 -1.40066 21.0778
85.9964 705.17 -2.08651 -0.749411 19.3954
417.082 730.969 -2.15372 -1.04239 21.1813
619.174 528.878 -2.746 -1.44642 21.0148
515.978 485.879 -2.42808 -1.57142 21.0562
563.276 442.881 -2.74843 -1.66184 20.7806
601.975 670.772 -2.94777 -1.05466 20.7236
520.278 709.47 -2.44189 -1.05008 21.1093
1049.16 382.684 -9.41288 -2.29092 17.4029
1139.45 395.583 -8.57021 -2.19239 18.8443
1117.95 348.285 -8.43478 -2.49887 18.7307
1156.65 507.379 -5.59111 -1.5743 20.8749
1079.25 485.879 -4.91206 -1.64417 20.9246
1092.15 455.781 -5.61032 -1.76929 20.4906
1384.54 485.879 -7.00327 -1.74981 21.2906
202.091 481.58 -2.35407 -1.45087 19.5066
438.581 455.781 -2.42057 -1.61269 20.7201
331.086 425.682 -3.10439 -1.60139 18.7231
1238.35 494.479 -6.13289 -1.64436 20.9593
1199.65 425.682 -7.79452 -1.98691 19.7784
967.459 520.278 -4.17433 -1.5067 20.9803
451.481 318.187 -2.83502 -2.02158 19.9889
885.763 524.578 -3.75923 -1.49468 21.0067
859.964 460.081 -4.4932 -1.68223 20.1465
855.664 369.784 -4.50288 -2.01696 20.0572
920.161 343.985 -2.42619 -1.95573 22.276
829.865 494.479 -3.86505 -1.55588 20.6243
739.569 537.477 -3.14821 -1.45347 21.0166
236.49 567.576 -2.09528 -1.29878 20.3932
189.192 567.576 -2.07297 -1.26813 20.1604
1457.64 894.362 -4.27456 -0.679665 22.7082
1156.65 773.967 -5.41702 -0.489375 21.0898
1122.25 558.976 -5.15617 -1.38115 21.009
1255.55 705.17 -6.36829 -0.685009 21.0677
1139.45 894.362 -4.14538 -0.460526 21.8279
1087.85 804.066 -4.66665 -0.512145 21.3007
1272.75 890.062 -4.42174 -0.500276 22.1357
1070.65 245.09 -8.65313 -3.28676 18.0527
1173.85 154.793 -9.39074 -4.065 18.3501
739.569 550.377 -3.43843 -1.38742 20.701
249.389 907.262 -2.13038 -0.440642 20.4695
490.179 825.565 -2.48616 -0.738692 20.9758
928.761 206.391 -11.1728 -4.16928 14.3568
481.58 154.793 -7.0056 -3.81312 12.8049
407.623 753.328 -2.07925 -1.02343 21.2854
1140.31 392.143 -9.67078 -2.26734 18.1159
232.19 737.849 -2.18794 -0.823566 20.1956
294.108 701.73 -1.98423 -1.08971 20.9692
397.303 614.014 -2.15228 -1.29201 21.0893
330.226 552.097 -2.0347 -1.39347 21.0032
392.143 407.623 -2.8908 -1.74756 19.5697
356.025 314.747 -4.21537 -2.14664 16.6037
841.044 397.303 -4.60144 -1.91092 19.911
459.221 412.783 -2.58601 -1.72297 20.4961
412.783 727.529 -2.23931 -1.01752 21.0317
1145.47 448.901 -6.0194 -1.81174 20.5205
1088.71 454.061 -6.0223 -1.76725 20.1893
144.474 753.328 -2.09238 -0.690616 19.8356
970.039 521.138 -4.0167 -1.51808 21.1257
247.67 851.364 -2.07399 -0.633093 20.597
283.788 820.405 -2.06607 -0.765716 20.792
216.711 789.447 -2.10321 -0.73381 20.319
1238.35 495.339 -5.87861 -1.64569 21.1038
216.711 510.818 -2.79602 -1.27105 18.4686
201.231 479.86 -2.38577 -1.44674 19.4157
593.375 448.901 -3.18933 -1.6378 20.2816
861.684 423.102 -4.85722 -1.82426 19.7556
737.849 536.617 -3.33025 -1.42522 20.805
650.133 469.54 -2.7397 -1.63705 21.1306
944.24 495.339 -4.16431 -1.57446 20.8716
882.323 526.298 -4.02216 -1.46377 20.7616
361.185 490.179 -2.30092 -1.51804 20.6112
356.025 531.458 -2.15262 -1.44592 20.8699
448.901 485.02 -2.42558 -1.53235 20.7725
438.581 454.061 -2.3831 -1.62246 20.8001
825.565 495.339 -3.78505 -1.56517 20.7078
804.926 459.221 -4.62843 -1.65211 19.6797
1434.42 644.973 -9.25729 -0.754301 20.832
1357.02 670.772 -7.67098 -0.73338 20.9784
1155.79 773.967 -5.35222 -0.506278 21.1366
1310.58 902.962 -4.26289 -0.546912 22.297
1171.27 154.793 -9.49657 -4.09257 18.3347
1037.12 185.752 -8.98834 -3.7832 17.481
1341.54 139.314 -8.68052 -3.89672 20.073
603.694 686.251 -2.76724 -1.05789 20.9941
712.05 541.777 -3.19692 -1.41677 20.8153
583.055 583.055 -2.66334 -1.32688 20.9939
619.174 835.885 -2.85304 -0.644751 21.0118
846.204 923.601 -2.92566 -0.608886 21.7782
252.829 902.962 -2.15434 -0.456839 20.4382
485.02 825.565 -2.48251 -0.741006 20.9661
319.906 779.127 -2.06398 -0.906548 20.9671
923.601 206.391 -11.1728 -4.16928 14.3568
918.441 170.273 -8.23314 -3.78457 16.8826
479.86 154.793 -6.30763 -3.62118 13.984
297.203 699.666 -1.9939 -1.07713 20.9534
247.67 656.324 -1.95647 -1.16359 20.8068
142.41 755.392 -2.02485 -0.741325 20.0117
848.268 365.313 -4.66899 -2.03902 19.8815
1151.66 501.531 -5.40278 -1.58237 20.9791
1089.75 451.997 -6.0223 -1.76725 20.1893
965.911 520.106 -4.0167 -1.51808 21.1257
1071.17 421.038 -5.71656 -1.90447 20.3086
1281.69 489.147 -6.13144 -1.68776 21.1972
396.271 612.982 -2.1783 -1.2688 21.0551
328.162 551.065 -2.04721 -1.39768 20.9767
402.463 749.2 -2.2569 -0.958302 20.9614
340.546 712.05 -2.1233 -1.05538 20.9232
823.501 489.147 -3.55237 -1.58194 20.9295
798.734 458.189 -5.66416 -1.61008 18.5028
272.436 489.147 -2.27593 -1.47675 20.1677
736.817 414.846 -4.09016 -1.78629 19.8394
235.286 594.407 -1.97721 -1.27494 20.6855
879.227 526.298 -4.15094 -1.45068 20.6096
854.46 458.189 -4.9783 -1.64572 19.6434
160.985 643.941 -2.17949 -0.987711 19.7205
117.643 569.64 -2.08191 -1.20035 19.6683
631.557 489.147 -13.2637 -0.645289 7.14203
860.652 421.038 -6.28874 -1.79477 18.3979
860.652 371.504 -4.56183 -2.01965 20.0109
352.929 526.298 -2.11422 -1.4528 20.9412
433.422 396.271 -2.96651 -1.75195 19.6746
1250.73 705.858 -5.86256 -0.75789 21.2983
1145.47 773.967 -5.56229 -0.452205 20.9906
1312.65 897.802 -4.3156 -0.535095 22.2863
1263.11 885.419 -4.28619 -0.549442 22.1811
1058.79 247.67 -9.59218 -3.46178 17.2858
1040.21 185.752 -9.37151 -3.89646 17.1657
1337.42 136.218 -9.39527 -4.08212 19.7031
1176.43 154.793 -7.38547 -3.55043 19.6433
736.817 538.681 -3.31268 -1.42405 20.8057
619.174 835.885 -2.84979 -0.630315 20.9938
842.076 922.569 -3.54559 -0.323652 21.207
916.377 823.501 -4.01903 -0.500886 21.0132
520.106 705.858 -2.49626 -1.0401 21.0349
464.38 600.599 -2.27413 -1.31523 21.1232
136.218 823.501 -1.84646 -0.696168 20.4537
625.366 148.602 -6.70187 -3.71135 15.2849
643.941 464.38 -2.7418 -1.64275 21.0937
482.956 154.793 -7.0056 -3.81312 12.8049
198.136 476.764 -2.30278 -1.45956 19.5929
303.395 421.038 -2.90225 -1.61948 18.9083
439.613 451.997 -2.40518 -1.62184 20.7722
349.214 527.536 -2.10908 -1.45826 20.9277
393.795 468.095 -2.56562 -1.56424 20.2643
341.784 460.665 -1.84571 -1.60721 21.4145
624.127 393.795 -2.84998 -1.8197 20.8534
965.911 520.106 -4.40931 -1.48337 20.7859
965.911 453.235 -6.50853 -1.77237 18.9165
1277.97 490.386 -5.81992 -1.69601 21.353
326.924 631.557 -2.0018 -1.24081 21.0814
326.924 549.826 -2.07809 -1.39681 20.9039
237.763 557.256 -1.99977 -1.3173 20.6573
631.557 490.386 -3.07517 -1.54592 20.6218
638.987 468.095 -2.70758 -1.64728 21.1127
564.687 438.375 -2.81093 -1.67973 20.668
1144.23 393.795 -7.88232 -2.17531 19.3213
1069.93 423.515 -5.47482 -1.89966 20.4622
193.182 624.127 -2.14592 -1.06451 19.895
185.752 557.256 -2.19745 -1.24551 19.7506
141.172 743.009 -2.05921 -0.725206 19.9237
430.945 356.644 -2.17234 -1.84838 21.1042
378.934 334.354 -3.51076 -2.061 18.2289
735.579 416.085 -4.11404 -1.78452 19.8282
690.998 386.365 -4.73574 -1.90876 18.7158
1426.58 646.418 -6.79285 -1.02928 21.6828
1344.85 668.708 -7.43387 -0.75451 21.0457
1248.25 705.858 -7.19085 -0.498337 20.6026
1144.23 772.729 -5.23593 -0.527705 21.1989
1315.13 899.04 -4.20408 -0.567833 22.3489
1263.11 884.18 -4.28619 -0.549442 22.1811
1032.78 185.752 -10.0164 -4.03887 16.6476
1173.95 156.032 -10.3911 -4.2977 17.8096
1151.66 505.246 -5.30565 -1.59197 21.0299
601.837 676.138 -2.79082 -1.06717 20.9455
735.579 542.396 -3.31268 -1.42405 20.8057
579.547 579.547 -2.73113 -1.3107 20.8845
839.6 921.331 -3.68368 -0.248881 21.0454
913.901 824.74 -4.44229 -0.319395 20.6707
490.386 690.998 -2.40728 -1.0688 21.0531
252.623 854.46 -2.10375 -0.608507 20.5358
482.956 824.74 -2.38925 -0.777477 21.0795
624.127 148.602 -5.99228 -3.50251 16.3258
913.901 208.042 -10.6512 -4.06288 14.6606
795.019 215.473 -9.00171 -3.53606 14.8035
876.75 527.536 -3.83427 -1.47006 20.8503
817.31 490.386 -3.91835 -1.56285 20.5167
765.299 356.644 -4.64873 -2.04092 19.3604
482.956 156.032 -6.30763 -3.62118 13.984
208.042 520.106 -2.13816 -1.38589 20.072
319.494 423.515 -3.18748 -1.60489 18.4866
438.375 453.235 -2.40518 -1.62184 20.7722
460.665 408.655 -2.64158 -1.72743 20.4238
454.721 303.148 -3.1914 -2.0631 19.4442
793.533 463.637 -3.9553 -1.66171 20.3818
847.03 365.56 -3.44266 -1.9591 21.1212
1159.09 508.218 -5.70586 -1.58049 20.7677
1230.42 490.386 -5.94763 -1.65369 21.0342
463.637 410.141 -2.71557 -1.73039 20.3764
454.721 365.56 -3.2167 -1.84494 19.4144
231.819 552.798 -2.20255 -1.29053 20.1019
178.322 561.715 -2.16691 -1.27158 19.8897
1346.33 668.708 -6.103 -0.937728 21.6201
1346.33 624.127 -7.67247 -0.940411 20.9002
1141.26 775.701 -5.48882 -0.448422 21.0267
1310.67 900.527 -3.8311 -0.685448 22.5299
1159.09 775.701 -5.57267 -0.429171 20.9967
1052.1 249.651 -7.21434 -3.0297 19.0276
962.939 526.05 -4.57706 -1.47925 20.6453
597.379 677.624 -2.79082 -1.06717 20.9455
650.876 579.547 -2.93258 -1.31772 20.9288
615.211 847.03 -2.9071 -0.603351 20.9129
579.547 784.617 -2.70423 -0.816228 21.0047
205.07 722.204 -2.19442 -0.805935 19.9762
320.98 543.882 -2.04721 -1.39768 20.9767
490.386 695.456 -2.33575 -1.10772 21.1612
356.644 650.876 -2.10893 -1.18629 21.0017
392.309 615.211 -2.16232 -1.28137 21.0655
285.315 802.449 -2.11785 -0.771792 20.6807
347.728 855.946 -2.03739 -0.783341 21.1446
472.554 829.198 -2.48359 -0.720413 20.8975
793.533 213.987 -5.30351 -2.8665 18.7431
722.204 534.966 -2.92879 -1.46665 21.2059
633.043 463.637 -2.89075 -1.64573 20.8289
704.372 347.728 -3.72509 -2.01124 20.0986
624.127 401.225 -2.75555 -1.81662 20.9666
873.778 526.05 -3.97169 -1.45518 20.7225
205.07 517.134 -2.0506 -1.45972 20.351
356.644 526.05 -2.09947 -1.46113 20.9539
427.973 392.309 -3.02273 -1.75311 19.5594
