813 345 7.70509 -0.127991 2.67042
1423 117 8.0944 -0.342367 1.58386
863 37 7.77046 -0.665526 2.47478
606 169 7.69896 -0.583333 3.32395
846 520 7.43485 0.159628 2.28506
895 484 7.57689 0.125331 2.32773
1007 272 7.67278 -0.201075 2.08925
1109 55 7.80612 -0.50317 1.94195
1092 704 7.73261 0.534868 2.07136
1340 432 7.93309 0.114294 1.67207
754 524 7.6618 0.214091 2.8979
746 539 7.63681 0.245341 2.89997
1385 25 7.92311 -0.457325 1.53994
717 23 7.70082 -0.770663 2.81423
1002 727 7.47058 0.490981 2.0229
971 699 7.56343 0.491576 2.19035
1079 279 7.76757 -0.169855 2.02114
835 895 7.63809 1.00256 2.7756
1384 330 8.0252 -0.0325284 1.6383
1659 621 8.23979 0.465553 1.3377
731 471 7.68569 0.105985 2.99397
736 364 7.67071 -0.111843 2.8856
711 461 7.69037 0.0858975 3.0724
705 273 7.72324 -0.313865 3.03436
736 318 7.68072 -0.207142 2.86949
1585 69 8.63694 -0.431681 1.55441
755 779 7.63092 0.782377 3.00786
753 765 7.6386 0.752282 3.01764
1505 777 8.2166 0.754031 1.59412
953 343 7.6163 -0.100407 2.17121
860 170 7.73521 -0.427618 2.49024
798 866 7.63974 0.958567 2.90242
713 562 7.89156 0.365922 3.45575
1190 428 7.76508 0.0768756 1.8273
1300 102 7.81716 -0.367016 1.61717
1276 181 7.80538 -0.264345 1.66406
1360 226 7.8415 -0.18461 1.55425
1087 267 7.78922 -0.190174 2.01609
1586 372 8.24441 0.0758955 1.42532
1504 505 8.19993 0.274385 1.55125
1546 470 8.22378 0.224146 1.48572
1446 411 8.17376 0.11388 1.62385
1466 112 8.20081 -0.347799 1.56289
1298 664 7.75734 0.434973 1.66862
1249 606 7.75152 0.349605 1.74098
1358 664 7.88731 0.467259 1.65155
1086 580 7.74724 0.3238 2.06409
1086 788 7.73572 0.689816 2.11506
1435 919 8.11289 0.985836 1.68445
840 925.2 7.5942 1.0391 2.7148
925.2 247.2 7.74855 -0.273668 2.35384
1503.6 578.4 8.19183 0.396582 1.55649
1389.6 388.8 7.99395 0.0566311 1.61398
1377.6 363.6 7.98701 0.0160326 1.6284
681.6 49.2 7.81222 -0.792267 3.12176
890.4 27.6 7.77088 -0.654331 2.39227
892.8 386.4 7.43205 -0.046076 2.11915
847.2 369.6 7.43849 -0.0794938 2.23517
849.6 132 7.74414 -0.500237 2.52048
892.8 114 7.74116 -0.509854 2.38933
522 308.4 7.68068 -0.325643 3.80724
802.8 336 7.72772 -0.15225 2.72917
896.4 711.6 7.42287 0.476938 2.21533
1056 1048.8 7.51778 1.05761 2.04678
1022.4 1011.6 7.57517 1.05543 2.17883
640.8 313.2 7.74474 -0.256949 3.35248
1190.4 906 7.70925 0.846444 1.88729
1152 871.2 7.71164 0.804563 1.96008
727.2 471.6 7.68196 0.10697 3.00093
704.4 273.6 7.72204 -0.313204 3.03582
752.4 764.4 7.64235 0.75274 3.02396
770.4 378 7.7742 -0.0717031 2.92644
1665.6 936 8.20952 0.977842 1.34328
787.2 366 7.68483 -0.0919376 2.72882
910.8 420 7.42537 0.00448528 2.08011
724.8 130.8 7.72444 -0.577103 2.88049
604.8 169.2 7.6991 -0.584364 3.32475
825.6 1041.6 7.60685 1.34502 2.85209
837.6 703.2 7.78474 0.633868 2.87536
712.8 562.8 7.89266 0.364055 3.45502
657.6 781.2 7.57192 0.817629 3.31688
1200 428.4 7.76328 0.0771738 1.8073
1076.4 448.8 7.76495 0.0975119 2.06661
1422 117.6 8.07181 -0.340106 1.5736
1417.2 268.8 8.20144 -0.117171 1.67105
1359.6 225.6 7.87234 -0.187984 1.57468
982.8 56.4 7.78153 -0.563932 2.18529
1082.4 80.4 7.86466 -0.495838 2.04653
1078.8 278.4 7.76742 -0.17621 2.01924
1144.8 198 7.81373 -0.283214 1.90448
1710 417.6 8.26894 0.156912 1.25667
1471.2 486 8.27866 0.256131 1.64431
1446 411.6 8.17267 0.113358 1.62436
1746 192 8.28794 -0.166371 1.20225
1497.6 182.4 8.30576 -0.24214 1.57071
1650 193.2 8.27337 -0.184204 1.324
1578 206.4 8.25524 -0.18158 1.42648
1419.6 850.8 8.07389 0.845235 1.68094
1317.6 822 7.76555 0.681532 1.66973
1386 951.6 7.96714 0.986059 1.69493
962.4 903.6 7.51686 0.845441 2.23
1120.8 896.4 7.7004 0.865364 2.02956
1249.2 606 7.75011 0.348978 1.74185
1338 576 7.78827 0.307099 1.61325
1317.6 766.8 7.78038 0.600644 1.67269
1111.2 638.4 7.73787 0.41835 2.01785
1790.4 844.8 8.21768 0.793924 1.1608
1495.2 907.2 8.17614 0.972458 1.60475
1518 975.6 8.14415 1.0682 1.5576
1441.2 622.8 8.12459 0.459003 1.63395
715.68 581.76 7.964 0.431517 3.58065
712.8 561.6 7.89437 0.366257 3.45279
954.72 725.76 7.43454 0.491189 2.09443
1643.04 563.04 8.24029 0.371701 1.3572
786.24 239.04 7.89486 -0.360611 2.96074
1504.8 774.72 8.17385 0.724417 1.57055
748.8 544.32 7.63447 0.257212 2.89301
849.6 132.48 7.72373 -0.495748 2.48643
925.92 529.92 7.4666 0.182571 2.13396
923.04 489.6 7.50112 0.126132 2.16662
802.08 335.52 7.7158 -0.153646 2.7064
825.12 306.72 7.80924 -0.205089 2.75591
1022.4 1012.32 7.43424 0.942206 2.01869
812.16 36 7.75625 -0.694867 2.60257
1596.96 396 8.25122 0.107723 1.41134
724.32 53.28 7.7117 -0.713504 2.81943
1064.16 122.4 7.78829 -0.424683 2.03498
609.12 311.04 7.69914 -0.279078 3.42103
714.24 282.24 7.7208 -0.291083 2.99385
692.64 296.64 7.59906 -0.254577 2.89626
1429.92 934.56 8.09384 1.00697 1.68161
698.4 455.04 7.75618 0.0771848 3.22624
707.04 411.84 7.7288 -0.0189716 3.11352
767.52 338.4 7.60474 -0.151288 2.65876
735.84 316.8 7.6866 -0.210744 2.88074
732.96 285.12 7.73649 -0.28347 2.95433
754.56 779.04 7.63127 0.781982 3.00748
753.12 764.64 7.641 0.752985 3.01931
544.32 266.4 7.77579 -0.430667 3.83239
702.72 273.6 7.71922 -0.312749 3.03996
669.6 280.8 7.70639 -0.303929 3.1477
727.2 470.88 7.67779 0.106711 2.98681
1797.12 901.44 8.21456 0.875164 1.15123
734.4 364.32 7.64645 -0.110304 2.85987
1703.52 56.16 11.2562 -0.720322 2.19208
773.28 267.84 7.81596 -0.301925 2.90616
796.32 381.6 7.68085 -0.0646591 2.70698
845.28 393.12 7.43403 -0.0447904 2.23657
951.84 342.72 7.61486 -0.100341 2.17269
793.44 421.92 7.69554 0.0137704 2.75821
912.96 417.6 7.42537 0.00448528 2.08011
705.6 514.08 7.68823 0.201116 3.12211
810.72 195.84 7.93036 -0.449225 2.90267
925.92 247.68 7.74869 -0.273238 2.35353
878.4 259.2 7.79949 -0.269862 2.5464
604.8 169.92 7.69759 -0.582626 3.32702
835.2 895.68 7.63974 1.00331 2.77373
817.92 799.2 7.701 0.834609 2.88494
849.6 881.28 7.65252 0.968724 2.74002
711.36 879.84 7.57216 1.01953 3.15362
895.68 711.36 7.4537 0.487799 2.25775
675.36 691.2 7.60306 0.601231 3.23617
1216.8 384.48 7.78503 0.0135159 1.78235
1222.56 499.68 7.75426 0.185892 1.77903
1036.8 292.32 7.6249 -0.154217 1.9862
1085.76 362.88 7.80009 -0.0380713 2.0524
1160.64 326.88 7.78829 -0.0810256 1.88184
1085.76 322.56 7.80507 -0.100966 2.05122
1075.68 504 7.70244 0.187163 2.02323
1146.24 495.36 7.75422 0.180102 1.9158
1419.84 118.08 8.03299 -0.334301 1.55331
1373.76 54.72 7.91392 -0.415091 1.55482
1272.96 181.44 7.86028 -0.269296 1.70159
1360.8 226.08 7.87921 -0.186955 1.57962
1414.08 174.24 8.04688 -0.256488 1.57944
1012.32 112.32 7.76808 -0.457092 2.12287
982.08 56.16 7.78667 -0.56486 2.20079
1084.32 149.76 7.8227 -0.378391 2.02033
1081.44 80.64 7.85357 -0.49194 2.04202
1005.12 272.16 7.75805 -0.2026 2.18284
1006.56 158.4 7.76362 -0.382942 2.14214
1183.68 218.88 7.78813 -0.234326 1.81565
1146.24 197.28 7.79671 -0.278818 1.89315
1836 305.28 8.37125 0.0110652 1.11554
1743.84 417.6 8.27615 0.157833 1.21599
1661.76 365.76 8.26139 0.0697029 1.3191
1559.52 334.08 8.3154 0.0125155 1.49524
1432.8 502.56 8.13894 0.256664 1.64188
1638.72 528.48 8.24893 0.318266 1.36214
1599.84 446.4 8.24254 0.191274 1.40675
1869.12 129.6 17.5065 -0.710969 3.13644
1465.92 112.32 8.20097 -0.347429 1.56264
1429.92 267.84 8.2132 -0.118724 1.65511
1272.96 902.88 7.72106 0.80821 1.7343
961.92 902.88 7.51931 0.844819 2.2287
1152 871.2 7.71074 0.802721 1.95996
1120.32 897.12 7.70129 0.866084 2.03138
1215.36 617.76 7.74689 0.365745 1.80759
1212.48 603.36 7.74918 0.347425 1.80815
1370.88 601.92 7.87727 0.365158 1.61315
1232.64 793.44 7.72563 0.647482 1.79661
1316.16 681.12 7.79895 0.474317 1.67463
1111.68 639.36 7.73937 0.421526 2.01392
1144.8 584.64 7.7495 0.324626 1.9381
1038.24 671.04 7.56745 0.430543 2.02032
1000.8 727.2 7.46913 0.488544 2.02122
1087.2 784.8 7.73639 0.68957 2.11551
1772.64 843.84 8.20364 0.788488 1.17837
1494.72 907.2 8.1783 0.973397 1.60232
1516.32 974.88 8.11427 1.05092 1.54798
1617.12 987.84 8.17313 1.06286 1.40204
1501.92 577.44 8.18988 0.396558 1.55851
1579.68 675.36 8.17191 0.542793 1.43012
743.04 539.136 7.63694 0.242986 2.90762
810.432 343.872 7.70202 -0.12909 2.67492
1045.44 333.504 7.66096 -0.0954556 2.00697
1036.8 292.032 7.62481 -0.153809 1.9862
1289.09 518.4 7.77531 0.219318 1.67506
1256.26 516.672 7.73535 0.20848 1.69857
604.8 169.344 7.64531 -0.559276 3.23574
615.168 419.904 7.85071 -0.012073 3.74573
694.656 89.856 7.67087 -0.656588 2.8751
891.648 114.048 7.74647 -0.51172 2.39673
1774.66 846.72 8.19305 0.780939 1.17265
1617.41 314.496 8.25948 -0.0100012 1.37701
694.656 317.952 7.72484 -0.222152 3.08846
774.144 767.232 7.65606 0.758115 2.96521
753.408 779.328 7.63209 0.780115 3.00902
755.136 763.776 7.64227 0.752576 3.0177
686.016 139.968 7.72585 -0.587894 3.01759
713.664 561.6 7.80963 0.337604 3.30218
513.216 283.392 7.74494 -0.400356 3.96143
708.48 412.992 7.74211 -0.0172626 3.13974
727.488 473.472 7.67824 0.113187 2.98385
734.4 430.272 7.68909 0.0232077 2.96524
734.4 364.608 7.61543 -0.110087 2.81817
767.232 338.688 7.61981 -0.152093 2.68157
746.496 338.688 7.67862 -0.156945 2.85475
701.568 273.024 7.72795 -0.315378 3.05622
793.152 421.632 7.72995 0.014599 2.80527
618.624 400.896 7.88218 -0.0607 3.7853
641.088 311.04 7.74382 -0.258276 3.35372
907.2 57.024 7.80406 -0.608042 2.40214
786.24 238.464 7.89569 -0.360993 2.95998
926.208 247.104 7.67718 -0.265731 2.27499
800.064 864 7.56479 0.915457 2.78306
779.328 929.664 7.51931 1.04058 2.82997
900.288 1041.98 7.33385 1.01151 2.22318
711.936 879.552 7.57172 1.02169 3.1536
708.48 993.6 7.40424 1.17373 2.96069
813.888 667.008 7.76807 0.562557 2.91423
870.912 568.512 7.45281 0.247589 2.25949
791.424 746.496 7.61507 0.674796 2.82704
746.496 705.024 7.64846 0.624062 3.01922
896.832 753.408 7.41132 0.542698 2.22193
895.104 711.936 7.42842 0.477414 2.22178
609.984 570.24 7.78527 0.381066 3.79624
675.648 691.2 7.73007 0.65698 3.47324
1216.51 383.616 7.78551 0.013617 1.78166
1209.6 335.232 7.80185 -0.0551047 1.79816
1368.58 369.792 7.99057 0.0216417 1.65416
1221.7 499.392 7.83698 0.200389 1.8426
1263.17 464.832 7.77577 0.135857 1.71317
1415.23 440.64 8.03387 0.143071 1.60012
1085.18 362.88 7.79747 -0.0380658 2.05401
1147.39 495.936 7.7543 0.17971 1.9158
1083.46 504.576 7.70994 0.188129 2.0122
1188.86 438.912 7.7711 0.0931852 1.84293
1230.34 77.76 7.88172 -0.438038 1.77212
1420.42 117.504 8.07028 -0.340012 1.57516
1273.54 181.44 7.86212 -0.269359 1.70607
1218.24 214.272 7.78651 -0.233884 1.75042
1416.96 267.84 8.18464 -0.119882 1.66374
1413.5 174.528 8.05865 -0.25763 1.58552
1017.79 233.28 7.68745 -0.257959 2.05978
1003.97 271.296 7.53548 -0.193083 1.95506
1019.52 169.344 7.73425 -0.362875 2.09043
1010.88 158.976 7.76086 -0.382198 2.13532
1147.39 198.72 7.76135 -0.276109 1.85731
1847.23 406.08 8.85846 0.214317 1.22661
1743.55 412.992 8.27375 0.153114 1.21259
1670.98 457.92 8.25941 0.212146 1.31699
1444.61 411.264 8.17109 0.11339 1.62598
1432.51 286.848 8.13105 -0.087737 1.6099
1560.38 333.504 8.28839 0.0113332 1.48019
1461.89 124.416 8.18205 -0.329869 1.55845
1651.97 202.176 8.2799 -0.172614 1.32323
1579.39 205.632 8.25752 -0.179751 1.42071
1292.54 831.168 7.7293 0.691746 1.68872
1200.96 1024.7 7.60192 0.982833 1.80408
1119.74 896.832 7.70051 0.861413 2.02994
976.32 1045.44 7.32299 0.951051 2.01081
1036.8 950.4 7.48556 0.863074 2.0214
1297.73 663.552 7.78286 0.442675 1.69029
1339.2 577.152 7.77806 0.305681 1.60506
1316.74 767.232 7.78038 0.600644 1.67269
1316.74 682.56 7.80437 0.477397 1.67636
974.592 616.896 7.41948 0.300181 1.99711
965.952 582.336 7.44797 0.259393 2.04018
978.048 758.592 7.44596 0.53958 2.06234
1092.1 732.672 7.73553 0.587523 2.07948
1494.72 907.2 8.14919 0.958475 1.5862
1589.76 864 8.19456 0.871849 1.44361
1653.7 824.256 8.15458 0.76937 1.3299
1430.78 934.848 8.09469 1.00406 1.6804
1601.86 926.208 8.18863 0.973783 1.4336
1499.9 578.88 8.35612 0.433271 1.64595
1505.09 732.672 8.16777 0.657726 1.56161
850.176 132.71 7.72395 -0.500321 2.49338
889.575 114.048 7.77075 -0.517974 2.43388
717.466 138.931 7.73105 -0.570725 2.90986
686.362 138.931 7.72591 -0.585631 3.01703
756.864 765.159 7.64206 0.753065 3.01488
539.136 265.421 7.76831 -0.430468 3.84006
848.103 43.5456 7.76418 -0.660098 2.5152
727.834 472.781 7.67737 0.106629 2.98727
767.232 337.997 7.71301 -0.156916 2.8163
746.496 340.07 7.67862 -0.156945 2.85475
700.877 273.715 7.66598 -0.305151 2.95284
671.846 282.01 7.7144 -0.301006 3.13906
696.73 398.131 7.67331 -0.0466859 3.0435
771.379 269.568 7.75281 -0.292994 2.82399
785.895 238.464 7.89612 -0.360909 2.95951
783.821 449.971 7.67871 0.0679319 2.77987
843.955 393.984 7.42478 -0.0375618 2.23649
810.778 344.218 7.71444 -0.137624 2.68959
891.648 483.149 7.57336 0.125774 2.33128
912.384 416.794 7.43535 0.00417369 2.09416
702.951 342.144 7.68798 -0.165165 3.01541
727.834 537.062 7.63803 0.240049 2.97287
794.189 114.048 7.75478 -0.572214 2.67807
906.163 55.9872 7.79536 -0.608889 2.39735
798.336 242.611 7.87251 -0.34008 2.89386
926.899 246.758 7.78212 -0.276256 2.39568
877.133 259.2 7.82187 -0.272639 2.57374
889.575 194.918 7.78433 -0.379758 2.48029
609.638 157.594 7.70251 -0.599521 3.2993
603.418 170.035 7.64531 -0.559276 3.23574
850.176 881.28 7.62738 0.953449 2.70349
775.526 931.047 7.57957 1.0941 2.93721
893.722 1038.87 7.3195 0.998551 2.20348
713.318 879.207 7.57308 1.02236 3.15206
800.41 622.08 7.79892 0.465225 2.98405
738.202 644.89 7.7712 0.533567 3.21451
825.293 549.504 7.65136 0.264713 2.65993
748.57 543.283 7.71574 0.274616 3.01335
924.826 615.859 7.4157 0.309644 2.10614
904.09 775.526 7.45682 0.600336 2.27024
895.795 752.717 7.41047 0.543522 2.22263
537.062 611.712 7.73342 0.499501 4.17207
715.392 561.946 7.83343 0.342244 3.33815
675.994 783.821 7.68217 0.876474 3.44046
624.154 754.791 7.59307 0.785589 3.51951
675.994 692.583 7.65679 0.625039 3.31876
628.301 669.773 7.74362 0.620652 3.70368
1208.91 335.923 7.78421 -0.0594133 1.78899
1215.13 505.958 7.67558 0.183208 1.72409
1262.82 464.486 7.78464 0.138074 1.71772
1407.97 501.811 8.03471 0.236909 1.63025
1358.21 510.106 7.92368 0.229655 1.65128
1416.27 439.603 8.03387 0.143071 1.60012
1320.88 441.677 7.92526 0.126851 1.70974
1113.52 385.69 7.78168 0.00322202 1.98389
1084.49 300.672 7.83167 -0.139577 2.0651
974.592 493.517 7.54335 0.142885 2.09669
1148.77 495.59 7.75598 0.178079 1.91443
1082.42 503.885 7.72843 0.19004 2.02862
1188.17 439.603 7.77053 0.094278 1.83997
1082.42 454.118 7.77719 0.111495 2.06191
1298.07 101.606 7.81382 -0.36508 1.621
1306.37 95.3856 7.84308 -0.375715 1.62615
1418.34 118.195 8.07257 -0.336523 1.58214
1275.26 203.213 7.80018 -0.228524 1.66056
1416.27 269.568 8.18195 -0.119156 1.66454
1360.28 226.022 7.87234 -0.187984 1.57468
982.887 55.9872 7.7998 -0.567479 2.20841
1082.42 147.226 7.85766 -0.386146 2.05643
1155 95.3856 7.88079 -0.444978 1.92209
1082.42 80.8704 7.85314 -0.493367 2.04205
1072.05 279.936 7.68184 -0.170331 1.95183
1007.77 257.126 7.74619 -0.227326 2.15656
982.887 205.286 7.82261 -0.334176 2.2766
1148.77 196.992 7.76135 -0.276109 1.85731
1107.3 184.55 7.80395 -0.312293 1.97094
1671.32 458.266 8.25918 0.21169 1.31398
1445.3 410.573 8.23808 0.118616 1.65472
1501.29 294.451 8.28334 -0.0621858 1.573
1482.62 485.222 8.33081 0.260569 1.64118
1472.26 485.222 8.24797 0.251648 1.62501
1432.86 433.382 8.07694 0.141878 1.59164
1596.67 447.898 8.2424 0.190213 1.40857
1509.58 116.122 8.28821 -0.33875 1.54027
1461.89 122.342 8.1784 -0.329927 1.5627
1648.51 192.845 8.35964 -0.188277 1.36263
1580.08 205.286 8.3579 -0.183793 1.46764
1293.93 831.514 7.72887 0.691718 1.68953
1405.9 854.323 7.93369 0.795489 1.62646
962.151 902.016 7.50591 0.838175 2.21797
1040.95 846.029 7.52445 0.697597 2.02375
1119.74 897.869 7.69942 0.860056 2.03136
1092.79 850.176 7.71048 0.788577 2.08424
1024.36 1009.84 7.43084 0.94339 2.02282
1173.66 997.402 7.68868 1.00998 1.93631
1298.07 663.552 7.77273 0.43976 1.67749
1262.82 595.123 7.75568 0.33373 1.71694
1370.65 663.552 7.89231 0.466974 1.63617
1339.55 576.461 7.77806 0.305681 1.60506
1389.31 746.496 7.96724 0.626278 1.66115
1111.45 626.227 7.70711 0.394186 1.98659
1144.63 590.976 7.74975 0.328947 1.94108
1030.58 792.115 7.51122 0.608725 2.02536
978.739 758.938 7.44583 0.538604 2.06269
999.475 725.76 7.46543 0.493294 2.02717
1090.71 734.055 7.73521 0.589969 2.08267
1424.56 916.531 8.09184 0.977272 1.69785
1505.43 850.176 8.21655 0.884288 1.60471
1833.06 557.798 8.47601 0.409051 1.15262
1484.7 630.375 8.32475 0.527362 1.66835
1501.29 578.534 8.35679 0.432899 1.64513
1638.14 595.123 8.21701 0.417327 1.35478
1588.38 593.05 8.22709 0.417959 1.43449
1503.36 734.055 8.16689 0.658757 1.56193
726.59 472.781 7.65215 0.110238 2.95359
756.449 408.085 7.75573 -0.0170614 2.97285
731.566 363.295 7.62549 -0.113671 2.84131
773.868 440.433 7.67594 0.0513374 2.80144
739.031 430.479 7.70121 0.0178142 2.95131
771.379 268.739 7.72016 -0.290801 2.78252
786.309 238.879 7.89493 -0.360359 2.96062
766.403 338.412 7.67873 -0.154724 2.76949
646.963 72.1613 7.75109 -0.748295 3.15859
649.452 64.6963 7.81246 -0.80166 3.23725
768.891 734.055 7.63942 0.675663 2.9334
701.706 273.715 7.7545 -0.316547 3.08991
711.66 258.785 7.65238 -0.324796 2.88808
1642.29 679.311 8.23162 0.556491 1.35959
1833.89 557.384 8.38057 0.386959 1.1322
962.98 582.267 7.40348 0.247905 1.99392
1037.63 950.538 7.46246 0.855179 2.00265
928.143 617.103 7.4157 0.309644 2.10614
945.562 557.384 7.47035 0.230945 2.10153
870.912 567.337 7.41549 0.238019 2.21075
958.003 918.19 7.47213 0.849707 2.1931
1597.5 447.898 8.24128 0.189203 1.41213
1597.5 395.643 8.22877 0.115066 1.39917
1662.2 365.783 8.26255 0.0709944 1.31712
1779.15 846.029 8.21608 0.795405 1.17375
1209.32 335.923 7.72399 -0.0621561 1.74388
1209.32 1017.72 7.66677 1.01511 1.84414
1639.8 836.076 8.20506 0.808577 1.37669
1445.71 410.573 8.17971 0.113393 1.62129
1500.46 293.622 8.35364 -0.0605795 1.61167
1094.86 925.655 7.69406 0.924912 2.10213
1084.91 301.087 7.77539 -0.142945 2.01519
1274.02 181.647 7.86212 -0.269359 1.70607
1219.28 213.996 7.803 -0.233527 1.76019
1072.47 378.225 7.82189 -0.0130619 2.1071
1418.34 268.739 8.17745 -0.116771 1.64769
1321.3 281.18 7.80459 -0.118338 1.60391
1361.11 226.437 7.87234 -0.187984 1.57468
1040.12 846.029 7.49342 0.688153 1.99477
1149.6 495.176 7.75435 0.180112 1.91566
1189.42 437.944 7.77065 0.0936723 1.83997
1082.42 452.874 7.77527 0.111094 2.0608
1497.97 905.749 8.17682 0.97234 1.60408
1542.76 106.998 8.52413 -0.359456 1.58382
1590.04 69.673 8.69195 -0.437389 1.56401
977.91 756.449 7.44723 0.539447 2.06106
997.816 726.59 7.46682 0.489415 2.02748
955.515 900.772 7.51365 0.844294 2.23174
1293.93 828.611 7.73813 0.69218 1.70007
1214.3 841.052 7.72291 0.7292 1.84111
1298.9 664.382 7.77273 0.43976 1.67749
1356.13 888.33 7.81648 0.801584 1.64667
1485.53 629.545 8.32945 0.523595 1.66615
1500.46 579.779 8.33304 0.430699 1.63559
930.632 485.222 7.63331 0.137424 2.30491
910.725 415.549 7.4194 -0.000816939 2.08243
1652.24 826.122 8.19996 0.782485 1.34705
1084.91 268.739 7.79463 -0.190311 2.03139
1149.6 196.577 7.78209 -0.277865 1.87407
1109.79 184.136 7.81036 -0.312304 1.97453
1179.46 609.638 7.74809 0.364029 1.87755
1144.63 584.755 7.74972 0.327043 1.94019
1154.58 870.912 7.68998 0.797109 1.94257
1172 836.076 7.72605 0.738966 1.92909
1119.74 846.029 7.70572 0.771026 2.02399
1288.95 134.369 7.76376 -0.322471 1.59912
1221.77 141.834 7.80824 -0.335063 1.75194
1266.56 527.524 7.78159 0.232828 1.71836
1390.97 746.496 7.96943 0.625265 1.65912
1318.81 681.8 7.80393 0.474804 1.66831
1433.27 500.152 8.08365 0.241966 1.60771
1530.32 442.921 8.22456 0.171576 1.5113
1435.76 432.968 8.14528 0.146342 1.62984
1082.42 146.811 7.72161 -0.371416 1.9318
1082.42 79.6263 7.85239 -0.491708 2.04246
793.774 114.463 7.73832 -0.564045 2.65178
1385.99 388.178 8.01338 0.057176 1.63423
1381.02 335.923 8.01605 -0.0218688 1.64177
594.709 619.592 7.72716 0.479236 3.80309
537.477 612.127 7.74122 0.499415 4.1804
609.638 569.825 7.65111 0.339616 3.52649
985.375 47.2781 7.69443 -0.553721 2.09164
1353.65 507.617 7.89144 0.223975 1.62762
908.237 413.061 7.3721 -0.00190522 2.02179
903.26 773.868 7.4597 0.601005 2.27479
895.795 751.473 7.41047 0.543522 2.22263
893.307 711.66 7.402 0.475132 2.20112
878.377 258.785 7.65127 -0.257963 2.36185
1005.28 271.227 7.70058 -0.202657 2.12375
1030.16 201.554 7.76908 -0.310943 2.10925
674.335 853.494 7.55996 0.985475 3.28148
666.87 828.611 7.57719 0.938695 3.34878
736.543 644.475 7.72632 0.518764 3.14622
734.055 564.849 7.61905 0.29456 2.93657
801.239 863.447 7.64282 0.954751 2.89034
928.143 161.741 7.74867 -0.405843 2.32058
908.237 57.2314 7.77677 -0.602193 2.3656
1418.34 116.951 8.05003 -0.336959 1.56912
719.125 559.872 7.61991 0.29111 2.98464
619.592 544.942 7.65077 0.274677 3.43864
517.571 420.526 7.7816 -0.041407 4.1633
609.638 156.764 7.70556 -0.604429 3.30759
619.592 400.62 7.88276 -0.0596414 3.7812
704.195 343.388 7.68962 -0.1695 3.02445
632.033 303.575 7.73978 -0.285291 3.38269
564.849 714.148 7.43968 0.634429 3.46587
562.36 393.155 7.70895 -0.103013 3.72571
676.823 781.333 7.68217 0.876474 3.44046
676.823 691.753 7.55966 0.583732 3.14856
617.103 420.526 7.85375 -0.0150839 3.74471
831.099 756.449 7.73114 0.737619 2.85492
744.008 704.195 7.68451 0.636309 3.07802
579.779 271.227 7.87014 -0.402829 3.83232
602.174 169.206 7.69436 -0.582124 3.33169
796.263 423.014 7.52317 0.00400097 2.49848
457.851 594.709 7.55141 0.412383 4.23382
843.541 393.155 7.42948 -0.0406554 2.24285
811.192 343.388 7.70408 -0.129276 2.67284
622.08 174.182 7.69594 -0.561932 3.25393
686.776 139.346 7.72512 -0.584175 3.01263
691.753 89.5795 7.60738 -0.63741 2.78688
848.02 928.641 7.60405 1.04419 2.71084
973.431 492.687 7.588 0.14591 2.14557
1024.19 1009.26 7.44843 0.948914 2.03885
1006.28 1009.26 7.38291 0.914218 1.99776
1036.14 952.529 7.45984 0.858852 2.00291
1597.5 391.164 8.25267 0.107351 1.41065
1630.35 310.542 8.26944 -0.0150877 1.36176
1564.66 334.43 8.28347 0.0147111 1.46448
1594.52 447.898 8.23625 0.188403 1.41211
1543.75 453.87 8.24661 0.212235 1.50529
1651.25 913.711 8.21029 0.942788 1.35632
1272.03 182.145 7.7971 -0.264966 1.65493
851.006 880.865 7.6664 0.975314 2.7579
1149.6 495.673 7.75589 0.179706 1.91416
1080.93 501.645 7.71005 0.186596 2.01238
1080.93 453.87 7.772 0.114335 2.06224
1095.86 1009.26 7.70869 1.08977 2.1266
1591.53 591.225 8.22629 0.420593 1.43219
1576.6 561.365 8.28639 0.373567 1.47383
1597.5 842.048 8.11985 0.805064 1.40223
1071.97 385.192 7.76223 -0.0167503 2.05304
1319.81 958.501 7.7111 0.874189 1.65756
1475.08 758.44 8.2119 0.72146 1.64527
1484.03 630.043 8.32986 0.520903 1.66813
1433.27 659.903 8.04167 0.494051 1.60897
1501.95 579.281 8.28668 0.425532 1.61027
1779.65 848.02 8.21769 0.794365 1.17232
836.076 988.361 7.32284 0.953395 2.35954
776.356 928.641 7.51931 1.04058 2.82997
1263.07 594.211 7.76004 0.333723 1.71527
1415.36 116.453 8.00799 -0.334819 1.54522
1167.52 382.206 7.74898 0.00489396 1.84725
1113.77 385.192 7.77375 0.000265089 1.97838
1361.61 226.935 7.83816 -0.187617 1.55229
1481.05 1021.21 8.06544 1.1234 1.59544
1436.26 937.599 8.09761 1.015 1.67464
1036.14 877.879 7.46175 0.738138 1.98242
1012.25 862.95 7.44972 0.704896 2.01862
970.445 809.202 7.39294 0.600487 2.03555
1188.42 901.767 7.72653 0.853047 1.90866
1188.42 438.94 7.77006 0.0965779 1.83998
1340.71 656.917 7.85409 0.447319 1.66219
1379.52 552.407 7.91635 0.296598 1.62153
1304.88 573.309 7.77333 0.299984 1.646
1045.09 761.426 7.57078 0.578202 2.03709
979.403 758.44 7.44623 0.539334 2.05703
1042.11 671.846 7.58177 0.432559 2.02638
1475.08 483.729 8.24115 0.248132 1.62348
1352.65 886.837 7.80907 0.796514 1.64488
1316.82 824.132 7.748 0.681433 1.66615
1430.29 298.598 8.13093 -0.0700846 1.61773
901.767 492.687 7.44752 0.123201 2.15399
1083.91 268.739 7.8234 -0.196287 2.05248
1146.62 197.075 7.78209 -0.277865 1.87407
1107.8 185.131 7.79303 -0.308269 1.95532
1155.58 871.907 7.68289 0.795104 1.93809
1119.74 803.23 7.71482 0.695098 2.01923
1385.5 388.178 8.01338 0.057176 1.63423
1349.67 367.276 7.97928 0.0150009 1.67705
1379.52 337.416 8.0435 -0.0259525 1.66414
1492.99 265.753 8.39193 -0.104139 1.62931
1478.06 182.145 8.24627 -0.246386 1.57124
1080.93 146.313 7.72161 -0.371416 1.9318
1080.93 80.6216 7.77248 -0.474845 1.96487
1227.24 83.6076 7.80882 -0.417886 1.73421
1316.82 782.328 7.77179 0.622002 1.6668
1364.59 665.875 7.90059 0.468239 1.64427
421.024 758.44 7.24268 0.73834 3.8757
1140.65 603.169 7.71018 0.355378 1.91957
1143.63 585.253 7.74972 0.327043 1.94019
1083.91 585.253 7.74756 0.327187 2.06774
794.272 113.467 7.63219 -0.537842 2.50829
1409.38 498.659 8.07765 0.238888 1.65641
1352.65 507.617 7.90516 0.226503 1.64185
1394.45 477.758 7.96784 0.18953 1.60378
1322.79 438.94 7.97432 0.13604 1.72506
877.879 259.781 7.82564 -0.27424 2.58199
952.529 725.594 7.4263 0.481423 2.08298
910.725 415.052 7.3554 -0.00388209 2.00614
1045.09 143.327 7.66664 -0.382896 1.96282
1012.25 95.5515 7.77366 -0.481548 2.12575
615.113 570.323 7.76659 0.367507 3.72125
507.617 540.463 7.68305 0.280665 4.16106
615.113 421.024 7.76531 -0.0154234 3.57424
519.561 421.024 7.78114 -0.0391217 4.16328
925.655 161.243 7.75933 -0.408133 2.33387
886.837 113.467 7.78491 -0.523614 2.45317
907.739 56.7337 7.77248 -0.599073 2.37104
862.95 98.5375 7.69083 -0.528513 2.39793
1003.29 259.781 7.73922 -0.225904 2.1524
982.389 203.047 7.75398 -0.322617 2.2039
815.174 824.132 7.62311 0.826357 2.78984
1352.65 143.327 7.90653 -0.305747 1.58973
1382.51 56.7337 7.92617 -0.416754 1.54734
1322.79 104.509 7.84512 -0.357363 1.59716
830.104 758.44 7.64311 0.696726 2.74865
770.384 767.398 7.57095 0.714013 2.83951
773.37 725.594 7.65407 0.653659 2.93359
725.594 474.772 7.66248 0.112107 2.98486
719.622 561.365 7.66875 0.302634 3.05036
788.3 501.645 7.70614 0.181381 2.83369
794.272 421.024 7.4746 -0.000775315 2.43023
737.538 432.968 7.6441 0.0147802 2.86969
662.889 782.328 7.61627 0.842941 3.38293
627.057 668.861 7.67521 0.59586 3.58101
579.281 268.739 7.70568 -0.382864 3.5179
719.622 853.992 7.60088 0.975036 3.14937
671.846 853.992 7.56884 0.995408 3.32429
728.58 794.272 7.66692 0.861049 3.18432
734.552 644.973 7.74114 0.516162 3.17484
821.146 552.407 7.6068 0.258885 2.61617
734.552 564.351 7.60838 0.296915 2.90298
698.72 271.725 7.72671 -0.319896 3.06311
683.79 140.341 7.72266 -0.585003 3.01805
677.818 65.6917 7.79369 -0.75578 3.11532
650.945 65.6917 7.82274 -0.807377 3.2566
701.706 343.388 7.68966 -0.16381 3.02251
842.048 394.15 7.39076 -0.0405818 2.1969
764.412 340.402 7.57825 -0.149449 2.62941
788.3 241.865 7.87379 -0.35488 2.9202
770.384 268.739 7.66966 -0.285974 2.71263
1546.74 970.445 8.12524 1.03503 1.49321
1654.24 827.118 8.19996 0.782485 1.34705
1086.9 782.328 7.79916 0.712022 2.1585
961.487 582.267 7.40496 0.25041 2.0022
1295.92 665.875 7.71755 0.425949 1.63988
1731.87 206.033 8.37501 -0.154767 1.24886
1845.34 415.052 8.86041 0.23272 1.2264
1743.81 397.136 8.27403 0.125244 1.21295
1318.61 974.625 7.70299 0.902698 1.66065
1390.27 953.126 7.97131 0.986772 1.69488
1641.1 168.41 8.3609 -0.230842 1.37253
1114.37 383.4 7.79628 0.00235838 1.99815
1196.78 139.744 7.77953 -0.350141 1.76906
1268.45 616.307 7.73532 0.364098 1.69756
1279.2 562.56 7.75648 0.278567 1.68748
1483.44 928.044 8.23686 1.03855 1.6632
996.125 723.803 7.43066 0.483092 1.99749
1082.12 143.327 7.74224 -0.374267 1.95067
1157.37 89.5795 7.80927 -0.433669 1.85886
1078.54 82.4132 7.77248 -0.474845 1.96487
1289.95 519.561 7.77024 0.219464 1.6746
1218.28 498.062 7.76548 0.187807 1.78233
1483.44 627.057 8.33453 0.518567 1.66783
1501.35 576.892 8.28668 0.425532 1.61027
419.232 756.051 7.18917 0.697558 3.72343
924.461 487.313 7.65636 0.14033 2.33442
1358.03 293.821 7.95838 -0.0903427 1.63516
1322.19 279.488 7.77332 -0.118542 1.58306
1361.61 225.74 7.83187 -0.186115 1.54614
1318.61 763.218 7.74151 0.576845 1.64877
1426.11 268.739 8.13552 -0.120319 1.61222
1479.85 182.742 8.26832 -0.244395 1.58494
1429.69 494.479 7.99708 0.226945 1.56175
1487.02 480.146 8.33204 0.259327 1.6508
1454.77 465.814 8.21297 0.20968 1.63508
1157.37 870.713 7.75415 0.827292 1.99769
1092.87 849.214 7.71101 0.783363 2.08153
1178.87 609.141 7.74876 0.361549 1.87558
1146.62 584.059 7.73553 0.32477 1.92635
1085.7 580.475 7.70096 0.305451 2.01543
953.126 723.803 7.43775 0.491349 2.10415
913.711 713.053 7.45787 0.49455 2.23291
888.629 709.47 7.36386 0.462979 2.15978
1146.62 197.075 7.78376 -0.27937 1.874
1082.12 211.408 7.78923 -0.283174 2.01585
1186.03 899.379 7.70845 0.844775 1.89103
1358.03 885.046 7.80907 0.796514 1.64488
1318.61 781.134 7.75951 0.618662 1.66433
942.377 121.828 7.76854 -0.478911 2.28726
863.547 100.329 7.74406 -0.545328 2.4654
1408.19 498.062 8.00948 0.228029 1.61348
1322.19 437.148 7.84366 0.110918 1.64786
809.799 157.66 7.67798 -0.468455 2.55681
791.883 114.662 7.58623 -0.524583 2.45583
888.629 386.984 7.36486 -0.0444891 2.04753
670.055 852.797 7.56941 0.992617 3.32432
730.969 641.39 7.76154 0.526099 3.20839
720.219 558.976 7.66083 0.301838 3.04388
627.057 544.644 7.91653 0.33392 3.92647
802.633 859.964 7.59622 0.92844 2.82085
773.967 842.048 7.61267 0.908011 2.94071
763.218 788.3 7.62082 0.78767 2.9555
1035.54 157.66 7.78278 -0.380386 2.10179
594.808 734.552 7.55978 0.735491 3.55613
558.976 709.47 7.4317 0.623209 3.45536
838.464 490.896 7.57274 0.135426 2.47643
784.717 501.645 7.70949 0.175749 2.84531
795.466 422.815 7.56563 0.00549732 2.55382
738.135 433.565 7.73836 0.0296725 3.02451
1358.03 157.66 7.8697 -0.276758 1.55611
1325.78 100.329 7.86706 -0.369301 1.60437
501.645 200.658 7.69666 -0.601116 3.85644
508.812 537.477 7.68813 0.276533 4.15528
924.461 247.24 7.77867 -0.276975 2.38989
877.88 257.989 7.82564 -0.27424 2.58199
942.377 211.408 7.64647 -0.321128 2.18821
702.304 343.985 7.68836 -0.164135 3.02499
709.47 257.989 7.73972 -0.33877 3.01914
1003.29 257.989 7.74486 -0.227418 2.16203
730.969 666.472 7.72565 0.55997 3.19435
695.137 157.66 7.52677 -0.496798 2.70593
691.554 89.5795 7.6857 -0.661418 2.89954
652.139 68.0805 7.74586 -0.768179 3.11976
806.216 601.974 7.86295 0.43787 3.03684
816.965 551.81 7.6068 0.258885 2.61617
795.466 243.656 7.85448 -0.347084 2.85798
788.3 240.073 7.88262 -0.35809 2.93868
806.216 193.492 7.85064 -0.435975 2.8159
763.218 207.825 7.87638 -0.440784 3.00833
537.477 261.572 7.78732 -0.458074 3.90458
576.892 189.909 7.4191 -0.473981 2.9803
730.969 523.145 7.65253 0.215033 2.97093
723.803 472.98 7.63981 0.107793 2.95313
637.806 429.982 7.62623 0.00224914 3.24947
827.715 756.051 7.64311 0.696726 2.74865
770.384 763.218 7.61001 0.724007 2.90205
845.631 702.304 7.41 0.469613 2.32753
508.812 372.651 7.65171 -0.170835 3.90421
842.048 394.15 7.39076 -0.0405818 2.1969
777.55 376.234 7.78381 -0.0778783 2.91316
806.216 340.402 7.67987 -0.135756 2.64557
763.218 336.819 7.63919 -0.154493 2.71807
1565.85 899.379 8.13058 0.906233 1.45862
1451.19 813.382 8.16547 0.804736 1.67637
1673.35 999.708 8.16249 1.05617 1.32653
1780.84 845.631 8.23082 0.798196 1.1866
1637.51 834.881 8.25266 0.822175 1.39851
1085.7 695.137 7.77545 0.542678 2.14232
1125.12 913.711 7.68441 0.886048 2.0223
1031.96 788.3 7.51774 0.614918 2.02734
1279.2 924.461 7.69762 0.831935 1.71855
1590.93 68.0805 8.64465 -0.430993 1.54632
1429.69 171.993 8.04459 -0.258232 1.54357
1669.76 182.742 8.38643 -0.199351 1.33994
1565.85 333.236 8.28347 0.0147111 1.46448
1444.02 408.483 8.16895 0.111424 1.62717
1702.01 444.315 8.26961 0.199176 1.27868
1841.76 415.649 8.73724 0.205605 1.19949
1272.03 182.742 7.80634 -0.265077 1.66633
974.625 315.32 7.55592 -0.137548 2.05055
1214.7 379.817 7.76485 0.00621642 1.76528
808.366 154.793 7.68464 -0.473986 2.55913
791.167 116.095 7.63219 -0.537842 2.50829
868.563 116.095 7.86183 -0.562123 2.59222
1143.75 601.975 7.74538 0.349479 1.95434
1113.65 644.973 7.72219 0.42258 1.99772
1320.04 976.059 7.70299 0.902698 1.66065
1444.74 374.084 8.09003 0.0529858 1.56286
1281.35 490.179 7.75074 0.163038 1.66441
1216.85 498.779 7.75216 0.185565 1.78308
1380.24 386.984 7.97625 0.0534911 1.62638
1380.24 335.386 7.90301 -0.0330464 1.58201
1345.84 335.386 7.97988 -0.0285897 1.67325
421.382 541.777 7.67611 0.285424 4.73409
1143.75 146.194 7.80718 -0.362108 1.89421
1079.25 141.894 7.72716 -0.375132 1.9414
1268.45 614.874 7.73532 0.364098 1.69756
1264.15 597.675 7.75377 0.33289 1.71326
1221.15 550.377 7.76912 0.275438 1.8008
1414.64 842.764 8.07702 0.838783 1.67912
700.87 343.985 7.70973 -0.165394 3.06586
601.975 167.693 7.69231 -0.582717 3.33503
567.576 167.693 7.69451 -0.609395 3.46426
816.965 550.377 7.62856 0.264671 2.64832
524.578 730.969 7.58528 0.788176 4.05175
804.066 859.964 7.60184 0.927479 2.82249
761.068 786.867 7.64488 0.802559 3.00127
950.26 722.369 7.46013 0.4965 2.13533
890.062 709.47 7.46001 0.490898 2.28597
1393.14 477.28 7.94292 0.186324 1.59112
1324.34 460.081 7.92258 0.152698 1.69414
907.262 412.783 7.34877 -0.00672098 2.00032
915.861 348.285 7.41389 -0.0938356 2.0298
877.163 257.989 7.66926 -0.259236 2.38937
890.062 193.492 7.76917 -0.376673 2.45246
524.578 511.678 7.60474 0.189521 3.85388
730.969 524.578 7.64773 0.22623 2.97627
670.772 485.879 7.72246 0.142207 3.30853
838.465 490.179 7.5704 0.133769 2.47376
782.567 498.779 7.67087 0.17205 2.79697
829.865 425.682 7.41992 0.00510411 2.27212
739.569 434.282 7.7987 0.0363309 3.11923
1001.86 257.989 7.69678 -0.224249 2.11953
425.682 348.285 7.62023 -0.265922 4.28575
653.572 821.265 7.54238 0.906393 3.3145
1358.74 159.093 7.8697 -0.276758 1.55611
1324.34 133.294 7.84901 -0.325904 1.60815
1345.84 81.6965 7.82431 -0.384265 1.55002
997.558 154.793 7.69673 -0.400812 2.08966
1014.76 116.095 7.70862 -0.429388 2.06272
825.565 756.768 7.66899 0.707462 2.78982
769.667 765.368 7.60844 0.724542 2.89165
808.366 666.472 7.76482 0.546163 2.92997
580.475 266.589 7.64426 -0.3744 3.40751
537.477 262.289 7.77461 -0.451934 3.88075
722.369 558.976 7.75486 0.318485 3.17549
662.172 571.876 7.78266 0.370067 3.5246
791.167 236.49 7.86989 -0.357866 2.91035
795.466 421.382 7.6093 0.00351621 2.60683
765.368 339.686 7.6218 -0.150988 2.69925
1431.84 662.172 8.08638 0.515046 1.64256
1500.64 580.475 8.2223 0.416202 1.57536
1805.92 722.369 8.4883 0.688767 1.19753
1440.44 937.36 8.07277 1.00074 1.66406
1040.56 761.068 7.55598 0.578381 2.03524
1354.44 670.772 7.88828 0.492453 1.65704
1289.95 666.472 7.72752 0.428067 1.65168
1354.44 623.474 7.80828 0.383952 1.6118
1126.55 915.861 7.68976 0.889619 2.02186
1277.05 920.161 7.69762 0.831935 1.71855
1281.35 855.664 7.72761 0.739823 1.71409
1427.54 171.993 8.04459 -0.258232 1.54357
1737.13 202.091 8.34011 -0.168142 1.22995
1474.84 481.58 8.24115 0.248132 1.62348
1569.43 335.386 8.30254 0.0176268 1.47198
1831.72 533.177 8.36546 0.344872 1.13304
1083.55 270.889 7.74367 -0.194956 1.97712
1363.04 227.89 7.83187 -0.186115 1.54614
1268.45 184.892 7.90794 -0.263086 1.74379
1079.25 498.779 7.68834 0.178266 1.99782
976.059 494.479 7.48264 0.132175 2.01863
1221.15 399.883 7.70998 0.0301972 1.71753
851.364 877.163 7.63877 0.955742 2.71244
417.082 756.768 7.21771 0.721935 3.82486
696.57 154.793 7.65331 -0.531716 2.88414
737.849 784.287 7.64996 0.814478 3.11027
655.292 820.405 7.5454 0.901136 3.30509
835.885 490.179 7.6711 0.144723 2.61279
779.127 500.499 7.49716 0.14187 2.55814
825.565 469.54 7.76439 0.128943 2.75403
944.24 722.369 7.46013 0.4965 2.13533
882.323 706.89 7.46001 0.490898 2.28597
1357.02 154.793 7.84036 -0.278752 1.54081
1449.9 815.246 8.1762 0.812725 1.68939
928.761 252.829 7.62394 -0.252914 2.21895
872.003 252.829 7.67713 -0.263994 2.40344
908.122 412.783 7.31224 -0.0122357 1.96834
887.482 386.984 7.37802 -0.0483345 2.06424
913.281 350.865 7.45228 -0.0923434 2.08676
892.642 366.345 7.42321 -0.0714919 2.09259
995.838 257.989 7.53424 -0.215119 1.94771
1042.28 201.231 7.79519 -0.306185 2.09794
1140.31 603.694 7.73195 0.349514 1.93323
1083.55 583.055 7.79072 0.335079 2.10963
1269.31 614.014 7.72857 0.359237 1.6922
1475.7 180.592 8.29063 -0.246827 1.59978
1424.1 170.273 8.04459 -0.258232 1.54357
526.298 732.689 7.58411 0.794629 4.04682
794.606 268.309 7.81947 -0.288391 2.83455
794.606 242.51 7.65608 -0.332983 2.60042
825.565 753.328 7.53376 0.648242 2.59779
763.648 758.488 7.65298 0.743053 3.01245
846.204 701.73 7.72905 0.590263 2.78072
1114.51 165.113 7.79138 -0.339155 1.94199
1078.39 139.314 7.72582 -0.378989 1.94137
521.138 510.818 7.60039 0.19283 3.85836
691.411 268.309 7.7187 -0.320759 3.06134
655.292 242.51 7.85032 -0.426073 3.45713
1047.44 154.793 7.78631 -0.382121 2.06762
975.199 149.634 7.7602 -0.404336 2.21336
557.256 392.143 7.74846 -0.108772 3.83558
696.571 345.705 7.70973 -0.165394 3.06586
1351.86 505.659 7.81816 0.211032 1.58181
1320.9 485.02 7.75093 0.148658 1.59528
1367.34 479.86 7.93836 0.187041 1.63928
1326.06 459.221 7.91658 0.152972 1.70027
727.529 526.298 7.63746 0.236133 2.95397
737.849 433.422 7.74911 0.0368094 3.04296
675.931 732.689 7.84605 0.822436 3.68703
681.091 686.251 7.71803 0.632402 3.39406
1424.1 495.339 8.07403 0.230465 1.60847
1475.7 479.86 8.25426 0.23924 1.62481
1449.9 469.54 8.1323 0.209828 1.61342
804.926 856.524 7.63452 0.94376 2.87566
841.044 392.143 7.38997 -0.0458437 2.1921
794.606 423.102 7.44364 -0.00535095 2.38933
804.926 340.546 7.74002 -0.137691 2.7228
1429.26 660.452 8.00323 0.491811 1.59879
1584.05 557.256 8.28731 0.372313 1.46422
1640.81 670.772 8.2347 0.551975 1.37509
1439.58 939.08 8.07277 1.00074 1.66406
1083.55 691.411 7.71958 0.505045 2.07875
1357.02 665.612 7.88003 0.471179 1.65602
1300.27 567.576 7.75884 0.293375 1.64822
1155.79 882.323 7.69423 0.819817 1.95387
1088.71 779.127 7.67339 0.650339 2.05594
1351.86 882.323 7.8127 0.790416 1.64863
1269.31 902.962 7.71095 0.829629 1.72987
1320.9 877.163 7.70702 0.763077 1.6295
1537.61 103.196 8.45172 -0.349495 1.54639
1661.45 283.788 8.26902 -0.0510989 1.31433
1661.45 165.113 8.25033 -0.222328 1.29029
1542.77 454.061 8.21079 0.195443 1.48661
1594.37 392.143 8.22801 0.106642 1.39947
1697.57 469.54 8.3106 0.228509 1.29554
1274.47 201.231 7.77716 -0.240186 1.64227
1078.39 495.339 7.66683 0.174048 1.98432
1114.51 376.664 7.73731 -0.0111176 1.94096
1264.15 474.7 7.7666 0.150159 1.70354
1377.66 335.386 8.02494 -0.0308358 1.65425
727.529 557.256 7.61787 0.288226 2.9399
877.163 562.416 7.42311 0.231671 2.225
810.086 552.097 7.45493 0.23297 2.42192
835.885 959.719 7.48039 1.03118 2.59981
696.571 154.793 7.62753 -0.528062 2.8393
866.843 118.675 7.71277 -0.522371 2.40992
789.447 113.515 7.62016 -0.533798 2.51121
681.091 736.817 7.74407 0.779301 3.49852
681.091 687.283 7.78146 0.655624 3.52727
903.994 408.655 7.29638 -0.0170893 1.95011
910.186 352.929 7.54916 -0.0954117 2.20591
1120.7 179.56 7.78763 -0.313792 1.93922
1164.05 148.602 7.74084 -0.347457 1.78884
1077.36 136.218 7.70418 -0.384775 1.92573
1355.99 947.336 7.90255 0.971079 1.71346
1349.8 879.227 7.8127 0.790416 1.64863
1325.03 873.035 7.77527 0.77726 1.67989
1349.8 619.174 7.82531 0.387878 1.62138
1294.07 563.448 7.7582 0.288707 1.65255
619.174 427.23 7.84211 0.00434128 3.74375
718.242 359.121 7.56843 -0.116369 2.77958
693.475 346.737 7.68641 -0.161945 3.05146
650.133 297.203 7.72789 -0.290367 3.2595
656.324 241.478 7.8578 -0.424399 3.46576
848.268 266.245 7.70386 -0.260832 2.52975
761.584 303.395 7.73047 -0.230217 2.83694
829.693 210.519 7.67819 -0.363788 2.53391
792.543 241.478 7.85358 -0.355231 2.88018
1355.99 154.793 7.84139 -0.28396 1.54584
1380.76 148.602 7.90211 -0.300708 1.54325
1318.84 130.027 7.84901 -0.325904 1.60815
612.982 154.793 7.60479 -0.570125 3.11738
804.926 854.46 7.66731 0.949545 2.91851
767.776 835.885 7.60243 0.898623 2.94947
804.926 792.543 7.67755 0.810123 2.89829
755.392 786.351 7.62309 0.791834 2.9841
1058.79 235.286 7.76386 -0.239304 2.06001
996.87 260.053 7.54365 -0.2162 1.96912
1040.21 198.136 7.76531 -0.311796 2.07628
996.87 154.793 7.5965 -0.381985 2.00644
1349.8 501.531 7.77987 0.196109 1.56475
1306.46 520.106 7.77441 0.21615 1.64814
1368.37 482.956 7.88116 0.181707 1.59149
1318.84 482.956 7.75093 0.148658 1.59528
842.076 390.08 7.43638 -0.0467934 2.25768
798.734 421.038 7.43066 -0.00766195 2.36804
761.584 346.737 7.6623 -0.153062 2.76201
1424.1 662.516 7.99966 0.491025 1.60469
1492.21 582.023 8.20554 0.41911 1.57426
1640.81 668.708 8.31854 0.565339 1.41541
1585.09 885.419 8.23927 0.921915 1.49397
1442.68 941.144 8.13017 1.02543 1.69906
1789.41 848.268 8.24355 0.801979 1.17453
1628.43 829.693 8.20737 0.804351 1.3903
1083.55 687.283 7.71958 0.505045 2.07875
1083.55 582.023 7.64339 0.304348 1.97715
1312.65 681.091 7.73783 0.454561 1.63592
1281.69 668.708 7.80324 0.450603 1.72063
1263.11 612.982 7.66662 0.33327 1.65616
1157.86 879.227 7.72938 0.825121 1.97535
1021.64 903.994 7.49187 0.792661 2.03959
1083.55 773.967 7.7242 0.670208 2.10594
1034.02 786.351 7.54364 0.602897 2.04181
1219.77 792.543 7.72364 0.641778 1.80571
1578.89 210.519 8.23845 -0.177059 1.40975
1727.5 198.136 8.36608 -0.163181 1.24868
1541.74 451.997 8.26991 0.199043 1.50873
1448.87 377.696 8.20069 0.0617842 1.63871
1077.36 272.436 7.73772 -0.184558 1.98305
1362.18 229.094 7.8429 -0.186636 1.55289
1219.77 210.519 7.79783 -0.23841 1.7462
1281.69 130.027 7.85703 -0.339054 1.67101
1077.36 495.339 7.66683 0.174048 1.98432
984.486 476.764 7.67823 0.132402 2.21475
1120.7 377.696 7.75122 -0.015435 1.94829
1374.57 383.888 7.99108 0.0501799 1.64994
705.858 538.681 7.63233 0.256786 3.02956
879.227 705.858 7.37687 0.458774 2.18502
873.035 557.256 7.42311 0.231671 2.225
811.118 551.065 7.59305 0.255752 2.62243
829.693 953.528 7.50069 1.04321 2.64021
526.298 730.625 7.58695 0.791684 4.0391
414.846 755.392 7.25836 0.746981 3.93816
427.23 538.681 7.67894 0.282201 4.73297
582.023 247.67 7.95084 -0.488331 3.96817
699.666 148.602 8.04585 -0.651634 3.50216
786.351 117.643 7.70817 -0.556538 2.6256
736.817 433.422 7.76195 0.0445916 3.07087
835.885 489.147 7.63778 0.134629 2.55926
482.956 204.327 7.68944 -0.589325 3.92303
1300.27 222.903 7.81341 -0.201268 1.61646
1352.28 156.032 7.81194 -0.289036 1.53297
1441.44 475.526 8.14406 0.210091 1.61241
1382 482.956 7.69435 0.164841 1.47726
728.148 527.536 7.64927 0.223354 2.97574
735.579 438.375 7.69701 0.0355896 2.97375
795.019 423.515 7.36835 -0.0134001 2.27277
757.869 349.214 7.82473 -0.162817 2.98971
690.998 349.214 7.73772 -0.157153 3.16393
802.449 847.03 7.66731 0.949545 2.91851
817.31 757.869 7.53376 0.648242 2.59779
750.439 787.589 7.62202 0.789702 3.0428
1419.15 661.278 7.99966 0.491025 1.60469
1515.74 594.407 8.19871 0.412806 1.53751
1738.64 720.718 8.25656 0.610633 1.23096
1634.62 661.278 8.25706 0.547331 1.38449
1530.6 809.879 8.14544 0.767244 1.5213
1656.91 921.331 8.28341 0.970317 1.39244
1768.36 817.31 8.23321 0.745342 1.19345
1627.19 832.17 8.23363 0.807111 1.40525
988.202 683.568 7.44837 0.429813 2.01909
1144.23 594.407 7.7413 0.341329 1.93561
973.341 616.697 7.40277 0.301598 1.98036
1292.84 564.687 7.72457 0.280472 1.63139
1263.11 601.837 7.71763 0.341127 1.6948
1025.35 861.89 7.64567 0.792883 2.2119
1084.79 772.729 7.61754 0.621315 2.00383
1032.78 780.159 7.52371 0.604372 2.03014
1344.85 876.75 7.75148 0.756817 1.63053
1263.11 899.04 7.67565 0.80558 1.71758
1315.13 750.439 7.77139 0.571157 1.66224
1218.53 787.589 7.65259 0.611337 1.75858
1419.15 170.892 8.00546 -0.268883 1.53734
1731.21 326.924 8.25949 0.025667 1.20153
1656.91 163.462 8.32248 -0.227308 1.33818
1545.46 453.235 8.27142 0.195517 1.50091
1575.18 341.784 8.18759 0.0367219 1.40048
1686.63 453.235 8.22459 0.204697 1.26831
1701.49 393.795 8.27295 0.113736 1.26888
1077.36 274.913 7.73772 -0.184558 1.98305
1077.36 141.172 7.72582 -0.378989 1.94137
988.202 148.602 7.5965 -0.381985 2.00644
1263.11 185.752 7.77312 -0.24822 1.64396
1069.93 490.386 7.67879 0.168048 1.99523
980.771 475.526 7.46825 0.097282 1.98243
1114.51 371.504 7.77959 -0.0218972 1.97039
1344.85 497.816 7.77987 0.196109 1.56475
1233.39 505.246 7.69865 0.186979 1.69806
1367.14 334.354 7.94906 -0.0309046 1.61184
698.428 542.396 7.65764 0.261575 3.08193
616.697 586.977 7.78483 0.42163 3.75582
854.46 698.428 7.41991 0.46291 2.32567
876.75 557.256 7.45832 0.235669 2.2558
802.449 549.826 7.67783 0.270873 2.76255
698.428 795.019 7.65351 0.870077 3.27495
594.407 757.869 7.61628 0.832465 3.72866
780.159 921.331 7.47752 0.993559 2.74692
527.536 728.148 7.59032 0.789939 4.04544
482.956 772.729 7.53173 0.927765 4.25802
646.418 245.193 7.88318 -0.421787 3.47521
698.428 148.602 7.68634 -0.551006 2.91786
869.32 252.623 7.66955 -0.269615 2.40109
787.589 237.763 7.87381 -0.366791 2.9108
861.89 148.602 7.73056 -0.4625 2.47362
616.697 423.515 7.74076 -0.00465483 3.52589
909.443 329.896 7.82355 -0.140619 2.49182
936.191 249.651 7.72849 -0.266598 2.32162
864.862 249.651 7.66999 -0.293038 2.40892
1640.56 659.792 8.2726 0.530988 1.39055
1685.14 454.721 8.269 0.210815 1.29712
1738.64 329.896 8.35249 0.0310874 1.24866
1578.15 338.812 8.41583 0.0364517 1.52312
1649.48 169.406 8.32248 -0.227308 1.33818
1578.15 882.694 8.21745 0.896518 1.48238
1087.76 900.527 7.62503 0.860588 2.03408
1069.93 490.386 7.61361 0.147122 1.95108
971.855 463.637 7.69942 0.105587 2.25077
1337.42 873.778 7.84481 0.79827 1.71497
1168.01 882.694 7.75311 0.827484 1.97548
1319.58 748.953 7.76458 0.563253 1.65479
1212.59 784.617 7.72473 0.637213 1.82875
1417.66 659.792 7.99966 0.491025 1.60469
1462.24 570.631 8.19507 0.388307 1.62647
811.365 847.03 7.65905 0.913835 2.82891
1346.33 641.96 7.86154 0.413385 1.65542
1346.33 624.127 7.82814 0.387014 1.6209
1159.09 588.463 7.78211 0.342419 1.95251
704.372 838.114 7.63373 0.972669 3.26283
704.372 793.533 7.61245 0.843128 3.18849
597.379 757.869 7.61714 0.823244 3.73342
1533.57 864.862 8.20228 0.883817 1.54438
1408.74 838.114 7.99957 0.784948 1.65664
1533.57 811.365 8.14544 0.767244 1.5213
526.05 731.121 7.12417 0.527925 2.95524
909.443 490.386 7.58523 0.135125 2.30319
820.282 481.47 7.59213 0.131138 2.50419
909.443 356.644 7.3837 -0.0978208 2.02456
757.869 347.728 7.74347 -0.120972 2.91679
1337.42 490.386 7.82518 0.192725 1.60222
1221.51 499.302 7.63039 0.176022 1.66169
1364.16 383.392 7.96887 0.0498277 1.66964
1408.74 285.315 8.05272 -0.0962359 1.59563
1471.16 178.322 8.18221 -0.249841 1.54045
1364.16 231.819 7.87915 -0.18528 1.57402
731.121 526.05 7.64926 0.228992 2.97278
615.211 463.637 7.81201 0.0812116 3.70386
713.288 365.56 7.82411 -0.126665 3.17766
1069.93 285.315 7.73772 -0.184558 1.98305
989.688 258.567 7.60511 -0.218949 2.05327
1150.18 205.07 7.76734 -0.263345 1.84983
775.701 329.896 7.42057 -0.165346 2.35043
784.617 169.406 8.02735 -0.524475 3.12222
579.547 249.651 7.95563 -0.474218 3.96015
579.547 169.406 7.68472 -0.594943 3.39455
517.134 258.567 7.80705 -0.466907 4.02817
508.218 356.644 7.65868 -0.204737 3.87466
855.946 695.456 7.42856 0.467 2.32021
766.785 731.121 7.70076 0.687295 3.01742
704.372 543.882 7.64553 0.2491 2.99889
650.876 561.715 7.74804 0.369282 3.48322
