1640 396 0.160435 -0.714748 3.55016
1612 366 0.149278 -0.746011 3.56978
1894 1008 0.276045 -0.246247 3.41953
726 102 -1.33378 -2.60202 7.79023
872 580 -0.720409 -0.688357 8.33638
1672 228 0.16308 -0.844336 3.49891
1433 757 0.10208 -0.379337 3.86651
1629.6 412.8 0.150834 -0.702351 3.54841
1657.2 514.8 0.153058 -0.608529 3.50879
410.4 690 -3.24181 -0.0977724 9.77075
1804.8 266.4 0.179722 -0.774936 3.3589
114 1018.8 -1.95788 0.25964 5.04854
1663.2 356.4 0.161131 -0.741775 3.51205
1610.4 297.6 0.151204 -0.80763 3.57663
492 354 -2.28282 -1.58391 7.93265
1604.4 332.4 0.151428 -0.776721 3.59118
1419.6 867.6 0.0961056 -0.260408 3.88781
1506 922.8 0.125026 -0.235598 3.73936
1648.8 344.16 0.155239 -0.750718 3.5228
499.68 447.84 -2.09103 -1.13751 7.52344
492.48 334.08 -2.21224 -1.62545 7.76423
1648.8 118.08 0.159313 -0.944478 3.52723
1674.72 177.12 0.160006 -0.884078 3.48912
1748.16 316.8 0.176602 -0.753063 3.42426
1736.64 108 0.176092 -0.917593 3.43112
1702.08 115.2 0.169368 -0.924345 3.46503
1775.52 319.68 0.177902 -0.745671 3.39068
1804.32 77.76 0.185624 -0.914776 3.36267
1722.24 430.56 0.171228 -0.672619 3.44991
712.8 175.68 -1.88411 -3.23787 10.6282
1706.4 313.92 0.167085 -0.764903 3.4639
1879.2 756 0.227825 -0.431995 3.36212
1847.52 552.96 0.192878 -0.570496 3.33882
1444.32 635.04 0.109371 -0.512161 3.84666
1516.32 57.6 0.130246 -1.08456 3.72152
1776.96 63.36 0.175432 -0.93229 3.37819
1730.88 37.44 0.169183 -0.973909 3.42638
496.8 393.12 -2.44196 -1.50122 8.51227
1673.28 145.44 0.165395 -0.911633 3.50157
1712.45 88.128 0.168094 -0.939694 3.44662
727.488 236.736 -1.66728 -2.64535 9.84822
1774.66 343.872 0.17961 -0.726022 3.39376
1719.36 115.776 0.173314 -0.919204 3.44605
1714.18 98.496 0.171644 -0.934775 3.45617
1707.26 84.672 0.167988 -0.946143 3.45176
1688.26 82.944 0.16531 -0.960222 3.48301
328.32 782.784 -1.29403 -0.264332 4.39444
321.408 786.24 -2.04332 -0.0491498 6.05014
713.664 176.256 -1.6875 -2.89057 9.55599
483.84 478.656 -2.37581 -1.08567 8.21722
489.024 447.552 -2.3769 -1.23177 8.26376
216 905.472 -1.94147 0.123535 5.36117
387.072 713.664 -2.09822 -0.20164 6.59046
1638.14 314.496 0.155971 -0.785353 3.54085
1736.64 107.136 0.176836 -0.918075 3.43284
1684.8 77.76 0.161222 -0.961547 3.47542
1760.83 252.288 0.178802 -0.798989 3.41112
1674.43 176.256 0.166136 -0.888997 3.50337
1657.15 96.768 0.157114 -0.956519 3.50851
1646.78 63.936 0.160791 -0.992976 3.52936
1655.42 366.336 0.160681 -0.736998 3.52484
1707.26 314.496 0.16689 -0.761204 3.45535
734.4 177.984 -1.43155 -2.58605 8.62502
490.752 393.984 -2.33579 -1.43505 8.11448
1664.06 355.968 0.15536 -0.73633 3.49712
497.664 330.048 -2.22387 -1.66492 7.8493
483.149 101.606 -2.0891 -2.33135 7.12479
1642.29 358.733 0.15548 -0.744496 3.52967
1627.78 508.032 0.159514 -0.621749 3.57258
1663.03 236.39 0.163093 -0.842501 3.51604
1671.32 93.312 0.15808 -0.95018 3.49235
1716.94 116.122 0.17632 -0.925531 3.46246
1658.88 520.474 0.152618 -0.60888 3.50875
1689.98 358.733 0.163925 -0.733193 3.48074
1698.28 369.101 0.167097 -0.724922 3.4757
1675.47 358.733 0.163814 -0.738958 3.5032
493.517 111.974 -2.02367 -2.27852 7.07373
491.443 333.85 -2.17771 -1.59192 7.60453
1766.71 360.806 0.17704 -0.718053 3.40109
1646.44 313.114 0.157449 -0.783997 3.53392
1762.56 122.342 0.177353 -0.895286 3.4051
1750.12 226.022 0.162306 -0.815891 3.39563
1658.88 255.053 0.162548 -0.830168 3.52126
1658.88 165.888 0.163885 -0.902727 3.51685
1706.57 180.403 0.169727 -0.872167 3.46176
1654.73 111.974 0.159939 -0.944991 3.51443
1648.51 64.2816 0.155381 -0.984929 3.51389
1696.21 153.446 0.167398 -0.901304 3.47361
1702.43 114.048 0.169338 -0.925146 3.46574
1671.32 99.5328 0.168883 -0.95602 3.50751
1644.36 325.555 0.154727 -0.771621 3.53412
1627.78 412.646 0.152254 -0.699987 3.54608
1687.91 321.408 0.165036 -0.760948 3.47965
723.687 101.606 -1.37464 -2.67055 7.98969
694.656 97.4592 -1.46795 -2.67259 7.89231
814.925 456.192 -1.03631 -1.31722 8.87476
516.326 161.741 -2.00112 -2.17681 7.30029
1770.85 342.144 0.175573 -0.72624 3.3958
1779.15 402.278 0.179791 -0.685333 3.38786
1779.15 132.71 0.178532 -0.881589 3.38449
739.031 276.204 -1.25841 -1.88282 7.71837
1659.71 238.879 0.163114 -0.840542 3.51415
1652.24 231.414 0.162127 -0.850451 3.52535
1659.71 520.059 0.15718 -0.606201 3.52056
1657.22 520.059 0.151295 -0.607937 3.50118
694.241 97.0445 -1.46795 -2.67259 7.89231
739.031 246.344 -1.44071 -2.3009 8.79597
495.176 308.552 -2.36011 -1.81499 8.21224
480.246 151.788 -1.86909 -1.91583 6.48462
736.543 236.39 -1.02964 -1.63447 6.32083
1731.87 104.509 0.175234 -0.926711 3.43836
1672.15 99.5328 0.159353 -0.950712 3.49131
1674.64 82.1146 0.159168 -0.965046 3.49074
1749.29 184.136 0.178206 -0.856346 3.41908
1697.03 154.276 0.167696 -0.901019 3.47363
1771.68 343.388 0.177315 -0.72708 3.39104
1779.15 400.62 0.178212 -0.681209 3.39133
1766.71 360.806 0.178845 -0.717894 3.405
724.101 216.484 -1.89773 -3.12431 11.0444
517.571 109.486 -1.97513 -2.33428 7.20381
746.496 340.9 -1.064 -1.38047 6.6942
482.734 102.021 -2.02139 -2.26032 6.92911
729.078 236.39 -1.42151 -2.29738 8.58794
858.471 557.384 -0.663585 -0.705455 6.44786
1644.78 325.97 0.154631 -0.767914 3.53359
1639.8 62.208 0.155664 -0.998873 3.53763
713.65 110.481 -1.45026 -2.68396 8.13905
704.692 110.481 -1.25063 -2.23567 6.91272
737.538 265.753 -1.31364 -2.00176 8.01866
480.743 167.215 -2.77726 -2.74429 9.12343
483.729 161.243 -1.98635 -2.0398 6.90492
489.701 334.43 -2.37931 -1.71759 8.23293
477.758 310.542 -2.21081 -1.67265 7.53789
489.701 394.15 -2.31415 -1.41869 8.05731
731.566 292.626 -1.04611 -1.44631 6.20079
701.706 89.5795 -1.39614 -2.53002 7.53156
1773.67 403.108 0.183246 -0.685524 3.39959
1776.66 400.122 0.18288 -0.689305 3.39887
1702.01 110.481 0.169192 -0.927827 3.46759
1660.21 161.243 0.16644 -0.907401 3.51558
1672.15 98.5375 0.168768 -0.956468 3.50606
1654.24 95.5515 0.156781 -0.968006 3.51737
1654.24 268.739 0.15668 -0.812938 3.50906
1696.04 155.271 0.16823 -0.90103 3.47263
1731.87 134.369 0.21942 -0.925661 3.51348
1639.31 328.458 0.154489 -0.763413 3.53334
1657.22 519.561 0.151308 -0.603731 3.49767
1764.72 361.304 0.201204 -0.728463 3.44759
1690.07 358.318 0.16283 -0.730198 3.47338
722.608 214.991 -1.64523 -2.69798 9.58746
734.552 214.991 -1.59141 -2.70087 9.61613
731.566 176.173 -1.5849 -2.83312 9.41114
474.772 480.743 -2.27589 -1.0416 7.80468
489.701 444.912 -2.30514 -1.212 8.05849
1705 179.159 0.170199 -0.871505 3.4608
1660.21 764.412 0.157007 -0.411901 3.51551
1678.12 650.945 0.164062 -0.501256 3.50428
1794.58 185.131 0.184554 -0.843348 3.37527
1655.43 268.739 0.163836 -0.82022 3.52584
1705.59 315.32 0.166788 -0.763536 3.46072
1698.43 315.32 0.166734 -0.759616 3.46545
716.636 175.576 -1.37078 -2.34397 7.91421
1630.35 512.395 0.175652 -0.623221 3.58938
1676.93 515.978 0.154942 -0.604294 3.47601
1662.6 358.318 0.171176 -0.74335 3.53533
1641.1 329.653 0.15447 -0.76429 3.53329
630.64 243.656 -2.35502 -2.76309 10.443
745.302 340.402 -1.02815 -1.32545 6.42602
494.479 311.737 -2.30385 -1.76801 8.02828
490.896 394.15 -2.31415 -1.41869 8.05731
1659.01 759.635 0.155316 -0.418938 3.51428
1676.93 652.139 0.163597 -0.501408 3.51027
906.545 662.889 -0.483988 -0.411489 5.31094
515.978 111.079 -2.04645 -2.40567 7.40383
487.313 444.315 -2.30514 -1.212 8.05849
490.179 395.583 -2.3646 -1.4393 8.21123
1771.53 399.883 0.179015 -0.687988 3.39143
1668.33 227.89 0.159433 -0.845702 3.50865
1775.82 133.294 0.177892 -0.884913 3.38627
1676.93 515.978 0.153979 -0.604281 3.47599
1694.13 361.185 0.164252 -0.730323 3.47014
485.879 159.093 -1.98097 -2.04075 6.8355
485.879 339.686 -2.21105 -1.59321 7.70801
494.479 378.384 -2.39969 -1.56397 8.3883
485.879 103.196 -2.1267 -2.3705 7.2441
1771.53 318.187 0.188912 -0.755766 3.41336
1676.93 94.596 0.168898 -0.956492 3.50746
1659.73 756.768 0.161684 -0.421219 3.52916
1672.63 653.572 0.163597 -0.501408 3.51027
481.58 300.987 -2.18232 -1.68484 7.4874
490.179 442.881 -2.34217 -1.23865 8.1716
1603.83 386.984 0.147993 -0.730563 3.58318
727.529 175.433 -1.41425 -2.49798 8.33903
485.02 103.196 -1.9786 -2.20642 6.8026
490.179 159.953 -1.69157 -1.76079 6.07923
490.179 361.185 -2.10373 -1.44803 7.41927
1630.49 510.818 0.153038 -0.620506 3.53677
1666.61 227.03 0.159742 -0.84577 3.51066
1661.45 650.133 0.161499 -0.497682 3.51151
727.529 216.711 -1.50517 -2.4584 8.79338
717.21 103.196 -1.38607 -2.65724 7.95708
696.571 98.0359 -1.29063 -2.3387 7.07997
758.488 361.185 -0.778571 -0.995365 5.04768
515.978 154.793 -2.05918 -2.23485 7.45863
485.02 340.546 -2.23603 -1.58313 7.78059
810.086 428.262 -1.16443 -1.52863 9.91732
1769.81 397.303 0.200993 -0.703641 3.44299
1764.65 356.025 0.20398 -0.729056 3.44369
1723.37 103.196 0.174081 -0.921274 3.43681
1790.44 180.592 0.180028 -0.845952 3.38039
1666.61 655.292 0.163597 -0.501408 3.51027
908.122 237.35 -0.538383 -1.6995 6.57785
768.807 299.267 -0.976879 -1.51325 6.57628
474.7 474.7 -2.37589 -1.08813 8.11745
1604.69 386.984 0.17938 -0.744981 3.64419
489.147 396.271 -1.92418 -1.21079 6.85073
495.339 377.696 -2.10615 -1.38739 7.46231
489.147 309.587 -1.94557 -1.50954 6.86385
482.956 297.203 -1.86222 -1.44695 6.58495
1653.19 260.053 0.160186 -0.819497 3.50647
1647 241.478 0.191595 -0.857866 3.59372
520.106 117.643 -1.8812 -2.19736 6.84174
718.242 173.369 -1.60063 -2.77158 9.17293
903.994 662.516 -0.523397 -0.31893 7.77526
1603.66 371.504 0.17938 -0.744981 3.64419
1789.41 179.56 0.17902 -0.841522 3.38566
1746.07 167.177 0.17471 -0.868333 3.41997
1665.58 229.094 0.158737 -0.845663 3.5126
1653.19 743.009 0.184508 -0.416175 3.56651
1665.58 656.324 0.162429 -0.49768 3.5127
1640.81 198.136 0.15425 -0.876608 3.5219
489.147 439.613 -2.17169 -1.16902 7.60676
1585.09 749.2 0.123977 -0.413214 3.56652
1649.48 260.053 0.156406 -0.821468 3.52051
1664.34 230.333 0.159714 -0.845073 3.50441
906.471 668.708 -0.469178 -0.416379 4.97344
728.148 215.473 -1.14985 -1.8004 6.72499
720.718 178.322 -1.43959 -2.46083 8.20967
512.676 148.602 -1.95582 -2.1374 7.09032
482.956 148.602 -2.07686 -2.15144 7.12615
475.526 297.203 -2.37803 -1.82585 8.07362
802.449 423.515 -1.30988 -1.74902 10.8688
646.418 401.225 -2.20368 -1.77566 10.3954
683.568 252.623 -1.57787 -2.07761 8.10068
1642.05 193.182 0.157304 -0.880859 3.53112
1679.2 156.032 0.165193 -0.901117 3.48888
1753.5 312.064 0.191 -0.765084 3.45505
1723.78 312.064 0.182971 -0.769802 3.46407
854.46 557.256 -0.907451 -0.850426 10.0182
832.17 208.042 -0.877546 -2.21365 7.83905
490.386 349.214 -2.15357 -1.49077 7.57479
1656.91 787.589 0.160947 -0.386431 3.53391
1649.48 735.579 0.188798 -0.413112 3.58902
