231 631 33.1767 3.47144 7.16924
737 421 34.4399 2.78067 6.39065
277 323 33.2677 2.55072 7.14354
428 398 33.877 2.80368 7.44703
216 174 33.0797 2.14684 7.10362
243 485 33.193 3.03871 7.15466
1070 247 36.8135 1.99722 6.6736
772 537 33.592 2.83412 5.3459
1041.6 205.2 38.3515 1.50533 7.74119
414 631.2 33.3903 3.2448 6.30809
753.6 694.8 33.5308 3.06192 5.30392
1137.6 264 39.1858 1.85178 7.46694
1177.2 156 38.4534 1.26863 6.92825
1174.8 194.4 38.3622 1.52401 6.89072
831.6 99.6 34.6371 1.77322 6.25125
1093.2 573.6 34.3887 2.95797 5.23822
610.8 603.6 33.5231 3.02543 5.68918
714 610.8 33.474 2.93868 5.34776
1161.6 586.8 34.4124 2.96415 5.11545
728.4 432 34.4282 2.81686 6.41006
762 417.6 34.4674 2.76118 6.29766
986.4 405.6 38.7925 2.94968 8.35878
1231.2 639.6 34.491 3.04148 5.0173
728.4 392.4 34.426 2.69853 6.41207
698.4 382.8 34.4137 2.67535 6.54691
685.2 390 34.3569 2.70238 6.53799
222 99.6 33.0846 1.92963 7.10549
220.8 174 33.0846 2.14633 7.09342
915.6 248.4 39.3321 1.62995 9.5238
774 694.8 33.5358 3.04913 5.2707
712.8 610.56 33.4743 2.93866 5.34753
236.16 535.68 33.1785 3.18071 7.15676
902.88 293.76 41.0354 1.92651 10.9245
1128.96 197.28 39.528 1.31844 7.71739
273.6 413.28 33.2758 2.82515 7.17393
997.92 38.88 36.3634 1.06462 6.83149
1091.52 197.28 39.8512 1.24001 8.18449
1225.44 73.44 37.2845 1.142 6.22664
1137.6 263.52 38.9601 1.86841 7.35133
1170.72 159.84 38.4807 1.26994 6.95949
267.84 360 33.237 2.66398 7.13979
1160.64 493.92 38.8853 3.42835 7.0933
1234.08 468 42.5207 3.54788 7.96304
718.56 665.28 33.556 3.05737 5.42081
1113.12 563.04 34.3938 2.93494 5.20383
699.84 423.36 34.4103 2.80459 6.527
276.48 322.56 33.2665 2.55011 7.14401
378.72 403.2 33.68 2.82171 7.41541
283.68 299.52 33.2786 2.47977 7.14795
273.6 312.48 33.2526 2.52003 7.14618
1110.24 443.52 37.7169 3.01863 6.85181
727.2 432 34.4017 2.80418 6.38102
735.84 420.48 34.4402 2.78148 6.39192
941.76 443.52 35.737 2.9161 6.5795
761.76 417.6 34.4679 2.75984 6.29742
685.44 390.24 34.3599 2.70179 6.54067
221.76 99.36 33.0795 1.93954 7.10149
894.24 64.8 36.5887 0.959531 7.6476
737.856 459.648 34.351 2.87933 6.25683
1199.23 233.28 40.743 1.42599 7.73941
774.144 447.552 34.6693 2.88406 6.44703
755.136 454.464 34.4525 2.86254 6.31116
967.68 184.896 35.7535 1.86539 6.52697
965.952 190.08 35.7535 1.86539 6.52697
1187.14 492.48 38.5099 3.32714 6.74686
1112.83 563.328 34.3839 2.92725 5.19555
1088.64 568.512 34.3016 2.93364 5.20171
1124.93 599.616 34.325 2.97756 5.14104
274.752 359.424 33.26 2.66517 7.16099
1038.53 549.504 34.0664 2.8658 5.17145
1083.46 554.688 34.3111 2.91073 5.22434
1200.96 454.464 40.9094 3.28359 7.63699
1233.79 468.288 43.2747 3.62734 8.26214
753.408 425.088 34.4866 2.78541 6.36449
727.488 432 34.4005 2.80112 6.38515
743.04 418.176 34.422 2.7673 6.32811
734.4 419.904 34.4391 2.78104 6.39542
805.248 425.088 34.7218 2.79738 6.36159
696.384 380.16 34.3945 2.66654 6.52506
727.488 392.256 34.4418 2.69803 6.44761
219.456 174.528 33.0854 2.14574 7.09273
255.744 395.712 33.2104 2.77322 7.15238
238.464 511.488 33.1878 3.11632 7.16002
1175.04 195.264 39.2792 1.36887 7.29773
1138.75 292.032 37.7545 2.14901 6.77551
953.856 198.72 35.512 1.95252 6.40597
1088.64 198.72 38.9585 1.39875 7.74119
998.784 38.016 36.4962 1.01146 6.92739
1211.33 440.64 43.6082 3.39534 8.6367
1225.15 395.712 43.7183 2.89212 8.55456
572.314 622.08 33.3935 3.02608 5.6071
273.715 412.646 33.2763 2.82377 7.17344
1040.95 530.842 34.1576 2.84637 5.21883
976.666 441.677 38.7186 3.25935 8.38764
939.341 443.75 35.6937 2.91366 6.55582
1026.43 491.443 34.0356 2.76021 5.18843
269.568 358.733 33.2413 2.65901 7.1369
273.715 333.85 33.2499 2.58639 7.1395
794.189 501.811 34.213 2.92325 5.89573
725.76 431.309 34.3999 2.82195 6.38002
721.613 406.426 34.3941 2.73881 6.41313
761.011 416.794 34.3841 2.75654 6.20648
479.002 385.69 35.2675 2.9395 9.95998
688.435 385.69 34.0258 2.65419 6.11249
1198.54 454.118 41.4801 3.36237 7.88341
1188.17 458.266 38.7326 3.13777 6.86431
288.23 128.563 33.2734 1.95863 7.13343
259.2 364.954 33.2277 2.67717 7.1476
238.464 512.179 33.1889 3.1196 7.15831
910.311 292.378 40.5441 1.96251 10.4939
1169.51 159.667 38.3501 1.29164 6.90409
995.328 39.3984 36.4164 1.05022 6.86896
773.453 447.898 34.5324 2.86151 6.30658
1210.98 439.603 42.6102 3.29849 8.22296
1225.5 396.058 43.3749 2.88061 8.41237
984.96 404.352 38.8232 2.95584 8.38655
1084.49 80.8704 36.9619 1.15626 6.72301
1225.5 72.576 37.2559 1.1505 6.21542
219.802 174.182 33.0844 2.13334 7.1032
744.008 418.038 34.4352 2.76469 6.35812
1077.44 452.874 38.0956 3.14609 7.2609
801.239 423.014 34.7262 2.7973 6.38283
1020.21 487.711 34.1033 2.77444 5.23457
1149.6 482.734 38.1282 3.27046 6.8139
1211.81 440.433 41.9689 3.24503 7.9597
268.739 358.318 33.2427 2.66025 7.13852
726.59 388.178 34.4285 2.68607 6.42608
512.594 388.178 32.6956 2.53951 4.54783
689.265 390.666 34.3592 2.70233 6.53567
385.69 353.341 33.0517 2.57065 5.61565
266.25 271.227 33.2329 2.3874 7.13809
283.669 296.11 33.2825 2.46922 7.14577
236.39 532.501 33.1803 3.17315 7.15755
231.414 629.545 33.1772 3.46806 7.16965
241.367 485.222 33.1907 3.04041 7.15474
482.734 403.108 34.608 2.92938 8.50215
1137.16 261.274 41.4133 1.59824 8.57031
1082.42 82.1146 36.9761 1.15084 6.73352
1087.4 79.6263 36.9403 1.15576 6.71638
985.375 194.089 35.8653 1.87719 6.53991
838.564 544.942 33.6846 2.8436 5.29866
641.987 577.29 33.8659 3.10965 6.07113
771.379 512.594 34.1189 2.94358 5.88358
771.379 447.898 34.6922 2.88505 6.4788
739.031 457.851 34.4283 2.89039 6.36527
1137.16 604.662 34.3756 2.98655 5.13888
1117.26 617.103 34.3321 3.01527 5.15495
1224.25 395.643 43.1567 2.8759 8.3219
982.887 403.108 38.4142 2.91741 8.14079
707.678 382.206 34.388 2.66803 6.48305
689.762 391.164 34.3718 2.70249 6.53859
782.328 415.052 34.6069 2.75876 6.33556
812.188 528.519 33.6043 2.80423 5.2758
1080.93 453.87 37.8907 3.1182 7.15289
271.725 358.318 33.2411 2.65734 7.13719
277.697 340.402 33.2767 2.58602 7.13644
1027.18 471.786 34.1069 2.74057 5.23465
283.669 220.963 33.2635 2.24022 7.13461
283.669 295.612 33.2746 2.46408 7.14585
289.641 128.397 33.2817 1.95654 7.14112
232.907 630.043 33.1771 3.46324 7.17001
277.697 415.052 33.2786 2.82658 7.1717
537.477 576.295 33.5985 3.08818 6.0832
833.09 98.5375 34.6391 1.7716 6.25876
800.244 107.495 34.8988 1.69072 6.64883
1221.27 256.795 41.5954 1.61003 7.8577
1074.95 313.528 38.6909 2.21977 7.63711
1045.09 310.542 40.2515 2.13204 8.82302
985.375 194.089 35.7733 1.88661 6.48136
961.487 182.145 35.6619 1.86411 6.50554
839.062 546.435 33.7311 2.85843 5.31671
898.781 540.463 33.8732 2.85605 5.33123
737.538 456.856 34.3861 2.8801 6.30891
1104.81 543.449 34.3398 2.88432 5.18006
241.865 486.715 33.1906 3.03797 7.15463
738.135 397.733 34.4502 2.71121 6.38402
265.155 268.739 33.229 2.38723 7.13956
612.724 594.808 33.6209 3.0595 5.83083
1121.54 340.402 39.4704 2.39148 7.69877
1189.62 644.973 34.2488 3.00969 4.99582
1153.78 584.059 34.421 2.96194 5.13068
827.715 598.391 33.6483 2.91316 5.27594
971.042 186.325 35.72 1.87711 6.49107
945.96 193.492 36.3975 1.7848 7.11184
1042.71 311.737 40.2042 2.12756 8.7878
1100.04 598.391 34.1173 2.92984 5.07504
1189.62 308.154 40.1846 2.10888 7.50404
1175.28 318.903 39.328 2.24238 7.27291
283.071 218.574 33.2674 2.23807 7.13194
734.552 455.064 34.3976 2.88209 6.33842
1089.29 558.976 34.3012 2.91351 5.20257
1089.29 548.227 34.312 2.89486 5.22522
1057.04 558.976 34.106 2.87362 5.15105
275.905 340.402 33.2543 2.6029 7.13696
795.466 501.645 33.9691 2.86621 5.65608
1178.87 487.313 38.3902 3.28941 6.73244
1207.53 437.148 43.0573 3.31835 8.39047
942.377 469.397 35.5664 2.98896 6.45869
1168.12 157.66 38.4093 1.27982 6.93704
243.656 487.313 33.1907 3.04089 7.1547
232.907 630.64 33.1902 3.47547 7.16078
270.889 197.792 33.2389 2.18049 7.13613
778.267 81.6965 34.1489 1.89191 5.94347
829.865 597.675 33.6213 2.9077 5.25197
1178.15 601.975 34.3722 2.9652 5.08099
266.589 270.889 33.2356 2.37827 7.13837
610.574 593.375 33.6941 3.09325 5.95248
275.188 335.386 33.2543 2.60082 7.13711
283.788 292.388 33.2798 2.46539 7.14797
283.788 412.783 33.1013 2.75068 6.41698
1049.16 309.587 40.3756 2.11714 8.87692
288.088 219.291 33.2739 2.2369 7.13579
537.477 571.876 33.5463 3.05896 5.99265
838.465 546.077 33.6782 2.85313 5.29799
963.159 176.293 35.5329 1.88534 6.38208
799.766 425.682 34.7482 2.8002 6.40869
739.569 417.082 34.3963 2.76992 6.31549
739.569 395.583 34.4447 2.7078 6.3896
687.971 386.984 34.3773 2.69157 6.54679
898.662 494.479 35.0135 3.01421 6.17532
1143.75 571.876 34.4208 2.94042 5.16234
1143.75 257.989 39.9927 1.69177 7.82456
288.088 128.995 33.2883 1.95356 7.14601
732.689 454.061 34.4376 2.88223 6.37091
1042.28 376.664 41.3254 2.8355 9.46228
273.468 361.185 33.2449 2.65125 7.13621
278.628 335.386 33.2568 2.59078 7.13979
283.788 294.108 33.2728 2.46178 7.14281
944.24 469.54 36.1421 3.06172 6.83387
985.518 196.072 35.6595 1.9257 6.41489
949.4 180.592 35.902 1.8211 6.70681
1093.87 562.416 34.2373 2.90711 5.15016
737.849 423.102 34.3885 2.76458 6.30872
722.369 572.736 33.7127 2.95913 5.59359
1047.44 309.587 40.3756 2.11714 8.87692
288.948 128.995 33.2882 1.95747 7.14487
1102.13 594.407 34.182 2.96717 5.1102
1157.86 315.779 37.865 2.26638 6.65924
1015.45 544.873 34.1288 2.88168 5.25733
1052.6 538.681 33.9575 2.81497 5.08855
767.776 421.038 34.3258 2.77683 6.10515
736.817 421.038 34.4263 2.77921 6.37339
798.734 396.271 34.9784 2.73152 6.71061
996.87 563.448 34.0049 2.88648 5.21573
1157.86 588.215 34.3692 2.95832 5.08835
829.693 594.407 33.6211 2.90451 5.25284
1145.47 253.861 40.3134 1.65526 7.96065
291.012 222.903 33.2866 2.22959 7.15175
289.773 289.773 33.2798 2.45363 7.14513
1025.35 572.117 33.9679 2.87176 5.11907
1099.65 549.826 34.3442 2.93319 5.20613
750.439 408.655 34.4972 2.6802 6.37495
1084.79 267.483 36.5214 2.0869 6.41474
631.557 572.117 33.6823 3.02717 5.82123
748.953 401.225 34.4591 2.71343 6.34498
508.218 463.637 33.7548 2.85399 6.56923
954.023 454.721 35.4465 2.95028 6.3008
722.204 445.805 34.4788 2.87704 6.46829
695.456 419.057 34.3757 2.82657 6.54501
543.882 374.476 35.0263 2.79492 8.57125
