1071 188 10.4007 -3.39246 -3.71737
1095 358 10.4525 -2.96861 -3.71242
1099.4 427.8 10.5097 -2.80394 -3.81297
1047.65 572.7 10.8302 -2.45756 -4.14602
1228.2 257.6 10.0548 -3.0328 -3.1668
1094.8 357.65 10.4411 -2.96142 -3.63304
1139.65 573.85 10.4698 -2.44928 -3.61053
1221.3 623.3 10.3104 -2.32698 -3.48511
1055.7 439.3 10.6595 -2.80729 -3.92217
1100.32 427.168 10.5193 -2.8058 -3.84907
1109.58 85.9625 10.2484 -3.60759 -3.75784
1064.61 555.45 10.7615 -2.49517 -4.09078
1027.58 556.773 10.9515 -2.49904 -4.39185
1095.03 357.075 10.4641 -2.97242 -3.7573
1183.64 34.385 10.0219 -3.51065 -3.27464
1039.48 59.5125 10.4333 -3.81124 -3.96862
1112.22 571.32 10.5781 -2.45417 -3.81185
1116.19 659.927 10.5807 -2.26389 -3.63081
1067.26 562.062 10.7672 -2.47557 -4.10359
1055.35 614.963 10.8213 -2.34249 -4.07094
1138.67 404.685 10.3912 -2.83036 -3.69432
1014.36 411.297 10.8057 -2.92774 -4.16073
1056.68 439.07 10.6157 -2.80137 -3.7874
1091.06 497.26 10.5957 -2.6426 -3.85482
1130.01 594.662 10.5273 -2.39936 -3.68772
1139.14 573.37 10.473 -2.44852 -3.62146
1053.97 202.276 10.4266 -3.35429 -3.63144
1078.3 302.654 10.4382 -3.09883 -3.62806
1028.11 305.696 10.5159 -3.1096 -3.49104
1117.84 660.06 10.5844 -2.26145 -3.64514
1157.39 629.642 10.4747 -2.31708 -3.64295
1187.8 676.789 10.3656 -2.25962 -3.29288
1008.34 602.266 11.0651 -2.36695 -4.45707
1047.88 573.37 10.8279 -2.45379 -4.14095
1066.13 562.724 10.6835 -2.4899 -3.83872
1005.3 640.288 11.1862 -2.23405 -4.67965
1076.78 673.748 10.749 -2.20926 -3.85313
1139.14 404.553 10.3835 -2.82875 -3.66654
1014.42 410.636 10.7846 -2.9253 -4.06615
1166.59 426.758 10.2903 -2.75776 -3.4328
1103.62 258.853 10.3704 -3.19595 -3.72195
1175.33 314.821 10.1909 -2.97034 -3.27161
1194.57 307.825 10.1363 -2.96425 -3.1757
1054.65 201.136 10.412 -3.34299 -3.57733
1098.38 344.554 10.4285 -2.9932 -3.66178
1217.31 75.2073 9.97105 -3.35717 -3.08745
1163.09 190.642 10.1751 -3.27319 -3.54173
1101.87 181.897 10.3116 -3.37528 -3.68535
1021.42 71.7093 10.5295 -3.87569 -4.20765
1093.13 69.9602 10.2733 -3.66411 -3.75911
1026.67 556.184 10.94 -2.50813 -4.36691
1093.13 652.379 10.6587 -2.27533 -3.73631
1212.06 421.51 10.1722 -2.74324 -3.21858
1135.1 494.969 10.4179 -2.63182 -3.54165
1093.13 496.718 10.5489 -2.64584 -3.7059
1042.41 449.495 10.692 -2.79053 -3.89222
1208.83 645.646 10.3447 -2.28582 -3.48053
1092.17 494.794 10.5636 -2.64544 -3.75701
1088.14 476.692 10.6079 -2.69359 -3.97048
1039.87 448.533 10.6907 -2.79037 -3.88906
1222.91 583.294 10.2845 -2.40958 -3.4785
1214.86 74.4202 9.97148 -3.3579 -3.08877
1192.73 307.738 10.1332 -2.96339 -3.16568
1210.84 420.374 10.1802 -2.74349 -3.25597
1134.41 494.794 10.3994 -2.63379 -3.47638
1078.09 299.692 10.4456 -3.10941 -3.65339
1021.77 70.3975 10.519 -3.86536 -4.16651
1086.13 229.295 10.4088 -3.30389 -3.82282
1154.52 629.555 10.4958 -2.31069 -3.70215
1102.22 181.022 10.3132 -3.37591 -3.69155
1124.35 116.659 10.2482 -3.5225 -3.78466
1126.36 563.18 10.5 -2.4784 -3.65697
1045.91 573.237 10.7551 -2.47245 -3.87389
1066.02 563.18 10.7728 -2.4748 -4.13022
1025.79 555.135 10.9566 -2.50978 -4.39998
1009.7 603.407 11.092 -2.36385 -4.53257
1072.05 645.646 10.7395 -2.28205 -3.87264
1207.42 645.344 10.3582 -2.28087 -3.52818
1214.36 74.0179 9.97422 -3.36221 -3.1028
1050.13 111.027 10.4487 -3.68578 -4.02077
1214.36 564.387 10.2866 -2.44907 -3.49338
1064.01 372.403 10.5953 -2.97357 -3.96664
1047.82 335.394 10.5393 -3.05069 -3.68575
1193.54 307.637 10.1521 -2.96787 -3.24064
1131.09 187.358 10.2187 -3.29216 -3.47582
1154.22 629.152 10.4758 -2.31847 -3.6301
1006.18 208.175 10.6175 -3.44501 -3.93537
1135.71 492.682 10.4352 -2.62951 -3.61132
1091.76 494.995 10.5594 -2.64815 -3.75378
1052.44 201.236 10.4248 -3.3524 -3.62122
1029.31 127.218 10.5377 -3.70292 -4.15403
1010.81 601.396 11.0935 -2.36391 -4.54899
1015.43 409.412 10.7331 -2.91865 -3.92266
1133.4 571.326 10.4781 -2.4554 -3.6218
1126.46 562.074 10.5043 -2.47782 -3.67375
1045.5 661.535 10.9294 -2.21349 -4.22042
1096.39 344.646 10.4439 -2.99157 -3.67145
1140.34 386.281 10.3335 -2.86088 -3.5465
1029.43 305.902 10.5654 -3.12917 -3.6593
1021.45 69.1605 10.5828 -3.94824 -4.40418
1064.01 563.924 10.7465 -2.48118 -4.04467
1040.07 574.564 10.8743 -2.44697 -4.24385
1167.75 210.142 10.1643 -3.22843 -3.52296
1143.81 186.201 10.2156 -3.30016 -3.55347
1066.67 178.221 10.3985 -3.41113 -3.69427
1135.83 492.104 10.4112 -2.63289 -3.52113
1098.59 85.1206 10.273 -3.61881 -3.7509
1135.83 329.842 10.2962 -2.98315 -3.45132
1093.27 345.803 10.4387 -2.99024 -3.64443
1127.85 420.283 10.3988 -2.80329 -3.6233
1220.95 180.881 10.0336 -3.18509 -3.19366
1215.63 74.4806 9.97587 -3.36444 -3.1096
1134.9 492.503 10.4098 -2.64035 -3.51829
1092.07 492.503 10.5429 -2.64924 -3.70764
1027.83 302.843 10.5691 -3.14244 -3.67051
1144.07 186.6 10.2342 -3.31268 -3.61316
1101.25 137.656 10.2804 -3.4655 -3.64321
1061.48 272.253 10.4359 -3.17362 -3.56318
1092.07 654.631 10.6663 -2.26616 -3.76265
1018.65 617.923 11.0128 -2.3317 -4.34379
1134.9 568.978 10.5092 -2.45679 -3.72204
1092.07 345.67 10.4125 -2.99255 -3.54606
1128.78 416.027 10.3911 -2.79921 -3.59075
1208.31 642.395 10.3494 -2.28335 -3.50598
1214.43 562.86 10.3123 -2.44453 -3.5782
1046.19 110.125 10.4685 -3.69637 -4.06861
1214.43 73.4165 9.97763 -3.35626 -3.07001
1150.35 316.609 10.2176 -2.97725 -3.20334
1044.81 576.932 10.8824 -2.44777 -4.25032
1072.95 650.807 10.7578 -2.26994 -3.92251
1041.29 636.735 10.8875 -2.29238 -4.10847
1062.4 274.394 10.4685 -3.18666 -3.68127
1006.11 211.073 10.5692 -3.40083 -3.74396
1171.45 316.609 10.1728 -2.95728 -3.16621
1143.31 186.447 10.1893 -3.26904 -3.37209
1101.1 137.197 10.289 -3.47163 -3.66858
1132.76 569.896 10.4982 -2.45618 -3.67844
1097.58 559.342 10.5502 -2.50589 -3.61447
1150.35 404.556 10.3635 -2.82108 -3.67797
1097.58 87.9469 10.2761 -3.6194 -3.75523
1016.67 411.591 10.7376 -2.91662 -3.93418
1153.86 626.182 10.4747 -2.32366 -3.62159
1164.42 520.646 10.383 -2.55926 -3.60181
1065.92 175.894 10.4101 -3.4298 -3.72955
1048.33 112.572 10.4586 -3.69026 -4.0239
1087.02 228.662 10.4154 -3.309 -3.85735
1132.76 331.736 10.2975 -2.96974 -3.42709
1092.3 493.558 10.5592 -2.65346 -3.76085
1132.76 465.239 10.4547 -2.69367 -3.71737
1047.8 206.323 10.4129 -3.33623 -3.53766
1063.98 173.959 10.4171 -3.43634 -3.75491
1019.48 618.97 11.0286 -2.32632 -4.37643
1043.75 610.879 10.8628 -2.35204 -4.11994
1007.34 214.415 10.5554 -3.38951 -3.70015
1084.21 230.597 10.4141 -3.30487 -3.83457
1039.71 574.469 10.8385 -2.45254 -4.11241
1132.76 566.378 10.4738 -2.46497 -3.59692
1096.35 558.287 10.6042 -2.49865 -3.79941
1063.98 376.237 10.6002 -2.96064 -3.99876
1165.12 485.467 10.3284 -2.64097 -3.42011
1043.75 113.276 10.4695 -3.69334 -4.05003
1144.89 186.096 10.2342 -3.31268 -3.61316
1136.8 186.096 10.2431 -3.31573 -3.66448
1111.92 423.368 10.5355 -2.81076 -4.00917
1065.4 376.844 10.5849 -2.95883 -3.92938
1107.27 628.073 10.6252 -2.32076 -3.77034
1074.7 623.42 10.713 -2.34 -3.85877
1130.53 567.592 10.5505 -2.455 -3.87588
1097.96 558.287 10.6153 -2.48734 -3.83032
1125.88 521.068 10.4425 -2.57439 -3.53295
1056.09 255.881 10.4462 -3.22515 -3.59842
1135.18 334.972 10.2988 -2.97297 -3.42892
1093.31 493.153 10.5801 -2.66532 -3.75816
1135.18 409.41 10.4476 -2.84206 -3.93186
1149.14 623.42 10.4918 -2.33045 -3.62745
1032.83 209.358 10.4888 -3.36703 -3.65864
1139.84 186.096 10.2289 -3.30435 -3.60729
1065.4 172.138 10.3889 -3.4255 -3.67019
1056.09 334.972 10.497 -3.03691 -3.56682
1088.66 348.929 10.4527 -2.98863 -3.66245
1163.1 274.491 10.2216 -3.07352 -3.46278
1084.01 232.62 10.3664 -3.27938 -3.65857
1102.15 139.106 10.329 -3.50795 -3.83279
1112.85 422.67 10.5269 -2.83156 -4.01155
1064.7 374.517 10.6422 -2.97977 -4.14728
1011.2 411.969 10.7763 -2.92307 -4.02084
1134.25 486.873 10.4167 -2.64407 -3.53878
1070.05 588.527 10.7384 -2.41673 -3.98295
1128.9 567.126 10.4727 -2.47256 -3.5652
1064.7 171.208 10.3667 -3.41155 -3.60604
1166.35 321.015 10.2114 -2.94944 -3.28437
1161 278.213 10.2238 -3.07863 -3.4755
1075.4 224.71 10.4568 -3.33854 -3.87062
1113.65 418.389 10.4195 -2.81252 -3.5719
1138.27 486.07 10.4026 -2.64819 -3.50874
1076.74 473.764 10.6461 -2.7022 -3.98236
1064.43 375.32 10.6247 -2.98432 -4.09347
1125.96 566.056 10.517 -2.46072 -3.72069
1052.13 559.904 10.7316 -2.49946 -3.87914
1125.96 516.834 10.4964 -2.57113 -3.73497
1138.27 184.584 10.1909 -3.26025 -3.35466
1064.43 172.278 10.3947 -3.43032 -3.67243
1132.11 338.403 10.3269 -2.9783 -3.53381
1107.5 344.556 10.4356 -3.01168 -3.81477
332.25 289.181 12.4467 -3.78628 -3.19281
326.098 338.403 12.4491 -3.59658 -3.13019
283.028 178.431 12.0844 -3.89788 -2.76344
184.584 159.972 11.9206 -3.81972 -2.31771
203.042 196.889 11.9326 -3.75012 -2.34716
406.084 276.875 13.2144 -4.14467 -4.40009
559.904 166.125 13.7202 -5.19302 -6.46242
473.764 190.736 14.0954 -5.16292 -6.11563
276.875 492.223 12.0948 -3.08086 -2.53875
246.111 590.667 12.2219 -2.87468 -2.51177
184.584 504.528 11.9068 -3.03911 -2.1533
178.431 559.904 11.983 -2.94992 -2.16935
227.653 375.32 12.2026 -3.40729 -2.55157
578.362 535.292 15.5562 -3.12839 -8.34613
412.237 596.82 13.4943 -2.83441 -4.35201
430.695 424.542 13.3172 -3.54514 -4.50576
381.473 443.001 13.0546 -3.41784 -3.90865
449.153 473.764 13.0921 -3.26357 -4.28547
898.307 264.57 11.5705 -3.77639 -5.72674
682.959 246.111 14.933 -5.51375 -9.95225
658.348 356.862 16.1592 -4.87653 -11.3937
990.599 338.403 10.7512 -3.10563 -3.9136
935.223 510.681 11.5941 -2.69591 -5.42879
855.237 375.32 12.8054 -3.65274 -7.89038
818.32 455.306 13.2211 -3.2103 -7.99281
553.751 553.751 16.095 -3.10876 -8.72919
264.57 283.028 12.1213 -3.62051 -2.63624
941.376 479.917 11.2186 -2.78614 -4.63271
326.098 406.084 12.7741 -3.48209 -3.41385
363.014 418.389 12.7599 -3.43216 -3.52581
301.487 547.598 12.3638 -2.96896 -2.81598
556.426 171.208 13.7202 -5.19302 -6.46242
278.213 117.705 11.9667 -4.02095 -2.65211
181.908 160.507 11.9278 -3.81679 -2.33024
444.071 283.563 13.5045 -4.28746 -5.00508
390.568 353.116 12.6852 -3.64587 -3.64778
406.619 187.259 13.0931 -4.53313 -4.39223
476.172 187.259 14.0928 -5.16042 -6.09363
246.111 551.076 12.1032 -2.95585 -2.44442
246.111 593.878 12.1678 -2.86291 -2.46332
171.208 609.928 12.0114 -2.84606 -2.15689
278.213 486.873 12.1602 -3.0937 -2.59013
379.868 401.269 12.9498 -3.54923 -3.8488
433.37 422.67 13.1792 -3.50402 -4.3382
898.842 267.512 11.2934 -3.62145 -4.97645
839.989 337.066 12.3659 -3.76185 -6.87943
642.03 358.467 17.0135 -5.08431 -12.2455
904.192 171.208 11.485 -4.21467 -5.86717
925.593 604.578 11.7951 -2.3317 -5.64593
850.69 374.517 12.3752 -3.53084 -6.87166
267.512 379.868 12.1535 -3.38805 -2.63569
256.812 417.319 12.2689 -3.31371 -2.68688
556.426 556.426 16.095 -3.10876 -8.72919
353.116 230.061 12.3127 -3.89782 -3.18284
444.071 524.324 13.2596 -3.10988 -4.38029
192.609 502.923 11.9382 -3.04312 -2.18705
181.908 561.776 12.016 -2.94627 -2.20538
866.74 561.776 12.9522 -2.50503 -7.70413
279.143 172.138 12.2417 -4.00607 -2.89066
181.443 158.181 11.8288 -3.77798 -2.2333
623.42 232.62 15.2682 -5.71021 -9.64219
614.116 339.625 15.399 -4.7438 -9.24835
409.41 279.143 13.0564 -4.07456 -4.23144
460.587 307.058 13.8536 -4.29946 -5.49283
246.577 553.634 12.1185 -2.95908 -2.45789
307.058 553.634 12.5794 -2.98619 -3.03359
246.577 595.506 12.2888 -2.87075 -2.5744
181.443 558.287 11.9884 -2.94448 -2.1814
167.486 609.463 12.0114 -2.84606 -2.15689
195.4 502.458 11.9095 -3.04575 -2.17452
586.201 628.073 15.8972 -2.43819 -8.69871
367.539 428.02 12.5024 -3.3379 -3.28437
902.564 265.186 11.5975 -3.80992 -5.84296
842.083 339.625 12.8361 -3.92186 -7.96357
665.292 246.577 15.1367 -5.54858 -9.956
814.168 158.181 12.2619 -4.76695 -6.87222
995.612 93.0478 10.8264 -4.11353 -5.06403
879.302 516.415 12.2904 -2.76221 -6.60224
869.997 562.939 12.4962 -2.51914 -6.7263
851.387 414.063 12.2921 -3.2688 -6.5438
856.04 451.282 13.142 -3.20267 -8.32058
907.216 451.282 11.8851 -3.00537 -6.06824
586.201 562.939 16.6553 -2.97413 -9.92847
963.045 283.796 10.9384 -3.40406 -4.53533
846.735 362.886 12.4073 -3.57973 -6.92209
558.287 553.634 16.4051 -3.09692 -9.17085
223.315 246.577 11.9034 -3.6244 -2.3616
265.186 288.448 12.1747 -3.63764 -2.69284
288.448 232.62 12.1309 -3.79322 -2.77193
990.959 339.625 10.8143 -3.13698 -4.13306
279.143 339.625 12.2944 -3.54078 -2.82655
246.779 93.0478 11.889 -4.01176 -2.50683
335.781 149.686 12.6064 -4.32863 -3.49666
182.05 157.777 11.8071 -3.77348 -2.21139
610.879 335.781 15.4925 -4.77503 -9.40027
388.373 351.963 12.9751 -3.74358 -3.96319
449.057 287.235 13.7313 -4.37461 -5.28007
562.332 169.913 13.7202 -5.19302 -6.46242
307.462 554.241 12.5072 -2.97714 -2.97328
258.916 416.692 12.2314 -3.307 -2.65456
283.189 501.649 12.161 -3.08983 -2.60742
80.9111 368.146 11.4658 -3.19631 -1.68465
586.606 627.061 15.8972 -2.43819 -8.69871
902.159 262.961 11.6602 -3.84187 -6.04501
841.476 339.827 12.6769 -3.85634 -7.61416
671.562 186.096 20.911 -10.0623 -21.0719
970.934 121.367 10.8352 -3.94284 -4.69068
813.157 606.834 13.7283 -2.23374 -8.45812
906.205 412.647 11.6747 -3.13673 -5.66899
857.658 453.102 12.5188 -3.11928 -7.02844
906.205 453.102 11.6329 -2.96218 -5.46429
291.28 303.417 12.1813 -3.616 -2.79113
323.645 335.781 12.4505 -3.61443 -3.1195
926.433 339.827 11.3801 -3.36833 -5.29332
574.469 529.968 16.0773 -3.22156 -9.05987
586.606 566.378 16.0657 -2.91384 -9.07764
554.241 525.922 15.9858 -3.30363 -8.65614
558.287 554.241 16.1077 -3.05354 -8.74868
995.207 558.287 11.1841 -2.50601 -4.77706
885.977 618.97 12.3306 -2.24986 -6.40054
137.549 562.332 11.8674 -2.93343 -2.00417
182.05 558.287 11.9825 -2.94482 -2.18575
84.9567 214.415 11.3197 -3.38553 -1.62783
821.248 513.786 12.7907 -2.8455 -6.98506
238.688 299.371 12.1475 -3.58765 -2.58332
222.506 246.779 12.0131 -3.66741 -2.4545
258.916 246.779 12.1548 -3.73793 -2.69481
254.87 271.052 12.1525 -3.6687 -2.65856
918.341 315.553 10.8977 -3.22305 -3.85072
400.51 400.51 13.0129 -3.54684 -3.99177
249.769 94.9826 11.7841 -3.95004 -2.40083
281.43 116.09 11.9255 -4.00596 -2.61772
211.073 172.376 11.8516 -3.77069 -2.31939
193.483 70.3575 11.8131 -3.99119 -2.28524
626.182 232.18 15.1618 -5.66724 -9.49723
411.591 281.43 13.3098 -4.17336 -4.51762
545.271 172.376 13.8473 -5.2077 -6.4805
474.913 197.001 14.1176 -5.15087 -6.11915
242.733 598.039 12.2129 -2.8658 -2.50839
168.858 612.11 12.0665 -2.84845 -2.20541
260.323 418.627 12.1276 -3.27967 -2.56577
70.3575 397.52 11.4226 -3.13795 -1.63806
73.8754 474.913 11.4437 -3.02757 -1.63512
197.001 503.056 11.9055 -3.046 -2.18001
844.29 337.716 12.7661 -3.89552 -7.80002
664.878 249.769 15.0058 -5.48648 -9.77456
763.379 270.876 14.3396 -5.0938 -10.2855
671.914 123.126 28.3511 -17.3582 -36.0558
977.969 182.93 10.8869 -3.76626 -4.75433
798.558 415.109 13.6153 -3.59644 -8.82309
840.772 429.181 12.46 -3.24793 -6.72107
861.88 453.806 12.2816 -3.08155 -6.52256
907.612 453.806 11.9975 -3.01107 -6.37332
893.54 534.717 12.0776 -2.65007 -6.14143
886.505 552.306 12.2167 -2.56438 -6.29287
291.984 302.537 12.2889 -3.64178 -2.87465
995.559 555.824 11.2022 -2.50365 -4.83932
432.699 446.77 13.2241 -3.41836 -4.3702
443.252 478.431 13.2714 -3.29872 -4.44545
186.447 559.342 11.9787 -2.94354 -2.18687
358.823 527.681 12.813 -3.06647 -3.47729
355.305 562.86 13.1488 -2.98962 -3.75331
119.608 573.414 11.776 -2.91338 -1.90168
985.005 408.074 10.8699 -2.97275 -4.10527
872.433 221.626 11.8755 -4.19388 -6.42122
904.094 263.841 11.5577 -3.79653 -5.77047
369.377 432.699 12.4689 -3.3173 -3.24139
868.915 432.699 12.3235 -3.19445 -6.75119
334.198 151.269 12.4966 -4.2738 -3.37342
327.162 197.001 12.4349 -4.07185 -3.21897
277.912 379.931 12.3008 -3.43028 -2.78295
284.948 228.662 12.245 -3.83865 -2.8748
313.091 246.251 12.2814 -3.82136 -2.99134
221.626 246.251 11.9554 -3.64455 -2.40271
232.18 355.305 12.1463 -3.44368 -2.53933
591.003 626.182 15.8017 -2.45423 -8.59672
450.288 288.466 14.0125 -4.48257 -5.63079
379.931 605.075 13.1154 -2.83869 -3.81592
284.489 229.427 12.2329 -3.83214 -2.86084
143.774 290.607 11.8041 -3.45285 -2.06973
281.43 116.243 11.9918 -4.03956 -2.69386
134.597 64.2395 11.7113 -3.9004 -2.0534
627.1 232.486 15.1618 -5.66724 -9.49723
547.565 171.305 13.7706 -5.18412 -6.42711
565.919 174.364 13.7069 -5.17494 -6.4958
474.148 195.777 14.3336 -5.22559 -6.40365
247.781 550.624 12.1288 -2.95923 -2.46724
241.663 593.45 12.1745 -2.8597 -2.46296
58.1214 636.277 11.7332 -2.8154 -1.73868
168.246 611.805 11.9654 -2.83823 -2.11909
260.017 416.027 12.2398 -3.30124 -2.66908
281.43 483.326 14.0161 -3.4515 -4.25237
70.3575 397.673 11.4395 -3.14442 -1.65195
149.892 483.326 11.9026 -3.0901 -2.07185
642.395 357.906 16.3492 -4.94252 -11.1363
743.342 315.079 14.5856 -4.75336 -10.1698
807.582 58.1214 12.1285 -5.28091 -6.81602
819.818 156.01 12.1927 -4.72347 -6.74902
893.235 180.482 11.5524 -4.1883 -5.90031
841.231 428.263 12.4376 -3.24776 -6.66099
370.142 431.322 12.7725 -3.38542 -3.56876
893.235 553.683 12.0402 -2.57945 -5.95026
868.762 565.919 12.5901 -2.5003 -6.90758
556.742 556.742 16.2617 -3.03762 -8.94414
923.825 596.509 11.8247 -2.35493 -5.69323
880.998 657.69 12.6198 -2.00915 -6.86246
437.44 416.027 13.1259 -3.52632 -4.31021
455.794 403.791 13.2269 -3.59438 -4.58014
379.319 605.686 12.9839 -2.80755 -3.65844
376.26 657.69 13.0544 -2.63684 -3.67169
865.703 296.725 12.161 -3.89616 -6.78853
920.766 318.138 11.4012 -3.4408 -5.34964
874.88 354.847 11.9509 -3.50032 -6.16576
911.589 357.906 11.6377 -3.3704 -5.77473
871.821 220.25 11.9047 -4.18492 -6.44971
871.821 247.781 11.8087 -3.98228 -6.17199
168.246 526.152 11.8484 -2.99101 -2.06633
137.656 562.86 11.9085 -2.93749 -2.03535
186.6 556.742 11.9676 -2.93982 -2.17703
991.123 590.391 11.2042 -2.39469 -4.72703
278.371 174.364 11.9628 -3.85395 -2.61754
321.197 333.433 12.6918 -3.69835 -3.35434
422.145 596.509 13.4811 -2.82828 -4.3744
354.847 562.86 12.6932 -2.94554 -3.3137
336.492 394.614 12.4313 -3.43336 -3.1242
266.135 287.548 12.1928 -3.64125 -2.71134
458.853 495.562 13.2207 -3.2103 -4.46898
379.319 321.197 12.847 -3.82693 -3.79036
360.965 339.551 12.6842 -3.67489 -3.51838
975.828 67.2985 10.7848 -4.14023 -4.77361
348.729 226.368 12.831 -4.16859 -3.72597
204.954 201.895 11.9238 -3.72013 -2.34665
223.309 244.722 12.0118 -3.66123 -2.45172
174.364 171.305 11.8015 -3.72537 -2.17844
440.499 516.975 13.5379 -3.16851 -4.68309
119.302 572.037 11.7768 -2.91038 -1.90194
584.273 627.1 15.9549 -2.43615 -8.7492
605.686 614.864 15.9694 -2.48529 -9.09599
584.273 657.69 15.8939 -2.1992 -8.55655
636.277 321.197 15.3165 -4.9002 -9.54565
198.836 501.68 11.9274 -3.0496 -2.20918
263.076 480.267 12.2169 -3.1359 -2.62058
180.482 220.25 11.8256 -3.63032 -2.19722
116.243 183.541 11.7066 -3.62957 -1.97296
178.221 79.8006 11.8402 -3.97107 -2.27021
627.765 234.082 15.1581 -5.66141 -9.5131
547.964 172.901 13.8227 -5.21209 -6.52471
566.584 175.561 13.668 -5.13684 -6.46467
372.403 178.221 13.5695 -4.80159 -4.71958
420.283 196.841 13.1301 -4.51742 -4.48363
58.5204 638.405 11.792 -2.81654 -1.78716
228.762 412.303 12.1441 -3.29583 -2.49345
281.962 484.124 13.8575 -3.42188 -4.10766
859.186 242.062 12.9198 -4.72315 -8.94814
675.645 273.982 15.2896 -5.39459 -10.4118
766.086 271.322 14.4002 -5.12785 -10.4573
808.646 61.1805 12.0924 -5.21925 -6.72145
819.286 156.941 12.2513 -4.76089 -6.88453
893.767 180.881 11.564 -4.21132 -5.9503
672.985 122.361 13.6799 -5.74334 -7.93204
864.506 497.424 12.4688 -2.86466 -6.81995
888.447 550.624 12.3308 -2.57067 -6.56565
925.687 598.504 11.8061 -2.36286 -5.64529
582.544 558.604 16.0626 -2.99813 -9.07274
582.544 571.904 15.8154 -2.89139 -8.67597
518.704 465.503 14.6334 -3.56534 -6.66883
875.146 353.783 11.9982 -3.51936 -6.31283
912.387 359.103 11.6064 -3.36346 -5.70761
441.563 518.704 13.3389 -3.14892 -4.45998
414.963 332.502 12.8607 -3.79223 -3.97892
893.767 438.903 12.0095 -3.07022 -6.27418
420.283 383.043 13.3959 -3.74416 -4.57531
266.002 289.942 12.1889 -3.63003 -2.71354
321.862 335.162 12.3826 -3.59512 -3.04846
992.187 593.184 11.1987 -2.38527 -4.72323
811.306 654.365 14.4351 -1.82617 -9.63883
843.226 667.665 13.1716 -1.90333 -7.52578
340.483 295.262 12.651 -3.82298 -3.44389
361.763 340.483 12.7113 -3.68984 -3.54626
223.442 247.382 12.0059 -3.65829 -2.44831
941.647 146.301 11.1118 -4.06885 -5.23371
986.867 162.261 10.7998 -3.7692 -4.61131
361.763 617.125 13.0287 -2.78526 -3.61228
279.302 377.723 12.2682 -3.42266 -2.769
303.242 433.583 12.3627 -3.28698 -2.91277
188.861 555.944 11.9944 -2.95751 -2.2118
356.443 563.924 12.8057 -2.95791 -3.42593
571.904 513.384 17.6006 -3.56124 -11.1217
234.082 353.783 12.1458 -3.4451 -2.54543
489.444 651.705 13.955 -2.52742 -5.27983
425.603 550.624 13.3982 -3.01512 -4.38646
422.943 598.504 13.4271 -2.82164 -4.33581
180.881 462.843 11.9611 -3.14804 -2.19904
148.961 486.784 11.926 -3.09433 -2.0945
976.227 69.1605 10.8213 -4.19452 -4.92315
401.663 212.802 13.453 -4.56647 -4.72524
340.483 244.722 12.6831 -4.02566 -3.5116
391.023 252.702 12.9603 -4.14752 -4.05223
284.622 228.762 12.206 -3.82579 -2.83179
311.222 247.382 12.3784 -3.86014 -3.08836
191.521 66.5005 11.8173 -3.99759 -2.28799
215.462 117.041 11.8394 -3.90247 -2.33829
127.681 191.521 11.6758 -3.60497 -1.97029
758.106 297.922 14.3385 -4.85609 -10.0218
593.184 625.105 15.725 -2.45246 -8.53518
606.484 617.125 15.7373 -2.49895 -8.79203
609.144 667.665 15.9372 -2.08766 -8.91931
308.562 553.284 12.4764 -2.97262 -2.94771
316.542 566.584 12.4428 -2.9283 -2.93593
696.925 319.202 14.9536 -4.83964 -10.0146
335.162 151.621 12.4715 -4.26085 -3.34721
276.642 175.561 11.9223 -3.83427 -2.57694
324.522 196.841 12.5981 -4.14994 -3.38951
282.193 115.653 12.0038 -4.04754 -2.70873
566.7 175.793 13.7809 -5.18891 -6.65716
372.403 178.106 13.3919 -4.69835 -4.50783
418.664 196.61 13.2221 -4.56021 -4.5997
62.4526 636.092 11.7596 -2.81575 -1.76176
168.853 612.961 11.9843 -2.83688 -2.12992
765.623 270.628 14.4488 -5.14724 -10.5848
809.571 60.1396 12.1761 -5.32676 -6.93319
821.136 157.288 12.2513 -4.76089 -6.88453
892.841 555.135 12.2596 -2.5571 -6.47345
872.024 566.7 12.5273 -2.49584 -6.79022
925.224 596.77 11.8061 -2.36286 -5.64529
929.85 441.795 11.5924 -2.98834 -5.60307
582.891 557.448 15.7495 -2.98232 -8.642
582.891 569.013 15.7792 -2.8861 -8.64132
814.197 596.77 14.0983 -2.27324 -9.24094
340.02 395.533 12.5093 -3.45435 -3.21813
377.029 425.603 12.8255 -3.4191 -3.66662
865.085 497.308 12.4403 -2.86485 -6.75639
835.015 395.533 12.61 -3.48244 -7.13465
837.328 427.916 12.5135 -3.26496 -6.81307
895.154 400.159 11.9697 -3.2667 -6.30392
869.711 430.229 12.234 -3.18258 -6.56004
909.033 402.473 11.717 -3.18639 -5.8267
941.416 145.723 11.0852 -4.04735 -5.16078
985.364 161.914 10.7931 -3.76431 -4.59026
171.166 527.378 11.8871 -2.9963 -2.10588
374.716 659.222 13.1176 -2.63765 -3.74112
279.88 377.029 12.3606 -3.44568 -2.86312
307.637 379.342 12.463 -3.47386 -3.05147
303.011 432.542 12.2609 -3.26631 -2.81977
266.002 289.133 12.2001 -3.63279 -2.72668
312.263 328.455 12.6434 -3.69116 -3.29396
222.054 245.184 12.0095 -3.6581 -2.45097
525.065 612.961 15.0926 -2.65558 -6.98972
358.524 527.378 12.7624 -3.06123 -3.41764
386.281 555.135 13.0327 -2.98224 -3.79614
233.619 351.585 12.0818 -3.42731 -2.48868
420.977 383.968 13.2158 -3.68467 -4.35489
437.168 416.351 13.0514 -3.49987 -4.23362
865.085 296.072 12.1233 -3.8831 -6.6965
828.076 344.646 12.6598 -3.80729 -7.33355
846.58 340.02 12.7449 -3.87656 -7.77766
208.175 550.508 12.0423 -2.96685 -2.2986
249.811 550.508 12.1373 -2.95762 -2.4757
814.197 606.022 14.3083 -2.19853 -9.61349
855.832 633.779 13.0805 -2.11722 -7.59815
841.954 666.161 13.5079 -1.83516 -8.15078
434.855 448.734 13.1826 -3.38452 -4.30586
238.245 104.088 11.9155 -3.98942 -2.48765
608.335 612.961 15.735 -2.49243 -8.7766
582.891 649.97 15.9101 -2.28312 -8.59396
608.335 666.161 15.9647 -2.06663 -8.9622
261.376 481.117 12.2355 -3.14056 -2.63919
150.349 485.743 11.9138 -3.08742 -2.08781
423.29 599.083 13.4792 -2.82401 -4.40329
349.272 226.68 12.5174 -4.018 -3.38322
402.473 212.802 13.262 -4.47892 -4.50502
340.02 242.871 12.5889 -3.9868 -3.41297
284.506 228.993 12.1754 -3.81146 -2.79676
148.036 293.759 11.8407 -3.46356 -2.10807
80.9571 580.578 11.7658 -2.90148 -1.82951
946.042 113.34 11.053 -4.17953 -5.22898
888.215 235.932 11.6409 -3.97189 -5.93883
934.476 235.932 11.214 -3.72571 -5.19793
899.781 259.063 11.5827 -3.8291 -5.81905
131.844 198.923 11.7394 -3.61647 -2.02952
182.732 222.054 11.899 -3.65688 -2.26448
129.531 191.984 11.7111 -3.61921 -1.99883
175.793 173.48 11.8213 -3.73694 -2.20064
946.042 633.779 11.6637 -2.20544 -5.42819
985.364 629.152 11.2581 -2.26553 -4.74957
228.993 411.725 12.1948 -3.30914 -2.53896
596.77 279.88 15.5354 -5.33309 -9.41866
622.213 307.637 15.4397 -5.05894 -9.57511
575.952 330.768 18.1364 -5.84479 -12.6938
215.115 117.966 11.8246 -3.89251 -2.32733
215.115 171.166 11.9507 -3.82268 -2.41127
471.864 198.923 14.2718 -5.18536 -6.31458
122.592 46.2612 11.7369 -3.95485 -2.05793
180.419 80.9571 11.8055 -3.94462 -2.23971
892.841 180.419 11.6216 -4.26028 -6.13697
652.283 402.473 21.5253 -5.8379 -19.58
69.3918 397.846 11.4648 -3.1452 -1.66123
675.414 272.941 15.0261 -5.27197 -9.95095
548.195 171.166 13.8144 -5.21568 -6.52834
43.9482 180.419 11.4229 -3.47469 -1.64061
874.94 639.612 12.4861 -2.13108 -6.56571
583.294 557.146 15.7498 -2.98897 -8.64261
870.918 569.214 12.5273 -2.49584 -6.79022
372.101 434.453 12.9185 -3.40747 -3.73083
828.679 561.169 13.4796 -2.54332 -8.34149
864.884 524.964 12.4035 -2.7113 -6.60866
862.872 496.805 12.5092 -2.87473 -6.90511
953.383 551.112 11.4445 -2.53887 -5.14297
549.1 520.941 15.7634 -3.29942 -8.31656
836.725 428.419 12.533 -3.26284 -6.8351
114.647 537.032 11.7384 -2.96988 -1.8796
868.906 378.135 12.1739 -3.45195 -6.59803
868.906 430.43 12.0883 -3.1535 -6.22897
876.952 289.635 12.0115 -3.8736 -6.58345
923.213 323.828 11.394 -3.43341 -5.33017
438.476 659.725 13.2896 -2.57051 -4.21968
454.567 667.771 13.8178 -2.49569 -4.86868
380.146 351.987 12.7464 -3.66486 -3.66672
842.759 667.771 13.2279 -1.88739 -7.6579
975.508 649.668 11.4149 -2.1855 -5.00076
319.806 339.919 12.439 -3.59228 -3.10103
824.656 297.681 12.3884 -3.97644 -6.81172
864.884 295.669 12.1304 -3.88753 -6.71054
846.781 339.919 12.6932 -3.85638 -7.65853
349.976 223.261 12.7548 -4.14165 -3.64523
402.271 213.204 13.2606 -4.47755 -4.50805
388.192 251.42 12.894 -4.1174 -3.97414
528.987 679.839 15.3854 -2.21544 -7.25347
430.43 454.567 13.3459 -3.39803 -4.46508
456.578 478.703 12.9974 -3.24295 -4.21017
440.487 514.907 13.2841 -3.13828 -4.39065
460.601 498.817 13.249 -3.19245 -4.50438
279.579 378.135 12.3195 -3.43565 -2.82454
424.396 599.384 13.4792 -2.82401 -4.40329
360.033 617.487 13.0655 -2.78903 -3.65203
374.112 625.532 13.1085 -2.75312 -3.76158
345.953 663.748 13.1166 -2.65115 -3.60684
374.112 659.725 13.102 -2.63627 -3.7137
985.565 162.92 10.8177 -3.78386 -4.6674
150.852 482.726 11.9068 -3.08929 -2.08323
150.852 486.748 11.9186 -3.08724 -2.09141
589.328 623.521 16.0521 -2.45782 -8.95863
583.294 659.725 15.7354 -2.20353 -8.34425
609.441 667.771 15.7078 -2.0797 -8.61135
221.249 245.386 12.0095 -3.6581 -2.45097
878.963 215.215 11.6225 -4.03384 -5.75943
935.281 237.34 11.2242 -3.73159 -5.22897
899.077 259.465 11.6337 -3.84692 -5.95348
245.386 92.5224 11.9157 -4.03106 -2.52484
181.022 154.874 11.8704 -3.80455 -2.27142
116.659 185.045 11.7071 -3.62785 -1.97518
174.988 172.977 11.8566 -3.74887 -2.2323
748.225 315.783 14.5767 -4.75333 -10.2202
758.282 295.669 14.2916 -4.8349 -9.93118
199.124 502.839 11.8914 -3.04381 -2.17697
38.2158 591.339 11.6525 -2.88248 -1.67819
74.4202 597.373 11.7088 -2.87031 -1.76859
977.52 64.3634 10.7958 -4.16432 -4.82929
945.338 112.636 11.0342 -4.16638 -5.18331
215.215 118.67 11.8708 -3.91823 -2.36936
281.59 114.647 12.0038 -4.04754 -2.70873
577.259 329.863 18.2475 -5.88455 -12.9273
633.577 321.817 15.4846 -4.95005 -9.80373
667.771 333.885 15.0684 -4.70901 -9.63983
472.669 199.124 14.238 -5.17002 -6.27287
172.977 58.3294 11.8227 -4.00846 -2.25022
941.315 144.818 11.0729 -4.03445 -5.1171
58.3294 297.681 11.4063 -3.28204 -1.6292
42.2385 148.84 11.4033 -3.52154 -1.6347
106.602 120.681 11.6755 -3.74244 -1.95383
667.771 126.715 16.7176 -8.20264 -13.733
669.782 172.977 13.8879 -5.50018 -8.16449
860.861 239.351 12.7099 -4.59692 -8.39545
675.816 275.556 15.1105 -5.30589 -10.1048
687.884 273.545 14.8278 -5.1962 -9.80962
665.759 42.2385 12.6059 -5.4248 -6.10165
693.918 40.2271 12.4169 -5.35971 -6.0682
561.169 154.874 13.7329 -5.31234 -6.57837
420.374 195.102 13.3138 -4.60303 -4.70674
486.748 187.056 14.1368 -5.20844 -6.31783
166.943 615.475 11.9868 -2.83465 -2.13456
185.045 677.827 12.1738 -2.71086 -2.27798
820.634 156.886 12.2111 -4.74219 -6.83713
788.452 156.886 12.4003 -4.79933 -6.82398
60.3407 637.6 11.8224 -2.81887 -1.81212
567.203 174.988 13.6705 -5.13082 -6.48969
408.305 436.464 13.1718 -3.4516 -4.17977
919.19 621.509 11.8986 -2.25492 -5.74658
414.34 333.885 12.6988 -3.72002 -3.81303
945.338 635.589 11.6571 -2.20852 -5.40135
995.185 503.714 10.8108 -2.68067 -3.77737
991.686 682.112 11.3082 -2.08418 -4.79888
968.949 591.164 11.3685 -2.3957 -4.97674
897.24 491.471 12.0649 -2.84388 -6.30666
864.009 496.718 12.4363 -2.86946 -6.74722
912.981 360.295 11.6267 -3.37141 -5.76019
895.491 402.271 11.8786 -3.24316 -6.09213
916.479 437.252 11.6789 -3.03339 -5.70885
820.284 402.271 13.1469 -3.57982 -8.0977
923.475 673.367 11.88 -2.05057 -5.61846
844.77 666.371 13.3114 -1.88023 -7.83071
872.754 568.427 12.4434 -2.48138 -6.62419
816.786 606.905 13.9496 -2.21515 -8.92263
956.706 220.375 11.0149 -3.67935 -4.85487
790.551 159.16 12.4318 -4.8241 -6.91083
696.104 34.9801 12.4624 -5.39295 -6.15983
694.355 69.9602 13.2073 -5.90719 -7.60652
822.033 157.411 12.1967 -4.73155 -6.82443
809.79 64.7132 12.1052 -5.23681 -6.7611
696.104 318.319 14.8108 -4.78762 -9.73712
676.865 276.343 15.0206 -5.25093 -9.94633
878.001 290.335 11.99 -3.86512 -6.53297
900.738 341.056 11.6719 -3.46562 -5.79004
837.774 281.59 12.4121 -4.09455 -7.09672
820.284 353.299 13.0532 -3.89632 -8.08099
900.738 260.602 11.5821 -3.82386 -5.82871
440.75 514.208 13.2513 -3.14456 -4.35621
339.307 409.267 12.51 -3.39624 -3.20263
508.961 508.961 14.2801 -3.25632 -6.05999
360.295 617.399 13.1051 -2.79141 -3.68972
374.287 626.144 13.1556 -2.75027 -3.79372
419.761 561.431 13.2542 -2.96232 -4.19092
425.008 599.909 13.4134 -2.82843 -4.335
601.658 659.375 15.8131 -2.16961 -8.66374
610.403 668.12 15.9481 -2.06836 -8.95175
528.2 613.901 15.4179 -2.65443 -7.42232
529.949 680.363 15.5288 -2.20114 -7.44027
494.969 529.949 14.2646 -3.14615 -5.88736
536.945 601.658 15.4932 -2.72858 -7.61716
132.924 480.977 11.9071 -3.09918 -2.04611
152.164 482.726 11.9269 -3.09289 -2.09936
157.411 379.534 11.899 -3.30304 -2.13288
68.2112 398.773 11.4604 -3.14647 -1.65515
283.339 491.471 12.1465 -3.09575 -2.6161
201.136 501.965 11.9395 -3.05223 -2.22371
279.841 377.785 12.3097 -3.43408 -2.816
230.869 412.765 12.1851 -3.30652 -2.5302
61.2152 638.387 11.7673 -2.81448 -1.77275
173.152 528.2 11.8546 -2.99136 -2.08261
36.7291 592.913 11.6525 -2.88248 -1.67819
300.829 557.933 12.4392 -2.95925 -2.8957
250.108 552.686 12.2051 -2.96083 -2.5444
468.734 187.144 14.145 -5.18235 -6.12589
372.538 178.399 13.4996 -4.73698 -4.61721
564.929 164.407 13.755 -5.25651 -6.62385
487.973 188.893 14.1441 -5.19689 -6.31709
549.188 171.403 13.7486 -5.18582 -6.43515
473.981 358.546 13.9708 -4.06357 -5.65479
381.283 353.299 12.8308 -3.68976 -3.75722
437.252 251.857 13.3406 -4.36351 -4.7782
622.646 307.825 15.4034 -5.04837 -9.51404
578.921 330.562 18.4239 -5.95482 -13.2063
629.642 232.618 15.1581 -5.66141 -9.5131
104.94 120.681 11.6675 -3.73352 -1.94384
117.183 185.395 11.6918 -3.62018 -1.96015
176.65 174.901 11.8661 -3.75461 -2.24154
41.9761 146.917 11.4303 -3.53639 -1.65605
80.4543 33.2311 11.576 -3.85071 -1.85682
283.339 115.434 12.0268 -4.06068 -2.73726
332.311 131.175 12.5504 -4.37028 -3.44078
281.59 185.395 12.2412 -3.97442 -2.883
181.897 153.913 11.8513 -3.7968 -2.25239
246.61 92.6973 11.9194 -4.03239 -2.52865
127.677 288.586 11.7458 -3.43846 -1.99037
59.4662 297.331 11.4243 -3.29117 -1.64449
148.666 237.865 11.9126 -3.61857 -2.17483
265.849 292.084 12.1292 -3.60633 -2.66052
321.817 304.327 12.3603 -3.67828 -3.05173
318.319 339.307 12.4368 -3.59031 -3.10372
234.367 351.55 12.0766 -3.4313 -2.48177
285.088 229.12 12.2619 -3.84864 -2.88481
288.586 236.116 12.3248 -3.85637 -2.95432
311.323 246.61 12.5441 -3.93185 -3.24945
183.646 223.873 11.8348 -3.62971 -2.21275
372.538 435.503 12.872 -3.39699 -3.68427
918.228 622.646 11.8704 -2.25709 -5.68488
909.483 549.188 11.9536 -2.57344 -5.97668
932.22 554.435 11.6998 -2.53494 -5.56933
891.993 482.726 11.935 -2.8739 -5.94268
584.168 557.933 16.0087 -3.00887 -9.05873
152.164 486.224 11.9381 -3.09125 -2.10722
167.905 517.706 11.8874 -3.01555 -2.10425
954.957 550.937 11.4284 -2.53963 -5.10251
975.945 552.686 11.3015 -2.52623 -4.96611
916.479 484.475 11.7181 -2.82896 -5.65539
843.021 363.793 12.3485 -3.57647 -6.70519
865.758 363.793 12.0758 -3.49617 -6.34948
862.26 384.781 12.19 -3.42276 -6.55849
829.029 561.431 13.6095 -2.54921 -8.60352
397.024 529.949 13.0629 -3.07547 -3.90632
858.762 587.666 12.9373 -2.36726 -7.49337
582.419 629.642 16.0093 -2.42955 -8.80739
584.168 647.132 16.055 -2.28883 -8.79867
961.193 415.199 11.1931 -3.0068 -4.8784
976.402 649.414 11.4073 -2.18496 -4.99424
833.44 450.179 12.6224 -3.15787 -6.90455
909.483 418.241 11.8572 -3.14677 -6.15049
819.752 399.99 13.1913 -3.59447 -8.20258
854.732 681.352 13.1087 -1.82339 -7.49362
871.461 568.807 12.4166 -2.4853 -6.57106
816.71 605.308 14.0602 -2.21391 -9.15528
996.173 54.7515 10.5949 -3.98285 -4.25798
790.855 159.692 12.4103 -4.80768 -6.85593
669.185 127.753 13.3617 -5.48594 -7.33373
691.998 123.191 13.15 -5.40827 -7.23531
690.477 185.547 14.0919 -5.58613 -8.8224
667.664 51.7097 12.5901 -5.34845 -6.05031
696.561 34.9801 12.3618 -5.31744 -5.96184
669.185 106.461 32.5033 -21.5783 -43.9274
804.543 171.859 12.3193 -4.68483 -6.78696
810.626 65.3976 12.1068 -5.23253 -6.76188
670.706 194.672 15.3196 -6.25313 -10.7379
673.748 261.59 14.9706 -5.35295 -9.8484
877.545 290.487 11.9277 -3.83525 -6.37744
847.127 340.676 12.6071 -3.8207 -7.48507
935.338 237.257 11.213 -3.72523 -5.20588
433.449 453.221 13.1897 -3.38431 -4.31987
460.825 500.368 13.263 -3.1902 -4.52071
509.493 509.493 14.3044 -3.26219 -6.09166
425.845 599.225 13.4753 -2.81612 -4.40963
584.016 660.06 16.0016 -2.18304 -8.69481
602.266 658.539 15.9734 -2.15518 -8.90632
532.306 678.31 15.5845 -2.19945 -7.51162
536.869 600.746 15.3746 -2.72631 -7.46102
156.65 378.698 11.8985 -3.30309 -2.13251
68.4394 396.948 11.4523 -3.14374 -1.64864
180.984 463.867 12.0887 -3.16473 -2.30076
202.276 501.889 11.9395 -3.05223 -2.22371
281.362 378.698 12.3295 -3.43926 -2.83708
206.839 383.26 12.0622 -3.34311 -2.39003
231.173 416.72 12.102 -3.27471 -2.46444
118.628 625.08 12.1114 -2.8378 -2.10883
250.944 552.078 12.2047 -2.96162 -2.54413
238.777 600.746 12.235 -2.85729 -2.50826
468.43 187.068 14.1764 -5.20692 -6.16436
361.968 343.718 12.5628 -3.62859 -3.38995
351.322 223.569 12.7086 -4.12121 -3.60481
384.781 200.755 13.3227 -4.56465 -4.48705
571.849 330.03 18.4223 -5.9409 -13.0197
634.205 322.426 15.4017 -4.91153 -9.65267
623.559 232.694 15.1304 -5.64308 -9.40886
176.421 174.901 11.8116 -3.72911 -2.19503
42.5845 147.525 11.4242 -3.53522 -1.6498
173.38 59.3141 11.8205 -4.00515 -2.25047
284.404 115.587 11.9881 -4.0393 -2.69434
238.777 60.835 11.9648 -4.14699 -2.56033
127.753 287.445 11.7177 -3.42874 -1.9674
320.905 339.155 12.4444 -3.59153 -3.11213
311.779 246.382 12.4101 -3.87759 -3.11205
211.402 217.485 11.9773 -3.71897 -2.40488
220.527 246.382 12.0139 -3.66473 -2.4496
945.984 622.038 11.5543 -2.27974 -5.17512
947.505 635.726 11.6184 -2.21687 -5.30223
374.135 434.97 12.8865 -3.39985 -3.70034
407.594 436.491 13.2045 -3.45705 -4.22183
412.157 666.143 13.3941 -2.56712 -4.18169
920.129 571.849 11.8424 -2.45881 -5.74511
924.692 596.183 11.7886 -2.36339 -5.60522
415.199 334.592 12.6951 -3.71355 -3.80666
976.402 547.515 11.297 -2.53892 -4.96047
854.732 588.579 12.9672 -2.35999 -7.50351
860.815 599.225 12.9263 -2.29871 -7.4726
842.565 363.489 12.3449 -3.57536 -6.69742
841.044 392.386 12.3846 -3.434 -6.6794
862.336 384.781 12.1376 -3.40381 -6.38951
847.127 462.346 12.4061 -3.05027 -6.58293
868.42 472.992 12.3691 -2.98217 -6.7293
372.614 658.539 13.0791 -2.63575 -3.6845
880.587 658.539 12.4594 -2.0412 -6.52155
489.722 650.935 14.2283 -2.50838 -5.59246
416.72 281.362 12.9458 -4.01605 -4.15435
152.087 486.68 11.9667 -3.0947 -2.12917
971.839 606.829 11.3636 -2.33552 -4.91827
892.754 482.117 12.0082 -2.87478 -6.10977
877.545 638.768 12.5479 -2.11616 -6.70631
584.016 646.372 15.9812 -2.29337 -8.70544
378.698 257.028 12.8398 -4.06798 -3.85795
924.692 323.946 11.3974 -3.43229 -5.34225
912.525 358.926 11.6497 -3.3752 -5.81291
960.135 415.265 11.2134 -3.01033 -4.93537
892.688 482.712 12.0082 -2.87478 -6.10977
866.237 363.688 12.1985 -3.52588 -6.63993
979.972 177.215 10.8473 -3.74949 -4.668
978.65 293.595 10.9517 -3.36814 -4.6495
790.855 160.022 12.3236 -4.74497 -6.68026
690.345 185.15 14.0339 -5.54975 -8.70846
667.862 72.7375 13.0837 -5.64423 -6.95487
936.33 165.312 11.1708 -4.01612 -5.30793
804.08 171.925 12.3058 -4.67173 -6.76686
810.693 60.835 12.0189 -5.17507 -6.55991
755.148 301.53 14.447 -4.84404 -10.1698
677.12 276.402 14.8837 -5.18342 -9.70097
689.023 276.402 14.614 -5.07162 -9.40927
727.375 261.855 14.5835 -5.25181 -10.0995
670.508 194.408 16.0101 -6.7256 -12.0235
673.152 261.855 14.8872 -5.31494 -9.67206
689.023 260.533 14.9529 -5.38707 -10.1185
838.465 280.37 12.5931 -4.20698 -7.5454
833.175 351.785 12.78 -3.79967 -7.66039
900.622 259.21 11.5734 -3.81984 -5.80691
433.78 453.617 13.287 -3.40122 -4.43519
439.07 513.13 13.2532 -3.1452 -4.3536
359.72 616.285 13.1294 -2.78704 -3.7104
425.845 599.092 13.4753 -2.81612 -4.40963
601.737 658.605 15.9734 -2.15518 -8.90632
58.19 519.742 11.4748 -2.96313 -1.6193
156.055 379.557 11.9114 -3.30672 -2.14462
30.4175 420.555 11.4422 -3.10422 -1.57862
181.182 464.198 12.0739 -3.16094 -2.2877
281.693 378.235 12.3166 -3.43473 -2.82677
313.432 391.46 12.4651 -3.4375 -3.06479
119.025 625.542 12.111 -2.83697 -2.10853
115.058 691.667 12.2464 -2.70847 -2.15983
174.57 692.99 12.1179 -2.67817 -2.209
178.538 613.64 12.0121 -2.83555 -2.17231
252.598 551.482 12.24 -2.9724 -2.57785
333.27 130.928 12.5272 -4.36018 -3.4196
372.945 182.505 13.426 -4.69838 -4.53447
636.122 121.67 13.4966 -5.54609 -7.17575
563.385 154.732 13.6892 -5.28071 -6.52821
522.388 177.215 13.9283 -5.20804 -6.40391
530.323 174.57 13.8468 -5.19252 -6.36689
458.908 290.95 14.0098 -4.45474 -5.68509
470.81 201.02 14.146 -5.10393 -6.13054
404.685 212.923 13.1653 -4.43359 -4.40385
637.445 306.82 15.213 -5.00339 -9.46949
579.255 329.302 18.378 -5.94567 -13.1569
633.477 324.013 15.3327 -4.87979 -9.53344
175.893 175.893 11.846 -3.74375 -2.22525
239.372 60.835 11.9597 -4.14276 -2.55641
252.598 89.93 11.9126 -4.03914 -2.53833
293.595 308.142 12.3265 -3.64299 -2.91789
211.6 218.212 12.0207 -3.73715 -2.44399
247.307 201.02 11.9866 -3.77606 -2.52846
220.857 247.307 11.9669 -3.64602 -2.40298
372.945 415.265 12.8724 -3.46618 -3.70153
519.742 461.552 14.387 -3.54575 -6.37166
412.62 648.025 13.2521 -2.63798 -4.06766
924.427 596.448 11.6633 -2.38176 -5.30179
402.04 313.432 12.6745 -3.79195 -3.73983
150.765 488.003 11.9603 -3.09221 -2.12179
923.105 671.83 11.9436 -2.03956 -5.7586
912.525 687.7 12.1228 -1.94396 -6.01733
412.62 666.54 13.3508 -2.57035 -4.1394
396.75 530.323 13.0405 -3.07093 -3.87641
880.785 658.605 12.598 -2.0096 -6.79911
849.045 637.445 13.2366 -2.05709 -7.83857
867.56 637.445 12.4201 -2.17477 -6.32591
833.175 449.65 12.4713 -3.1366 -6.58621
372.945 658.605 13.0791 -2.63575 -3.6845
387.492 681.088 13.017 -2.55012 -3.66732
390.138 689.023 13.0272 -2.52389 -3.67306
825.24 507.84 13.3602 -2.89301 -8.22196
439.07 415.265 13.2278 -3.54563 -4.4509
409.975 437.747 13.3683 -3.49581 -4.39577
920.46 338.56 11.5198 -3.41949 -5.60611
321.367 339.883 12.4631 -3.59616 -3.13628
962.78 583.222 11.3985 -2.42011 -5.0276
580.578 569.997 15.8957 -2.89174 -8.7783
584.545 555.45 15.9495 -3.00837 -8.93725
878.14 350.462 11.9515 -3.51045 -6.2244
949.555 505.195 11.3297 -2.70576 -4.90835
839.787 477.422 12.4197 -2.97826 -6.47464
867.56 472.133 12.3423 -2.97739 -6.66919
562.062 562.062 16.0858 -3.0106 -8.82352
489.325 651.992 14.085 -2.51431 -5.42551
457.585 624.22 13.7886 -2.68801 -4.91018
421.878 203.665 13.4501 -4.65351 -4.88326
415.265 335.915 12.6919 -3.70798 -3.801
380.88 353.107 12.8114 -3.68167 -3.73818
347.818 263.177 12.6634 -3.94645 -3.51019
351.785 271.112 12.7134 -3.93717 -3.57395
362.365 563.385 12.8483 -2.95339 -3.50257
203.665 501.228 11.9254 -3.05023 -2.21106
193.085 509.163 11.8271 -3.01822 -2.11584
957.95 504.85 11.2942 -2.70034 -4.88994
868.25 472.65 12.44 -2.99134 -6.8929
877.45 23 11.6876 -5.28801 -6.77206
810.75 65.55 12.1404 -5.25851 -6.83882
690 303.6 15.0168 -4.99066 -10.0442
702.65 251.85 14.8728 -5.44999 -10.2619
818.8 353.05 13.2842 -3.96759 -8.56641
946.45 223.1 11.0602 -3.68971 -4.8895
900.45 258.75 11.5898 -3.82755 -5.84645
849.85 271.4 12.2838 -4.10438 -6.99088
439.3 512.9 13.2998 -3.14964 -4.40674
405.95 602.6 13.3605 -2.81541 -4.17672
584.2 661.25 15.9824 -2.17846 -8.66691
602.6 658.95 15.8568 -2.16073 -8.74689
31.05 420.9 11.4533 -3.106 -1.58746
180.55 464.6 12.0267 -3.15196 -2.24887
218.5 522.1 11.9586 -3.00782 -2.26779
563.5 155.25 13.614 -5.23347 -6.42456
550.85 174.8 13.7918 -5.18406 -6.49997
362.25 345 12.742 -3.68402 -3.58263
351.9 223.1 12.6965 -4.11666 -3.59329
579.6 328.9 18.4527 -5.97537 -13.2848
623.3 232.3 15.1783 -5.66248 -9.46707
487.6 189.75 13.9543 -5.09678 -6.05626
41.4 182.85 11.4353 -3.47757 -1.647
284.05 115 11.9979 -4.04402 -2.70717
203.55 21.85 11.818 -4.12407 -2.34052
127.65 287.5 11.7602 -3.44358 -2.00005
113.85 266.8 11.7345 -3.47312 -1.95706
267.95 293.25 12.1952 -3.62727 -2.7258
293.25 309.35 12.3549 -3.65137 -2.94841
247.25 201.25 11.9815 -3.77566 -2.52262
372.6 285.2 12.7738 -3.92105 -3.72302
832.6 450.8 12.4978 -3.13976 -6.63834
976.35 649.75 11.3947 -2.18467 -4.96528
924.6 595.7 11.7271 -2.375 -5.45631
418.6 285.2 12.9666 -4.01816 -4.18281
923.45 671.6 11.9432 -2.03728 -5.75848
939.55 538.2 11.5968 -2.58915 -5.43794
814.2 614.1 14.2775 -2.14397 -9.5198
584.2 556.6 15.9495 -3.00837 -8.93725
439.3 416.3 13.0978 -3.51873 -4.29963
372.6 660.1 13.0919 -2.63606 -3.69622
387.55 681.95 13.0799 -2.54726 -3.73302
923.45 324.3 11.399 -3.43474 -5.34683
910.8 288.65 11.5198 -3.64741 -5.65877
861.35 634.8 12.726 -2.13871 -6.92066
867.1 294.4 12.0816 -3.87885 -6.6147
861.35 307.05 12.2265 -3.86619 -6.86426
415.15 336.95 12.6246 -3.68466 -3.72635
865.95 364.55 12.1985 -3.52588 -6.63993
971.75 608.35 11.3071 -2.34672 -4.78099
900.45 428.95 11.7701 -3.09075 -5.78264
847.55 341.55 12.6153 -3.8144 -7.49123
370.3 317.4 12.8485 -3.82825 -3.75967
381.8 354.2 12.9542 -3.72388 -3.89127
809.6 519.8 14.0556 -2.86743 -9.38747
934.95 236.9 11.1743 -3.70833 -5.09175
535.9 623.3 15.5666 -2.57435 -7.67159
309.35 327.75 12.5287 -3.65535 -3.1625
322 340.4 12.4578 -3.597 -3.12811
422.05 561.2 13.4145 -2.97336 -4.3721
472.65 617.55 13.9027 -2.70547 -5.14705
351.9 271.4 12.7167 -3.93854 -3.57753
308.2 380.65 12.5411 -3.49044 -3.13106
185.15 554.3 11.9682 -2.95192 -2.1796
893.55 557.75 12.0752 -2.54586 -6.08016
836.05 427.8 12.537 -3.26834 -6.84737
859.05 427.8 12.3223 -3.21833 -6.64489
253 552 12.1151 -2.9555 -2.46966
960.25 416.3 11.2967 -3.02378 -5.16144
990 113 10.8363 -4.03934 -4.98516
877 23 11.6785 -5.27832 -6.75092
810 61 12.0037 -5.1493 -6.51645
944 226 11.1168 -3.71318 -5.02949
611 668 15.9233 -2.05752 -8.92014
181 465 12.0404 -3.1542 -2.26007
412 176 13.3734 -4.73593 -4.74672
471 201 14.239 -5.15767 -6.25981
386 199 13.2928 -4.55097 -4.44948
623 232 15.1616 -5.64919 -9.43467
833 450 12.4978 -3.13976 -6.63834
419 285 12.8849 -3.9833 -4.08841
856 315 12.3597 -3.87436 -7.09796
472 618 13.7882 -2.70376 -5.01603
440 416 13.2111 -3.54434 -4.4339
310 328 12.461 -3.63541 -3.08886
389 682 13.1348 -2.54388 -3.79082
911 418 11.7035 -3.11558 -5.76073
536 624 15.5666 -2.57435 -7.67159
866 365 12.2227 -3.53147 -6.70343
670 305 15.0036 -4.9598 -9.66703
442 491 13.1325 -3.21856 -4.26386
833 352 12.9168 -3.84287 -7.96778
267 423 12.2587 -3.2967 -2.69861
