1104 343 0.597192 0.318015 4.15048
1171.5 282.7 0.673908 0.458331 5.58507
1112.1 284.9 0.835321 0.454096 5.60051
1054.9 353.1 0.752601 0.299219 3.95022
1096.7 303.6 0.795674 0.393584 5.1629
1170.4 117.7 1.0286 0.596212 7.09618
1035.1 666.6 1.25274 1.44296 6.72678
1173.7 521.4 1.3069 1.26679 8.03079
1102.2 379.5 0.354156 0.210355 2.77331
1111.99 284.35 0.837002 0.456485 5.60711
1056.33 352.11 0.752601 0.299219 3.95022
1097.47 302.5 0.795674 0.393584 5.1629
1103.52 378.73 0.360801 0.218416 2.81678
1112.72 284.834 0.837002 0.456485 5.60711
1102.07 343.398 0.597192 0.318015 4.15048
1055.48 352.715 0.752601 0.299219 3.95022
1032.86 380.666 0.672954 0.151932 2.5044
1189.91 191.664 0.884559 0.553952 6.63288
1231.18 142.417 0.896619 0.578914 6.92701
1188.85 191.797 0.884559 0.553952 6.63288
1169.82 282.571 0.673908 0.458331 5.58507
1055.62 352.848 0.752732 0.302366 3.97234
1202.03 614.922 1.30566 1.32272 8.06939
1231.31 142.018 0.896619 0.578914 6.92701
1190.17 191.651 0.884559 0.553952 6.63288
1232.04 141.725 0.896619 0.578914 6.92701
1056.49 351.091 0.752732 0.302366 3.97234
1098.37 301.165 0.822461 0.432684 5.32729
1101.59 343.039 0.60265 0.315571 4.14877
1169.23 283.45 0.673908 0.458331 5.58507
1112.86 285.06 0.831663 0.45057 5.58634
1033.95 380.08 0.72245 0.225505 2.94531
1148.29 486.374 1.30446 1.23837 7.95935
1101.91 341.911 0.611143 0.316604 4.15914
1169.23 283.45 0.669586 0.450835 5.55081
1100.14 301.165 0.822461 0.432684 5.32729
1213.52 674.965 1.31096 1.35627 8.09339
1202.89 614.732 1.30548 1.32297 8.06877
1190.49 191.329 0.884559 0.553952 6.63288
1057.62 350.769 0.756493 0.308281 4.00695
1237.44 485.231 1.31678 1.25986 8.20077
1202.36 613.846 1.30566 1.32272 8.06939
1190.67 190.974 0.884559 0.553952 6.63288
1058.15 350.769 0.745198 0.288195 3.93144
1099.08 300.102 0.826037 0.439416 5.38858
1157.54 572.338 1.30643 1.30023 7.97753
1033.21 379.415 0.723485 0.23189 2.993
1202.55 613.066 1.30839 1.32203 8.08224
1189.69 190.779 0.884559 0.553952 6.63288
1099.66 342.974 0.589585 0.287306 4.01051
1035.14 379.63 0.727186 0.232873 3.01547
1202.55 613.066 1.30794 1.32191 8.07971
1193.12 188.636 0.884559 0.553952 6.63288
1174.26 115.539 1.02055 0.58651 7.07414
1058.72 351.334 0.754722 0.309776 4.04794
1167.18 282.954 0.687106 0.463213 5.60387
1101.16 299.459 0.813137 0.41954 5.31529
271.164 195.71 1.74173 1.1358 8.36448
172.13 122.613 1.75292 1.12354 8.41678
488.095 202.784 1.64856 1.13754 8.33911
535.254 75.4543 1.62613 1.07913 8.33942
68.3805 648.436 1.75826 1.32838 8.43444
855.935 221.647 1.51187 0.805161 7.32253
914.884 247.585 1.40123 0.511881 6.25842
884.231 290.028 1.47847 0.71402 6.6146
657.867 231.079 1.67572 0.988721 7.85978
646.078 77.8123 1.67224 0.866923 7.92397
978.548 245.227 1.249 0.491349 6.18657
957.327 80.1702 1.35974 0.605205 7.31676
660.225 624.856 1.69675 1.34106 7.75857
716.816 634.288 1.67654 1.35601 7.56339
808.776 462.158 1.60621 1.11221 7.10421
853.577 466.874 1.56785 1.02721 6.21175
219.289 89.602 1.75559 1.09388 8.38594
228.721 106.108 1.75529 1.09837 8.37811
716.816 518.749 1.64881 1.24387 7.72911
233.437 143.835 1.75422 1.11596 8.37427
634.288 523.464 1.66973 1.25878 7.97767
636.646 459.8 1.66859 1.20964 7.96534
636.646 499.885 1.65933 1.24572 8.01309
162.698 75.4543 1.74904 1.11073 8.4295
523.464 200.426 1.62993 1.13996 8.34118
535.254 221.647 1.63385 1.14061 8.31021
530.538 254.658 1.62604 1.16448 8.34203
728.606 582.413 1.67149 1.30055 7.50394
502.243 304.175 1.64388 1.18341 8.32765
639.004 381.988 1.68244 1.13309 7.9037
639.004 417.357 1.65541 1.18576 8.02156
242.869 374.914 1.74393 1.21913 8.36948
497.527 127.329 1.65131 1.09417 8.31831
509.317 370.198 1.67143 1.19373 8.24078
492.811 594.203 1.70823 1.31045 8.16096
422.073 292.386 1.73348 1.14186 8.22392
488.095 176.846 1.65061 1.12452 8.3338
452.726 398.493 1.72875 1.19747 8.18425
931.389 367.84 1.26926 0.249965 3.51566
419.715 655.51 1.74498 1.34304 8.17878
629.572 648.436 1.69661 1.35616 7.88073
242.869 443.294 1.76289 1.24274 8.33585
249.942 483.379 1.74967 1.26312 8.3506
129.687 412.641 1.74728 1.24445 8.42988
506.959 650.794 1.7199 1.34477 8.11139
235.795 228.721 1.75459 1.15321 8.36758
672.015 528.18 1.64652 1.26258 7.95956
235.795 229.364 1.75357 1.15269 8.36859
272.236 197.21 1.74564 1.13278 8.35613
274.379 482.308 1.74489 1.261 8.33856
913.169 248.656 1.40279 0.521037 6.29683
782.41 293.672 1.63426 0.860109 7.18086
904.595 169.344 1.42643 0.555606 6.87223
979.62 244.369 1.24895 0.501859 6.22423
660.225 625.928 1.6967 1.34088 7.76152
718.102 634.502 1.67685 1.35683 7.56232
812.42 465.159 1.60018 1.10866 7.02616
825.282 503.743 1.6042 1.14995 6.73257
842.43 499.456 1.59702 1.10532 6.242
349.405 433.005 1.68178 1.24724 8.38701
636.646 460.872 1.66859 1.20964 7.96534
488.738 203.641 1.65332 1.133 8.32205
523.036 265.805 1.63579 1.16412 8.32124
531.61 255.087 1.63133 1.16006 8.3253
186.492 139.333 1.74665 1.13025 8.41455
227.22 154.338 1.7552 1.12021 8.37527
229.364 107.179 1.7507 1.10223 8.38602
640.933 418 1.64997 1.19001 8.0476
728.82 583.056 1.67149 1.30055 7.50394
632.359 300.102 1.67189 1.08265 7.98034
162.913 77.1692 1.74816 1.11086 8.43118
668.8 347.261 1.6279 1.13835 8.04124
632.359 523.036 1.66887 1.25848 7.98402
570.195 602.349 1.69405 1.31558 8.06581
636.646 570.195 1.68886 1.29087 7.8802
501.6 306.533 1.64386 1.1842 8.32925
486.595 177.918 1.6499 1.12497 8.33556
426.574 340.831 1.75356 1.15566 8.16542
248.656 482.308 1.74968 1.26263 8.35034
962.471 366.554 1.11493 0.204386 3.24852
433.005 47.159 1.67699 1.05575 8.33599
463.015 72.882 1.66486 1.06944 8.33116
128.615 413.713 1.74296 1.2459 8.43646
670.943 529.466 1.64944 1.26527 7.94572
640.933 589.487 1.6946 1.31049 7.84502
493.025 593.774 1.71334 1.30991 8.14637
510.174 450.154 1.67659 1.2323 8.2198
435.149 630.215 1.73823 1.33022 8.17381
726.677 216.502 1.66872 0.838166 7.47969
765.261 205.785 1.63812 0.783118 7.35949
570.195 623.784 1.69495 1.33029 8.05829
463.015 600.205 1.74553 1.31344 8.11758
171.487 122.185 1.75358 1.12269 8.4157
956.82 79.8974 1.35974 0.605205 7.31676
855.487 222.154 1.51072 0.813941 7.34687
913.948 247.487 1.40142 0.519662 6.29474
648.923 77.9487 1.67263 0.864973 7.91989
787.282 37.0256 1.54309 0.859717 7.9538
980.205 243.59 1.24895 0.501859 6.22423
717.128 635.282 1.67503 1.3573 7.56874
826.256 502.769 1.6042 1.14995 6.73257
843.795 498.872 1.58253 1.12599 6.49029
405.333 440.41 1.74221 1.22652 8.21589
641.128 418.974 1.66157 1.18186 7.99404
229.949 107.179 1.75425 1.09915 8.3795
233.846 144.205 1.75352 1.11641 8.37562
806.769 424.82 1.59822 1.06969 7.19087
532 255.282 1.63133 1.16006 8.3253
389.743 530.051 1.75135 1.27607 8.21154
487.179 177.333 1.65144 1.12365 8.33036
526.154 175.385 1.63324 1.12326 8.32791
728.82 582.667 1.67149 1.30055 7.50394
422.872 292.308 1.7411 1.13675 8.2057
450.154 348.82 1.73283 1.16716 8.18233
118.872 37.0256 1.75187 1.1047 8.45152
161.744 76 1.74918 1.11013 8.42968
481.333 79.8974 1.65049 1.08099 8.34424
399.487 619.692 1.7614 1.32452 8.1708
635.282 380 1.65882 1.15743 8.01921
243.59 444.308 1.76007 1.24328 8.3395
802.872 294.256 1.63546 0.74351 6.72967
570.974 621.641 1.69257 1.33008 8.06742
454.051 399.487 1.72726 1.19887 8.19083
107.179 543.692 1.76046 1.29133 8.41831
931.487 368.308 1.26926 0.249965 3.51566
670.359 528.102 1.6448 1.26353 7.97192
765.846 204.615 1.63671 0.779801 7.34813
280.615 70.1538 1.76003 1.05806 8.33395
181.231 161.744 1.74784 1.1402 8.41354
113.026 637.231 1.7519 1.32477 8.42184
235.795 228 1.75738 1.15081 8.36123
783.384 292.308 1.62957 0.864089 7.19463
658.666 233.846 1.66488 1.00316 7.9037
956.643 79.7203 1.36226 0.621159 7.35402
620.046 77.9487 1.66275 0.929557 8.04519
605.874 162.984 1.66298 1.01577 8.08421
860.979 194.872 1.50328 0.756147 7.29402
818.461 405.688 1.60181 0.98981 6.87614
230.303 106.294 1.75583 1.09817 8.3756
807.832 460.606 1.60921 1.11311 7.0866
405.688 439.347 1.73574 1.22854 8.23111
524.382 267.506 1.63254 1.16772 8.33061
533.24 255.105 1.63081 1.16019 8.32259
749.37 457.063 1.64465 1.15483 7.52568
487.179 177.156 1.64898 1.1257 8.33921
423.403 292.308 1.74731 1.13256 8.19084
614.732 455.291 1.66463 1.21699 8.0589
669.65 348.998 1.63759 1.12939 7.9934
678.508 350.769 1.63477 1.12565 7.97689
434.032 47.8321 1.68198 1.0507 8.32432
129.324 412.774 1.74512 1.2458 8.43349
634.219 379.114 1.65882 1.15743 8.01921
889.324 396.83 1.48267 0.521863 4.31192
931.841 368.485 1.26926 0.249965 3.51566
506.666 650.163 1.70732 1.34506 8.14459
244.475 444.662 1.76007 1.24328 8.3395
839.72 292.308 1.55952 0.720115 6.65565
728.112 216.13 1.64466 0.898587 7.6414
453.52 400.373 1.73041 1.19796 8.1798
281.678 70.8624 1.75134 1.06615 8.3476
628.904 648.391 1.69482 1.35576 7.8913
632.447 680.279 1.69786 1.38207 7.87257
262.191 111.608 1.75279 1.09206 8.3574
186.014 235.618 1.74943 1.16874 8.40541
113.38 637.762 1.75353 1.32458 8.42124
159.441 683.823 1.74635 1.34275 8.40153
125.781 503.123 1.75597 1.27653 8.41672
660.792 625.361 1.70032 1.34303 7.73854
788.345 308.252 1.63447 0.8695 7.09577
653.706 33.6597 1.65739 0.842952 7.95612
843.263 673.193 1.57212 1.44908 6.87562
988.531 201.958 1.25889 0.533792 6.60542
979.673 244.475 1.24542 0.493656 6.19809
950.201 286.671 1.29298 0.459686 5.70315
805.255 426.785 1.5963 1.08042 7.24908
404.238 441.28 1.74413 1.2254 8.21139
487.985 206.145 1.65833 1.12937 8.30979
533.079 254.461 1.63014 1.16072 8.32481
640.983 288.281 1.66039 1.08003 7.99338
639.372 463.827 1.65246 1.22039 8.02878
418.733 343.039 1.73939 1.1681 8.20956
487.985 177.156 1.6502 1.12459 8.33554
544.352 557.237 1.73973 1.28378 7.97884
130.451 413.901 1.74687 1.24549 8.43078
502.479 305.997 1.6429 1.18456 8.33011
634.541 380.08 1.66559 1.15207 7.98984
91.7991 562.068 1.75954 1.29813 8.42755
433.227 254.461 1.75292 1.10002 8.16638
185.209 236.745 1.75201 1.16703 8.40174
727.951 215.808 1.64453 0.898125 7.63715
784.318 260.903 1.62888 0.797709 7.14584
930.875 368.807 1.26926 0.249965 3.51566
678.025 605.552 1.68783 1.32288 7.72403
241.577 373.638 1.75363 1.21465 8.35349
281.839 70.8624 1.76173 1.05624 8.32977
120.788 660.309 1.75052 1.33282 8.41849
784.318 294.723 1.62354 0.877171 7.23387
631.32 146.556 1.64608 1.00123 8.0827
605.552 162.662 1.66513 1.01202 8.07469
661.92 626.488 1.69467 1.34309 7.76508
661.92 686.077 1.67024 1.38561 7.88379
67.6414 650.646 1.75442 1.32792 8.44005
30.5997 655.478 1.75661 1.32876 8.45368
660.309 227.082 1.66624 1.00137 7.89881
273.787 484.764 1.76066 1.25853 8.31087
950.201 220.64 1.32799 0.525429 6.48286
980.801 243.187 1.24542 0.493656 6.19809
880.949 299.555 1.48495 0.733865 6.63483
727.951 30.5997 1.59398 0.848238 7.95453
787.539 37.0417 1.5441 0.861862 7.95596
956.643 80.5255 1.36083 0.630423 7.3655
913.159 248.019 1.40123 0.511881 6.25842
186.819 138.504 1.74698 1.13099 8.4154
950.201 327.958 1.23779 0.316033 4.59203
963.378 392.379 1.04843 0.182276 2.4096
827.217 503.65 1.61805 1.1377 6.54223
929.704 368.953 1.26926 0.249965 3.51566
950.201 221.079 1.32725 0.513354 6.43939
978.019 267.93 1.2311 0.475653 5.93356
651.525 35.1384 1.66168 0.839654 7.94238
874.068 335.279 1.50602 0.638054 5.91796
912.134 247.433 1.40335 0.519271 6.2946
860.891 194.725 1.50277 0.763339 7.31935
374.81 459.727 1.74401 1.24011 8.2477
433.374 379.202 1.73998 1.18675 8.18962
404.092 440.694 1.74453 1.22537 8.21213
635.419 503.65 1.66204 1.24542 8.00091
433.374 654.453 1.73632 1.34243 8.18125
461.192 532.932 1.74992 1.27191 8.11386
342.599 585.64 1.68152 1.30648 8.38545
631.027 682.271 1.69284 1.3808 7.89487
556.358 617.85 1.70425 1.32671 8.05863
273.787 484.617 1.7521 1.26055 8.32607
114.2 638.348 1.75572 1.32507 8.41614
159.587 613.458 1.74544 1.31669 8.40697
121.52 660.309 1.75347 1.33302 8.41385
92.2383 562.214 1.75676 1.29835 8.43165
606.137 162.515 1.65722 1.02413 8.11027
420.197 344.064 1.74072 1.16693 8.2058
502.186 305.997 1.64551 1.18256 8.32189
524.148 352.848 1.651 1.19591 8.27864
118.592 146.41 1.7691 1.13645 8.42671
171.3 120.056 1.75156 1.12359 8.4187
265.002 158.123 1.75377 1.11187 8.34966
199.118 168.372 1.74545 1.14027 8.40678
273.787 199.118 1.74557 1.133 8.35345
235.72 228.4 1.75737 1.15075 8.36155
185.941 139.09 1.74548 1.1317 8.41777
122.984 341.135 1.75511 1.21675 8.42757
282.571 70.2768 1.76173 1.05624 8.32977
508.043 76.1332 1.641 1.0756 8.33249
506.579 95.1665 1.64102 1.086 8.33555
814.04 467.048 1.61128 1.09581 6.89051
487.545 206.438 1.65401 1.13433 8.32006
991.595 388.652 0.881749 0.137604 2.18652
827.882 504.449 1.61805 1.1377 6.54223
930.369 368.687 1.27729 0.261627 3.58342
717.409 634.887 1.68068 1.35753 7.54233
728.057 584.309 1.66444 1.30498 7.56385
950.334 220.946 1.32903 0.52669 6.47925
982.278 243.573 1.24334 0.495433 6.20068
766.656 29.282 1.56087 0.852651 7.95473
652.19 35.937 1.65805 0.846897 7.95863
783.959 295.482 1.62959 0.863698 7.17305
785.29 259.545 1.6281 0.798296 7.14629
713.416 275.517 1.6537 0.981403 7.68642
863.819 335.412 1.53775 0.641608 5.92815
913.066 247.566 1.40142 0.519662 6.29474
811.91 218.284 1.57167 0.801243 7.3411
842.523 215.622 1.53003 0.789552 7.30369
461.857 501.787 1.74779 1.25253 8.12117
461.857 532.4 1.74471 1.27299 8.12888
452.54 597.619 1.70986 1.31315 8.21935
629.563 682.803 1.69196 1.38132 7.89973
274.186 440.561 1.75778 1.23929 8.31817
121.121 660.176 1.75492 1.33306 8.41161
159.72 613.591 1.74713 1.31707 8.40489
605.605 162.382 1.65765 1.02356 8.10687
487.146 177.023 1.65004 1.12479 8.3347
620.246 78.529 1.66512 0.925634 8.03626
421.927 343.398 1.74114 1.1674 8.20536
501.787 306.13 1.64546 1.1819 8.32076
515.097 75.867 1.63754 1.076 8.33348
507.111 94.501 1.64104 1.08567 8.3347
483.153 78.529 1.65126 1.07857 8.3402
821.227 411.279 1.58849 1.01908 7.02245
822.558 429.913 1.60578 1.01216 6.72713
529.738 252.89 1.63457 1.15673 8.3158
171.699 119.79 1.75384 1.12204 8.41554
674.817 376.673 1.63996 1.14658 7.96227
525.745 204.974 1.62618 1.14494 8.3478
403.293 399.3 1.73976 1.20435 8.22682
990.99 389.62 0.853094 0.0845348 1.87529
929.28 366.63 1.27709 0.255461 3.56558
856.68 658.24 1.56121 1.43309 6.76299
951.06 326.7 1.25487 0.397548 4.93764
981.31 243.21 1.24334 0.495433 6.20068
671.55 150.04 1.65784 0.919541 7.87727
707.85 160.93 1.6828 0.783755 7.53512
652.19 36.3 1.66223 0.837947 7.93841
784.08 295.24 1.62959 0.863698 7.17305
693.33 310.97 1.61219 1.10939 8.02662
909.92 208.12 1.42007 0.543607 6.64023
913.55 248.05 1.40335 0.519271 6.2946
861.52 194.81 1.50246 0.756108 7.29435
462.22 500.94 1.73901 1.25487 8.1435
433.18 653.4 1.73619 1.3419 8.18018
342.43 585.64 1.68152 1.30648 8.38545
629.2 682.44 1.68771 1.38025 7.91962
274.67 484 1.74988 1.26157 8.33022
122.21 660.66 1.75219 1.33288 8.41554
67.76 648.56 1.75672 1.32738 8.43687
159.72 613.47 1.748 1.31714 8.40344
194.81 536.03 1.75263 1.28631 8.3793
605 162.14 1.65765 1.02356 8.10687
620.73 78.65 1.6658 0.92408 8.0331
419.87 343.64 1.74114 1.1674 8.20536
222.64 79.86 1.75722 1.08716 8.38179
185.13 238.37 1.74875 1.16891 8.40701
515.46 76.23 1.63801 1.07558 8.3324
506.99 95.59 1.64104 1.08567 8.3347
170.61 119.79 1.75159 1.12365 8.41869
655.6 643.5 1.69506 1.3548 7.79863
663.3 686.4 1.66457 1.38411 7.90755
955.9 80.3 1.36397 0.614493 7.33909
982.3 243.1 1.24334 0.495433 6.20068
672.1 150.7 1.65046 0.93484 7.91703
708.4 160.6 1.6841 0.782906 7.53573
875.6 334.4 1.50125 0.664737 6.03715
831.6 330 1.5914 0.760198 6.50741
913 247.5 1.40335 0.519271 6.2946
862.4 194.7 1.50246 0.756108 7.29435
462 532.4 1.74836 1.27258 8.1177
629.2 683.1 1.69074 1.38072 7.90723
130.9 414.7 1.74687 1.24549 8.43078
273.9 486.2 1.75171 1.2614 8.32674
122.1 661.1 1.75294 1.3329 8.41438
67.1 649 1.75134 1.32764 8.44421
606.1 161.7 1.65765 1.02356 8.10687
620.4 78.1 1.66691 0.921999 8.02873
474.1 242 1.65857 1.15211 8.32611
201.3 41.8 1.75644 1.07796 8.39982
509.3 75.9 1.63978 1.07705 8.33581
506 95.7 1.64042 1.08613 8.33581
486.2 207.9 1.65242 1.13644 8.32638
271.7 145.2 1.75347 1.10317 8.34556
522.5 165 1.63563 1.11743 8.32695
982 243 1.24334 0.495433 6.20068
708 160 1.68509 0.779946 7.52415
784 37 1.54625 0.868283 7.96956
886 279 1.47367 0.69124 6.63315
831 329 1.5934 0.753016 6.47319
862 195 1.50246 0.756108 7.29435
629 683 1.6872 1.38016 7.92179
241 373 1.75104 1.21575 8.35861
487 208 1.6528 1.13631 8.3256
188 56 1.75978 1.08528 8.40158
