224 521 39.6657 4.14802 19.6763
261 479 39.8249 3.96715 19.6752
281 516 39.916 4.11832 19.6841
1243 491 43.4074 3.8456 19.3814
234 556 39.724 4.29062 19.6745
1045 56 43.0438 2.06067 20.2668
1158 372 48.771 2.64907 34.1795
1084 695 42.5603 4.17774 18.1605
1005 692 42.4951 4.28478 18.5329
139 382 39.4354 3.58388 19.424
205 351 39.5279 3.4401 19.6859
491 227 34.4507 -0.843741 37.5407
443 306 13.4805 -4.47763 86.1453
383 83 39.0916 1.38273 22.0645
815 146 42.1234 1.69723 22.7107
1185 277 45.8197 2.18989 25.732
1061 89 43.1472 2.14431 20.4021
866.4 645.6 42.2494 4.4335 19.5077
1050 129.6 43.0606 2.38484 20.2325
1111.2 140.4 43.3708 2.38076 20.4605
309.6 572.4 39.8933 4.38423 19.9508
922.8 672 42.3777 4.39106 19.0381
1104 282 44.9648 2.26877 25.4915
138 426 39.4835 3.75609 19.371
240 612 39.7549 4.50869 19.6787
1130.4 626.4 42.6653 4.05079 18.2361
1212 114 44.3744 1.8146 21.797
1222.8 362.4 49.7679 2.44929 34.018
238.8 541.2 39.726 4.223 19.678
248.4 687.6 40.3233 4.5337 18.8632
1256.4 644.4 42.7375 3.99482 17.877
238.8 409.2 39.7029 3.68628 19.6813
229.2 421.2 39.6795 3.73231 19.6611
355.2 414 40.1138 3.69191 19.8814
673.2 357.6 37.8086 1.71206 48.3288
949.2 596.4 42.4283 4.13609 18.9023
928.8 597.6 42.356 4.11824 18.7913
294 444 39.9548 3.81974 19.6793
138 381.6 39.4337 3.58551 19.4241
140.4 350.4 39.3954 3.45811 19.4705
858 91.2 42.3257 1.83705 21.2359
818.4 147.6 42.1341 1.71855 22.7161
1184.4 277.2 45.8708 2.16929 25.8712
878.4 684 42.2816 4.51847 19.3369
933.6 638.4 42.3958 4.27041 18.9521
822 415.2 42.2153 3.63755 22.9371
1238.4 469.2 43.4194 3.76927 19.4339
738.72 329.76 40.8445 1.7815 36.8113
845.28 421.92 42.3799 3.67746 22.8387
1105.92 109.44 43.3535 2.23022 20.4464
1136.16 596.16 42.6718 3.99088 18.2098
256.32 469.44 39.8003 3.92742 19.6855
770.4 79.2 41.8322 1.65086 21.5283
1180.8 174.24 43.5803 2.58609 20.2492
224.64 578.88 39.6836 4.38128 19.6826
249.12 462.24 39.7528 3.90169 19.6848
360 564.48 40.0357 4.38967 20.1468
871.2 686.88 42.2678 4.55703 19.4493
256.32 411.84 39.7461 3.68998 19.7276
241.92 508.32 39.7489 4.09306 19.6805
243.36 493.92 39.7419 4.02755 19.6687
267.84 610.56 39.8765 4.49748 19.6724
283.68 578.88 39.9178 4.38021 19.721
924.48 446.4 42.8808 3.83405 22.6205
1123.2 286.56 44.7419 2.48897 24.256
243.36 437.76 39.7389 3.80598 19.6665
879.84 597.6 42.2912 4.26391 19.4714
321.12 480.96 40.4795 3.90103 18.9513
329.76 465.12 39.9621 3.92122 19.9457
390.24 492.48 39.8326 4.13001 20.8493
927.36 597.6 42.3885 4.17424 19.0616
154.08 377.28 39.4741 3.56015 19.4601
293.76 443.52 39.9568 3.8152 19.6782
128.16 336.96 39.3065 3.40323 19.518
201.6 400.32 39.7145 3.6467 19.4224
293.76 380.16 39.4949 3.53445 20.405
221.76 364.32 39.5873 3.49777 19.6995
184.32 351.36 39.4823 3.45158 19.6203
381.6 82.08 39.415 1.63082 21.4067
290.88 521.28 39.9366 4.14432 19.7219
760.32 218.88 41.6763 1.81037 24.5929
856.8 90.72 42.3031 1.82701 21.2408
815.04 145.44 42.1235 1.69871 22.7108
751.68 175.68 41.6243 1.67846 23.5891
1153.44 237.6 45.1408 1.97609 24.7482
1236.96 312.48 46.856 2.36931 27.0443
1182.24 277.92 45.9209 2.11509 26.1152
957.6 315.36 43.0439 2.96049 22.233
1185.12 126.72 43.6592 2.33401 20.383
1059.84 89.28 43.1227 2.17385 20.3138
1082.88 116.64 43.1283 2.40095 20.0079
923.04 672.48 42.3769 4.39139 19.0416
872.64 659.52 42.2843 4.51794 19.6661
669.6 630.72 41.3773 4.82494 21.1116
820.8 414.72 42.1724 3.62951 21.5916
982.08 681.12 42.4489 4.28004 18.5876
1224 362.88 48.4564 2.64436 30.8379
637.92 275.04 37.9801 0.108247 39.3516
1090.37 432 43.3277 3.67871 20.6136
243.648 438.912 39.7399 3.80495 19.6666
229.824 409.536 39.7273 3.68867 19.5807
940.032 343.872 42.9323 3.16708 22.1093
1026.43 456.192 42.8002 3.76479 19.5579
1102.46 281.664 44.9975 2.24893 25.6068
202.176 305.856 27.2963 1.35188 36.6253
243.648 565.056 39.7567 4.32252 19.6839
229.824 532.224 39.6975 4.18679 19.6689
307.584 485.568 39.9675 3.98517 19.7746
345.6 428.544 40.31 3.75113 19.4242
903.744 425.088 42.6896 3.69429 22.0659
888.192 414.72 42.6246 3.61749 22.4045
1062.72 672.192 42.5577 4.16913 18.3152
1086.91 466.56 43.2538 3.82946 20.4047
297.216 468.288 39.968 3.92003 19.6894
316.224 459.648 39.9604 3.88942 19.8629
295.488 435.456 39.9558 3.78686 19.6873
330.048 414.72 39.9249 3.70501 20.0108
366.336 297.216 19.2504 -2.16159 61.3357
1059.26 670.464 42.5654 4.17262 18.3388
395.712 407.808 39.7428 3.67058 21.0588
927.936 597.888 42.3659 4.13323 18.878
153.792 330.048 39.9868 3.43529 18.7728
283.392 578.88 39.9133 4.37908 19.7203
200.448 409.536 39.7331 3.68477 19.3829
292.032 520.128 39.9359 4.13532 19.7116
758.592 219.456 41.6855 1.93717 24.0144
770.688 79.488 41.8248 1.62059 21.6209
1126.66 276.48 44.1629 2.645 22.5108
1181.95 278.208 45.9377 2.11746 26.1646
1140.48 79.488 43.5767 2.00463 20.6936
1111.1 141.696 43.3709 2.37989 20.4301
1060.99 88.128 43.1214 2.19448 20.262
1029.89 177.984 43.0172 2.55403 20.3879
1083.46 117.504 43.1696 2.34878 20.1789
796.608 540.864 42.0346 4.6591 23.6497
910.656 554.688 42.3615 4.08337 19.2412
933.12 639.36 42.4021 4.28105 19.0016
853.632 430.272 42.4057 3.72948 22.3931
867.456 518.4 42.4947 4.28496 22.2579
851.904 456.192 42.3806 3.89256 22.1424
905.472 452.736 42.7177 3.85322 22.1428
1138.75 606.528 42.6737 4.00091 18.1959
1135.3 596.16 42.6732 3.98528 18.2145
1130.11 627.264 42.6763 4.05519 18.2555
981.504 682.56 42.4479 4.28247 18.5987
1171.58 421.632 45.4103 3.61086 25.0532
138.931 387.763 39.4757 3.61102 19.3792
242.611 564.019 39.7482 4.31876 19.6848
236.39 553.651 39.7247 4.27526 19.6748
296.525 466.56 40.4887 3.84565 18.7988
1123.89 286.157 45.0124 2.37736 25.0436
926.899 427.162 42.8344 3.68714 22.0152
912.384 425.088 42.788 3.70221 22.5013
926.899 416.794 42.8319 3.638 22.0956
391.91 427.162 39.7994 3.75765 20.9883
248.832 516.326 39.7756 4.12683 19.6729
294.451 437.53 39.9551 3.79048 19.6866
342.144 460.339 40.2177 3.87898 19.5811
176.256 393.984 39.6062 3.62608 19.4158
153.446 377.395 39.4741 3.56738 19.4523
194.918 400.205 39.6974 3.65335 19.3977
298.598 435.456 39.956 3.78468 19.6872
470.707 375.322 40.2514 3.4738 20.862
155.52 329.702 39.959 3.42976 18.8096
636.595 302.746 38.6767 1.34169 35.3623
385.69 211.507 37.5808 1.52433 25.4461
288.23 559.872 39.9319 4.30445 19.7396
236.39 609.638 39.733 4.50757 19.6825
279.936 605.491 39.9094 4.48678 19.7059
201.139 408.499 39.7307 3.68803 19.3924
255.053 468.634 39.7875 3.92817 19.6752
292.378 518.4 40.0707 4.09457 19.4904
327.629 464.486 39.9684 3.91883 19.9294
379.469 485.222 39.8043 4.09355 20.8146
756.864 219.802 41.6617 1.8566 24.4124
854.323 91.2384 42.3117 1.76925 21.4458
812.851 145.152 42.1054 1.68802 22.7262
767.232 80.8704 41.8297 1.63109 21.5839
750.643 174.182 41.6175 1.67812 23.5644
1125.96 275.789 44.4533 2.50273 23.4331
1155 236.39 44.9828 2.06458 24.2521
1179.88 277.862 45.4833 2.29106 24.9697
1177.8 234.317 45.1431 2.03403 24.2511
1217.2 317.261 47.2048 2.28667 28.2944
1138.41 78.7968 43.4436 2.13726 20.3071
1105.23 107.827 43.3465 2.24185 20.4178
1125.96 55.9872 43.4728 1.94827 20.5793
1059.61 89.1648 43.1384 2.15849 20.388
1045.09 62.208 43.1214 1.95592 20.5451
852.25 429.235 42.4107 3.72603 22.5277
866.765 516.326 42.4966 4.2849 22.2581
922.752 445.824 42.3404 3.72645 18.7915
705.024 449.971 36.9984 5.94662 69.727
1138.41 586.829 42.6766 3.96768 18.2059
1094.86 665.626 42.6203 4.15226 18.3145
1140.48 605.491 42.6837 4.0077 18.2285
1130.11 626.227 42.678 4.05965 18.2654
953.856 657.331 42.4115 4.26695 18.7515
1155 371.174 48.3155 2.67815 33.0586
1231.72 655.258 42.7268 4.02942 17.9378
379.469 80.8704 39.083 1.38886 22.0371
890.819 423.014 42.6344 3.69722 22.2419
888.33 413.061 42.6997 3.61739 23.2
977.91 465.316 42.6948 3.79408 19.8793
977.91 452.874 42.6993 3.74842 19.8731
176.671 393.155 39.6111 3.6161 19.4178
179.159 373.248 39.5492 3.54527 19.4968
209.019 390.666 40.1156 3.62493 18.8834
241.367 495.176 39.7348 4.03423 19.6806
330.947 415.549 39.9049 3.69546 20.0439
176.671 350.853 40.0905 3.49649 18.7394
286.157 380.713 40.1231 3.56814 19.317
266.25 358.318 39.997 3.48647 19.3748
328.458 398.131 39.9118 3.63873 20.0291
330.947 375.736 39.4672 3.52809 20.8319
146.811 350.853 39.4188 3.45873 19.4771
233.902 380.713 39.6756 3.55647 19.6449
243.855 363.295 39.5769 3.48299 19.8761
241.367 562.36 39.7492 4.31325 19.6829
226.437 577.29 39.685 4.37247 19.6827
286.157 559.872 39.9341 4.29801 19.7027
236.39 609.638 39.7248 4.49787 19.6991
221.461 602.174 39.6587 4.46145 19.6823
201.554 408.085 39.7312 3.6718 19.4002
296.11 437.944 39.9613 3.79835 19.6856
293.622 517.571 39.9305 4.12163 19.7354
328.458 465.316 39.9668 3.92624 19.9293
696.73 231.414 40.9101 1.70153 25.8977
853.494 92.0679 42.3436 1.64035 21.8216
766.403 82.1146 41.8334 1.65627 21.5147
771.379 79.6263 41.8189 1.65917 21.5068
744.008 134.369 41.5967 1.56848 22.8753
1137.16 79.6263 43.5064 2.05901 20.5563
1109.79 141.834 43.3605 2.37985 20.429
1060.02 87.0912 43.1165 2.18784 20.2699
1045.09 62.208 43.0028 2.13282 20.0971
1030.16 176.671 43.0228 2.554 20.4014
933.12 639.498 42.4147 4.30319 19.1413
851.006 427.991 42.4051 3.72813 22.5479
848.517 452.874 42.3994 3.90498 22.6072
823.634 472.781 42.2281 4.04595 22.6922
885.842 465.316 42.5903 3.92922 22.2324
1137.16 584.755 42.6761 3.96565 18.2163
1134.67 664.382 42.6257 4.09021 18.0784
1129.7 627.057 42.6844 4.06445 18.2943
1224.25 360.806 48.6232 2.62712 31.2186
1219.28 462.828 43.4002 3.76087 19.5232
987.863 375.736 43.3086 3.33491 22.7153
1229.23 654.428 42.7191 4.01827 17.9239
811.192 144.323 42.099 1.68318 22.7213
907.739 424.01 42.8575 3.69992 23.2713
352.346 400.122 40.3355 3.63267 19.3945
220.963 349.36 39.45 3.41702 19.9011
274.711 388.178 39.5993 3.58765 20.0793
295.612 361.304 39.4662 3.45169 20.4648
214.991 370.262 39.6546 3.53398 19.5615
746.496 134.369 41.6423 1.70009 22.3806
773.37 80.6216 41.8034 1.5573 21.805
853.992 92.5655 42.3052 1.65535 21.8078
952.529 313.528 43.1263 2.8411 23.084
1045.09 62.7057 42.9993 2.15039 20.0442
1107.8 107.495 43.4726 2.09705 20.8763
1137.66 80.6216 43.4662 2.10999 20.3898
1209.32 244.851 45.5584 2.05361 24.6511
1176.48 277.697 45.2086 2.3818 24.3216
997.319 636.015 42.4816 4.15945 18.5471
955.515 656.917 42.4054 4.25823 18.7216
967.459 627.057 42.4395 4.17828 18.7252
235.893 609.141 39.7296 4.49833 19.6784
707.678 212.005 41.2364 1.85231 24.0626
1080.93 191.103 43.2555 2.60517 20.4064
1033.15 176.173 42.9946 2.58359 20.2687
1074.95 134.369 43.0487 2.51845 19.8539
1048.08 134.369 43.0568 2.39689 20.2851
1116.76 653.931 42.6251 4.09692 18.1929
1116.76 630.043 42.6536 4.07071 18.239
934.613 639.001 42.4048 4.28598 19.0451
910.725 597.197 42.3723 4.23209 19.3757
991.347 376.234 43.1432 3.38086 21.7741
1221.27 361.304 48.8242 2.58413 31.7139
241.865 561.365 39.7432 4.29796 19.6764
534.491 274.711 38.15 1.6666 29.1942
247.837 513.589 39.7537 4.11326 19.6845
253.809 468.8 39.7892 3.92925 19.6839
1128.7 283.669 44.9921 2.36949 24.9163
853.992 429.982 42.4096 3.73059 22.4902
179.159 373.248 39.5527 3.55128 19.4955
155.271 376.234 39.4647 3.55423 19.4755
340.402 501.645 39.9229 4.09903 20.1386
304.57 504.631 39.9327 4.08075 19.8094
325.472 465.814 39.9688 3.92177 19.9296
600.183 373.248 -34.9023 -11.6463 376.184
931.627 588.239 42.3438 4.05911 18.5698
516.575 286.655 37.3127 1.69327 30.7088
373.248 492.687 40.0171 4.07863 20.3099
232.907 409.08 39.703 3.6786 19.6475
253.809 370.262 39.6111 3.51905 19.8956
716.636 647.959 41.6667 4.7853 20.6794
812.188 143.327 42.1183 1.77543 22.3732
376.234 80.6216 39.0701 1.38481 22.0323
279.488 383.4 39.5833 3.55791 20.1852
437.148 386.984 37.4881 3.40369 27.3928
745.302 132.578 41.6709 1.82033 21.942
766.801 82.4132 41.8561 1.87443 20.9143
752.468 222.157 41.6173 1.75506 24.9031
1186.03 125.411 43.5453 2.44189 20.1225
1182.45 132.578 43.6867 2.31409 20.5005
365.485 250.823 35.6934 1.38897 28.7462
594.808 644.973 41.067 4.79765 20.6326
852.797 641.39 42.202 4.40637 19.4021
996.125 634.223 42.4801 4.15807 18.5464
849.214 455.064 42.3866 3.90591 22.6168
949.543 333.236 43.2856 2.87708 24.2294
949.543 315.32 43.0089 2.93195 22.274
1057.04 132.578 43.1054 2.35767 20.3561
1031.96 175.576 43.0079 2.57186 20.3091
1035.54 157.66 43.0835 2.41891 20.5981
1175.28 275.905 45.5636 2.21635 25.3702
1203.95 247.24 45.4194 2.11705 24.3416
1157.37 236.49 44.7112 2.21495 23.4135
232.907 609.141 39.7176 4.49489 19.7032
1107.2 139.744 43.4077 2.34202 20.5927
1125.12 283.071 45.9067 2.01733 27.6854
1132.29 627.057 42.6686 4.05096 18.2269
1139.45 605.558 42.6718 3.99862 18.1966
351.152 569.726 40.2307 4.32685 19.6864
365.485 523.145 40.2991 4.13958 19.6303
1121.54 311.737 45.3673 2.50242 25.9723
254.406 465.814 39.7758 3.92215 19.6837
240.073 558.976 39.743 4.28656 19.6782
247.24 512.395 39.7507 4.10342 19.6901
333.236 243.656 36.1009 1.60349 27.1161
985.375 458.647 42.7121 3.79063 19.88
895.795 630.64 42.3156 4.32255 19.2652
981.792 369.068 42.966 3.37661 21.0651
279.488 580.475 39.9052 4.36874 19.7154
888.629 465.814 42.6358 3.96523 22.2289
154.077 376.234 39.4761 3.56135 19.4712
297.404 437.148 39.9691 3.79629 19.6882
376.234 458.647 40.2907 3.86519 19.7239
254.406 412.066 39.7696 3.69651 19.6734
232.907 408.483 39.6796 3.68127 19.69
232.907 379.817 39.6816 3.56656 19.65
222.157 347.569 39.4241 3.41125 19.9556
920.878 429.982 42.6695 3.70881 21.0393
809.799 143.327 42.1016 1.45244 23.5575
849.214 93.1627 42.3076 1.65754 21.7996
404.9 168.41 39.0186 1.84472 22.6095
376.234 78.83 39.0749 1.37892 22.0291
971.759 627.773 42.4403 4.17845 18.7052
1031.96 176.293 42.9879 2.59102 20.2021
1191.05 124.695 43.5347 2.43366 20.0257
1148.05 128.995 43.6766 2.15263 20.9577
1173.85 275.188 45.8578 2.09037 26.1933
700.87 227.89 40.9498 1.69033 25.9305
915.861 283.788 43.3787 2.09892 26.7395
864.263 632.073 42.2122 4.28478 19.0468
1122.25 189.192 43.4282 2.59623 20.4534
1126.55 279.488 45.3744 2.19229 26.0453
386.984 550.377 40.4377 4.23794 19.5635
361.185 541.777 39.7802 4.38308 20.735
279.488 623.474 39.9709 4.52853 19.6177
232.19 606.274 39.7114 4.48604 19.7024
1160.95 455.781 43.4188 3.71965 20.0819
1139.45 627.773 42.6662 4.05053 18.2107
1139.45 589.075 42.6907 3.97847 18.2474
193.492 399.883 39.6814 3.64615 19.414
1135.15 571.876 42.7086 3.93873 18.34
1130.85 541.777 42.6937 3.8863 18.3441
253.689 464.38 39.7842 3.90689 19.684
980.359 365.485 42.8713 3.38145 20.6052
326.786 558.976 39.8618 4.38793 20.187
300.987 576.176 39.9188 4.37867 19.8535
851.364 425.682 42.4194 3.72366 22.6571
816.965 404.183 42.1706 3.56812 22.5401
331.086 369.784 39.4733 3.48885 20.857
300.987 438.581 39.965 3.79331 19.6843
924.461 438.581 42.7887 3.78534 21.8953
253.689 408.483 39.7553 3.69084 19.6807
236.49 408.483 39.6797 3.68379 19.6902
266.589 391.283 39.6017 3.59811 20.03
249.389 365.485 39.5925 3.50052 19.9223
266.589 318.187 40.7294 3.45105 18.1755
1053.46 133.294 43.2845 2.18204 20.9915
1074.95 133.294 43.1981 2.3761 20.3761
748.168 133.294 41.6262 1.66235 22.5236
378.384 81.6965 39.0625 1.38245 22.0012
812.666 141.894 42.0396 2.53677 19.8841
913.281 619.174 42.2987 4.14107 18.6065
1176.43 448.901 43.4062 3.72972 19.8586
1145.47 510.818 43.6166 3.99938 20.6825
294.108 510.818 40.456 3.98759 18.8363
386.984 485.02 39.8542 4.07574 20.7762
392.143 500.499 40.1999 4.08707 20.0928
299.267 469.54 39.9637 3.9201 19.6984
299.267 438.581 39.9658 3.80409 19.6839
877.163 479.86 42.5292 4.05322 22.2846
866.843 423.102 42.3443 3.64832 20.5198
913.281 392.143 42.8978 3.46679 22.7829
206.391 402.463 39.7437 3.66988 19.4041
283.788 557.256 39.9228 4.27021 19.6987
237.35 536.617 39.7159 4.18106 19.6812
232.19 505.659 39.6865 4.0784 19.6822
959.719 428.262 43.1625 3.63697 22.9651
918.441 428.262 42.744 3.71386 21.7306
939.08 381.824 43.0749 3.43211 23.0887
923.601 588.215 42.3868 4.15014 19.1569
1140.31 593.375 42.6776 3.97252 18.1961
1031.96 175.433 43.0263 2.55373 20.4104
1052.6 134.154 43.1019 2.36147 20.3808
299.267 577.896 39.9024 4.40715 19.8661
949.4 319.906 42.9812 2.95053 22.1777
204.327 402.463 39.7371 3.66155 19.4128
346.737 433.422 33.4819 4.20774 32.6822
544.873 291.012 38.1995 1.61765 29.7201
743.009 433.422 38.2016 6.3665 94.7427
897.802 470.572 42.5673 3.93352 21.2156
1151.66 489.147 43.3783 3.94274 20.0141
972.103 365.313 43.1353 3.29581 22.4761
334.354 371.504 40.0588 3.50691 19.7664
1052.6 371.504 43.5422 3.33034 22.1059
284.82 408.655 40.4131 3.6528 18.8215
260.053 421.038 40.2223 3.71103 18.965
247.67 365.313 39.6003 3.50459 19.9115
916.377 433.422 42.7146 3.71801 21.4731
996.87 377.696 43.0442 3.43404 21.1285
928.761 495.339 42.4725 3.91253 19.6702
1145.47 594.407 42.6845 3.97429 18.2275
1126.9 167.177 43.95 2.06573 22.1292
1151.66 130.027 43.4703 2.36832 20.3462
1058.79 130.027 43.0774 2.41257 20.2043
947.336 321.97 43.2449 2.73298 24.3458
229.094 433.422 39.6651 3.7935 19.6758
247.67 439.613 39.7606 3.80297 19.6572
216.711 594.407 39.6511 4.39936 19.6832
229.094 538.681 39.7262 4.20385 19.6676
303.395 594.407 40.435 4.25916 19.0016
464.38 191.944 38.325 1.33702 25.8931
811.118 142.41 42.1127 1.91991 21.744
252.623 364.074 39.5831 3.48433 19.915
876.75 445.805 42.4007 3.76618 20.6712
861.89 497.816 42.4354 4.2242 22.0211
1047.64 371.504 43.6671 3.28798 22.7688
1107.08 408.655 43.7899 3.52368 21.8639
1129.37 386.365 43.3055 3.51402 19.9614
899.04 475.526 42.5655 3.94944 21.1611
958.481 438.375 42.2506 3.67049 17.6799
237.763 401.225 39.6863 3.67592 19.6743
237.763 386.365 39.6396 3.60647 19.7945
965.911 364.074 43.1706 3.2425 22.6411
1055.07 423.515 42.9657 3.62268 19.8117
1121.94 163.462 43.7238 2.23987 21.2599
1032.78 170.892 43.0031 2.55811 20.2759
943.621 319.494 42.8593 3.02574 21.5432
1077.36 334.354 43.7468 3.09339 21.8891
743.009 222.903 41.6023 1.99936 23.7939
245.193 438.375 39.7349 3.83157 19.6669
282.343 542.396 39.9204 4.24148 19.6947
289.773 512.676 39.9529 4.09544 19.6899
882.694 445.805 42.4431 3.77154 20.7096
855.946 419.057 42.4079 3.6617 22.4589
918.359 436.889 42.7083 3.73869 21.7325
927.275 499.302 42.4895 3.95173 19.6612
1096.68 410.141 43.0334 3.60869 19.6885
971.855 401.225 42.8067 3.57412 20.5715
1052.1 365.56 43.5171 3.34918 22.0457
989.688 472.554 42.6709 3.82127 19.6193
1061.02 534.966 42.6593 3.92347 18.5745
731.121 419.057 41.8773 3.66747 18.2715
1087.76 196.154 43.7481 2.23795 22.1524
1043.18 169.406 42.9107 2.61867 19.7601
980.771 267.483 43.1433 2.63209 21.979
864.862 276.399 42.6389 2.50359 23.8024
329.896 374.476 40.1074 3.53749 19.6716
285.315 543.882 39.9342 4.19811 19.6964
