1041 520 -21.3792 -0.717515 2.35247
1082 93 -21.3937 -0.908071 2.37796
1004 534 -21.4025 -0.710717 2.34923
1101 566 -21.3464 -0.702606 2.35798
1079 544 -21.3589 -0.709831 2.35666
1092 178 -21.3411 -0.847545 2.3492
1100 673 -21.3612 -0.661654 2.36734
1024 467 -21.3898 -0.7387 2.35048
1142 263 -21.3092 -0.806789 2.34824
1114 27 -21.314 -0.894239 2.34123
1251 78 -21.2642 -0.855708 2.35426
1188 675 -21.3128 -0.669741 2.36873
1020 637 -21.4038 -0.667853 2.35824
1142.7 263.9 -21.3134 -0.807853 2.3508
1047.8 665.6 -21.4029 -0.657555 2.36956
1168.7 318.5 -21.3068 -0.788479 2.35653
1075.1 204.1 -21.351 -0.839918 2.34797
1157 189.8 -21.3075 -0.833249 2.3531
1066 162.5 -21.3446 -0.853755 2.34102
1212.9 556.4 -21.3034 -0.709085 2.37005
1079 543.4 -21.3591 -0.709755 2.35693
1020.5 637 -21.4174 -0.666123 2.36525
1159.6 384.8 -21.323 -0.767409 2.36421
1245.4 388.7 -21.2778 -0.761431 2.36104
1166.1 460.2 -21.3196 -0.740609 2.36472
1105 466.7 -21.3418 -0.738384 2.35571
1025.7 393.9 -21.3974 -0.770058 2.35379
1084.2 488.8 -21.3542 -0.730149 2.35579
1041.3 520 -21.3744 -0.717674 2.35051
1221.87 270.4 -21.2968 -0.803593 2.36877
1073.15 202.8 -21.354 -0.841286 2.34988
1242.15 87.88 -21.2703 -0.854557 2.35623
1245.53 62.53 -21.2605 -0.85921 2.35002
1128.92 162.24 -21.3097 -0.843194 2.34522
1076.53 94.64 -21.3425 -0.881262 2.34493
1054.56 74.36 -21.3435 -0.889048 2.33594
1037.66 116.61 -21.3879 -0.891327 2.35282
1211.73 556.01 -21.3013 -0.709297 2.36824
1216.8 684.45 -21.3029 -0.668574 2.37189
1189.76 677.69 -21.3225 -0.667593 2.3753
1091.74 539.11 -21.3622 -0.711185 2.36302
1012.31 664.17 -21.406 -0.65651 2.35609
1093.43 660.79 -21.356 -0.667647 2.36165
1083.29 650.65 -21.3746 -0.667662 2.36751
1139.06 403.91 -21.3283 -0.761843 2.36145
1157.65 385.32 -21.3285 -0.767958 2.36685
1133.99 387.01 -21.3458 -0.769401 2.36956
1159.34 493.48 -21.3263 -0.729668 2.36743
1103.57 466.44 -21.3414 -0.738581 2.35515
1183 468.13 -21.3167 -0.738138 2.36891
1027.52 408.98 -21.369 -0.760716 2.34008
1041.04 393.77 -21.3813 -0.768826 2.35275
1057.94 466.44 -21.3575 -0.737813 2.34763
1140.24 263.64 -21.3158 -0.808357 2.35144
1116.08 252.655 -21.3377 -0.818046 2.35559
1010.62 344.929 -21.3876 -0.788202 2.343
1078.73 292.201 -21.3514 -0.805146 2.34967
1133.65 173.563 -21.317 -0.842605 2.34923
1131.45 162.578 -21.3146 -0.844817 2.34741
1138.05 118.638 -21.2981 -0.854784 2.33977
1054.56 72.501 -21.3503 -0.893088 2.33956
1160.02 529.477 -21.3192 -0.717246 2.36269
1102.89 562.432 -21.3544 -0.703218 2.36197
1214.94 566.826 -21.3063 -0.706254 2.37241
1230.32 551.447 -21.2949 -0.71073 2.37032
1181.99 553.644 -21.3164 -0.708938 2.3684
1102.89 672.282 -21.3616 -0.662072 2.36814
1190.77 676.676 -21.3041 -0.670302 2.36367
1004.03 538.265 -21.4112 -0.707727 2.35415
1080.92 551.447 -21.3631 -0.706829 2.35999
1019.41 549.25 -21.4013 -0.704548 2.35588
1010.62 663.494 -21.412 -0.655657 2.35836
1034.79 667.888 -21.3998 -0.656421 2.36099
1105.09 500.916 -21.3426 -0.726258 2.35679
1105.09 476.749 -21.3417 -0.733802 2.35703
1015.01 445.991 -21.4182 -0.749393 2.36015
1021.6 467.961 -21.401 -0.739158 2.35572
1159.58 288.466 -21.3117 -0.79879 2.35658
1062.47 154.229 -21.3687 -0.865888 2.35277
1179.57 274.186 -21.3116 -0.804685 2.3638
1105.31 659.759 -21.3537 -0.66818 2.36365
1002.49 536.947 -21.4278 -0.70845 2.36065
1076.75 291.322 -21.3522 -0.805621 2.35034
1210.99 556.939 -21.3096 -0.706978 2.37363
1036.76 394.142 -21.3872 -0.768883 2.353
1053.9 71.4025 -21.3487 -0.893043 2.33926
1008.2 662.615 -21.4007 -0.658622 2.35219
1148.15 568.364 -21.3397 -0.702309 2.37079
1099.6 562.652 -21.3397 -0.704109 2.3536
1091.03 539.803 -21.362 -0.710764 2.36323
1142.44 399.854 -21.3356 -0.762748 2.36592
1099.6 388.43 -21.3424 -0.766874 2.35314
1048.19 522.666 -21.3839 -0.717057 2.35817
1210.99 468.4 -21.3007 -0.737311 2.3677
1139.58 262.761 -21.3158 -0.808357 2.35144
1085.32 225.632 -21.3425 -0.828569 2.34808
1139.87 267.331 -21.319 -0.808232 2.35285
1113.88 215.35 -21.3219 -0.827157 2.34663
1087.89 226.489 -21.3417 -0.828517 2.34723
1047.05 519.81 -21.3853 -0.716846 2.35865
1043.33 497.533 -21.3885 -0.727079 2.35881
1028.48 408.422 -21.3442 -0.758927 2.32996
1106.45 478.968 -21.3388 -0.733168 2.35513
1151.01 386.145 -21.3368 -0.768271 2.36989
1125.02 601.495 -21.3179 -0.693557 2.34965
1169.57 530.949 -21.3279 -0.715938 2.37129
1099.03 560.652 -21.3613 -0.704412 2.3653
1069.32 259.905 -21.3598 -0.817 2.35167
1182.57 545.429 -21.3234 -0.711131 2.37395
1143.95 569.563 -21.3521 -0.701544 2.37688
1028.11 405.452 -21.4383 -0.773922 2.37519
1177.74 463.374 -21.3157 -0.739687 2.366
1143.95 386.145 -21.3389 -0.76652 2.36842
1061.9 159.285 -21.3622 -0.863439 2.35012
1134.3 120.67 -21.3216 -0.862351 2.35131
1013.63 342.703 -21.3704 -0.78821 2.33637
1134.3 270.301 -21.3206 -0.808239 2.35357
1041.63 527.087 -21.4362 -0.711653 2.38005
1010.25 144.322 -21.4035 -0.882049 2.34572
1135.75 269.819 -21.3118 -0.805883 2.34811
1148.3 389.041 -21.3256 -0.76621 2.36143
1142.02 571.011 -21.345 -0.700709 2.3728
1073 545.912 -21.3807 -0.707937 2.36622
1047.9 332.567 -21.3843 -0.793442 2.35468
1093.08 391.551 -21.3263 -0.761985 2.34465
1076.76 309.978 -21.3424 -0.793526 2.34653
1101.24 293.663 -21.284 -0.792173 2.3131
1068.61 163.146 -21.3615 -0.862071 2.34993
1049.85 328.739 -21.3795 -0.793757 2.35225
784.733 477.202 -21.7426 -0.742339 2.34518
816.546 243.903 -21.5015 -0.859585 2.29632
593.852 445.389 -22.6624 -0.794667 2.28356
646.874 265.112 -22.0206 -0.968268 2.26672
742.315 222.694 -21.7391 -0.944785 2.30672
784.733 402.971 -21.3294 -0.751914 2.23288
848.36 392.366 -21.4764 -0.77722 2.30292
869.569 434.784 -21.5345 -0.759761 2.3357
880.173 477.202 -21.5074 -0.734932 2.33093
975.614 424.18 -21.3904 -0.753441 2.33383
646.874 360.553 -21.548 -0.799509 2.22029
774.128 286.321 -21.63 -0.860597 2.29928
805.942 286.321 -21.5751 -0.84686 2.30847
678.688 222.694 -22.0909 -1.03625 2.30933
965.009 318.135 -21.3493 -0.783864 2.30725
965.009 371.157 -21.3361 -0.770221 2.30405
943.8 402.971 -21.4744 -0.77396 2.35032
922.591 265.112 -21.5427 -0.859544 2.36268
922.591 296.926 -21.523 -0.832346 2.36613
922.591 381.762 -21.497 -0.789244 2.3505
837.755 275.717 -21.4989 -0.832814 2.30431
837.755 307.53 -21.5899 -0.841615 2.33498
710.501 212.09 -21.7793 -0.958917 2.28746
721.106 328.739 -21.6609 -0.83207 2.27371
625.665 392.366 -21.7396 -0.790353 2.22207
318.135 487.807 -22.2247 -0.690803 1.90053
678.688 381.762 -22.0211 -0.841236 2.31432
434.784 477.202 -21.7247 -0.705132 2.07333
668.083 434.784 -21.8084 -0.766358 2.26529
678.688 243.903 -22.3858 -1.10365 2.33062
538.382 195.775 -23.608 -1.50443 2.12843
611.798 195.775 -23.659 -1.54401 2.34478
497.596 154.989 -23.1204 -1.4484 2.01993
391.551 187.618 -23.4764 -1.43578 1.76797
832.045 277.348 -21.5513 -0.851145 2.31735
774.944 301.82 -21.6562 -0.867706 2.31427
840.202 309.978 -21.5644 -0.833918 2.32618
726 293.663 -21.6705 -0.865932 2.28247
742.315 326.292 -21.6399 -0.835006 2.28643
832.045 163.146 -21.362 -0.851693 2.25688
913.618 261.034 -21.5343 -0.858024 2.35882
921.775 187.618 -21.4414 -0.873832 2.32471
783.101 473.124 -21.6286 -0.734312 2.31521
807.573 554.697 -21.6492 -0.683954 2.32672
660.742 522.068 -21.9914 -0.675083 2.29587
823.888 432.337 -21.5663 -0.758409 2.31596
709.685 399.708 -21.8032 -0.797813 2.29512
668.899 432.337 -21.6878 -0.760428 2.25856
978.877 513.91 -21.4577 -0.7173 2.36231
970.719 407.865 -21.4549 -0.765528 2.35498
668.899 399.708 -21.9204 -0.806572 2.28095
244.719 448.652 -21.7937 -0.726687 1.93282
864.674 383.393 -21.5108 -0.781671 2.3254
889.146 203.933 -21.2912 -0.811951 2.25374
856.517 236.562 -21.5666 -0.879358 2.34228
709.685 424.18 -21.8743 -0.77471 2.30821
693.371 309.978 -22.0837 -0.938692 2.33306
269.191 383.393 -21.6209 -0.767025 1.97884
261.034 407.865 -21.9486 -0.765133 1.89587
154.989 505.753 -26.7822 -0.351121 0.170775
970.719 318.135 -21.4741 -0.811753 2.36264
897.304 163.146 -21.4396 -0.88563 2.31089
938.09 179.461 -21.4286 -0.876179 2.33327
545.912 125.497 -23.2494 -1.56869 2.12975
539.637 200.795 -23.9479 -1.59658 2.11244
614.935 200.795 -23.9504 -1.62624 2.37749
495.713 150.596 -23.3074 -1.50772 1.99959
213.345 564.737 -21.7832 -0.639518 1.92052
633.76 596.111 -22.0848 -0.613063 2.27201
470.614 401.59 -23.1507 -0.886792 2.03135
809.456 320.017 -21.6227 -0.837562 2.32451
897.304 345.117 -21.438 -0.793554 2.311
727.883 294.918 -21.7477 -0.878499 2.29911
916.128 263.544 -21.5216 -0.856386 2.35271
822.005 596.111 -21.593 -0.660055 2.33388
665.134 539.637 -21.9304 -0.671828 2.28561
746.707 545.912 -21.7346 -0.682493 2.3201
709.058 564.737 -21.8822 -0.654276 2.32454
778.081 439.24 -21.7622 -0.768102 2.3374
865.929 439.24 -21.5175 -0.757571 2.32918
734.157 439.24 -21.7909 -0.756069 2.31243
752.982 432.965 -21.7933 -0.771655 2.33554
734.157 476.889 -21.8006 -0.735383 2.31886
740.432 320.017 -21.8398 -0.875731 2.33038
746.707 357.666 -21.6215 -0.808662 2.28214
238.444 414.14 -21.857 -0.756456 1.9029
803.181 288.643 -21.5974 -0.854095 2.31246
834.555 269.819 -21.5886 -0.863091 2.32804
778.081 175.696 -21.7825 -1.00178 2.34341
815.731 194.52 -21.6938 -0.94908 2.33575
640.035 382.766 -21.9801 -0.82976 2.25986
646.31 407.865 -22.0833 -0.809601 2.27942
483.163 520.813 -23.7038 -0.606767 2.05261
916.128 301.193 -21.4991 -0.830584 2.34897
715.333 207.07 -21.8748 -0.987679 2.30149
934.953 131.772 -21.4482 -0.900934 2.33361
909.853 382.766 -21.4595 -0.781704 2.33296
966.327 407.865 -21.4551 -0.769229 2.35567
891.029 169.421 -21.5026 -0.90416 2.32987
865.929 219.62 -21.5624 -0.885777 2.33446
400.625 193.072 -23.4123 -1.41625 1.78406
545.429 125.497 -22.93 -1.45185 2.13407
622.658 197.899 -24.0062 -1.64457 2.40227
477.854 584.044 -22.3863 -0.56506 2.10473
613.005 477.854 -22.1916 -0.719481 2.25654
477.854 419.932 -23.1405 -0.838667 2.04623
878.479 347.53 -21.5117 -0.804399 2.33498
830.211 144.804 -21.8436 -1.04784 2.39576
907.44 540.602 -21.5126 -0.703162 2.35408
661.273 545.429 -22.0688 -0.665577 2.30572
752.982 569.563 -21.576 -0.674798 2.28908
868.825 458.547 -21.5134 -0.743095 2.33066
646.792 415.105 -22.1943 -0.815212 2.29121
931.574 617.831 -21.5127 -0.659159 2.36832
781.943 250.994 -21.6499 -0.889833 2.31168
830.211 270.301 -21.6093 -0.867556 2.33507
366.837 439.24 -21.4311 -0.734135 2.07695
777.116 304.089 -21.6457 -0.852379 2.30633
733.675 434.413 -21.7263 -0.762843 2.30044
733.675 477.854 -21.7804 -0.731648 2.31178
757.809 487.508 -21.7205 -0.724389 2.3199
680.58 352.357 -21.9104 -0.850828 2.28658
222.033 453.72 -21.7827 -0.713703 1.91895
284.782 603.351 -21.9811 -0.583837 1.93271
975.015 323.396 -21.4586 -0.809821 2.35698
955.708 352.357 -21.4321 -0.790933 2.33965
608.178 371.664 -22.3728 -0.884133 2.26103
521.295 381.318 -23.5149 -1.0001 2.12826
144.804 362.011 -21.9182 -0.80005 1.80039
130.324 419.932 -22.8767 -0.770716 1.43691
926.747 159.285 -21.4318 -0.882679 2.32281
849.518 294.435 -21.5391 -0.838947 2.32428
791.596 333.05 -21.6128 -0.826135 2.31014
627.485 617.831 -22.0466 -0.579545 2.26176
501.988 550.256 -23.1178 -0.571608 2.121
873.652 386.145 -21.5132 -0.782063 2.32919
907.44 381.318 -21.4836 -0.783813 2.33872
825.384 458.547 -21.5674 -0.743066 2.32425
830.211 487.508 -21.6153 -0.727647 2.34136
211.637 215.35 -21.7084 -0.893076 1.90893
248.766 337.877 -21.9025 -0.827271 1.89302
549.514 126.24 -22.9017 -1.4463 2.14482
627.485 196.785 -21.537 -0.880483 2.19199
404.709 193.072 -23.4196 -1.41974 1.79488
482.681 586.643 -23.2159 -0.480663 2.09053
809.419 74.2586 -22.5868 -1.47403 2.59471
753.725 70.5457 -22.6648 -1.50285 2.50646
987.639 107.675 -21.406 -0.899141 2.33976
931.945 159.656 -21.462 -0.892117 2.33511
909.668 538.375 -21.5049 -0.702784 2.35048
857.687 415.848 -21.5375 -0.768597 2.33026
939.371 612.633 -21.5057 -0.667277 2.36479
969.075 404.709 -21.4461 -0.769598 2.35191
519.81 375.006 -23.4299 -0.983777 2.12694
805.706 282.183 -21.5875 -0.85382 2.31095
831.696 271.044 -21.5384 -0.852752 2.31335
746.299 449.264 -21.7172 -0.753994 2.31173
776.002 441.839 -21.6622 -0.759254 2.31805
757.438 490.107 -21.7153 -0.726091 2.31842
746.299 319.312 -21.7448 -0.857812 2.3093
779.715 300.747 -21.6731 -0.857591 2.31579
738.873 341.589 -21.712 -0.836003 2.29975
642.337 330.451 -22.0608 -0.897836 2.26794
712.882 282.183 -21.8474 -0.908561 2.30213
783.428 252.479 -21.6558 -0.891551 2.31408
608.92 497.533 -22.2471 -0.70803 2.26245
482.681 568.078 -23.1845 -0.526554 2.0818
233.915 471.542 -21.7976 -0.703692 1.92542
672.04 612.633 -22.0602 -0.596108 2.3173
590.356 542.088 -22.3641 -0.644443 2.24955
590.356 568.078 -22.4381 -0.604092 2.25757
976.5 311.886 -21.4617 -0.818557 2.36296
876.251 207.924 -21.6023 -0.909014 2.35632
705.457 404.709 -21.8361 -0.799296 2.30235
664.614 542.088 -22.0483 -0.66407 2.30662
709.169 556.939 -21.8907 -0.659883 2.32032
620.059 631.198 -22.1279 -0.559663 2.27323
742.586 545.801 -21.7501 -0.682592 2.31702
753.725 568.078 -21.7234 -0.666896 2.32164
753.725 646.05 -21.7425 -0.6057 2.32756
842.835 311.886 -21.5626 -0.831864 2.32838
813.132 323.025 -21.5859 -0.827808 2.31773
735.16 434.413 -21.7379 -0.766596 2.30618
772.289 430.7 -21.7193 -0.771144 2.32926
556.939 590.356 -22.6671 -0.549845 2.22543
965.362 538.375 -21.4613 -0.706859 2.36004
991.352 527.236 -21.4422 -0.713785 2.36275
902.242 308.173 -21.5172 -0.829989 2.3463
831.696 464.116 -21.6037 -0.74562 2.33681
690.605 248.766 -21.9538 -0.971339 2.30135
876.251 389.858 -21.4942 -0.780262 2.32433
868.825 430.7 -21.5366 -0.759953 2.33568
902.242 426.987 -21.4608 -0.757516 2.32653
694.318 471.542 -21.8601 -0.737518 2.29597
531.234 202.783 -23.8812 -1.56593 2.10371
625.486 197.071 -23.453 -1.48579 2.36186
751.154 71.4025 -22.8221 -1.56978 2.53422
642.622 331.308 -22.1008 -0.898479 2.27415
699.744 348.444 -21.8308 -0.84371 2.29376
625.486 548.371 -22.2502 -0.646872 2.2876
539.803 548.371 -22.9352 -0.596758 2.19672
531.234 408.422 -23.1841 -0.887585 2.16118
197.071 411.278 -21.9125 -0.759489 1.85428
608.349 365.581 -22.2201 -0.875052 2.2486
748.298 448.408 -21.6934 -0.753819 2.30679
776.859 439.839 -21.6466 -0.758732 2.31728
702.601 445.552 -21.8497 -0.760971 2.30214
277.042 414.134 -22.1014 -0.772302 1.87781
225.632 568.364 -21.8479 -0.627633 1.91442
719.737 608.349 -21.8505 -0.61944 2.32742
742.586 648.335 -21.9046 -0.581971 2.35602
754.01 645.479 -21.7444 -0.607691 2.33097
645.479 391.286 -22.0543 -0.829618 2.27789
611.205 651.191 -22.1046 -0.542143 2.26096
71.4025 514.098 -21.6124 -0.679809 1.88546
805.42 282.754 -21.5914 -0.855746 2.312
799.708 328.451 -21.5619 -0.821734 2.30131
702.601 554.083 -21.8694 -0.664688 2.31367
191.359 219.92 -22.0558 -0.966504 1.77542
842.549 217.064 -21.5545 -0.888578 2.32212
822.557 471.256 -21.5629 -0.736505 2.32182
831.125 482.681 -21.6359 -0.732975 2.34854
751.154 568.364 -21.7464 -0.665163 2.32752
899.671 308.459 -21.5362 -0.832857 2.35337
888.247 345.588 -21.49 -0.802243 2.32946
931.089 348.444 -21.459 -0.797545 2.33831
822.557 128.524 -21.5436 -0.937459 2.30358
168.51 459.832 -21.8821 -0.713595 1.84572
951.081 314.171 -21.4723 -0.817576 2.3548
482.681 425.559 -23.4472 -0.85357 2.04487
722.593 388.43 -21.7447 -0.8014 2.29421
734.018 434.127 -21.7368 -0.766516 2.30543
771.147 428.415 -21.711 -0.771465 2.32665
671.183 611.205 -21.9901 -0.602071 2.30577
899.671 388.43 -21.465 -0.776746 2.3255
871.11 454.12 -21.544 -0.747009 2.34398
871.11 482.681 -21.5289 -0.730808 2.33783
251.337 319.883 -21.9076 -0.845633 1.89077
856.83 416.991 -21.5037 -0.765491 2.31906
825.413 611.205 -21.6065 -0.651789 2.3404
811.132 651.191 -21.6519 -0.621028 2.34416
908.24 257.049 -21.492 -0.85162 2.34003
819.701 536.947 -21.601 -0.699033 2.33326
828.269 545.515 -21.6237 -0.6927 2.34654
805.42 582.644 -21.6463 -0.66543 2.33933
494.105 602.637 -23.2165 -0.454965 2.11235
556.939 651.191 -22.4806 -0.475896 2.22344
979.642 514.098 -21.44 -0.717439 2.35724
785.427 197.071 -21.625 -0.920432 2.30723
948.225 565.508 -21.4892 -0.692013 2.36327
888.247 556.939 -21.5155 -0.693589 2.3436
405.566 191.359 -23.5623 -1.46408 1.77551
619.774 205.639 -23.7146 -1.53382 2.37466
551.227 122.812 -22.9224 -1.45224 2.14571
539.803 354.156 -23.2366 -1.01777 2.17189
488.393 151.373 -23.1363 -1.44391 2.00798
406.445 191.139 -23.4067 -1.42031 1.80051
487.734 153.79 -23.5155 -1.57155 1.98619
982.059 516.295 -21.4387 -0.718012 2.35623
964.483 404.248 -21.4254 -0.767326 2.34193
966.68 639.327 -21.4653 -0.658415 2.36465
982.059 637.13 -21.4635 -0.660049 2.36984
722.813 388.869 -21.8052 -0.806943 2.30731
665.691 413.036 -21.9491 -0.796868 2.28205
880.997 465.764 -21.5331 -0.740759 2.34172
872.209 483.34 -21.5051 -0.731344 2.32878
830.466 509.704 -21.5921 -0.715921 2.33524
880.997 386.672 -21.4958 -0.781701 2.32755
790.92 362.505 -21.6298 -0.8104 2.31604
815.087 421.824 -21.6184 -0.770976 2.33016
768.95 628.342 -21.6652 -0.632633 2.32125
786.526 577.811 -21.6911 -0.666089 2.33602
705.237 555.841 -21.8685 -0.666057 2.31288
933.725 610.766 -21.5086 -0.667189 2.3654
810.693 654.706 -21.6547 -0.619669 2.34747
909.558 540.462 -21.507 -0.702864 2.35097
896.376 584.402 -21.426 -0.685485 2.30964
808.496 584.402 -21.6392 -0.665777 2.33711
960.089 329.55 -21.5016 -0.815029 2.37375
797.511 188.942 -21.6052 -0.920294 2.30755
812.89 74.698 -22.8406 -1.58676 2.66806
779.935 300.989 -21.6521 -0.856017 2.31267
643.721 320.762 -22.1112 -0.914408 2.27466
703.04 351.52 -21.8374 -0.843701 2.29548
757.965 215.306 -21.6801 -0.922261 2.29933
913.952 307.58 -21.5048 -0.827999 2.34742
900.77 276.822 -21.5151 -0.847129 2.34477
909.558 254.852 -21.5252 -0.860951 2.35258
841.451 221.897 -21.5253 -0.87746 2.31225
522.886 498.719 -23.3449 -0.682919 2.16188
586.599 428.415 -22.4073 -0.803268 2.23587
529.477 364.702 -22.9602 -0.965358 2.15073
593.19 623.948 -22.2251 -0.555467 2.2508
588.796 573.417 -22.3806 -0.602137 2.25346
155.987 419.627 -21.9184 -0.749084 1.8179
217.503 492.128 -21.9067 -0.688523 1.88272
142.805 670.085 -21.9169 -0.529839 1.83348
112.047 558.038 -21.8537 -0.630228 1.82023
496.522 120.835 -23.1015 -1.5134 2.02171
628.342 197.73 -23.4579 -1.4889 2.37142
529.477 202.124 -23.5458 -1.46296 2.10319
173.563 338.338 -21.9 -0.81975 1.83054
76.895 279.019 -21.741 -0.838646 1.81219
252.655 342.732 -21.9028 -0.82346 1.89536
718.419 445.991 -21.7499 -0.757437 2.29636
720.616 470.158 -21.8172 -0.741964 2.31239
612.963 474.552 -22.2199 -0.737373 2.2608
197.73 413.036 -21.8919 -0.755567 1.86068
828.269 290.004 -21.5558 -0.844737 2.31586
812.89 305.383 -21.5921 -0.8423 2.31714
698.646 364.702 -21.8892 -0.838833 2.30117
454.779 474.552 -24.0733 -0.729779 1.95307
764.556 441.597 -21.7057 -0.761001 2.32223
757.965 481.143 -21.7105 -0.731829 2.31797
779.935 478.946 -21.6524 -0.732594 2.31941
663.494 443.794 -21.9841 -0.768873 2.28879
628.342 549.25 -22.2077 -0.643391 2.28564
975.13 461.37 -21.4237 -0.741869 2.3473
963.3 403.91 -21.4543 -0.770752 2.35308
968.37 674.31 -21.469 -0.641607 2.36698
959.92 569.53 -21.4375 -0.692805 2.34732
699.66 447.85 -21.8296 -0.758934 2.29597
770.64 427.57 -21.6838 -0.769836 2.31903
640.51 392.08 -22.0905 -0.828732 2.2733
880.49 385.32 -21.4941 -0.782203 2.3277
811.2 420.81 -21.5701 -0.766493 2.31528
853.45 415.74 -21.6 -0.774651 2.34947
660.79 616.85 -22.0357 -0.592043 2.30467
750.36 569.53 -21.7228 -0.667179 2.32093
694.59 583.05 -21.9159 -0.637777 2.31488
816.27 655.72 -21.6285 -0.621939 2.34258
863.59 686.14 -21.609 -0.607893 2.3659
907.53 540.8 -21.489 -0.701543 2.34309
900.77 584.74 -21.4833 -0.680366 2.3375
932.88 571.22 -21.5004 -0.687611 2.36353
826.41 545.87 -21.5991 -0.692588 2.33657
848.38 588.12 -21.5988 -0.667454 2.3523
986.96 113.23 -21.3956 -0.892749 2.33435
953.16 314.34 -21.4623 -0.81601 2.3504
964.99 332.93 -21.4404 -0.803094 2.34882
834.86 143.65 -21.5673 -0.9368 2.31912
812.89 76.05 -22.7331 -1.53749 2.64047
767.26 304.2 -21.6797 -0.857161 2.31103
910.91 305.89 -21.5194 -0.831343 2.35272
836.55 316.03 -21.5646 -0.829809 2.32545
807.82 327.86 -21.6213 -0.832348 2.32444
843.31 319.41 -21.5563 -0.828891 2.32613
833.17 268.71 -21.56 -0.858442 2.3206
520.52 451.23 -23.1797 -0.790345 2.14449
633.75 407.29 -22.0852 -0.811454 2.26536
518.83 375.18 -23.2098 -0.966384 2.12942
591.5 620.23 -22.2114 -0.558272 2.24803
596.57 527.28 -22.2713 -0.668317 2.24996
522.21 567.84 -22.9246 -0.555479 2.16524
130.13 446.16 -21.8754 -0.722027 1.81388
170.69 463.06 -21.8376 -0.711007 1.8625
135.2 495.17 -21.8833 -0.683583 1.82061
50.7 454.61 -21.6711 -0.71181 1.84281
141.96 380.25 -21.9326 -0.783837 1.79502
50.7 412.36 -21.6726 -0.738981 1.83831
118.3 576.29 -21.9039 -0.611768 1.80757
495.17 119.99 -23.0969 -1.51199 2.02139
554.32 123.37 -23.1307 -1.53273 2.15745
486.72 155.48 -23.4705 -1.55197 1.98629
537.42 158.86 -23.4549 -1.55786 2.12137
407.29 201.11 -23.6167 -1.45036 1.77738
628.68 197.73 -23.4579 -1.4889 2.37142
527.28 202.8 -23.915 -1.56972 2.09636
324.48 49.01 -22.6033 -1.41733 1.74961
245.05 43.94 -22.7118 -1.45605 1.58773
167.31 218.01 -22.0027 -0.954475 1.76993
199.42 349.83 -21.8639 -0.809085 1.86375
752.05 483.34 -21.7152 -0.729195 2.31659
495.17 403.91 -23.4006 -0.903848 2.0769
425.88 430.95 -24.0229 -0.85243 1.85607
823.03 473.2 -21.5798 -0.736857 2.32555
650.65 459.68 -22.067 -0.753935 2.28931
603.33 447.85 -22.2118 -0.768582 2.24573
343.07 412.36 -22.9496 -0.830851 1.78965
714.87 290.68 -21.8024 -0.89174 2.295
192.66 464.75 -21.8521 -0.711276 1.87492
714.87 373.49 -21.7966 -0.819788 2.29939
679.38 388.7 -21.9237 -0.818611 2.29126
468.13 447.85 -23.7827 -0.808487 1.99595
454.61 474.89 -24.1228 -0.732295 1.93821
420.81 527.28 -23.5734 -0.58767 1.90307
611.78 507 -22.2641 -0.698204 2.26634
89.57 469.82 -21.8031 -0.702267 1.81415
787.54 199.42 -21.6138 -0.915874 2.30515
559.39 569.53 -22.6585 -0.580103 2.22442
468.13 493.48 -23.7912 -0.681716 2.00921
77.74 280.54 -21.7297 -0.837022 1.81697
620.23 373.49 -22.1211 -0.851034 2.25077
632.06 579.67 -22.2062 -0.611755 2.29042
503.62 598.26 -23.1423 -0.469581 2.13784
784.16 576.29 -21.7122 -0.665087 2.34189
733.46 380.25 -21.7791 -0.813371 2.31089
244.4 45.5 -22.6996 -1.44713 1.59195
750.1 74.1 -22.8976 -1.60141 2.54643
980.2 650 -21.4349 -0.657708 2.35574
972.4 536.9 -21.4418 -0.707846 2.35416
790.4 364 -21.6108 -0.80666 2.31199
739.7 432.9 -21.7561 -0.769752 2.31332
932.1 452.4 -21.5211 -0.750854 2.36906
897 434.2 -21.5055 -0.757964 2.34138
702 640.9 -21.8894 -0.589411 2.31939
703.3 555.1 -21.8745 -0.665999 2.31388
939.9 622.7 -21.4858 -0.663055 2.3596
941.2 678.6 -21.4826 -0.636405 2.35895
868.4 692.9 -21.5942 -0.606737 2.36451
907.4 542.1 -21.5086 -0.701273 2.35019
893.1 583.7 -21.4787 -0.680968 2.33235
968.5 132.6 -21.4225 -0.894961 2.33744
977.6 149.5 -21.402 -0.878921 2.33282
989.3 63.7 -21.3904 -0.913614 2.33204
926.9 27.3 -21.4242 -0.945613 2.31696
813.8 75.4 -22.8406 -1.58676 2.66806
768.3 304.2 -21.6784 -0.857045 2.31056
891.8 345.8 -21.4998 -0.804135 2.33402
837.2 315.9 -21.5439 -0.826078 2.31785
807.3 326.3 -21.592 -0.827709 2.31557
915.2 270.4 -21.5061 -0.848506 2.34872
483.6 400.4 -23.6677 -0.934577 2.03277
638.3 669.5 -22.0032 -0.541406 2.27951
130 447.2 -21.8794 -0.722035 1.81229
172.9 464.1 -21.84 -0.711178 1.86268
76.7 401.7 -21.7376 -0.749954 1.82612
50.7 413.4 -21.6448 -0.73771 1.85107
46.8 653.9 -21.6958 -0.583067 1.84733
72.8 633.1 -21.7223 -0.592712 1.85047
46.8 599.3 -21.6967 -0.618137 1.84226
89.7 583.7 -21.7752 -0.619157 1.83623
313.3 683.8 -21.9917 -0.513688 1.96669
556.4 123.5 -22.935 -1.46141 2.15512
540.8 158.6 -23.366 -1.52675 2.12851
465.4 227.5 -24.185 -1.54512 1.8962
630.5 197.6 -23.4434 -1.4829 2.37487
527.8 204.1 -23.9575 -1.57586 2.09442
296.4 188.5 -23.8416 -1.51897 1.42371
198.9 176.8 -23.4588 -1.41667 1.27928
325 49.4 -22.7028 -1.45788 1.72939
253.5 343.2 -21.9072 -0.823886 1.895
232.7 358.8 -21.8807 -0.805384 1.88706
721.5 466.7 -21.8086 -0.743617 2.31187
752.7 483.6 -21.7368 -0.730319 2.32081
529.1 364 -23.0349 -0.96612 2.14521
679.9 390 -21.9031 -0.815316 2.28738
832 447.2 -21.5862 -0.752406 2.33074
804.7 479.7 -21.6175 -0.733128 2.3255
187.2 425.1 -21.8589 -0.74481 1.86478
634.4 627.9 -22.1533 -0.561711 2.2923
488.8 426.4 -23.2548 -0.840769 2.06757
435.5 491.4 -23.8218 -0.677946 1.91301
608.4 367.9 -22.1452 -0.859623 2.23823
605.8 448.5 -22.2351 -0.770094 2.24947
613.6 471.9 -22.2651 -0.740909 2.2663
170.3 374.4 -21.8595 -0.783921 1.84475
152.1 382.2 -21.9244 -0.783165 1.80547
829.4 152.1 -21.5553 -0.928503 2.31193
820.3 172.9 -21.5719 -0.921093 2.31267
716.3 289.9 -21.8132 -0.894263 2.29807
692.9 299 -21.9104 -0.903023 2.29577
666.9 442 -21.988 -0.76912 2.29058
395.2 479.7 -23.6429 -0.700808 1.81731
491.4 481 -23.3551 -0.714983 2.07988
760.5 358.8 -21.6782 -0.817301 2.30812
642.2 310.7 -22.1502 -0.933172 2.27459
780 478.4 -21.6888 -0.73416 2.32923
547.3 586.3 -22.6034 -0.557331 2.20506
816.4 655.2 -21.615 -0.62425 2.33857
767 211.9 -21.6578 -0.919157 2.30141
794.3 193.7 -21.6083 -0.918342 2.30647
932.1 159.9 -21.4457 -0.888404 2.33047
695.5 579.8 -21.9071 -0.641091 2.31339
735.8 335.4 -21.7789 -0.849924 2.31048
738.4 330.2 -21.7806 -0.853918 2.31271
633.1 581.1 -22.2345 -0.60845 2.29685
698.1 448.5 -21.8139 -0.757497 2.29183
591.5 588.9 -22.4192 -0.578465 2.26116
404.3 500.5 -24.1373 -0.638546 1.79691
198.9 323.7 -21.8854 -0.834328 1.8537
198.9 351 -21.8685 -0.809498 1.86309
806 282.1 -21.6253 -0.863822 2.32166
612.3 508.3 -22.2509 -0.696438 2.26631
841.1 466.7 -21.5561 -0.740301 2.32881
871 481 -21.5153 -0.73189 2.33234
657.8 543.4 -22.0322 -0.666127 2.29681
672.1 551.2 -21.9997 -0.661751 2.30668
141.7 339.3 -21.9204 -0.820468 1.79251
882.7 468 -21.5026 -0.739425 2.33348
235.3 678.6 -21.8879 -0.535027 1.92049
895.7 391.3 -21.4867 -0.778019 2.33267
718.9 560.3 -21.7897 -0.668093 2.30995
751.4 569.4 -21.7381 -0.666037 2.32377
648.7 377 -22.206 -0.862007 2.29423
968.5 674.7 -21.4612 -0.642718 2.36276
958.1 690.3 -21.4675 -0.633435 2.36145
643.5 633.1 -22.087 -0.56538 2.29353
864.5 143 -21.5256 -0.923692 2.32309
808.6 607.1 -21.6558 -0.649666 2.34347
829.4 600.6 -21.5846 -0.661454 2.33511
739.7 283.4 -21.7107 -0.878474 2.29707
750.1 312 -21.679 -0.851531 2.29979
588.9 536.9 -22.3568 -0.652328 2.24698
469.3 509.6 -23.755 -0.636433 2.0137
245 46 -22.672 -1.43486 1.60158
770 427 -21.6838 -0.769836 2.31903
835 609 -21.5878 -0.656346 2.34023
882 65 -21.4952 -0.958555 2.32129
814 76 -22.8406 -1.58676 2.66806
325 50 -22.734 -1.47024 1.72378
170 221 -22.0088 -0.95299 1.76848
296 188 -23.9146 -1.54176 1.40586
614 471 -22.2568 -0.741599 2.2651
633 378 -22.1156 -0.846586 2.26594
587 381 -22.3605 -0.8667 2.22795
557 394 -22.6093 -0.867446 2.19578
526 550 -23.1117 -0.578585 2.17449
558 570 -22.7087 -0.575959 2.22573
573 453 -22.4708 -0.768969 2.22416
421 570 -23.8774 -0.450271 1.89386
518 452 -23.3324 -0.791721 2.14046
640 310 -22.1279 -0.930318 2.271
195 418 -21.8706 -0.75126 1.86686
597 528 -22.266 -0.667131 2.2497
267 454 -21.8906 -0.726097 1.92281
173 341 -21.8963 -0.817792 1.83067
199 351 -21.9021 -0.811358 1.8513
666 442 -21.9579 -0.767868 2.28593
674 607 -21.9976 -0.604604 2.31019
486 570 -23.3145 -0.512291 2.09095
420 530 -23.829 -0.567863 1.8837
691 442 -21.8234 -0.762537 2.2861
735 335 -21.7385 -0.843523 2.30179
638 600 -22.1469 -0.594184 2.29436
757 662 -21.7472 -0.596441 2.33395
121 301 -22.0116 -0.867042 1.73238
540 456 -22.9764 -0.774601 2.1852
503 598 -23.2558 -0.459606 2.13428
212 664 -21.9415 -0.534541 1.88585
858 202 -21.5203 -0.887918 2.3198
837 316 -21.5539 -0.828289 2.32191
683 693 -21.8268 -0.555498 2.29587
717 691 -21.7713 -0.569312 2.31059
484 400 -23.6412 -0.933893 2.0347
990 486 -21.4255 -0.731716 2.35339
108 266 -21.9838 -0.895405 1.72761
72 503 -21.7442 -0.678197 1.82981
92 492 -21.7663 -0.687851 1.83339
76 516 -21.7583 -0.669056 1.82782
638 670 -22.008 -0.540451 2.28012
172 216 -21.9996 -0.956334 1.77401
925 288 -21.5072 -0.839555 2.3545
812 421 -21.5698 -0.766753 2.315
733 547 -21.752 -0.680347 2.3126
56 602 -21.7005 -0.61587 1.84628
