1095 430 0.278651 0.122241 2.79293
230 444 2.25857 0.486131 2.32356
934 434 0.443233 0.114897 2.07676
177 373 2.17334 0.332073 2.71586
1004 389 0.349792 0.00670913 2.35476
319 264 2.25329 -0.0596834 2.1124
1093 200 0.329638 -0.314578 2.78249
275 81 2.40802 -0.53227 2.29313
350 446 2.53609 0.484164 1.0901
200.4 306 2.1578 0.170511 2.71553
717.6 399.6 1.48256 -0.404504 -4.0094
920.4 508.8 0.430532 0.315962 1.95195
168 478.8 2.1615 0.568027 2.67803
174 460.8 2.19237 0.528764 2.63358
896.4 566.4 0.457795 0.488193 1.86668
1088.4 128.4 0.351974 -0.465628 2.76801
175.2 340.8 2.18866 0.263091 2.72944
343.2 336 2.16748 0.125047 2.03163
878.4 362.4 0.552009 -0.155981 1.41224
942 355.2 0.438712 -0.119598 1.94822
312 436.8 2.40272 0.453952 1.65162
297.6 430.8 2.36848 0.436627 1.8013
938.4 388.8 0.466602 0.00660803 2.1638
993.6 134.4 0.445103 -0.630439 2.29386
276 363.6 2.30243 0.249976 2.13461
177.6 169.2 2.17433 -0.0922415 2.8787
511.2 256.8 3.89298 -1.54377 -4.30908
488.4 272.4 4.21786 -1.38496 -4.6078
486 237.6 4.22839 -1.71218 -4.39109
706.8 170.4 1.4466 -1.23101 0.0257275
837.6 316.8 0.700777 -0.318232 1.26909
183.6 261.6 2.19698 0.0872376 2.74821
258 481.2 2.26449 0.589191 2.15095
846 345.6 0.657182 -0.231196 1.21199
272.4 79.2 2.45845 -0.56165 2.23631
820.8 525.6 0.629305 0.441225 0.836429
415.2 285.6 2.49949 -0.239225 0.89489
693.6 363.6 1.71218 -0.656161 -3.5108
312 379.2 2.39242 0.261849 1.75221
339.6 238.8 2.21983 -0.151296 2.09193
968.4 292.8 0.423123 -0.260218 2.13093
234 249.6 2.2975 -0.0134004 2.44583
985.2 243.6 0.397472 -0.40091 2.13075
963.6 252 0.432733 -0.396831 2.05737
324 348 2.17491 0.177244 2.11525
159.6 291.6 2.19848 0.168343 2.80949
164.4 72 2.25828 -0.287773 2.88208
332.4 285.6 2.2032 -0.00896977 2.09299
522 66 2.38875 -1.49165 0.456074
633.6 188.4 1.73686 -0.99239 0.358443
204 564 2.21684 0.792471 2.38091
198 688.8 2.27658 1.16984 2.16554
56.4 664.8 2.0777 0.903771 2.97912
34.8 618 2.11014 0.818322 3.01398
200.4 403.2 2.17003 0.389557 2.62403
193.2 381.6 2.15044 0.343888 2.69002
75.6 472.8 2.04364 0.539363 3.09085
891.6 264 0.575963 -0.461446 1.58812
705.6 195.6 1.39729 -1.04142 0.221583
646.8 296.4 2.35355 -1.31034 -4.03118
1173.6 192 0.262139 -0.277073 2.97071
1123.2 294 0.270903 -0.134279 2.81501
829.2 645.6 0.564419 0.821974 1.34548
1155.6 547.2 0.217068 0.314504 2.96084
961.2 680.4 0.310736 0.713021 2.16454
1158 450 0.227865 0.156853 2.95347
1082.4 472.8 0.26386 0.194206 2.69676
878.4 361.44 0.555049 -0.155996 1.4074
139.68 244.8 2.08972 0.105659 3.03114
200.16 442.08 2.20333 0.4864 2.52951
187.2 440.64 2.20166 0.485254 2.58722
917.28 401.76 0.516455 0.0517299 2.18454
999.36 332.64 0.372449 -0.127983 2.32682
1006.56 384.48 0.370833 0.0167232 2.49916
285.12 387.36 2.26669 0.310836 2.12071
275.04 364.32 2.30432 0.249702 2.13522
194.4 364.32 2.17372 0.304161 2.66253
227.52 371.52 2.25866 0.300953 2.41318
257.76 480.96 2.24509 0.585847 2.18596
252 282.24 2.27856 0.0561229 2.37231
895.68 231.84 0.585663 -0.531752 1.72692
1117.44 446.4 0.249905 0.151275 2.83033
398.88 394.56 2.4986 0.236694 0.82133
371.52 397.44 2.57467 0.274831 0.909495
1095.84 214.56 0.32065 -0.289375 2.77896
187.2 178.56 2.20045 -0.0858359 2.81251
227.52 135.36 2.25733 -0.25112 2.63843
264.96 109.44 2.3759 -0.428581 2.35067
339.84 239.04 2.21745 -0.149729 2.08846
711.36 398.88 1.47803 -0.360098 -3.42661
684 401.76 1.77818 -0.327284 -3.91848
701.28 372.96 1.66815 -0.62293 -3.93266
846.72 622.08 0.518861 0.729273 1.33909
223.2 485.28 2.22435 0.588697 2.36403
227.52 449.28 2.2616 0.506328 2.32324
213.12 275.04 2.25609 0.0819841 2.55939
184.32 262.08 2.19112 0.0885906 2.75827
260.64 106.56 2.38264 -0.42872 2.35453
272.16 79.2 2.41217 -0.537664 2.30465
842.4 220.32 0.746738 -0.787981 0.90441
184.32 223.2 2.24762 -0.00500224 2.71789
984.96 243.36 0.402983 -0.391661 2.18121
838.08 237.6 0.74326 -0.679068 1.07637
659.52 370.08 2.01539 -0.514007 -3.53518
200.16 305.28 2.14407 0.170026 2.74376
324 348.48 2.17462 0.180324 2.1173
312.48 293.76 2.25037 0.0259414 2.11268
148.32 210.24 2.14968 0.018091 2.95048
142.56 348.48 2.17131 0.295768 2.84454
136.8 325.44 2.1868 0.251608 2.85844
158.4 290.88 2.19955 0.169018 2.80932
581.76 256.32 3.23954 -1.74938 -4.63157
411.84 230.4 2.59719 -0.490905 0.833605
338.4 286.56 2.18532 -0.00643605 2.09102
521.28 66.24 2.44802 -1.55086 0.301084
626.4 97.92 1.91772 -1.52831 0.119063
509.76 180 2.40373 -0.966624 0.267325
372.96 63.36 2.50018 -0.905447 1.64562
371.52 110.88 2.49739 -0.743067 1.59523
234.72 613.44 2.25598 0.959147 2.12125
110.88 606.24 2.10283 0.819356 2.83059
145.44 532.8 2.10068 0.669963 2.79567
59.04 659.52 2.08084 0.898601 2.96901
59.04 637.92 2.09544 0.857622 2.95971
308.16 408.96 2.33422 0.361737 1.82887
139.68 401.76 2.11681 0.40377 2.8867
69.12 469.44 2.04482 0.53563 3.10696
112.32 516.96 2.09078 0.631594 2.9171
604.8 538.56 2.1448 1.01945 -3.08937
591.84 534.24 2.42779 1.06615 -3.94972
629.28 613.44 1.50838 1.19645 -0.675726
339.84 649.44 2.36057 1.25877 1.15395
941.76 354.24 0.436906 -0.12327 1.93403
704.16 195.84 1.39355 -1.03377 0.253343
704.16 332.64 1.79592 -1.129 -4.76908
643.68 100.8 1.8167 -1.52041 0.146385
747.36 95.04 1.28162 -1.59404 0.190752
681.12 165.6 1.54634 -1.1808 0.220523
1104.48 288 0.301605 -0.138357 2.82719
1054.08 322.56 0.335709 -0.104977 2.63039
865.44 420.48 0.563378 0.0454822 1.35394
820.8 525.6 0.627839 0.439007 0.964483
923.04 509.76 0.429714 0.316987 1.95187
688.32 440.64 1.66602 0.0439774 -3.73959
1152 594.72 0.241477 0.389768 3.02423
1153.44 545.76 0.212835 0.315402 2.9446
1189.44 561.6 0.189319 0.328972 3.02164
1061.28 655.2 0.243787 0.548095 2.6636
1036.8 629.28 0.256822 0.518396 2.53176
1245.6 420.48 0.282461 0.143945 3.33659
1067.04 410.4 0.310116 0.0842358 2.72747
381.888 376.704 2.53776 0.174178 0.944294
528.768 146.88 2.30671 -1.11275 0.393806
834.624 305.856 0.72132 -0.369799 1.21894
846.72 622.08 0.51874 0.725017 1.36246
257.472 482.112 2.30711 0.595671 2.07309
228.096 449.28 2.22095 0.499551 2.3895
316.224 193.536 2.28782 -0.262077 2.15091
349.056 447.552 2.447 0.480446 1.28747
694.656 362.88 1.73562 -0.681849 -3.69285
872.64 642.816 0.476086 0.717442 1.77325
960.768 285.12 0.441283 -0.296637 2.10695
1000.51 333.504 0.370878 -0.127861 2.32676
869.184 330.048 0.595664 -0.267825 1.39729
260.928 105.408 2.37194 -0.428234 2.37376
891.648 235.008 0.594967 -0.548803 1.60325
1099.01 216 0.325614 -0.280715 2.80416
1093.82 200.448 0.32902 -0.315234 2.78228
340.416 203.904 2.25593 -0.265574 2.06965
283.392 241.92 2.42763 -0.12264 2.03451
355.968 577.152 2.46762 1.01229 0.925489
416.448 333.504 2.4444 -0.0336015 0.905921
317.952 264.384 2.20738 -0.0481773 2.19798
250.56 281.664 2.26301 0.0624755 2.40989
200.448 304.128 2.15914 0.170322 2.71626
324.864 347.328 2.19374 0.176361 2.07647
312.768 293.76 2.19366 0.0390447 2.21124
44.928 250.56 2.18283 0.162359 3.14105
176.256 340.416 2.14966 0.262956 2.78148
138.24 324.864 2.19752 0.250115 2.84306
158.976 292.032 2.20242 0.167639 2.80965
165.888 72.576 2.24929 -0.291912 2.88148
164.16 44.928 2.1383 -0.291193 3.04376
67.392 169.344 2.22917 -0.00305646 3.0909
412.992 229.824 2.61153 -0.497408 0.800996
383.616 352.512 2.57293 0.0728947 0.897447
343.872 335.232 2.18005 0.120064 2.00413
352.512 309.312 2.206 0.027689 1.94139
554.688 51.84 2.27979 -1.64391 0.358171
509.76 179.712 2.32675 -0.905809 0.50297
523.584 124.416 2.35831 -1.22863 0.386751
371.52 110.592 2.52749 -0.76425 1.5355
364.608 143.424 2.41857 -0.576104 1.72123
243.648 532.224 2.22711 0.725825 2.22728
252.288 625.536 2.25645 1.01033 2.00642
53.568 528.768 2.02562 0.634394 3.12445
77.76 639.36 2.08949 0.860192 2.92496
58.752 639.36 2.06739 0.847406 3.00028
250.56 406.08 2.22428 0.378912 2.32806
200.448 442.368 2.19742 0.483661 2.54106
221.184 395.712 2.20122 0.367805 2.4988
307.584 409.536 2.31476 0.365399 1.87596
84.672 490.752 2.02764 0.5658 3.08052
606.528 613.44 1.70103 1.25978 -1.06366
599.616 634.176 1.60264 1.25699 -0.313169
362.88 527.04 2.49328 0.808563 0.885597
378.432 494.208 2.54373 0.692383 0.703981
366.336 492.48 2.43996 0.655982 1.06115
734.4 207.36 1.25492 -1.04509 0.110236
706.752 309.312 1.80513 -1.36926 -4.72041
646.272 292.032 2.28701 -1.27808 -3.66203
746.496 95.04 1.31067 -1.66582 0.00751728
724.032 153.792 1.31536 -1.20285 0.419527
725.76 150.336 1.36507 -1.33954 0.0606364
983.232 222.912 0.431636 -0.422355 2.24649
1062.72 312.768 0.336215 -0.108379 2.70419
950.4 164.16 0.504711 -0.626958 2.06605
673.92 552.96 1.35462 0.865375 -1.18298
722.304 566.784 1.13967 1.03011 -2.95604
784.512 668.736 0.658859 1.08275 0.458769
744.768 368.064 1.26406 -0.751014 -3.9126
675.648 468.288 1.72259 0.331969 -3.75718
1157.76 419.904 0.230048 0.105218 2.93424
1175.04 447.552 0.252571 0.164869 3.07459
979.776 421.632 0.379739 0.0833908 2.27833
1022.98 452.736 0.323223 0.154195 2.48373
955.584 473.472 0.397556 0.211901 2.1606
393.984 431.309 2.67742 0.407181 0.358212
819.072 377.395 0.720757 -0.137139 0.864065
837.734 236.39 0.746507 -0.690786 0.985428
257.126 138.931 2.26056 -0.292076 2.52602
284.083 385.69 2.26678 0.308626 2.12124
267.494 400.205 2.32116 0.357773 2.07488
891.648 261.274 0.575028 -0.470768 1.5675
902.016 464.486 0.475828 0.196384 1.77934
978.739 155.52 0.456639 -0.596208 2.24926
958.003 141.005 0.508498 -0.665346 2.18758
337.997 238.464 2.2151 -0.148789 2.0875
317.261 263.347 2.21839 -0.0528291 2.17395
232.243 323.482 2.2751 0.176481 2.41174
311.04 292.378 2.20385 0.022928 2.18816
174.182 263.347 2.2308 0.0977197 2.74878
62.208 298.598 2.13835 0.241105 3.12747
199.066 85.0176 2.21547 -0.293609 2.81095
331.776 66.3552 2.38534 -0.693925 2.0684
290.304 62.208 2.36196 -0.587152 2.32351
275.789 161.741 2.30843 -0.284034 2.3303
49.7664 95.3856 2.10106 -0.072381 3.2814
607.565 257.126 3.0534 -1.86374 -5.11142
524.621 337.997 5.7937 -1.58669 -11.3554
412.646 230.17 2.58596 -0.489968 0.862747
383.616 352.512 2.4899 0.0859568 1.07699
346.291 333.85 2.1799 0.119827 2.00279
555.725 51.84 2.30559 -1.67758 0.269622
371.174 62.208 2.49867 -0.900632 1.65112
327.629 574.387 2.30378 0.928871 1.51311
252.979 624.154 2.28251 1.02229 1.94827
55.9872 528.768 2.04453 0.636218 3.10341
122.342 537.062 2.08389 0.673361 2.88181
76.7232 636.595 2.09347 0.859521 2.92061
111.974 605.491 2.09748 0.820081 2.83747
248.832 404.352 2.23373 0.377672 2.31169
199.066 441.677 2.20467 0.482677 2.5328
313.114 379.469 2.38424 0.262246 1.76442
213.581 508.032 2.17505 0.64023 2.46983
228.096 447.898 2.21821 0.497403 2.39357
138.931 400.205 2.08609 0.399011 2.92484
155.52 520.474 2.13429 0.654422 2.71508
109.901 516.326 2.10554 0.636591 2.89843
170.035 454.118 2.14983 0.515181 2.70246
561.946 528.768 2.31333 0.916423 -2.11549
510.106 564.019 2.66378 1.23919 -2.15549
605.491 537.062 2.18003 1.02421 -3.26104
402.278 590.976 2.77959 1.27923 -0.41874
340.07 651.11 2.37487 1.26959 1.1022
601.344 503.885 2.33437 0.756026 -3.6135
337.997 433.382 2.4428 0.433278 1.37812
400.205 391.91 2.49883 0.23075 0.818572
364.954 491.443 2.4598 0.654948 1.01494
371.174 474.854 2.49456 0.596508 0.915843
856.397 255.053 0.667327 -0.590318 1.15833
939.341 223.949 0.503899 -0.460931 2.0729
850.176 290.304 0.67899 -0.43873 1.19655
734.055 205.286 1.23104 -0.997134 0.305419
941.415 194.918 0.500215 -0.585682 1.93192
696.73 89.1648 1.51524 -1.55258 0.300605
649.037 62.208 1.8024 -1.68853 0.241041
761.011 111.974 1.2239 -1.62304 -0.0843827
746.496 95.3856 1.3145 -1.676 -0.0214741
723.687 153.446 1.37832 -1.33466 0.0474134
1101.08 288.23 0.29604 -0.144002 2.78709
1175.73 122.342 0.277575 -0.390038 2.99683
949.709 163.814 0.508126 -0.612796 2.12249
1090.71 184.55 0.333881 -0.346929 2.76632
657.331 622.08 1.35948 1.18891 -0.744977
916.531 402.278 0.517936 0.0528769 2.20277
920.679 510.106 0.433393 0.319839 1.97457
889.575 503.885 0.478395 0.318201 1.68927
673.92 468.634 1.70182 0.33525 -3.51419
1210.98 665.626 0.17743 0.468041 3.08174
1084.49 582.682 0.272131 0.395791 2.80587
1032.65 628.301 0.248066 0.524457 2.46992
1086.57 389.837 0.28862 0.050497 2.76128
953.856 472.781 0.394754 0.211454 2.13026
1020.21 452.045 0.32397 0.15437 2.50251
811.192 403.108 0.735923 -0.0692588 0.39176
734.055 204.042 1.26597 -1.08226 -0.0304138
744.008 94.5562 1.29977 -1.63236 0.101671
706.683 311.04 1.7925 -1.35366 -4.64336
527.524 149.299 2.34844 -1.14874 0.257172
522.547 124.416 2.41874 -1.28323 0.176656
644.475 99.5328 1.82235 -1.51968 0.184601
554.895 52.2547 2.28647 -1.64823 0.331736
522.547 67.1846 2.40088 -1.49973 0.440061
634.522 186.624 1.77518 -1.05256 0.179649
106.998 567.337 2.15403 0.7518 2.79167
67.1846 559.872 2.03477 0.698866 3.06623
1127.21 629.545 0.209491 0.457902 2.88277
1099.84 288.645 0.302908 -0.140434 2.81634
49.7664 639.498 2.09971 0.862071 2.98074
74.6496 637.01 2.08739 0.859118 2.93657
343.388 654.428 2.34986 1.28281 1.11914
1052.56 537.477 0.283411 0.333984 2.6254
629.545 328.458 2.50773 -0.957178 -4.15514
1012.75 669.358 0.284607 0.617038 2.52211
1012.75 634.522 0.274244 0.551049 2.39389
1164.53 582.267 0.224567 0.369216 3.01702
1172 542.454 0.191884 0.306733 2.95518
517.571 316.017 5.27799 -1.67189 -9.1057
1087.4 490.199 0.260119 0.233511 2.71001
1032.65 627.057 0.252106 0.52236 2.49658
136.858 390.666 2.10845 0.380972 2.90797
360.806 527.524 2.49628 0.808877 0.87884
1077.44 348.365 0.314258 -0.031672 2.74437
1055.05 316.017 0.341634 -0.108877 2.67131
1065 223.949 0.359188 -0.273424 2.75318
903.26 659.405 0.398637 0.73328 1.8744
920.679 614.615 0.39382 0.590479 1.96849
248.832 283.669 2.28714 0.0645325 2.36853
985.375 495.176 0.356969 0.260079 2.32395
953.027 472.781 0.398751 0.212573 2.17528
87.0912 216.484 2.11022 0.0909923 3.13074
1007.77 383.201 0.349459 -0.00568716 2.3533
283.669 385.69 2.26997 0.306783 2.12079
373.248 236.39 2.32191 -0.257773 1.71716
870.912 338.412 0.590343 -0.225859 1.40279
883.354 293.622 0.562984 -0.424888 1.27912
333.435 286.157 2.18498 -0.00363681 2.11302
948.05 161.741 0.509752 -0.617337 2.10791
960.492 139.346 0.49589 -0.720711 2.03402
388.178 410.573 2.54072 0.31443 0.781358
283.669 599.685 2.23297 0.946321 1.90784
875.889 363.295 0.553913 -0.167243 1.27523
283.669 597.197 2.41392 1.01519 1.5458
370.76 475.269 2.51121 0.602778 0.877895
920.679 510.106 0.434717 0.318675 1.95235
888.33 502.641 0.483042 0.314965 1.69618
199.066 84.6029 2.16465 -0.279617 2.89676
303.575 171.694 2.26369 -0.290963 2.28748
843.541 370.76 0.646911 -0.141256 1.17376
189.112 268.739 2.20607 0.0919138 2.73431
316.017 263.762 2.24468 -0.0529902 2.12283
273.715 266.25 2.4514 -0.0456107 2.0119
796.263 574.802 0.670804 0.676096 0.557528
306.063 442.921 2.3932 0.466076 1.67333
278.692 445.409 2.27055 0.483646 2.07237
689.265 437.944 1.73155 0.0251242 -4.38582
674.335 437.944 1.74677 0.0585456 -3.67727
848.517 291.133 0.677254 -0.431 1.18772
555.393 56.7337 2.28087 -1.64864 0.321049
668.861 167.215 1.63664 -1.22025 0.0514763
674.833 474.772 1.78899 0.391696 -4.185
1116.76 259.781 0.287795 -0.197343 2.80806
1188.42 68.6776 0.290732 -0.456057 3.06909
71.6636 636.015 2.09507 0.854114 2.94107
107.495 597.197 2.11947 0.803607 2.8281
158.257 519.561 2.12838 0.656793 2.72137
1021.21 453.87 0.317994 0.178165 2.48594
1086.9 582.267 0.269342 0.40069 2.80688
167.215 74.6496 2.27013 -0.300559 2.8514
1101.83 421.024 0.271485 0.103564 2.80646
59.7197 89.5795 2.1208 -0.100089 3.25887
609.141 301.584 3.27109 -1.62259 -6.42669
1066 223.949 0.351476 -0.289093 2.68315
1060.02 612.127 0.241204 0.475344 2.6057
1018.22 122.425 0.414698 -0.647635 2.36191
361.304 140.341 2.39385 -0.565551 1.78827
352.346 579.281 2.54715 1.04616 0.739099
1098.84 289.641 0.295923 -0.150184 2.76451
997.319 588.239 0.317408 0.466416 2.38464
1173.49 540.463 0.189959 0.307594 2.95505
247.837 283.669 2.28696 0.0650558 2.37688
343.388 331.444 2.13999 0.119421 2.09491
994.333 191.103 0.426426 -0.484379 2.29429
1054.05 316.514 0.331284 -0.124194 2.59013
116.453 268.739 2.17585 0.154351 2.9529
140.341 322.486 2.18267 0.246902 2.85199
241.865 531.505 2.25336 0.729301 2.18072
140.341 400.122 2.10163 0.39757 2.90565
391.164 412.066 2.55189 0.30724 0.759243
262.767 104.509 2.38752 -0.437564 2.35755
686.776 370.262 1.60939 -0.488176 -2.44994
877.879 364.29 0.557359 -0.151543 1.29818
337.416 113.467 2.18369 -0.473505 2.31007
286.655 65.6917 2.33919 -0.56181 2.37885
370.262 474.772 2.48276 0.597066 0.961214
770.384 495.673 0.860606 0.396551 -0.814041
874.893 555.393 0.491628 0.487655 1.49163
268.739 498.659 2.26904 0.634953 2.07066
265.753 444.912 2.28663 0.493214 2.10374
229.921 447.898 2.22733 0.497723 2.37477
283.669 597.197 2.23332 0.939887 1.91482
871.907 337.416 0.594832 -0.216344 1.52529
627.057 462.828 1.90299 0.35424 -2.0218
851.006 489.701 0.57345 0.291548 1.33859
274.711 158.257 2.23393 -0.253928 2.47916
988.361 238.879 0.400379 -0.401801 2.16261
946.557 235.893 0.485248 -0.427654 2.04512
185.131 438.94 2.18812 0.475657 2.61559
982.389 283.669 0.386766 -0.271913 2.15689
889.823 501.645 0.479917 0.312418 1.69291
307.556 441.926 2.46493 0.481217 1.55661
800.244 552.407 0.689584 0.587893 0.574009
734.552 203.047 1.23635 -1.01435 0.224252
743.51 95.5515 1.30049 -1.63069 0.105804
734.552 223.949 1.56581 -1.94868 -3.38671
465.814 639.001 2.16665 1.32775 0.185943
513.589 259.781 3.72951 -1.45867 -3.91379
867.13 207.825 0.651442 -0.722482 1.37355
118.245 157.66 2.23478 -0.0867813 2.96085
68.0805 168.41 2.2486 -0.0100945 3.06664
121.828 537.477 2.12523 0.67945 2.8198
168.41 128.995 2.2338 -0.183632 2.86069
197.075 78.83 2.2277 -0.311205 2.80101
920.878 616.307 0.405143 0.587641 2.07567
863.547 605.558 0.499722 0.636858 1.61791
971.042 580.475 0.349685 0.460979 2.32987
999.708 530.311 0.325546 0.319281 2.40414
956.709 523.145 0.400913 0.334502 2.3815
1078.54 347.569 0.315857 -0.0338076 2.74442
1117.95 293.821 0.26954 -0.135489 2.8036
1085.7 580.475 0.270846 0.394485 2.80771
1146.62 512.395 0.228428 0.266299 2.93438
978.209 347.569 0.397852 -0.0898434 2.3268
189.909 268.739 2.21335 0.0927525 2.72259
132.578 240.073 2.1013 0.10232 3.0325
369.068 476.563 2.55092 0.597121 0.813711
286.655 68.0805 2.36795 -0.589981 2.30956
795.466 637.806 0.642173 0.931273 0.509172
902.962 304.57 0.535328 -0.317953 1.5928
910.128 433.565 0.498563 0.135474 2.05907
412.066 229.324 2.57917 -0.491529 0.886541
981.792 415.649 0.375242 0.0682609 2.22815
164.826 458.647 2.08485 0.502435 2.82146
250.823 132.578 2.25575 -0.294997 2.56606
236.49 71.6636 2.33415 -0.444714 2.55423
343.985 329.653 2.11914 0.123974 2.12905
308.154 322.486 2.16082 0.110097 2.28209
164.826 340.402 2.21841 0.261223 2.71362
139.744 322.486 2.22812 0.238129 2.79387
272.322 157.66 2.22843 -0.254841 2.47911
1117.95 447.898 0.251998 0.158241 2.83435
336.819 433.565 2.39311 0.435298 1.51209
193.492 397.733 2.13774 0.370983 2.70319
139.744 390.567 2.0778 0.381343 2.95324
985.375 240.073 0.399617 -0.387296 2.21379
713.053 447.898 1.39316 0.0887127 -3.34894
813.382 379.817 0.718701 -0.115253 0.992655
870.713 555.393 0.494544 0.482033 1.61704
300.987 440.731 2.35863 0.452474 1.78364
698.72 189.909 1.47242 -1.13311 -0.0360861
741.719 96.7459 1.31488 -1.63524 0.0865595
834.881 207.825 0.783072 -0.836573 0.935066
78.83 487.313 2.0306 0.563086 3.0918
93.1627 386.984 2.112 0.386296 3.02738
71.6636 637.806 2.08921 0.859224 2.9373
598.391 71.6636 2.10871 -1.66157 0.0723506
555.393 68.0805 2.28231 -1.58256 0.238059
512.395 261.572 3.72951 -1.45867 -3.91379
111.079 297.404 2.16342 0.209333 2.97583
322.486 374.084 2.2069 0.249105 2.05174
920.161 348.285 0.47549 -0.157944 1.84664
141.894 391.283 2.0778 0.381343 2.95324
141.894 206.391 2.13986 0.024544 2.99575
184.892 167.693 2.3005 -0.139115 2.67979
171.993 262.289 2.22646 0.101673 2.76364
313.887 120.395 2.34749 -0.488359 2.14566
984.658 412.783 0.379522 0.0720487 2.2956
425.682 408.483 2.50149 0.281784 0.562023
632.073 374.084 2.31925 -0.499029 -3.89183
601.975 378.384 2.32915 -0.294776 -2.5911
167.693 339.686 2.20607 0.26736 2.73196
197.792 300.987 2.22639 0.157027 2.64362
326.786 567.576 2.22016 0.879282 1.72156
300.987 515.978 2.3794 0.729007 1.62596
1074.95 141.894 0.357546 -0.458458 2.70237
240.79 210.691 2.27634 -0.11263 2.47031
249.389 159.093 2.29244 -0.242605 2.4796
855.664 335.386 0.635841 -0.253417 1.30705
675.071 395.583 1.87177 -0.361117 -4.15999
227.89 472.98 2.21523 0.565962 2.37644
232.19 447.181 2.29493 0.502083 2.2419
984.658 214.991 0.429087 -0.439838 2.22736
812.666 378.384 0.747726 -0.141122 0.697003
275.188 262.289 2.48812 -0.0673107 1.97514
984.658 455.781 0.378534 0.168079 2.31806
1105.05 417.082 0.269945 0.0947962 2.80527
1049.16 541.777 0.290668 0.346397 2.62941
997.558 528.878 0.34015 0.329201 2.50504
696.57 189.192 1.43715 -1.02859 0.362545
644.973 90.2962 1.81219 -1.51746 0.213719
593.375 507.379 1.91689 0.713847 -1.13822
558.976 511.678 2.69081 0.90875 -3.50079
189.192 438.581 2.18944 0.480701 2.61704
180.592 515.978 2.09206 0.645656 2.72102
283.788 593.375 2.29502 0.954663 1.84721
266.589 507.379 2.13765 0.645481 2.31257
541.777 318.187 5.39725 -1.9054 -10.9425
580.475 253.689 3.25011 -1.75844 -4.65802
511.678 262.289 4.41417 -1.83033 -5.98017
81.6965 210.691 2.13754 0.0766087 3.12736
197.792 81.6965 2.17752 -0.28521 2.87852
111.795 292.388 2.16712 0.205402 2.97767
227.89 322.486 2.27648 0.178872 2.41604
1062.92 221.871 0.35562 -0.286056 2.73141
185.752 268.309 2.2276 0.0883681 2.71018
185.752 170.273 2.29067 -0.133962 2.67884
345.705 330.226 2.1684 0.103482 2.03523
330.226 294.108 2.20791 0.00169177 2.10194
304.427 325.066 2.21213 0.11795 2.19581
361.185 479.86 2.60789 0.608629 0.708636
1006.16 392.143 0.345638 0.0196746 2.3547
242.51 237.35 2.30545 -0.0418824 2.44736
227.03 474.7 2.25057 0.567933 2.29676
278.628 443.741 2.22609 0.455923 2.15944
356.025 531.458 2.46095 0.815574 1.01782
675.931 402.463 1.82419 -0.317633 -3.80197
1119.67 448.901 0.267222 0.16692 2.91366
629.493 428.262 1.88304 0.110371 -1.85693
902.962 304.427 0.537867 -0.287923 1.83988
980.359 252.829 0.387978 -0.38513 2.14561
247.67 206.391 2.27828 -0.123182 2.47162
810.086 381.824 0.764469 -0.127666 0.79718
913.281 263.149 0.508439 -0.439783 1.663
851.364 278.628 0.671584 -0.433518 1.3727
1166.11 412.783 0.23071 0.100826 2.96413
918.441 619.174 0.391207 0.596429 1.97014
1057.76 614.014 0.241295 0.475837 2.56077
763.648 557.256 0.833995 0.72204 -0.648231
866.843 608.854 0.496682 0.632939 1.68098
1078.39 170.273 0.343351 -0.380383 2.7316
1052.6 319.906 0.338818 -0.11144 2.63215
939.08 356.025 0.4488 -0.114781 1.93414
1088.71 294.108 0.303993 -0.144496 2.74405
732.689 201.231 1.26485 -1.04208 0.183174
743.009 98.0359 1.32688 -1.63995 0.0824917
423.102 412.783 2.53222 0.276685 0.498263
593.375 510.818 2.36357 0.793234 -3.3264
304.427 443.741 2.34381 0.453049 1.81414
319.906 371.504 2.21682 0.246957 2.02736
232.19 386.984 2.24098 0.33393 2.40704
510.818 175.433 2.18132 -0.80932 0.915312
531.458 149.634 2.03728 -0.877538 1.143
624.334 335.386 2.43117 -0.883989 -3.77538
536.617 319.906 5.39725 -1.9054 -10.9425
510.818 263.149 4.09292 -1.64353 -4.98707
139.314 206.391 2.15078 0.0210994 2.97627
170.273 139.314 1.92269 -0.0473006 3.24773
134.154 123.835 2.08707 -0.102254 3.11701
108.355 294.108 2.1788 0.202233 2.96996
227.03 325.066 2.34039 0.186986 2.33412
674.9 377.696 1.80238 -0.571054 -4.0122
835.885 427.23 0.639364 0.0554331 0.830178
879.227 526.298 0.508021 0.393097 1.48439
848.268 260.053 0.70928 -0.33373 2.09805
222.903 272.436 2.24955 0.0678948 2.54901
755.392 365.313 1.24798 -0.732283 -3.74091
811.118 377.696 0.749654 -0.127065 0.76802
272.436 260.053 2.37551 -0.051728 2.17211
346.737 216.711 2.21759 -0.221782 2.08946
359.121 260.053 2.29195 -0.156659 1.84377
328.162 247.67 2.22585 -0.108889 2.10981
891.61 414.846 0.53042 0.0484785 1.69592
996.87 526.298 0.332579 0.33759 2.42254
1157.86 594.407 0.234479 0.389319 3.02304
1095.94 575.832 0.281658 0.385881 2.9336
990.678 210.519 0.433893 -0.420308 2.31178
965.911 210.519 0.468351 -0.478823 2.09398
1003.06 123.835 0.431033 -0.614584 2.43072
984.486 253.861 0.394728 -0.371732 2.15043
1089.75 291.012 0.311935 -0.145686 2.72864
736.817 148.602 1.30026 -1.41555 -0.0639894
637.749 371.504 2.10098 -0.460083 -2.83312
396.271 594.407 2.66334 1.24054 -0.0176603
427.23 501.531 3.57871 0.992999 -2.63069
142.41 390.08 2.1231 0.379535 2.87562
235.286 383.888 2.23194 0.335493 2.40484
179.56 513.914 2.13062 0.650448 2.64323
532.49 148.602 2.33943 -1.13615 0.278801
309.587 142.41 2.34921 -0.428215 2.15466
191.944 297.203 2.22363 0.157804 2.65769
123.835 235.286 2.11343 0.0986519 3.0293
936.191 527.536 0.345906 0.373407 1.70087
906.471 534.966 0.43845 0.425119 1.81482
690.998 401.225 1.68306 -0.287746 -2.82905
653.848 416.085 1.95198 -0.109919 -3.05402
705.858 445.805 1.36176 0.0361779 -2.52254
913.901 267.483 0.51629 -0.373765 1.97458
980.771 453.235 0.377141 0.163951 2.36487
1003.06 416.085 0.35119 0.0707386 2.36309
995.632 527.536 0.324117 0.32984 2.31654
713.288 393.795 1.34494 -0.347057 -2.43162
780.159 371.504 0.830653 -0.428387 -1.28256
757.869 549.826 0.792013 0.655876 -0.819324
765.299 497.816 0.818451 0.382313 1.0769
869.32 557.256 0.549952 0.45901 2.35198
1062.5 215.473 0.353198 -0.326534 2.70372
1099.65 156.032 0.30107 -0.451455 2.64145
980.771 349.214 0.400601 -0.0911898 2.30026
928.761 356.644 0.482632 -0.0775168 2.25781
980.771 252.623 0.379035 -0.420104 1.95849
728.148 193.182 1.39241 -1.27881 -0.63609
861.89 237.763 0.670228 -0.637392 1.33017
416.085 438.375 2.71906 0.425988 -0.021086
364.074 423.515 2.50508 0.379546 1.06476
319.494 364.074 2.14351 0.246227 2.18712
349.214 557.256 2.49141 0.943117 0.921681
312.064 505.246 2.30309 0.668663 1.76016
512.676 170.892 2.40866 -1.00037 0.268325
624.127 334.354 1.82328 -0.47733 -0.734934
534.966 319.494 4.54219 -1.49113 -7.71629
512.676 260.053 4.06132 -1.61421 -4.75223
245.193 200.612 2.34173 -0.147001 2.3734
304.634 200.612 2.36642 -0.262171 2.14845
260.053 178.322 2.27694 -0.220903 2.42607
222.903 334.354 2.14894 0.221169 2.64718
141.172 319.494 2.21979 0.226715 2.79851
185.752 267.483 2.22976 0.0834284 2.70279
178.322 297.203 2.1603 0.172676 2.76387
349.214 326.924 2.13654 0.111085 2.08889
936.191 454.721 0.482904 0.177581 2.15163
722.204 320.98 1.56373 -1.06267 -3.37866
722.204 196.154 1.3615 -1.15202 -0.114314
499.302 249.651 3.93568 -1.5669 -4.45752
419.057 249.651 2.63634 -0.44938 0.601968
240.735 472.554 3.84269 0.802389 -0.392877
178.322 517.134 2.17007 0.645245 2.57841
356.644 427.973 2.55323 0.385973 0.97847
196.154 231.819 2.1795 0.0177644 2.78864
240.735 196.154 2.28984 -0.136032 2.48737
222.903 338.812 2.28094 0.218502 2.43023
178.322 258.567 2.28695 0.0604201 2.6354
240.735 365.56 2.25608 0.302188 2.37856
187.238 365.56 2.25996 0.304865 2.58469
356.644 499.302 2.51789 0.703203 0.983491
980.771 490.386 0.365338 0.241361 2.31049
641.96 374.476 1.79155 -0.344927 -1.08998
1025.35 463.637 0.321151 0.179204 2.48874
285.315 169.406 2.3411 -0.271757 2.24457
980.771 258.567 0.395429 -0.37737 2.08087
312.064 356.644 2.26644 0.207573 2.00214
980.771 454.721 0.360854 0.142967 2.06544
410.141 436.889 2.80856 0.43704 -0.264835
838.114 427.973 0.629671 0.0786669 1.23609
