1215 268 0.199773 -1.95273 4.86708
1038.4 223.3 0.562071 -1.98619 5.01775
1028.5 151.8 0.558772 -2.05541 4.99992
1190.64 332.75 0.192475 -1.92197 4.89092
1228.15 101.64 0.229369 -2.03811 4.82938
1232.99 61.71 0.237859 -2.05923 4.82084
1202.74 143.99 0.221819 -2.02124 4.85038
1023.66 79.86 0.577852 -2.11792 4.98293
1028.5 151.25 0.542652 -2.05475 4.99606
1079.32 533.61 0.0210445 -1.883 4.95118
1078.11 456.17 0.104354 -1.89435 4.95742
1078.11 455.202 0.102831 -1.89465 4.95702
1096.74 348.722 0.216948 -1.92605 4.94974
1028.86 150.403 0.56423 -2.0555 5.00099
1028.86 67.881 0.574317 -2.12785 4.97264
1030.19 27.951 0.56141 -2.16061 4.95593
1202.03 143.482 0.213598 -2.02218 4.84979
1228.38 99.5588 0.236446 -2.03898 4.83025
1231.31 61.4922 0.229478 -2.05848 4.82088
1013.16 133.233 0.625741 -2.0751 5.01911
1077.58 455.335 0.132775 -1.88731 4.96606
1029.26 150.802 0.579104 -2.05515 5.00311
1201.44 143.335 0.213598 -2.02218 4.84979
1077.43 454.164 0.127068 -1.88927 4.96434
1009.79 243.187 0.57682 -1.97729 5.05409
1019.45 214.198 0.56389 -2.00243 5.03109
1243.31 365.586 0.119905 -1.91366 4.86781
1228.82 99.8516 0.221515 -2.03991 4.82926
1077.11 453.52 0.094475 -1.89894 4.95491
1000.93 67.3193 0.62839 -2.14517 5.00475
1098.37 348.998 0.167018 -1.93487 4.93764
1034.59 572.214 0.0959289 -1.83648 5.00451
1213.52 191.329 0.21839 -1.99304 4.85477
1209.98 226.76 0.225459 -1.97366 4.86445
1054.26 190.974 0.583353 -2.00795 4.99712
1023.08 83.7948 0.567548 -2.11644 4.98223
1241.33 364.41 0.119905 -1.91366 4.86781
1200.41 142.256 0.22112 -2.02203 4.85057
1227.69 99.3846 0.222269 -2.03973 4.82924
1097.13 348.82 0.182152 -1.93257 4.94045
1208.2 226.051 0.214713 -1.97414 4.86385
1022.49 70.7384 0.580286 -2.12999 4.9803
1114.67 458.728 0.0945191 -1.89125 4.93753
1228.28 98.6051 0.23544 -2.04038 4.83004
1035.35 231.508 0.600785 -1.97972 5.03378
1097.52 349.405 0.188943 -1.93142 4.94213
1208.98 225.077 0.218697 -1.97485 4.86313
1023.35 84.8861 0.565965 -2.11492 4.9835
1115.31 457.442 0.103185 -1.888 4.93771
1054 146.193 0.58024 -2.04833 4.98322
1211.99 190.994 0.229314 -1.99248 4.85705
1228.49 96.6759 0.220394 -2.04061 4.829
1016.28 212.215 0.600154 -2.00375 5.0422
1098.8 346.618 0.199042 -1.93003 4.94447
254.658 273.522 -0.168713 -2.15085 5.17844
96.6759 205.141 -0.189619 -2.2111 5.23545
58.9487 344.26 -0.217056 -2.15918 5.26517
334.829 94.3179 0.345665 -2.43238 5.59612
47.159 672.015 -0.24498 -2.0252 5.35298
103.75 466.874 -0.218337 -2.10153 5.27264
502.243 650.794 -0.0965998 -1.93043 5.21957
426.789 610.709 -0.150047 -1.97921 5.19166
570.623 495.169 0.0936208 -1.96483 5.29861
459.8 466.874 -0.0833997 -2.03126 5.20211
804.06 344.26 0.507061 -1.9638 5.27519
733.322 212.215 2.46088 -2.24522 6.24238
900.736 188.636 0.609156 -2.07446 5.14248
978.548 252.3 0.573148 -1.9828 5.0859
978.548 110.824 0.571173 -2.10983 5.03018
801.702 363.124 0.525989 -1.94305 5.29723
539.97 202.784 0.445703 -2.22531 5.47281
516.391 315.965 0.0311495 -2.09468 5.2233
341.902 297.101 -0.155313 -2.12384 5.15009
398.493 318.323 -0.153109 -2.10298 5.1267
410.283 323.039 -0.113045 -2.1053 5.16049
478.663 391.419 -0.050746 -2.0633 5.19989
254.658 320.681 -0.171347 -2.13168 5.19025
360.766 471.59 -0.166985 -2.05188 5.17349
398.493 445.652 -0.15119 -2.05383 5.1614
363.124 495.169 -0.158115 -2.04153 5.18881
393.777 492.811 -0.153094 -2.03703 5.17349
325.397 358.408 -0.158397 -2.10285 5.17246
556.476 124.971 0.598466 -2.32753 5.5124
556.476 167.414 0.498617 -2.26182 5.4716
360.766 622.498 -0.168816 -1.98752 5.21587
589.487 176.846 0.795945 -2.28928 5.62611
610.709 169.772 0.883731 -2.29701 5.63983
424.431 44.801 0.42461 -2.4461 5.51786
471.59 54.2328 0.468738 -2.42 5.49486
476.306 117.897 0.43031 -2.34515 5.49757
294.743 627.214 -0.191218 -1.99785 5.23095
301.817 622.498 -0.179489 -1.99746 5.2428
641.362 136.761 1.0375 -2.34781 5.65512
313.607 379.63 -0.164514 -2.09772 5.1771
799.344 209.857 0.556877 -2.0966 5.24465
832.356 209.857 0.518615 -2.08209 5.188
549.402 82.5282 0.50676 -2.35268 5.4349
245.227 488.095 -0.177771 -2.06705 5.23915
693.237 51.8749 1.7304 -2.59472 5.81865
360.766 51.8749 0.3776 -2.46255 5.56554
379.63 56.5908 0.412919 -2.45944 5.57194
853.577 61.3066 0.569557 -2.2161 5.12184
801.702 117.897 0.501333 -2.1792 5.17419
844.145 96.6759 0.531455 -2.17809 5.1328
311.249 471.59 -0.164583 -2.06102 5.20726
273.522 488.095 -0.177734 -2.0608 5.21957
214.573 393.777 -0.195136 -2.10809 5.20382
216.931 405.567 -0.183689 -2.10575 5.22319
160.34 561.192 -0.209357 -2.05216 5.2781
240.511 141.477 -0.138158 -2.21364 5.18585
252.3 193.352 -0.160085 -2.18136 5.16757
174.488 73.0964 0.450023 -2.64908 5.9726
143.835 615.424 -0.215788 -2.03116 5.30057
136.761 646.078 -0.219657 -2.01857 5.31226
186.278 669.657 -0.215356 -1.99796 5.29105
631.93 70.7384 1.23619 -2.50124 5.72004
629.572 99.0338 1.13662 -2.43443 5.69571
186.278 231.079 -0.178534 -2.18008 5.19601
483.379 306.533 -0.0142002 -2.10821 5.20527
813.492 127.329 0.582574 -2.17588 5.19623
832.356 193.352 0.526122 -2.09873 5.18304
455.084 252.3 0.011317 -2.1487 5.22911
60.0205 347.261 -0.217794 -2.15884 5.26487
252.944 192.923 -0.157429 -2.1824 5.17119
214.359 394.42 -0.181165 -2.11112 5.22278
501.6 636.646 -0.0876534 -1.93535 5.22499
570.195 495.169 0.0902737 -1.96489 5.29598
733.107 212.215 2.27267 -2.23397 6.15297
900.307 190.779 0.627123 -2.07371 5.14998
773.836 83.6 2.27125 -2.52187 5.87413
977.477 250.8 0.573148 -1.9828 5.0859
949.61 100.749 0.552367 -2.13189 5.04644
949.61 135.046 0.538836 -2.10149 5.05664
540.184 201.497 0.467927 -2.22888 5.48846
478.02 117.897 0.408842 -2.33724 5.47906
381.559 195.067 0.0241972 -2.20304 5.27692
482.308 550.902 -0.0691354 -1.98237 5.22982
450.154 568.051 -0.0989025 -1.9832 5.22609
486.595 600.205 -0.103731 -1.96354 5.20392
555.19 124.328 0.544643 -2.31829 5.47793
555.19 169.344 0.526767 -2.26923 5.49031
244.369 488.738 -0.191812 -2.06498 5.21919
658.082 47.159 1.3416 -2.54491 5.7021
690.236 51.4461 1.81554 -2.61483 5.85927
364.41 497.313 -0.161171 -2.04147 5.18563
394.42 493.025 -0.152794 -2.0369 5.1738
353.692 240.082 -0.0671854 -2.16699 5.22306
685.948 126.472 1.59024 -2.41837 5.84204
649.507 158.626 1.14664 -2.32367 5.71443
478.02 392.277 -0.0580938 -2.06316 5.19394
381.559 297.959 -0.150923 -2.11655 5.13137
411.569 323.682 -0.105346 -2.1068 5.16813
636.646 132.903 1.05954 -2.35274 5.66726
610.923 169.344 0.825095 -2.28708 5.60401
505.887 510.174 -0.00427814 -1.98762 5.26572
160.769 561.62 -0.20913 -2.05174 5.27903
540.184 40.7282 0.515712 -2.40377 5.43081
493.025 77.1692 0.434008 -2.37249 5.45336
548.759 81.4564 0.522251 -2.35906 5.4448
362.267 621.641 -0.168816 -1.98752 5.21587
360.123 51.4461 0.371271 -2.46054 5.56093
390.133 40.7282 0.401097 -2.46434 5.54054
274.379 490.882 -0.178673 -2.06055 5.21866
272.236 677.374 -0.194987 -1.981 5.25806
321.538 186.492 0.00946342 -2.22989 5.312
205.785 568.051 -0.196921 -2.04016 5.26613
137.19 647.364 -0.220752 -2.01893 5.31024
424.431 45.0154 0.439918 -2.44986 5.52749
463.015 40.7282 0.434543 -2.42396 5.4696
190.779 306.533 -0.183602 -2.1513 5.20969
210.072 353.692 -0.183211 -2.12754 5.21208
85.7436 561.62 -0.224528 -2.06658 5.3103
853.148 60.0205 0.564848 -2.21438 5.1218
454.441 250.8 0.0110906 -2.1469 5.23015
139.333 263.661 -0.193406 -2.17555 5.21679
96.4615 205.785 -0.191567 -2.21009 5.23286
846.718 274.379 0.522033 -2.01426 5.20398
460.872 467.302 -0.0833997 -2.03126 5.20211
366.554 390.133 -0.153666 -2.08434 5.16103
233.651 79.3128 0.715248 -2.73927 6.17197
842.43 139.333 0.493628 -2.14145 5.14063
833.856 192.923 0.468305 -2.09449 5.16016
68.5948 454.441 -0.22219 -2.11481 5.28742
102.892 467.302 -0.217492 -2.10114 5.27431
825.282 291.528 0.568857 -2.00541 5.25201
851.005 291.528 0.588662 -1.99217 5.23307
803.846 345.118 0.508241 -1.96428 5.27746
848.861 353.692 0.574883 -1.93081 5.26017
310.82 107.179 0.339762 -2.43164 5.63626
143.62 304.39 -0.192098 -2.16024 5.22828
186.492 231.508 -0.178237 -2.18017 5.19657
192.923 272.236 -0.18079 -2.16293 5.20163
570.974 494.974 0.0842148 -1.966 5.29032
941.23 268.923 0.606495 -1.9798 5.14019
950.974 134.462 0.548176 -2.10174 5.05816
800.923 364.41 0.513347 -1.94135 5.29263
555.384 124.718 0.522826 -2.31314 5.46416
555.384 169.538 0.526767 -2.26923 5.49031
479.384 116.923 0.408842 -2.33724 5.47906
676.205 99.3846 1.45882 -2.45649 5.7722
563.179 118.872 0.633435 -2.34105 5.5264
590.461 177.333 0.797039 -2.28777 5.62504
307.897 319.59 -0.161449 -2.12081 5.16916
483.282 549.538 -0.0629041 -1.9808 5.23583
641.128 136.41 1.15483 -2.36922 5.71819
576.82 40.9231 0.77237 -2.46116 5.53714
572.923 99.3846 0.750511 -2.38866 5.56726
631.384 99.3846 1.09363 -2.42604 5.67197
424.82 44.8205 0.439918 -2.44986 5.52749
461.846 40.9231 0.437816 -2.42531 5.47407
500.82 434.564 -0.0329871 -2.03437 5.21578
853.538 60.4102 0.564848 -2.21438 5.1218
830.154 107.179 0.532668 -2.17825 5.15356
847.692 95.4872 0.531455 -2.17809 5.1328
524.205 37.0256 0.488454 -2.40632 5.42614
549.538 81.8461 0.522251 -2.35906 5.4448
504.718 508.615 -0.00410931 -1.98746 5.2665
159.795 561.231 -0.210404 -2.05164 5.2772
358.564 52.6154 0.381543 -2.46537 5.57119
309.846 471.59 -0.163556 -2.06123 5.20899
274.769 491.077 -0.176498 -2.06036 5.22048
294.256 216.308 -0.144657 -2.16833 5.16659
136.41 646.974 -0.226438 -2.01851 5.30208
828.205 228 0.503922 -2.06619 5.19615
847.692 274.769 0.53743 -2.01347 5.21051
272.82 635.282 -0.189346 -1.99805 5.25214
152 321.538 -0.193264 -2.15113 5.22667
456 255.282 0.0374276 -2.15195 5.25243
851.589 132.513 0.558697 -2.14592 5.15099
800.923 190.974 0.507677 -2.11348 5.20824
411.179 323.487 -0.110416 -2.10603 5.16331
561.231 557.333 0.0787525 -1.92614 5.31958
487.179 598.256 -0.0900921 -1.96085 5.21805
68.2051 452.102 -0.224092 -2.11372 5.28456
77.9487 311.795 -0.212833 -2.16593 5.24326
233.846 77.9487 0.737864 -2.75218 6.19829
783.384 42.8718 2.38624 -2.6251 5.84114
411.179 621.641 -0.158501 -1.97837 5.19352
641.128 220.205 1.0924 -2.22467 5.75229
709.333 206.564 1.99287 -2.25862 6.08875
641.128 255.282 1.13877 -2.17098 5.81559
570.443 494.266 0.0895609 -1.96554 5.29434
922.983 51.3753 0.615458 -2.1951 5.06622
901.725 189.557 0.627123 -2.07371 5.14998
554.499 124.009 0.522826 -2.31314 5.46416
556.27 166.527 0.526767 -2.26923 5.49031
659.021 46.0606 1.32588 -2.54041 5.69394
690.909 51.3753 1.79098 -2.61087 5.85157
667.879 83.2634 1.48492 -2.5032 5.78979
480.093 116.923 0.427597 -2.34035 5.48902
496.037 33.6597 0.451943 -2.41241 5.43945
540.326 38.9743 0.518776 -2.40505 5.42948
549.184 81.4918 0.517381 -2.35848 5.44238
345.454 297.622 -0.155396 -2.12366 5.14767
361.398 331.282 -0.141744 -2.10958 5.16218
632.447 129.324 1.06924 -2.37265 5.67885
591.701 177.156 0.772997 -2.28164 5.60783
462.377 556.27 -0.0801794 -1.98372 5.23477
120.466 124.009 -0.161912 -2.24791 5.23428
575.757 40.7459 0.77237 -2.46116 5.53714
589.93 97.4359 0.794639 -2.3888 5.56696
632.447 99.2074 1.0044 -2.40581 5.62297
845.035 95.6643 0.536228 -2.18211 5.135
425.175 44.289 0.419021 -2.44048 5.51049
359.627 51.3753 0.381018 -2.46524 5.57191
641.305 136.41 1.13301 -2.36555 5.70475
650.163 157.669 1.11132 -2.31725 5.69489
713.939 154.126 1.92528 -2.37772 5.97201
412.774 373.799 -0.116568 -2.08342 5.17029
478.322 391.515 -0.0501298 -2.06235 5.20074
366.713 494.266 -0.153372 -2.04104 5.19264
244.475 487.179 -0.184317 -2.06663 5.22988
159.441 561.585 -0.210134 -2.05145 5.2777
504.895 508.438 0.00342935 -1.98631 5.27404
136.41 648.391 -0.226979 -2.01835 5.30106
278.135 382.657 -0.169776 -2.10343 5.19368
317.109 380.886 -0.166655 -2.09597 5.17415
274.592 490.722 -0.181455 -2.05998 5.2143
460.606 467.692 -0.0906608 -2.03051 5.19479
58.4615 347.226 -0.216417 -2.15887 5.26802
800.746 191.329 0.532455 -2.1157 5.21963
240.932 382.657 -0.182946 -2.10936 5.2011
641.305 219.674 1.0924 -2.22467 5.75229
184.242 673.193 -0.211722 -1.99694 5.29873
827.319 228.531 0.529571 -2.06744 5.20532
843.263 223.217 0.545995 -2.06638 5.1935
848.578 274.592 0.53743 -2.01347 5.21051
269.277 643.077 -0.191924 -1.99551 5.25267
143.496 51.3753 0.428314 -2.6976 5.99327
95.6643 207.273 -0.187181 -2.21189 5.23839
784.802 44.289 2.38624 -2.6251 5.84114
775.944 83.2634 2.23002 -2.51341 5.85467
515.524 538.555 -0.023639 -1.972 5.24876
242.704 141.725 -0.149842 -2.20783 5.17183
255.105 324.196 -0.170567 -2.13141 5.19051
428.718 611.189 -0.132775 -1.97513 5.21199
467.692 612.96 -0.103672 -1.96062 5.2214
953.1 58.4615 0.544836 -2.16692 5.02707
949.557 100.979 0.578487 -2.13419 5.05365
836.177 315.338 0.533347 -1.97879 5.23846
848.578 352.541 0.562524 -1.93113 5.2543
193.1 271.049 -0.183091 -2.16254 5.19895
253.333 271.049 -0.169528 -2.15104 5.17791
977.902 200.186 0.586089 -2.02996 5.06978
797.203 574.952 2.28502 -1.06659 6.47934
563.679 536.3 0.0431561 -1.94961 5.2759
922.822 51.5363 0.607714 -2.19392 5.06415
415.512 156.219 0.442849 -2.35097 5.61062
542.742 141.725 0.501892 -2.29809 5.47323
658.699 46.7048 1.32588 -2.54041 5.69394
640.983 136.893 1.13509 -2.36644 5.70556
354.312 297.944 -0.150881 -2.12226 5.14658
396.185 318.881 -0.137536 -2.10556 5.14282
632.93 128.841 1.08093 -2.373 5.68161
592.668 177.156 0.746282 -2.27616 5.59141
476.711 392.964 -0.0477208 -2.06202 5.20304
462.216 423.564 -0.0824716 -2.05031 5.18943
483.153 550.794 -0.0667473 -1.98063 5.23212
500.869 434.838 -0.0329871 -2.03437 5.21578
623.267 233.524 0.789184 -2.18473 5.61069
494.427 75.694 0.451657 -2.37763 5.46381
549.184 80.5255 0.517381 -2.35848 5.44238
396.185 492.816 -0.15772 -2.0366 5.16715
103.073 470.269 -0.215919 -2.10089 5.27688
359.144 53.1468 0.381018 -2.46524 5.57191
587.836 64.4204 0.846713 -2.44512 5.57905
605.552 32.2102 0.940467 -2.50343 5.58043
262.513 330.155 -0.171154 -2.12639 5.18726
309.218 322.102 -0.162287 -2.12041 5.16746
354.312 238.355 -0.062512 -2.16829 5.22896
425.175 45.0943 0.433178 -2.44536 5.51996
462.216 41.8733 0.429303 -2.42264 5.46879
122.399 141.725 -0.181399 -2.22803 5.2071
727.951 109.515 2.39596 -2.54422 6.09106
159.441 562.068 -0.208072 -2.0509 5.2813
307.607 475.1 -0.166601 -2.06077 5.20625
843.907 222.25 0.52951 -2.06535 5.18741
154.609 426.785 -0.200801 -2.10845 5.24867
67.6414 454.164 -0.22111 -2.11461 5.28956
299.555 623.267 -0.179902 -1.99769 5.24409
215.808 144.946 -0.0802262 -2.25061 5.27623
246.408 177.156 -0.164758 -2.18839 5.16144
808.476 293.113 0.506755 -2.01212 5.24723
847.128 352.702 0.561279 -1.93135 5.25507
354.312 618.436 -0.160964 -1.98871 5.2294
391.354 623.267 -0.173163 -1.98397 5.19019
310.828 568.51 -0.180193 -2.01931 5.21671
716.677 95.0201 2.00723 -2.5285 5.9344
515.363 539.521 -0.0275219 -1.97216 5.24503
537.91 595.889 -0.0237325 -1.93519 5.252
146.556 305.997 -0.191877 -2.15931 5.22754
151.388 322.102 -0.189877 -2.1515 5.23154
143.335 51.5363 0.443662 -2.70698 6.01175
177.156 74.0835 0.475889 -2.66332 6.00097
254.461 323.713 -0.172603 -2.13018 5.18805
141.725 265.734 -0.192091 -2.17522 5.2189
96.6306 207.756 -0.190809 -2.20985 5.23481
951.811 209.366 0.573886 -2.03469 5.09269
467.048 611.994 -0.10672 -1.96176 5.21858
185.209 230.303 -0.181043 -2.17936 5.19339
193.261 272.176 -0.181602 -2.16278 5.20063
953.422 56.3679 0.548073 -2.16697 5.02783
46.7048 673.193 -0.245923 -2.02363 5.3541
900.275 191.651 0.584976 -2.07145 5.13656
800.424 368.807 0.539861 -1.93867 5.30894
734.393 212.587 2.33635 -2.23457 6.18395
977.58 109.515 0.566315 -2.11206 5.02956
948.59 191.651 0.544503 -2.04947 5.08333
945.369 328.544 0.556891 -1.9224 5.14266
701.304 131.769 1.8923 -2.44062 5.96028
683.735 158.123 1.57325 -2.35502 5.8722
554.894 124.449 0.609999 -2.33475 5.521
480.225 147.874 0.444056 -2.31623 5.51821
715.945 38.0666 2.10658 -2.67949 5.90938
667.63 83.4537 1.4928 -2.50353 5.79348
715.945 95.1665 2.06406 -2.53713 5.95378
417.269 421.661 -0.117646 -2.06123 5.17999
483.153 551.966 -0.067179 -1.98048 5.23138
844.786 95.1665 0.536228 -2.18211 5.135
591.496 178.62 0.724005 -2.27057 5.57627
500.722 434.838 -0.0309065 -2.03421 5.21722
245.969 535.861 -0.18963 -2.04698 5.23599
547.573 80.5255 0.517381 -2.35848 5.44238
102.487 469.976 -0.21737 -2.1006 5.27507
505.115 509.507 -0.00372524 -1.98746 5.2669
455.335 251.825 0.00191566 -2.14625 5.22096
708.624 206.438 1.87619 -2.24759 6.02514
414.34 46.8512 0.414454 -2.44412 5.52064
461.192 40.9948 0.429303 -2.42264 5.46879
327.958 475.833 -0.164236 -2.0561 5.19679
275.251 491.938 -0.182919 -2.05892 5.21159
330.887 497.794 -0.167269 -2.0476 5.19692
152.266 322.102 -0.190655 -2.15139 5.23006
361.633 635.419 -0.178997 -1.98392 5.20649
846.25 276.715 0.530232 -2.01297 5.20934
120.056 45.3871 0.441085 -2.74064 6.05641
184.477 674.95 -0.214518 -1.99654 5.29531
247.433 77.5973 0.756656 -2.74713 6.18648
595.889 285.5 0.765333 -2.13357 5.6761
486.081 600.281 -0.0948218 -1.96148 5.21376
412.876 622.243 -0.1594 -1.97884 5.19247
298.676 623.707 -0.178417 -1.99735 5.24598
979.483 27.8179 0.637335 -2.19321 5.01241
954.593 76.1332 0.566281 -2.1518 5.03611
951.665 209.366 0.587555 -2.0328 5.09747
185.941 229.864 -0.182516 -2.17883 5.1916
251.825 194.725 -0.164189 -2.17961 5.16446
253.289 270.859 -0.166823 -2.1521 5.18064
978.019 109.808 0.566315 -2.11206 5.02956
945.809 327.958 0.570061 -1.92078 5.14719
733.514 213.759 2.27175 -2.23063 6.15403
900.422 191.797 0.580688 -2.07063 5.13566
947.273 237.184 0.610719 -2.00729 5.11991
799.399 368.953 0.537238 -1.93878 5.30657
778.901 594.425 0.071723 -1.86737 5.15117
809.647 102.487 0.521207 -2.19069 5.16697
467.181 149.072 0.449343 -2.32476 5.54084
684.134 123.783 1.51526 -2.41131 5.80776
684.134 158.389 1.56005 -2.35177 5.86463
658.845 45.254 1.32252 -2.5399 5.69167
676.148 81.191 1.54234 -2.50976 5.79724
590.964 97.163 0.788205 -2.38599 5.56234
589.633 107.811 0.753884 -2.36514 5.55057
483.153 551.034 -0.0669592 -1.97994 5.23156
102.487 469.843 -0.215761 -2.10098 5.27748
143.748 461.857 -0.205288 -2.09629 5.26126
397.969 492.47 -0.160302 -2.0368 5.16351
851.84 62.557 0.554614 -2.21144 5.12082
843.854 95.832 0.536228 -2.18211 5.135
553.696 445.885 0.0789976 -2.00506 5.28163
504.449 509.773 -0.00889478 -1.9878 5.26233
495.132 34.606 0.457585 -2.41561 5.44249
548.372 79.86 0.526479 -2.36212 5.44906
310.123 322.102 -0.147098 -2.12352 5.18512
50.578 356.708 -0.21883 -2.15728 5.27207
847.847 141.086 0.538878 -2.14005 5.15248
279.51 383.328 -0.171881 -2.10261 5.19059
318.109 383.328 -0.164376 -2.09548 5.1762
415.272 46.585 0.414454 -2.44412 5.52064
452.54 37.268 0.439357 -2.43705 5.4861
328.757 475.167 -0.163193 -2.05617 5.19773
275.517 492.47 -0.173956 -2.05929 5.22335
131.769 385.99 -0.195662 -2.13135 5.25824
391.314 41.261 0.388222 -2.45475 5.52847
724.064 55.902 1.97145 -2.59643 5.85195
94.501 207.636 -0.191288 -2.2094 5.23428
465.85 469.843 -0.0878153 -2.02817 5.19559
362.032 636.218 -0.174557 -1.98269 5.21106
135.762 649.528 -0.225407 -2.01814 5.30398
846.516 198.319 0.541303 -2.08782 5.17955
846.516 276.848 0.502979 -2.01401 5.1984
147.741 231.594 -0.184387 -2.18824 5.21343
596.288 284.834 0.770913 -2.13399 5.67977
516.428 539.055 -0.0298464 -1.97277 5.24225
485.815 600.281 -0.0961189 -1.96134 5.21304
951.665 208.967 0.587555 -2.0328 5.09747
976.954 250.228 0.540617 -1.98519 5.07702
449.878 628.232 -0.131801 -1.96275 5.20475
476.498 685.465 -0.128984 -1.93074 5.20847
954.327 58.564 0.554775 -2.16771 5.02894
955.658 77.198 0.566281 -2.1518 5.03611
186.34 230.263 -0.181119 -2.17937 5.19322
252.89 194.326 -0.147817 -2.18638 5.18303
978.285 109.142 0.566315 -2.11206 5.02956
949.003 274.186 0.553059 -1.97381 5.11725
799.931 370.018 0.518796 -1.9398 5.29825
570.999 495.132 0.0844716 -1.96556 5.28938
922.383 51.909 0.602845 -2.19276 5.06293
489.808 625.57 -0.0974589 -1.94613 5.21932
650.859 278.179 1.09056 -2.11884 5.78452
499.125 98.494 0.428125 -2.34296 5.4548
676.148 204.974 1.5316 -2.26019 5.91387
641.542 218.284 1.05892 -2.22254 5.73157
650.859 159.72 1.1572 -2.32338 5.71887
650.859 185.009 1.19238 -2.28463 5.76208
632.225 98.494 1.1281 -2.4314 5.68713
977.68 108.9 0.566315 -2.11206 5.02956
954.69 58.08 0.533049 -2.16478 5.02374
951.06 209.33 0.587555 -2.0328 5.09747
683.65 124.63 1.49652 -2.40744 5.8
724.79 56.87 1.97145 -2.59643 5.85195
642.51 72.6 1.24987 -2.49336 5.71065
923.23 52.03 0.598264 -2.19221 5.06171
844.58 95.59 0.536228 -2.18211 5.135
652.19 248.05 1.14708 -2.17284 5.78981
947.43 327.91 0.558062 -1.92138 5.14291
890.56 238.37 0.617669 -2.02805 5.17904
948.64 274.67 0.548137 -1.97401 5.11585
842.16 222.64 0.540865 -2.06612 5.1934
830.06 242 0.583917 -2.05368 5.23192
465.85 470.69 -0.102608 -2.02899 5.18047
398.09 492.47 -0.160341 -2.03677 5.16415
500.94 434.39 -0.0327088 -2.03449 5.21518
482.79 634.04 -0.103539 -1.94598 5.21838
361.79 636.46 -0.175432 -1.98294 5.21007
484 551.76 -0.0669592 -1.97994 5.23156
563.86 536.03 0.0369 -1.95069 5.26875
485.21 600.16 -0.101752 -1.96271 5.2067
538.45 596.53 -0.0342175 -1.93685 5.24023
89.54 390.83 -0.210724 -2.13621 5.26773
318.23 383.57 -0.163033 -2.09595 5.17763
327.91 410.19 -0.163491 -2.08265 5.17863
45.98 673.97 -0.248783 -2.02332 5.34948
159.72 563.86 -0.210019 -2.05101 5.27844
298.87 624.36 -0.179338 -1.9973 5.24538
275.88 680.02 -0.195852 -1.9795 5.25643
246.84 536.03 -0.189123 -2.04672 5.23706
415.03 47.19 0.414454 -2.44412 5.52064
461.01 42.35 0.429303 -2.42264 5.46879
428.34 62.92 0.426525 -2.42467 5.522
358.16 54.45 0.379682 -2.46253 5.57264
337.59 91.96 0.346608 -2.43119 5.59285
589.27 22.99 0.834768 -2.49423 5.54082
590.48 96.8 0.788205 -2.38599 5.56234
496.1 33.88 0.457585 -2.41561 5.44249
523.93 37.51 0.473071 -2.40163 5.41872
470.69 308.55 -0.0199518 -2.10855 5.20742
620.73 200.86 0.905222 -2.24716 5.66172
128.26 183.92 -0.186975 -2.20954 5.20862
319.44 22.99 1.20461 -2.98305 6.39918
179.08 73.81 0.461723 -2.65348 5.98144
141.57 267.41 -0.189676 -2.17528 5.22123
309.76 323.07 -0.160531 -2.12018 5.16887
252.89 269.83 -0.174507 -2.15 5.17137
510.62 140.36 0.436599 -2.30206 5.46771
659.45 25.41 1.32233 -2.57305 5.67297
658.24 44.77 1.32252 -2.5399 5.69167
496.1 67.76 0.456961 -2.38753 5.46176
514.25 73.81 0.432546 -2.3605 5.42487
673.97 223.85 1.14711 -2.19314 5.72021
635.25 128.26 1.0777 -2.37197 5.67837
690.91 64.13 1.82418 -2.5925 5.88014
955.9 78.1 0.560257 -2.1503 5.0348
651.2 247.5 1.14708 -2.17284 5.78981
465.3 470.8 -0.0949704 -2.02858 5.18825
420.2 644.6 -0.162255 -1.96872 5.19078
482.9 634.7 -0.107234 -1.94697 5.21441
517 540.1 -0.0411036 -1.97447 5.23094
532.4 535.7 -0.0370258 -1.973 5.22186
539 596.2 -0.0326105 -1.93626 5.24241
213.4 386.1 -0.184711 -2.11506 5.21729
163.9 575.3 -0.208991 -2.04506 5.28127
298.1 624.8 -0.184817 -1.99819 5.23747
414.7 47.3 0.414454 -2.44412 5.52064
470.8 78.1 0.466085 -2.39716 5.50741
358.6 55 0.380214 -2.46259 5.57313
596.2 286 0.763233 -2.13295 5.67496
128.7 184.8 -0.186585 -2.20914 5.20948
141.9 22 0.449473 -2.74192 5.99407
28.6 56.1 0.276379 -2.69818 6.00774
143 267.3 -0.187693 -2.17606 5.22484
310.2 323.4 -0.169322 -2.11817 5.15824
251.9 195.8 -0.164571 -2.17937 5.16408
489.5 147.4 0.447444 -2.31288 5.50741
708.4 210.1 1.73538 -2.23379 5.95221
586.3 53.9 0.8294 -2.45579 5.56464
50.6 357.5 -0.215405 -2.15826 5.27734
521.4 496.1 -0.00192321 -1.99096 5.25131
501.6 434.5 -0.0327088 -2.03449 5.21518
337.7 92.4 0.379557 -2.44595 5.62329
977 109 0.558659 -2.11317 5.02762
978 26 0.602168 -2.18836 5.00479
539 596 -0.0199326 -1.93305 5.25526
319 384 -0.161995 -2.09571 5.17885
326 639 -0.183554 -1.98762 5.22332
521 32 0.430095 -2.39293 5.39422
142 22 0.439056 -2.73533 5.98239
241 145 -0.156443 -2.2045 5.16696
176 19 0.465526 -2.71975 5.94468
256 325 -0.1707 -2.13015 5.19038
252 196 -0.162555 -2.18017 5.16624
185 225 -0.180329 -2.18213 5.19309
191 266 -0.181791 -2.16529 5.19908
709 210 1.73538 -2.23379 5.95221
591 252 0.714063 -2.17748 5.62497
247 537 -0.191598 -2.04622 5.23259
502 434 -0.0327088 -2.03449 5.21518
