710 135 3.84537 -0.671049 32.8903
924 504 3.57546 0.861864 31.203
787 414 4.05963 0.704303 32.4712
421 489 3.78075 1.83784 36.9984
603 216 6.26802 -0.917908 38.3062
806 537 3.76777 1.16277 31.9834
636 559 3.75961 1.57281 33.3084
675 165 4.75465 -0.842145 34.5525
749 380 4.09231 0.569317 32.8129
571 405 4.78199 1.02282 36.0762
684 471 3.92428 1.07703 33.1249
693 398 3.81055 0.664842 32.8964
486 486 3.72263 1.53364 35.3528
561 438 4.30911 1.205 35.2946
664 541 3.72126 1.40334 32.992
635 520 3.79534 1.39982 33.3968
729 188 3.78417 -0.361254 32.6135
705 522 3.86157 1.28446 32.8292
664 528 4.0656 1.47488 33.502
650 422 3.6523 0.793436 33.0385
669 468 3.6964 1.02409 32.9116
650 463 3.72128 1.02271 33.1413
547 163 4.03408 -0.845688 35.1819
820 189 4.2818 -0.409868 32.5443
681 324 4.1469 0.27528 33.5159
1042.8 134.4 5.46855 -0.790631 32.1267
850.8 560.4 4.46565 1.44641 32.3943
86.4 242.4 1.20026 0.0221172 33.908
568.8 488.4 4.58761 1.69282 35.6723
405.6 445.2 3.79121 1.5454 37.5275
736.8 175.2 3.7858 -0.420672 32.5596
98.4 181.2 1.23344 -0.189376 33.3101
686.4 546 3.60878 1.33872 32.6181
91.2 370.8 1.23018 0.630697 34.4168
694.8 220.8 4.18109 -0.323664 33.4622
394.8 386.4 3.47858 0.905153 36.8883
396 370.8 3.73192 0.834721 37.722
138 399.6 1.32357 0.597644 32.4481
740.4 488.4 3.83802 1.05993 32.5124
637.2 556.8 3.57295 1.48546 33.0091
627.6 541.2 3.59855 1.42652 33.1256
674.4 164.4 4.81106 -0.864228 34.6649
500.4 405.6 3.76125 0.932899 35.24
560.4 438 4.46657 1.23914 35.6482
531.6 418.8 4.04672 1.05892 35.3377
805.2 536.4 3.87381 1.20349 32.109
674.4 572.4 3.67545 1.53101 32.8133
649.2 561.6 3.78871 1.58795 33.2337
818.4 415.2 3.9509 0.683116 32.1211
812.4 475.2 3.90423 0.942519 32.0899
712.8 393.6 3.75881 0.622926 32.6633
534 402 3.95209 0.894732 35.0718
595.2 406.8 4.33363 0.915074 34.8306
564 421.2 4.27407 1.06218 35.1815
740.4 423.6 3.72928 0.735549 32.3914
704.4 522 3.6498 1.20568 32.5218
712.8 498 3.69263 1.09931 32.5308
694.8 506.4 3.74821 1.18247 32.7515
656.4 508.8 3.61603 1.21241 32.8948
418.8 379.2 3.73385 0.869007 37.0194
669.6 468 3.65086 1.00113 32.8512
649.2 463.2 3.74593 1.03427 33.1885
472.8 397.2 3.89715 0.958629 36.1573
463.2 380.4 3.7419 0.789723 35.9784
488.4 370.8 3.91694 0.709201 35.922
646.8 420 3.82861 0.830774 33.3553
466.8 346.8 3.75731 0.532634 35.9654
601.2 418.8 4.81936 1.11314 35.6363
490.8 354 3.62484 0.559353 35.1102
52.8 318 1.0637 0.364264 34.1419
115.2 141.6 1.26933 -0.293642 33.0159
511.2 188.4 4.96486 -1.04427 37.9785
92.4 548.4 1.20558 0.94906 32.002
819.6 189.6 4.20295 -0.398244 32.4404
764.4 355.2 3.88091 0.421688 32.4104
709.2 135.6 3.84112 -0.670994 32.8952
789.6 547.2 4.12374 1.3654 32.4672
792 489.6 3.91604 1.02145 32.243
113.76 470.88 1.31492 1.13414 34.3456
815.04 233.28 4.24928 -0.189342 32.5205
696.96 201.6 4.20254 -0.430603 33.4958
747.36 446.4 3.92078 0.873438 32.585
246.24 201.6 2.80014 -0.951251 40.7598
563.04 285.12 4.41968 -0.013286 35.604
839.52 548.64 4.46491 1.42274 32.4673
722.88 524.16 3.72888 1.22024 32.5036
758.88 385.92 3.90814 0.572945 32.4848
760.32 362.88 3.3513 0.422853 31.8256
394.56 385.92 3.40081 0.902389 36.5867
504 482.4 3.9478 1.5452 35.5934
515.52 449.28 3.81253 1.22613 35.0904
504 430.56 3.89038 1.13216 35.4584
499.68 406.08 3.84815 0.948661 35.5035
561.6 421.92 4.4911 1.12057 35.6652
540 420.48 4.33825 1.10687 35.8239
800.64 552.96 3.98737 1.32041 32.2502
139.68 188.64 1.34094 -0.108198 32.769
649.44 561.6 4.41566 1.87646 34.1898
653.76 538.56 3.70588 1.40552 33.0653
679.68 434.88 3.61637 0.824108 32.7033
433.44 408.96 3.67221 1.05917 36.4176
594.72 407.52 4.37915 0.930752 34.9022
718.56 214.56 3.95272 -0.276629 32.9548
832.32 499.68 4.17734 1.09387 32.2412
568.8 508.32 4.4696 1.80391 35.513
511.2 306.72 4.03131 0.211901 35.7301
491.04 288 3.64998 0.0870865 35.2244
626.4 486.72 1.27728 0.325796 29.3624
711.36 394.56 3.69875 0.61456 32.5687
682.56 394.56 3.40296 0.597637 32.4264
819.36 414.72 4.09241 0.699188 32.2781
534.24 401.76 3.83301 0.87282 34.7775
528.48 362.88 3.91406 0.617813 35.1314
694.08 505.44 3.87518 1.22406 32.9557
753.12 361.44 3.68389 0.44518 32.26
519.84 259.2 4.07682 -0.1574 35.6911
473.76 397.44 3.82953 0.933724 35.9338
462.24 380.16 3.8018 0.801987 36.1659
668.16 468 3.66706 1.01414 32.8573
748.8 436.32 3.81839 0.804887 32.4443
730.08 406.08 3.98065 0.702441 32.8077
466.56 432 3.78027 1.20294 35.9414
463.68 407.52 3.6396 0.971206 35.6731
838.08 470.88 4.2078 0.950024 32.2446
833.76 456.48 4.21766 0.894523 32.2897
442.08 361.44 3.78362 0.695731 36.6334
455.04 348.48 3.56484 0.538706 35.6684
456.48 326.88 3.84396 0.384646 36.3315
843.84 432 4.03985 0.738827 32.0626
475.2 472.32 3.76828 1.47838 35.6874
672.48 439.2 3.62631 0.85478 32.7815
645.12 433.44 3.65008 0.866172 33.0831
649.44 421.92 3.81096 0.830684 33.3167
486.72 370.08 3.90222 0.704582 35.8773
491.04 354.24 3.7138 0.566717 35.3211
514.08 321.12 3.97543 0.312275 35.4998
97.92 180 1.22689 -0.172181 33.2069
47.52 139.68 0.886706 -1.21753 39.2803
604.8 247.68 6.29982 -0.547798 38.2309
367.2 198.72 4.16428 -1.11423 40.502
511.2 188.64 4.93032 -1.02657 37.8674
341.28 100.8 2.61066 -1.08164 35.2651
635.04 576 3.71691 1.64998 33.2454
524.16 502.56 4.05053 1.68289 35.4095
535.68 444.96 4.1342 1.26005 35.4305
758.88 204.48 4.27838 -0.375335 33.005
764.64 355.68 4.35178 0.448669 33.0121
829.44 136.8 4.06423 -0.606994 32.2584
695.52 84.96 3.78693 -0.90958 32.9496
770.4 607.68 3.98887 1.62782 32.4504
747.36 604.8 3.69996 1.52707 32.2542
737.28 640.8 3.36226 1.51041 31.8974
792 504 4.33011 1.22031 32.6892
783.36 450.72 4.02719 0.879408 32.4441
224.64 188.352 1.63597 -0.165974 32.9593
770.688 371.52 1.72975 0.33097 29.8459
596.16 494.208 4.78245 1.71092 35.5868
748.224 445.824 3.76568 0.840222 32.3791
499.392 406.08 3.82124 0.946595 35.4292
819.072 549.504 4.60193 1.50063 32.7734
561.6 421.632 4.39385 1.09024 35.4727
810.432 383.616 4.38873 0.572529 32.6796
805.248 374.976 4.38802 0.544865 32.6936
834.624 554.688 3.86078 1.2378 31.8874
635.904 502.848 3.59781 1.21432 33.0477
470.016 499.392 3.79501 1.7224 35.8465
449.28 499.392 3.54776 1.65453 35.621
713.664 445.824 3.6282 0.85525 32.4605
730.944 392.256 3.88547 0.617052 32.6715
749.952 380.16 4.02328 0.559858 32.7238
801.792 466.56 4.25816 0.985422 32.5748
53.568 317.952 1.0678 0.369742 34.3439
393.984 385.344 3.44239 0.90335 36.7884
409.536 362.88 1.66175 0.376696 30.7619
594.432 407.808 4.34007 0.921626 34.8184
570.24 404.352 4.75497 1.02035 36.0338
438.912 354.24 3.70498 0.621341 36.4443
437.184 399.168 3.79516 1.01131 36.7416
673.92 599.616 3.73575 1.68673 32.8877
423.36 470.016 3.68876 1.61167 36.6498
520.128 259.2 4.051 -0.152765 35.6286
490.752 255.744 3.75213 -0.168077 35.4547
530.496 324.864 3.95191 0.354466 35.1416
667.008 468.288 3.67116 1.00806 32.8993
646.272 463.104 3.71157 1.01983 33.1812
838.08 470.016 4.06229 0.920629 32.0919
739.584 407.808 4.0835 0.710892 32.8441
471.744 362.88 3.04356 0.561624 34.0472
454.464 430.272 3.77152 1.22064 36.2259
516.672 362.88 4.00228 0.636567 35.513
489.024 371.52 3.8203 0.706028 35.6207
532.224 400.896 3.96342 0.892796 35.0969
656.64 502.848 3.73202 1.2234 33.0589
644.544 433.728 3.92643 0.93228 33.5399
649.728 421.632 3.83619 0.832644 33.3653
456.192 349.056 3.73449 0.557814 36.1486
490.752 328.32 3.75298 0.38246 35.416
601.344 419.904 4.58971 1.055 35.191
454.464 449.28 3.58427 1.29138 35.6666
527.04 273.024 3.96621 -0.0333924 35.2808
604.8 216 6.00707 -0.865232 37.7634
611.712 305.856 6.53891 0.08104 38.415
416.448 250.56 5.08855 -0.585623 41.4965
231.552 580.608 1.70455 1.42489 33.1804
148.608 366.336 1.36539 0.494809 32.6041
561.6 514.944 4.5425 1.8802 35.7285
502.848 483.84 3.92945 1.54283 35.56
393.984 489.024 3.42901 1.75715 36.5884
342.144 444.096 3.44531 1.65297 38.47
421.632 489.024 3.67514 1.76495 36.6006
813.888 233.28 3.96802 -0.153676 32.2051
689.472 266.112 4.15554 -0.0568021 33.4742
694.656 221.184 4.17922 -0.328375 33.4789
737.856 236.736 3.62923 -0.109298 32.3649
820.8 188.352 4.07487 -0.371969 32.3034
827.712 136.512 4.05722 -0.605083 32.2442
706.752 136.512 4.24849 -0.787916 33.4811
1043.71 134.784 5.46966 -0.788667 32.1259
832.896 611.712 3.92045 1.50433 31.9538
770.688 608.256 3.90721 1.58746 32.3353
748.224 604.8 3.75237 1.57017 32.3227
791.424 547.776 3.82545 1.26446 32.1107
870.912 495.936 4.4562 1.09414 32.246
682.56 409.536 3.67339 0.714157 32.7648
791.424 489.024 4.09867 1.07316 32.4522
883.008 96.768 4.09249 -0.720683 31.9635
473.472 176.256 4.49836 -1.10488 37.8482
468.634 497.664 3.92368 1.77649 36.2519
501.811 427.162 3.95909 1.14128 35.6423
499.738 404.352 3.77994 0.932693 35.3346
597.197 508.032 5.001 1.92564 35.9835
570.24 493.517 4.49476 1.69261 35.4651
711.245 396.058 3.99969 0.657912 33.0277
833.587 553.651 4.11856 1.32896 32.1602
922.752 445.824 2.41253 0.485272 30.2445
325.555 101.606 2.44619 -0.984786 34.98
435.456 406.426 3.74263 1.0682 36.5996
539.136 433.382 4.21396 1.198 35.5401
561.946 420.941 4.23445 1.05015 35.152
655.258 532.915 3.60006 1.35674 32.8871
814.925 476.928 3.84031 0.921679 32.0084
634.522 501.811 3.86126 1.30244 33.5081
707.098 483.149 3.93442 1.10979 32.9242
680.141 476.928 3.89704 1.10955 33.1362
713.318 445.824 3.70131 0.865268 32.5793
702.951 520.474 3.82976 1.27827 32.807
680.141 512.179 4.02879 1.34106 33.2893
692.583 503.885 3.87145 1.2216 32.9558
738.202 387.763 4.08124 0.623876 32.9091
66.3552 282.01 1.12384 0.180184 35.3277
667.699 503.885 4.10386 1.32734 33.5259
655.258 501.811 3.71688 1.22079 33.0691
669.773 437.53 3.67339 0.864149 32.8667
644.89 431.309 3.55249 0.833026 32.9084
649.037 420.941 3.8387 0.837266 33.3639
522.547 298.598 4.0773 0.155222 35.6418
601.344 418.867 4.59426 1.04653 35.205
675.994 449.971 4.31877 1.07393 33.7709
746.496 435.456 3.87221 0.8108 32.5317
447.898 479.002 3.59622 1.52711 35.8
505.958 396.058 4.04482 0.877342 35.7569
489.37 371.174 3.85646 0.69984 35.7439
518.4 259.2 4.14906 -0.165302 35.9001
491.443 352.512 3.65396 0.553749 35.1683
282.01 302.746 2.97576 0.215371 39.4985
47.6928 138.931 0.822894 -1.44377 41.1224
526.694 271.642 4.0158 -0.0490958 35.4061
605.491 215.654 5.84406 -0.821474 37.4081
611.712 306.893 4.23495 0.173424 34.5226
369.101 196.992 4.24566 -1.13903 40.8062
476.928 273.715 3.66037 -0.0211441 35.5245
443.75 217.728 4.56406 -0.81706 38.7629
387.763 192.845 4.17921 -1.07465 39.6914
236.39 584.755 1.69189 1.33621 32.884
192.845 433.382 1.70544 0.979503 34.7035
288.23 452.045 2.91482 1.65973 38.3734
182.477 433.382 1.50168 0.779891 33.0391
632.448 574.387 3.73713 1.65914 33.2891
632.448 553.651 3.68542 1.51911 33.2034
503.885 497.664 3.77381 1.56994 35.1135
501.811 483.149 3.72124 1.45893 35.0371
423.014 489.37 3.45269 1.64417 35.8963
696.73 199.066 4.23037 -0.452993 33.5296
742.349 205.286 3.91537 -0.306808 32.6973
686.362 279.936 4.1765 0.00646561 33.5087
692.583 85.0176 1.91714 -0.0623367 30.2614
1043.02 132.71 5.46966 -0.788667 32.1259
862.618 655.258 2.29885 0.835356 30.2428
746.496 605.491 3.75122 1.56727 32.3216
821.146 416.794 4.45726 0.748425 32.6693
821.146 369.101 5.28794 0.581556 33.5235
680.141 410.573 3.66214 0.708179 32.7733
769.306 375.322 3.98832 0.531333 32.5136
736.128 487.296 3.68812 1.03048 32.3511
723.687 524.621 3.70045 1.20574 32.4621
765.159 354.586 1.95039 0.326088 30.1184
390.666 383.201 3.4087 0.883819 36.7081
462.828 430.479 3.73657 1.19018 35.8526
460.339 405.596 3.7118 1.00111 35.9119
530.012 323.482 4.07697 0.344122 35.4556
671.846 597.197 3.83365 1.72416 33.0514
656.917 569.825 3.69571 1.54325 32.9945
704.195 465.316 3.7205 0.976482 32.6525
686.776 472.781 3.87229 1.06975 33.0014
714.148 445.409 4.03103 0.93976 33.0473
681.8 455.363 3.52266 0.88194 32.5203
681.8 425.503 3.96769 0.839795 33.2515
714.148 413.061 3.93787 0.741271 32.8768
793.774 547.43 3.77547 1.24523 32.0499
813.681 475.269 3.87581 0.92729 32.0494
798.751 465.316 4.1635 0.957132 32.498
808.704 450.386 4.25648 0.895935 32.515
634.522 500.152 3.81394 1.30106 33.477
512.594 306.063 4.29854 0.206749 36.3713
525.036 286.157 4.0648 0.0511157 35.5448
706.683 482.734 3.94851 1.12389 32.9671
684.288 485.222 3.74894 1.0951 32.843
455.363 348.365 3.68966 0.547316 36.0124
452.874 325.97 3.77307 0.378044 36.3442
482.734 440.433 3.70216 1.20488 35.4261
475.269 395.643 3.71323 0.898394 35.5748
437.944 398.131 3.61589 0.95672 36.1981
418.038 378.225 3.9173 0.899599 37.6305
447.898 477.758 3.65234 1.54404 35.9552
432.968 452.874 3.47311 1.3926 35.9232
490.199 328.458 3.93869 0.383723 35.9082
201.554 311.04 2.55403 0.339694 42.4426
338.412 345.877 3.31518 0.573161 38.1793
333.435 308.552 3.26045 0.245542 38.1458
226.437 166.717 1.93347 -0.54158 35.2448
607.15 213.996 6.40951 -0.950948 38.5365
415.549 248.832 4.71458 -0.51472 40.2277
405.596 353.341 1.70408 0.359051 30.8908
425.503 313.528 3.82352 0.293408 37.1634
629.545 149.299 4.71721 -1.01196 35.1224
405.596 62.208 1.49813 -0.0183268 30.2701
373.248 49.7664 2.54565 -1.21279 34.3478
191.601 430.479 1.71093 0.990391 35.0063
286.157 452.874 2.86956 1.6297 38.0693
136.858 430.479 1.29415 0.645018 32.0974
632.033 552.407 3.55472 1.45427 32.9835
500.152 482.734 3.70928 1.45175 35.0054
505.129 465.316 4.05038 1.43276 35.7448
637.01 465.316 3.79362 1.10478 33.3889
569.825 440.433 4.36468 1.2245 35.2436
450.386 423.014 3.50723 1.11152 35.6569
390.666 485.222 3.37726 1.70612 36.5667
425.503 490.199 3.67135 1.74725 36.6147
813.681 231.414 3.97277 -0.165985 32.2043
686.776 278.692 1.89875 0.221309 30.2305
691.753 221.461 4.17394 -0.312981 33.4746
679.311 323.482 4.13384 0.267329 33.5067
818.657 186.624 3.45336 -0.239866 31.6301
828.611 136.858 3.96206 -0.575389 32.1421
696.73 199.066 4.18733 -0.433593 33.4683
646.963 144.323 3.45528 -0.575253 32.8173
744.008 194.089 3.42887 -0.24604 32.0719
833.587 552.407 4.10191 1.31419 32.1391
679.311 539.966 3.82155 1.41661 32.986
661.893 525.036 3.57825 1.26731 32.7439
821.146 427.991 4.50279 0.830736 32.6939
791.286 490.199 3.69297 0.970812 31.9841
644.475 432.968 3.80407 0.895167 33.3601
701.706 398.131 3.95209 0.696535 33.0337
654.428 500.152 3.74147 1.23749 33.1275
731.566 485.222 3.97801 1.09394 32.7347
746.496 604.662 3.6224 1.49603 32.1744
721.613 522.547 3.68931 1.20646 32.4457
828.611 607.15 3.94749 1.50846 31.9945
288.645 191.601 3.02133 -0.98686 39.3058
677.818 432.968 1.82317 0.430502 30.1364
710.664 400.122 3.98696 0.646312 32.9702
516.575 426.996 4.64068 1.29625 36.9924
528.519 400.122 4.05592 0.893025 35.3742
567.337 432.968 4.73699 1.32504 36.0515
477.758 397.136 3.82798 0.933028 35.9091
465.814 373.248 3.64199 0.755406 35.7268
603.169 418.038 4.66045 1.05292 35.2797
746.496 435.954 3.37273 0.717888 31.8655
734.552 406.094 4.08238 0.718028 32.9234
522.547 358.318 4.1623 0.627468 35.6807
513.589 244.851 4.32026 -0.322964 36.408
220.963 101.523 2.14952 -1.34654 37.2943
722.608 522.547 3.9669 1.2921 32.8298
830.104 609.141 3.57089 1.34105 31.6026
122.425 624.071 1.29082 1.1868 32.0411
370.262 197.075 3.94894 -1.01632 39.5489
821.146 185.131 4.53679 -0.489433 32.8019
830.104 137.355 4.23617 -0.662554 32.4503
262.767 627.057 1.5482 1.07651 31.5187
313.528 453.87 3.35915 1.80173 39.3137
104.509 412.066 1.28406 0.862707 34.6434
346.374 477.758 3.27043 1.828 37.6816
364.29 456.856 3.35493 1.5924 37.2383
477.758 274.711 3.73075 -0.0339667 35.7417
418.038 250.823 4.50867 -0.474784 39.5434
459.842 212.005 5.03944 -0.961481 39.6469
340.402 343.388 3.37677 0.576141 38.5166
283.669 301.584 2.79 0.19604 38.1563
752.468 185.131 3.43885 -0.301354 32.0122
101.523 176.173 1.2397 -0.210748 33.3549
89.5795 241.865 1.17807 0.0818836 32.5925
734.552 486.715 3.51817 0.968224 32.1562
704.692 137.355 3.8254 -0.645283 32.8685
833.09 552.407 3.67023 1.17284 31.688
794.272 549.421 3.65662 1.19822 31.9103
277.697 116.453 2.59485 -1.32781 37.5041
683.79 555.393 1.82802 0.576886 30.108
680.805 540.463 4.18295 1.57195 33.5091
128.397 268.739 1.39772 0.0847263 34.9436
561.365 513.589 4.68927 1.94271 36.036
498.659 483.729 4.0352 1.61263 35.8894
528.519 447.898 4.03308 1.24511 35.3005
874.893 495.673 3.70788 0.915608 31.525
191.103 409.08 1.61818 0.748763 33.7415
564.351 250.823 3.97192 -0.196641 34.7633
597.197 495.673 4.99722 1.81674 35.9368
639.001 465.814 3.95167 1.14187 33.6717
755.454 385.192 3.74361 0.555915 32.2877
77.6356 334.43 1.1855 0.438 34.3477
65.6917 313.528 1.09892 0.344246 33.9474
149.299 167.215 1.49744 -0.426757 34.6495
424.01 349.36 3.62716 0.550131 36.5133
426.996 489.701 3.37481 1.56153 35.6151
856.978 492.687 4.22365 1.03174 32.1371
791.286 489.701 3.89504 1.01579 32.214
203.047 322.486 2.53521 0.472343 41.7469
558.379 421.024 4.24624 1.05979 35.2055
546.435 361.304 4.48067 0.645703 35.9698
707.678 483.729 3.73982 1.05799 32.6489
644.973 507.617 3.2824 1.09454 32.4739
707.678 462.828 3.5895 0.927824 32.4255
641.987 459.842 1.80795 0.477418 30.1951
644.973 432.968 3.81435 0.896533 33.3683
701.706 397.136 3.96239 0.684895 33.0597
671.846 597.197 3.73699 1.67348 32.9194
767.398 355.332 1.95063 0.325746 30.1183
286.655 194.089 2.90589 -0.923042 38.6787
476.563 397.733 3.80903 0.910483 35.8046
490.896 369.068 3.86793 0.71012 35.7664
107.495 132.578 1.2212 -0.28369 32.6999
336.819 533.894 2.62212 1.70096 35.0264
723.803 523.145 3.94088 1.28784 32.7862
820.549 186.325 3.72066 -0.315353 31.9053
175.576 128.995 1.42193 -0.292953 32.541
268.739 82.4132 2.25038 -1.26074 35.8507
326.07 437.148 3.19458 1.52779 38.081
286.655 458.647 2.99905 1.75434 38.7588
265.155 451.481 2.84169 1.75351 39.3318
594.808 247.24 3.46256 -0.121144 33.3974
386.984 487.313 3.71645 2.00898 37.8085
455.064 548.227 3.39955 1.85967 35.0907
813.382 229.324 4.43763 -0.248976 32.7214
498.062 551.81 2.46833 1.16205 32.2092
555.393 512.395 4.3716 1.81023 35.4361
684.388 279.488 1.86279 0.222824 30.1846
756.051 186.325 4.29203 -0.469928 33.0722
734.552 175.576 3.5824 -0.365215 32.2768
627.057 541.06 3.07273 1.19079 32.3076
580.475 515.978 4.40799 1.79285 35.2005
250.823 419.232 2.7209 1.52891 39.3473
695.137 197.075 3.60515 -0.314613 32.6073
834.881 555.393 4.02402 1.29013 32.068
795.466 548.227 4.2504 1.42189 32.5759
318.903 100.329 2.66418 -1.21906 36.0301
290.238 71.6636 2.02447 -0.851237 33.8409
666.472 576.892 3.44691 1.43116 32.5234
139.744 429.982 1.45002 0.943013 34.556
197.075 146.91 1.73896 -0.651989 35.2277
498.062 483.73 3.94686 1.57615 35.635
526.728 447.898 4.13168 1.29415 35.608
741.719 440.731 3.43662 0.759939 31.9697
734.552 419.232 3.46495 0.66829 32.0607
752.468 365.485 3.83065 0.454736 32.4453
551.81 272.322 3.99404 -0.0134754 34.8656
68.0805 283.071 1.10951 0.179957 35.6163
204.241 290.238 2.64844 0.0479158 42.8251
802.633 333.236 4.42031 0.311441 32.7666
447.898 326.07 3.80346 0.387501 36.5392
644.973 433.565 3.7216 0.85221 33.1834
709.47 397.733 4.08432 0.701752 33.1316
705.887 483.73 3.80404 1.07897 32.7468
641.39 462.23 3.92969 1.08573 33.5893
791.883 490.896 4.2382 1.11496 32.6189
795.466 462.23 4.26192 0.970587 32.6226
68.0805 311.737 1.09644 0.336922 33.9476
558.976 422.815 4.84674 1.26827 36.3167
544.644 361.901 3.4639 0.542045 33.8752
820.549 419.232 4.4907 0.810377 32.6844
447.898 472.98 3.73038 1.55032 36.138
881.463 419.232 2.21758 0.424021 30.1502
437.148 379.817 3.64755 0.878317 36.3536
670.055 594.808 3.61713 1.61201 32.7197
476.563 175.576 4.56306 -1.13276 37.9637
223.591 98.8958 1.73629 -0.697534 33.9056
601.975 348.285 3.5487 0.427404 33.4201
292.388 309.587 2.92405 0.326292 38.3034
386.984 485.879 3.59562 1.84097 37.3118
361.185 455.781 3.28866 1.55199 37.0517
614.874 214.991 6.07296 -0.876292 37.8474
593.375 245.09 5.15649 -0.403987 36.368
623.474 576.176 3.63934 1.65927 33.2557
627.773 541.777 3.25095 1.2763 32.5508
580.475 511.678 4.55796 1.84206 35.4645
683.671 279.488 4.16137 -0.00210407 33.5301
103.196 412.783 1.24975 0.722739 33.2986
128.995 369.784 1.34914 0.600403 33.853
189.192 408.483 1.67833 0.802573 34.3404
141.894 425.682 1.45654 0.94695 34.5591
696.57 197.792 3.68355 -0.339586 32.7327
103.196 176.293 1.22074 -0.149937 32.7599
283.788 193.492 3.00392 -0.973024 39.2807
240.79 202.091 2.39982 -0.662809 37.6827
490.179 253.689 3.98066 -0.216363 36.0923
679.371 335.386 4.20884 0.354903 33.6787
696.57 305.287 4.18825 0.200504 33.4902
653.572 515.978 3.89211 1.36416 33.3599
386.984 378.384 3.45691 0.854244 36.935
735.269 417.082 3.33508 0.646983 31.8798
752.468 369.784 3.69088 0.454983 32.2539
726.669 386.984 3.87679 0.613324 32.7309
743.869 438.581 4.06025 0.893625 32.8114
146.194 146.194 1.47379 -0.484567 34.4086
636.373 464.38 3.73813 1.07635 33.2891
864.263 472.98 3.4552 0.78723 31.3376
116.095 232.19 1.35046 -0.0744395 34.8954
90.2962 240.79 1.22666 -0.0856006 34.7847
253.689 326.786 3.02697 0.492694 41.4503
283.788 296.687 2.87142 0.149503 38.5485
563.276 494.479 3.91897 1.48487 34.4067
498.779 481.58 3.75213 1.47267 35.1221
524.578 447.181 3.69631 1.12495 34.5262
709.47 399.883 3.70726 0.649736 32.6153
644.973 429.982 3.93519 0.939847 33.5075
791.167 490.179 3.85197 1.00929 32.162
494.479 343.985 3.74853 0.501345 35.3799
558.976 421.382 4.83531 1.22644 36.5002
524.578 395.583 4.0513 0.881398 35.4736
709.47 455.781 3.6564 0.913459 32.5411
662.172 468.68 3.82074 1.06642 33.1661
498.779 326.786 3.67911 0.387099 35.2464
537.477 309.587 3.90464 0.213569 35.0002
546.077 270.889 3.98628 -0.0286608 34.9055
528.878 270.889 4.11483 -0.0671231 35.6296
554.677 245.09 4.32286 -0.255803 35.6362
515.978 240.79 3.11129 -0.114163 33.4616
1006.16 404.183 2.37016 0.398296 30.0466
451.481 421.382 3.46591 1.0386 35.2888
490.179 369.784 3.94317 0.743648 35.9689
726.669 507.379 3.75861 1.15861 32.5
765.368 352.585 4.3107 0.448339 32.9587
554.677 511.678 4.66155 1.92498 36.0708
455.781 210.691 4.04859 -0.676593 36.9813
374.084 197.792 4.07877 -1.07414 39.8467
576.176 163.393 5.27754 -1.2146 37.1633
554.677 176.293 4.67435 -0.955961 36.2785
352.585 279.488 3.52859 -0.0602915 38.8066
696.571 304.427 4.11866 0.189323 33.3722
727.529 495.339 4.01235 1.13189 32.8129
743.009 443.741 3.70353 0.822622 32.353
815.246 227.03 4.07249 -0.202995 32.3259
810.086 252.829 4.23031 -0.102287 32.5025
330.226 433.422 3.24369 1.42278 37.9469
541.777 443.741 1.93524 0.539677 30.7704
526.298 448.901 1.84652 0.522661 30.6672
686.251 500.499 3.80569 1.15582 32.8335
701.73 154.793 4.12463 -0.654708 33.3077
681.091 283.788 4.16304 0.0232415 33.5336
263.149 330.226 2.81209 0.465571 38.9597
495.339 345.705 1.79709 0.34172 30.695
608.854 417.942 3.65608 0.860955 33.4476
799.766 438.581 4.29461 0.832179 32.6404
139.314 428.262 1.47201 0.913303 34.5538
113.515 309.587 1.29149 0.309586 33.2263
603.694 500.499 3.71814 1.32255 33.5393
794.606 552.097 4.25117 1.43963 32.5847
557.256 423.102 4.29159 1.07073 35.3305
521.138 397.303 4.19356 0.90389 35.8673
732.689 417.942 3.67462 0.702107 32.3608
660.452 469.54 3.80027 1.07013 33.1303
975.199 412.783 2.36937 0.400571 30.1097
495.339 485.02 3.75277 1.5865 35.3409
464.38 485.02 3.90455 1.68818 36.3356
835.885 423.102 4.55826 0.789569 32.6436
706.89 402.463 3.95306 0.703375 32.9734
644.973 428.262 3.95688 0.914284 33.5895
691.411 392.143 3.7034 0.637404 32.6719
655.292 371.504 3.85548 0.622842 33.3506
1026.8 376.664 2.37659 0.352275 30.0055
737.849 180.592 3.18511 -0.255196 31.8032
820.405 180.592 3.94583 -0.366823 32.1513
386.984 485.02 3.73132 1.90658 37.9401
572.736 490.179 4.29416 1.57899 35.0126
185.752 412.783 1.67666 0.831143 34.6507
263.149 454.061 2.81583 1.73525 38.862
190.912 536.617 1.41823 0.95382 32.0329
485.02 175.433 4.64965 -1.1364 38.1254
381.824 196.072 4.069 -1.03508 39.5268
614.014 216.711 5.67052 -0.785393 37.002
485.02 273.468 3.27983 0.0153482 34.2534
350.865 283.788 3.16782 0.0134448 37.1094
804.926 284.82 4.31049 0.105508 32.6421
117.643 340.546 1.37183 0.540886 34.6759
154.793 229.094 1.22314 0.212106 30.1624
383.888 482.956 3.353 1.71253 36.6032
433.422 427.23 3.35813 1.14928 35.4373
551.065 427.23 3.2752 0.84448 33.4356
526.298 445.805 3.98635 1.23978 35.3501
557.256 315.779 4.79639 0.250244 36.6902
507.723 309.587 2.57094 0.245183 32.4417
674.9 532.49 3.82962 1.38663 33.0559
643.941 501.531 4.13381 1.3684 33.9001
736.817 458.189 3.97045 0.960279 32.7818
743.009 427.23 3.85722 0.771233 32.5483
730.625 408.655 4.04479 0.735571 32.8297
755.392 371.504 4.53013 0.542271 33.3136
495.339 340.546 3.8034 0.473519 35.4364
544.873 421.038 4.10275 1.04952 35.0021
520.106 390.08 3.29221 0.673477 33.7657
681.091 458.189 3.77496 0.976371 32.927
482.956 421.038 1.62969 0.427515 30.3255
482.956 390.08 3.71615 0.842169 35.4179
656.324 365.313 4.107 0.560825 33.5829
798.734 433.422 3.42568 0.700449 31.6643
724.433 489.147 4.04329 1.16044 32.8696
848.268 544.873 4.2026 1.33449 32.1844
736.817 179.56 4.28092 -0.537247 33.2629
829.693 142.41 3.42593 -0.405854 31.531
681.091 284.82 1.89781 0.222454 30.2307
495.339 482.956 3.42163 1.3913 34.4412
612.982 501.531 4.31727 1.55797 34.6667
179.56 427.23 1.67124 0.951655 34.6163
247.67 414.846 2.62493 1.31343 38.8377
185.752 513.914 1.4481 0.922523 32.1844
489.147 173.369 3.47918 -0.696379 34.9748
383.888 198.136 3.57993 -0.811448 37.6138
160.985 179.56 1.426 -0.183869 33.0323
117.643 130.027 1.30917 -0.420877 33.4248
365.313 210.519 3.3782 -0.727429 37.6084
260.053 328.162 2.71697 0.474843 38.4139
352.929 284.82 3.69345 -0.0302638 39.2982
439.613 501.531 3.48563 1.70658 35.6522
512.676 386.365 3.97547 0.845057 35.5275
683.568 230.333 3.37432 -0.167947 32.3531
690.998 208.042 2.77469 -0.10699 31.4265
698.428 408.655 4.20032 0.771415 33.3883
683.568 386.365 4.12441 0.653331 33.3842
653.848 371.504 3.9279 0.614647 33.4779
690.998 304.634 3.80366 0.194826 32.8983
668.708 534.966 3.37984 1.21906 32.3916
638.987 497.816 3.15127 1.04662 32.2402
795.019 408.655 4.29863 0.689103 32.651
802.449 364.074 4.4091 0.475984 32.7618
423.515 386.365 3.1603 0.80442 35.0503
401.225 371.504 3.71615 0.667468 37.4716
735.579 475.526 3.97693 1.13232 32.7741
713.288 445.805 3.9412 0.976991 32.9609
795.019 475.526 4.03816 1.06452 32.375
795.019 438.375 3.32221 0.720617 31.5273
572.117 453.235 4.04708 1.20374 34.6142
520.106 438.375 3.35907 1.01494 33.8401
520.106 252.623 3.29776 -0.0977179 33.8457
646.418 430.945 3.0667 0.699972 32.0386
750.439 371.504 4.11011 0.607859 32.8389
676.138 557.256 3.66898 1.41267 32.7246
720.718 490.386 3.91815 1.13866 32.9008
735.579 222.903 3.97027 -0.19809 32.8737
690.998 141.172 2.6456 -0.271576 31.2712
817.31 215.473 2.13416 0.0974411 30.2139
839.6 148.602 3.86212 -0.522048 32.0086
482.956 423.515 3.22717 0.905974 34.1712
430.945 453.235 4.0479 1.73201 37.5143
490.386 386.365 3.76094 0.7941 35.4211
594.407 401.225 4.43194 0.903202 35.0135
609.267 482.956 4.40518 1.45673 34.739
230.333 445.805 1.89405 1.0629 34.4304
245.193 416.085 2.56183 1.37932 38.4077
178.322 408.655 1.67986 0.841232 34.6628
349.214 475.526 2.97326 1.56255 36.0356
356.644 416.085 3.085 1.08566 36.446
252.623 364.074 2.81291 0.888311 39.6189
386.365 193.182 4.46199 -1.18941 40.8015
624.127 215.473 3.8146 -0.361922 33.5293
586.977 163.462 4.20656 -0.831035 34.9193
482.956 267.483 3.70327 -0.0454914 35.3761
237.763 208.042 2.53992 -0.727578 39.2354
156.032 230.333 1.44302 -0.0366323 33.499
208.042 148.602 1.71599 -0.444327 33.9686
200.612 297.203 2.36586 0.0983889 40.7303
252.623 326.924 2.50693 0.450655 37.3833
659.792 463.637 1.76488 0.469511 30.0826
766.785 285.315 4.31883 0.0869834 32.9975
722.204 499.302 3.91787 1.15402 32.826
864.862 517.134 2.2964 0.628851 30.2537
740.037 222.903 4.32251 -0.295066 33.3347
740.037 187.238 4.2777 -0.503725 33.2197
481.47 427.973 3.6915 1.0817 35.3707
508.218 383.392 3.78752 0.74334 35.4214
633.043 419.057 1.81021 0.434843 30.1959
543.882 427.973 4.38159 1.16639 35.7662
597.379 401.225 3.30233 0.653488 32.7808
561.715 374.476 3.28981 0.600747 33.2886
490.386 481.47 3.9129 1.60019 35.7056
552.798 499.302 3.48237 1.36421 33.6625
249.651 419.057 2.25579 1.11126 36.3648
356.644 419.057 2.49724 0.842317 33.9988
365.56 392.309 3.1174 1.05517 36.3861
356.644 472.554 2.96958 1.53542 36.3334
499.302 178.322 4.08701 -0.890604 36.1039
624.127 213.987 3.53204 -0.271229 33.0502
526.05 249.651 2.68875 0.0630562 32.3461
570.631 258.567 4.76253 -0.262652 36.1445
178.322 222.903 1.56279 -0.130176 33.5021
276.399 196.154 2.94744 -0.964917 39.2686
169.406 294.231 1.69081 0.158306 36.0951
347.728 347.728 2.91359 0.636758 36.3205
356.644 294.231 2.90972 0.0746533 35.7506
