646 202 9.00823 -0.906808 18.6671
881 291 7.56967 0.315672 23.3661
982 229 7.39514 0.167102 23.8669
1067 551 7.16587 1.01878 24.2801
222 384 9.5607 1.06734 23.8809
917 635 7.32528 1.40155 23.682
716 154 8.35116 -0.780433 20.9393
798 512 7.62695 1.18426 22.6878
69 618 9.47503 1.64784 24.4592
328 66 9.8389 -0.208196 23.1407
886 324 7.51387 0.407663 23.2527
136 401 9.7001 1.15021 24.0689
265 75 10.136 -0.145869 23.0582
931 561 7.37247 1.1482 23.8962
257 424 9.48224 1.18238 23.757
315 230 9.84451 0.424874 22.9188
882 268 7.55939 0.204772 23.2078
23 223 10.5704 0.677969 23.5882
269 509 9.39969 1.43719 23.7315
270 538 9.32345 1.49769 23.8418
793 592 7.59688 1.5025 22.7968
245 609 9.34473 1.71683 23.863
343 346 9.48869 0.878275 23.2252
973 473 7.30627 0.879559 23.8997
218 327 9.67941 0.896268 23.7593
206 437 9.61673 1.24403 23.7955
250 644 9.29123 1.81151 23.8836
282 626 9.23542 1.75761 23.8205
271 390 9.43448 1.0563 23.8102
284 586 9.28591 1.66178 23.7473
761 349 7.87552 0.450478 21.7197
296 309 9.55763 0.784799 23.5234
96 397 9.7988 1.15824 24.0962
370 371 9.50133 0.960807 22.8705
312 606 9.17817 1.69869 23.7697
193 176 10.1425 0.367748 23.365
770 308 7.8652 0.221571 21.7069
68 209 10.6441 0.570368 23.2898
313 52 10.0161 -0.315219 22.961
617 246 9.54533 -0.939481 16.0909
236 448 9.46234 1.24428 23.8891
203 452 9.61694 1.29222 23.794
282 451 9.36819 1.24113 23.7928
34 460 9.57292 1.27232 24.5686
1065 100 7.35493 -0.0800924 24.2796
1013 131 7.41063 -0.055585 24.0672
1047 133 7.37297 -0.00990951 24.2341
1173 591 7.10558 1.0303 24.6605
1176 679 7.09161 1.19008 24.6946
1171 618 7.10458 1.08687 24.6668
1140 633 7.11833 1.12935 24.5855
1069 629 7.15017 1.19456 24.3306
1206 406 7.15253 0.666381 24.7592
295.2 434.4 9.30913 1.17279 23.8634
916.8 634.8 7.32451 1.40206 23.6819
30 410.4 9.74435 1.19107 24.4063
273.6 85.2 10.1353 -0.130305 22.9682
780 187.2 7.93489 -0.544311 21.2915
895.2 612 7.39382 1.35657 23.6514
117.6 66 10.7419 -0.0616892 23.0977
103.2 69.6 10.6902 -0.00477364 23.2355
258 236.4 9.79936 0.553433 23.4406
255.6 552 9.34808 1.54702 23.8597
979.2 459.6 7.29115 0.834006 23.869
954 460.8 7.36152 0.862885 23.9009
205.2 261.6 9.80611 0.695784 23.7107
282 639.6 9.22249 1.78656 23.8262
282 626.4 9.23375 1.75928 23.8203
942 384 7.3931 0.630532 23.7093
1100.4 127.2 7.26432 -0.0277822 24.272
1082.4 130.8 7.33344 0.0237439 24.3657
66 156 10.3983 0.429316 23.6781
901.2 517.2 7.45353 1.0521 23.7582
40.8 124.8 10.6753 0.306478 23.4837
831.6 404.4 7.57079 0.714137 22.6046
804 406.8 7.65393 0.729142 22.3163
130.8 268.8 10.1598 0.757479 23.5611
264 614.4 9.2798 1.72314 23.859
274.8 393.6 9.4275 1.06566 23.8041
262.8 391.2 9.41154 1.06081 23.9048
282 378 9.41888 1.0136 23.7849
304.8 402 9.34395 1.07353 23.7572
823.2 291.6 7.67892 0.207278 22.4622
128.4 162 10.376 0.367329 23.4001
942 554.4 7.30607 1.1415 23.7335
109.2 399.6 9.76537 1.15729 24.0778
291.6 274.8 9.75686 0.650293 23.212
331.2 393.6 9.3097 1.04159 23.6551
169.2 409.2 9.78643 1.19315 23.7608
327.6 66 9.97064 -0.286873 22.8742
768 562.8 7.63863 1.53943 21.8453
247.2 340.8 9.52918 0.92071 23.8466
224.4 358.8 9.5855 0.989079 23.8541
217.2 327.6 9.68023 0.900044 23.7601
650.4 435.6 8.53805 1.10359 19.0529
650.4 421.2 8.5219 0.988723 19.5463
787.2 346.8 7.74673 0.423111 21.8349
765.6 331.2 7.87838 0.353824 21.7088
823.2 447.6 7.58587 0.903075 22.7205
388.8 189.6 10.3659 -0.156803 20.995
273.6 153.6 9.81106 0.243779 23.4405
72 391.2 9.78197 1.14346 24.2201
304.8 597.6 9.20167 1.67423 23.7691
367.2 162 10.0687 -0.074991 22.0842
906 468 7.44227 0.907117 23.6609
243.6 180 9.83172 0.379516 23.5589
288 355.2 9.44492 0.939537 23.7331
260.4 326.4 9.48282 0.872032 23.8775
855.6 456 7.50639 0.905852 23.0501
338.4 294 9.58414 0.687312 23.1436
361.2 223.2 10.0642 0.227735 22.0077
121.2 420 9.69764 1.20378 24.1183
114 423.6 9.69982 1.2162 24.1338
387.6 244.8 10.2945 0.19405 21.0216
774 270 7.89255 0.0559541 21.9283
783.6 216 7.90898 -0.227498 21.9013
770.4 308.4 7.85853 0.199 21.5196
213.6 91.2 10.3498 -0.0461085 23.0269
192 175.2 10.0644 0.385162 23.4935
428.4 286.8 10.6335 0.239713 19.0998
753.6 325.2 7.93826 0.320931 21.5659
676.8 318 8.57515 -0.0182066 18.0623
33.6 253.2 10.5112 0.772111 23.5821
490.8 230.4 10.8777 -0.715766 16.8253
556.8 49.2 9.42531 -1.1487 21.247
489.6 168 10.3976 -0.911956 18.8612
548.4 128.4 10.065 -1.44761 18.4906
222 610.8 9.3748 1.71562 23.9295
54 606 9.44223 1.58502 24.5742
60 558 9.4747 1.48304 24.5433
104.4 574.8 9.50444 1.56984 24.3303
220.8 505.2 9.43708 1.41165 23.9546
208.8 512.4 9.48068 1.44444 23.9298
308.4 502.8 9.28178 1.39413 23.7097
253.2 523.2 9.38811 1.47201 23.8363
46.8 511.2 9.46285 1.3649 24.6414
96 447.6 9.51592 1.23959 24.4506
168 514.8 9.6056 1.47939 23.922
159.6 445.2 9.57108 1.25463 24.1134
501.6 688.8 8.54305 1.80829 23.7711
357.6 548.4 9.29294 1.62589 23.1581
880.8 291.6 7.57501 0.324239 23.4151
644.4 248.4 9.14732 -0.869288 16.6788
870 102 7.68031 -0.53983 22.8706
799.2 51.6 7.99155 -0.870443 22.457
750 38.4 8.22973 -0.869922 22.5198
674.4 151.2 8.61981 -0.763397 20.9135
970.8 258 7.41213 0.26056 23.8646
961.2 219.6 7.41129 0.0943619 23.6532
1142.4 22.8 7.32479 -0.148366 24.5815
1200 116.4 7.23273 0.0999975 24.7164
1082.4 102 7.32902 -0.0641525 24.3185
1063.2 100.8 7.36173 -0.0787538 24.2783
1018.8 188.4 7.34305 0.0722819 23.9816
963.6 158.4 7.45751 -0.0758733 23.7279
793.2 591.6 7.59771 1.50226 22.8016
752.4 580.8 7.70337 1.63727 21.9339
735.6 379.2 7.98587 0.660108 22.1164
783.6 504 7.64781 1.21119 22.1553
1178.4 679.2 7.0906 1.19074 24.6945
1111.2 618 7.12182 1.13206 24.4572
1207.2 693.6 7.05393 1.20176 24.7388
978 634.8 7.29278 1.28167 24.1458
1069.2 628.8 7.14721 1.19559 24.3069
1119.6 432 7.00259 0.692847 24.0708
1173.6 476.4 7.12991 0.802944 24.6387
1256.4 525.6 7.09167 0.869363 24.8718
1009.2 367.2 7.3567 0.598565 24.2139
1026 484.8 7.25616 0.883851 24.1924
59.04 424.8 9.66814 1.21255 24.3913
30.24 430.56 9.64592 1.21942 24.5099
38.88 76.32 11.0445 0.0423899 23.1109
312.48 606.24 9.14812 1.67695 23.8159
315.36 580.32 9.22018 1.63443 23.6676
905.76 468 7.43953 0.90724 23.6606
882.72 462.24 7.46551 0.906878 23.3913
976.32 312.48 7.38299 0.430657 23.9133
34.56 394.56 9.91818 1.17736 24.1825
43.2 370.08 10.2066 1.14598 23.7934
41.76 125.28 10.5766 0.328765 23.6033
175.68 434.88 9.64282 1.24432 23.9135
158.4 407.52 9.79481 1.18707 23.799
596.16 279.36 10.5943 -1.20745 10.4341
649.44 421.92 8.54471 0.996216 19.2999
853.92 516.96 7.46564 1.12949 23.0659
205.92 437.76 9.53498 1.22673 23.949
182.88 434.88 9.60941 1.24012 23.937
786.24 347.04 7.74636 0.41875 21.7388
888.48 563.04 7.4493 1.20174 23.6616
280.8 67.68 10.0872 -0.181736 23.0347
224.64 358.56 9.50487 0.982493 23.9983
217.44 326.88 9.68147 0.899556 23.7613
285.12 178.56 9.71555 0.335507 23.5058
272.16 154.08 9.83543 0.240755 23.3994
777.6 564.48 7.59255 1.5284 21.9858
767.52 564.48 7.64199 1.53618 21.8842
784.8 541.44 7.59618 1.38952 22.0306
267.84 381.6 9.44277 1.03199 23.8302
292.32 378.72 9.40339 1.01322 23.7542
96.48 396 9.7773 1.15857 24.1284
902.88 200.16 7.53418 -0.0394866 23.2627
351.36 177.12 10.0921 0.0254169 22.1779
804.96 345.6 7.67444 0.419291 21.9868
227.52 184.32 9.89769 0.402896 23.5401
855.36 456.48 7.5021 0.905848 23.0258
289.44 354.24 9.44344 0.939939 23.7329
260.64 326.88 9.4809 0.871721 23.8815
372.96 194.4 10.1228 0.0281799 21.8096
197.28 99.36 10.2792 0.0440872 23.2367
783.36 216 7.89907 -0.195513 22.0626
776.16 208.8 7.93655 -0.318114 21.6877
436.32 259.2 10.7902 -0.0634664 18.6031
370.08 371.52 9.49207 0.959889 22.8909
131.04 420.48 9.66657 1.2014 24.1091
113.76 423.36 9.70237 1.2161 24.1263
397.44 306.72 10.3455 0.534038 20.5059
387.36 243.36 10.037 0.274108 21.69
660.96 299.52 8.83552 -0.298008 16.9254
671.04 296.64 8.68197 -0.243248 17.7556
197.28 171.36 10.1929 0.328738 23.2566
741.6 345.6 7.97293 0.43557 21.5281
427.68 286.56 10.6802 0.226458 18.9821
233.28 243.36 9.82171 0.593674 23.5374
239.04 233.28 9.89964 0.552807 23.3844
262.08 227.52 9.8204 0.516063 23.3723
306.72 312.48 9.52183 0.790889 23.5073
67.68 208.8 10.6058 0.57566 23.343
27.36 213.12 10.5869 0.638153 23.5655
171.36 234.72 10.1116 0.606913 23.4533
108 260.64 10.2597 0.750051 23.5543
152.64 218.88 10.1478 0.567653 23.5295
70.56 349.92 10.256 1.07178 23.6281
172.8 144 10.2307 0.265619 23.3717
491.04 230.4 10.9629 -0.769178 16.4925
617.76 246.24 9.53964 -0.907651 16.1263
433.44 99.36 10.0725 -0.682849 21.3694
440.64 110.88 10.0157 -0.624181 21.365
239.04 529.92 9.37314 1.47295 23.9497
269.28 537.12 9.30256 1.48567 23.8875
181.44 686.88 9.5265 2.03148 23.772
205.92 653.76 9.41724 1.86855 23.8808
263.52 614.88 9.25872 1.70799 23.9039
60.48 557.28 9.47277 1.48178 24.5457
95.04 653.76 9.50409 1.77867 24.2868
318.24 437.76 9.32274 1.19304 23.6365
254.88 432 9.42803 1.19128 23.871
253.44 522.72 9.35528 1.45328 23.9017
236.16 447.84 9.42868 1.23446 23.9707
280.8 450.72 9.33584 1.22952 23.8731
109.44 398.88 9.76537 1.15729 24.0778
47.52 509.76 9.46224 1.36236 24.641
95.04 447.84 9.46018 1.22148 24.5384
488.16 622.08 8.81483 1.89778 22.772
361.44 591.84 9.22202 1.77152 23.1991
360 434.88 9.09496 1.13577 23.9071
378.72 505.44 9.38549 1.52186 22.7718
358.56 492.48 9.34098 1.41728 23.1469
862.56 207.36 7.62818 -0.0949533 22.8811
938.88 275.04 7.46522 0.302709 23.742
902.88 239.04 7.54408 0.15123 23.489
815.04 302.4 7.76937 0.37455 23.2485
709.92 273.6 8.30006 -0.272633 19.4338
676.8 204.48 8.72527 -0.930935 18.6931
743.04 231.84 8.10321 -0.441027 20.3739
927.36 46.08 7.55709 -0.615704 23.2751
859.68 181.44 7.65442 -0.21188 22.8028
709.92 154.08 8.42103 -0.883141 20.554
722.88 154.08 8.34471 -0.956527 20.3626
1241.28 341.28 7.14561 0.548694 24.8287
1000.8 198.72 7.37389 0.0808138 23.9027
960.48 218.88 7.41095 0.0926577 23.6424
1141.92 66.24 7.30408 -0.0469438 24.5765
1103.04 106.56 7.32142 -0.000886005 24.4558
1219.68 168.48 7.18373 0.192254 24.7167
1189.44 181.44 7.22861 0.226013 24.7159
1062.72 100.8 7.36284 -0.0795271 24.2775
1045.44 36 7.39859 -0.276531 24.1826
963.36 158.4 7.45507 -0.0778646 23.7272
1013.76 131.04 7.40828 -0.0614824 24.064
940.32 635.04 7.31952 1.33771 23.9076
684 597.6 8.01856 1.79061 21.8783
686.88 528.48 8.06422 1.40293 22.2502
793.44 591.84 7.60995 1.48253 22.919
753.12 581.76 7.70195 1.63407 21.9608
653.76 662.4 8.1017 1.84657 22.9889
927.36 378.72 7.42144 0.615043 23.6321
1170.72 601.92 7.09386 1.05705 24.6284
1141.92 545.76 7.16701 0.954332 24.6352
1179.36 679.68 7.08465 1.19357 24.6971
1069.92 548.64 7.16583 1.01115 24.2913
1000.8 662.4 7.24977 1.32355 24.2262
963.36 627.84 7.31147 1.28101 24.0842
1049.76 643.68 7.19414 1.2359 24.336
1173.6 475.2 7.1288 0.802251 24.6389
1009.44 367.2 7.3554 0.598505 24.2075
1033.92 362.88 7.29573 0.574015 24.2043
844.992 426.816 7.53293 0.798478 22.8608
48.384 148.608 10.6515 0.388115 23.4465
172.8 89.856 10.5223 -0.0223928 23.0355
247.104 340.416 9.50225 0.918021 23.9029
224.64 359.424 9.5833 0.990796 23.8545
238.464 330.048 9.6329 0.892253 23.7371
286.848 355.968 9.44638 0.942601 23.7383
269.568 349.056 9.43236 0.93018 23.8879
260.928 326.592 9.6038 0.866705 23.6395
349.056 364.608 9.43001 0.940166 23.2843
905.472 468.288 7.46239 0.90708 23.752
927.936 478.656 7.41129 0.921955 23.8204
330.048 393.984 9.3048 1.0383 23.6641
368.064 162.432 10.0322 -0.0657325 22.1586
191.808 174.528 10.068 0.383922 23.4858
409.536 203.904 10.477 -0.21506 20.3586
373.248 195.264 10.1185 0.0315992 21.8219
262.656 269.568 9.70086 0.672105 23.5468
784.512 216 7.90637 -0.2212 21.9027
775.872 209.088 7.93889 -0.352327 21.5371
198.72 145.152 10.0898 0.265118 23.4473
751.68 250.56 8.01893 -0.048494 21.7971
770.688 241.92 7.9276 -0.191624 21.4611
245.376 177.984 9.88198 0.357927 23.4655
226.368 184.896 9.91152 0.399253 23.5255
254.016 155.52 9.86732 0.265738 23.4743
411.264 241.92 10.4766 0.0236404 20.1493
768.96 290.304 7.89796 0.0758922 21.3513
753.408 324.864 7.94162 0.330133 21.7107
196.992 98.496 10.3718 0.00901333 23.1072
414.72 307.584 10.534 0.476739 19.6301
642.816 316.224 9.19694 -0.300494 14.8462
378.432 259.2 10.2906 0.299176 21.098
713.664 304.128 8.18938 0.0896861 20.4441
691.2 316.224 8.38297 0.0718977 19.2789
653.184 324.864 8.85579 0.038282 17.1733
862.272 350.784 7.56628 0.505003 23.1856
841.536 359.424 7.61319 0.545015 23.0626
238.464 236.736 9.85042 0.567676 23.4696
217.728 228.096 9.95897 0.547124 23.414
305.856 260.928 9.82031 0.565086 22.988
324.864 210.816 9.8016 0.341032 22.9686
69.12 209.088 10.6482 0.570235 23.2817
152.064 217.728 10.153 0.566496 23.5186
112.32 216 10.3206 0.588562 23.4933
119.232 354.24 10.2443 1.06852 23.3987
126.144 293.76 10.1498 0.851965 23.5804
231.552 86.4 10.2054 -0.057992 23.1637
240.192 69.12 10.2175 -0.136561 23.1051
331.776 146.88 9.8154 0.081356 23.0057
63.936 98.496 10.9655 0.0993468 23.0477
103.68 67.392 10.7877 -0.0474285 23.1039
32.832 32.832 11.0798 -0.12149 23.1518
176.256 55.296 10.4731 -0.141844 23.1514
115.776 67.392 10.7368 -0.0601512 23.1054
91.584 160.704 10.4482 0.404327 23.4795
152.064 172.8 10.246 0.399955 23.4423
546.048 228.096 10.4368 -1.02233 16.0184
630.72 203.904 9.2427 -1.02647 17.8995
566.784 229.824 10.3863 -1.19555 15.0178
473.472 231.552 11.269 -0.769634 16.1395
418.176 207.36 10.61 -0.293835 19.7971
368.064 328.32 9.49721 0.788462 23.0111
504.576 110.592 9.74004 -0.793626 21.0018
601.344 62.208 9.11322 -1.0687 21.3507
546.048 127.872 9.98533 -1.36229 18.8279
625.536 186.624 9.32819 -1.24456 17.8764
349.056 98.496 10.0467 -0.274393 22.4555
459.648 103.68 10.0749 -0.829192 20.8576
485.568 112.32 9.82416 -0.738071 21.0878
203.904 603.072 9.40875 1.69053 23.9724
212.544 558.144 9.41654 1.56016 23.9712
312.768 606.528 9.15492 1.675 23.8152
319.68 558.144 9.20073 1.5493 23.7136
269.568 537.408 9.32349 1.50075 23.8451
205.632 653.184 9.43991 1.88409 23.8405
254.016 432 9.40906 1.18765 23.9118
183.168 435.456 9.72642 1.26416 23.7605
293.76 438.912 9.30065 1.1716 23.8767
262.656 390.528 9.41154 1.06081 23.9048
254.016 521.856 9.33597 1.44586 23.9432
307.584 502.848 9.2306 1.37084 23.837
292.032 514.944 9.25769 1.40859 23.8693
279.936 451.008 9.33315 1.23043 23.8841
39.744 416.448 9.73698 1.19968 24.373
43.2 369.792 10.1986 1.14631 23.798
169.344 409.536 9.77786 1.19133 23.7705
554.688 527.04 9.98065 2.82043 13.6527
374.976 672.192 8.98952 1.92053 23.5945
632.448 502.848 8.57577 1.66871 19.0818
414.72 445.824 10.2772 1.53521 19.7327
940.032 274.752 7.46068 0.300292 23.7338
886.464 323.136 7.52271 0.422431 23.3244
708.48 274.752 8.31296 -0.286408 19.3123
665.28 267.84 8.847 -0.621839 17.0939
691.2 209.088 8.57033 -0.868253 18.9205
646.272 202.176 9.00749 -0.912503 18.6362
760.32 347.328 7.87398 0.440155 21.6142
869.184 101.952 7.67901 -0.542085 22.8151
800.064 44.928 7.99597 -0.894833 22.4844
927.936 44.928 7.54077 -0.665649 23.1677
914.112 114.048 7.57912 -0.311158 23.4214
715.392 44.928 8.37987 -0.857884 22.3833
673.92 150.336 8.66401 -0.862033 20.5464
779.328 188.352 7.93808 -0.511708 21.4137
722.304 153.792 8.35916 -0.880422 20.6123
1131.84 250.56 7.1056 0.237945 24.2056
1176.77 207.36 7.24098 0.274949 24.694
1111.1 359.424 7.23545 0.574137 24.5029
1105.92 281.664 7.25462 0.3928 24.4645
971.136 259.2 7.41871 0.270281 23.8822
1003.97 200.448 7.37312 0.104922 23.9557
960.768 219.456 7.41095 0.0926577 23.6424
978.048 293.76 7.39166 0.367148 23.9218
1048.9 283.392 7.28099 0.357257 24.1518
1104.19 108.864 7.31929 -0.00367854 24.4484
1124.93 65.664 7.3194 -0.0685631 24.5163
1017.79 57.024 7.39412 -0.353995 23.8758
978.048 65.664 7.47644 -0.347834 23.7913
1045.44 108.864 7.38383 -0.0770597 24.2135
1045.44 36.288 7.38053 -0.326545 24.0848
962.496 157.248 7.4438 -0.097174 23.6898
831.168 565.056 7.46704 1.37036 22.7237
888.192 563.328 7.4493 1.20174 23.6616
832.896 639.36 7.43575 1.61843 22.9147
753.408 582.336 7.69031 1.66423 21.6816
784.512 542.592 7.61176 1.37924 22.2083
798.336 511.488 7.59812 1.20774 22.4001
806.976 451.008 7.62346 0.92729 22.4703
784.512 362.88 7.73999 0.492355 21.7413
1171.58 603.072 7.11079 1.05522 24.6797
1223.42 601.344 7.06138 1.01689 24.7438
1171.58 679.104 7.09264 1.1979 24.6918
1071.36 630.72 7.14004 1.19684 24.3207
1050.62 644.544 7.1949 1.23646 24.3423
1218.24 387.072 7.14955 0.627825 24.7782
979.776 459.648 7.31244 0.837487 23.9494
651.11 474.854 8.44673 1.43503 19.0486
756.864 300.672 7.94213 0.197848 21.8218
767.232 290.304 7.8995 0.105189 21.5838
804.557 383.616 7.66463 0.611217 22.1788
825.293 371.174 7.62625 0.576413 22.5284
891.648 429.235 7.4267 0.78285 23.242
414.72 263.347 10.3149 0.201766 20.4716
443.75 250.906 10.5436 -0.0600361 19.1554
414.72 308.966 10.2806 0.516537 20.3556
412.646 279.936 10.6664 0.237694 19.4263
406.426 277.862 10.0444 0.386144 21.2405
711.245 302.746 8.17393 0.242518 21.6658
632.448 340.07 9.23355 0.0774408 15.194
416.794 358.733 10.5142 0.841026 19.3533
240.538 236.39 9.86153 0.563844 23.4423
217.728 228.096 9.94341 0.547584 23.4493
325.555 211.507 9.79575 0.343182 22.9749
267.494 213.581 9.78873 0.462605 23.4111
209.434 325.555 9.69007 0.899756 23.783
298.598 348.365 9.39142 0.918955 23.7807
286.157 354.586 9.44829 0.944126 23.7402
304.819 311.04 9.52729 0.786094 23.516
292.378 306.893 9.34601 0.796081 23.9769
105.754 259.2 10.2564 0.74876 23.5657
43.5456 252.979 10.516 0.765582 23.5212
101.606 217.728 10.3452 0.591863 23.5061
68.4288 209.434 10.4708 0.593841 23.5217
134.784 269.568 10.2054 0.755905 23.4846
153.446 217.728 10.1486 0.564742 23.5233
70.5024 350.438 10.259 1.07469 23.6237
103.68 286.157 10.2883 0.844747 23.4946
43.5456 282.01 10.6654 0.860128 23.2948
170.035 335.923 9.97609 0.95938 23.5443
159.667 296.525 10.075 0.838666 23.4827
205.286 62.208 10.3483 -0.136802 23.1518
321.408 99.5328 9.90512 -0.117625 22.9941
271.642 80.8704 10.0639 -0.113281 23.1268
327.629 66.3552 9.94445 -0.267336 22.93
279.936 68.4288 10.0794 -0.183875 23.0498
244.685 176.256 9.85222 0.355659 23.5203
196.992 170.035 10.0404 0.365498 23.5056
317.261 182.477 9.89351 0.222043 22.8794
103.68 66.3552 10.7549 -0.044123 23.1497
64.2816 51.84 10.9762 -0.0801746 23.086
174.182 55.9872 10.4294 -0.123323 23.2289
114.048 66.3552 10.7298 -0.0485133 23.1271
153.446 172.109 10.1942 0.406215 23.5226
128.563 157.594 10.3172 0.374837 23.487
545.357 228.096 10.5194 -1.06605 15.6812
497.664 230.17 10.6808 -0.671842 17.1362
620.006 246.758 9.5199 -0.897018 16.1859
566.093 230.17 10.3442 -1.14279 15.2043
340.07 267.494 9.70728 0.557351 22.9142
472.781 230.17 11.0646 -0.671125 16.8477
433.382 234.317 10.5917 -0.154098 19.4175
369.101 329.702 9.51286 0.789885 22.9645
358.733 304.819 9.57908 0.699889 22.9576
503.885 109.901 9.67148 -0.726386 21.2575
547.43 192.845 10.1652 -1.08262 17.4493
340.07 91.2384 10.071 -0.293812 22.5164
400.205 174.182 10.5116 -0.375385 20.4983
466.56 172.109 10.4089 -0.715679 19.4686
205.286 601.344 9.40875 1.69053 23.9724
238.464 528.768 9.35872 1.46502 23.9813
211.507 557.798 9.39225 1.55064 24.0287
304.819 599.271 9.14656 1.64269 23.9175
319.334 555.725 9.18661 1.54182 23.7722
207.36 651.11 9.36967 1.82743 23.9752
230.17 607.565 9.32476 1.68567 23.9959
203.213 437.53 9.61695 1.25001 23.7954
238.464 391.91 9.48824 1.08538 23.891
252.979 522.547 9.38773 1.47021 23.8278
259.2 449.971 9.41282 1.24814 23.8442
203.213 456.192 9.61966 1.3102 23.7876
279.936 449.971 9.33214 1.22659 23.899
39.3984 414.72 9.73873 1.19763 24.3747
170.035 410.573 9.72221 1.18693 23.8685
116.122 418.867 9.67597 1.20125 24.168
165.888 362.88 9.99504 1.06726 23.4836
516.326 599.271 8.8217 1.90751 22.122
360.806 588.902 9.22279 1.76934 23.1937
553.651 497.664 9.39183 1.92274 18.056
371.174 371.174 9.50774 0.964511 22.8452
806.63 211.507 7.81519 -0.185896 22.2307
902.016 238.464 7.53577 0.117658 23.3673
875.059 215.654 7.60776 0.0235967 23.2337
835.661 317.261 7.68733 0.408316 23.2278
879.207 284.083 7.56099 0.279446 23.2625
742.349 230.17 8.09724 -0.413099 20.5701
659.405 300.672 8.88594 -0.427576 15.958
758.938 346.291 7.88461 0.420765 21.4647
866.765 105.754 7.68316 -0.508347 22.9261
748.57 41.472 8.22744 -0.834337 22.5667
707.098 153.446 8.43793 -0.890474 20.5306
673.92 151.373 8.65175 -0.847065 20.6285
777.6 188.698 7.93852 -0.521256 21.363
721.613 153.446 8.33749 -0.914106 20.5028
1113.52 213.581 7.27149 0.244461 24.4771
1109.38 358.733 7.2343 0.573249 24.5028
1105.23 282.01 7.25495 0.395566 24.4636
1059.61 217.728 7.31854 0.216327 24.289
976.666 294.451 7.39436 0.3674 23.9338
1072.05 354.586 7.24189 0.548882 24.2901
1099.01 126.49 7.2674 -0.0256835 24.2726
1215.13 170.035 7.19099 0.194982 24.7194
1190.25 180.403 7.21798 0.215078 24.6888
968.371 153.446 7.46612 -0.051651 23.8717
941.415 593.05 7.3208 1.23091 23.86
928.973 642.816 7.32826 1.38491 23.8496
781.747 541.21 7.60077 1.3993 21.9594
926.899 377.395 7.4306 0.613348 23.6971
852.25 510.106 7.46277 1.11285 22.9822
806.63 449.971 7.62623 0.936875 22.5497
908.237 454.118 7.455 0.859986 23.7422
783.821 360.806 7.73884 0.498183 21.728
943.488 555.725 7.30814 1.13282 23.7495
1026.43 599.271 7.19776 1.16722 24.1647
1020.21 559.872 7.23353 1.07501 24.1919
1171.58 435.456 7.15128 0.730949 24.652
1217.2 387.763 7.1455 0.631243 24.7763
1206.84 514.253 7.1103 0.869612 24.7446
984.96 437.53 7.30244 0.775832 23.9164
980.813 429.235 7.3225 0.754645 23.9584
1063.76 429.235 7.21978 0.727264 24.2729
1032.65 510.106 7.25241 0.932155 24.2298
256.297 154.276 9.97956 0.22165 23.2362
746.496 355.83 7.95858 0.501415 21.7004
669.358 97.0445 8.76222 -1.23399 20.5109
684.288 525.036 8.0794 1.41692 22.0856
716.636 47.2781 8.37584 -0.866508 22.3472
719.125 602.174 7.83585 1.77678 21.9475
1201.86 338.412 7.15388 0.529256 24.7118
345.877 639.498 9.23071 1.95165 23.222
604.662 572.314 8.49979 1.87968 21.2056
544.942 199.066 10.4596 -1.3479 16.1748
500.152 176.671 10.2848 -0.850254 18.9181
851.006 116.951 7.72298 -0.536083 22.6599
831.099 47.2781 7.85097 -0.99565 22.2648
793.774 49.7664 8.00291 -0.93363 22.3433
1109.79 358.318 7.23715 0.567228 24.5044
992.84 82.1146 7.40843 -0.328086 23.7257
995.328 52.2547 7.45265 -0.3672 23.8885
975.422 67.1846 7.46706 -0.374634 23.7079
1017.72 360.806 7.27225 0.537765 24.0171
1229.23 104.509 7.17763 0.0518646 24.7063
1196.88 99.5328 7.2399 0.0651191 24.7118
629.545 497.664 8.62835 1.65692 18.8595
1015.23 189.112 7.35148 0.0792826 24.0051
1082.42 129.393 7.3381 0.0379489 24.4091
104.509 452.874 9.49017 1.25415 24.4583
1167.02 532.501 7.16448 0.924109 24.7265
358.318 547.43 9.29155 1.62712 23.1569
1174.49 241.367 7.21007 0.32825 24.6432
1206.84 233.902 7.21314 0.34762 24.7687
1172 435.456 7.15012 0.731358 24.6524
1112.28 253.809 7.25849 0.336208 24.479
1114.77 213.996 7.26546 0.227887 24.4617
72.1613 587.244 9.44995 1.55697 24.5173
62.208 554.895 9.43722 1.46343 24.5976
930.632 194.089 7.50301 0.00226278 23.5729
1224.25 599.685 7.06484 1.01988 24.75
544.942 228.925 10.5194 -1.06605 15.6812
1079.93 119.439 7.3443 -0.00324667 24.3682
253.809 520.059 9.33741 1.44645 23.9408
211.507 557.384 9.39225 1.55064 24.0287
632.033 204.042 9.03109 -0.741672 19.3441
567.337 233.902 10.3442 -1.14279 15.2043
515.082 597.197 8.82275 1.91027 22.1351
554.895 530.012 9.96695 2.80918 13.7193
910.725 114.463 7.61923 -0.206408 23.691
246.344 500.152 9.40257 1.3959 23.8613
223.949 505.129 9.51777 1.44124 23.7943
201.554 455.363 9.5744 1.29349 23.8597
338.412 641.987 9.32489 2.00729 23.0476
311.04 604.662 9.17304 1.68255 23.7777
266.25 602.174 9.29771 1.69636 23.8347
751.473 579.779 7.68824 1.65811 21.7111
781.333 539.966 7.60393 1.40443 21.9256
888.33 358.318 7.48247 0.535427 23.287
323.482 472.781 9.13789 1.25984 23.9935
1002.79 577.29 7.23107 1.12461 24.0589
943.073 594.709 7.30994 1.24073 23.8002
943.073 554.895 7.28467 1.14631 23.6226
69.673 350.853 10.2623 1.07623 23.6172
102.021 283.669 10.2853 0.841945 23.5048
206.531 649.452 9.36967 1.82743 23.9752
261.274 609.638 9.23112 1.68496 23.9817
206.531 599.685 9.4095 1.6911 23.9701
328.458 67.1846 9.94968 -0.268503 22.9155
649.452 201.554 8.9384 -0.846919 19.0202
1035.14 654.428 7.23209 1.26649 24.3493
1069.98 627.057 7.15094 1.18633 24.3304
1142.14 542.454 7.17285 0.952169 24.658
982.887 353.341 7.33092 0.536507 23.8984
977.91 293.622 7.37292 0.339053 23.8128
955.515 316.017 7.41201 0.435231 23.8286
1179.46 121.928 7.18172 0.026146 24.5052
99.5328 124.416 10.3053 0.309655 23.6908
104.509 258.785 10.2787 0.749686 23.5293
69.673 253.809 10.5109 0.75038 23.4024
980.398 457.851 7.28805 0.832988 23.8686
134.369 268.739 10.1961 0.761676 23.4956
186.624 223.949 10.0169 0.570412 23.5461
875.889 271.227 7.55802 0.198622 23.111
900.772 236.39 7.53536 0.119015 23.3559
216.484 226.437 9.94988 0.55427 23.4652
365.783 472.781 9.4381 1.40612 22.8186
204.042 437.944 9.62187 1.24983 23.7956
1052.56 594.709 7.17116 1.12941 24.248
1067.49 544.942 7.17104 1.00551 24.2784
1030.16 525.036 7.22353 0.977221 24.1512
141.834 64.6963 10.5892 -0.0731697 23.182
435.456 261.274 10.8 -0.0514396 18.5661
472.781 228.925 10.9677 -0.646818 17.172
418.038 213.996 10.6328 -0.246355 19.715
154.276 171.694 10.2034 0.396815 23.4911
126.904 156.764 10.2995 0.376413 23.5297
199.066 104.509 10.3935 0.0169434 23.0494
238.879 72.1613 10.1926 -0.12079 23.1469
328.458 395.643 9.28773 1.03949 23.7228
910.725 666.87 7.38817 1.45875 23.9039
980.398 427.991 7.31208 0.746515 23.8693
1005.28 370.76 7.33037 0.59769 24.1378
271.227 348.365 9.45486 0.929015 23.836
938.097 425.503 7.40055 0.764813 23.7872
325.97 211.507 9.78553 0.346634 22.9853
885.842 562.36 7.45993 1.20681 23.6457
935.608 534.989 7.35372 1.08413 23.7867
340.9 268.739 9.66235 0.568759 23.0246
798.751 425.503 7.65459 0.835885 22.1639
838.564 373.248 7.6226 0.608654 22.9332
833.587 358.318 7.65519 0.551015 23.0699
94.5562 395.643 9.79578 1.15763 24.0977
614.615 318.505 10.0506 -0.522947 11.0003
783.821 216.484 7.90125 -0.214324 21.9498
741.519 228.925 8.0813 -0.368696 20.8269
758.938 281.18 7.92297 -0.0509443 20.8932
266.25 184.136 9.76792 0.368452 23.5178
293.622 121.928 9.7955 0.101506 23.3586
370.76 373.248 9.40696 0.962099 23.1325
584.755 430.479 10.309 1.55734 9.99034
104.509 450.884 9.5234 1.26187 24.4075
68.6776 444.912 9.60609 1.25165 24.4195
659.903 152.285 8.74166 -0.790007 20.6428
994.333 134.369 7.39969 -0.139393 23.7812
961.487 155.271 7.46068 -0.0822368 23.7272
1200.37 101.523 7.2408 0.0684423 24.7332
1179.46 122.425 7.21381 0.0542746 24.5828
361.304 588.239 9.21982 1.7592 23.2123
358.318 549.421 9.27727 1.6224 23.1824
1098.84 597.197 7.13829 1.0976 24.4222
1209.32 513.589 7.1093 0.868121 24.7369
630.043 495.673 8.55752 1.61567 19.4704
1071.97 358.318 7.26421 0.560093 24.3616
1051.07 283.669 7.28979 0.361852 24.1946
1143.63 247.837 7.24923 0.334608 24.5848
1113.77 253.809 7.25845 0.332472 24.4616
612.127 244.851 9.50145 -0.788507 16.8252
737.538 155.271 8.25122 -0.898932 20.5459
907.739 137.355 7.58378 -0.272579 23.2838
1015.23 56.7337 7.4199 -0.315742 23.9475
1128.7 197.075 7.25898 0.207283 24.4994
1143.63 131.383 7.26446 0.0684613 24.5456
1191.41 600.183 7.09761 1.03596 24.7072
188.117 170.201 10.2995 0.342254 23.1588
830.104 603.169 7.43827 1.53047 22.7821
910.725 116.453 7.55378 -0.386509 23.1709
916.697 74.6496 7.56195 -0.536456 23.1793
212.005 555.393 9.3879 1.54672 24.0305
253.809 522.547 9.39777 1.46405 23.8232
212.005 540.463 9.47062 1.53186 23.8927
546.435 229.921 10.4705 -1.01684 15.8766
495.673 229.921 10.8999 -0.754072 16.5727
782.328 540.463 7.61003 1.40632 21.9443
334.43 125.411 9.76805 0.0272419 23.1254
292.626 122.425 9.80592 0.0985576 23.3433
271.725 77.6356 10.0904 -0.134981 23.0801
322.486 474.772 9.29199 1.31183 23.6044
277.697 447.898 9.38371 1.23483 23.7881
104.509 259.781 10.2925 0.745526 23.5187
68.6776 209.019 10.3905 0.603838 23.6274
65.6917 343.388 10.4009 1.06006 23.4624
223.949 432.968 9.53928 1.21056 23.8469
235.893 447.898 9.65457 1.27785 23.5345
206.033 647.959 9.36347 1.81818 23.9808
268.739 612.127 9.22816 1.70089 23.9475
304.57 597.197 9.19644 1.66479 23.7913
937.599 537.477 7.36658 1.07443 23.8798
62.7057 152.285 10.5119 0.396326 23.5336
206.033 262.767 9.79718 0.695184 23.7157
214.991 226.935 9.95048 0.548812 23.4489
444.912 250.823 10.557 -0.0844565 19.1525
418.038 212.005 10.5262 -0.218301 20.0394
1054.05 641.987 7.19212 1.22631 24.3331
1071.97 627.057 7.15171 1.18281 24.331
203.047 59.7197 10.3713 -0.135648 23.1323
128.397 292.626 10.1647 0.8444 23.5516
788.3 265.753 7.82431 0.0208941 21.8691
928.641 376.234 7.39327 0.587101 23.4667
895.795 364.29 7.46881 0.545642 23.3415
901.767 659.903 7.40418 1.44287 23.8794
889.823 650.945 7.35606 1.50462 23.5055
1018.22 555.393 7.21389 1.07102 24.1045
1068.98 543.449 7.16935 1.00604 24.28
1030.16 528.519 7.22048 0.98245 24.1409
1104.81 570.323 7.13923 1.02815 24.4271
1140.65 528.519 7.19555 0.925923 24.6755
907.739 450.884 7.43363 0.854429 23.5808
689.762 444.912 8.17087 1.03867 21.348
853.992 510.603 7.44288 1.1148 22.8272
800.244 507.617 7.59481 1.20349 22.2414
806.216 450.884 7.62398 0.930255 22.4372
937.599 492.687 7.36046 0.944382 23.7663
223.949 182.145 9.9242 0.396332 23.5203
301.584 400.122 9.35875 1.07086 23.7613
328.458 397.136 9.36049 1.04928 23.5403
104.509 62.7057 10.813 -0.0743404 23.0682
179.159 56.7337 10.4179 -0.114096 23.2279
158.257 56.7337 10.6557 -0.166062 22.9769
271.725 349.36 9.48308 0.930399 23.7737
301.584 307.556 9.44577 0.789506 23.7279
358.318 197.075 10.0834 0.106684 22.0328
877.879 271.725 7.68308 0.367475 24.0003
928.641 561.365 7.36612 1.155 23.8137
886.837 561.365 7.46261 1.20701 23.6513
1009.26 370.262 7.34491 0.598824 24.2051
943.571 370.262 7.40291 0.605384 23.7317
65.6917 429.982 9.63897 1.22596 24.395
370.262 331.444 9.56283 0.79047 22.8188
173.187 412.066 9.75463 1.19058 23.7932
125.411 373.248 10.0905 1.11058 23.5665
698.72 391.164 8.15186 0.742577 21.9013
845.034 426.996 7.5063 0.803906 22.618
800.244 424.01 7.64961 0.809886 22.1933
633.029 337.416 9.07506 0.165254 16.7285
636.015 304.57 9.35809 -0.508558 14.3821
367.276 209.019 10.2067 0.114942 21.6168
624.071 424.01 8.98176 1.1358 16.592
716.636 346.374 8.1502 0.408663 20.7749
728.58 295.612 8.12151 0.085838 20.8726
424.01 283.669 10.7992 0.193676 18.7835
824.132 337.416 7.63751 0.400509 22.3364
818.16 298.598 7.74394 0.333741 23.0523
785.314 444.912 7.68341 0.915993 22.1592
782.328 606.155 7.58456 1.64205 22.3653
686.776 525.533 8.06322 1.40285 22.2631
976.417 65.6917 7.46953 -0.354157 23.76
1098.84 125.411 7.30232 -0.000961781 24.3535
830.104 59.7197 7.84474 -0.896086 22.3152
453.87 161.243 10.5374 -0.770638 19.5042
483.729 110.481 9.78664 -0.692112 21.3006
349.36 98.5375 9.76334 -0.114684 23.0799
633.029 203.047 9.05073 -0.7842 19.1821
80.6216 647.959 9.47283 1.73819 24.3989
895.795 627.057 7.40495 1.37675 23.735
885.046 587.642 7.44766 1.26408 23.7363
225.74 505.229 9.42235 1.40222 23.9684
236.49 447.898 9.46738 1.24512 23.8872
315.32 609.141 9.1785 1.69999 23.7323
315.32 558.976 9.19963 1.55092 23.7549
318.903 533.894 9.24583 1.47057 23.6738
609.141 243.656 9.57387 -0.855 16.4572
566.143 232.907 10.0974 -0.930251 16.4912
763.218 361.901 7.84288 0.499794 21.8154
852.797 182.742 7.68179 -0.174585 22.9178
838.464 164.826 7.72742 -0.349286 22.5533
935.21 537.477 7.35066 1.08572 23.7602
1189.62 179.159 7.22719 0.240952 24.7206
1178.87 204.241 7.24583 0.277203 24.718
1203.95 157.66 7.19663 0.167815 24.7026
222.157 433.565 9.53815 1.22039 23.8485
240.073 390.567 9.49792 1.07818 23.8695
1035.54 644.973 7.21504 1.25132 24.2963
1024.79 598.391 7.19307 1.16264 24.1101
68.0805 150.494 10.6944 0.369291 23.3176
175.576 283.071 10.02 0.78003 23.5157
189.909 225.74 9.98803 0.57477 23.5791
154.077 218.574 10.176 0.564528 23.4567
243.656 236.49 9.83496 0.568087 23.4952
214.991 229.324 9.98602 0.560422 23.4117
888.629 308.154 7.50663 0.337686 23.1864
1103.62 569.726 7.13945 1.03136 24.4295
103.912 265.155 10.2432 0.751312 23.5911
71.6636 254.406 10.4535 0.745105 23.4804
103.912 218.574 10.3228 0.595915 23.5446
100.329 125.411 10.474 0.264056 23.4433
247.24 175.576 9.84875 0.354508 23.5254
222.157 182.742 9.95128 0.389278 23.4843
963.876 630.64 7.25237 1.30808 23.9057
942.377 598.391 7.30565 1.25158 23.7779
168.41 336.819 9.95573 0.958378 23.5726
899.379 469.397 7.46585 0.907189 23.6764
207.825 644.973 9.37858 1.81541 23.9518
265.155 616.307 9.24513 1.7066 23.916
207.825 598.391 9.41036 1.68645 23.9641
128.995 333.236 10.2886 0.991628 23.2759
128.995 290.238 10.192 0.84203 23.4947
168.41 361.901 9.85523 1.0443 23.7129
272.322 351.152 9.46163 0.934231 23.8193
225.74 358.318 9.57393 0.967788 23.8801
476.563 225.74 11.13 -0.774971 16.4746
874.296 272.322 7.5868 0.218142 23.121
928.044 562.56 7.36612 1.155 23.8137
885.046 537.477 7.48988 1.1376 23.7601
935.21 429.982 7.39456 0.772119 23.7506
978.209 372.651 7.40122 0.616002 24.1448
953.126 333.236 7.33749 0.422383 23.4919
257.989 132.578 9.88512 0.176654 23.3974
240.073 71.6636 10.193 -0.120189 23.1426
232.907 78.83 10.2204 -0.0815973 23.15
720.219 268.739 8.18633 -0.0992914 20.7533
741.719 225.74 8.08599 -0.399113 20.8473
834.881 358.318 7.66102 0.550466 23.2647
784.717 214.991 7.90525 -0.331756 21.5051
107.495 404.9 9.77618 1.17104 24.07
132.578 111.079 10.559 0.131162 23.1672
695.137 390.567 8.15352 0.754723 22.1581
892.212 426.399 7.42349 0.777432 23.1765
888.629 376.234 7.45365 0.577159 23.0965
300.987 304.57 9.53975 0.768763 23.5104
816.965 451.481 7.5993 0.915825 22.4342
938.794 490.896 7.37906 0.943019 23.8503
981.792 458.647 7.29367 0.8321 23.8836
275.905 139.744 9.8352 0.179739 23.4056
415.649 211.408 10.7603 -0.319745 19.3704
447.898 297.404 10.7608 0.237895 18.186
584.059 429.982 9.7925 1.43908 13.9021
799.049 422.815 7.69068 0.822738 22.6837
372.651 372.651 9.37271 0.960927 23.2112
1067.79 429.982 7.21156 0.732051 24.2762
1189.62 601.974 7.09419 1.03373 24.7147
684.388 591.225 8.02269 1.78957 21.779
974.625 68.0805 7.47422 -0.355698 23.7615
1125.12 197.075 7.25742 0.20419 24.481
1178.87 121.828 7.15906 0.0041173 24.4374
1085.7 125.411 7.32954 0.0238892 24.3635
1046.29 286.655 7.28575 0.360647 24.1695
670.055 93.1627 8.844 -1.44834 19.9211
892.212 207.825 7.65714 0.146828 23.8531
867.13 103.912 7.69059 -0.533169 22.8165
358.318 548.227 9.29572 1.62452 23.1372
103.912 451.481 9.44067 1.2281 24.5466
472.98 107.495 9.70083 -0.607197 21.6317
541.06 193.492 10.1387 -1.01136 17.7674
293.821 125.411 9.83257 0.0920576 23.2859
610.574 245.09 9.24222 -0.527338 18.616
937.36 361.185 7.40919 0.554516 23.6917
941.66 490.179 7.3549 0.951699 23.7632
1105.05 571.876 7.11713 1.03975 24.3751
318.187 331.086 9.51622 0.835792 23.4013
369.784 331.086 9.55601 0.791487 22.8619
834.165 374.084 7.63403 0.62934 23.2801
1044.86 589.075 7.18714 1.12598 24.2269
1027.66 597.675 7.19544 1.16643 24.1188
1126.55 485.879 6.98657 0.840081 24.0988
1126.55 460.081 6.99491 0.790583 24.0985
1195.35 176.293 7.21574 0.206737 24.7056
1160.95 141.894 7.22633 0.0914353 24.5392
348.285 374.084 9.4589 0.990943 23.1955
662.172 279.488 8.86397 -0.435871 17.1942
709.47 240.79 8.36965 -0.555074 19.2793
649.273 245.09 9.10748 -0.912793 16.5366
718.07 270.889 8.20927 -0.230897 19.9545
834.165 356.885 7.66167 0.559035 23.2591
842.764 296.687 7.66416 0.316249 23.1003
137.594 270.889 10.195 0.768009 23.4841
262.289 210.691 9.76832 0.458716 23.4934
219.291 180.592 10.0313 0.37261 23.3637
245.09 176.293 9.86681 0.350298 23.4786
262.289 81.6965 10.1759 -0.151879 22.9658
232.19 81.6965 10.2348 -0.0842589 23.1304
343.985 270.889 9.71632 0.563119 22.8681
326.786 210.691 9.3552 0.474332 23.9259
666.472 485.879 8.40353 1.63858 17.9975
107.495 404.183 9.76328 1.16974 24.0836
120.395 395.583 9.72933 1.14536 24.0869
275.188 348.285 9.39756 0.926719 23.9577
223.591 356.885 9.58959 0.988277 23.8544
885.763 533.177 7.50857 1.12099 23.8887
898.662 468.68 7.44208 0.909632 23.4768
859.964 460.081 7.49876 0.915454 23.1738
382.684 498.779 9.37685 1.4871 22.7745
408.483 184.892 10.6141 -0.39204 20.1787
279.488 429.982 9.4406 1.18729 23.6769
245.09 429.982 9.49854 1.19836 23.7749
253.689 391.283 9.46257 1.07477 23.8734
240.79 386.984 9.49792 1.07818 23.8695
834.165 567.576 7.46049 1.37953 22.8042
851.364 507.379 7.49903 1.09754 23.1757
722.369 343.985 8.06689 0.455064 21.4127
773.967 313.887 7.85887 0.19742 21.4401
1014.76 365.485 7.32049 0.567588 24.1787
1165.25 494.479 7.12837 0.837953 24.6494
1169.55 606.274 7.11595 1.06115 24.6787
782.567 498.779 7.96299 0.956926 25.429
743.869 361.185 7.944 0.558173 22.1259
687.971 584.775 8.02047 1.77584 21.7646
769.667 567.576 7.62959 1.54927 21.9228
679.371 520.278 8.1122 1.44541 21.6296
1001.86 197.792 7.38636 0.108638 23.9963
933.06 189.192 7.48364 -0.0121502 23.5748
1062.06 98.8958 7.36125 -0.0838675 24.278
1143.75 133.294 7.24999 0.0540729 24.484
1049.16 288.088 7.28729 0.366233 24.1847
941.66 270.889 7.39056 0.215895 23.3356
1113.65 356.885 7.22658 0.557731 24.46
1105.05 279.488 7.25827 0.392935 24.4654
773.967 189.192 7.95469 -0.570342 21.0973
670.772 90.2962 8.7478 -1.22392 20.6902
864.263 107.495 7.68453 -0.548506 22.788
107.495 451.481 9.54091 1.25457 24.3774
210.691 597.675 9.41149 1.68658 23.9012
313.887 558.976 9.01897 1.44535 24.2342
455.781 159.093 10.5048 -0.783418 19.4686
541.777 193.492 10.3066 -1.138 17.3196
442.881 245.09 10.8341 -0.222398 18.3943
124.695 159.093 10.3402 0.381096 23.4927
335.386 128.995 9.77438 0.0259857 23.1142
210.691 318.187 9.89486 0.896675 23.4408
128.995 331.086 10.1059 0.983355 23.5707
939.08 495.339 7.37624 0.94708 23.8357
980.359 443.741 7.29456 0.813723 23.9572
954.56 500.499 7.3336 0.949169 23.8325
995.838 614.014 7.23245 1.22511 24.0472
1073.23 433.422 7.20417 0.734023 24.2695
1176.43 500.499 7.12862 0.835363 24.643
118.675 397.303 9.72912 1.15413 24.0797
108.355 407.623 9.78876 1.19097 24.0056
144.474 361.185 9.97122 1.05233 23.6579
273.468 350.865 9.45487 0.930737 23.7981
247.67 175.433 9.83163 0.347687 23.5294
815.246 448.901 7.66013 0.915683 23.1652
923.601 309.587 7.52085 0.441369 24.0171
1016.48 557.256 7.22871 1.04685 24.1046
1042.28 505.659 7.24668 0.919022 24.2925
1001 505.659 7.29328 0.942781 24.1444
175.433 283.788 10.0839 0.766983 23.3836
221.871 417.942 9.56324 1.16734 23.8396
283.788 366.345 9.38289 0.967874 23.8493
221.871 392.143 9.5566 1.08931 23.8254
376.664 371.504 9.64679 0.972584 22.3744
872.003 273.468 7.57128 0.172933 22.8367
866.843 227.03 7.62206 0.0249793 23.1679
562.416 423.102 9.54032 1.26084 17.2001
815.246 386.984 7.64624 0.631703 22.2302
722.369 299.267 8.18206 0.148008 20.7718
835.885 356.025 7.65547 0.548455 23.0581
841.044 299.267 7.67441 0.331991 23.1434
799.766 325.066 7.76528 0.411658 22.6889
830.725 567.576 7.47944 1.36379 22.8777
990.678 459.221 7.30189 0.822519 24.0065
1176.43 397.303 7.15213 0.626442 24.6389
1166.11 608.854 7.12607 1.05445 24.7125
712.05 598.535 7.88661 1.77295 21.8205
675.931 521.138 8.17312 1.50666 21.3069
887.482 588.215 7.52955 1.20487 24.1532
1001 196.072 7.40884 0.141691 24.156
1140.31 134.154 7.2645 0.0679707 24.539
1088.71 123.835 7.32929 0.0188204 24.363
1047.44 288.948 7.43898 0.473166 24.601
1114.51 356.025 7.22822 0.562595 24.5136
773.967 190.912 7.95758 -0.575739 21.0982
872.003 196.072 7.60792 -0.146998 22.8827
361.185 583.055 9.25433 1.80968 23.0756
190.912 443.741 9.64583 1.26028 23.8227
108.355 448.901 9.50548 1.2417 24.4302
175.433 412.783 9.36691 1.13176 24.4316
314.747 479.86 9.30911 1.31528 23.6053
273.468 448.901 9.31755 1.22233 23.9387
98.0359 567.576 9.51554 1.54096 24.3345
309.587 603.694 9.21314 1.67869 23.7181
283.788 593.375 9.25025 1.65794 23.8119
309.587 562.416 9.23515 1.56857 23.6753
495.339 118.675 9.6257 -0.589025 21.6129
371.504 144.474 10.1372 -0.243099 21.9155
583.055 201.231 10.088 -1.32315 16.25
159.953 170.273 10.1767 0.392018 23.5271
98.0359 216.711 10.4631 0.578146 23.3567
123.835 108.355 10.3254 0.198734 23.544
335.386 134.154 9.81094 0.0181206 23.0078
211.551 319.906 10.1961 0.924444 22.9961
257.989 263.149 9.7352 0.661183 23.4871
829.693 458.189 7.618 0.93204 23.1845
786.351 482.956 7.74655 1.04718 23.2906
885.419 291.012 7.54542 0.276725 23.2073
934.953 427.23 7.40155 0.780164 23.7061
346.737 303.395 9.63769 0.709911 22.8916
328.162 216.711 9.66492 0.383736 23.2721
352.929 179.56 10.2164 -0.0121154 21.8238
557.256 303.395 9.87326 -0.147568 17.1302
625.366 377.696 8.86864 0.686005 18.6961
718.242 266.245 8.23468 -0.277873 19.6946
705.858 247.67 8.42691 -0.618302 18.4381
835.885 569.64 7.39475 1.44378 22.3188
891.61 470.572 7.55811 0.915709 24.1688
879.227 433.422 7.31363 0.812688 22.2737
897.802 408.655 7.40775 0.710628 23.0517
1015.45 359.121 7.31519 0.569888 24.1436
990.678 451.997 7.27683 0.807854 23.8865
346.737 272.436 9.68729 0.576266 22.9122
309.587 247.67 9.84092 0.512353 22.9671
557.256 241.478 10.1689 -0.789964 16.4857
377.696 371.504 9.54682 0.969668 22.6734
371.504 328.162 9.55347 0.806446 22.8399
947.336 594.407 7.3306 1.24388 23.9821
1157.86 594.407 7.11109 1.03903 24.6189
1083.55 557.256 7.15326 1.01753 24.3609
1046.4 501.531 7.29304 0.915269 24.4903
687.283 427.23 8.20151 1.00763 21.2699
761.584 501.531 7.7316 1.25853 21.6597
891.61 526.298 7.47727 1.06291 23.7992
1003.06 198.136 7.37259 0.0888708 23.9268
959.719 216.711 7.52805 0.208031 24.1565
953.528 154.793 7.46619 -0.080626 23.7273
1126.9 185.752 7.27031 0.197971 24.5281
1089.75 123.835 7.32135 0.00548884 24.3309
990.678 284.82 7.36412 0.333416 23.8399
1114.51 253.861 7.28471 0.355132 24.5831
1052.6 284.82 7.28209 0.372068 24.2021
860.652 222.903 7.65782 0.0539722 23.1756
903.994 123.835 7.59976 -0.241948 23.469
718.242 297.203 8.17704 0.152561 21.0116
185.752 445.805 9.49653 1.24069 24.1036
154.793 433.422 9.56057 1.21712 24.1926
278.628 445.805 9.348 1.18439 23.8654
247.67 390.08 9.43776 1.05563 23.9731
210.519 594.407 9.43013 1.68643 23.9021
284.82 588.215 9.25633 1.66145 23.7677
476.764 222.903 10.946 -0.693322 17.0783
458.189 160.985 10.6533 -0.889376 18.8902
371.504 142.41 10.2542 -0.263267 21.5933
439.613 321.97 10.5466 0.52219 18.9976
179.56 136.218 10.157 0.243212 23.435
260.053 210.519 9.79675 0.452388 23.4715
334.354 136.218 9.79086 0.0307898 23.0259
136.218 334.354 10.0573 0.985049 23.6021
142.41 272.436 10.119 0.768583 23.5856
631.557 489.147 8.62139 1.62808 18.8861
817.31 245.193 7.75628 0.0621693 22.7312
780.159 267.483 7.86434 -0.0182895 21.6953
965.911 304.634 7.3951 0.384293 23.8043
282.343 297.203 9.82365 0.690624 23.1834
252.623 260.053 10.0746 0.548015 22.9337
371.504 334.354 9.5627 0.833568 22.9399
341.784 304.634 9.49242 0.728266 23.322
534.966 185.752 10.225 -1.08978 17.7267
928.761 430.945 7.40099 0.776355 23.7313
1062.5 475.526 7.3369 0.851511 24.6815
988.202 564.687 7.22845 1.0996 23.9387
1129.37 527.536 7.2738 0.936917 24.8078
1047.64 490.386 7.24148 0.894261 24.297
765.299 445.805 7.75763 0.960756 22.0361
795.019 430.945 7.65129 0.829378 22.4369
891.61 378.934 7.44822 0.60109 23.3503
824.74 371.504 7.68517 0.64935 23.5464
765.299 564.687 7.64742 1.47907 22.5014
757.869 505.246 7.73615 1.27339 21.733
861.89 564.687 7.46261 1.21692 23.6216
1077.36 163.462 7.31428 0.130482 24.3895
899.04 334.354 7.48462 0.442274 23.4319
1099.65 274.913 7.27523 0.374401 24.408
1047.64 282.343 7.27997 0.358924 24.16
765.299 230.333 8.03187 -0.354044 21.1069
661.278 148.602 8.74471 -0.836805 20.5912
832.17 156.032 7.84414 0.0379709 23.9527
713.288 304.634 8.23453 0.136565 20.8614
869.32 274.913 7.59718 0.230472 23.1472
445.805 364.074 8.79948 0.859653 24.1995
378.934 371.504 9.45618 0.965468 22.9436
156.032 430.945 9.6067 1.25334 24.1193
222.903 393.795 9.33053 1.04216 24.2443
364.074 423.515 9.13084 1.10748 23.7933
274.913 445.805 9.36149 1.23426 23.8416
312.064 408.655 9.43411 1.10639 23.4391
215.473 549.826 9.41053 1.54034 23.9743
371.504 549.826 9.34075 1.68613 22.8104
304.634 564.687 9.21542 1.56755 23.785
475.526 222.903 10.5704 -0.503891 18.4363
401.225 185.752 10.7795 -0.406581 19.6427
594.407 289.773 9.05575 0.0175477 20.0173
163.462 170.892 10.1871 0.401155 23.5264
252.623 208.042 9.78815 0.445664 23.5101
334.354 141.172 10.0618 -0.0564971 22.3336
215.473 282.343 9.81739 0.72989 23.5953
141.172 274.913 10.2624 0.763483 23.3451
631.557 490.386 8.43321 1.40237 21.1617
374.476 329.896 9.33979 0.801503 23.3349
338.812 329.896 9.32495 0.840293 23.6696
615.211 356.644 9.06691 0.455044 18.0655
820.282 374.476 7.68108 0.6099 22.6268
873.778 472.554 7.48024 1.01384 23.3515
998.604 454.721 7.28527 0.762059 23.9551
927.275 445.805 7.40112 0.808159 23.7476
1007.52 490.386 7.26413 0.900445 24.1171
686.54 392.309 8.1259 0.807301 22.557
802.449 427.973 7.75459 0.843116 23.596
864.862 410.141 7.52753 0.740817 23.2523
1007.52 196.154 7.38048 0.0928927 23.9223
900.527 329.896 7.47854 0.432549 23.3452
971.855 303.148 7.39502 0.381305 23.7974
1016.44 356.644 7.31021 0.55256 24.0696
748.953 213.987 8.07594 -0.478335 20.7101
855.946 231.819 7.63834 0.023531 23.0998
731.121 356.644 8.01883 0.537153 22.0913
695.456 285.315 8.43214 -0.248835 18.8439
838.114 347.728 7.64317 0.50111 22.8481
873.778 276.399 7.60226 0.233446 23.0789
383.392 419.057 9.25921 1.15683 23.3803
276.399 445.805 9.39337 1.24555 23.7957
383.392 374.476 9.20525 0.954022 23.6135
312.064 410.141 9.33574 1.0965 23.7556
472.554 169.406 10.0725 -0.528652 20.5472
401.225 187.238 10.3362 -0.236896 20.9174
588.463 213.987 9.44604 -0.730065 18.9651
410.141 347.728 9.86976 0.778671 21.7114
454.721 285.315 8.97244 0.568979 23.7471
552.798 276.399 8.92075 0.295553 22.2804
213.987 312.064 9.7499 0.84108 23.6773
187.238 320.98 9.91497 0.886366 23.496
249.651 258.567 9.86783 0.618711 23.3332
347.728 276.399 9.60262 0.588644 23.1274
213.987 543.882 9.41593 1.52337 23.9467
