930 486 6.62965 0.828473 24.7027
986 480 6.66907 0.775613 24.3907
984 460 6.67316 0.730579 24.412
87 509 4.65591 0.865438 24.0739
69 39 4.81036 -0.0154637 23.7366
1085 525 6.7295 0.81977 24.0045
1082 490 6.73637 0.752095 24.0317
1217 186 6.88242 0.167515 23.8392
922 673 6.60921 1.34218 24.6782
1043 676 6.69267 1.15697 24.0951
49 450 4.71112 0.723071 23.8706
116 221 4.63031 0.233705 24.1801
956 192 6.6752 0.00913306 24.6659
119 272 4.71433 0.359907 24.0609
111 261 4.73055 0.345255 24.0032
116 250 4.63249 0.299811 24.1808
1056 312 6.74599 0.377572 24.1954
1169 304 6.82156 0.384993 23.8863
1167 282 6.82547 0.336091 23.895
115 478 4.66132 0.808645 24.163
109 472 4.65149 0.797004 24.1561
120 453 4.65942 0.754094 24.1812
926 77 6.68153 -0.430449 25.0186
1215 376 6.79875 0.51999 23.7004
883 467 6.58662 0.813405 25.068
1011 357 6.74177 0.473784 24.4458
995 343 6.65524 0.443116 24.3076
1018 319 6.72205 0.378755 24.3528
1008 317 6.70892 0.37753 24.375
1023 159 6.7125 0.00486465 24.3154
1185 601 6.78779 0.909952 23.7591
1169 596 6.76932 0.905124 23.7717
1149 589 6.75444 0.902061 23.8099
1191 443 6.77225 0.634252 23.7211
1213 413 6.79872 0.581376 23.707
61 90 4.7888 0.071557 23.7504
764 208 6.40236 -0.401797 27.1122
883 396 6.6276 0.588137 25.2464
891 363 6.56552 0.483431 24.8941
978 508 6.46316 0.773363 23.8476
1001 261 6.68929 0.241743 24.3699
1029 239 6.75493 0.18542 24.3663
1009 125 6.72637 -0.111404 24.4402
1021 117 6.75423 -0.131001 24.437
1036 551 6.70936 0.908307 24.1887
1072 484 6.73193 0.746104 24.0678
910 563 6.60437 1.06436 24.7956
883 566 6.55526 1.09736 24.9018
997 483 6.67344 0.772384 24.3258
1021 467 6.69251 0.729023 24.2336
936 401 6.65003 0.592038 24.7322
924 364 6.64231 0.48771 24.8422
1210 539 6.79989 0.792932 23.7114
1240 620 6.77185 0.896624 23.586
856 402 6.53308 0.611531 25.2496
992 416 6.68026 0.616249 24.3747
1156 98 6.79539 -0.00912725 23.8939
1154 59 6.81198 -0.0976801 23.9306
1159 219 6.78595 0.2288 23.8539
1202 627 6.75965 0.927782 23.6592
193 144 4.62249 -0.0267705 24.5033
186 119 4.59945 -0.0924898 24.5117
831 549 6.47396 1.12428 25.3084
122 55 4.87349 -0.00789405 23.7863
99 49 4.83132 -0.0159738 23.784
128 30 4.87082 -0.061358 23.808
98 32 4.82748 -0.0477756 23.7851
138 133 4.89209 0.127844 23.8133
158 103 4.91311 0.065385 23.8317
1203 530 6.78786 0.779709 23.7114
1205 492 6.79945 0.717484 23.7275
626 197 5.53956 -0.885745 29.2228
787 445 6.4457 0.832308 26.2425
774 429 6.38965 0.766255 26.2728
916 551 6.59397 1.01168 24.7004
952 544 6.61221 0.946542 24.455
1107 81 6.8205 -0.125175 24.1381
1100 204 6.77284 0.161879 24.0545
1086 209 6.81074 0.144036 24.1998
104 109 4.84739 0.0956106 23.7803
721 612 6.19182 1.68549 26.5844
910 508 6.57578 0.891573 24.7055
1025 613 6.68495 1.04379 24.1787
1005 583 6.66741 0.99614 24.2559
1067 640 6.73784 1.07506 24.0899
1134 691 6.74431 1.09576 23.8362
1132 665 6.76978 1.06315 23.8936
442 292 5.46488 0.404563 23.8074
1222 322 6.80087 0.430421 23.6898
1196 326 6.79926 0.433201 23.7588
752 291 6.33381 0.0715198 26.9125
1009 645 6.66623 1.12506 24.2153
1008 623 6.69312 1.0976 24.294
1063 498 6.72584 0.779341 24.0953
1032 490 6.704 0.775627 24.1987
435 247 4.11075 -0.38878 28.9496
904 352 6.56411 0.456436 24.7631
965 645 6.686 1.22454 24.5615
972 623 6.65292 1.13147 24.4147
270 212 4.5813 0.0452498 25.0626
879 200 6.63713 -0.115935 25.4143
937 438 6.64527 0.695788 24.7079
990 694 6.67082 1.27896 24.3393
976 675 6.64849 1.24367 24.3669
1104 693 6.68986 1.09909 23.8363
1094 678 6.69145 1.08414 23.8739
702 515 6.13342 1.35934 27.5598
1122 84 6.86761 -0.127597 24.1622
1132 78 6.88849 -0.140898 24.1603
1202 298 6.83715 0.378305 23.8069
1215 294 6.86257 0.369989 23.8104
817 518 6.04788 0.701087 23.1855
1019 223 6.73637 0.144985 24.3895
1004 226 6.72023 0.145999 24.445
1216 41 6.83278 -0.0736188 23.7706
1193 33 6.81743 -0.103769 23.8123
1034 599 6.68003 1.0003 24.1229
1033 576 6.69552 0.959087 24.1739
1104 123 6.7693 -0.0020526 24.0365
201 167 4.64056 0.031414 24.5139
219 301 4.62475 0.372556 24.6684
241 294 4.66092 0.344469 24.7159
889 657 6.56714 1.35326 24.8635
900 619 6.57923 1.22744 24.7972
876 636 6.57759 1.35211 25.059
269 314 4.73615 0.402063 24.7274
256 285 4.64743 0.303887 24.8406
952 349 6.63626 0.450548 24.5566
979 323 6.68535 0.384586 24.5116
261 83 4.62802 -0.30924 24.8691
267 77 4.67699 -0.30496 24.7958
373 417 4.04985 0.849479 27.8073
1136 180 6.79846 0.132574 23.9641
1123 186 6.77787 0.140982 23.9742
706 573 6.14228 1.62698 27.1593
223 44 4.66691 -0.310476 24.55
247 27 4.66821 -0.409812 24.6784
725 511 6.17957 1.15239 26.3059
1190 665 6.74496 0.992985 23.6663
735 250 6.22286 -0.11171 26.6985
808 291 6.40045 0.214876 25.4762
334 272 4.52491 0.156133 25.7955
366 247 4.63634 0.0467846 25.842
1125 637 6.73098 1.00055 23.8458
948 331 6.67489 0.393602 24.7239
937 513 6.69231 0.922427 24.8376
365 529 4.10388 1.514 27.5721
988 159 6.71373 -0.0518507 24.5446
409 354 4.44824 0.456872 27.1457
358 291 4.6252 0.23531 25.8008
331 285 4.47249 0.199951 25.9046
795 510 6.45343 1.08939 26.0031
207 273 4.32264 0.241368 25.1832
31 225 4.73745 0.311306 23.7599
38 331 4.65208 0.493822 23.9077
135 342 4.41993 0.493312 24.6182
149 280 4.69805 0.362281 24.1989
39 79 4.78874 0.0706542 23.6932
141 96 4.91437 0.0675595 23.7809
536 45 4.98564 -1.59972 27.9593
563 51 5.18567 -1.506 27.8067
216 534 4.39995 1.11369 25.1621
198 658 4.45177 1.46417 24.9634
28 594 4.61936 1.02158 23.9626
155 606 4.46416 1.23281 24.6941
98 548 4.45748 1.02345 24.4357
128 688 4.54999 1.37106 24.4311
229 437 4.45513 0.78713 25.1079
187 401 4.62517 0.647989 24.5166
57 437 4.65681 0.705926 23.972
93 364 4.65267 0.558238 24.0825
103 403 4.65778 0.640891 24.1134
44 510 4.6627 0.84644 23.9309
930 246 6.65759 0.135118 24.8498
722 26 6.08777 -1.01248 26.1
640 160 5.63492 -1.2238 29.4297
1257 197 6.81727 0.233026 23.6322
1174 333 6.75696 0.443533 23.7481
1137 329 6.75737 0.432043 23.8688
1229 28 6.82885 -0.0799702 23.7272
1163 150 6.85479 0.0681052 23.9748
955 30 6.71528 -0.511891 24.852
1064 70 6.77428 -0.183359 24.2391
872 544 6.53144 1.04141 24.9616
854 700 6.52689 1.58085 25.1193
805 688 6.38699 1.58321 25.2316
906 677 6.58779 1.37419 24.7397
728 699 6.15124 1.73545 25.5337
771 651 6.34965 1.6399 25.8318
754 631 6.30597 1.63296 26.1054
1131 584 6.75136 0.905859 23.8615
1213 611 6.76438 0.898348 23.6407
1085 568 6.71671 0.902354 23.9697
1182 419 6.78544 0.59662 23.7726
1185 470 6.78195 0.683742 23.7544
1248 495 6.805 0.710001 23.6234
1008 397 6.73674 0.572229 24.4381
1029 495 6.6996 0.787663 24.2039
1066.8 655.2 6.70268 1.08467 24.012
1051.2 636 6.71504 1.07552 24.1165
1054.8 682.8 6.70566 1.15993 24.067
1046.4 693.6 6.66939 1.16405 24.0124
1042.8 676.8 6.68727 1.15373 24.0863
1129.2 213.6 6.79103 0.197181 23.9744
1240.8 620.4 6.77311 0.896901 23.5861
522 181.2 4.68911 -1.00125 29.3707
494.4 171.6 4.51751 -1.02519 29.1191
484.8 148.8 4.41541 -1.22687 29.2135
578.4 216 5.18276 -0.684847 29.0861
586.8 193.2 5.20798 -0.934689 29.4487
650.4 517.2 5.81217 1.58749 28.8933
1036.8 550.8 6.70773 0.906175 24.1813
1149.6 589.2 6.76114 0.905229 23.8212
1182 28.8 6.83038 -0.132134 23.8761
1161.6 27.6 6.82598 -0.15852 23.9332
1216.8 40.8 6.82025 -0.0642177 23.7474
1207.2 28.8 6.81956 -0.0979291 23.7727
1194 32.4 6.81314 -0.101944 23.8041
54 48 4.76723 -0.00631601 23.7574
24 57.6 4.82349 0.0644889 23.6112
540 184.8 4.83845 -1.00747 29.395
895.2 522 6.58404 0.961674 24.8886
910.8 507.6 6.57435 0.890866 24.6992
883.2 499.2 6.55448 0.897812 24.9229
1004.4 243.6 6.69256 0.201234 24.3545
993.6 172.8 6.70866 5.45267e-05 24.4772
1011.6 163.2 6.71238 -0.000537392 24.3861
1005.6 168 6.69678 0.0123697 24.3765
1208.4 404.4 6.79436 0.569778 23.7142
121.2 260.4 4.7068 0.333065 24.0792
98.4 246 4.58058 0.291562 24.1982
878.4 200.4 6.63831 -0.118307 25.4207
896.4 417.6 6.5907 0.646259 24.9286
1099.2 49.2 6.79173 -0.184267 24.1094
1206 649.2 6.76479 0.964832 23.6619
188.4 145.2 4.61621 -0.0283895 24.4999
199.2 121.2 4.65474 -0.0776544 24.4712
186 118.8 4.59716 -0.0939532 24.5059
366 132 4.42418 -0.577984 26.4174
352.8 112.8 4.51916 -0.543017 25.9698
332.4 121.2 4.55525 -0.417566 25.6436
816 507.6 6.43671 0.996523 25.3853
795.6 508.8 6.45116 1.08322 25.9836
927.6 610.8 6.60439 1.15618 24.6212
960 687.6 6.63973 1.3045 24.4542
954 662.4 6.63489 1.25447 24.4968
990 134.4 6.70629 -0.108891 24.5123
1021.2 117.6 6.74562 -0.124005 24.4141
121.2 73.2 4.86886 0.0258422 23.793
109.2 67.2 4.87256 0.0259936 23.7515
800.4 364.8 6.41714 0.48231 25.7585
805.2 550.8 6.49015 1.25608 25.9147
906 648 6.58367 1.29267 24.7358
889.2 655.2 6.56477 1.35262 24.8481
900 619.2 6.59416 1.239 24.8558
876 636 6.58143 1.34428 25.0679
898.8 331.2 6.6101 0.382464 24.9981
885.6 336 6.43167 0.429063 24.439
976.8 560.4 6.65035 0.971584 24.3894
968.4 568.8 6.63054 0.993987 24.3934
1059.6 141.6 6.73407 0.00452355 24.1615
1029.6 136.8 6.74878 -0.0620858 24.3679
1060.8 108 6.75404 -0.0842988 24.2054
1045.2 118.8 6.76216 -0.0893221 24.3099
128.4 129.6 4.90808 0.13567 23.7547
132 118.8 4.9018 0.110689 23.779
100.8 109.2 4.84796 0.0972757 23.7737
326.4 393.6 4.44564 0.658157 25.9617
303.6 379.2 4.34191 0.600211 25.9894
385.2 146.4 4.51032 -0.519362 26.4379
399.6 174 4.27385 -0.615682 27.4607
374.4 184.8 4.39508 -0.383769 26.655
406.8 163.2 4.35113 -0.657838 27.3323
391.2 465.6 3.94107 1.22952 28.6002
794.4 418.8 6.43284 0.704028 25.9545
1021.2 487.2 6.68568 0.771916 24.2089
1009.2 464.4 6.68898 0.7286 24.2969
991.2 432 6.66122 0.656905 24.3417
1104 122.4 6.77614 -0.00897527 24.0482
1076.4 105.6 6.77173 -0.0801731 24.1703
1137.6 690 6.73936 1.08538 23.8118
1107.6 687.6 6.69548 1.08955 23.8325
673.2 422.4 5.95991 0.871164 28.7675
928.8 556.8 6.63988 1.03319 24.742
949.2 546 6.6114 0.952923 24.4726
915.6 550.8 6.5695 0.996117 24.6112
928.8 423.6 6.60838 0.654773 24.6537
1032 489.6 6.704 0.775627 24.1987
1094.4 676.8 6.68813 1.08179 23.8682
160.8 133.2 4.56301 -0.0404418 24.4516
138 133.2 4.90927 0.134375 23.7886
157.2 105.6 4.91207 0.068437 23.8318
387.6 520.8 3.98518 1.59838 28.398
386.4 506.4 3.93077 1.51885 28.5528
810 270 6.39703 0.144482 25.4013
824.4 246 6.46921 0.0332182 25.5594
936 400.8 6.648 0.593256 24.7329
913.2 399.6 6.61156 0.592972 24.8232
924 363.6 6.64452 0.485371 24.8356
970.8 256.8 6.6909 0.200188 24.6013
951.6 264 6.67627 0.207318 24.7
985.2 232.8 6.72032 0.132508 24.5736
957.6 253.2 6.68076 0.180608 24.6799
988.8 344.4 6.67167 0.443536 24.3989
972 321.6 6.68277 0.377587 24.5487
1006.8 604.8 6.69064 1.05499 24.2938
1004.4 562.8 6.66838 0.952102 24.2549
1010.4 543.6 6.68006 0.906631 24.2622
1009.2 644.4 6.6728 1.13047 24.2312
1004.4 655.2 6.66399 1.15454 24.2318
1008 622.8 6.69 1.09474 24.2845
1066.8 468 6.73245 0.715473 24.0988
1041.6 487.2 6.70267 0.762572 24.1492
1052.4 454.8 6.72453 0.697885 24.1498
795.6 178.8 6.47692 -0.421474 26.4517
810 157.2 6.54019 -0.500868 26.3536
862.8 487.2 6.54614 0.89599 25.1851
859.2 456 6.58289 0.809025 25.4099
1132.8 76.8 6.87322 -0.129836 24.1275
1122 82.8 6.8379 -0.108819 24.104
134.4 25.2 4.90051 -0.058427 23.776
218.4 301.2 4.93947 0.417792 24.0371
268.8 313.2 5.02506 0.437172 24.0875
255.6 284.4 4.66381 0.305721 24.8026
624 210 5.53628 -0.759608 29.1492
602.4 205.2 5.35501 -0.801411 29.2063
835.2 297.6 6.56174 0.208628 25.8299
858 276 6.558 0.165248 25.3783
1114.8 654 6.73704 1.04496 23.896
1138.8 622.8 6.7702 0.981025 23.873
1018.8 223.2 6.71692 0.154628 24.3402
1009.2 206.4 6.71891 0.0964038 24.4167
1033.2 598.8 6.68046 1.00029 24.1229
248.4 51.6 4.66764 -0.344621 24.6952
250.8 26.4 4.66922 -0.41816 24.6977
441.6 291.6 4.25466 -0.0353841 28.6358
417.6 274.8 3.9873 -0.186356 28.9589
715.2 542.4 6.18592 1.43979 27.0848
679.2 517.2 6.01743 1.48866 28.2526
201.6 166.8 4.64229 0.0306615 24.5146
912 224.4 6.6143 0.0633155 24.8884
931.2 204 6.64303 0.0192111 24.8063
756 370.8 6.31428 0.5068 26.4419
722.4 368.4 6.22269 0.483262 27.4659
1184.4 277.2 6.82783 0.334575 23.8465
747.6 428.4 6.317 0.78943 26.8298
751.2 302.4 6.00219 0.4351 23.4938
752.4 290.4 6.32928 0.0739683 26.8613
962.4 619.2 6.63944 1.1296 24.441
267.6 68.4 4.67728 -0.331177 24.7971
724.8 511.2 6.1755 1.14008 26.2235
770.4 498 6.35863 1.06127 26.1467
343.2 357.6 4.31362 0.494841 26.5151
338.4 217.2 4.50117 -0.0786948 25.8643
628.8 187.2 5.79385 0.16413 24.0021
616.8 154.8 5.45479 -1.21555 29.2919
778.8 326.4 6.40434 0.295125 26.3174
757.2 332.4 6.33679 0.306858 26.6638
802.8 316.8 6.41693 0.289158 25.7487
807.6 290.4 6.40183 0.213382 25.4913
841.2 529.2 6.4823 1.0347 25.1887
1136.4 180 6.79846 0.132575 23.9641
1123.2 186 6.781 0.138764 23.9812
1108.8 166.8 6.77641 0.0892963 24.0305
357.6 384 4.26186 0.627385 26.9061
774 262.8 6.42936 -0.0587774 26.8126
1202.4 696 6.85902 1.09532 23.8261
933.6 328.8 6.66653 0.379989 24.8392
339.6 468 4.20193 1.0693 26.8422
805.2 351.6 6.41002 0.433562 25.5681
333.6 62.4 4.61611 -0.587004 25.4758
686.4 400.8 6.03846 0.702743 28.2564
681.6 372 6.00835 0.496488 28.4276
736.8 481.2 6.2633 1.06112 26.725
736.8 450 6.27671 0.918175 26.9388
962.4 169.2 6.70607 -0.0627079 24.726
988.8 156 6.71606 -0.0538566 24.5439
364.8 529.2 4.11344 1.50508 27.535
340.8 517.2 4.2342 1.31694 26.7952
331.2 284.4 4.43028 0.189368 26.0252
378 349.2 4.21622 0.427967 27.3485
409.2 354 4.05636 0.428951 28.5541
207.6 272.4 4.32531 0.238572 25.1831
247.2 211.2 4.62749 0.0952315 24.8074
254.4 225.6 4.69768 0.150234 24.705
200.4 294 4.65107 0.365142 24.5151
296.4 319.2 1.79965 0.0216797 32.0369
74.4 261.6 4.76022 0.362648 23.8457
31.2 224.4 4.73689 0.310196 23.7601
141.6 267.6 5.00551 0.395011 23.6466
115.2 222 4.64698 0.238681 24.15
115.2 336 4.67228 0.493447 24.1234
118.8 300 4.70618 0.420838 24.0761
225.6 70.8 4.72688 -0.206287 24.4503
207.6 103.2 4.67988 -0.12426 24.4634
202.8 46.8 4.751 -0.207559 24.2924
302.4 99.6 4.56559 -0.402266 25.3171
265.2 34.8 4.62018 -0.469906 24.8976
262.8 141.6 4.6101 -0.148247 24.932
60 25.2 4.78391 -0.0424097 23.7438
140.4 96 4.91333 0.0674701 23.782
32.4 159.6 4.74609 0.196008 23.7472
66 108 4.8184 0.111827 23.7221
39.6 116.4 4.7089 0.102635 23.812
158.4 168 4.79386 0.137316 24.0546
537.6 198 4.84789 -0.84682 29.1994
519.6 194.4 4.71308 -0.840108 29.0792
418.8 250.8 4.14702 -0.294488 28.3703
536.4 44.4 4.95315 -1.67248 28.1698
603.6 103.2 5.33266 -1.65854 29.3784
270 606 4.33477 1.50538 25.7447
261.6 556.8 4.43467 1.24218 25.4333
193.2 672 4.48303 1.47744 24.8802
28.8 594 4.60225 1.02742 23.9856
81.6 561.6 4.47295 1.03787 24.3472
174 542.4 4.3235 1.12429 25.0355
62.4 657.6 4.63303 1.17292 24.0508
30 652.8 4.62467 1.13731 23.9644
202.8 433.2 4.56206 0.747539 24.7242
195.6 400.8 4.6225 0.649994 24.5746
328.8 427.2 4.34096 0.813982 26.2864
216 529.2 4.39291 1.10246 25.1707
184.8 470.4 4.52761 0.852088 24.7038
96 442.8 4.6557 0.728155 24.0989
26.4 417.6 4.72511 0.656293 23.7849
56.4 392.4 4.7107 0.611811 23.8843
43.2 510 4.65024 0.849859 23.9469
49.2 450 4.70838 0.723934 23.8804
120 452.4 4.65841 0.753534 24.1762
582 622.8 5.52795 1.70871 26.3969
333.6 550.8 4.22762 1.47783 26.7226
433.2 613.2 4.82268 1.69017 26.4232
402 687.6 4.98577 1.66735 25.3502
344.4 619.2 4.55645 1.62368 25.9913
828 214.8 6.52759 -0.129706 25.7955
925.2 272.4 6.65354 0.210882 24.8823
900 300 6.57979 0.292785 24.8696
798 100.8 6.63319 -1.12352 27.4942
949.2 69.6 6.68742 -0.380464 24.7979
906 100.8 7.02433 -0.843877 26.5593
798 105.6 6.61655 -1.05624 27.3789
949.2 177.6 6.7053 -0.0684125 24.8463
913.2 109.2 6.91941 -0.643667 26.0417
721.2 26.4 6.08077 -1.01755 26.1134
650.4 122.4 5.72445 -1.45631 29.1211
1184.4 243.6 6.82946 0.275721 23.8472
1256.4 196.8 6.81743 0.232948 23.6309
1200 192 6.88694 0.167108 23.9028
1174.8 332.4 6.77062 0.444133 23.7719
1153.2 307.2 6.81951 0.385338 23.9293
1132.8 302.4 6.80961 0.371331 23.9893
1240.8 351.6 6.81998 0.478292 23.6691
1245.6 315.6 6.80651 0.424286 23.6392
1087.2 207.6 6.79551 0.149022 24.1609
991.2 306 6.6967 0.341315 24.4594
972 310.8 6.6742 0.352098 24.5271
1030.8 340.8 6.69155 0.443347 24.1966
1070.4 310.8 6.75208 0.381199 24.1435
1161.6 72 6.81737 -0.0656065 23.9147
1162.8 148.8 6.85559 0.0680834 23.9748
1150.8 135.6 6.80531 0.0529012 23.9276
1129.2 144 6.78243 0.0610731 23.9638
1023.6 93.6 6.75321 -0.187003 24.4194
1000.8 30 6.7646 -0.422631 24.6163
1057.2 74.4 6.77201 -0.184707 24.2706
955.2 139.2 6.71396 -0.178073 24.82
1040.4 183.6 6.76299 0.058389 24.3399
808.8 608.4 6.43194 1.37217 25.4645
868.8 669.6 6.5681 1.47458 25.1138
872.4 631.2 6.55573 1.32692 25.0276
802.8 626.4 6.41709 1.4537 25.5304
921.6 673.2 6.59476 1.32523 24.6301
702 590.4 6.11904 1.6787 26.991
667.2 534 5.93712 1.65666 28.5724
763.2 578.4 6.33073 1.39929 26.059
726 565.2 6.23646 1.52493 26.9234
794.4 674.4 6.66216 2.20377 27.2805
739.2 640.8 6.2709 1.77886 26.4382
932.4 453.6 6.64627 0.744106 24.7459
1131.6 592.8 6.74994 0.922078 23.8637
1213.2 610.8 6.76517 0.898064 23.641
1188 565.2 6.77857 0.844469 23.7334
1177.2 696 6.77491 1.07333 23.754
966 585.6 6.65371 1.05375 24.4769
1071.6 564 6.71409 0.903919 24.0257
1081.2 648 6.7309 1.07006 24.0117
1183.2 420 6.79161 0.597999 23.7786
1245.6 424.8 6.82152 0.598088 23.6609
1249.2 390 6.83255 0.540325 23.6683
1215.6 375.6 6.80123 0.519924 23.6989
1165.2 519.6 6.77366 0.776172 23.7979
1203.6 529.2 6.79866 0.779938 23.7231
988.8 416.4 6.66791 0.618287 24.3696
1008 397.2 6.73679 0.574248 24.4381
966 361.2 6.65315 0.482641 24.5045
1051.2 379.2 6.82428 0.531879 24.3977
979.2 507.6 6.6526 0.840886 24.3812
986.4 480 6.66791 0.775093 24.3935
1101.6 507.6 6.7584 0.783164 23.9911
1078.8 463.2 6.73541 0.699882 24.0452
977.76 180 6.67495 0.0146836 24.4999
963.36 169.92 6.69525 -0.0550059 24.693
1018.08 223.2 6.72292 0.15217 24.3603
1005.12 227.52 6.72247 0.147867 24.4495
1025.28 612 6.701 1.05266 24.2205
999.36 584.64 6.65103 0.994877 24.2397
1058.4 468 6.7298 0.718974 24.1261
1108.8 165.6 6.78293 0.0876337 24.0445
120.96 54.72 4.88415 -0.00199471 23.7676
100.8 60.48 4.86018 0.0162339 23.7473
126.72 28.8 4.86885 -0.0625989 23.8075
383.04 145.44 4.40151 -0.610981 26.7667
774.72 429.12 6.39627 0.765804 26.279
793.44 417.6 6.42583 0.698686 25.9201
838.08 480.96 6.48954 0.888414 25.2858
892.8 362.88 6.57148 0.483572 24.9297
874.08 362.88 6.5373 0.487487 25.0077
931.68 591.84 6.6295 1.10451 24.6585
937.44 351.36 6.64222 0.450916 24.7057
1015.2 555.84 6.68127 0.925035 24.2291
1005.12 563.04 6.68701 0.961013 24.3024
1009.44 542.88 6.68844 0.909194 24.2817
316.8 262.08 4.51303 0.139614 25.6544
390.24 465.12 4.0333 1.19703 28.2553
813.6 515.52 6.46178 1.05566 25.6094
996.48 482.4 6.68923 0.779961 24.3744
1009.44 463.68 6.68552 0.727044 24.2867
1045.44 515.52 6.70651 0.823944 24.1358
1031.04 489.6 6.7098 0.770779 24.2161
319.68 224.64 4.47241 -0.024217 25.7882
302.4 211.68 4.46337 -0.0531998 25.6068
672.48 421.92 5.95118 0.863065 28.7887
676.8 479.52 5.99528 1.23569 28.2957
669.6 449.28 5.94167 1.06888 28.7513
720 610.56 6.21362 1.7774 26.9718
934.56 214.56 6.66097 0.0435535 24.8463
912.96 223.2 6.6175 0.0610571 24.8974
1058.4 142.56 6.74612 -0.00566816 24.1949
1029.6 135.36 6.76435 -0.0798128 24.4102
1059.84 116.64 6.75825 -0.0660186 24.2149
1044 122.4 6.76293 -0.0900372 24.3106
197.28 177.12 4.6959 0.0838724 24.3945
201.6 167.04 4.64708 0.0304017 24.5073
387.36 521.28 4.01579 1.58745 28.2958
394.56 493.92 4.03349 1.40748 28.3856
385.92 506.88 4.0499 1.45773 28.1253
724.32 298.08 6.25074 0.0294469 27.8757
979.2 652.32 6.66168 1.19468 24.39
966.24 645.12 6.69251 1.22974 24.5769
983.52 620.64 6.66664 1.11461 24.3791
963.36 619.2 6.64801 1.13506 24.4691
313.92 493.92 4.28305 1.12864 26.2848
398.88 174.24 4.37844 -0.519978 27.0777
777.6 390.24 6.41584 0.589183 26.3689
982.08 347.04 6.67501 0.448886 24.4527
963.36 325.44 6.71189 0.379918 24.7134
756 332.64 6.30208 0.326823 26.2921
898.56 331.2 6.62187 0.38101 25.0559
885.6 335.52 6.59203 0.391857 25.09
895.68 521.28 6.5833 0.961689 24.8886
884.16 499.68 6.5769 0.910788 25.0216
923.04 362.88 6.64189 0.481992 24.8293
1054.08 607.68 6.69492 1.00235 24.057
1032.48 599.04 6.67678 0.999137 24.1241
1031.04 574.56 6.68014 0.950115 24.1336
1202.4 290.88 6.83783 0.366268 23.8074
267.84 312.48 4.75614 0.400132 24.6926
839.52 300.96 6.54372 0.235279 25.6258
833.76 280.8 6.52069 0.166931 25.594
411.84 311.04 4.05326 0.124348 28.6196
442.08 290.88 4.25817 -0.0317224 28.6283
426.24 283.68 4.14818 -0.0883756 28.6129
763.2 457.92 6.35264 0.908674 26.3653
223.2 44.64 4.66889 -0.308936 24.5456
250.56 27.36 4.67023 -0.417567 24.7039
233.28 33.12 4.68765 -0.353395 24.5609
923.04 518.4 6.61072 0.919523 24.6953
927.36 496.8 6.60455 0.848543 24.6346
705.6 515.52 6.15666 1.35425 27.5086
735.84 388.8 6.2694 0.591452 26.9582
731.52 331.2 6.25669 0.272824 27.326
285.12 96.48 4.55948 -0.372897 25.2011
273.6 90.72 4.63846 -0.305844 24.9294
260.64 82.08 4.66425 -0.28802 24.7858
368.64 480.96 4.25536 1.16785 27.136
339.84 468 4.21345 1.05398 26.8219
357.12 447.84 4.24874 0.97466 26.9413
679.68 339.84 5.99731 0.272411 28.6143
686.88 316.8 6.04035 0.088093 28.7232
774.72 262.08 6.41826 -0.0416498 26.6366
817.92 331.2 6.45756 0.354017 25.579
331.2 518.4 4.12795 1.349 26.9431
362.88 492.48 4.13618 1.26826 27.4113
684 390.24 6.0341 0.632177 28.7547
681.12 371.52 6.01397 0.491212 28.7542
725.76 509.76 6.22687 1.24536 26.9809
1189.44 663.84 6.74356 0.992703 23.6647
768.96 498.24 6.24066 0.933583 25.1569
695.52 433.44 6.09197 0.887275 27.7445
352.8 154.08 4.54105 -0.356479 25.9108
632.16 159.84 5.58789 -1.17211 29.1548
616.32 155.52 5.45156 -1.22149 29.3107
224.64 263.52 4.57149 0.24971 24.8049
253.44 224.64 4.67861 0.143272 24.7444
249.12 306.72 4.72579 0.38723 24.6352
295.2 318.24 4.57565 0.381933 25.299
28.8 223.2 4.72724 0.306133 23.7643
141.12 267.84 5.00552 0.395412 23.6466
120.96 260.64 4.68901 0.329563 24.1027
165.6 230.4 4.42181 0.165192 24.7467
115.2 221.76 4.65241 0.241636 24.1388
115.2 335.52 4.69079 0.495629 24.0932
224.64 69.12 4.74073 -0.197632 24.4212
207.36 103.68 4.67386 -0.127796 24.4756
302.4 99.36 4.57941 -0.389073 25.2894
264.96 34.56 4.64405 -0.451354 24.8453
262.08 142.56 4.58627 -0.159911 24.9838
97.92 96.48 4.84336 0.0725766 23.7723
60.48 89.28 4.7884 0.0701302 23.7504
87.84 43.2 4.83102 -0.0172879 23.7582
54.72 37.44 4.77203 -0.0205463 23.7497
139.68 95.04 4.91078 0.0671003 23.7851
156.96 34.56 4.92603 -0.0529065 23.807
30.24 152.64 4.71875 0.17656 23.7816
66.24 108 4.80488 0.105621 23.7444
38.88 116.64 4.72959 0.111843 23.7785
156.96 167.04 4.80224 0.140242 24.031
133.92 151.2 4.88649 0.161619 23.8078
138.24 133.92 4.91927 0.136769 23.7743
519.84 194.4 4.70247 -0.860697 29.159
583.2 296.64 4.33202 -0.951601 39.0809
417.6 250.56 4.17468 -0.279458 28.2538
427.68 227.52 4.19509 -0.455015 28.3987
397.44 316.8 4.25552 0.229532 27.5747
527.04 105.12 4.80378 -1.43459 28.7476
519.84 103.68 4.73956 -1.50563 28.922
632.16 60.48 5.60576 -1.59235 28.186
504 139.68 4.59519 -1.26742 29.0429
600.48 154.08 5.32597 -1.23165 29.229
332.64 61.92 4.64381 -0.563468 25.3976
325.44 578.88 4.20862 1.60521 26.6842
285.12 541.44 4.20917 1.32299 26.178
27.36 594.72 4.65671 1.00424 23.9047
82.08 560.16 4.45926 1.04268 24.369
174.24 593.28 4.94502 0.995508 23.9114
28.8 652.32 4.95294 0.982417 23.4909
129.6 678.24 4.56087 1.34573 24.4198
119.52 617.76 4.58413 1.16552 24.3274
228.96 436.32 4.46096 0.782645 25.1062
195.84 401.76 4.60702 0.659616 24.6
279.36 423.36 4.4101 0.766118 25.6017
319.68 362.88 4.36631 0.52969 26.0951
185.76 470.88 4.51791 0.853794 24.7232
282.24 508.32 4.30815 1.13778 25.892
312.48 462.24 4.37554 0.961195 26.0355
92.16 362.88 4.66805 0.554565 24.0563
56.16 391.68 4.71533 0.612679 23.8792
139.68 401.76 4.6083 0.647086 24.3344
100.8 401.76 4.67732 0.63801 24.0751
43.2 509.76 4.63008 0.855531 23.9788
48.96 449.28 4.71089 0.722289 23.8704
567.36 565.92 5.17373 2.01864 29.1656
502.56 666.72 5.33293 1.59632 25.3745
629.28 672.48 5.78562 1.67683 25.654
334.08 550.08 4.22102 1.4773 26.7414
401.76 686.88 4.98264 1.67022 25.3625
830.88 272.16 6.48849 0.139063 25.4919
843.84 217.44 6.60845 -0.142798 25.9227
924.48 272.16 6.64522 0.211533 24.8629
894.24 230.4 6.61279 0.051924 25.0856
707.04 231.84 6.17632 -0.525168 28.6387
640.8 192.96 5.66344 -0.897173 29.1464
669.6 298.08 5.91588 -0.054406 28.8972
927.36 73.44 6.68404 -0.43179 25.0186
833.76 155.52 6.54936 -0.383207 25.8575
842.4 141.12 7.04353 -1.07967 28.2465
696.96 38.88 5.9891 -1.02032 26.296
735.84 43.2 6.15938 -0.947194 26.1469
793.44 174.24 6.44944 -0.397341 26.2645
1172.16 249.12 6.84954 0.274074 23.925
1229.76 241.92 6.90018 0.271613 23.8309
1198.08 194.4 6.88229 0.173056 23.8995
1152 306.72 6.81485 0.385615 23.9235
1221.12 321.12 6.79957 0.429202 23.6882
1196.64 319.68 6.78966 0.422442 23.7396
1245.6 316.8 6.80067 0.431173 23.6305
1000.8 260.64 6.77059 0.207838 24.6046
970.56 254.88 6.7086 0.193025 24.6523
1045.44 237.6 6.79171 0.180995 24.3635
1087.2 208.8 6.79685 0.149466 24.1636
987.84 344.16 6.6888 0.440181 24.4516
1008 316.8 6.72234 0.375052 24.4136
1056.96 309.6 6.72877 0.37993 24.1478
1162.08 72 6.81329 -0.0633303 23.906
1121.76 82.08 6.86862 -0.132118 24.1728
1176.48 44.64 6.82576 -0.108809 23.8795
1213.92 70.56 6.80789 -0.00543401 23.7309
1226.88 28.8 6.81565 -0.0704744 23.708
1150.56 135.36 6.80573 0.0555889 23.9312
1200.96 188.64 6.89286 0.158496 23.9103
1244.16 135.36 6.91337 0.0802465 23.8151
948.96 69.12 6.69434 -0.387526 24.8081
948.96 50.4 6.6749 -0.418286 24.763
1098.72 102.24 6.80035 -0.0762197 24.1323
1028.16 92.16 6.76435 -0.189674 24.4202
1010.88 162.72 6.71006 0.00122917 24.3764
1092.96 184.32 6.80905 0.0894686 24.1708
799.2 557.28 6.4121 1.21193 25.5719
872.64 593.28 6.5454 1.19608 24.9832
921.6 672.48 6.59598 1.32251 24.6287
732.96 558.72 6.2472 1.41718 26.5678
771.84 649.44 6.3504 1.63959 25.8429
936 437.76 6.62932 0.690138 24.652
897.12 416.16 6.59009 0.647051 24.9315
666.72 505.44 5.93029 1.45874 28.6047
1149.12 588.96 6.76013 0.905366 23.8185
1131.84 584.64 6.75262 0.906238 23.8615
1213.92 612 6.76517 0.898063 23.641
1188 565.92 6.78271 0.84606 23.7422
1179.36 684 6.75528 1.03947 23.7152
1116 655.2 6.69434 1.01647 23.7912
1152 648 6.87844 1.07008 24.0299
1114.56 653.76 6.7133 1.02984 23.8417
1212.48 620.64 6.77473 0.917414 23.661
1085.76 568.8 6.72004 0.904097 23.9785
1039.68 557.28 6.70034 0.911945 24.1423
1081.44 648 6.7198 1.06331 23.9854
1039.68 620.64 6.76498 1.08629 24.2876
1139.04 439.2 6.74004 0.635219 23.824
1149.12 370.08 6.97891 0.501659 24.2364
1131.84 388.8 6.94212 0.544822 24.2369
1242.72 423.36 6.80342 0.596539 23.6291
1219.68 362.88 6.81332 0.496951 23.7138
1189.44 364.32 6.80398 0.501966 23.7828
1113.12 475.2 6.74239 0.711747 23.9101
1251.36 483.84 6.80835 0.696028 23.6202
1183.68 478.08 6.77994 0.699429 23.7504
979.2 508.32 6.46397 0.773339 23.8476
1101.6 506.88 6.74021 0.777625 23.9544
1078.56 462.24 6.77831 0.712067 24.1396
722.304 442.368 6.16703 0.844622 26.4049
902.016 388.8 6.61255 0.558404 24.9652
893.376 362.88 6.55905 0.483894 24.8341
1029.89 134.784 6.75466 -0.0675665 24.3793
768.96 430.272 6.36545 0.762282 26.1327
781.056 416.448 6.40061 0.70338 26.0952
768.96 454.464 6.37425 0.88413 26.293
1099.01 101.952 6.79172 -0.0712937 24.1087
1088.64 82.944 6.78615 -0.121587 24.1466
1093.82 677.376 6.68874 1.07845 23.8649
312.768 150.336 4.78011 -0.114521 24.9
331.776 120.96 4.56004 -0.413415 25.6244
340.416 464.832 4.24747 1.04439 26.7211
355.968 449.28 4.25062 0.973305 26.9347
368.064 252.288 4.64788 0.0746959 25.8469
914.112 352.512 6.60002 0.454405 24.8008
964.224 349.056 6.66052 0.452965 24.5477
385.344 155.52 4.40874 -0.558729 26.7545
388.8 449.28 3.98765 1.08714 28.3892
1180.22 684.288 6.74386 1.03306 23.6936
248.832 51.84 4.71775 -0.298193 24.5814
705.024 514.944 6.14415 1.35905 27.5545
686.016 506.304 6.04996 1.33743 27.704
691.2 283.392 6.05633 -0.137371 28.6565
734.4 274.752 6.26809 -0.0450953 27.2583
912.384 222.912 6.61582 0.0601313 24.8872
922.752 362.88 6.62011 0.482556 24.7701
908.928 506.304 6.58078 0.894251 24.7422
349.056 440.64 5.46661 0.646041 23.3404
749.952 525.312 5.99206 0.741181 23.3419
725.76 509.76 5.97082 0.738615 23.4579
737.856 480.384 6.26269 1.05524 26.7085
736.128 449.28 6.26554 0.906527 26.7938
967.68 646.272 6.63223 1.17079 24.3678
972.864 622.08 6.6422 1.11736 24.3732
357.696 381.888 4.30744 0.619683 26.7646
349.056 376.704 4.28553 0.588846 26.707
364.608 298.944 4.6573 0.261927 25.7933
333.504 283.392 4.52304 0.20015 25.8083
352.512 153.792 4.49343 -0.382981 26.0353
786.24 511.488 6.44357 1.13192 26.2349
768.96 497.664 5.99723 0.680144 23.1709
366.336 508.032 4.10269 1.38416 27.5781
335.232 506.304 4.1811 1.25789 26.8383
362.88 492.48 4.18008 1.25674 27.2629
349.056 203.904 4.56125 -0.131662 25.8502
686.016 454.464 6.05031 1.05471 28.1429
708.48 440.64 5.95023 0.644583 23.5819
696.384 432 6.09655 0.889968 27.8573
775.872 262.656 6.41472 -0.0404933 26.5472
767.232 243.648 6.45645 -0.248731 27.3225
214.272 269.568 4.33047 0.228296 25.2213
255.744 216 4.73095 0.135961 24.6313
316.224 260.928 4.52697 0.124115 25.6081
317.952 222.912 4.44498 -0.0453744 25.8142
198.72 293.76 4.67358 0.370552 24.4656
267.84 312.768 4.75504 0.400501 24.6847
95.04 245.376 4.62412 0.301559 24.1253
34.56 328.32 4.65828 0.493773 23.8986
174.528 286.848 4.66043 0.358024 24.3827
117.504 298.944 4.69454 0.415893 24.0888
241.92 84.672 4.73228 -0.195444 24.5281
196.992 39.744 4.76048 -0.207746 24.243
264.384 34.56 4.65888 -0.438675 24.8107
221.184 152.064 4.46081 -0.126678 24.9791
196.992 120.96 4.63394 -0.0876905 24.501
60.48 88.128 4.79255 0.0695547 23.7439
101.952 60.48 4.83589 0.00440437 23.789
153.792 88.128 4.90715 0.0363994 23.8286
139.968 95.04 4.9117 0.0663163 23.7827
157.248 34.56 4.92881 -0.0517479 23.8001
67.392 177.984 4.57731 0.157638 24.0833
89.856 134.784 4.86343 0.153804 23.7235
46.656 150.336 4.71622 0.160451 23.8184
138.24 134.784 4.89254 0.130439 23.8131
537.408 198.72 4.82687 -0.863309 29.3219
521.856 195.264 4.7154 -0.854716 29.1116
582.336 297.216 4.25264 -0.98925 39.6642
373.248 262.656 4.67729 0.110486 25.8266
381.888 226.368 4.40329 -0.191375 26.7604
475.2 266.112 2.55333 -1.30232 37.6583
426.816 228.096 3.0128 -1.17671 32.8585
527.04 105.408 4.73881 -1.54531 29.1173
632.448 60.48 5.61416 -1.53459 28.0302
521.856 181.44 4.72631 -0.96744 29.1697
528.768 143.424 4.76747 -1.26238 29.1418
587.52 191.808 5.21409 -0.93561 29.3877
597.888 148.608 5.28104 -1.3557 29.7022
333.504 62.208 4.65512 -0.555771 25.3614
383.616 145.152 4.40885 -0.607802 26.7282
198.72 578.88 4.52644 1.17808 24.8029
219.456 565.056 4.48105 1.18949 25.0265
260.928 556.416 4.35955 1.27547 25.5925
243.648 625.536 4.38897 1.48526 25.401
79.488 594.432 4.4612 1.12318 24.3669
81.216 559.872 4.46122 1.04042 24.3646
129.6 677.376 4.56197 1.34145 24.4197
229.824 437.184 4.48638 0.777058 25.0569
202.176 433.728 4.55817 0.74941 24.7309
328.32 425.088 4.36382 0.812792 26.2328
319.68 364.608 4.36993 0.532437 26.0861
274.752 395.712 4.51175 0.64915 25.3127
222.912 495.936 4.33893 1.01639 25.3189
184.896 470.016 4.51612 0.855721 24.7276
307.584 525.312 4.4107 1.20977 25.8985
281.664 508.032 4.31668 1.13594 25.8694
311.04 461.376 4.36643 0.960371 26.055
105.408 390.528 4.65721 0.616975 24.1195
91.584 520.128 4.66424 0.884188 24.0829
38.016 525.312 4.69249 0.865649 23.8737
101.952 454.464 4.64673 0.751352 24.1306
48.384 449.28 4.71149 0.722773 23.8709
172.8 494.208 4.61986 0.884436 24.4715
582.336 622.08 5.54177 1.66943 26.2612
423.36 635.904 4.8429 1.7205 26.1941
400.896 383.616 4.05277 0.641591 28.4022
418.176 414.72 3.96004 0.906495 29.1661
393.984 494.208 5.40977 0.767235 23.7416
810.432 271.296 6.42031 0.126977 25.6008
844.992 216 6.58692 -0.136039 25.8384
825.984 216 6.52931 -0.133684 25.8225
886.464 302.4 6.59793 0.280109 25.1502
762.048 209.088 6.39555 -0.401476 27.1082
927.936 74.304 6.61105 -0.338287 24.7226
808.704 157.248 6.55105 -0.528114 26.4723
756.864 34.56 6.25352 -1.01796 26.192
736.128 43.2 6.16052 -0.941779 26.1295
789.696 183.168 6.49337 -0.473202 26.7695
775.872 126.144 6.49135 -0.917495 27.2909
1157.76 205.632 6.82301 0.185629 23.9313
1214.78 235.008 6.85765 0.26558 23.8087
1123.2 328.32 6.75517 0.428681 23.9197
1100.74 293.76 6.77006 0.349524 24.0396
1176.77 331.776 6.77722 0.442695 23.7849
1245.89 316.224 6.80631 0.423612 23.6377
1183.68 278.208 6.83113 0.336068 23.8581
1003.97 243.648 6.72667 0.181288 24.4628
960.768 252.288 6.68375 0.179481 24.6586
1003.97 228.096 6.7297 0.14473 24.4674
978.048 205.632 6.69455 0.0685256 24.5586
1078.27 236.736 6.75227 0.224313 24.1059
1088.64 209.088 6.80564 0.146718 24.1813
1028.16 217.728 6.7378 0.141856 24.3211
1076.54 338.688 6.72455 0.444181 24.0527
1154.3 98.496 6.78482 -0.00433659 23.8708
1121.47 82.944 6.84559 -0.115457 24.1196
1156.03 57.024 6.81198 -0.0976787 23.9306
1109.38 165.888 6.77862 0.0869943 24.0316
1200.96 188.352 6.89554 0.15662 23.9137
1244.16 134.784 6.91313 0.0790635 23.8156
1206.14 138.24 6.89783 0.0623147 23.9042
1022.98 93.312 6.7674 -0.195655 24.4449
991.872 34.56 6.73492 -0.398578 24.5921
1012.61 162.432 6.71538 -0.000418321 24.3843
1019.52 119.232 6.73905 -0.116249 24.3958
1092.1 183.168 6.80523 0.0922976 24.1608
820.8 597.888 6.47956 1.34771 25.498
798.336 558.144 6.14316 0.884924 23.887
855.36 661.824 6.54639 1.47206 25.1883
801.792 625.536 6.40748 1.43509 25.4706
921.024 672.192 6.61084 1.33951 24.6786
876.096 673.92 6.58287 1.47388 25.0739
922.752 616.896 6.5893 1.17074 24.5943
872.64 632.448 6.54123 1.30876 24.9522
705.024 575.424 6.14643 1.6382 27.2059
667.008 533.952 5.93643 1.65091 28.5478
732.672 558.144 6.24639 1.41143 26.4982
668.736 673.92 5.93284 1.76188 25.9029
656.64 635.904 5.87662 1.72097 26.2917
772.416 649.728 6.35201 1.6429 25.859
855.36 400.896 6.53273 0.612113 25.2494
800.064 364.608 6.40071 0.483716 25.6077
896.832 416.448 6.5941 0.648183 24.9335
922.752 483.84 6.61947 0.828109 24.7191
877.824 482.112 6.55841 0.857157 25.0149
722.304 369.792 6.22796 0.478833 27.5467
672.192 513.216 5.97948 1.60938 29.2423
1131.84 585.792 6.74415 0.906022 23.8484
1187.14 565.056 6.76534 0.840273 23.7138
1150.85 649.728 6.81605 1.03864 23.9131
1123.2 639.36 6.72933 0.999851 23.8475
1213.06 613.44 6.76541 0.900736 23.6405
1031.62 599.616 6.67848 1.00258 24.1311
1069.63 566.784 6.71224 0.903751 24.0274
1003.97 661.824 6.66841 1.17396 24.2558
953.856 661.824 6.62286 1.23789 24.4522
1043.71 677.376 6.6874 1.15215 24.08
1081.73 648 6.70654 1.05677 23.962
1026.43 613.44 6.69702 1.04988 24.2079
1142.21 438.912 6.76016 0.63117 23.8586
1219.97 362.88 6.80433 0.497731 23.699
1190.59 364.608 6.80776 0.497245 23.7905
1142.21 514.944 6.7848 0.784386 23.894
1133.57 514.944 6.77756 0.790455 23.91
1185.41 471.744 6.82723 0.690495 23.8316
990.144 430.272 6.65333 0.651201 24.32
1007.42 399.168 6.7329 0.57665 24.4375
965.952 361.152 6.65749 0.482118 24.508
979.776 508.032 6.66321 0.848555 24.4074
981.504 471.744 6.66761 0.755938 24.4258
1038.53 525.312 6.68713 0.836137 24.1102
1085.18 468.288 6.75713 0.713456 24.0733
1054.08 459.648 6.72117 0.697498 24.1317
700.877 400.205 6.13986 0.713592 28.2061
682.214 389.837 6.02927 0.629814 28.5055
696.73 371.174 6.10162 0.501585 28.1714
279.936 82.944 4.55066 -0.407929 25.1642
275.789 76.7232 4.48288 -0.459527 25.2903
337.997 172.109 4.50976 -0.268069 25.8441
680.141 337.997 5.98998 0.256753 28.8084
931.047 391.91 6.63987 0.568031 24.7498
1061.68 114.048 6.76628 -0.0757696 24.236
1086.57 82.944 6.78571 -0.122107 24.1443
356.659 381.542 4.34447 0.614242 26.6414
350.438 377.395 4.31251 0.596075 26.6425
364.954 271.642 4.64464 0.15618 25.8011
723.687 510.106 6.22635 1.2482 27.0184
829.44 308.966 6.50829 0.270008 25.616
622.08 194.918 5.52199 -0.902457 29.3172
605.491 192.845 5.33715 -0.951724 29.5215
350.438 319.334 4.59743 0.355255 25.8119
362.88 298.598 4.65305 0.259657 25.7983
344.218 207.36 4.54651 -0.11176 25.8422
420.941 352.512 4.84913 0.4807 25.9173
804.557 350.438 6.41026 0.427745 25.5628
389.837 352.512 4.20926 0.447745 27.6101
736.128 479.002 6.26835 1.06066 26.9055
682.214 479.002 6.02943 1.22904 28.2665
226.022 263.347 4.57966 0.252467 24.7899
215.654 269.568 4.59916 0.281754 24.7201
252.979 223.949 4.6622 0.13526 24.7801
284.083 219.802 4.45944 0.00802201 25.4622
97.4592 246.758 4.61041 0.296539 24.147
49.7664 215.654 4.58306 0.250622 24.0251
122.342 271.642 4.73454 0.363221 24.0432
163.814 232.243 4.47909 0.185452 24.6389
130.637 230.17 4.64074 0.24844 24.2164
105.754 335.923 5.35369 0.529066 23.0152
114.048 335.923 4.6769 0.496546 24.1093
174.182 286.157 4.67401 0.358377 24.3505
116.122 296.525 4.69387 0.414037 24.0888
257.126 82.944 4.89582 -0.116119 24.2739
207.36 103.68 4.67532 -0.124045 24.4655
248.832 51.84 4.66387 -0.330654 24.6976
221.875 64.2816 4.69528 -0.232476 24.4955
302.746 101.606 4.57607 -0.389569 25.3006
331.776 60.1344 4.66101 -0.55034 25.3459
257.126 170.035 4.63346 -0.0423531 24.8445
196.992 120.269 4.62883 -0.0896436 24.5018
263.347 192.845 4.52351 -0.0338518 25.1511
331.776 120.269 4.55778 -0.413847 25.6204
78.7968 72.576 4.81373 0.0360242 23.7637
138.931 95.3856 4.91508 0.0670244 23.7762
66.3552 178.33 4.59057 0.161957 24.062
72.576 128.563 4.80723 0.136704 23.7628
122.342 172.109 4.87304 0.203236 23.7981
138.931 134.784 4.89216 0.129313 23.8133
620.006 209.434 5.4984 -0.798896 29.3553
462.413 236.39 3.27064 -1.19674 33.5069
371.174 348.365 4.26871 0.436953 27.1049
615.859 45.6192 5.51394 -1.56914 27.9098
537.062 182.477 4.83658 -0.968742 29.2577
520.474 194.918 4.6971 -0.872548 29.2703
545.357 141.005 4.89807 -1.30884 29.2741
487.296 147.226 4.47422 -1.18808 28.9941
597.197 147.226 5.30696 -1.27101 29.3069
323.482 578.534 4.20455 1.60668 26.6823
306.893 524.621 4.4552 1.17766 25.7755
192.845 667.699 4.48667 1.46774 24.872
80.8704 593.05 4.47874 1.11131 24.3406
39.3984 578.534 4.61452 0.994992 23.9926
80.8704 557.798 4.4449 1.04391 24.387
41.472 534.989 4.6938 0.884044 23.8791
172.109 541.21 4.29382 1.1294 25.085
120.269 534.989 4.44032 1.01546 24.5575
128.563 646.963 4.54118 1.27224 24.4408
120.269 615.859 4.58103 1.16686 24.3334
230.17 437.53 4.47043 0.782667 25.0787
201.139 433.382 4.56967 0.748393 24.7063
196.992 400.205 4.60029 0.651808 24.6195
327.629 425.088 4.36597 0.813306 26.2302
230.17 514.253 4.46151 1.03919 25.1196
257.126 481.075 4.32357 0.992364 25.6235
279.936 508.032 4.31254 1.13267 25.8749
311.04 460.339 4.35951 0.955468 26.0613
97.4592 400.205 4.70411 0.636698 24.0248
62.208 400.205 4.71742 0.628369 23.8943
136.858 402.278 4.65313 0.646679 24.2496
87.0912 508.032 4.6479 0.867727 24.088
172.109 493.517 4.6208 0.883997 24.4767
118.195 452.045 4.65855 0.753978 24.1756
516.326 555.725 5.01055 1.67534 27.6994
412.646 657.331 5.06414 1.51128 25.192
391.91 427.162 3.97279 0.955014 28.4906
396.058 491.443 3.98448 1.42346 28.5745
360.806 495.59 4.159 1.2698 27.3088
387.763 466.56 3.96266 1.22268 28.467
474.854 512.179 4.48517 1.62476 28.9023
825.293 267.494 6.49159 0.106743 25.6403
843.955 215.654 6.68233 -0.212757 26.3021
912.384 221.875 6.63804 0.0495944 24.9853
875.059 201.139 6.6491 -0.130927 25.5293
846.029 335.923 6.54173 0.374241 25.4932
833.587 279.936 6.53561 0.139531 25.6964
935.194 350.438 6.60859 0.458224 24.5931
889.575 354.586 6.57333 0.457608 24.9794
885.427 300.672 6.57913 0.288939 25.0622
775.526 259.2 6.0097 0.403294 23.272
771.379 201.139 6.54392 -0.658273 28.1125
744.422 223.949 6.33832 -0.395279 27.5727
777.6 325.555 6.40713 0.290454 26.3378
767.232 294.451 6.40217 0.103007 26.7884
794.189 109.901 6.62361 -1.085 27.54
829.44 39.3984 6.59777 -0.982691 26.181
696.73 39.3984 5.98394 -0.953834 26.1182
653.184 172.109 5.74651 -1.12204 29.4356
787.968 182.477 6.49163 -0.4578 26.7031
773.453 126.49 6.55418 -1.07138 27.8245
1171.58 248.832 6.77142 0.29368 23.7782
1194.39 209.434 6.7987 0.225507 23.7638
1167.44 329.702 6.77236 0.435525 23.802
1123.89 327.629 6.75454 0.429111 23.9241
1237.94 344.218 6.82104 0.467788 23.6767
1194.39 325.555 6.78521 0.435131 23.7326
1194.39 319.334 6.79514 0.421448 23.758
1005.7 226.022 6.72367 0.146098 24.4443
976.666 205.286 6.68525 0.0762386 24.5326
1030.58 250.906 6.73438 0.22664 24.3096
966.298 358.733 6.65683 0.479583 24.5168
1007.77 317.261 6.72169 0.3746 24.4108
1069.98 335.923 6.73409 0.43619 24.1022
1032.65 342.144 6.62317 0.454382 24.015
1055.46 308.966 6.73522 0.378877 24.162
1155 74.6496 6.81851 -0.0700674 23.9367
1119.74 80.8704 6.8615 -0.127956 24.1566
1155 55.9872 6.81377 -0.101895 23.9316
1099.01 39.3984 6.79434 -0.209206 24.1128
1109.38 165.888 6.78506 0.0825474 24.048
1146.7 136.858 6.80079 0.0594879 23.9201
1200.61 188.698 6.88984 0.158127 23.9005
949.709 66.3552 6.70318 -0.397307 24.8412
1055.46 76.7232 6.78477 -0.192419 24.3107
1007.77 192.845 6.72741 0.0615796 24.4435
1092.79 170.035 6.78375 0.0760879 24.1055
1036.8 186.624 6.75004 0.0702739 24.3124
841.882 526.694 6.4796 1.02289 25.1444
931.047 590.976 6.62824 1.10872 24.6679
883.354 595.123 6.55256 1.17077 24.8655
872.986 543.283 6.52744 1.0324 24.9243
800.41 624.154 6.39554 1.41896 25.4038
920.679 659.405 6.60931 1.31782 24.6949
711.245 541.21 6.17667 1.46929 27.3347
667.699 673.92 5.92868 1.71896 25.7534
719.539 607.565 6.2036 1.69369 26.6864
814.925 420.941 6.44956 0.698023 25.5571
926.899 425.088 6.62276 0.658958 24.7069
893.722 360.806 6.58249 0.477735 24.9527
814.925 516.326 6.04875 0.700811 23.1855
931.047 497.664 6.58172 0.842018 24.5283
918.605 472.781 6.62375 0.808485 24.7839
877.133 481.075 6.56737 0.864208 25.067
781.747 414.72 6.39939 0.701156 26.1498
721.613 369.101 6.22598 0.480964 27.5132
669.773 449.971 5.94145 1.07161 28.7296
1148.77 588.902 6.7721 0.91156 23.8493
1130.11 588.902 6.75481 0.908943 23.8746
1169.51 559.872 6.75007 0.836918 23.7403
1107.3 534.989 6.73975 0.829626 23.9344
1181.95 599.271 6.76339 0.899524 23.7255
1115.6 653.184 6.71433 1.02991 23.8444
1186.1 665.626 6.7449 0.994747 23.6726
1221.35 615.859 6.76821 0.902574 23.6286
1005.7 561.946 6.68626 0.95768 24.2996
1074.12 574.387 6.67281 0.902572 23.9083
1049.24 557.798 6.71198 0.911945 24.1213
953.856 661.479 6.64694 1.26439 24.54
968.371 644.89 6.63962 1.17819 24.3932
1043.02 678.067 6.689 1.15546 24.0863
1026.43 611.712 6.71564 1.06125 24.2627
1130.11 435.456 6.7461 0.635562 23.8559
1184.03 418.867 6.78966 0.5969 23.776
1130.11 514.253 6.78896 0.790881 23.9504
1150.85 464.486 6.79729 0.688171 23.8858
1227.57 499.738 6.80719 0.720949 23.6679
1184.03 470.707 6.77641 0.684429 23.7415
1045.09 441.677 6.7336 0.666152 24.2059
1030.58 398.131 6.77022 0.573608 24.3701
980.813 505.958 6.65726 0.838334 24.3762
978.739 468.634 6.6676 0.755935 24.4258
1045.09 516.326 6.70622 0.82186 24.126
1057.54 466.56 6.72216 0.716623 24.1063
1007.77 432.968 6.69336 0.655545 24.3221
977.91 408.085 6.697 0.606915 24.5324
522.547 104.509 4.73339 -1.54627 29.1083
582.267 619.592 5.52902 1.70351 26.433
644.475 627.057 5.8289 1.71925 26.397
268.739 602.174 4.39353 1.45523 25.5901
423.014 634.522 4.91395 1.64409 25.8724
776.356 49.7664 6.33261 -0.959913 26.2504
146.811 597.197 4.586 1.14621 24.4391
171.694 539.966 4.3238 1.11725 25.0256
174.182 283.669 3.74063 0.207193 26.0298
116.951 296.11 4.72701 0.414739 24.0365
487.711 146.811 4.42464 -1.23888 29.2461
557.384 517.571 4.97576 1.79067 30.0633
520.059 515.082 4.73435 1.70997 29.5896
950.538 64.6963 6.69294 -0.380945 24.7929
116.951 418.038 4.66083 0.679777 24.1599
184.136 390.666 4.60818 0.627006 24.5382
171.694 492.687 4.60812 0.886925 24.4972
116.951 452.874 4.66677 0.752804 24.16
773.868 126.904 6.55694 -1.08803 27.8951
793.774 111.974 6.61024 -1.05079 27.4163
833.587 49.7664 6.61469 -0.96122 26.2187
1172 47.2781 6.83298 -0.11488 23.9156
89.5795 134.369 4.83733 0.145307 23.7584
564.849 549.919 5.29925 1.65136 27.7455
1030.16 398.131 6.77394 0.574013 24.4003
1142.14 437.944 6.75912 0.636864 23.8464
928.143 72.1613 6.68368 -0.436645 25.0386
1147.12 589.732 6.75422 0.902862 23.8192
1107.3 577.29 6.7195 0.899974 23.8847
74.6496 258.785 4.77284 0.362828 23.826
49.7664 213.996 4.58351 0.24703 24.0255
149.299 604.662 4.48729 1.22034 24.635
52.2547 328.458 4.61342 0.488808 24.0015
472.781 515.082 4.26003 1.76677 29.9925
771.379 646.963 6.35324 1.64132 25.8827
517.571 562.36 5.0798 1.59994 27.2973
557.384 534.989 4.94881 1.99602 30.5466
512.594 534.989 4.72798 1.81188 29.3191
1157.07 204.042 6.82334 0.185208 23.9253
1097.35 204.042 6.75968 0.167155 24.0404
79.6263 592.22 4.46426 1.12135 24.3704
59.7197 564.849 4.69985 0.953014 23.9472
228.925 437.944 4.48889 0.781331 25.0359
201.554 432.968 4.55464 0.748562 24.735
246.344 388.178 4.61927 0.626985 24.8461
213.996 373.248 4.51658 0.572682 24.8701
808.704 169.206 6.53428 -0.450935 26.3812
806.216 156.764 6.49921 -0.454156 26.1685
1184.44 562.36 6.76525 0.835837 23.7192
1169.51 557.384 6.75116 0.83622 23.7432
233.902 330.947 4.47353 0.444885 25.0831
206.531 104.509 4.69093 -0.110771 24.432
1226.74 500.152 6.81059 0.725187 23.6885
1179.46 487.711 6.79355 0.718675 23.7919
1201.86 186.624 6.88894 0.156886 23.9017
1204.35 139.346 6.91062 0.0578036 23.9284
258.785 472.781 4.53324 0.906193 25.1614
1035.14 186.624 6.75179 0.0659641 24.3311
1055.05 141.834 6.70149 0.0119713 24.1048
1047.58 141.834 6.72288 0.00197806 24.1927
1129.7 512.594 6.7775 0.785756 23.9166
1097.35 507.617 6.73183 0.776064 23.9448
1149.6 465.316 6.78299 0.687852 23.858
1112.28 475.269 6.76001 0.714246 23.9671
171.694 278.692 4.98701 0.399514 23.7664
164.229 233.902 4.41933 0.176805 24.738
121.928 216.484 4.63437 0.215105 24.1928
597.197 146.811 5.14295 -1.71769 30.8805
97.0445 400.62 4.69983 0.631415 24.025
62.208 400.62 4.71098 0.628162 23.9061
233.902 562.36 4.59851 1.16466 24.896
218.972 559.872 4.4995 1.16626 24.9765
216.484 532.501 4.40703 1.10599 25.1356
1124.72 325.97 6.75681 0.4238 23.9227
1097.35 293.622 6.76859 0.349668 24.0438
1211.81 403.108 6.79866 0.56711 23.7077
1189.42 365.783 6.79726 0.503384 23.77
1060.02 111.974 6.76307 -0.0808717 24.2244
136.858 97.0445 4.91372 0.0706771 23.7719
701.706 261.274 6.14823 -0.312393 28.7487
472.781 263.762 2.79539 -1.18518 36.3293
462.828 236.39 3.28192 -1.1722 33.4304
425.503 228.925 4.14799 -0.474083 28.548
1030.16 248.832 6.72984 0.224911 24.2965
1087.4 206.531 6.80573 0.143359 24.1857
1117.26 654.428 6.72645 1.0357 23.8672
1119.74 637.01 6.7106 0.992733 23.8136
544.942 139.346 4.88633 -1.32915 29.3397
1196.88 206.531 6.80041 0.223891 23.7642
271.227 335.923 5.48547 0.522735 23.0521
266.25 311.04 4.76884 0.400345 24.6685
853.494 659.405 6.16453 0.953912 23.494
1194.39 325.97 6.79091 0.433379 23.7442
1224.25 316.017 6.81626 0.419765 23.7092
1167.02 303.575 6.79054 0.390074 23.8357
843.541 525.036 6.49018 1.03305 25.2096
256.297 159.253 4.56603 -0.099311 25.0013
335.923 134.369 4.57202 -0.366026 25.63
875.889 669.358 6.17891 0.946796 23.4263
870.912 632.033 6.5604 1.35735 25.0703
913.214 221.461 6.63238 0.0436174 24.9577
895.795 228.925 6.61781 0.0462079 25.1029
1079.93 646.963 6.71913 1.06041 23.9813
1037.63 646.963 6.68216 1.09723 24.1196
1027.68 612.127 6.81618 1.12551 24.5002
94.5562 517.571 4.64744 0.889792 24.1146
49.7664 447.898 4.70445 0.720153 23.8705
154.276 164.229 4.75966 0.124259 24.0966
119.439 171.694 4.87303 0.202474 23.7981
139.346 134.369 4.89369 0.1285 23.8133
303.575 102.021 4.58297 -0.382645 25.2949
298.598 94.5562 4.57313 -0.40964 25.2827
330.947 59.7197 4.63968 -0.577146 25.3992
828.611 271.227 6.50612 0.122943 25.6272
823.634 266.25 6.4891 0.0991338 25.6544
855.982 213.996 6.63614 -0.136927 25.7932
823.634 216.484 6.52914 -0.142883 25.9054
1012.75 159.253 6.68946 0.00854175 24.309
970.445 121.928 6.70608 -0.178987 24.6592
982.887 505.129 6.65012 0.828885 24.3421
980.398 465.316 6.66949 0.740342 24.4262
1079.93 335.923 6.71663 0.441808 24.0143
1022.7 340.9 6.68358 0.443075 24.2108
1055.05 308.552 6.74325 0.374736 24.1864
1082.42 589.732 6.71237 0.943082 23.96
1027.68 597.197 6.66622 0.997779 24.107
1077.44 532.501 6.71404 0.834233 24.0015
1184.44 664.382 6.75171 1.00166 23.6933
1201.86 629.545 6.77064 0.934496 23.6764
328.458 425.503 4.35359 0.810458 26.2442
318.505 365.783 4.35294 0.53607 26.1321
1137.16 164.229 6.80898 0.0950528 23.9863
59.7197 84.6029 4.80507 0.0699286 23.7211
79.6263 74.6496 4.83673 0.0485606 23.7262
997.816 303.575 6.6838 0.351264 24.3851
975.422 318.505 6.69126 0.368874 24.549
1087.4 497.664 6.74403 0.76694 24.0258
1082.42 470.293 6.78435 0.723544 24.1429
781.333 592.22 6.40413 1.44011 26.0152
734.055 559.872 6.26251 1.4581 26.7449
383.201 121.928 4.41823 -0.709513 26.6672
350.853 154.276 4.49085 -0.388509 26.03
418.038 415.549 3.95015 0.903735 29.2139
885.842 301.087 6.57904 0.287785 25.0462
883.354 592.22 6.54909 1.16985 24.8796
913.214 549.919 6.58171 1.00924 24.6976
873.4 542.454 6.53041 1.03078 24.9238
378.225 263.762 5.64914 0.469323 22.8666
368.271 251.32 4.63694 0.0575495 25.8719
343.388 206.531 4.54651 -0.11176 25.8422
972.933 587.244 6.6144 1.01437 24.2757
955.515 527.524 6.60932 0.897144 24.4197
318.505 510.106 4.10981 1.29541 26.8223
311.04 460.339 4.29502 0.959802 26.2252
967.957 251.32 6.70132 0.182643 24.6396
1005.28 226.437 6.72533 0.140918 24.4434
776.356 236.39 6.48109 -0.259389 27.2641
925.655 423.014 6.60342 0.655335 24.6964
895.795 415.549 6.42006 0.622471 24.2665
908.237 390.666 6.62136 0.567133 24.9028
709.171 338.412 6.1607 0.301007 27.9107
681.8 316.017 6.03458 0.0794447 28.8947
348.365 415.549 4.25478 0.791407 26.7988
385.69 398.131 4.09958 0.734233 27.925
350.853 390.666 4.27819 0.661652 26.7364
719.125 335.923 6.20448 0.279671 27.5736
846.029 335.923 6.53988 0.376656 25.4702
753.961 370.76 6.3174 0.497169 26.4947
395.643 490.199 3.83851 1.46079 29.1768
731.566 445.409 6.2587 0.927804 27.4628
704.195 515.082 6.14534 1.36629 27.6064
860.959 480.246 6.50765 0.850306 24.9955
649.452 116.951 5.72802 -1.427 28.9796
1143.63 220.963 6.79042 0.218749 23.9162
1089.88 206.033 6.77857 0.157295 24.1055
1182.45 489.701 6.77876 0.71873 23.7647
1191.41 474.772 6.78053 0.68718 23.7451
1212.31 185.131 6.85732 0.171248 23.8292
1194.39 194.089 6.88 0.168784 23.9059
1206.34 143.327 6.90795 0.0607577 23.925
1098.84 507.617 6.73784 0.777946 23.97
773.37 647.959 6.34034 1.60543 25.765
1173.49 558.379 6.822 0.850516 23.87
247.837 304.57 4.73693 0.387374 24.6101
510.603 636.015 5.2648 1.65818 25.9937
806.216 158.257 6.48451 -0.447263 26.1321
1051.07 143.327 6.7289 -0.00460588 24.2123
194.089 119.439 4.61244 -0.0960546 24.5178
122.425 59.7197 4.88502 0.0131668 23.7573
922.669 268.739 6.64645 0.203782 24.9058
895.795 226.935 6.61483 0.0443236 25.0996
1143.63 609.141 6.75134 0.938807 23.8108
1125.72 325.472 6.75859 0.422049 23.9187
1218.28 364.29 6.79618 0.499217 23.6929
1191.41 367.276 6.79811 0.503497 23.7687
1173.49 247.837 6.8325 0.274337 23.8992
1209.32 235.893 6.83968 0.271416 23.7897
1194.39 209.019 6.80303 0.222935 23.7642
214.991 268.739 4.32654 0.226278 25.2152
250.823 220.963 4.69161 0.128775 24.7243
704.692 259.781 6.12427 -0.22566 28.0407
1197.38 325.472 6.78599 0.433915 23.7456
337.416 173.187 5.52086 0.341288 23.1226
292.626 191.103 4.45466 -0.11335 25.5363
1140.65 101.523 6.75957 0.00452359 23.8773
1092.87 122.425 6.76874 -0.0152601 24.0982
1107.8 77.6356 6.83088 -0.132443 24.1523
262.767 101.523 4.93214 -0.0593936 24.2189
206.033 104.509 4.6646 -0.125568 24.4783
247.837 56.7337 4.67131 -0.33294 24.6829
223.949 65.6917 4.69202 -0.237129 24.5004
256.795 555.393 4.40069 1.24725 25.4917
319.5 364.29 4.35322 0.53768 26.1231
280.683 367.276 4.32329 0.556692 25.7876
618.099 194.089 5.48822 -0.906089 29.2855
588.239 191.103 5.24278 -0.89989 29.1242
600.183 146.313 5.3163 -1.29369 29.3377
1012.25 253.809 6.69179 0.236022 24.3095
98.5375 92.5655 4.8374 0.0680232 23.7783
68.6776 107.495 4.79969 0.101345 23.7581
119.439 71.6636 4.87534 0.0264449 23.7762
1063.01 110.481 6.76068 -0.0795411 24.2086
1018.22 119.439 6.75066 -0.128966 24.4354
1054.05 77.6356 6.76356 -0.175974 24.2632
271.725 570.323 4.29403 1.40051 25.8524
328.458 522.547 4.24102 1.31108 26.6032
931.627 352.346 6.66706 0.453557 24.8267
904.753 295.612 6.6027 0.281375 24.9433
1042.11 522.547 6.69157 0.833977 24.1263
92.5655 510.603 4.66198 0.874232 24.0854
116.453 453.87 4.64257 0.758252 24.1958
71.6636 447.898 4.683 0.726134 23.9767
229.921 194.089 4.65537 0.0756212 24.6562
256.795 161.243 4.57525 -0.101703 24.9703
203.047 164.229 4.78461 0.0813702 24.2351
970.445 585.253 6.721 1.0837 24.6372
955.515 528.519 6.53315 0.860321 24.1528
973.431 644.973 6.62439 1.15914 24.3291
997.319 597.197 6.67072 1.0394 24.3022
958.501 603.169 6.65415 1.10824 24.5299
871.907 633.029 6.5489 1.32267 25.0046
925.655 615.113 6.6006 1.16462 24.6334
985.375 504.631 6.65805 0.832569 24.3702
1045.09 495.673 6.70972 0.783114 24.1421
1083.91 471.786 6.70848 0.711551 23.9603
1030.16 453.87 6.7088 0.703242 24.2266
313.528 125.411 4.55767 -0.346269 25.4595
331.444 59.7197 4.65006 -0.568064 25.3426
845.034 525.533 6.48061 1.01451 25.1117
1009.26 194.089 6.72559 0.0638828 24.4424
964.473 164.229 6.70569 -0.0775312 24.72
1080.93 334.43 6.72165 0.441039 24.0259
1036.14 340.402 6.7051 0.443567 24.2131
1042.11 304.57 6.53102 0.401769 23.7481
827.118 262.767 6.49368 0.0826909 25.7269
809.202 274.711 6.36466 0.175151 25.2317
907.739 391.164 6.59847 0.565777 24.8267
967.459 358.318 6.65287 0.475882 24.4823
997.319 304.57 6.68151 0.357752 24.383
370.262 250.823 4.68563 0.0714427 25.7265
343.388 209.019 4.5564 -0.108357 25.8027
397.136 176.173 4.36856 -0.514597 27.1141
1074.95 644.973 6.69523 1.054 23.9549
1030.16 612.127 6.67384 1.03103 24.138
925.655 549.421 6.60548 1.00267 24.6896
874.893 543.449 6.57973 1.04175 25.0625
892.809 441.926 6.53877 0.711944 24.7433
418.038 412.066 3.91489 0.898802 29.3558
964.473 250.823 6.68452 0.174172 24.6619
749.482 522.547 6.28097 1.19041 26.2883
280.683 507.617 4.29699 1.12815 25.9052
289.641 468.8 4.22686 1.0015 26.1486
650.945 382.206 5.74535 0.607462 30.2824
716.636 346.374 6.18985 0.347037 27.8816
767.398 295.612 6.37448 0.128442 26.5104
839.062 415.052 6.51629 0.666257 25.3937
815.174 421.024 6.38484 0.66058 25.1891
647.959 510.603 5.81585 1.50235 28.7858
358.318 498.659 4.16495 1.28276 27.264
719.622 406.094 6.2026 0.711387 27.5053
815.174 465.814 6.41764 0.842056 25.3389
358.318 352.346 4.30088 0.467529 26.7655
358.318 307.556 4.651 0.296487 25.7142
1131.69 435.954 6.75112 0.634339 23.8757
1146.62 516.575 6.71437 0.761986 23.7354
659.903 641.987 5.90194 1.72143 26.1579
973.431 122.425 6.7083 -0.179253 24.6579
1161.55 56.7337 6.83032 -0.114017 23.9534
773.37 197.075 6.44026 -0.445279 26.9858
650.945 116.453 5.7145 -1.47536 29.0799
600.183 450.884 5.22951 1.35695 32.1268
194.089 462.828 4.51828 0.836995 24.7794
200.061 432.968 4.53344 0.751032 24.7779
59.7197 656.917 4.35102 1.3049 24.4511
173.187 591.225 4.53015 1.18149 24.6699
77.6356 522.547 4.67323 0.885294 24.0202
268.739 603.169 4.37613 1.46189 25.6305
119.439 170.201 4.8702 0.200147 23.7965
173.187 283.669 4.69375 0.351437 24.2928
116.453 268.739 4.70206 0.351546 24.0651
906.545 648.556 6.59064 1.30527 24.7682
924.461 616.307 6.60331 1.17685 24.668
881.463 591.225 6.53587 1.15585 24.8295
1049.87 139.744 6.74052 -0.0193471 24.231
1014.04 157.66 6.69823 0.00377678 24.3218
1117.95 508.812 6.76321 0.783511 23.9305
1092.87 505.229 6.73471 0.777583 23.9765
1128.7 437.148 6.74968 0.635492 23.8754
1082.12 472.98 6.74314 0.718608 24.0462
204.241 103.912 4.64837 -0.132544 24.4983
1035.54 487.313 6.70778 0.769989 24.1952
1171.7 322.486 6.78446 0.423651 23.7904
326.07 422.815 4.355 0.808493 26.2456
279.488 426.399 4.29911 0.789456 25.8581
290.238 379.817 3.22622 0.629925 28.5163
1060.62 308.154 6.73336 0.374356 24.1404
1039.12 304.57 6.73313 0.359448 24.2609
1039.12 523.145 6.69139 0.834412 24.123
1117.95 637.806 6.6912 0.988465 23.7894
1143.03 609.141 6.74927 0.943709 23.8128
1110.79 598.391 6.72685 0.935992 23.8858
71.6636 107.495 4.77763 0.0887105 23.8028
118.245 68.0805 4.8791 0.0265641 23.7694
78.83 75.2468 4.83665 0.0484536 23.7272
469.397 261.572 2.39966 -1.38436 37.9454
738.135 641.39 6.27175 1.75509 26.3427
68.0805 501.645 4.66675 0.837819 23.9986
68.0805 451.481 4.67679 0.73244 23.9771
257.989 555.393 4.44809 1.22358 25.3747
179.159 146.91 4.67578 0.0292631 24.3261
379.817 444.315 4.05825 1.03147 27.9306
544.644 139.744 4.84828 -1.34927 29.358
695.137 297.404 6.09808 -0.0150284 28.4678
859.964 275.905 6.32202 0.301026 24.1803
913.711 218.574 6.62612 0.0470823 24.9148
867.13 211.408 6.2551 0.214034 23.9699
938.794 383.4 6.65806 0.5399 24.7324
996.125 598.391 6.76535 1.09708 24.5243
956.709 601.974 6.65077 1.11474 24.5431
257.989 164.826 4.51987 -0.10994 25.1039
318.903 548.227 4.20701 1.43788 26.6127
809.799 272.322 6.41826 0.138299 25.5909
992.541 308.154 6.68649 0.356271 24.4003
1053.46 609.141 6.82077 1.07889 24.3508
1028.37 612.724 6.65814 1.02 24.1028
308.154 103.912 4.49523 -0.447239 25.557
297.404 93.1627 4.61951 -0.373764 25.1555
799.049 555.393 6.37904 1.17647 25.4846
842.048 526.728 6.49109 1.02579 25.1929
978.209 254.406 6.71387 0.187271 24.5937
953.126 257.989 6.67805 0.191718 24.7236
971.042 225.74 6.7082 0.113057 24.6382
945.96 501.645 6.62946 0.85285 24.5552
981.792 465.814 6.75979 0.778072 24.6835
1117.95 186.325 6.7825 0.138086 23.9884
1089.29 204.241 6.79662 0.123536 24.1471
1114.37 161.243 6.78619 0.0729077 24.0477
322.486 214.991 4.44161 -0.0724089 25.849
283.071 214.991 4.52766 0.0211798 25.2625
996.125 584.059 6.65387 1.00666 24.2752
967.459 584.059 6.63826 1.02964 24.4235
974.625 544.644 6.63682 0.929458 24.3513
956.709 526.728 6.62903 0.903815 24.4665
870.713 412.066 6.59813 0.641107 25.2195
906.545 390.567 6.61942 0.563848 24.9272
874.296 361.901 6.54937 0.470358 25.0564
415.649 279.488 4.22446 -0.0713393 28.0576
584.059 426.399 5.19365 1.00985 30.5574
913.711 440.731 6.61895 0.722107 24.8334
616.307 207.825 5.46656 -0.811694 29.3604
612.724 161.243 5.53528 -0.934871 28.2311
598.391 146.91 5.35818 -1.16003 28.7582
684.388 365.485 6.02305 0.479405 28.0084
730.969 222.157 6.28255 -0.454108 27.8206
648.556 508.812 5.80243 1.50497 28.7904
709.47 447.898 6.13563 0.915012 27.0373
734.552 562.56 6.25857 1.47347 26.7711
748.885 523.145 6.00114 0.753158 23.4513
820.549 329.653 6.46567 0.348916 25.5882
318.903 455.064 4.16155 0.980622 26.6593
308.154 458.647 5.46623 0.658159 23.2131
720.219 483.73 6.23263 1.14999 27.3973
752.468 451.481 6.29707 0.871267 26.276
394.15 322.486 4.42746 0.285078 26.9473
781.134 429.982 6.37869 0.753993 25.8418
730.969 376.234 6.26578 0.525402 27.3203
1010.46 412.066 6.71191 0.604021 24.337
1182.45 490.896 6.80031 0.723051 23.7906
1189.62 369.068 6.79129 0.508151 23.7511
1150.2 648.556 6.79163 1.03053 23.8745
1125.12 512.395 6.76319 0.783504 23.9305
799.049 623.474 6.41466 1.44426 25.5817
1057.04 68.0805 6.71017 -0.132697 24.1192
971.042 121.828 6.71547 -0.189981 24.6878
1092.87 121.828 6.76344 -0.0116205 24.0703
1006.87 225.74 6.73198 0.136546 24.4413
773.967 197.075 6.47983 -0.486551 27.2162
648.556 171.993 5.72237 -1.11361 29.3511
791.883 114.662 6.59913 -1.02988 27.4614
584.059 619.89 5.53615 1.7025 26.4532
193.492 458.647 4.46688 0.838902 24.874
93.1627 397.733 4.65274 0.634585 24.0853
214.991 476.563 4.59287 0.881108 24.7358
261.572 379.817 5.58712 0.562127 22.8098
146.91 601.974 4.57536 1.16664 24.463
121.828 616.307 4.59657 1.15442 24.3176
283.071 591.225 4.36374 1.45652 25.7969
118.245 168.41 4.86933 0.196988 23.7958
136.161 96.7459 4.91173 0.0704449 23.7726
197.075 290.238 4.68544 0.360722 24.4317
111.079 336.819 4.98656 0.513257 23.6046
322.486 293.821 4.52845 0.275698 25.6718
214.991 268.739 4.62282 0.287415 24.6581
369.784 184.892 4.332 -0.405716 26.7713
576.176 296.687 4.17288 -0.930555 38.9943
696.57 554.677 6.09388 1.59318 27.5247
915.861 442.881 6.58315 0.709724 24.6882
872.863 460.081 6.43938 0.752807 24.4943
907.262 386.984 6.61853 0.55064 24.9251
1006.16 619.174 6.54308 0.996563 23.9073
1031.96 610.574 6.69494 1.0343 24.1543
1092.15 503.079 6.70265 0.766093 23.9024
1083.55 468.68 6.71646 0.707866 23.9729
331.086 120.395 4.48905 -0.450189 25.7691
343.985 81.6965 4.97433 -0.231505 24.6037
288.088 85.9964 3.9068 -0.894373 26.6756
279.488 503.079 4.25359 1.14499 25.9852
227.89 438.581 4.43934 0.788784 25.1349
425.682 279.488 5.03979 0.231332 25.1636
520.278 193.492 4.66399 -0.920332 29.5066
554.677 159.093 4.96536 -1.19624 29.2717
270.889 541.777 4.34827 1.2361 25.6927
335.386 206.391 4.54782 -0.0793139 25.6995
343.985 146.194 5.52167 0.310611 23.1343
842.764 275.188 6.53643 0.140779 25.5814
808.366 262.289 6.40729 0.0853577 25.5762
825.565 214.991 6.56915 -0.20731 26.3258
898.662 623.474 6.58703 1.25652 24.8294
872.863 632.073 6.51975 1.28776 24.8526
907.262 550.377 6.47261 0.937877 24.2918
877.163 537.477 6.53254 1.02024 24.9111
907.262 356.885 6.6029 0.461762 24.8818
885.763 300.987 6.41589 0.339236 24.389
920.161 266.589 6.63656 0.197062 24.8924
967.459 159.093 6.73744 -0.127597 24.8592
950.26 167.693 6.50595 0.0621197 24.1907
279.488 210.691 4.43581 -0.0303714 25.4942
636.373 193.492 5.60401 -0.903123 29.2193
649.273 356.885 5.75848 0.331248 29.6686
847.064 335.386 6.53323 0.38386 25.4583
1066.35 313.887 6.75437 0.389428 24.148
356.885 503.079 4.1223 1.31686 27.3464
378.384 442.881 4.0494 1.04229 27.9356
382.684 399.883 4.07694 0.759876 27.8996
584.775 421.382 5.11051 1.00192 31.7853
799.766 550.377 6.3835 1.17287 25.4477
950.26 503.079 6.63164 0.854397 24.5622
933.06 442.881 6.65467 0.712853 24.8053
735.269 563.276 6.25891 1.46365 26.6555
735.269 511.678 6.26758 1.22452 26.759
778.267 429.982 6.39817 0.773013 26.25
722.369 399.883 6.20332 0.695074 27.3682
718.07 472.98 6.25893 1.12427 27.5944
1031.96 455.781 6.7158 0.711031 24.2546
1014.76 408.483 6.72685 0.599203 24.3534
1191.05 369.784 6.81482 0.508267 23.8068
1186.75 554.677 6.74804 0.821568 23.6937
1083.55 528.878 6.7158 0.828868 23.997
1049.16 81.6965 6.73171 -0.148689 24.2106
971.759 120.395 6.71654 -0.191788 24.6903
1195.35 193.492 6.86809 0.171098 23.8821
1010.46 223.591 6.68934 0.158991 24.3145
1182.45 326.786 6.7848 0.439991 23.7907
773.967 193.492 6.49632 -0.54471 27.4298
769.667 133.294 6.03828 0.139864 23.6614
791.167 120.395 6.59784 -0.9961 27.4043
197.792 438.581 4.51005 0.775582 24.7963
116.095 451.481 4.64776 0.756469 24.1895
133.294 395.583 4.64808 0.633411 24.2463
326.786 421.382 4.34962 0.800215 26.2303
171.993 589.075 4.35003 1.2531 24.987
94.596 511.678 4.67942 0.868174 24.0712
429.982 193.492 4.22655 -0.680511 28.2788
356.885 107.495 4.4047 -0.67836 26.3494
524.578 103.196 4.70467 -1.57209 29.1498
176.293 146.194 4.65927 0.0169689 24.3654
197.792 288.088 4.66527 0.352879 24.4715
111.795 262.289 4.73105 0.346685 24.0128
219.291 270.889 4.62027 0.282063 24.6753
382.684 515.978 3.92436 1.57537 28.4983
366.345 485.02 4.02091 1.27993 27.8896
417.942 464.38 4.04308 1.20143 28.8701
510.818 180.592 4.5973 -0.945156 28.981
634.653 196.072 5.5968 -0.906067 29.2765
588.215 190.912 5.39753 -0.718004 28.4136
634.653 180.592 5.61739 -1.14455 29.7638
696.571 361.185 6.08083 0.449998 27.3065
737.849 515.978 6.2431 1.13347 26.0682
722.369 479.86 6.21007 1.0666 27.211
732.689 221.871 6.27674 -0.435693 27.8126
737.849 376.664 6.2715 0.527814 26.7562
918.441 268.309 6.64082 0.188153 24.9062
970.039 227.03 6.7012 0.116812 24.6382
933.921 227.03 6.65301 0.0906989 24.8094
722.369 304.427 6.22438 0.0927543 27.3006
887.482 299.267 6.59101 0.280038 25.0955
877.163 412.783 6.59515 0.638271 25.2195
872.003 386.984 6.58061 0.551113 25.2415
985.518 469.54 6.66455 0.738775 24.3759
975.199 433.422 6.64212 0.66711 24.4068
928.761 459.221 6.64978 0.772719 24.7988
954.56 356.025 6.63004 0.460916 24.523
944.24 319.906 6.70456 0.365329 24.7637
1031.96 340.546 6.68322 0.428889 24.1193
990.678 309.587 6.69839 0.355521 24.4963
371.504 232.19 4.74856 0.0462597 25.5891
794.606 557.256 6.40895 1.20195 25.637
841.044 526.298 6.45466 0.994731 25.0063
799.766 510.818 6.43395 1.03014 25.6628
830.725 247.67 6.51948 -0.0132005 25.8311
784.287 232.19 6.3691 -0.0912199 26.0448
423.102 412.783 4.20078 0.850287 28.3861
846.204 386.984 6.55262 0.547873 25.5416
784.287 392.143 6.41703 0.573583 26.0783
686.251 350.865 6.0491 0.330047 29.0444
789.447 325.066 6.39583 0.313872 25.8233
268.309 546.937 4.4211 1.22458 25.4427
237.35 526.298 4.47694 1.08255 25.1277
789.447 479.86 6.3018 0.859316 25.0198
975.199 407.623 6.73361 0.590805 24.7106
1083.55 474.7 6.71698 0.716277 23.999
970.039 583.055 6.65249 1.03358 24.4345
1150.63 593.375 6.75508 0.907376 23.7926
1104.19 577.896 6.6908 0.888571 23.8399
1176.43 557.256 6.75031 0.825903 23.7037
1078.39 531.458 6.72706 0.828469 24.0162
732.689 588.215 6.24996 1.60066 26.8302
799.766 619.174 6.37204 1.36789 25.2581
970.039 123.835 6.72285 -0.168439 24.7484
1140.31 98.0359 6.8162 -0.0393279 23.9789
1093.87 118.675 6.76077 -0.0188029 24.0788
1155.79 294.108 6.80148 0.36617 23.8801
1093.87 294.108 6.76342 0.354046 24.07
1078.39 221.871 6.61178 0.248235 23.8099
763.648 139.314 6.53293 -1.10272 28.2272
650.133 113.515 5.73124 -1.43701 28.8846
799.766 159.953 6.48092 -0.451319 26.1977
902.962 98.0359 6.84043 -0.659678 25.8453
835.885 144.474 6.54305 -0.389101 25.7466
892.642 227.03 6.6023 0.0409985 25.0766
443.741 448.901 3.31769 1.43613 32.7538
134.154 397.303 4.68451 0.631381 24.1738
227.03 438.581 4.52671 0.776396 24.9453
170.273 588.215 4.44008 1.21171 24.8192
356.025 510.818 4.05131 1.39276 27.5507
495.339 175.433 4.57248 -0.949253 28.9419
376.664 201.231 4.52686 -0.233243 26.2419
490.179 149.634 4.44464 -1.25246 29.2041
521.138 103.196 4.72358 -1.5501 29.081
134.154 98.0359 4.9097 0.0729119 23.7671
257.989 165.113 4.55592 -0.0928734 25.0175
108.355 340.546 4.71575 0.500779 24.019
216.711 268.309 4.58597 0.271788 24.7671
108.355 263.149 4.82502 0.346811 23.8601
356.025 299.267 4.66903 0.292424 25.656
260.053 167.177 4.54631 -0.100143 25.0387
377.696 297.203 4.69163 0.264595 25.7149
674.9 520.106 6.02437 1.64577 28.9901
643.941 501.531 5.78312 1.52255 28.8004
897.802 495.339 6.57177 0.872615 24.7774
842.076 520.106 6.49445 1.01292 25.1867
755.392 526.298 6.29129 1.13404 25.6893
724.433 544.873 6.21086 1.42422 27.014
829.693 241.478 6.49253 0.0289765 25.5373
897.802 408.655 6.59561 0.63774 24.9638
972.103 402.463 6.75287 0.603575 24.7583
910.186 377.696 6.60371 0.548121 24.854
928.761 321.97 6.76938 0.341507 25.3798
612.982 359.121 5.14908 0.196759 36.2938
724.433 476.764 6.13907 0.915462 25.6043
705.858 445.805 6.08371 0.837652 26.1942
743.009 371.504 6.23491 0.530765 26.0817
1015.45 433.422 6.62093 0.644176 24.0371
1021.64 402.463 6.73251 0.592761 24.3663
1083.55 470.572 6.74336 0.714332 24.0444
1015.45 594.407 6.71548 1.04467 24.3084
984.486 501.531 6.6745 0.83564 24.3716
1157.86 594.407 6.76144 0.905163 23.7841
1046.4 594.407 6.70036 0.980424 24.0943
780.159 433.422 6.38804 0.773175 26.2169
786.351 513.914 6.41908 1.12098 26.019
972.103 210.519 6.69378 0.0717413 24.614
972.103 123.835 6.72308 -0.192399 24.7154
1034.02 309.587 6.63186 0.389647 24.0813
984.486 241.478 6.70904 0.171566 24.5498
934.953 235.286 6.67287 0.0925363 24.8774
1126.9 303.395 6.57179 0.420965 23.5379
1089.75 297.203 6.7377 0.35831 24.0341
1157.86 291.012 6.58066 0.406841 23.4853
643.941 167.177 5.68095 -1.24963 29.965
873.035 204.327 6.61889 -0.109473 25.4101
798.734 160.985 6.55351 -0.668918 27.0135
749.2 266.245 6.32998 -0.057644 26.9773
842.076 272.436 6.51722 0.137942 25.4448
377.696 402.463 4.40551 0.659599 26.9011
625.366 476.764 5.4589 1.73257 32.3939
123.835 476.764 4.66019 0.808025 24.1898
148.602 594.407 4.55413 1.16893 24.4945
136.218 513.914 4.62875 0.894628 24.3451
328.162 526.298 4.38048 1.27491 26.2182
631.557 198.136 5.59269 -0.902602 29.4713
606.79 142.41 5.34453 -1.3375 29.4121
544.873 130.027 4.83525 -1.36802 29.281
569.64 266.245 4.63251 -1.11416 34.6178
173.369 142.41 4.77738 0.0686296 24.1266
241.478 154.793 4.46055 -0.145576 25.1055
222.903 266.245 4.61183 0.27192 24.7355
123.835 229.094 4.63547 0.244834 24.1797
260.053 297.203 4.69313 0.354643 24.7545
365.313 266.245 4.723 0.166447 25.6205
235.286 266.245 4.61183 0.27192 24.7355
928.761 572.117 6.61167 1.04043 24.6384
988.202 468.095 6.6758 0.732409 24.3994
965.911 438.375 6.65063 0.661705 24.4093
349.214 297.203 4.73682 0.287528 25.403
364.074 260.053 4.57459 0.10489 26.0548
876.75 534.966 6.53859 1.01483 24.9289
891.61 490.386 6.61218 0.892447 25.0056
936.191 237.763 6.50268 0.186698 24.2191
1010.49 215.473 6.72964 0.120262 24.4375
1025.35 193.182 6.73566 0.0761133 24.3541
1010.49 341.784 6.90574 0.405698 24.8864
312.064 527.536 4.18208 1.32261 26.5208
252.623 490.386 4.23687 1.0037 25.7819
371.504 408.655 3.5212 0.846807 29.5697
705.858 423.515 6.11383 0.810299 27.6152
936.191 475.526 6.67356 0.795823 24.7381
973.341 401.225 6.82565 0.592476 25.0095
928.761 416.085 6.64138 0.62267 24.7316
1077.36 468.095 6.73769 0.7177 24.0587
1107.08 482.956 6.75679 0.725183 23.9709
668.708 430.945 5.93053 0.943959 28.8222
646.418 378.934 5.76975 0.5709 29.5379
891.61 364.074 6.51898 0.498849 24.7609
728.148 572.117 6.20584 1.38358 26.0282
750.439 482.956 6.37622 1.13353 27.2821
653.848 534.966 5.82311 1.77658 29.0455
891.61 549.826 6.51626 1.0044 24.6636
795.019 557.256 6.39472 1.21182 25.6677
1121.94 148.602 6.77564 0.0734447 23.9346
1107.08 297.203 6.796 0.372735 24.0546
1084.79 297.203 6.74362 0.35723 24.081
728.148 222.903 5.9872 0.292668 23.5906
720.718 304.634 6.25923 0.0483847 27.9328
676.138 260.053 5.98211 -0.493566 29.8215
832.17 319.494 6.52093 0.316123 25.5929
445.805 445.805 3.23245 1.47607 33.2005
401.225 468.095 3.82757 1.39445 29.2456
624.127 475.526 5.83664 0.644321 22.9922
512.676 445.805 4.78355 1.08497 28.5624
185.752 393.795 4.64707 0.614282 24.4633
371.504 445.805 4.04066 1.06075 27.8038
304.634 430.945 4.32186 0.838667 26.0701
319.494 482.956 5.76321 0.583303 22.4676
408.655 230.333 4.01577 -0.467155 28.6516
631.557 200.612 5.65939 -0.574418 27.9381
601.837 141.172 5.34453 -1.3375 29.4121
237.763 341.784 4.77802 0.494206 24.4625
222.903 267.483 4.63862 0.275361 24.6693
334.354 341.784 4.3289 0.430957 26.3006
274.913 304.634 4.59376 0.334365 24.996
1069.93 472.554 6.72907 0.713121 24.0816
1016.44 490.386 6.704 0.785874 24.2017
383.392 347.728 4.53039 0.41037 26.3295
936.191 419.057 6.55664 0.615553 24.4451
971.855 392.309 6.90108 0.541992 25.2337
1025.35 401.225 6.68359 0.579916 24.2108
954.023 517.134 6.51129 0.825372 24.1196
945.107 472.554 6.14991 0.621795 23.0601
864.862 419.057 6.41948 0.650217 24.5523
659.792 534.966 5.85949 1.67156 28.6403
882.694 526.05 6.5666 0.991145 24.9237
793.533 517.134 6.40845 1.06989 25.62
962.939 213.987 6.58954 0.141557 24.3114
1052.1 213.987 6.67306 0.196547 23.97
1096.68 196.154 6.75263 0.145563 24.0406
1025.35 196.154 6.72274 0.0910481 24.3301
989.688 258.567 6.74578 0.145178 24.6392
1087.76 320.98 6.76651 0.408063 24.0941
1078.85 303.148 6.71681 0.359148 23.985
731.121 222.903 6.18545 -0.211744 26.4444
873.778 196.154 6.62726 -0.117593 25.3998
775.701 178.322 6.38819 -0.401203 26.2974
704.372 312.064 6.10856 0.099259 28.1472
784.617 329.896 6.35668 0.344485 25.7951
784.617 285.315 6.40835 0.0640971 26.3731
401.225 454.721 3.77146 1.40083 29.3848
392.309 499.302 3.84822 1.57239 28.8948
222.903 436.889 4.44724 0.791463 25.0763
169.406 463.637 4.2137 0.89156 25.2077
249.651 517.134 5.45958 0.707116 23.0532
365.56 490.386 4.09641 1.26188 27.6215
410.141 222.903 4.41867 -0.278469 27.1322
499.302 178.322 4.20821 -1.26874 31.1056
401.225 178.322 4.3217 -0.574746 27.3392
543.882 249.651 4.5252 -0.937646 33.7033
597.379 169.406 5.1077 -1.81875 31.6364
579.547 347.728 4.7151 0.0584906 34.9279
570.631 258.567 4.86398 -0.791251 31.7505
329.896 196.154 4.6123 -0.0880897 25.4806
285.315 196.154 4.55206 -0.0441749 25.2177
187.238 285.315 4.24157 0.221323 25.239
365.56 267.483 4.44625 0.0676906 26.4158
624.127 481.47 5.62358 1.40422 29.4021
