1036.2 475.2 1.88231 0.790828 5.65685
1093.84 169.4 1.82488 0.536729 5.54466
1221.86 617.584 1.75947 0.766558 5.32426
1094.08 169.037 1.82177 0.536418 5.53977
1120.04 573.927 1.78307 0.784408 5.42798
1190.31 563.679 1.77979 0.755742 5.37096
1093.68 168.372 1.82337 0.536451 5.54224
1221.06 617.85 1.75915 0.76643 5.32386
1172.45 458.995 1.78728 0.70497 5.40297
1223.99 504.09 1.76854 0.711171 5.34221
1095.15 167.493 1.82371 0.536533 5.54279
1215.94 626.488 1.75711 0.771405 5.32504
1120.92 573.342 1.78779 0.78603 5.43402
1031.05 327.739 1.81095 0.653392 5.57903
1147.97 363.17 1.85315 0.667384 5.50662
1224.15 503.123 1.76286 0.709766 5.33485
1217.06 625.361 1.76151 0.773618 5.33175
1121.4 572.214 1.78771 0.786536 5.43429
1138.05 438.461 1.7973 0.70246 5.4423
1145.85 364.41 1.85319 0.667788 5.507
1089.33 37.0256 1.83121 0.442888 5.56824
1030.87 327.385 1.81331 0.653881 5.58378
1062.05 247.487 1.80181 0.590521 5.53937
1093.23 567.077 1.82081 0.807521 5.49921
1095.18 167.59 1.82411 0.536017 5.54359
1138.25 439.436 1.79462 0.701393 5.4382
1146.82 364.41 1.85095 0.667047 5.50277
1022.49 60.0205 1.8421 0.450585 5.66106
1031.07 327.969 1.81391 0.653243 5.58258
1161.83 518.749 1.7758 0.73676 5.39038
1095.37 167.2 1.82248 0.53602 5.54099
1056.36 327.755 1.81592 0.648429 5.55671
1063.43 247.585 1.80143 0.589913 5.53769
1122.38 450.368 1.80036 0.713097 5.45675
1094.09 563.55 1.82271 0.807997 5.50181
188.636 91.96 1.17213 0.478699 6.0362
139.119 66.0225 1.14645 0.460766 5.93587
532.896 249.942 2.01872 0.848092 9.31367
596.561 252.3 2.7281 1.01246 11.3455
622.498 160.34 2.53337 0.468854 9.89638
372.556 162.698 1.35248 0.535822 6.73406
190.994 610.709 1.25012 0.769929 5.44405
51.8749 535.254 1.1984 0.717079 5.41086
117.897 561.192 1.22291 0.732065 5.41568
410.283 532.896 1.41671 1.23783 6.9192
872.441 247.585 1.98825 0.635197 6.18949
643.72 245.227 3.04581 0.96418 11.405
855.935 91.96 1.95561 0.434826 6.19178
905.452 459.8 1.94391 0.867301 5.98601
964.401 212.215 1.88535 0.573646 5.79982
959.685 266.448 1.89394 0.628519 5.81957
785.197 212.215 2.1473 0.610396 6.87479
782.839 278.238 2.17115 0.74512 6.93837
738.038 360.766 2.20998 0.994554 7.31378
759.259 417.357 2.29462 1.13939 7.3501
440.936 405.567 1.48149 1.00682 6.98205
481.021 414.999 1.51446 0.91867 6.54917
957.327 353.692 1.9077 0.715433 5.83621
947.895 502.243 1.8608 0.843252 5.75403
738.038 318.323 2.48853 0.99166 8.0769
962.043 143.835 1.87451 0.512528 5.80004
987.98 132.045 1.83495 0.504297 5.69029
808.776 398.493 2.09536 0.927242 6.61398
846.503 396.135 1.98341 0.842393 6.22927
858.293 422.073 2.01188 0.886687 6.24527
992.696 634.288 1.82991 0.910256 5.61863
945.537 414.999 1.9311 0.792721 5.88708
462.158 301.817 1.52896 0.822525 7.11368
410.283 476.306 1.41172 1.08828 6.78112
806.418 254.658 2.08542 0.681 6.63996
863.009 249.942 1.99898 0.639415 6.24041
846.503 330.113 2.04002 0.769089 6.35892
509.317 417.357 1.53967 0.908029 6.44085
542.328 414.999 1.59205 0.906324 6.45852
858.293 511.675 2.02008 1.02027 6.24916
605.993 80.1702 2.11613 0.237366 8.394
278.238 285.312 1.24992 0.67539 6.09194
721.532 127.329 2.02678 0.446778 6.94312
761.617 127.329 2.10544 0.443112 6.92131
235.795 205.141 1.2132 0.586473 6.05055
219.289 261.732 1.19215 0.649839 6.08979
341.902 341.902 1.29951 0.790185 6.44588
58.9487 183.92 1.13739 0.56613 5.70398
547.044 457.442 1.57481 0.934181 6.30172
117.897 318.323 1.13141 0.682644 5.88589
117.897 320.681 1.1342 0.680683 5.86739
773.407 490.453 2.22167 1.23562 7.03585
244.369 355.836 1.21131 0.743152 6.05356
538.041 188.636 2.20688 0.607795 10.3387
372.984 165.056 1.35024 0.536906 6.72133
190.779 613.066 1.24994 0.770379 5.44299
51.4461 538.041 1.19849 0.717407 5.41305
580.913 518.749 1.62727 1.03177 6.3326
872.441 248.656 1.98825 0.635197 6.18949
855.292 92.1743 1.97818 0.430397 6.23918
668.8 180.061 2.77318 0.556547 9.89261
735.251 368.697 2.38679 1.09771 7.78484
773.836 383.702 2.27708 1.03133 7.22696
964.615 212.215 1.9007 0.574697 5.82802
956.041 353.692 1.87194 0.704942 5.77459
480.164 415.856 1.50411 0.909792 6.48647
793.128 207.928 2.09957 0.60128 6.73387
861.723 246.513 1.99924 0.637703 6.24196
947.466 503.743 1.86908 0.846539 5.76784
857.436 424.431 1.9991 0.881556 6.21741
510.174 418 1.54398 0.910721 6.45323
542.328 415.856 1.5931 0.909059 6.46253
782.41 278.667 2.08809 0.72849 6.73565
816.707 475.877 2.0898 1.05065 6.53869
411.569 475.877 1.40906 1.07746 6.72763
237.938 205.785 1.21278 0.585768 6.03932
220.79 263.661 1.18632 0.654188 6.15233
823.138 353.692 2.02613 0.815288 6.40398
960.328 145.764 1.86892 0.513012 5.78992
546.615 450.154 1.576 0.924772 6.30445
896.02 117.897 1.95686 0.477735 6.08114
941.036 177.918 1.85172 0.543193 5.78705
463.015 304.39 1.55896 0.858612 7.43148
763.118 126.472 2.09768 0.444287 6.89126
533.754 250.8 2.01422 0.848452 9.24196
390.133 199.354 1.38256 0.592835 6.72852
394.42 259.374 1.38435 0.692087 6.65634
278.667 285.097 1.24973 0.674302 6.08531
312.964 231.508 1.27739 0.625223 6.28806
574.482 220.79 2.29715 0.74493 9.78209
595.918 252.944 2.81397 1.04057 11.6991
823.138 544.472 2.03865 1.1194 6.3794
855.292 595.918 2.00064 1.12604 6.20118
589.487 49.3025 1.95315 0.196908 7.88966
606.636 81.4564 2.09602 0.24336 8.30439
741.682 452.297 2.38538 1.32748 7.70752
97.4359 270.872 1.12916 0.637935 5.82819
621.641 161.744 2.53337 0.468854 9.89638
580.718 561.231 1.66755 1.16999 6.52199
366.359 368.308 1.3369 0.842332 6.51754
648.923 208.513 2.68932 0.699261 9.92495
701.538 85.7436 2.45976 0.232143 8.4658
734.666 368.308 2.43901 1.12119 7.935
947.077 502.769 1.85992 0.842428 5.7521
993.846 508.615 1.91512 0.85261 5.76093
956.82 352.718 1.88237 0.707186 5.79263
781.436 278.667 2.12839 0.737678 6.8386
785.333 327.385 2.18241 0.848821 6.9358
964.615 212.41 1.90076 0.574215 5.82754
498.872 292.308 1.71636 0.897631 8.02465
494.974 329.333 1.71585 1.01712 8.0989
543.692 417.026 1.59453 0.911401 6.46171
471.59 266.974 1.59725 0.781468 7.60645
988 132.513 1.84252 0.504458 5.70425
820.41 356.615 1.94965 0.789354 6.25197
481.333 415.077 1.49747 0.90218 6.44431
60.4102 185.128 1.1385 0.565648 5.70427
847.692 397.538 1.98476 0.845496 6.22933
857.436 422.872 2.01513 0.887833 6.25263
533.949 251.385 2.02615 0.858539 9.27478
855.487 594.359 2.01942 1.14024 6.23744
313.743 229.949 1.27718 0.624363 6.27013
625.538 397.538 2.64145 1.69492 10.1378
943.179 177.333 1.85655 0.543123 5.79744
906.154 461.846 1.94732 0.870263 5.9947
876.923 512.513 2.00434 0.990293 6.15723
941.23 578.769 1.87164 0.927325 5.7742
142.256 83.7948 1.14789 0.478815 5.93915
461.846 532 1.49448 1.15541 6.6698
465.743 565.128 1.48926 1.1839 6.56208
722.974 159.795 2.1732 0.502116 7.35173
399.487 541.743 1.38632 1.18715 6.71056
915.897 200.718 1.94078 0.567617 6.00131
874.974 247.487 1.98825 0.635197 6.18949
631.384 210.461 2.59118 0.700768 9.90757
237.744 206.564 1.21538 0.587213 6.04404
231.897 298.154 1.20886 0.679496 6.01376
95.6643 269.277 1.13683 0.630552 5.77824
276.364 85.0349 1.24094 0.455053 6.2255
623.59 161.212 2.53337 0.468854 9.89638
53.1468 536.783 1.19904 0.716217 5.40677
857.436 93.8927 1.97414 0.430613 6.22804
701.538 86.8065 2.33849 0.258971 8.0651
774.172 382.657 2.23291 1.00062 7.1076
760 418.088 2.30598 1.1469 7.38553
490.722 396.83 1.51734 0.884443 6.47703
543.869 418.088 1.58898 0.907275 6.43135
958.415 352.541 1.89707 0.712427 5.81523
995.617 322.424 1.83233 0.659742 5.65644
804.289 256.876 2.08028 0.682745 6.62618
963.729 210.816 1.91911 0.574531 5.86057
488.951 449.977 1.50586 0.9382 6.37891
549.184 458.834 1.57819 0.938779 6.31265
520.839 490.722 1.53388 0.975391 6.27859
857.436 423.403 2.02174 0.891748 6.2672
993.846 635.99 1.83454 0.917924 5.62705
485.408 290.536 1.66912 0.877175 7.93617
111.608 154.126 1.17101 0.545233 5.71042
820.233 356.084 1.94891 0.789128 6.25053
857.436 338.368 1.99293 0.763016 6.22633
816.69 474.778 2.08102 1.04606 6.52014
520.839 265.734 1.83298 0.845308 8.35893
86.8065 125.781 1.15522 0.525932 5.71391
855.664 595.245 1.98778 1.11594 6.17271
575.757 219.674 2.34633 0.760223 10.0252
882.237 488.951 1.95688 0.926359 6.06199
363.17 278.135 1.33789 0.695209 6.37266
239.161 205.501 1.21674 0.588236 6.03777
875.151 248.019 1.9751 0.632684 6.15678
798.974 115.151 2.65271 0.346735 8.06395
721.025 127.552 2.02615 0.448007 6.94272
232.075 299.394 1.20788 0.679518 6.01543
592.668 48.3153 1.96849 0.189287 7.93057
492.816 169.104 1.82265 0.52466 9.09914
623.267 162.662 2.5261 0.478472 9.84037
650.646 209.366 2.71751 0.703247 10.0063
858.402 93.4096 1.96158 0.43298 6.19989
702.182 85.357 2.47642 0.225975 8.49391
861.623 246.408 2.00917 0.637871 6.26394
950.201 484.764 1.88739 0.839329 5.7949
541.131 497.648 1.57305 0.999727 6.33778
491.206 397.796 1.51734 0.884443 6.47703
510.532 428.396 1.54901 0.931416 6.47595
496.037 330.155 1.71345 1.01506 8.06237
964.696 210.977 1.89353 0.574127 5.8134
856.791 423.564 2.02174 0.891748 6.2672
987.243 133.672 1.85058 0.504377 5.7193
969.527 154.609 1.84888 0.521167 5.74121
66.0309 165.883 1.14223 0.552956 5.70356
895.444 455.774 1.93016 0.86141 5.98169
439.669 336.597 1.50339 0.911955 7.29483
855.181 595.889 1.99952 1.12522 6.19706
293.113 378.47 1.24506 0.809356 6.26919
441.28 407.459 1.4789 0.993172 6.92831
737.614 473.49 2.42243 1.42559 7.83234
550.794 204.535 2.22747 0.695766 10.1117
840.686 463.827 2.02253 0.965724 6.31135
595.889 254.461 2.79659 1.04006 11.633
399.406 542.742 1.38864 1.19685 6.74188
761.771 188.43 2.14335 0.563594 7.00119
370.417 162.662 1.34635 0.536633 6.6549
61.1994 620.046 1.20149 0.752623 5.40106
644.204 397.796 2.81515 1.74931 10.4396
636.151 594.278 1.82445 1.33251 6.75615
77.3045 302.776 1.11916 0.656177 5.79102
670.558 180.084 2.57395 0.556598 9.20028
490.474 467.048 1.49924 0.948732 6.32102
549.038 461.192 1.57877 0.938781 6.30809
767.188 436.302 2.23314 1.13233 7.13527
490.474 398.235 1.51609 0.881601 6.45957
860.891 247.433 2.01934 0.638775 6.28531
855.034 423.125 2.01359 0.88907 6.25675
190.333 136.161 1.17925 0.52143 5.98288
480.225 480.225 1.48555 0.962985 6.30934
894.565 455.335 1.92755 0.86053 5.97673
879.924 521.22 1.98774 0.989577 6.11896
480.225 414.34 1.50783 0.914069 6.50919
986.803 133.233 1.84002 0.505189 5.70134
969.234 153.731 1.83993 0.522203 5.72492
825.752 595.889 2.07126 1.22929 6.43821
855.034 595.889 1.99911 1.12445 6.1978
521.22 266.466 1.84929 0.852522 8.44902
535.861 251.825 2.04275 0.868742 9.33146
816.968 475.833 2.0712 1.04121 6.49845
841.858 465.584 2.0385 0.975843 6.34468
795.006 512.435 2.14545 1.19197 6.75857
897.493 276.715 1.97325 0.662793 6.08496
913.598 553.43 1.91014 0.947048 5.89139
812.576 137.625 2.04237 0.477599 6.5232
573.927 219.615 2.31475 0.756646 9.90899
399.699 543.181 1.38541 1.17994 6.68762
231.328 298.676 1.20803 0.680049 6.02258
142.018 83.4537 1.15081 0.480341 5.91341
401.163 423.125 1.38899 0.94642 6.58492
764.26 127.377 2.11813 0.444355 6.94243
368.953 162.515 1.34635 0.536633 6.6549
595.889 87.846 2.08011 0.260385 8.38704
54.1717 538.789 1.19836 0.718998 5.41509
68.8127 575.391 1.20418 0.733449 5.40841
642.74 500.722 2.06773 1.43019 7.61781
745.36 364.694 2.45343 1.10314 7.88387
773.311 415.272 2.23299 1.07583 7.11228
541.717 496.463 1.56933 0.991036 6.31349
491.139 397.969 1.51609 0.881601 6.45957
786.621 326.095 2.14309 0.834676 6.83064
958.32 354.046 1.8934 0.711789 5.80725
475.167 461.857 1.47818 0.938745 6.32401
855.833 423.258 2.00921 0.887656 6.24802
968.968 154.396 1.84215 0.522114 5.7296
439.23 336.743 1.48688 0.895034 7.14646
963.644 211.629 1.90591 0.573413 5.83767
879.791 521.752 1.98757 0.986822 6.11957
521.752 266.2 1.86077 0.85796 8.51395
994.257 637.549 1.82765 0.913019 5.61659
855.833 338.074 2.00902 0.767969 6.26088
841.192 464.519 2.02568 0.96973 6.31811
397.969 228.932 1.39286 0.644615 6.74905
240.911 207.636 1.21727 0.590035 6.04681
825.22 182.347 2.0471 0.549216 6.48301
314.116 231.594 1.27691 0.624061 6.25947
646.866 389.983 2.9321 1.77592 10.8194
720.071 127.776 2.02283 0.446931 6.93464
766.656 155.727 2.11786 0.499711 6.92058
368.687 162.382 1.34635 0.536633 6.6549
602.943 109.142 2.24213 0.292128 8.99907
563.013 151.734 2.2497 0.438055 9.90791
614.922 181.016 2.49324 0.566248 9.85094
681.472 481.822 2.27382 1.47463 7.93409
77.198 303.468 1.11789 0.657493 5.80126
858.495 94.501 1.96686 0.43315 6.20978
685.465 139.755 2.78416 0.370423 9.67399
670.824 179.685 2.75497 0.558606 9.80326
519.09 129.107 1.89915 0.376204 8.95521
497.794 294.151 1.72953 0.912844 8.12423
499.125 312.785 1.72424 0.961627 8.07675
513.766 310.123 1.79617 0.981403 8.28729
505.78 485.815 1.51684 0.969589 6.2983
879.67 521.51 1.99159 0.988797 6.12704
868.78 430.76 1.98358 0.875588 6.15801
877.25 565.07 1.96489 1.03055 6.07333
826.43 596.53 2.07547 1.23293 6.44757
854.26 595.32 2.00594 1.13072 6.21214
995.83 273.46 1.84105 0.620991 5.67428
814.33 137.94 2.06377 0.476453 6.57015
897.82 275.88 1.96413 0.660808 6.06716
376.31 453.75 1.34882 1.02401 6.70303
549.34 461.01 1.57877 0.938781 6.30809
491.26 398.09 1.51987 0.887173 6.48583
509.41 429.55 1.54184 0.924998 6.44269
596.53 88.33 2.07745 0.261532 8.37739
549.34 290.4 2.04589 0.998297 9.04833
313.39 232.32 1.27674 0.626019 6.26052
746.57 364.21 2.45343 1.10314 7.88387
773.19 511.83 2.21454 1.28561 7.0308
844.58 222.64 2.02187 0.607839 6.34685
880 521.4 1.96328 0.971999 6.07144
796.4 513.7 2.1246 1.17616 6.70206
816.2 533.5 2.11335 1.17368 6.58783
491.7 399.3 1.52368 0.89372 6.51085
407 536.8 1.39742 1.1844 6.72925
393.8 570.9 1.37365 1.2126 6.64693
750.2 437.8 2.32853 1.23071 7.49462
746.9 364.1 2.45343 1.10314 7.88387
495 275 1.70064 0.837371 7.96078
498.3 312.4 1.732 0.967614 8.12415
513.7 310.2 1.80528 0.988636 8.33562
509.3 430.1 1.54224 0.927298 6.44354
504.9 486.2 1.51301 0.964681 6.27662
776.6 304.7 2.2071 0.816335 7.05031
854.7 596.2 1.98913 1.11773 6.1796
736 342 2.50065 1.06801 8.11152
394 571 1.37307 1.20651 6.6266
249 22 1.22403 0.400166 6.09626
747 364 2.45343 1.10314 7.88387
854 595 1.99031 1.11853 6.18178
548 461 1.5813 0.941641 6.31518
361 520 1.32368 1.05919 6.46189
