293 445 9.40788 1.18748 23.2008
927 387 7.61234 0.650743 23.1563
958 639 7.38617 1.34153 23.1224
190 664 9.28277 1.6603 23.749
202 31 10.1044 -0.0584767 23.0152
177 23 10.183 -0.0656515 23.0328
944 69 7.6754 -0.405556 22.8744
966 426 7.49797 0.743626 23.205
219 678 9.20085 1.67252 23.7709
272 230 9.76405 0.536054 22.928
255 191 9.78474 0.437773 23.0451
305 302 9.61998 0.750175 22.8812
316 286 9.57386 0.689953 22.9349
1012 438 7.44253 0.755596 23.4325
1007 416 7.40926 0.696065 23.2582
159 310 9.60225 0.871593 23.671
982 98 7.59416 -0.25229 23.0843
1185 196 7.38335 0.254762 24.0034
100 309 9.68219 0.896274 23.7672
1245 110 7.2991 0.061028 23.9948
114 226 9.81284 0.689325 23.6165
914 246 7.6232 0.130822 22.6236
974 167 7.58534 -0.0190845 23.1237
57 261 10.0898 0.798034 23.4234
71 343 9.96752 1.01003 23.4558
168 365 9.46291 0.995638 23.8118
232 296 9.52424 0.795997 23.5053
213 299 9.54653 0.815227 23.5498
223 285 9.5521 0.776675 23.5093
232 387 9.35381 1.02211 23.7132
227 399 9.35009 1.04554 23.7277
198 471 9.37806 1.22827 23.7302
40 350 10.0461 1.04933 23.4612
25 359 10.0682 1.0754 23.4796
54 322 9.97772 0.958684 23.5279
24 323 10.0988 0.982401 23.4783
238 470 9.29732 1.21558 23.7042
217 478 9.32217 1.23108 23.7438
222 49 10.0326 -0.0120609 22.994
247 23 9.97065 -0.120237 23.0003
82 26 10.4651 0.0152453 23.0816
103 83 10.0623 0.278988 23.4493
118 73 10.033 0.242829 23.4385
184 120 9.84095 0.333753 23.3988
293 124 10.0003 0.0737632 22.5148
1085 409 7.40499 0.681426 23.7591
117 342 9.58799 0.964183 23.8223
112 352 9.58242 0.989193 23.8404
114 327 9.64291 0.934258 23.7641
258 268 9.62252 0.689541 23.2183
938 462 7.49729 0.85851 22.973
938 300 7.63177 0.402584 23.1871
209 383 9.38931 1.02061 23.7547
209 361 9.42798 0.969247 23.7037
1181 130 7.38303 0.0945567 23.9311
750 365 8.07838 0.605261 21.8843
389 182 10.3704 -0.16031 20.5997
172 349 9.47957 0.95707 23.783
189 333 9.46431 0.91377 23.7557
851 177 7.83245 -0.190831 22.2365
163 134 9.8788 0.382634 23.4141
137 112 9.96603 0.342252 23.4189
216 348 9.41432 0.938651 23.712
244 326 9.46254 0.877251 23.5194
171 262 9.65491 0.747365 23.5892
117 108 10.0434 0.334761 23.3939
382 205 10.4078 -0.0169038 20.5352
112 261 9.73675 0.778632 23.6947
148 96 9.9514 0.284103 23.4142
726 259 8.2967 -0.270039 19.4685
819 205 7.9032 -0.184553 21.7363
817 147 7.94694 -0.519265 21.5328
422 245 10.8268 -0.0811394 18.5523
260 133 9.84196 0.235963 22.9975
733 296 8.21324 0.0173321 19.7966
705 306 8.39293 0.0378462 19.0784
218 213 9.76327 0.555286 23.2595
286 337 9.48737 0.87549 23.2322
92 311 9.69966 0.905523 23.7733
52 274 10.0647 0.835195 23.4676
48 72 10.2446 0.279848 23.4276
34 170 10.2309 0.551751 23.4084
483 217 10.7334 -0.639151 17.2965
219 414 9.34603 1.07896 23.7562
259 405 9.34087 1.05851 23.5978
202 499 9.32915 1.28219 23.7788
60 443 9.70983 1.22678 23.7642
52 363 10.019 1.07524 23.4479
122 403 9.59472 1.10706 23.7415
20 459 9.61295 1.23449 24.0025
150 475 9.42244 1.23854 23.8442
335 542 9.37909 1.52217 22.7867
1254 346 7.29056 0.549897 24.1407
1015 197 7.53146 0.13128 23.4002
1106 166 7.41569 0.102534 23.6681
917 606 7.4223 1.32758 22.7475
722 650 7.95373 1.84829 21.7608
969 572 7.38922 1.15288 23.1186
1216 364 7.30915 0.579698 24.0642
993 370 7.46418 0.574147 23.2453
646.8 487.2 8.55515 1.44362 19.1023
127.2 40.8 10.3302 0.0293944 23.0459
176.4 38.4 10.1692 -0.00972718 23.0428
198 156 9.76044 0.428424 23.4162
189.6 154.8 9.75767 0.435138 23.4635
818.4 528 7.70511 1.19367 22.1991
795.6 507.6 7.74404 1.18271 21.6523
835.2 668.4 6.39911 3.11128 16.2464
876 241.2 7.72666 0.100905 22.4511
25.2 421.2 9.79023 1.1889 23.7918
237.6 470.4 9.30059 1.21608 23.6979
226.8 460.8 9.30462 1.18855 23.7543
739.2 120 8.35526 -0.799606 20.8626
728.4 220.8 8.33189 -0.512006 19.6063
324 315.6 9.54419 0.781384 22.8907
304.8 301.2 9.58953 0.747767 22.9547
620.4 235.2 9.50002 -0.867884 16.4161
926.4 490.8 7.49295 0.961761 22.8834
1099.2 447.6 7.38153 0.757979 23.8015
38.4 352.8 10.0452 1.0484 23.4667
90 115.2 10.1309 0.365375 23.3745
72 106.8 10.1607 0.359735 23.4147
160.8 380.4 9.45603 1.03105 23.8395
272.4 24 9.95709 -0.167443 22.872
265.2 22.8 9.92024 -0.135712 22.9851
273.6 367.2 9.47478 0.973534 23.2878
267.6 379.2 9.30626 0.983705 23.6454
324 582 9.34677 1.63683 22.8854
303.6 584.4 9.30677 1.59083 23.14
243.6 402 9.32809 1.04908 23.6994
231.6 387.6 9.35423 1.02065 23.7131
250.8 372 9.34489 0.978805 23.6577
224.4 374.4 9.37019 0.996839 23.7291
81.6 26.4 10.468 0.0163005 23.0813
76.8 34.8 10.4761 0.0458823 23.0781
650.4 236.4 9.1789 -0.907861 16.414
855.6 307.2 7.70954 0.297814 22.1412
189.6 477.6 9.36137 1.24089 23.7968
222 49.2 10.0324 -0.0113873 22.994
223.2 244.8 9.74334 0.645485 23.2266
672 402 8.48327 0.792961 19.475
651.6 398.4 8.64579 0.798255 19.2558
91.2 343.2 9.67313 0.980513 23.7884
70.8 343.2 9.97079 1.01177 23.4549
200.4 268.8 9.60477 0.746649 23.5426
326.4 109.2 9.97013 -0.0557643 22.3493
843.6 615.6 7.56644 1.4923 22.3353
195.6 88.8 9.83338 0.235396 23.3869
326.4 370.8 9.46562 0.957438 22.9597
862.8 176.4 7.82201 -0.14196 22.4655
920.4 304.8 7.60492 0.360858 22.8049
958.8 241.2 7.56134 0.168381 22.9737
1081.2 439.2 7.40459 0.75156 23.7597
256.8 100.8 9.83755 0.152971 23.064
280.8 62.4 9.81469 0.00115596 23.0177
768 211.2 8.09964 -0.437791 20.3631
937.2 462 7.49716 0.856512 22.9735
117.6 340.8 9.58837 0.964753 23.8223
111.6 352.8 9.58332 0.988793 23.8392
120 338.4 9.5593 0.958216 23.8548
223.2 285.6 9.55176 0.775887 23.5054
693.6 240 8.65962 -0.727986 17.4808
1088.4 381.6 7.40135 0.62026 23.75
174 114 9.85797 0.324182 23.4178
153.6 117.6 9.88913 0.352329 23.4576
1135.2 290.4 7.3982 0.430428 23.8914
366 339.6 10.3036 0.805207 20.5828
258 267.6 9.59737 0.695255 23.2665
129.6 110.4 9.9923 0.339559 23.4146
102 111.6 10.0548 0.357022 23.4345
211.2 123.6 9.76584 0.322452 23.3855
183.6 120 9.82508 0.334999 23.4221
312 90 10.1337 -0.16634 22.1738
134.4 87.6 9.9763 0.271128 23.4349
104.4 93.6 10.0501 0.309163 23.452
103.2 75.6 10.0596 0.260434 23.4543
212.4 324 9.51284 0.881866 23.5813
264 151.2 9.83995 0.286125 22.952
362.4 159.6 10.1391 -0.0522214 21.5359
340.8 160.8 10.1303 0.0252218 21.7805
398.4 475.2 10.6597 1.83541 18.3845
919.2 440.4 7.52519 0.799192 22.8093
400.8 422.4 10.6999 1.38392 18.4942
325.2 193.2 10.053 0.225317 22.0255
357.6 190.8 10.0991 0.117881 21.6087
880.8 339.6 7.6481 0.466034 22.495
883.2 334.8 7.62856 0.432134 22.3932
808.8 295.2 7.85958 0.192183 21.4777
331.2 121.2 9.9684 -0.0283832 22.2922
794.4 283.2 7.93934 0.158361 21.56
170.4 92.4 9.93763 0.243323 23.3379
360 238.8 10.1973 0.29705 21.2293
386.4 334.8 10.2774 0.743342 20.3621
748.8 256.8 8.15597 -0.172701 20.264
718.8 246 8.37689 -0.440032 19.0206
819.6 204 7.90165 -0.19488 21.6956
133.2 256.8 9.71351 0.755353 23.6589
758.4 246 8.11521 -0.228613 20.3143
154.8 354 9.49704 0.97846 23.8094
811.2 181.2 7.93669 -0.393417 21.3514
709.2 343.2 8.3128 0.333609 19.2182
260.4 133.2 9.8417 0.237296 22.9974
679.2 288 8.61616 -0.12456 18.7133
414 276 10.5865 0.251159 19.2404
421.2 328.8 10.4536 0.620025 19.2253
216 229.2 9.75015 0.608406 23.2739
285.6 337.2 9.48737 0.87549 23.2322
170.4 210 9.83065 0.5888 23.3768
121.2 193.2 9.95167 0.575944 23.425
250.8 109.2 9.83153 0.185627 23.0972
46.8 73.2 10.2498 0.28043 23.4303
50.4 22.8 10.5871 0.0201478 23.0645
34.8 170.4 10.2336 0.552368 23.4089
38.4 118.8 10.2569 0.406958 23.4067
544.8 141.6 10.1179 -1.27901 18.014
571.2 187.2 10.1375 -1.30963 16.2825
591.6 108 9.62585 -1.44587 18.6187
445.2 63.6 9.9946 -0.752522 21.091
412.8 55.2 10.1174 -0.721282 21.2401
379.2 141.6 10.3205 -0.29269 20.987
436.8 136.8 10.4395 -0.692469 19.7962
225.6 546 9.2796 1.39312 23.7133
243.6 622.8 9.22232 1.57201 23.6534
328.8 440.4 9.45322 1.1886 22.8332
259.2 404.4 9.32961 1.05381 23.611
298.8 514.8 9.35546 1.38469 23.1814
292.8 445.2 9.40642 1.18594 23.2006
60 442.8 9.69952 1.2212 23.7817
51.6 362.4 10.0178 1.07313 23.4461
156 441.6 9.47865 1.17968 23.762
122.4 402 9.59022 1.10572 23.7455
40.8 457.2 9.6567 1.24649 23.8856
157.2 496.8 9.3929 1.28652 23.8511
498 562.8 9.17988 1.85712 20.9226
564 633.6 8.38751 1.28846 24.2091
474 681.6 8.56626 1.46482 24.0332
514.8 480 9.98201 1.8612 16.8915
862.8 142.8 7.85141 -0.255573 22.4896
818.4 140.4 7.934 -0.611452 21.3281
690 186 8.70958 -0.911713 18.8471
654 183.6 8.99586 -0.891875 18.7493
1149.6 262.8 7.37635 0.366708 23.8761
1138.8 212.4 7.41986 0.267426 23.8924
1256.4 274.8 7.24832 0.396886 24.0395
1072.8 352.8 7.40187 0.542529 23.6205
1040.4 282 7.33161 0.280356 23.1053
1118.4 78 7.4501 -0.0805945 23.7333
1149.6 58.8 7.39564 -0.128249 23.7561
1148.4 175.2 7.39463 0.174319 23.8553
1106.4 165.6 7.41756 0.0975601 23.6689
996 75.6 7.59163 -0.273535 23.2078
1032 156 7.5369 0.0537442 23.5137
1094.4 105.6 7.47642 -0.0304607 23.6785
664.8 535.2 8.35063 1.72406 19.4834
790.8 622.8 7.69923 1.63949 21.8909
834 458.4 7.70678 0.923209 22.3108
678 435.6 8.39517 1.02646 19.1208
662.4 518.4 8.40216 1.6602 19.0547
1015.2 636 7.44012 1.20674 23.6763
1226.4 472.8 7.26395 0.773462 24.0762
996 436.8 7.42561 0.76084 23.2559
978 387.6 7.48387 0.636463 23.2218
1006.8 496.8 7.53251 0.89984 23.7505
978 445.2 7.45328 0.789273 23.1789
1044 486 7.42941 0.8694 23.6661
731.52 393.12 8.1319 0.730668 22.0307
750.24 365.76 8.08109 0.600575 21.9504
178.56 456.48 9.42202 1.20243 23.7535
204.48 269.28 9.59901 0.74435 23.5252
182.88 264.96 9.63724 0.747371 23.5646
237.6 470.88 9.3007 1.21549 23.6979
217.44 478.08 9.32555 1.22909 23.7392
299.52 365.76 9.52794 0.960585 23.0139
312.48 136.8 10.1064 0.0225589 22.1366
308.16 144 10.1062 0.0576729 22.1582
829.44 341.28 7.74959 0.421769 21.7953
800.64 321.12 7.87627 0.34319 21.6439
164.16 63.36 9.96369 0.170218 23.3575
184.32 44.64 10.141 -0.000702381 23.0356
201.6 30.24 10.1071 -0.062827 23.0178
194.4 34.56 10.1477 -0.0537051 22.9834
223.2 275.04 9.56814 0.748106 23.4901
237.6 252 9.57455 0.674214 23.4334
419.04 223.2 10.5699 -0.130339 19.4166
1080 440.64 7.40177 0.758467 23.7614
185.76 332.64 9.47217 0.913175 23.7578
246.24 348.48 9.34471 0.922909 23.7057
244.8 326.88 9.45902 0.87496 23.5157
315.36 341.28 9.55263 0.870549 22.8816
388.8 181.44 10.5491 -0.244078 20.1535
848.16 230.4 7.79262 -0.0180157 22.0473
938.88 299.52 7.63159 0.400754 23.1874
920.16 305.28 7.60492 0.360858 22.8049
937.44 131.04 7.65413 -0.232078 22.8032
1065.6 466.56 7.41056 0.815806 23.7393
1098.72 447.84 7.3803 0.759664 23.7981
204.48 387.36 9.35777 1.02743 23.8262
192.96 385.92 9.41021 1.03318 23.7821
188.64 378.72 9.42021 1.01635 23.7922
925.92 491.04 7.4922 0.9588 22.8835
960.48 640.8 7.38395 1.34351 23.1221
954.72 616.32 7.29319 1.34154 22.7309
110.88 352.8 9.58281 0.992448 23.8422
164.16 133.92 9.86605 0.385371 23.4327
154.08 118.08 9.91465 0.345468 23.4137
256.32 267.84 9.61289 0.700608 23.2383
311.04 89.28 10.0465 -0.135498 22.3298
855.36 306.72 7.70284 0.285636 22.032
835.2 312.48 7.73263 0.267341 21.7063
99.36 254.88 9.76646 0.771064 23.7005
80.64 254.88 10.0245 0.76591 23.425
865.44 466.56 7.64049 0.922162 22.5969
129.6 110.88 9.98052 0.342204 23.4298
948.96 262.08 7.60695 0.276482 23.1573
982.08 234.72 7.5275 0.175312 23.1199
1084.32 367.2 7.39429 0.577873 23.6858
397.44 476.64 10.6316 1.82131 18.4833
696.96 275.04 8.53939 -0.315237 18.2038
159.84 262.08 9.6724 0.753457 23.611
80.64 105.12 10.1104 0.349976 23.4481
97.92 80.64 10.0845 0.278382 23.437
61.92 74.88 10.2276 0.26614 23.3922
407.52 436.32 10.5901 1.48727 18.5902
396 381.6 10.5599 1.05749 19.2006
789.12 315.36 7.93574 0.334081 21.6976
807.84 298.08 7.85754 0.19638 21.4987
832.32 283.68 7.79265 0.186192 21.8605
259.2 177.12 9.82782 0.375488 22.9613
362.88 159.84 10.3223 -0.140822 21.1105
341.28 161.28 10.1796 0.00574415 21.6646
727.2 260.64 8.29952 -0.274211 19.4205
753.12 250.56 8.14184 -0.21537 20.2748
718.56 244.8 8.41016 -0.608471 18.2231
918.72 440.64 7.52519 0.799192 22.8093
154.08 354.24 9.4982 0.980633 23.8116
169.92 334.08 9.49635 0.920343 23.7699
142.56 328.32 9.54648 0.920018 23.8025
190.08 148.32 9.80039 0.41 23.396
210.24 120.96 9.76468 0.322218 23.3854
184.32 128.16 9.8272 0.358796 23.4004
329.76 165.6 10.1976 0.0506788 21.7364
388.8 227.52 10.4494 0.0713149 20.28
429.12 257.76 10.7651 0.000880353 18.4739
417.6 244.8 10.8634 -0.0828415 18.5243
112.32 260.64 9.73834 0.775905 23.6932
171.36 92.16 9.92434 0.24694 23.359
139.68 87.84 9.97852 0.267032 23.4112
158.4 83.52 9.93475 0.241297 23.4066
156.96 66.24 9.94249 0.195788 23.4163
360 239.04 10.2074 0.299082 21.2103
361.44 223.2 10.2992 0.190292 21.0014
411.84 443.52 10.6873 1.57589 18.1488
806.4 214.56 7.94579 -0.166216 21.595
292.32 123.84 10.0231 0.0637977 22.4721
648 311.04 9.06963 -0.128239 16.2372
669.6 292.32 8.86576 -0.333864 16.6124
804.96 262.08 7.91791 0.0735095 21.6783
394.56 299.52 10.3881 0.496232 20.0604
385.92 334.08 10.348 0.73096 20.184
784.8 275.04 7.99395 0.145777 21.6444
774.72 341.28 7.97645 0.438768 21.5277
817.92 154.08 7.94058 -0.44382 21.6726
705.6 306.72 8.39832 0.0259425 18.8946
686.88 311.04 8.56111 -0.00696406 18.2028
393.12 264.96 10.4977 0.273465 19.9214
396 247.68 10.5224 0.149098 19.8906
420.48 326.88 10.4242 0.620653 19.3077
324 315.36 9.52021 0.783322 22.9442
280.8 279.36 9.53516 0.712691 23.2486
60.48 191.52 10.0896 0.606052 23.4771
174.24 194.4 9.82311 0.54634 23.3851
92.16 311.04 9.69713 0.905518 23.7731
180 181.44 9.84206 0.500122 23.3417
109.44 28.8 10.377 0.00696707 23.0653
89.28 115.2 10.1282 0.368849 23.3802
36 112.32 10.2543 0.393747 23.4268
144 180 9.91032 0.519818 23.4062
123.84 182.88 9.98255 0.53751 23.3796
620.64 234.72 9.51245 -0.885268 16.2953
620.64 233.28 9.29522 -0.65615 17.7587
565.92 218.88 10.3601 -1.16699 15.2848
483.84 217.44 10.9766 -0.773845 16.4612
495.36 69.12 9.69701 -0.756857 21.1363
344.16 97.92 10.2097 -0.28758 21.725
413.28 54.72 10.0824 -0.69262 21.3429
378.72 142.56 11.3783 -0.84942 18.5501
480.96 144 10.3514 -0.882368 19.0248
437.76 136.8 10.4841 -0.726185 19.6592
231.84 578.88 9.26176 1.4623 23.6972
184.32 593.28 9.30887 1.49017 23.7989
303.84 583.2 9.30677 1.59083 23.14
228.96 689.76 9.1669 1.69263 23.7799
190.08 665.28 9.28276 1.66033 23.7507
191.52 619.2 9.24791 1.5219 23.8548
308.16 675.36 9.1779 1.79065 23.2934
285.12 691.2 9.26037 1.87501 23.2198
309.6 650.88 9.2371 1.77567 23.1728
97.92 557.28 9.46435 1.42291 23.8978
103.68 586.08 9.44169 1.4895 23.8958
148.32 555.84 9.39889 1.42066 23.8238
72 691.2 9.47311 1.7306 23.8673
112.32 689.76 9.36723 1.70861 23.8885
146.88 619.2 9.34499 1.55049 23.8671
329.76 426.24 9.42532 1.13243 22.9433
260.64 403.2 9.32858 1.0536 23.6109
292.32 361.44 9.4493 0.94157 23.2328
250.56 509.76 9.20912 1.2798 23.7733
201.6 498.24 9.32855 1.27703 23.78
311.04 452.16 9.44461 1.22328 22.996
51.84 362.88 9.97943 1.06735 23.5022
122.4 401.76 9.50017 1.08769 23.8782
82.08 459.36 9.62438 1.24571 23.7889
156.96 496.8 9.3929 1.28652 23.8511
128.16 473.76 9.49849 1.255 23.8132
633.6 528.48 8.57727 1.72457 19.3616
565.92 658.08 8.59452 1.92623 22.1597
473.76 681.12 8.8224 1.90236 22.731
372.96 492.48 10.2933 1.78854 19.9426
943.2 270.72 7.62575 0.304185 23.1258
943.2 228.96 7.58382 0.119993 22.8788
672.48 257.76 8.85892 -0.652059 16.8902
704.16 191.52 8.57914 -0.886882 18.8296
940.32 165.6 7.62158 -0.107414 22.8194
689.76 185.76 8.69262 -0.86775 18.9658
689.76 116.64 8.63248 -0.784406 20.8172
1159.2 347.04 7.35926 0.550695 23.9426
1224 308.16 7.28765 0.464625 24.0295
1013.76 195.84 7.54444 0.140835 23.4408
982.08 233.28 7.56611 0.216442 23.2715
1072.8 352.8 7.40187 0.542529 23.6205
1039.68 285.12 7.3352 0.281509 23.0917
1117.44 77.76 7.47232 -0.0539762 23.7918
1149.12 59.04 7.39726 -0.117185 23.7648
1147.68 174.24 7.39462 0.173794 23.855
1228.32 113.76 7.32177 0.0710072 23.9856
996.48 74.88 7.59163 -0.273535 23.2078
973.44 167.04 7.58321 -0.0231298 23.1029
963.36 141.12 7.6085 -0.121091 23.051
1049.76 138.24 7.49948 -0.00691944 23.4855
832.32 535.68 7.69063 1.18387 22.4931
643.68 643.68 8.28513 1.78435 22.213
1238.4 649.44 7.20567 1.07865 24.1004
956.16 577.44 7.39386 1.18179 23.0213
1025.28 691.2 7.38062 1.33048 23.6516
1013.76 636.48 7.43798 1.20776 23.6761
1064.16 639.36 7.37508 1.18558 23.7756
1219.68 361.44 7.34333 0.59198 24.1453
1215.36 364.32 7.31008 0.579082 24.0643
996.48 437.76 7.44065 0.761527 23.3149
992.16 368.64 7.46383 0.571357 23.2288
1036.8 504 7.43547 0.904808 23.667
1042.56 485.28 7.42929 0.867322 23.6675
864 46.08 7.79555 -1.14865 21.3057
888.192 468.288 7.58977 0.905283 22.7812
169.344 383.616 9.41473 1.02796 23.8721
158.976 393.984 9.40629 1.06004 23.911
160.704 380.16 9.45434 1.03009 23.8387
739.584 345.6 8.15437 0.609817 22.8774
805.248 216 7.95757 -0.100354 21.8691
917.568 305.856 7.71879 0.455913 23.383
190.08 148.608 9.80039 0.41 23.396
209.088 120.96 9.76208 0.321675 23.4016
184.896 129.6 9.82115 0.35623 23.4113
347.328 285.12 10.5444 0.494741 20.4374
1088.64 381.888 7.40503 0.630175 23.754
1083.46 368.064 7.39373 0.577594 23.683
169.344 100.224 9.90264 0.283165 23.3862
364.608 190.08 10.3687 -0.027231 20.9102
395.712 298.944 10.5022 0.480572 19.7196
397.44 454.464 10.5167 1.59795 18.9408
407.808 435.456 10.5258 1.46858 18.7984
686.016 342.144 8.50438 0.283078 18.496
100.224 255.744 9.76705 0.77194 23.7005
789.696 316.224 7.93945 0.333623 21.7435
762.048 279.936 8.07726 0.0993268 21.0616
836.352 257.472 7.81683 0.102251 22.1182
715.392 276.48 8.35565 -0.193643 19.1881
779.328 340.416 7.96756 0.441478 21.6175
883.008 338.688 7.62863 0.443644 22.361
288.576 240.192 9.73136 0.553485 22.8652
803.52 273.024 7.89924 0.100545 21.5382
430.272 259.2 10.9309 -0.0538143 17.9973
419.904 326.592 10.3961 0.62256 19.4097
648 311.04 9.1307 -0.249338 15.4345
668.736 293.76 8.83552 -0.299104 16.9159
725.76 260.928 8.30281 -0.272006 19.4253
748.224 255.744 8.15961 -0.160014 20.3367
718.848 245.376 8.39953 -0.545962 18.5013
808.704 603.072 7.63968 1.5331 21.8949
260.928 133.056 9.83882 0.239211 22.9971
257.472 119.232 9.85023 0.19102 23.0048
324.864 193.536 10.0575 0.22814 22.0085
402.624 354.24 10.5391 0.841465 19.2783
732.672 293.76 8.20734 0.0497109 20.0603
810.432 181.44 7.93483 -0.379818 21.4166
817.344 155.52 7.9354 -0.507967 21.4442
933.12 430.272 7.50137 0.753205 22.8474
941.76 409.536 7.5629 0.700477 23.1953
138.24 257.472 9.71649 0.753457 23.6315
108.864 252.288 9.75631 0.7581 23.6863
400.896 229.824 10.8454 -0.0991771 18.9735
177.984 236.736 9.73844 0.665424 23.4623
338.688 267.84 10.1716 0.494636 21.4601
359.424 240.192 10.3113 0.271316 20.9635
153.792 355.968 9.49657 0.983318 23.814
392.256 266.112 10.4977 0.273465 19.9214
387.072 264.384 10.4505 0.298056 20.1399
775.872 236.736 8.03578 -0.237395 20.6268
763.776 243.648 8.0908 -0.228933 20.4701
67.392 76.032 10.2127 0.269405 23.3972
656.64 323.136 8.83926 0.0418259 17.2635
414.72 314.496 10.5122 0.536321 19.2574
442.368 290.304 10.8823 0.171447 17.589
255.744 267.84 9.60105 0.697044 23.2592
214.272 243.648 9.75134 0.646273 23.2636
245.376 231.552 9.78762 0.573206 23.0466
216 231.552 9.75772 0.60805 23.2583
222.912 286.848 9.55105 0.778224 23.5096
285.12 338.688 9.45975 0.877396 23.2877
324.864 316.224 9.51892 0.783531 22.9433
281.664 279.936 9.53358 0.713121 23.2485
58.752 259.2 10.0975 0.793568 23.4044
95.04 222.912 9.86061 0.688308 23.6241
95.04 340.416 9.66376 0.970202 23.7835
57.024 321.408 9.98908 0.957085 23.5055
98.496 311.04 9.63627 0.898831 23.832
158.976 309.312 9.52023 0.868518 23.7956
198.72 74.304 10.077 0.085538 23.0181
330.048 98.496 10.1205 -0.194676 22.0304
222.912 179.712 9.76857 0.454875 23.2646
70.848 57.024 10.2182 0.208513 23.3844
127.872 110.592 10.0027 0.336941 23.4041
34.56 171.072 10.1812 0.562307 23.4656
155.52 119.232 9.90437 0.357436 23.4192
133.056 127.872 9.92474 0.395654 23.4827
544.32 216 10.5383 -1.0934 15.5608
483.84 217.728 10.9498 -0.764202 16.5373
547.776 46.656 9.69827 -1.29918 20.1871
495.936 69.12 9.67648 -0.735216 21.2216
639.36 186.624 9.14602 -0.887935 18.5574
573.696 190.08 10.284 -1.43727 15.3962
463.104 79.488 9.82641 -0.645951 21.2229
378.432 143.424 10.4397 -0.344482 20.6921
231.552 580.608 9.26333 1.47602 23.6953
226.368 546.048 9.26946 1.38663 23.7362
302.4 584.064 9.30677 1.59083 23.14
302.4 528.768 9.29645 1.40053 23.2646
190.08 667.008 9.24377 1.63339 23.8346
307.584 673.92 9.21408 1.8202 23.1971
143.424 590.976 9.36774 1.48709 23.8715
167.616 559.872 9.39732 1.4363 23.7414
93.312 684.288 9.40746 1.69138 23.9051
79.488 634.176 9.48493 1.60977 23.8634
330.048 426.816 9.47482 1.1445 22.8154
292.032 361.152 9.44965 0.940708 23.2318
202.176 495.936 9.32927 1.26651 23.7793
241.92 457.92 9.2848 1.18363 23.7285
188.352 478.656 9.36103 1.23647 23.8053
298.944 514.944 9.32045 1.37389 23.2622
69.12 414.72 9.8519 1.19471 23.5513
36.288 361.152 10.0424 1.07294 23.4761
82.944 457.92 9.6237 1.24557 23.7891
38.016 457.92 9.6548 1.24742 23.8884
157.248 495.936 9.38557 1.27964 23.8527
127.872 475.2 9.45099 1.25162 23.8839
497.664 563.328 9.25484 1.91534 20.5757
335.232 539.136 9.36754 1.50925 22.8099
444.096 542.592 9.67956 1.9329 20.208
383.616 654.912 9.15258 1.88306 22.708
430.272 646.272 9.06489 1.89056 22.4819
552.96 513.216 9.30865 1.88119 18.5354
371.52 492.48 10.1974 1.74774 20.2079
943.488 271.296 7.64696 0.335265 23.2847
943.488 229.824 7.59933 0.137475 22.9554
672.192 259.2 8.85907 -0.640227 16.9609
767.232 210.816 8.10077 -0.433764 20.4222
727.488 222.912 8.35677 -0.567175 19.2587
941.76 165.888 7.62158 -0.107414 22.8194
691.2 117.504 8.63399 -0.792024 20.8048
762.048 129.6 8.22065 -0.853453 20.6468
1149.12 262.656 7.38407 0.369845 23.8991
1137.02 212.544 7.40804 0.253002 23.854
1218.24 305.856 7.26442 0.451438 23.9506
1014.34 195.264 7.53857 0.132845 23.4113
1074.82 229.824 7.4279 0.234513 23.5645
978.048 340.416 7.53085 0.512805 23.287
984.96 278.208 7.46162 0.271198 22.9748
1038.53 285.12 7.33579 0.278653 23.0771
1149.12 57.024 7.39367 -0.126846 23.7586
1147.39 174.528 7.39062 0.168752 23.8432
1116.29 148.608 7.40419 0.05938 23.6738
1009.15 146.88 7.55597 -0.0135442 23.369
853.632 540.864 7.61139 1.19742 22.5283
945.216 559.872 7.42882 1.13669 23.0036
834.624 665.28 7.58186 1.65962 22.3762
848.448 644.544 7.57099 1.54127 22.551
642.816 651.456 8.28733 1.82534 22.1548
855.36 383.616 7.64579 0.609899 22.0487
927.936 373.248 7.63782 0.619153 23.2773
817.344 523.584 7.68009 1.19077 22.0068
831.168 452.736 8.08244 0.875016 24.8399
926.208 490.752 7.49982 0.95008 22.9056
730.944 393.984 8.1375 0.727709 21.8462
661.824 520.128 8.38119 1.59943 19.658
1238.98 649.728 7.20503 1.08616 24.0987
955.584 577.152 7.39805 1.18194 23.0204
962.496 530.496 7.40837 1.03996 23.0436
948.672 649.728 7.41168 1.37742 23.1436
1138.75 421.632 7.35319 0.69742 23.9061
1152.58 445.824 7.31079 0.740137 23.8976
1228.61 520.128 7.25202 0.857591 24.0802
1228.61 480.384 7.27519 0.794249 24.111
1060.99 369.792 7.41182 0.576312 23.582
998.784 452.736 7.44199 0.79373 23.3413
1036.8 504.576 7.45989 0.903534 23.7413
667.699 294.451 9.01646 -0.584059 14.5325
912.384 474.854 7.53821 0.906206 22.867
87.0912 82.944 10.1182 0.286423 23.4321
167.962 99.5328 9.86478 0.289687 23.4405
170.035 91.2384 9.9072 0.253317 23.3884
159.667 74.6496 9.61813 0.331755 23.8375
215.654 348.365 9.41603 0.940145 23.7123
196.992 348.365 9.43115 0.942007 23.7576
773.453 255.053 8.034 -0.0214316 21.1645
114.048 250.906 9.74965 0.75432 23.6777
172.109 346.291 9.49299 0.940028 23.7672
153.446 356.659 9.49669 0.980878 23.8133
402.278 196.992 10.6413 -0.244707 19.6564
702.951 308.966 8.40292 0.0311255 18.9051
678.067 288.23 8.66961 -0.231447 17.8798
360.806 221.875 10.155 0.230045 21.353
414.72 315.187 10.0751 0.603381 20.4987
731.981 292.378 8.20613 0.11778 20.6326
111.974 111.974 10.0312 0.357306 23.4153
111.974 76.7232 10.0226 0.262556 23.4551
804.557 273.715 7.89738 0.103813 21.5538
810.778 248.832 7.88435 -0.0104634 21.5719
244.685 327.629 9.48597 0.876517 23.4651
230.17 292.378 9.52792 0.78637 23.4895
286.157 337.997 9.48359 0.876598 23.2325
323.482 315.187 9.51951 0.787869 22.9397
282.01 279.936 9.52243 0.704803 23.2664
99.5328 255.053 9.75262 0.770131 23.724
58.0608 259.2 10.0632 0.790861 23.4564
95.3856 223.949 9.9201 0.681559 23.5358
58.0608 236.39 10.2438 0.720266 23.2342
159.667 263.347 9.65279 0.75709 23.6448
178.33 236.39 9.73476 0.6645 23.4644
190.771 91.2384 9.8459 0.238279 23.3729
223.949 49.7664 9.85678 0.0728783 23.2542
282.01 97.4592 9.7079 0.146221 23.1663
184.55 128.563 9.79863 0.361359 23.4527
39.3984 111.974 10.2666 0.395558 23.402
89.1648 72.576 10.1204 0.25264 23.4336
163.814 60.1344 9.9761 0.155285 23.3465
76.7232 178.33 10.0607 0.56351 23.4589
105.754 128.563 10.0135 0.409136 23.4563
39.3984 116.122 10.2569 0.406958 23.4067
149.299 194.918 9.87606 0.564032 23.4159
165.888 132.71 9.86605 0.385371 23.4327
132.71 126.49 9.92474 0.395654 23.4827
620.006 234.317 9.47374 -0.85884 16.4652
350.438 240.538 10.2672 0.303651 21.1552
396.058 298.598 10.3074 0.511021 20.2684
545.357 101.606 9.98606 -1.37271 18.7923
495.59 68.4288 9.68256 -0.742333 21.1954
493.517 155.52 10.045 -0.663009 19.642
638.669 186.624 9.08055 -0.804354 19.014
574.387 190.771 9.8933 -1.04335 17.3986
472.781 70.5024 9.8054 -0.725695 21.1462
400.205 186.624 10.5954 -0.288124 19.8392
377.395 143.078 10.3793 -0.319058 20.8541
230.17 580.608 9.266 1.47189 23.6972
302.746 582.682 9.30247 1.5831 23.1632
188.698 665.626 9.24377 1.63339 23.8346
240.538 624.154 9.1727 1.53564 23.7701
308.966 671.846 9.21408 1.8202 23.1971
103.68 584.755 9.44312 1.49055 23.8984
99.5328 555.725 9.51043 1.44212 23.8189
147.226 576.461 9.34263 1.44819 23.9023
170.035 557.798 9.39666 1.43881 23.7419
136.858 564.019 9.42718 1.44882 23.8153
147.226 617.933 9.31475 1.53239 23.9109
219.802 408.499 9.33294 1.0715 23.7783
207.36 383.616 9.3619 1.01498 23.8061
329.702 425.088 9.47852 1.14401 22.8159
263.347 402.278 9.30303 1.04807 23.6611
325.555 371.174 9.49032 0.962265 22.8896
263.347 400.205 9.31433 1.04251 23.6378
201.139 495.59 9.32746 1.2676 23.7812
298.598 516.326 9.32415 1.3804 23.2433
292.378 443.75 9.40447 1.18796 23.2001
45.6192 420.941 9.8298 1.19928 23.6748
89.1648 369.101 9.59712 1.03799 23.8819
51.84 360.806 9.99454 1.06314 23.481
155.52 441.677 9.48275 1.18033 23.7603
122.342 400.205 9.46772 1.08173 23.929
80.8704 460.339 9.55137 1.23302 23.9061
39.3984 456.192 9.66252 1.24718 23.8726
157.594 495.59 9.39189 1.28465 23.8516
155.52 479.002 9.38668 1.24003 23.886
126.49 474.854 9.45001 1.24851 23.8891
491.443 588.902 9.10659 1.91602 21.2883
534.989 634.522 8.63938 1.70306 22.7445
564.019 653.184 8.55471 1.79431 22.5158
335.923 537.062 9.44938 1.55278 22.5903
423.014 586.829 9.47405 1.99126 21.2319
441.677 543.283 9.58563 1.87456 20.6003
335.923 638.669 9.28129 1.81971 22.8823
508.032 487.296 9.44531 1.62706 19.7072
408.499 487.296 10.3651 1.83115 19.0226
835.661 250.906 7.81075 0.0609096 22.039
912.384 244.685 7.64082 0.140926 22.6903
879.207 209.434 7.73204 -0.0252124 22.4303
866.765 358.733 7.69123 0.54144 22.5109
796.263 340.07 7.87455 0.434549 21.5688
833.587 313.114 7.74379 0.286016 21.6933
916.531 306.893 7.60594 0.362273 22.7984
904.09 300.672 7.63609 0.346782 22.7154
646.963 236.39 9.14977 -0.848624 16.7314
767.232 209.434 8.10069 -0.426726 20.4757
761.011 279.936 8.08885 0.179809 21.6118
858.471 141.005 7.83708 -0.309888 22.3116
816.999 155.52 7.93859 -0.525324 21.3466
941.415 163.814 7.62891 -0.0973762 22.8651
887.501 157.594 7.75078 -0.210267 22.4771
684.288 60.1344 8.7735 -1.25405 20.4156
686.362 184.55 8.70459 -0.888291 18.8925
673.92 122.342 8.74543 -0.79152 20.6327
744.422 120.269 8.32817 -0.875987 20.6495
1148.77 263.347 7.3901 0.372654 23.9196
1136.33 211.507 7.41924 0.267996 23.8929
1096.93 221.875 7.41059 0.234684 23.6645
1159.14 346.291 7.33451 0.534023 23.8838
1099.01 331.776 7.40788 0.513693 23.7892
980.813 234.317 7.52594 0.175597 23.1197
1076.2 238.464 7.46141 0.294975 23.6982
1072.05 228.096 7.42622 0.229479 23.5508
947.635 296.525 7.61773 0.398884 23.2127
1038.87 284.083 7.3318 0.281911 23.0977
1103.16 163.814 7.41197 0.0923432 23.6446
997.402 72.576 7.59313 -0.253301 23.2597
1011.92 194.918 7.5374 0.129749 23.3989
972.519 167.962 7.60918 0.0213155 23.2538
1007.77 145.152 7.54504 -0.0305389 23.3148
1030.58 159.667 7.53912 0.0664589 23.5331
831.514 576.461 7.60478 1.38651 22.0771
808.704 603.418 7.64139 1.53198 21.9232
831.514 530.842 7.72393 1.14696 22.6946
939.341 549.504 7.47524 1.09896 23.0687
833.587 663.552 7.56963 1.68096 22.2608
846.029 642.816 7.5722 1.54887 22.5007
904.09 615.859 7.45557 1.36847 22.7422
700.877 537.062 8.09917 1.66926 19.5819
642.816 642.816 8.29282 1.82401 22.0282
754.791 655.258 7.87618 1.67144 22.4415
790.042 622.08 7.69436 1.64917 21.8318
856.397 383.616 7.66994 0.611131 22.205
926.899 373.248 7.63596 0.618027 23.2729
864.691 466.56 7.73066 0.91714 23.1329
937.267 487.296 7.50102 0.934117 23.0563
879.207 514.253 7.55294 1.08082 22.5454
729.907 393.984 8.14112 0.715907 21.5218
1227.57 574.387 7.28473 0.948403 24.165
1202.69 564.019 7.28846 0.94775 24.1027
1163.29 678.067 7.28551 1.16922 24.0143
1237.94 649.037 7.21149 1.0859 24.1029
945.562 557.798 7.46002 1.12249 23.1284
953.856 617.933 7.29345 1.34343 22.73
1092.79 617.933 7.29543 1.13219 23.6961
1227.57 518.4 7.25171 0.857897 24.0811
1225.5 472.781 7.27862 0.777748 24.1104
1007.77 433.382 7.39733 0.746133 23.268
1034.73 503.885 7.45126 0.90518 23.716
862.618 45.6192 7.79397 -1.17751 21.222
78.7968 634.522 9.48414 1.60812 23.8637
796.263 338.412 7.8838 0.423545 21.5683
360.806 221.461 10.2326 0.205377 21.1612
686.776 308.552 8.57155 -0.0276848 18.1434
786.309 350.853 7.94442 0.527125 21.9095
803.727 273.715 7.8994 0.102584 21.5506
811.192 248.832 7.8736 -0.0598173 21.4063
806.216 258.785 7.92704 0.0931056 21.8349
656.917 320.993 8.83944 0.0421708 17.3065
79.6263 632.033 9.48551 1.60892 23.864
589.732 609.638 8.55867 1.78874 21.8006
1209.32 363.295 7.32351 0.590226 24.0768
552.407 510.106 9.22456 1.79609 19.0097
544.942 102.021 9.97791 -1.35864 18.8461
637.01 184.136 9.16979 -0.93094 18.3729
753.961 651.94 7.8343 1.77112 21.9848
189.112 669.358 9.25054 1.64234 23.8167
492.687 154.276 10.2976 -0.859247 18.8713
1069.98 358.318 7.4051 0.558443 23.6314
1037.63 283.669 7.34178 0.288145 23.091
1229.23 355.83 7.31701 0.571008 24.1288
104.509 584.755 9.44299 1.49129 23.8983
102.021 554.895 9.44365 1.41442 23.9192
689.265 116.951 8.65251 -0.838186 20.6524
763.914 119.439 8.23724 -0.901436 20.7128
744.008 119.439 8.33294 -0.901293 20.567
920.679 54.743 7.71763 -0.568685 22.5561
1082.42 199.066 7.41184 0.155478 23.5548
1226.74 517.571 7.25318 0.854447 24.0802
1172 490.199 7.27124 0.821282 23.9033
413.061 54.743 10.1044 -0.712672 21.2676
440.433 136.858 10.5238 -0.759161 19.5277
1186.93 126.904 7.36132 0.0726852 23.909
233.902 646.963 9.19485 1.61622 23.7297
238.879 624.568 9.1727 1.53564 23.7701
191.601 612.127 9.24665 1.5168 23.8623
641.987 641.987 8.30875 1.87311 21.9135
1147.12 171.694 7.39536 0.16515 23.8425
1102.33 161.741 7.41616 0.097285 23.6597
1114.77 149.299 7.40843 0.0616989 23.6686
308.552 669.358 9.22063 1.82858 23.172
303.575 599.685 9.23257 1.59182 23.3076
423.014 69.673 10.0597 -0.656023 21.2184
510.106 644.475 8.74587 1.8214 22.5533
686.776 184.136 8.73534 -0.937239 18.6822
656.917 181.647 8.92801 -0.836794 19.0781
674.335 121.928 8.73069 -0.743215 20.7919
1082.42 368.271 7.41936 0.589112 23.7643
542.454 216.484 10.5941 -1.11786 15.345
1201.86 544.942 7.30071 0.912901 24.1173
450.386 515.082 9.70885 1.80325 20.0481
415.549 442.921 10.7141 1.58804 17.8857
515.082 569.825 9.12139 1.89461 20.7435
554.895 552.407 8.42549 1.15002 24.2627
938.097 549.919 7.4596 1.11214 22.9758
1077.44 236.39 7.57972 0.378358 24.0357
1159.56 656.917 7.26597 1.14473 23.9633
1099.84 656.917 7.29408 1.19966 23.7661
92.0679 502.641 9.5221 1.32836 23.8656
79.6263 460.339 9.55915 1.23643 23.898
246.344 592.22 9.15388 1.45886 23.8325
204.042 564.849 9.28096 1.41973 23.7971
248.832 527.524 9.28608 1.37237 23.5982
761.426 365.783 8.02633 0.607957 22.0602
1020.21 637.01 7.46289 1.19313 23.757
159.253 495.176 9.3895 1.28307 23.8543
159.253 450.386 9.46791 1.19799 23.7741
151.788 450.386 9.43416 1.17259 23.8439
1132.19 211.507 7.40804 0.253002 23.854
1097.35 221.461 7.41312 0.235436 23.6647
141.834 589.732 9.37089 1.48604 23.8696
149.299 552.407 9.42255 1.42909 23.7888
619.592 233.902 9.53003 -0.897156 16.1953
564.849 218.972 10.3651 -1.15793 15.1139
803.727 365.783 7.83558 0.539142 21.707
1159.56 534.989 7.29798 0.910006 23.9435
1154.58 363.295 7.33446 0.572523 23.8938
303.575 579.779 9.30058 1.58706 23.1607
301.087 525.036 9.30586 1.40504 23.2342
1040.12 574.802 7.44783 1.05116 23.7665
1079.93 552.407 7.39614 0.984671 23.8577
238.879 457.851 9.2848 1.18363 23.7285
223.949 462.828 9.31287 1.19153 23.7406
121.928 400.62 9.48598 1.07595 23.8968
218.972 408.085 9.33294 1.0715 23.7783
263.762 398.131 9.3002 1.04176 23.6689
206.531 383.201 9.35908 1.01968 23.8228
997.816 72.1613 7.59006 -0.304959 23.1842
1040.12 482.734 7.43029 0.86676 23.6701
47.2781 420.526 9.84898 1.20184 23.6338
89.5795 368.271 9.85328 1.04791 23.5211
793.774 510.106 7.74851 1.17783 21.7079
948.05 651.94 7.38889 1.39231 23.0589
671.846 258.785 8.88085 -0.666001 16.8297
1097.35 330.947 7.40927 0.512294 23.7894
843.541 641.987 7.57426 1.55508 22.4448
1012.75 194.089 7.53437 0.118438 23.3792
423.014 248.832 10.7334 -0.0322875 18.7706
432.968 238.879 10.9477 -0.214542 17.9253
938.097 266.25 7.51882 0.169037 22.5564
878.377 209.019 7.73748 -0.0424575 22.3924
246.344 77.1379 9.92269 0.0601491 22.9962
223.949 52.2547 9.80888 0.0958386 23.3251
102.021 253.809 9.76207 0.770031 23.6936
94.5562 223.949 9.81268 0.692907 23.6953
400.62 196.577 10.4383 -0.17209 20.2583
340.9 161.741 9.61174 0.251565 22.8835
261.274 134.369 9.78643 0.260392 23.1103
878.377 515.082 7.5522 1.08677 22.5157
930.632 475.269 7.50287 0.899414 22.9416
1007.77 430.479 7.41203 0.735722 23.267
1002.79 360.806 7.45773 0.558591 23.3059
57.2314 320.993 9.98496 0.955535 23.5239
196.577 348.365 9.44649 0.936322 23.7363
231.414 291.133 9.5279 0.793935 23.5053
828.611 577.29 7.60387 1.37756 22.1555
980.398 233.902 7.573 0.226045 23.3157
943.073 228.925 7.58872 0.117871 22.8788
159.253 308.552 9.60277 0.875649 23.6701
266.25 408.085 9.48384 1.08516 23.2466
328.458 370.76 9.50489 0.960111 22.8494
296.11 383.201 9.44519 1.0119 23.2086
82.1146 64.6963 10.343 0.175544 23.1932
74.6496 54.743 10.2386 0.183138 23.3559
159.253 266.25 9.67481 0.767994 23.6108
144.323 258.785 9.67484 0.755455 23.6708
286.157 338.412 9.46245 0.879958 23.2804
323.482 316.017 9.53192 0.791982 22.9032
816.169 156.764 7.95083 -0.554843 21.2078
330.947 99.5328 10.0996 -0.184499 22.0837
997.816 447.898 7.4532 0.784905 23.3746
773.868 256.297 8.03354 -0.0125526 21.2163
766.403 206.531 8.1025 -0.437648 20.4498
179.159 114.463 9.82935 0.327306 23.4387
136.858 111.974 9.95387 0.337488 23.4305
918.19 353.341 7.66415 0.572418 23.1768
213.996 241.367 9.75259 0.645443 23.2637
243.855 231.414 9.83559 0.567984 22.9654
273.715 226.437 9.76308 0.533589 22.9294
925.655 373.248 7.59901 0.595193 23.0093
395.643 380.713 10.2504 1.03118 20.1086
413.061 313.528 10.4806 0.539852 19.3612
836.076 256.297 7.80558 0.0969027 22.0845
803.727 216.484 7.94986 -0.149101 21.658
418.038 323.482 10.4187 0.614926 19.3893
440.433 291.133 10.8423 0.187191 17.7628
1206.84 669.358 7.20775 1.14757 24.0289
860.959 47.2781 7.78173 -1.28644 20.95
1161.55 492.687 7.31435 0.835888 23.9591
1161.55 462.828 7.27894 0.76921 23.8881
310.542 647.959 9.23478 1.76741 23.1595
304.57 600.183 9.25001 1.60122 23.257
1012.25 194.089 7.53639 0.114543 23.3411
1206.34 564.351 7.28625 0.945645 24.0976
65.6917 415.052 9.84655 1.19444 23.573
89.5795 367.276 9.6259 1.03692 23.8363
656.917 182.145 8.98475 -0.887894 18.7816
1012.25 636.015 7.46067 1.19702 23.7451
1080.93 435.954 7.55301 0.766502 24.1493
1083.91 367.276 7.41877 0.590471 23.7564
1158.56 203.047 7.40266 0.260389 23.9475
1104.81 161.243 7.41616 0.097285 23.6597
1089.88 600.183 7.09043 1.14514 23.1907
564.351 217.977 10.3651 -1.15793 15.1139
582.267 271.725 10.6057 -1.07265 11.5988
615.113 235.893 9.5525 -0.838473 16.5695
1042.11 555.393 7.44992 1.01295 23.7689
89.5795 501.645 9.4797 1.30417 23.9457
77.6356 486.715 9.57252 1.29287 23.8632
101.523 444.912 9.54303 1.19721 23.8518
191.103 564.351 9.30956 1.42581 23.7983
146.313 576.295 9.36033 1.45371 23.8815
149.299 552.407 9.42064 1.42765 23.789
206.033 406.094 9.30293 1.06158 23.8722
203.047 364.29 9.44107 0.980714 23.7092
304.57 579.281 9.30251 1.57972 23.162
301.584 522.547 9.33327 1.41649 23.1916
797.258 510.603 7.73545 1.22727 21.5855
851.006 462.828 7.57962 0.919405 22.0542
812.188 441.926 7.75947 0.902913 22.0244
943.571 355.332 7.60697 0.563126 23.2428
994.333 283.669 7.45371 0.29574 23.0382
851.006 435.954 7.65371 0.831955 22.1962
856.978 385.192 7.66374 0.610129 22.1594
809.202 376.234 7.79647 0.563745 21.6989
1000.3 71.6636 7.61435 -0.217774 23.3756
970.445 170.201 7.5538 -0.0771937 22.8904
988.361 161.243 7.5411 -0.0733564 23.0362
958.501 146.313 7.60445 -0.138548 22.9592
1149.6 259.781 7.37481 0.346341 23.8603
212.005 558.379 9.30315 1.42297 23.7255
223.949 546.435 9.26368 1.38479 23.748
1036.14 504.631 7.58077 0.898731 24.0652
1125.72 379.22 7.38053 0.608651 23.8594
1086.9 382.206 7.40301 0.605484 23.7229
101.523 253.809 9.76073 0.767326 23.6985
62.7057 259.781 10.0565 0.786762 23.4452
95.5515 223.949 9.83167 0.692651 23.6595
56.7337 232.907 10.2577 0.710432 23.2386
182.145 477.758 9.33927 1.23232 23.8454
247.837 510.603 9.27753 1.30496 23.6368
238.879 456.856 9.31349 1.18748 23.6747
244.851 229.921 9.78311 0.56461 23.0762
1098.84 352.346 7.40636 0.556832 23.7888
1113.77 295.612 7.42416 0.45133 23.8639
692.748 259.781 8.60595 -0.48696 18.0491
656.917 238.879 9.10675 -0.872874 16.6238
937.599 549.421 7.46206 1.11096 22.9771
1095.86 534.491 7.38314 0.937654 23.8684
1089.88 444.912 7.40676 0.764158 23.8168
122.425 400.122 9.45753 1.0748 23.9501
161.243 379.22 9.45411 1.0277 23.8376
767.398 379.22 7.98578 0.655025 22.0486
728.58 394.15 8.14027 0.739587 21.9509
176.173 182.145 9.79974 0.514492 23.4274
167.215 131.383 9.87613 0.381021 23.4088
259.781 83.6076 9.8624 0.0890278 23.019
671.846 507.617 8.37369 1.60097 18.3385
904.753 618.099 7.4713 1.36354 22.7786
328.458 370.262 9.49925 0.965662 22.8574
295.612 382.206 9.48409 1.01088 23.1148
845.034 641.987 7.53592 1.5903 22.3724
791.286 621.085 7.69238 1.67102 21.7081
982.389 256.795 7.56172 0.278086 23.262
95.5515 74.6496 10.0933 0.262527 23.4359
853.992 540.463 7.59803 1.20421 22.3866
56.7337 322.486 9.99373 0.961533 23.505
92.5655 307.556 9.70034 0.897783 23.7601
489.701 217.977 10.8832 -0.749793 16.6189
331.444 98.5375 9.67334 0.0541889 22.9246
913.711 474.772 7.53894 0.905305 22.9526
865.936 468.8 7.62337 0.927723 22.4861
197.075 179.159 9.78419 0.489242 23.3738
259.781 134.369 9.78643 0.260392 23.1103
919.683 432.968 7.51445 0.772489 22.7402
925.655 373.248 7.63741 0.618812 23.2367
164.229 274.711 9.65161 0.780708 23.6073
158.257 265.753 9.67319 0.763719 23.6018
173.187 209.019 9.8208 0.580415 23.3749
1003.29 361.304 7.46068 0.547668 23.2744
997.319 444.912 7.42837 0.781711 23.2551
400.122 194.089 10.6131 -0.253361 19.7824
334.43 182.145 10.1126 0.127021 21.8232
280.683 137.355 9.97266 0.155117 22.6302
919.683 352.346 7.66264 0.570108 23.1771
812.188 179.159 7.93421 -0.418964 21.2768
185.131 125.411 9.85442 0.336682 23.3595
155.271 119.439 9.87222 0.350483 23.4736
585.253 432.968 10.3149 1.55601 9.94546
686.776 307.556 8.55057 -0.00958685 18.3922
746.496 340.402 8.10019 0.420964 21.2459
418.038 322.486 9.91115 0.65533 20.9012
438.94 292.626 10.8393 0.217785 17.9227
710.664 641.987 8.0165 1.77393 21.9127
1182.45 128.397 7.38191 0.0918342 23.9323
1071.97 358.318 7.40249 0.556717 23.6291
1077.94 235.893 7.45789 0.292166 23.6906
1161.55 265.753 7.37012 0.382443 23.9087
188.117 597.197 9.26785 1.48158 23.8598
80.6216 630.043 9.40173 1.54928 23.9963
104.509 585.253 9.40614 1.48435 23.9441
238.879 624.071 9.1727 1.53564 23.7701
456.856 149.299 10.4413 -0.736465 19.3553
1031.96 505.229 7.4389 0.90492 23.6648
1060.62 469.397 7.39969 0.814114 23.7011
813.382 372.651 7.79508 0.571161 21.8904
261.572 136.161 9.84437 0.24775 22.9963
207.825 480.146 9.33289 1.23901 23.7633
243.656 465.814 9.29127 1.21887 23.7051
236.49 455.064 9.33106 1.18774 23.6589
827.715 576.892 7.60704 1.39475 22.0466
802.633 555.393 7.69592 1.36739 21.7109
852.797 541.06 7.59891 1.19738 22.362
1132.29 404.9 7.38098 0.666409 23.9217
1121.54 379.817 7.38698 0.609956 23.8599
1082.12 369.068 7.40042 0.598644 23.7199
96.7459 75.2468 10.2537 0.215276 23.2283
85.9964 89.5795 10.107 0.308362 23.4473
161.243 379.817 9.44061 1.02012 23.8553
243.656 225.74 9.80329 0.566852 23.0231
214.991 236.49 9.74215 0.630593 23.2739
286.655 340.402 9.44965 0.886553 23.3093
544.644 218.574 10.5427 -1.05715 15.6415
508.812 218.574 10.72 -0.80172 16.4061
902.962 616.307 7.48014 1.35599 22.8702
154.077 193.492 9.87129 0.561293 23.4185
143.327 257.989 9.70397 0.748554 23.6277
175.576 232.907 9.7706 0.662963 23.3969
842.048 641.39 7.57704 1.55318 22.45
831.298 609.141 7.74738 1.34416 23.109
809.799 609.141 7.61727 1.57691 21.7377
834.881 508.812 7.64689 1.11079 22.151
795.466 508.812 7.74921 1.18368 21.6807
834.881 458.647 7.69136 0.917327 22.218
1096.45 272.322 7.3699 0.338105 23.5834
1132.29 214.991 7.42455 0.271339 23.8792
1078.54 236.49 7.47841 0.309202 23.7896
103.912 265.155 9.74246 0.797214 23.7161
96.7459 225.74 9.80823 0.694652 23.69
193.492 347.569 9.42115 0.941231 23.785
157.66 311.737 9.60404 0.875905 23.6702
214.991 340.402 9.39719 0.917217 23.7588
329.653 372.651 9.45217 0.966008 22.9777
293.821 383.4 9.24174 0.978162 23.6424
250.823 401.316 9.31604 1.04737 23.6733
214.991 408.483 9.36718 1.07426 23.7439
308.154 78.83 10.0675 -0.174099 22.358
397.733 193.492 10.6158 -0.261136 19.7841
422.815 250.823 10.8343 -0.0551528 18.4991
967.459 171.993 7.60966 0.0238177 23.2397
963.876 644.973 7.37897 1.34528 23.1408
978.209 236.49 7.53254 0.149944 23.096
154.077 476.563 9.41037 1.2434 23.8532
161.243 447.898 9.48043 1.178 23.7288
677.221 490.896 8.26978 1.27805 21.2008
974.625 429.982 7.47325 0.743919 23.2053
1003.29 361.901 7.46909 0.54572 23.3436
988.958 512.395 7.40752 0.959665 23.2461
214.991 103.912 9.763 0.265305 23.394
283.071 279.488 9.47942 0.715536 23.3467
888.629 408.483 7.59114 0.705997 22.6223
920.878 372.651 7.60897 0.601524 23.0502
892.212 369.068 7.63776 0.589697 22.7199
931.627 472.98 7.50444 0.89837 22.9418
920.878 351.152 7.65613 0.555091 23.1245
902.962 300.987 7.63315 0.344304 22.7068
197.075 75.2468 10.0768 0.0820624 23.0145
741.719 340.402 8.09748 0.444644 21.5277
419.232 322.486 10.1633 0.62575 20.1991
627.057 429.982 8.98979 1.13265 16.5315
584.059 433.565 9.8902 1.4494 13.192
637.806 333.236 9.05968 0.169889 16.8732
637.806 297.404 9.3593 -0.511038 14.374
1064.2 376.234 7.42464 0.615237 23.6548
1010.46 637.806 7.46017 1.20459 23.7091
1074.95 541.06 7.39149 0.980056 23.7903
1203.95 644.973 7.18355 1.10756 23.9361
1200.37 548.227 7.28594 0.914325 24.0832
720.219 444.315 8.13312 0.93679 21.947
709.47 637.806 8.0165 1.77393 21.9127
709.47 555.393 8.07986 1.41702 22.0417
1010.46 193.492 7.53778 0.121001 23.3768
1057.04 132.578 7.49369 -0.0189646 23.513
999.708 71.6636 7.60715 -0.234029 23.3429
1110.79 75.2468 7.4373 -0.128829 23.6183
1071.37 358.318 7.41089 0.559107 23.6396
1071.37 229.324 7.42069 0.22169 23.5241
1160.95 343.985 7.36274 0.545284 23.9718
1150.2 257.989 7.39077 0.367248 23.9146
673.638 118.245 8.74543 -0.79152 20.6327
795.466 121.828 8.08625 -0.962283 20.59
125.411 369.068 9.47755 1.00846 23.9464
139.744 591.225 9.37317 1.48816 23.8612
78.83 630.64 9.41439 1.55951 23.9725
103.912 584.059 9.44076 1.48962 23.8972
304.57 598.391 9.29071 1.62264 23.1656
300.987 523.145 9.35081 1.38664 23.1852
218.574 548.227 9.26368 1.38479 23.748
469.397 68.0805 9.78208 -0.684344 21.32
576.892 189.909 10.336 -1.49941 15.1089
537.477 182.742 10.2111 -1.07223 17.4293
382.684 150.494 10.3399 -0.26927 20.8962
606.274 429.982 9.2851 1.22416 15.2936
765.368 378.384 8.00634 0.648791 21.8566
726.669 395.583 8.16414 0.737497 21.7489
275.188 335.386 9.46966 0.884545 23.3366
851.364 537.477 7.57886 1.21058 22.2138
812.666 606.274 7.62871 1.55661 21.8323
868.563 245.09 7.72793 0.102724 22.4753
1031.96 503.079 7.46859 0.904723 23.7433
1109.35 490.179 7.36123 0.854663 23.8416
1117.95 464.38 7.36077 0.789737 23.8515
206.391 477.28 9.34813 1.23705 23.7359
159.093 116.095 9.86656 0.349545 23.4772
197.792 81.6965 10.0813 0.0823121 23.013
176.293 94.596 9.90888 0.248032 23.3749
214.991 404.183 9.35346 1.07374 23.7472
533.177 275.188 10.5329 -0.454978 15.7129
546.077 219.291 10.1815 -0.76447 17.1454
967.459 171.993 7.61475 0.0213622 23.1869
958.859 146.194 7.60374 -0.150315 22.9412
103.196 343.985 9.57068 0.952885 23.9009
111.795 305.287 9.67718 0.884278 23.7375
679.371 455.781 8.31499 1.11582 20.25
890.062 408.483 7.60991 0.708057 22.6996
971.759 421.382 7.48044 0.716184 23.2188
150.494 193.492 9.86838 0.562448 23.4185
765.368 335.386 8.03202 0.471666 21.8426
825.565 193.492 7.89891 -0.303898 21.6425
1092.15 537.477 7.38286 0.942549 23.8698
253.689 94.596 9.90224 0.111535 22.9963
214.991 103.196 9.76261 0.262986 23.3944
227.89 283.788 9.53195 0.770159 23.5267
279.488 245.09 9.72625 0.575591 22.9254
245.09 223.591 9.83037 0.556589 22.9842
696.57 429.982 8.22545 0.921908 23.4686
649.273 421.382 8.62457 0.989835 19.0768
915.861 477.28 7.53063 0.914284 22.8352
920.161 447.181 7.5125 0.823327 22.6411
920.161 348.285 7.76175 0.607985 23.7019
988.958 554.677 7.36905 1.09365 23.2301
937.36 546.077 7.46474 1.10689 22.9914
993.258 511.678 7.42693 0.956544 23.3189
941.66 520.278 7.44811 0.998705 22.962
941.66 481.58 7.48513 0.91923 23.0108
408.483 270.889 10.7363 0.205713 18.9739
937.36 270.889 7.64424 0.290649 23.0341
434.282 288.088 10.6546 0.242116 18.4946
1066.35 374.084 7.43041 0.604287 23.6687
1156.65 365.485 7.54673 0.649101 24.3824
1010.46 632.073 7.46316 1.20057 23.7134
954.56 619.174 7.29065 1.34777 22.7303
1014.76 567.576 7.47355 1.06616 23.7035
1087.85 597.675 7.35733 1.0808 23.8292
855.664 391.283 7.65695 0.615189 22.1985
709.47 632.073 8.01827 1.75358 21.983
709.47 550.377 8.08721 1.42571 21.9716
907.262 614.874 7.44951 1.37705 22.7546
1014.76 193.492 7.53503 0.113675 23.3979
1057.76 128.995 7.49772 -0.0168226 23.5102
1148.05 206.391 7.39232 0.243248 23.856
1105.05 159.093 7.4226 0.0985921 23.6838
997.558 348.285 7.48975 0.526467 23.2986
1066.35 232.19 7.42035 0.224143 23.5107
1173.85 352.585 7.34542 0.55622 23.9599
1079.25 236.49 7.4611 0.289804 23.7103
761.068 124.695 8.23182 -0.851608 20.7456
675.071 116.095 8.71424 -0.747077 20.8729
864.263 128.995 7.8719 -0.240108 22.6845
202.091 361.185 9.42265 0.973586 23.7416
124.695 395.583 9.45753 1.0748 23.9501
249.389 477.28 9.25722 1.22092 23.7199
296.687 378.384 9.45167 0.993213 23.2166
81.6965 627.773 9.47628 1.59289 23.8815
171.993 554.677 9.39669 1.43527 23.723
305.287 597.675 9.28953 1.62667 23.1627
236.49 627.773 9.19548 1.54865 23.7243
219.291 546.077 9.33599 1.40601 23.6346
442.881 137.594 10.5394 -0.801362 19.3659
580.475 189.192 10.3172 -1.52079 15.07
81.6965 107.495 10.1084 0.35746 23.4503
335.386 180.592 10.0322 0.168882 22.0269
189.192 339.686 9.46211 0.936043 23.7538
706.89 469.54 8.13437 1.10101 21.5101
913.281 479.86 7.51647 0.920308 22.7171
294.108 247.67 9.66483 0.567553 23.0002
175.433 232.19 9.73069 0.66899 23.4719
206.391 211.551 9.74905 0.561773 23.2994
180.592 165.113 9.78962 0.455274 23.4428
753.328 340.546 8.03761 0.483534 21.9031
737.849 257.989 8.21476 -0.240615 19.899
722.369 237.35 8.46646 -0.780452 17.9034
820.405 190.912 7.89996 -0.210004 21.9838
835.885 510.818 7.60673 1.13273 21.9475
882.323 273.468 7.6556 0.179547 22.1061
283.788 283.788 9.48036 0.725523 23.3437
232.19 252.829 9.57532 0.683082 23.458
1099.03 469.54 7.38738 0.808169 23.8492
1073.23 479.86 7.40918 0.836817 23.7694
691.411 304.427 8.57122 -0.0305605 18.2472
820.405 340.546 7.76509 0.397237 21.546
784.287 356.025 7.95155 0.544684 21.9879
665.612 273.468 8.87633 -0.458393 17.0077
655.292 237.35 9.11999 -0.924044 16.4082
933.921 273.468 7.61901 0.27909 22.8738
825.565 242.51 7.84458 0.0191385 21.9164
799.766 227.03 7.94433 -0.125191 21.6953
1037.12 479.86 7.47416 0.857267 23.778
1006.16 423.102 7.41119 0.708114 23.2693
1026.8 505.659 7.44071 0.915498 23.6167
933.921 552.097 7.44809 1.11875 22.9462
1093.87 541.777 7.38286 0.942549 23.8698
717.21 443.741 8.14506 0.920842 23.181
722.369 397.303 8.1555 0.786799 22.1158
841.044 448.901 7.68421 0.913125 22.0227
810.086 371.504 7.79153 0.556033 21.6462
675.931 500.499 8.30602 1.43353 19.4384
964.879 175.433 7.61422 0.0255344 23.2142
959.719 144.474 7.60374 -0.150315 22.9412
1104.19 159.953 7.4157 0.0800406 23.6313
1057.76 128.995 7.49772 -0.0168226 23.5102
918.441 314.747 7.57807 0.369374 22.6115
1176.43 356.025 7.33174 0.556129 23.9807
1083.55 232.19 7.43972 0.266816 23.6485
644.973 180.592 9.11875 -0.914884 18.6108
758.488 123.835 8.26924 -0.930534 20.4656
872.003 206.391 7.88376 0.246505 23.4876
861.684 128.995 7.81655 -0.422747 22.1279
247.67 479.86 9.24624 1.21712 23.7489
216.711 546.937 9.33599 1.40601 23.6346
242.51 510.818 9.25969 1.2984 23.6931
536.617 175.433 10.4648 -1.25862 16.6232
154.793 118.675 9.87647 0.347817 23.4627
330.226 98.0359 10.0894 -0.206003 22.0546
257.989 139.314 9.83775 0.241677 22.9969
185.752 340.546 9.45674 0.929853 23.7894
113.515 304.427 9.67536 0.879474 23.7253
309.587 328.162 9.59167 0.83155 22.8881
414.846 291.012 10.6088 0.34836 19.0783
402.463 266.245 10.1022 0.349681 20.7894
433.422 229.094 10.9788 -0.317627 17.9951
829.693 526.298 7.62987 1.22398 21.6971
798.734 526.298 7.73047 1.25577 21.7275
916.377 371.504 7.63963 0.625154 23.1944
1040.21 476.764 7.21009 0.834395 23.0126
978.295 241.478 7.53389 0.146043 23.092
210.519 402.463 9.34078 1.06642 23.8005
185.752 396.271 9.40421 1.0703 23.7957
216.711 377.696 9.38534 1.00631 23.7453
334.354 427.23 9.14873 1.06819 23.5832
557.256 421.038 9.89882 1.32389 15.1512
569.64 247.67 9.21395 0.103229 20.5572
749.2 284.82 8.14211 0.207818 21.423
1157.86 538.681 7.28181 0.924559 23.9359
334.354 371.504 9.56703 0.96679 22.6103
371.504 359.121 9.81094 0.846666 21.8042
829.693 241.478 7.89838 0.139278 22.4915
990.678 377.696 7.45404 0.581018 23.1235
1157.86 464.38 7.30886 0.751407 23.9021
1083.55 451.997 7.40117 0.770919 23.7539
1157.86 371.504 7.3794 0.604795 24.0108
681.091 439.613 8.32379 1.01156 20.7796
705.858 551.065 8.14664 1.5015 21.3588
965.911 173.369 7.62349 0.0136603 23.1011
996.87 160.985 7.59252 0.0210585 23.3914
959.719 142.41 7.60934 -0.13764 22.9192
1126.9 222.903 7.40908 0.25914 23.7784
996.87 340.546 7.48528 0.53149 23.272
922.569 346.737 7.67306 0.558955 23.3196
928.761 278.628 7.66588 0.332234 23.2253
1083.55 229.094 7.42551 0.243169 23.6043
681.091 117.643 8.73077 -0.84761 20.6254
526.298 476.764 9.83743 1.84375 17.0393
179.56 476.764 9.39119 1.23636 23.7655
123.835 396.271 9.59218 1.09443 23.7695
297.203 371.504 9.51223 0.99051 23.0562
235.286 588.215 9.21568 1.46185 23.7543
334.354 532.49 9.36198 1.48293 22.8117
241.478 507.723 9.33554 1.32304 23.529
470.572 210.519 11.0655 -0.75683 16.6611
489.147 148.602 10.5238 -1.01943 18.3611
582.023 185.752 10.1056 -1.38142 16.0373
427.23 315.779 10.8827 0.475327 17.9097
179.56 160.985 9.65309 0.495187 23.671
272.436 173.369 9.77923 0.347725 23.0121
247.67 130.027 9.39361 0.43609 23.8387
173.369 229.094 9.58201 0.683598 23.7496
130.027 260.053 9.7245 0.791295 23.6602
637.749 507.723 8.6075 1.64547 18.9853
371.504 501.531 9.15115 1.33155 23.2087
743.009 289.773 8.16726 0.167463 21.1688
795.019 527.536 7.73047 1.25577 21.7275
832.17 505.246 7.71943 1.08133 22.874
876.75 468.095 7.62043 0.927552 22.8728
921.331 445.805 7.54003 0.816168 22.978
222.903 282.343 9.49743 0.776326 23.6041
185.752 297.203 9.85865 0.776969 23.1578
230.333 252.623 10.1409 0.671608 22.4883
668.708 267.483 8.82168 -0.446969 17.3674
861.89 341.784 7.67631 0.351638 21.9062
408.655 289.773 10.3779 0.395938 19.7824
1003.06 423.515 7.53595 0.742687 23.7158
1077.36 453.235 7.41071 0.772404 23.8199
1092.22 364.074 7.39119 0.55776 23.7268
1025.35 572.117 7.47549 1.06968 23.7706
951.051 490.386 7.64073 0.911941 23.716
1092.22 542.396 7.39704 0.939922 23.9272
809.879 453.235 7.75362 0.921991 21.8547
861.89 393.795 7.66223 0.642282 22.4374
809.879 371.504 7.82224 0.595466 22.1442
869.32 497.816 7.60409 1.04177 22.7856
958.481 178.322 7.63812 0.0122453 23.0334
1077.36 230.333 7.44112 0.267339 23.6472
1099.65 156.032 7.41727 0.0844453 23.6381
1077.36 148.602 7.43182 0.0273263 23.5246
995.632 341.784 7.50415 0.518541 23.4041
809.879 193.182 8.00131 -0.269476 21.5542
861.89 245.193 7.70599 0.0356349 22.1384
178.322 475.526 9.33702 1.22533 23.8864
141.172 393.795 9.45872 1.05606 23.8673
312.064 460.665 9.40181 1.25118 23.0645
289.773 371.504 9.51223 0.99051 23.0562
200.612 564.687 9.34327 1.42514 23.7172
334.354 534.966 9.25231 1.42839 23.1402
297.203 520.106 9.35124 1.38307 23.1802
468.095 215.473 10.8308 -0.632509 17.5211
453.235 141.172 10.5851 -0.849881 19.1082
579.547 200.612 10.0472 -1.01904 16.134
549.826 230.333 10.2193 -0.805284 16.3354
534.966 170.892 10.2712 -1.1258 17.5189
549.826 297.203 10.4799 -0.387136 14.1568
170.892 230.333 9.71904 0.665386 23.5028
274.913 208.042 9.76444 0.476012 22.9345
193.182 356.644 9.38405 0.966585 23.8439
267.483 334.354 9.52642 0.874957 23.2433
927.275 454.721 7.54003 0.816168 22.978
1025.35 517.134 7.32477 0.957078 23.2146
240.735 436.889 9.41633 1.10388 23.4856
383.392 338.812 10.2719 0.757572 20.483
329.896 320.98 9.49984 0.788442 22.9532
847.03 445.805 7.65111 0.83265 22.4521
222.903 258.567 9.59132 0.686697 23.4385
918.359 374.476 7.64914 0.613538 23.0469
918.359 543.882 7.45297 1.10978 22.9461
1096.68 543.882 7.40613 0.961524 23.9757
713.288 392.309 8.22679 0.769441 21.3075
695.456 543.882 8.19447 1.49335 21.184
802.449 534.966 7.73619 1.27185 21.7527
873.778 490.386 7.61354 1.0252 22.5946
954.023 178.322 7.65704 0.0436257 23.1097
1087.76 231.819 7.48379 0.305128 23.8127
989.688 267.483 7.55652 0.308648 23.3791
641.96 178.322 8.96171 -0.834915 19.3347
668.708 267.483 8.7493 -0.267474 18.7753
775.701 267.483 8.00887 -0.0098482 20.9972
526.05 481.47 8.64018 1.13372 23.4862
187.238 454.721 9.48198 1.22123 23.5522
249.651 410.141 9.34164 1.08221 23.6431
338.812 427.973 9.35989 1.12079 23.093
312.064 463.637 9.30985 1.27051 23.2603
294.231 374.476 9.41057 0.971831 23.3205
205.07 543.882 9.42884 1.45069 23.4811
178.322 472.554 9.3579 1.22894 23.851
526.05 196.154 8.99218 0.188979 22.7936
597.379 285.315 9.40918 -0.192731 17.9056
543.882 276.399 9.79151 -0.149057 17.9929
169.406 231.819 9.86508 0.617978 23.2861
294.231 249.651 9.62994 0.655908 23.0167
383.392 169.406 10.3681 -0.233911 20.7413
294.231 178.322 9.64453 0.430581 23.1242
196.154 356.644 9.68873 0.948727 23.3129
267.483 329.896 9.84655 0.813759 22.6594
