262 774 -6.65032 -2.25891 32.0254
185 689 -6.30495 -2.43871 32.0168
106 639 -6.17299 -2.51832 31.9634
576 158 -9.99514 -4.31251 32.0442
336 832 -7.25279 -2.03459 31.996
1630 380 -13.0294 -4.41911 39.2279
126 762 -7.46377 -2.14139 31.494
315.6 852 -6.97247 -2.05592 32.0342
361.2 811.2 -7.43918 -2.04462 32.0022
336 831.6 -7.29693 -2.03412 31.9911
470.4 740.4 -8.58057 -2.06206 32.0258
144 837.6 -6.164 -2.25022 32.0323
105.6 639.6 -6.14932 -2.52024 31.9717
460.8 718.8 -8.62149 -2.12603 31.9927
243.6 684 -6.61609 -2.41876 31.9947
339.6 634.8 -7.2397 -2.46152 31.9824
408 144 -8.94669 -4.00432 31.6249
650.4 286.8 -13.4424 -4.45268 32.1418
771.6 250.8 -11.8219 -4.43029 32.9054
510 276 -12.4742 -4.25864 31.384
444 930 -6.94729 -1.9149 32.2915
157.2 1002 -6.32145 -1.97961 32.0086
1341.6 300 -6.985 -3.35055 34.1119
1894.8 241.2 -8.46839 -4.13581 36.9811
1348.8 573.6 -8.37485 -2.7702 34.8398
360 534.24 -9.33749 -2.67724 31.4751
384.48 743.04 -7.7435 -2.15561 31.9738
335.52 830.88 -7.23465 -2.04537 32.0012
430.56 390.24 -8.24228 -3.11267 31.9093
145.44 836.64 -6.22661 -2.23801 32.0109
1810.08 181.44 -8.41394 -4.30916 36.565
106.56 696.96 -6.10617 -2.44811 31.9967
446.4 708.48 -8.5487 -2.1595 31.9498
433.44 672.48 -8.36423 -2.29018 31.9456
408.96 499.68 -8.41193 -2.79332 31.8419
339.84 635.04 -7.23898 -2.46325 31.9842
331.2 380.16 -7.41767 -3.02405 31.8738
936 486.72 -9.28319 -3.00549 33.5581
475.2 228.96 -11.1754 -4.22206 31.4252
804.96 515.52 -7.82501 -2.80243 32.9798
767.52 466.56 -6.02576 -2.81579 32.8306
948.96 472.32 -9.62904 -3.07962 33.6556
581.76 158.4 -10.0591 -4.32808 32.0471
424.8 1005.12 -6.2829 -1.98577 32.3888
1121.76 103.68 -8.49536 -4.28452 33.9791
1630.08 380.16 -13.0236 -4.41894 39.224
1500.48 498.24 -6.57312 -2.89827 34.2767
1524.96 197.28 -10.0535 -4.65962 36.464
1342.08 541.44 -7.14364 -2.81976 34.2214
1162.08 701.28 -6.85373 -2.44086 33.7
361.152 551.232 -7.54609 -2.64316 31.9311
124.416 404.352 -6.20495 -2.84477 31.9487
93.312 722.304 -6.02031 -2.42507 32.0185
428.544 388.8 -8.16915 -3.10575 31.9092
257.472 544.32 -6.66955 -2.65046 31.9865
321.408 388.8 -7.08984 -2.96769 31.9425
63.936 710.208 -5.95995 -2.44559 32.0098
361.152 725.76 -7.31884 -2.25738 32.0164
145.152 836.352 -6.2991 -2.22377 31.9877
177.984 817.344 -6.36633 -2.24147 32.0008
105.408 641.088 -6.16078 -2.51908 31.9677
445.824 708.48 -8.64885 -2.14928 31.931
483.84 696.384 -8.54101 -2.19334 32.0659
594.432 528.768 -13.6613 -2.80925 31.8769
433.728 641.088 -8.47888 -2.37432 31.9291
423.36 539.136 -8.3597 -2.68164 31.8966
399.168 494.208 -8.23601 -2.80334 31.8482
936.576 487.296 -9.61969 -3.01642 33.6009
407.808 143.424 -8.97714 -4.02787 31.6187
463.104 214.272 -10.6451 -4.18613 31.4768
955.584 459.648 -9.38064 -3.13418 33.6265
563.328 355.968 -15.708 -4.23849 31.3015
563.328 468.288 -12.7645 -3.17389 31.7288
848.448 209.088 -7.07561 -3.45573 33.0005
516.672 283.392 -12.8405 -4.27333 31.3693
122.688 1031.62 -6.13051 -1.99824 32.0379
136.512 948.672 -6.1485 -2.10416 32.0378
468.288 739.584 -8.1292 -2.12815 32.099
1482.62 374.976 -13.3465 -4.39723 38.2375
1522.37 285.12 -9.64883 -4.13344 36.1951
1627.78 1012.61 -6.30396 -1.98743 34.4048
597.197 476.928 -13.5093 -3.16167 31.8637
561.946 468.634 -12.5974 -3.14388 31.7437
207.36 798.336 -6.5516 -2.2347 31.975
364.954 396.058 -7.4763 -3.00538 31.932
188.698 723.687 -6.46684 -2.36667 31.9707
151.373 696.73 -6.36939 -2.42149 31.9544
883.354 557.798 -9.49163 -2.73711 33.3974
228.096 570.24 -6.5971 -2.61139 31.9609
1047.17 485.222 -10.0782 -3.11458 34.1622
105.754 765.159 -6.05461 -2.36451 32.0234
433.382 642.816 -8.43912 -2.37651 31.9339
908.237 518.4 -8.67632 -2.8632 33.3661
445.824 707.098 -8.74627 -2.13943 31.9145
483.149 696.73 -8.7505 -2.17555 32.0358
897.869 491.443 -9.82522 -3.02668 33.476
437.53 476.928 -8.47059 -2.87209 31.8983
393.984 551.578 -7.84804 -2.64679 31.9331
483.149 526.694 -8.79524 -2.73309 31.9833
329.702 464.486 -7.19574 -2.83004 31.9416
329.702 62.208 -8.92699 -4.24201 31.3762
387.763 64.2816 -8.11194 -3.98857 31.7576
464.486 215.654 -10.8686 -4.21822 31.4293
949.709 429.235 -9.61941 -3.25168 33.6404
771.379 250.906 -11.9103 -4.44833 32.9088
848.103 209.434 -7.00368 -3.43901 32.9941
580.608 157.594 -10.4283 -4.4311 31.9975
510.106 275.789 -11.865 -4.17178 31.4895
437.53 700.877 -8.87629 -2.14429 31.8682
1376.87 354.586 -10.577 -3.93718 35.9881
1028.51 472.781 -9.43963 -3.0959 33.9425
1358.21 116.122 -8.86975 -4.49646 35.0148
1627.78 379.469 -12.8873 -4.3847 39.1065
1499.21 497.664 -6.67318 -2.90609 34.3327
1486.77 91.2384 -8.9634 -4.68781 35.5899
1522.02 286.157 -9.64883 -4.13344 36.1951
1526.17 561.946 -6.87109 -2.78344 34.5155
1573.86 750.643 -5.71915 -2.51049 33.8668
427.991 388.178 -8.28717 -3.12228 31.8902
445.409 706.683 -8.99975 -2.12615 31.8734
467.804 686.776 -8.87346 -2.20252 31.9698
343.388 634.522 -7.21124 -2.46659 31.9912
266.25 388.178 -6.8417 -2.93916 31.9299
313.528 457.851 -7.09869 -2.82951 31.9469
895.795 485.222 -9.68219 -3.03511 33.4298
846.029 490.199 -7.99462 -2.89227 33.0962
440.433 659.405 -8.4363 -2.32195 31.952
415.549 544.942 -8.21503 -2.66189 31.9062
395.643 552.407 -7.84804 -2.64679 31.9331
333.435 522.547 -7.58451 -2.70911 31.8649
293.622 238.879 -11.5334 -4.16211 30.5002
174.182 154.276 -9.27173 -3.96667 30.782
908.237 517.571 -8.67632 -2.8632 33.3661
848.517 437.944 -8.2053 -3.05738 33.105
848.517 209.019 -8.51076 -3.84314 33.1066
512.594 276.204 -11.7981 -4.15938 31.4983
646.963 283.669 -13.0039 -4.39727 32.1417
639.498 221.461 -12.3676 -4.61925 32.1364
335.923 828.611 -7.15655 -2.06464 32.017
273.715 544.942 -6.75913 -2.65394 31.985
360.806 724.101 -7.28712 -2.26494 32.0214
432.968 674.335 -8.54181 -2.26092 31.9088
567.337 962.98 -6.61477 -1.95804 32.5637
644.475 629.545 -12.2098 -2.223 32.3103
500.152 719.125 -8.81609 -2.09696 32.0814
1435.76 293.622 -10.767 -4.3236 36.3842
1425.81 253.809 -10.1615 -4.35802 36.0144
1214.3 860.959 -6.89564 -2.10052 33.8542
1276.51 928.143 -6.71423 -2.01363 33.9107
1371.06 709.171 -8.67506 -2.29594 35.1084
1525.34 562.36 -6.78157 -2.7826 34.459
588.239 513.589 -11.9112 -2.89402 31.9696
253.809 379.22 -6.77567 -2.94965 31.9189
462.828 656.917 -8.85688 -2.30145 31.9605
444.912 495.673 -8.61576 -2.81524 31.8911
495.673 504.631 -9.19871 -2.82167 31.9601
564.351 582.267 -13.6394 -2.44327 31.6867
489.701 555.393 -9.04705 -2.62743 31.984
292.626 238.879 -11.5334 -4.16211 30.5002
465.814 214.991 -11.0632 -4.28087 31.4147
773.37 250.823 -12.0077 -4.47687 32.9064
1209.32 540.463 -9.65303 -2.86968 34.7957
1627.36 379.22 -11.6192 -4.15297 38.2133
641.987 779.342 -8.52639 -1.97069 32.5651
1343.69 223.949 -8.84225 -4.08722 34.9845
1833.39 812.188 -5.2893 -2.51034 33.8444
689.762 919.683 -6.53925 -2.05053 32.7708
782.328 701.706 -10.2453 -2.05079 33.054
426.996 131.383 -8.95241 -4.0532 31.6891
836.076 343.388 -7.88817 -3.28574 33.0449
871.907 973.431 -6.25736 -2.05082 33.056
1131.69 241.865 -10.6191 -4.40039 34.6316
1397.44 576.295 -7.58831 -2.75147 34.5963
435.954 337.416 -15.2812 -4.28041 30.371
453.87 1006.28 -6.38918 -1.94776 32.408
483.729 943.571 -6.70299 -1.95703 32.4038
1573.61 749.482 -5.77603 -2.50592 33.9046
764.412 462.828 -6.02719 -2.81613 32.8284
274.711 546.435 -6.85985 -2.65133 31.959
358.318 809.202 -7.52391 -2.04627 31.9753
385.192 298.598 -12.7514 -4.10178 30.6281
848.02 438.94 -8.20391 -3.05898 33.1087
217.977 880.865 -6.4485 -2.12251 32.0278
119.439 704.692 -6.25408 -2.42122 31.9573
343.388 636.015 -7.29155 -2.46384 31.9804
612.724 566.143 -13.3721 -2.56657 31.9969
293.821 652.139 -6.95404 -2.44737 31.9761
458.647 562.56 -8.64571 -2.59716 31.9584
383.4 297.404 -10.8851 -3.81179 31.0662
290.238 236.49 -11.5334 -4.16211 30.5002
465.814 214.991 -10.7614 -4.21734 31.4607
705.887 773.967 -9.42584 -1.87345 32.7653
637.806 229.324 -10.2007 -4.10923 32.2645
831.298 859.964 -6.78115 -2.09694 33.0209
1358.03 257.989 -9.72105 -4.20706 35.4694
1436.86 290.238 -9.83579 -4.11185 35.8934
1347.28 670.055 -6.08017 -2.57364 33.7195
1476.27 372.651 -11.9285 -4.14854 37.3999
1207.53 372.651 -7.34255 -3.21689 33.9408
207.825 942.377 -6.31938 -2.05472 32.07
426.399 386.984 -8.42576 -3.12742 31.8615
440.731 992.541 -6.67226 -1.88291 32.3383
874.296 806.216 -7.58853 -2.08473 33.1981
1049.87 573.309 -7.83407 -2.68437 33.6832
1558.68 630.64 -6.34021 -2.64439 34.2658
154.077 992.541 -6.27949 -2.00028 32.0205
114.662 924.461 -6.09448 -2.14452 32.0323
849.214 698.72 -10.7375 -2.05573 33.3964
297.404 863.547 -6.96296 -2.03568 32.001
265.155 745.302 -6.76172 -2.29371 31.9944
763.218 462.23 -6.02746 -2.81605 32.827
154.077 541.06 -6.25451 -2.64823 31.9825
849.214 437.148 -8.20822 -3.07478 33.1019
641.39 627.057 -14.207 -2.12654 32.2057
358.318 720.219 -7.46791 -2.25003 31.9747
179.159 816.965 -6.36211 -2.24001 32.0066
494.479 727.386 -9.5997 -1.9465 31.9443
433.565 476.563 -8.98974 -2.88741 31.7906
462.23 655.722 -8.73058 -2.30308 31.9661
451.481 627.057 -8.58458 -2.40221 31.9518
447.898 541.06 -8.83492 -2.67136 31.8867
1279.2 666.472 -6.59182 -2.54375 33.8446
515.978 275.905 -12.0861 -4.19657 31.4552
576.892 157.66 -9.42036 -4.16378 32.1102
1711.33 171.993 -8.91355 -4.48519 36.5211
1754.33 808.366 -5.26746 -2.51244 33.7494
288.088 236.49 -11.2081 -4.10888 30.5716
778.267 696.57 -10.3655 -2.04107 33.0664
1474.84 374.084 -11.9285 -4.14854 37.3999
236.49 915.861 -6.46645 -2.06158 32.0523
210.691 941.66 -6.47442 -2.02105 32.0209
425.682 128.995 -9.10014 -4.08522 31.6684
1354.44 571.876 -8.48239 -2.77646 34.9202
1049.16 576.176 -8.91697 -2.70857 33.9143
761.068 464.38 -6.02746 -2.81605 32.827
103.196 825.565 -7.41048 -2.01892 31.4892
920.161 675.071 -8.63408 -2.32934 33.4566
890.062 709.47 -9.77491 -2.09943 33.4872
1560.83 627.773 -6.29161 -2.64616 34.2374
1027.66 468.68 -10.0573 -3.1429 34.0628
296.687 864.263 -6.91601 -2.05988 32.0097
752.468 640.673 -9.43214 -2.33847 32.881
933.06 472.98 -7.97101 -2.94055 33.3596
640.673 627.773 -9.66676 -2.37255 32.4238
257.989 365.485 -6.66331 -2.9667 31.9575
227.89 382.684 -6.778 -2.93598 31.8961
210.691 683.671 -6.49889 -2.43235 31.9873
356.885 722.369 -7.99135 -2.18568 31.8528
395.583 550.377 -7.85059 -2.64021 31.9345
1406.04 498.779 -8.33852 -3.02479 34.9928
472.98 477.28 -8.66137 -2.89711 31.9831
434.282 481.58 -8.98974 -2.88741 31.7906
455.781 563.276 -8.58634 -2.60442 31.9215
494.479 726.669 -8.73849 -2.08571 32.0707
434.282 748.168 -8.85861 -2.00454 31.8835
1724.23 266.589 -9.16431 -4.18384 36.8519
1074.95 98.8958 -9.23886 -4.55103 34.018
576.176 159.093 -9.42036 -4.16378 32.1102
468.68 214.991 -10.2995 -4.10195 31.5511
1615.01 701.73 -5.85437 -2.56582 34.005
1341.54 485.02 -7.29071 -2.9645 34.2748
861.684 820.405 -7.50314 -2.04833 33.1528
1676.93 743.009 -6.19528 -2.47936 34.3732
1630.49 737.849 -5.974 -2.49093 34.1437
185.752 815.246 -6.51903 -2.21245 31.9657
175.433 691.411 -6.29668 -2.43345 32.0178
608.854 562.416 -13.8409 -2.56727 31.9553
1052.6 500.499 -8.9627 -2.95835 33.9301
1026.8 469.54 -9.77132 -3.12209 33.9731
268.309 737.849 -6.96542 -2.28419 31.9536
980.359 665.612 -9.62939 -2.33305 33.8456
350.865 696.571 -7.4819 -2.30785 31.9471
1455.06 536.617 -8.93262 -2.93901 35.528
500.499 712.05 -9.3339 -2.06704 32.0129
459.221 743.009 -8.45387 -2.06994 32.012
510.818 691.411 -9.30189 -2.11767 32.046
459.221 660.452 -8.39034 -2.31462 32.0063
495.339 510.818 -9.04199 -2.78892 31.9734
944.24 500.499 -8.02804 -2.88941 33.3924
902.962 505.659 -7.03536 -2.80319 33.1635
356.025 557.256 -7.68229 -2.62381 31.8815
273.468 810.086 -7.18014 -2.10331 31.9062
515.978 644.973 -9.20751 -2.28075 32.069
1511.82 278.628 -10.4817 -4.33801 36.6473
1073.23 98.0359 -8.96074 -4.45147 33.9361
1202.23 257.989 -7.50596 -3.56199 33.9554
665.612 655.292 -10.7619 -2.16317 32.4785
552.097 350.865 -13.7472 -4.009 31.4691
515.978 278.628 -12.7177 -4.30324 31.3916
873.035 804.926 -6.93929 -2.17893 33.1214
990.678 458.189 -7.05309 -2.93158 33.3406
1585.09 625.366 -6.00478 -2.66505 34.088
303.395 489.147 -7.40161 -2.77859 31.8547
1349.8 526.298 -10.4531 -3.0239 35.8412
173.369 693.475 -6.23117 -2.43579 32.028
402.463 501.531 -8.61326 -2.80932 31.7989
1671.77 749.2 -5.44392 -2.54952 33.8063
117.643 773.967 -7.46824 -2.13417 31.487
346.737 687.283 -7.38983 -2.31379 31.965
476.764 501.531 -8.73396 -2.80978 31.9709
482.956 482.956 -9.52453 -2.938 31.8363
458.189 743.009 -8.45387 -2.06994 32.012
513.914 693.475 -9.24096 -2.12648 32.0513
458.189 662.516 -8.75261 -2.24856 31.9644
352.929 557.256 -7.73245 -2.62813 31.8748
538.681 458.189 -13.1956 -3.22165 31.5293
297.203 792.543 -7.29919 -2.11752 31.9171
1417.91 625.366 -7.9296 -2.58934 34.875
1281.69 662.516 -6.4594 -2.55251 33.8048
266.245 736.817 -6.96542 -2.28419 31.9536
495.339 798.734 -9.23109 -1.78979 32.0151
928.761 390.08 -7.43678 -3.10594 33.2507
421.038 117.643 -8.36045 -3.92574 31.7743
921.331 713.288 -7.60461 -2.31904 33.3283
884.18 698.428 -7.22043 -2.40971 33.167
237.763 795.019 -6.35666 -2.26211 32.0706
319.494 609.267 -6.96727 -2.52741 32.0068
304.634 572.117 -7.15733 -2.6097 31.9376
1664.34 616.697 -6.20191 -2.67137 34.3754
1619.76 624.127 -5.67151 -2.66634 33.8813
185.752 817.31 -6.51903 -2.21245 31.9657
245.193 676.138 -6.81006 -2.43114 31.9531
416.085 475.526 -8.64802 -2.87492 31.8463
430.945 601.837 -8.35631 -2.48346 31.9281
497.816 735.579 -9.41063 -1.97786 31.9991
453.235 661.278 -8.62947 -2.26916 31.9237
527.536 624.127 -9.80136 -2.35833 31.9953
527.536 549.826 -11.7822 -2.63521 31.6949
572.117 520.106 -12.5031 -2.84557 31.8469
497.816 520.106 -7.88241 -2.72373 32.1511
1515.74 557.256 -7.25668 -2.79531 34.7193
1047.64 572.117 -6.91599 -2.6873 33.4529
1530.6 193.182 -8.8717 -4.27496 35.7527
1426.58 534.966 -7.38809 -2.85958 34.5698
423.515 683.568 -8.79165 -2.2199 31.8461
237.763 913.901 -6.53079 -2.03954 32.0371
490.386 795.019 -9.23109 -1.78979 32.0151
624.127 222.903 -10.3601 -4.13537 32.2159
899.04 497.816 -8.06169 -2.86927 33.2891
921.331 408.655 -6.92298 -3.01452 33.164
274.913 230.333 -8.24217 -3.50914 31.4388
520.106 274.913 -14.246 -4.58878 31.1827
475.526 215.473 -10.1893 -4.08547 31.5729
416.085 141.172 -8.49824 -3.90457 31.7698
392.309 534.966 -6.88515 -2.69236 32.1621
891.61 499.302 -9.89291 -2.89709 33.4395
249.651 383.392 -6.79345 -2.93287 31.914
436.889 624.127 -8.60602 -2.41942 31.891
347.728 633.043 -7.46212 -2.46592 31.9562
1658.4 561.715 -7.76148 -2.87525 35.5777
1105.6 838.114 -7.36231 -2.06877 33.762
1426.58 534.966 -7.14691 -2.84105 34.4423
1497.91 436.889 -9.59933 -3.42242 36.1378
748.953 641.96 -6.19891 -2.56023 32.8165
838.114 686.54 -8.77026 -2.24847 33.132
454.721 668.708 -7.98434 -2.32304 32.0626
294.231 793.533 -7.16085 -2.14076 31.924
855.946 329.896 -7.98174 -3.33101 33.1084
472.554 213.987 -9.68103 -3.9668 31.666
1212.59 882.694 -7.04146 -2.03718 33.9008
