1628 316 1.98707 -0.514376 -2.56414
904 435 4.75546 0.0294235 -3.0621
574 207 6.63787 -0.82051 -2.73545
1725 753 1.72738 0.337919 -2.62262
436 383 6.50451 -0.0748887 -2.00308
480 365 6.38441 -0.151152 -2.15277
653 203 5.91163 -0.818134 -2.70777
609 161 6.21348 -1.00097 -2.67901
498 598 6.24797 0.814468 -2.11786
481 490 6.40091 0.374986 -2.12227
1721 296 1.82623 -0.561232 -2.57871
492 334 6.32504 -0.279838 -2.18083
1567 398 2.0971 -0.33955 -2.58026
1878 476 1.53558 -0.253369 -2.59213
1728 486 1.7846 -0.195779 -2.61177
553 213 6.47531 -0.78198 -2.54496
1628 386 1.97897 -0.375576 -2.58168
497 381 6.29035 -0.0887283 -2.17329
1642 452 1.95517 -0.247467 -2.62999
469 454 6.40357 0.219936 -2.08426
1773 385 1.73859 -0.396913 -2.63988
510 238 6.81636 -0.678348 -2.50229
1723 533 1.77554 -0.106929 -2.60097
1718 486 1.80377 -0.192442 -2.62773
509 463 6.26075 0.255305 -2.19271
826 668 4.56922 0.804813 -2.55287
1210 677 3.00353 0.488722 -2.65666
1722 435 1.80392 -0.295495 -2.60956
520 510 6.20109 0.439657 -2.20749
1726 608 1.73435 0.0226585 -2.52711
1654 663 1.88328 0.190631 -2.64104
1618 500 1.97559 -0.144582 -2.58914
1630 564 1.95701 -0.00765514 -2.63767
868 606 4.40039 0.552471 -2.60943
1684 378 1.86647 -0.407179 -2.55051
1719 361 1.80975 -0.437876 -2.56636
569 342 5.82162 -0.273179 -2.25762
562 281 6.38531 -0.496452 -2.53178
1074 582 3.43303 0.291634 -2.56627
863 476 4.27964 0.0749592 -2.4816
905 519 4.0011 0.17052 -2.42344
648 482 5.66081 0.276357 -2.4999
428 614 6.65383 0.945569 -1.97593
909 551 4.23667 0.338837 -2.64408
1834 912 1.48538 0.554245 -2.528
708 574.8 5.27469 0.595036 -2.51781
1831.2 396 1.62641 -0.382726 -2.59008
1594.8 441.6 2.03314 -0.261958 -2.57144
1843.2 290.4 1.6401 -0.574401 -2.61569
1563.6 696 2.00707 0.257422 -2.50204
1768.8 495.6 1.7078 -0.185025 -2.59925
1081.2 716.4 3.29665 0.639132 -2.47799
1627.2 386.4 1.97832 -0.376443 -2.58186
1638 372 1.98235 -0.404001 -2.6254
1720.8 296.4 1.8377 -0.558345 -2.60186
1688.4 301.2 1.88799 -0.548335 -2.58057
519.6 510 6.25291 0.453488 -2.23412
538.8 493.2 5.99408 0.341811 -2.1918
1713.6 684 1.76021 0.196724 -2.60833
832.8 442.8 4.30443 -0.0358993 -2.37051
816 415.2 4.36181 -0.118134 -2.34829
1830 770.4 1.53897 0.314104 -2.60631
1784.4 313.2 1.72911 -0.53018 -2.61208
1520.4 998.4 1.98774 0.896348 -2.39523
588 459.6 5.65542 0.171627 -2.23452
1624.8 462 1.98806 -0.215945 -2.63285
1717.2 397.2 1.8156 -0.365206 -2.59789
1682.4 382.8 1.88939 -0.388943 -2.61526
1718.4 486 1.80389 -0.190806 -2.62751
1264.8 399.6 2.81689 -0.280529 -2.54999
1818 462 1.64064 -0.262067 -2.62424
1870.8 776.4 1.47902 0.304991 -2.60576
1662 663.6 1.86236 0.17717 -2.61043
1618.8 640.8 1.94536 0.150531 -2.6116
1663.2 628.8 1.86509 0.10171 -2.60797
1617.6 636 1.95935 0.146681 -2.63202
1844.4 687.6 1.53681 0.149702 -2.60349
1716 465.6 1.80937 -0.232954 -2.62481
1670.4 463.2 1.89463 -0.226036 -2.61476
1669.2 602.4 1.86508 0.0544421 -2.62488
1677.6 566.4 1.8656 -0.0180176 -2.64294
570 373.2 6.14355 -0.123452 -2.42741
708 399.6 5.06802 -0.1041 -2.4104
1092 480 3.36829 -0.0122141 -2.55897
1611.6 507.6 1.92081 -0.158047 -2.4245
1664.4 490.8 1.89634 -0.173714 -2.6135
1618.8 500.4 1.97589 -0.144573 -2.58884
567.6 494.4 5.65855 0.300054 -2.14086
870 560.4 4.3494 0.384548 -2.57605
1012.8 505.2 3.71926 0.108247 -2.61387
996 601.2 3.89667 0.456796 -2.72415
873.6 363.6 4.10043 -0.29834 -2.37094
568.8 342 5.96181 -0.263709 -2.33321
1117.2 613.2 3.27537 0.353308 -2.59192
811.2 478.8 4.45653 0.104021 -2.39924
894 535.2 4.1782 0.267274 -2.53328
408 135.6 6.76171 -1.0849 -2.05661
609.6 285.6 5.43727 -0.497241 -2.2323
715.2 529.2 5.24554 0.412898 -2.54463
651.6 538.8 5.55811 0.494279 -2.44782
614.4 457.2 5.60635 0.162083 -2.32216
938.4 241.2 3.9262 -0.663379 -2.47774
652.8 202.8 5.72228 -0.814598 -2.58529
429.6 582 6.51747 0.770757 -1.93506
692.4 930 3.67155 1.07319 -1.43853
645.6 1041.6 3.08293 0.922796 -0.969586
561.6 542.4 5.91334 0.539068 -2.23729
678 610.8 5.54588 0.797724 -2.55494
1248 340.8 3.01361 -0.410128 -2.74348
1773.6 460.8 1.71008 -0.253234 -2.61404
1689.6 259.2 1.89807 -0.630752 -2.60558
1845.6 213.6 1.6434 -0.706328 -2.5787
1471.2 177.6 2.33097 -0.791127 -2.54383
1141.2 546 3.30442 0.176727 -2.70486
1828.8 912 1.47895 0.536493 -2.47589
1843.2 669.6 1.54287 0.115899 -2.59749
1724.4 753.6 1.7267 0.338542 -2.62783
1676.4 747.6 1.82506 0.356915 -2.64695
1045.44 469.44 3.54035 -0.0215824 -2.55668
1717.92 397.44 1.81467 -0.366414 -2.59917
1681.92 383.04 1.89189 -0.387917 -2.61209
1716.48 351.36 1.84635 -0.453418 -2.65968
868.32 429.12 4.31784 -0.0707735 -2.53808
449.28 452.16 6.35798 0.202668 -1.98404
1624.32 460.8 1.98885 -0.218402 -2.63311
508.32 463.68 6.19047 0.244754 -2.15572
532.8 417.6 6.03429 0.0378389 -2.20385
512.64 417.6 6.06187 0.0378671 -2.12571
1209.6 676.8 2.87075 0.424868 -2.47763
1308.96 485.28 2.69411 -0.0809533 -2.57569
493.92 374.4 6.25071 -0.121903 -2.14802
1592.64 442.08 2.05171 -0.259032 -2.61958
1664.64 491.04 1.89563 -0.172919 -2.61399
1285.92 400.32 2.77078 -0.283369 -2.56625
1630.08 563.04 1.95612 -0.00734496 -2.63848
593.28 495.36 5.95746 0.361629 -2.41539
1624.32 525.6 1.9699 -0.0918956 -2.61796
590.4 388.8 5.60613 -0.110536 -2.22503
568.8 372.96 5.77418 -0.159478 -2.22555
1202.4 453.6 2.96683 -0.134783 -2.51619
1319.04 473.76 2.76546 -0.0880894 -2.72887
709.92 398.88 5.10242 -0.0996748 -2.43859
673.92 361.44 5.11891 -0.244512 -2.29298
1085.76 390.24 3.41769 -0.260047 -2.57396
1133.28 378.72 3.19927 -0.310495 -2.51879
1720.8 434.88 1.80272 -0.296045 -2.61128
1683.36 442.08 1.87626 -0.27422 -2.61551
878.4 561.6 4.40759 0.407144 -2.66535
1334.88 725.76 2.5638 0.486424 -2.56536
983.52 509.76 3.69287 0.103772 -2.46795
1080 547.2 3.41311 0.189529 -2.58394
1231.2 587.52 2.89115 0.202076 -2.56963
1232.64 558.72 2.94289 0.143419 -2.6413
803.52 400.32 4.66029 -0.132957 -2.53277
787.68 357.12 4.50348 -0.296632 -2.34077
843.84 656.64 4.49327 0.752973 -2.57283
1424.16 645.12 2.23427 0.176229 -2.34192
1677.6 565.92 1.8655 -0.0186562 -2.64468
1003.68 599.04 3.60766 0.367257 -2.46831
1000.8 541.44 3.77406 0.225272 -2.61693
1392.48 397.44 2.46123 -0.317294 -2.53929
1408.32 347.04 2.44434 -0.433343 -2.55101
1380.96 491.04 2.57995 -0.0758133 -2.70893
1072.8 581.76 3.41298 0.282123 -2.54915
316.8 316.8 7.30926 -0.313697 -1.82099
424.8 485.28 6.58091 0.367847 -1.96263
426.24 460.8 6.76747 0.288013 -2.05244
794.88 303.84 4.51264 -0.464191 -2.38084
901.44 434.88 3.928 -0.0995078 -2.34501
491.04 332.64 6.26937 -0.285417 -2.15305
609.12 285.12 5.43727 -0.497241 -2.2323
750.24 266.4 4.63875 -0.580128 -2.30757
937.44 240.48 3.9262 -0.663379 -2.47774
555.84 113.76 6.92182 -1.25627 -2.79995
535.68 205.92 6.76662 -0.820107 -2.61817
652.32 203.04 5.64227 -0.813372 -2.53307
480.96 623.52 6.51116 0.992445 -2.15545
429.12 613.44 6.48955 0.898156 -1.91481
781.92 540 4.84489 0.389569 -2.57005
907.2 552.96 4.08956 0.303431 -2.52093
561.6 542.88 5.99396 0.556791 -2.28602
588.96 685.44 5.98117 1.17609 -2.3727
509.76 688.32 6.23219 1.21637 -2.14588
1247.04 339.84 2.88857 -0.424776 -2.56896
990.72 218.88 3.70895 -0.721555 -2.48212
1830.24 396 1.6345 -0.38565 -2.60214
1779.84 342.72 1.73164 -0.475432 -2.6197
1725.12 486.72 1.79404 -0.192432 -2.63058
1876.32 498.24 1.53496 -0.207058 -2.60415
1612.8 368.64 1.97626 -0.414781 -2.49666
1615.68 275.04 2.0327 -0.596183 -2.5886
1013.76 990.72 2.81449 0.979018 -1.72397
1055.52 711.36 3.53095 0.708409 -2.61929
1136.16 696.96 3.18767 0.57046 -2.57677
1723.68 820.8 1.67363 0.426909 -2.4975
1828.8 820.8 1.54071 0.435469 -2.67418
1594.08 812.16 1.87908 0.451353 -2.40283
1890.72 584.64 1.50744 -0.049791 -2.65188
1676.16 747.36 1.81227 0.33656 -2.59202
1666.08 730.08 1.83683 0.311612 -2.59536
1563.84 722.88 1.99075 0.307785 -2.47668
1669.25 601.344 1.86581 0.0528922 -2.62566
1695.17 546.048 1.7953 -0.0915578 -2.50651
1848.96 687.744 1.52569 0.137211 -2.56841
533.952 378.432 5.99413 -0.122243 -2.19374
495.936 380.16 6.50423 -0.0692757 -2.27686
796.608 620.352 4.84779 0.701438 -2.63546
1308.1 355.968 2.72665 -0.392803 -2.60223
1273.54 355.968 2.80954 -0.390103 -2.58079
1665.79 490.752 1.89675 -0.173374 -2.61299
1370.3 395.712 2.50885 -0.318222 -2.51873
520.128 509.76 6.3886 0.47906 -2.30308
539.136 492.48 5.8972 0.327005 -2.16168
1014.34 641.088 3.63955 0.506314 -2.55222
969.408 620.352 3.74808 0.455077 -2.46734
1335.74 725.76 2.62724 0.521345 -2.66539
1351.3 672.192 2.53413 0.33959 -2.56061
877.824 561.6 4.18085 0.342669 -2.46814
566.784 342.144 5.98863 -0.261433 -2.34659
1036.8 648 3.60451 0.53464 -2.62238
1093.82 480.384 3.37037 -0.0169481 -2.57358
1404.86 568.512 2.44512 0.0796229 -2.60397
1206.14 565.056 3.07087 0.190456 -2.69105
1206.14 532.224 2.93601 0.0698024 -2.52155
1000.51 540.864 3.64305 0.193502 -2.49131
787.968 357.696 4.59685 -0.291345 -2.41851
1264.9 677.376 2.7122 0.388592 -2.49368
1024.7 578.88 3.64459 0.318675 -2.58104
1022.98 544.32 3.72808 0.231737 -2.6693
893.376 535.68 4.02387 0.231975 -2.39671
1043.71 530.496 3.41459 0.121256 -2.42711
1066.18 480.384 3.39271 -0.0120407 -2.49228
824.256 520.128 4.42264 0.245374 -2.4384
433.728 336.96 6.20231 -0.275444 -1.89038
471.744 511.488 6.27908 0.440496 -2.02992
359.424 89.856 7.16254 -1.28869 -2.02063
959.04 350.784 3.72464 -0.356125 -2.37237
813.888 416.448 4.52047 -0.0950388 -2.47201
902.016 518.4 4.28885 0.235989 -2.66999
902.016 433.728 3.928 -0.0995078 -2.34501
518.4 330.048 6.05716 -0.309438 -2.16202
710.208 397.44 4.90502 -0.128944 -2.2955
587.52 461.376 5.62299 0.171165 -2.20975
525.312 464.832 6.11338 0.240915 -2.20737
713.664 528.768 4.97661 0.350912 -2.35265
753.408 266.112 4.65328 -0.579764 -2.31817
936.576 240.192 3.81759 -0.664013 -2.37516
668.736 129.6 10.6921 -1.6321 -5.7054
713.664 77.76 8.89595 -1.81273 -4.94598
668.736 57.024 8.86347 -1.8933 -4.59144
535.68 205.632 6.80664 -0.817869 -2.64144
203.904 1021.25 4.01045 1.068 -0.413451
300.672 682.56 6.88201 1.20498 -1.5133
432 673.92 6.53112 1.18479 -1.93405
820.8 1041.98 2.975 1.00608 -1.3131
739.584 998.784 3.26723 1.04677 -1.31595
701.568 990.144 3.33756 1.02281 -1.25729
746.496 639.36 4.64051 0.68058 -2.26049
869.184 604.8 4.18278 0.487556 -2.42592
879.552 710.208 4.10367 0.811636 -2.40924
561.6 542.592 6.0107 0.562615 -2.30414
499.392 597.888 6.19858 0.806856 -2.09559
679.104 609.984 5.23262 0.705987 -2.35319
611.712 648 5.68357 0.949038 -2.33038
641.088 739.584 5.37678 1.23904 -2.27356
1247.62 340.416 2.75249 -0.438101 -2.38874
1408.32 347.328 2.46718 -0.428578 -2.58032
1408.32 473.472 2.50163 -0.124181 -2.68572
993.6 392.256 3.69337 -0.234431 -2.49324
1135.3 388.8 3.18663 -0.28 -2.51464
1373.76 254.016 2.53834 -0.630979 -2.53152
1762.56 316.224 1.78147 -0.525993 -2.66362
1689.98 300.672 1.88578 -0.549162 -2.59217
1871.42 395.712 1.55424 -0.39673 -2.53687
1878.34 497.664 1.53491 -0.209188 -2.60479
1823.04 533.952 1.61772 -0.131092 -2.63071
1817.86 463.104 1.62123 -0.270004 -2.55787
1610.5 506.304 1.98397 -0.131609 -2.56152
1658.88 41.472 2.33448 -1.18092 -3.5024
1513.73 58.752 2.63605 -1.15285 -3.30434
1444.61 228.096 2.36352 -0.685208 -2.52029
1496.45 167.616 2.27378 -0.806163 -2.52825
1548.29 157.248 2.16692 -0.824601 -2.53798
1142.21 817.344 3.08448 0.868775 -2.49013
1259.71 628.992 2.80884 0.301464 -2.58241
1140.48 628.992 3.00556 0.308127 -2.3615
1140.48 546.048 3.09263 0.117057 -2.44872
1055.81 710.208 3.43148 0.663189 -2.51814
1009.15 703.296 3.63285 0.691706 -2.53016
1140.48 736.128 3.12299 0.657005 -2.52417
1135.3 680.832 3.1101 0.481435 -2.46143
1484.35 839.808 2.14469 0.62932 -2.51746
1425.6 825.984 2.2331 0.590555 -2.40568
1726.27 753.408 1.70862 0.318394 -2.57079
1676.16 746.496 1.82415 0.354136 -2.6472
1454.98 571.968 2.28112 0.0477994 -2.51713
1591.49 646.272 2.00843 0.175456 -2.61753
427.162 460.339 6.3937 0.234147 -1.90077
412.646 416.794 6.5786 0.0775035 -1.93075
651.11 203.213 5.69872 -0.817581 -2.56345
628.301 190.771 5.78726 -0.86244 -2.50267
1407.97 692.583 2.37185 0.350431 -2.53469
1378.94 655.258 2.36113 0.237642 -2.39915
868.839 352.512 4.33552 -0.305839 -2.56356
997.402 479.002 3.55652 -0.00874222 -2.36937
1231.72 559.872 2.94941 0.145076 -2.64038
1026.43 404.352 3.31358 -0.243268 -2.23907
1094.86 584.755 3.36696 0.284438 -2.60063
806.63 495.59 5.01764 0.275244 -2.81447
821.146 404.352 4.4015 -0.145748 -2.40619
833.587 354.586 4.24442 -0.317582 -2.31707
1047.17 580.608 3.51953 0.298114 -2.55416
1022.28 578.534 3.534 0.295156 -2.47033
1003.62 599.271 3.6447 0.376565 -2.50654
1069.98 485.222 3.42663 0.00191051 -2.53667
1024.36 503.885 3.56829 0.0738172 -2.50273
495.59 375.322 6.06318 -0.132376 -2.05943
325.555 101.606 7.17585 -1.23056 -1.87345
358.733 89.1648 7.20835 -1.2935 -2.03545
400.205 120.269 6.69496 -1.13203 -1.99596
383.616 284.083 6.95072 -0.471481 -1.98361
893.722 292.378 4.0177 -0.521935 -2.39048
812.851 425.088 4.5154 -0.0644023 -2.46487
899.943 433.382 3.98468 -0.0923535 -2.38961
578.534 375.322 5.66054 -0.153552 -2.21654
566.093 342.144 5.74487 -0.283324 -2.2123
715.392 313.114 5.13075 -0.405115 -2.49222
640.742 319.334 5.42002 -0.377904 -2.34339
570.24 493.517 5.80233 0.322416 -2.22905
539.136 491.443 5.85248 0.315391 -2.11579
524.621 464.486 6.1033 0.238307 -2.18619
827.367 39.3984 6.36823 -1.6685 -3.94671
872.986 124.416 9.46495 -1.71902 -6.78547
943.488 211.507 3.80217 -0.74838 -2.39152
667.699 55.9872 8.86347 -1.8933 -4.59144
559.872 279.936 6.24175 -0.502363 -2.43845
427.162 918.605 4.01506 0.998965 -0.908004
466.56 1011.92 3.68387 1.07168 -0.856022
408.499 661.479 6.78657 1.18833 -1.92243
431.309 673.92 6.57649 1.19936 -1.95172
951.783 827.367 3.72233 1.08796 -2.37354
742.349 1001.55 3.25039 1.03026 -1.30629
806.63 976.666 3.23623 1.0268 -1.47556
870.912 945.562 3.30673 1.06491 -1.73283
512.179 1026.43 3.47188 1.0165 -0.873501
785.895 613.786 4.55661 0.578755 -2.35236
906.163 551.578 4.1297 0.319033 -2.54975
564.019 543.283 5.9506 0.546744 -2.27703
499.738 597.197 6.19858 0.806856 -2.09559
653.184 588.902 5.38943 0.657368 -2.34604
512.179 692.583 6.23744 1.22118 -2.14915
642.816 738.202 5.42321 1.25403 -2.29708
1275.26 356.659 2.8129 -0.389276 -2.5812
1225.5 400.205 3.29482 -0.214524 -3.03677
1016.06 350.438 3.53378 -0.369863 -2.41625
1134.26 406.426 3.12209 -0.24541 -2.4392
1136.33 505.958 3.13971 0.0234542 -2.4862
1094.86 514.253 3.30445 0.0667256 -2.51443
1283.56 284.083 2.69898 -0.562943 -2.44016
1673.4 346.291 1.9037 -0.451354 -2.5994
1824.77 391.91 1.64178 -0.394532 -2.61482
1845.5 290.304 1.63737 -0.575132 -2.6267
1793.66 300.672 1.72491 -0.553711 -2.6474
1719.01 485.222 1.78502 -0.199277 -2.56866
1719.01 464.486 1.80738 -0.232104 -2.62585
1669.25 464.486 1.87904 -0.242776 -2.56404
1878.68 497.664 1.53466 -0.210472 -2.60541
1567.64 400.205 2.0985 -0.339305 -2.57877
1453.59 539.136 2.13388 -0.083349 -2.22742
1565.57 534.989 2.08731 -0.0478348 -2.6288
1497.14 45.6192 2.65913 -1.18205 -3.28794
1432.86 172.109 2.4233 -0.804898 -2.54551
1625.7 252.979 2.01815 -0.640033 -2.59679
1401.75 964.224 2.40188 1.09265 -2.70365
1181.95 895.795 2.86981 1.00173 -2.41047
1142.55 854.323 3.13239 1.00409 -2.55768
1024.36 984.96 2.85789 1.00655 -1.79727
1291.85 584.755 2.6683 0.152407 -2.50676
1345.77 651.11 2.48318 0.259262 -2.448
1237.94 746.496 2.81681 0.60641 -2.54678
1210.98 675.994 2.84303 0.412742 -2.44494
1036.8 649.037 3.60451 0.53464 -2.62238
1140.48 630.375 3.08267 0.351105 -2.45631
1055.46 711.245 3.41777 0.656924 -2.50571
1090.71 754.791 3.25817 0.736867 -2.47764
1826.84 858.471 1.50868 0.459786 -2.54326
1594.6 812.851 1.93406 0.500049 -2.53908
1536.54 989.107 1.97836 0.898402 -2.46169
1716.94 590.976 1.72581 -0.0201209 -2.46317
1878.68 642.816 1.48819 0.0448898 -2.55717
1772.93 545.357 1.68967 -0.0925356 -2.60165
1725.24 752.717 1.72645 0.337616 -2.62834
1679.62 746.496 1.82277 0.354698 -2.64843
1634 738.202 1.91651 0.366454 -2.67261
828.611 480.246 4.40551 0.1105 -2.42809
1087.4 634.522 3.34083 0.420835 -2.54379
1843.85 62.208 1.68046 -0.967487 -2.56643
639.498 739.031 5.21815 1.17522 -2.18347
724.101 674.335 5.38019 1.03564 -2.67147
915.702 124.416 9.00866 -1.7056 -6.84993
1537.78 987.863 1.97649 0.896189 -2.45891
1443.23 228.925 2.39843 -0.683677 -2.57567
910.725 689.265 3.89634 0.687443 -2.35049
1067.49 962.98 2.85257 1.00252 -1.94425
1510.41 59.7197 2.63824 -1.1556 -3.30517
1595.01 811.192 1.96003 0.518341 -2.59553
783.821 982.887 3.23702 1.0203 -1.40152
828.611 191.601 4.3411 -0.813758 -2.37961
798.751 102.021 9.30977 -1.78826 -5.92946
766.403 87.0912 9.19036 -1.83502 -5.5686
930.632 241.367 3.85709 -0.659187 -2.37487
945.562 211.507 3.84362 -0.750955 -2.43568
739.031 676.823 5.16924 0.986721 -2.58115
512.594 691.753 6.35316 1.27005 -2.21446
875.889 943.073 3.16853 0.977644 -1.61573
1107.3 935.608 2.84032 0.996262 -2.07278
776.356 900.772 3.82301 1.1582 -1.80239
1376.04 253.809 2.4702 -0.631525 -2.43978
482.734 1012.75 3.68572 1.09528 -0.895261
666.87 57.2314 8.86347 -1.8933 -4.59144
1142.14 853.494 2.97899 0.911792 -2.36871
990.352 286.157 3.68099 -0.539929 -2.45623
400.62 121.928 6.90843 -1.14547 -2.08497
1104.81 273.715 3.25057 -0.577614 -2.44504
1186.93 186.624 3.21077 -0.796704 -2.70816
1057.54 709.171 3.41777 0.656924 -2.50571
1010.26 701.706 3.49536 0.631041 -2.40148
475.269 233.902 6.81977 -0.694473 -2.34844
1871.22 592.22 1.50962 -0.0390453 -2.5759
1774.17 544.942 1.68818 -0.0952649 -2.60392
1139.65 736.543 3.03501 0.610228 -2.41431
1092.37 753.961 3.28122 0.745408 -2.50558
1453.18 539.966 2.30556 -0.00976276 -2.55559
1634.83 736.543 1.87747 0.337749 -2.57161
1134.67 338.412 3.03478 -0.431084 -2.31217
878.377 296.11 4.12151 -0.486725 -2.39827
646.963 510.106 5.57937 0.372795 -2.44292
696.73 460.339 5.25612 0.141144 -2.46362
641.987 420.526 5.53691 0.00850932 -2.40198
681.8 624.568 5.60473 0.86418 -2.60448
654.428 589.732 5.61038 0.70738 -2.47611
1137.16 522.547 3.10477 0.0655951 -2.45565
1094.86 512.594 3.31544 0.0668538 -2.52136
838.564 400.62 4.1939 -0.178938 -2.29859
903.26 517.571 3.76938 0.128263 -2.21651
900.772 432.968 3.89285 -0.106236 -2.30007
905.749 552.407 3.84212 0.249079 -2.28369
709.171 395.643 4.91209 -0.126446 -2.29646
639.498 365.783 5.45391 -0.196135 -2.34029
714.148 313.528 4.84903 -0.422501 -2.2894
1239.18 746.496 2.83476 0.612008 -2.57112
1244.16 674.335 2.8633 0.443238 -2.62613
1784.13 308.552 1.73257 -0.538913 -2.62181
477.758 622.08 6.12266 0.872409 -1.9696
408.085 661.893 6.69368 1.15739 -1.88972
1376.04 771.379 2.43995 0.558147 -2.54797
1361.11 768.891 2.50227 0.573831 -2.58439
1383.51 701.706 2.42123 0.385226 -2.52377
1729.38 753.961 1.72447 0.335207 -2.63716
1274.02 355.83 2.90263 -0.378833 -2.69841
1274.02 335.923 2.78462 -0.440013 -2.53536
1761.73 316.017 1.76775 -0.525334 -2.62605
1674.64 345.877 1.91761 -0.465298 -2.61355
1602.48 534.989 2.00681 -0.071166 -2.58815
1567.64 532.501 2.08618 -0.0487674 -2.63021
1632.34 425.503 1.96262 -0.297286 -2.59884
455.363 485.222 6.37151 0.339785 -2.00923
744.008 537.477 4.79357 0.357541 -2.35877
736.543 430.479 4.75021 -0.020257 -2.31335
1724.41 485.222 1.79527 -0.192956 -2.62958
607.15 286.157 5.40466 -0.50166 -2.20441
537.477 206.531 6.78253 -0.816192 -2.62717
1567.64 559.872 2.10946 0.0144822 -2.69891
497.664 378.225 6.16665 -0.125212 -2.11358
437.944 380.713 6.21792 -0.110929 -1.89894
447.898 298.598 6.75496 -0.40588 -2.19621
1684.59 607.15 1.8205 0.034445 -2.5768
1139.65 629.545 3.25243 0.399216 -2.64708
1308.86 487.711 2.7397 -0.0610948 -2.65955
1067.49 358.318 3.51913 -0.341415 -2.61902
1015.23 353.341 3.7226 -0.352088 -2.61416
980.398 345.877 3.6365 -0.374089 -2.37775
579.779 413.061 5.7343 0.000653996 -2.25093
530.012 413.061 6.08959 0.0383159 -2.22279
564.849 340.9 5.66316 -0.285701 -2.1572
1383.51 604.662 2.53398 0.200908 -2.68257
525.036 465.316 5.92708 0.214518 -2.09431
1037.63 646.963 3.60515 0.529429 -2.62119
1015.23 641.987 3.5337 0.477255 -2.44235
1558.68 815.174 2.00947 0.533 -2.55271
752.468 265.753 4.85932 -0.576802 -2.47115
827.118 191.103 4.33492 -0.81943 -2.37372
1621.39 253.809 2.01472 -0.636941 -2.57585
1576.6 220.963 2.17279 -0.702767 -2.68871
662.889 56.7337 8.90855 -1.89611 -4.60344
958.501 886.837 3.45946 1.11001 -2.16516
871.907 856.978 4.05805 1.26084 -2.34944
931.627 815.174 3.7897 1.0752 -2.35099
853.992 806.216 4.17251 1.15957 -2.39122
483.729 1012.25 3.53876 1.00288 -0.835919
970.445 701.706 3.73727 0.704454 -2.46055
1280.99 283.669 2.73821 -0.559917 -2.49173
713.65 856.978 4.46272 1.30689 -2.00293
653.931 856.978 4.27337 1.16381 -1.68817
1131.69 268.739 3.13951 -0.594844 -2.40199
1101.83 274.711 3.27116 -0.575356 -2.4661
1140.65 818.16 2.98873 0.814179 -2.36422
1092.87 755.454 3.33753 0.775986 -2.57432
1077.94 713.65 3.33123 0.643737 -2.50545
388.178 337.416 6.67479 -0.254633 -1.88249
432.968 286.655 6.97539 -0.452982 -2.2269
1636.32 737.538 1.91358 0.358503 -2.6637
1585.56 728.58 2.00553 0.359198 -2.65264
1845.34 289.641 1.6367 -0.572994 -2.62677
1451.19 671.846 2.30255 0.294324 -2.59741
653.931 194.089 5.72566 -0.853236 -2.59267
874.893 298.598 4.16076 -0.494226 -2.43694
1131.69 409.08 3.09136 -0.246849 -2.40019
1131.69 340.402 3.17273 -0.417517 -2.47752
1773.67 546.435 1.68984 -0.100427 -2.59532
901.767 609.141 4.03852 0.468271 -2.43041
848.02 656.917 4.1006 0.615992 -2.2579
898.781 432.968 4.44587 -0.0214385 -2.7926
1236.2 746.496 2.84513 0.611022 -2.57419
1263.07 680.805 2.75455 0.41969 -2.55881
639.001 367.276 5.45391 -0.196135 -2.34029
713.65 313.528 4.84251 -0.423632 -2.28144
641.987 319.5 5.26054 -0.384013 -2.24813
701.706 421.024 5.04748 -0.0194506 -2.34601
1681.11 746.496 1.72138 0.266712 -2.36795
1672.15 343.388 1.90984 -0.453776 -2.59433
477.758 621.085 6.51116 0.974832 -2.14374
406.094 573.309 6.62136 0.736154 -1.86622
716.636 621.085 5.08699 0.729987 -2.41771
683.79 561.365 5.27489 0.527848 -2.40248
1245.16 385.192 2.70673 -0.333497 -2.33545
1272.03 337.416 2.79222 -0.438803 -2.5496
1585.56 662.889 2.01832 0.2132 -2.62516
1564.66 558.379 2.10929 0.0155823 -2.69878
1603.47 534.491 1.93148 -0.0991179 -2.4474
794.272 618.099 4.40387 0.561671 -2.28176
746.496 636.015 4.64702 0.673688 -2.2614
1373.55 770.384 2.45505 0.567066 -2.57367
1382.51 701.706 2.42123 0.385226 -2.52377
839.062 370.262 4.48165 -0.24408 -2.54003
773.37 361.304 4.54897 -0.285303 -2.30033
564.351 540.463 5.70409 0.495674 -2.12832
504.631 600.183 6.17682 0.808073 -2.09623
606.155 283.669 5.4311 -0.50151 -2.21707
537.477 206.033 6.68972 -0.808715 -2.57369
1015.23 352.346 3.52822 -0.365493 -2.40595
1373.55 394.15 2.57173 -0.311596 -2.6298
1346.68 391.164 2.56626 -0.322314 -2.52443
1307.86 337.416 2.72492 -0.440554 -2.59376
1860.27 492.687 1.5505 -0.215045 -2.58317
1382.51 492.687 2.42522 -0.115312 -2.45845
1310.85 489.701 2.72298 -0.0646902 -2.65058
740.524 537.477 4.66745 0.323063 -2.26754
528.519 415.052 5.9788 0.020822 -2.1554
519.561 328.458 5.94908 -0.322717 -2.10841
570.323 492.687 5.74458 0.303825 -2.19594
522.547 465.814 6.04838 0.238097 -2.15378
1675.14 615.113 1.8453 0.0651095 -2.59224
1678.12 474.772 1.89239 -0.204068 -2.63924
1068.98 480.743 3.42641 -0.0055696 -2.53776
997.319 480.743 3.44783 -0.0211489 -2.24708
970.445 639.001 3.70661 0.471496 -2.4261
1003.29 597.197 3.62201 0.367073 -2.48036
1421.33 824.132 2.27844 0.621359 -2.47592
1833.39 913.711 1.48631 0.552962 -2.52743
1382.51 818.16 2.36724 0.622896 -2.44658
907.739 689.762 3.89634 0.687443 -2.35049
928.641 241.865 3.72949 -0.664579 -2.26778
800.244 101.523 9.20172 -1.77678 -5.85322
799.049 100.329 9.30977 -1.78826 -5.92946
1401.02 240.073 2.51253 -0.653532 -2.60131
1139.45 730.969 3.05071 0.60989 -2.42363
1590.93 727.386 2.00423 0.372104 -2.64959
863.547 372.651 4.18446 -0.261753 -2.40744
1845.34 290.238 1.64309 -0.579051 -2.6687
781.134 981.792 3.22227 1.01024 -1.38455
1451.19 573.309 2.33769 0.0603842 -2.60839
1207.53 748.885 2.91628 0.634558 -2.5523
1264.86 680.805 2.76638 0.422541 -2.57513
1211.12 673.638 2.9617 0.455532 -2.60376
1691.26 250.823 1.92386 -0.643581 -2.65103
472.98 247.24 7.73 -0.634956 -2.74629
476.563 225.74 6.35889 -0.719647 -2.14669
1777.26 544.644 1.68714 -0.0967457 -2.60538
673.638 480.146 5.23155 0.221578 -2.34882
1135.87 519.561 3.11884 0.0666425 -2.47239
1823.84 394.15 1.64004 -0.382125 -2.6138
1759.34 315.32 1.79816 -0.527633 -2.70326
1633.93 379.817 2.00433 -0.379489 -2.65018
1630.35 318.903 2.04924 -0.508124 -2.70672
1626.76 637.806 1.93104 0.136894 -2.60143
1114.37 333.236 3.26323 -0.425235 -2.51323
831.298 354.735 4.3426 -0.309186 -2.40043
1777.26 458.647 1.71054 -0.255352 -2.62032
476.563 619.89 6.71685 1.01829 -2.23071
505.229 598.391 6.04379 0.778224 -2.0512
1719.93 677.221 1.74414 0.179494 -2.59319
713.053 311.737 4.84297 -0.426568 -2.27764
641.39 318.903 5.41987 -0.373203 -2.35677
1279.2 494.479 2.63821 -0.0818656 -2.39527
1626.76 505.229 1.96364 -0.144209 -2.60722
1633.93 426.399 2.03742 -0.280254 -2.75009
1709.18 394.15 1.82889 -0.373946 -2.59528
1684.1 376.234 1.85884 -0.404684 -2.55786
795.466 616.307 4.7508 0.641811 -2.55287
745.302 634.223 4.59625 0.651107 -2.2082
813.382 594.808 4.36515 0.472771 -2.34171
1257.7 627.057 2.55667 0.178295 -2.22036
1289.95 584.059 2.84847 0.21154 -2.7628
813.382 422.815 4.44191 -0.0864863 -2.41617
734.552 429.982 4.75021 -0.020257 -2.31335
1375.94 766.801 2.47989 0.575276 -2.60892
1304.28 734.552 2.62525 0.52348 -2.51633
1340.11 698.72 2.52011 0.409229 -2.52152
609.141 644.973 5.77025 0.958758 -2.36582
569.726 598.391 5.96971 0.795669 -2.29022
605.558 283.071 5.38881 -0.506276 -2.182
569.726 490.896 5.82425 0.310106 -2.24222
1372.36 390.567 2.552 -0.319732 -2.60739
1383.11 333.236 2.6145 -0.446492 -2.72001
1307.86 354.735 2.66279 -0.400676 -2.51424
985.375 505.229 3.70903 0.0953774 -2.485
598.391 318.903 5.68982 -0.366336 -2.32929
519.561 326.07 6.1281 -0.317869 -2.20625
1229.03 397.733 2.89541 -0.283934 -2.53993
1272.03 336.819 3.03422 -0.414766 -2.88938
1196.78 340.402 3.011 -0.421169 -2.55354
1028.37 401.316 3.56329 -0.219606 -2.50223
1669.76 601.974 1.84431 0.0377923 -2.58195
1723.51 580.475 1.77859 -0.00885638 -2.6103
1698.43 537.477 1.82218 -0.0903686 -2.56894
1723.51 433.565 1.8013 -0.297589 -2.61315
1014.04 641.39 3.53105 0.481869 -2.43631
1021.21 558.976 3.64728 0.271458 -2.5892
1519.27 988.958 2.0086 0.912493 -2.45109
1454.77 791.883 2.17082 0.509908 -2.41007
1060.62 705.887 3.4472 0.667951 -2.54393
1139.45 852.797 3.11389 0.991831 -2.52496
1261.28 985.375 2.36755 0.883796 -2.02282
1379.52 813.382 2.36012 0.620079 -2.4413
1444.02 229.324 2.37997 -0.681 -2.5395
1429.69 78.83 2.4426 -1.00437 -2.53846
1748.59 78.83 1.82014 -0.959594 -2.55927
1035.54 93.1627 8.644 -1.95967 -7.79003
526.728 906.545 4.04022 1.07192 -1.17408
154.077 971.042 4.15784 0.995587 -0.350833
662.889 128.995 9.75348 -1.55267 -5.06471
874.296 297.404 3.99828 -0.501804 -2.28977
752.468 265.155 4.85932 -0.576802 -2.47115
455.781 167.693 6.58897 -0.960517 -2.17267
1569.43 722.369 1.84483 0.203687 -2.15971
902.962 550.377 3.79482 0.231156 -2.21652
1449.04 447.181 2.33632 -0.217603 -2.55316
1126.55 408.483 3.00625 -0.259416 -2.2812
730.969 429.982 4.61104 -0.0517728 -2.18187
675.071 477.28 5.17858 0.204842 -2.30732
958.859 352.585 3.85406 -0.349307 -2.50147
890.062 348.285 4.12499 -0.344288 -2.46558
653.572 636.373 5.31559 0.818059 -2.29795
683.671 558.976 5.12545 0.491469 -2.28941
1780.12 541.777 1.67946 -0.104843 -2.59804
1728.53 356.885 1.80337 -0.449444 -2.59304
1633.93 318.187 2.03284 -0.510426 -2.67388
795.466 614.874 4.36255 0.536944 -2.23881
743.869 580.475 5.20855 0.620169 -2.63004
537.477 374.084 6.04939 -0.134111 -2.23222
808.366 442.881 4.61897 -0.00148466 -2.48936
1092.15 507.379 3.49629 0.0962094 -2.70986
1582.33 649.273 2.05289 0.223279 -2.68755
1732.83 748.168 1.72245 0.330995 -2.64365
1122.25 653.572 3.08636 0.405988 -2.37911
1130.85 546.077 2.93557 0.0687196 -2.23187
1818.82 395.583 1.66103 -0.384667 -2.69404
1758.63 313.887 1.79039 -0.52472 -2.67434
1298.55 735.269 2.75519 0.586664 -2.71775
1384.54 494.479 2.54655 -0.0762448 -2.6752
640.673 365.485 5.53004 -0.200398 -2.42109
713.77 313.887 4.71789 -0.43703 -2.17504
610.574 644.973 5.50169 0.879816 -2.203
1259.85 563.276 2.85095 0.137882 -2.64527
1294.25 399.883 2.76176 -0.286226 -2.61567
1380.24 356.885 2.67006 -0.388723 -2.80283
623.474 189.192 5.98707 -0.870203 -2.61341
984.658 503.079 3.93497 0.146719 -2.72351
1019.06 447.181 3.81593 -0.0624174 -2.74276
993.258 481.58 3.77201 0.0381591 -2.59105
1229.75 490.179 3.16839 0.0104168 -2.91467
1225.45 425.682 2.96564 -0.198839 -2.63231
1246.95 339.686 2.87032 -0.430443 -2.54163
1629.63 636.373 1.92877 0.130812 -2.60543
1633.93 563.276 1.93924 -0.0159938 -2.61451
1629.63 503.079 1.96023 -0.142825 -2.61027
515.978 511.678 5.98393 0.410524 -2.08466
1014.76 352.585 3.61525 -0.35878 -2.49832
967.459 636.373 3.76657 0.520105 -2.48872
1449.04 649.273 2.24714 0.216613 -2.47117
1522.14 988.958 2.0086 0.912493 -2.45109
1595.23 804.066 1.918 0.469539 -2.48421
1831.72 821.265 1.54541 0.436155 -2.67108
1728.53 808.366 1.71367 0.463801 -2.63866
1057.76 709.47 3.4472 0.667951 -2.54393
1010.46 988.958 2.81415 0.978691 -1.74193
1259.85 984.658 2.4038 0.912498 -2.0625
1384.54 816.965 2.40041 0.646414 -2.51325
1526.44 167.693 2.22574 -0.806642 -2.5704
1689.83 249.389 1.92986 -0.64386 -2.65454
1758.63 103.196 1.80507 -0.911071 -2.57367
1100.75 275.188 3.23571 -0.579895 -2.41427
967.459 292.388 3.8681 -0.529201 -2.53613
1397.44 240.79 2.43279 -0.65749 -2.45537
576.176 662.172 6.07786 1.14143 -2.38137
761.068 898.662 4.07494 1.27762 -1.92503
928.761 812.666 3.83838 1.09161 -2.39217
408.483 662.172 6.62572 1.13223 -1.86801
872.863 296.687 4.00542 -0.504835 -2.28909
1346.7 464.38 2.49484 -0.170344 -2.41486
1774.96 541.777 1.68022 -0.10631 -2.59913
1377.66 572.736 2.44134 0.0776975 -2.52401
1289.95 562.416 2.72192 0.114123 -2.58873
495.339 159.953 7.78795 -1.09504 -2.88438
639.813 366.345 5.45391 -0.196135 -2.34029
1449.9 644.973 2.24714 0.216613 -2.47117
1444.74 536.617 2.38296 0.00361422 -2.6542
1444.74 448.901 2.38725 -0.213089 -2.63463
1630.49 376.664 1.9824 -0.397801 -2.60547
1630.49 319.906 2.03899 -0.504137 -2.68502
1093.87 608.854 3.38635 0.366347 -2.61804
1676.93 743.009 1.76067 0.295915 -2.48302
608.854 572.736 6.7293 0.913755 -2.91986
552.097 206.391 6.70347 -0.816969 -2.65649
562.416 536.617 5.92326 0.52106 -2.26405
1274.47 366.345 2.84636 -0.363393 -2.64832
1197.07 340.546 3.02047 -0.427137 -2.56357
1676.93 598.535 1.76831 -0.00748895 -2.40474
1625.33 634.653 1.93389 0.134936 -2.60128
1630.49 588.215 1.94062 0.0372717 -2.61911
1635.65 448.901 2.01983 -0.231109 -2.71069
1774.96 459.221 1.71141 -0.254702 -2.61312
995.838 500.499 3.37987 0.00939746 -2.20278
990.678 479.86 3.62037 0.0213287 -2.43701
1253.83 510.818 2.84011 -0.00158648 -2.58877
1248.67 448.901 2.88456 -0.162592 -2.63063
1253.83 603.694 2.90985 0.265225 -2.71421
428.262 634.653 7.51443 1.27006 -2.33751
964.879 634.653 3.74354 0.510945 -2.46431
1062.92 552.097 3.36374 0.200763 -2.4634
1589.21 727.529 1.96316 0.328094 -2.54005
1558.25 804.926 2.05161 0.536742 -2.61815
1264.15 681.091 2.8328 0.452683 -2.67228
959.719 887.482 3.49028 1.12231 -2.19715
1129.99 794.606 3.19753 0.858864 -2.59487
1486.02 170.273 2.29169 -0.798197 -2.5351
1573.73 397.303 2.09024 -0.347029 -2.59108
1728.53 356.025 1.81271 -0.453525 -2.612
1099.03 273.468 3.15423 -0.582499 -2.31613
1274.47 299.267 2.78017 -0.526555 -2.53133
1129.99 495.339 3.20577 0.0194218 -2.55299
407.623 660.452 6.50584 1.09791 -1.81753
872.003 294.108 3.96072 -0.513212 -2.23493
810.086 299.267 4.3327 -0.479987 -2.3148
949.4 108.355 8.06608 -1.72162 -6.29025
779.127 361.185 4.51596 -0.289685 -2.30227
510.818 257.989 4.90104 -0.618626 -1.60899
736.817 625.366 4.68285 0.653381 -2.24348
705.858 557.256 5.64245 0.615552 -2.74978
662.516 588.215 5.33443 0.607731 -2.3096
1442.68 532.49 2.2836 -0.0280721 -2.48909
1442.68 445.805 2.51755 -0.185711 -2.84059
1696.54 390.08 1.80938 -0.391064 -2.47618
1609.85 414.846 2.03561 -0.309747 -2.67142
1114.51 340.546 3.19813 -0.428734 -2.4464
1250.73 507.723 2.84553 -0.00521455 -2.59941
1634.62 730.625 1.91194 0.342706 -2.67015
606.79 643.941 5.62307 0.844481 -2.29001
563.448 538.681 5.89604 0.51098 -2.23684
1380.76 359.121 2.77386 -0.359886 -2.96672
1671.77 501.531 1.88135 -0.153087 -2.60102
1628.43 495.339 1.9778 -0.149878 -2.62245
1677.96 458.189 1.87645 -0.238739 -2.60662
1634.62 451.997 2.01732 -0.228345 -2.69689
1628.43 631.557 1.94931 0.132294 -2.62197
1690.34 569.64 1.86631 -0.00387114 -2.72254
1634.62 588.215 1.93932 0.0350168 -2.62069
1721.3 637.749 1.76015 0.108026 -2.6283
1219.77 643.941 3.0559 0.418935 -2.75445
1287.88 606.79 2.68001 0.215065 -2.53245
1318.84 575.832 2.69841 0.158466 -2.6725
996.87 396.271 3.62637 -0.244243 -2.44302
965.911 346.737 3.58552 -0.376695 -2.24293
965.911 631.557 3.77971 0.520246 -2.49849
1064.98 551.065 3.33269 0.177712 -2.42522
1275.5 365.313 2.84636 -0.363393 -2.64832
1195.01 334.354 3.06708 -0.422603 -2.62587
1448.87 705.858 2.32091 0.39206 -2.6334
1448.87 643.941 2.12315 0.146433 -2.24817
1727.5 749.2 1.76758 0.396733 -2.86014
1560.32 804.926 2.08341 0.549176 -2.69247
1126.9 656.324 3.06715 0.407984 -2.38159
1064.98 705.858 3.34814 0.620642 -2.45769
1126.9 551.065 3.10766 0.131139 -2.43142
1232.16 681.091 2.9254 0.476309 -2.65346
1126.9 792.543 3.24988 0.880685 -2.64324
1368.37 761.584 2.45971 0.556232 -2.55442
1572.7 309.587 2.0733 -0.530112 -2.53844
1442.68 315.779 2.53834 -0.479765 -2.824
1671.77 210.519 1.99203 -0.717041 -2.7247
1597.47 383.888 2.02529 -0.381465 -2.56309
1777.03 458.189 1.71232 -0.254324 -2.61608
1275.5 253.861 2.70797 -0.630071 -2.35998
792.543 606.79 4.42738 0.527547 -2.27796
489.147 650.133 6.85899 1.20757 -2.3625
390.08 662.516 6.91472 1.21258 -1.90394
507.723 600.599 6.81154 0.966623 -2.42633
489.147 848.268 4.26681 0.998315 -1.17883
712.05 309.587 4.82473 -0.435299 -2.25402
600.599 315.779 5.33515 -0.399914 -2.10324
643.941 365.313 5.33264 -0.208197 -2.26103
817.31 532.49 4.38375 0.271602 -2.35192
780.159 359.121 4.51596 -0.289685 -2.30227
408.655 123.835 7.75464 -1.20663 -2.47453
1597.47 378.934 2.05894 -0.378725 -2.64038
1679.2 743.009 1.74232 0.267274 -2.42066
1634.62 735.579 1.91698 0.351312 -2.6623
1671.77 601.837 1.70202 -0.0299855 -2.19436
1627.19 594.407 1.9585 0.048531 -2.62948
965.911 631.557 3.74358 0.485344 -2.47092
1359.71 646.418 2.7683 0.373567 -2.95445
1448.87 705.858 2.32091 0.39206 -2.6334
1255.68 505.246 2.84553 -0.00521455 -2.59941
1248.25 445.805 2.81502 -0.137506 -2.51451
995.632 497.816 3.65969 0.0670981 -2.49235
1017.92 445.805 3.65355 -0.0777583 -2.57635
1270.54 364.074 2.8539 -0.359123 -2.66149
1196.24 334.354 3.06708 -0.422603 -2.62587
1723.78 579.547 1.78135 -0.00267029 -2.60284
1567.75 802.449 2.02092 0.510261 -2.5764
1441.44 787.589 2.30157 0.545991 -2.5834
1656.91 750.439 1.87372 0.363751 -2.656
1062.5 705.858 3.22216 0.568404 -2.32081
1567.75 312.064 2.1832 -0.518591 -2.72716
1738.64 297.203 1.80831 -0.53374 -2.65084
1627.19 326.924 2.05987 -0.496806 -2.72683
1575.18 393.795 2.0836 -0.355064 -2.59026
1434.01 408.655 2.37965 -0.298817 -2.5754
1092.22 274.913 3.33182 -0.581055 -2.50761
1300.27 319.494 2.76352 -0.475176 -2.61004
1121.94 445.805 2.98572 -0.179113 -2.26013
1114.51 334.354 3.15012 -0.42171 -2.38109
1307.7 482.956 2.483 -0.127239 -2.29781
572.117 668.708 5.55313 0.955317 -2.06795
601.837 557.256 5.24803 0.495623 -2.07302
899.04 676.138 4.47239 0.865952 -2.83018
899.04 549.826 3.77887 0.223684 -2.18846
482.956 646.418 6.85484 1.22186 -2.34269
705.858 312.064 4.74764 -0.441328 -2.19048
809.879 297.203 4.19386 -0.492276 -2.22357
735.579 534.966 4.45645 0.255381 -2.05358
594.407 460.665 5.55115 0.165629 -2.20465
646.418 371.504 5.2988 -0.214121 -2.2422
572.117 364.074 5.38948 -0.227479 -2.05088
772.729 364.074 4.51596 -0.289685 -2.30227
482.956 237.763 7.72306 -0.653811 -2.76315
497.816 163.462 7.76505 -1.07662 -2.87753
1087.76 624.127 4.0729 0.74241 -3.37191
1061.02 552.798 3.4629 0.219343 -2.55397
1292.84 731.121 2.72689 0.557481 -2.65649
1444.41 517.134 2.47316 0.00572074 -2.84723
1275 249.651 2.81791 -0.636641 -2.577
1613.81 517.134 2.03833 -0.0921553 -2.68804
1622.73 490.386 1.97005 -0.161195 -2.59253
1622.73 633.043 1.9411 0.123835 -2.59678
1578.15 624.127 2.03582 0.146299 -2.61515
1444.41 579.547 2.28304 0.0522634 -2.46085
1729.72 641.96 1.67506 0.0582728 -2.41732
1578.15 722.204 2.04272 0.363735 -2.67652
1676.23 633.043 1.85376 0.106091 -2.62198
1364.16 757.869 2.52519 0.575999 -2.64866
1702.98 757.869 1.85045 0.401596 -2.81444
1569.23 802.449 2.00997 0.518527 -2.5523
1123.43 659.792 3.08549 0.412091 -2.38444
1221.51 677.624 2.93424 0.454315 -2.6292
1212.59 740.037 2.87942 0.5955 -2.5206
1435.49 320.98 2.44135 -0.49352 -2.66289
1480.07 178.322 2.3563 -0.79308 -2.55847
1390.91 240.735 2.49798 -0.659859 -2.5656
1676.23 258.567 1.9169 -0.629732 -2.57532
1435.49 401.225 2.70094 -0.298466 -3.1143
1676.23 454.721 1.88227 -0.266431 -2.59384
1595.98 374.476 2.04089 -0.382328 -2.60343
1016.44 285.315 3.76472 -0.552416 -2.66121
1203.67 329.896 3.02788 -0.434502 -2.59403
1105.6 517.134 3.44806 0.0978625 -2.72457
1016.44 445.805 3.29426 -0.138836 -2.20882
962.939 356.644 3.84683 -0.348867 -2.52599
1310.67 481.47 2.35665 -0.175488 -2.09712
1275 365.56 2.83803 -0.365076 -2.62413
891.61 677.624 4.05217 0.697625 -2.45012
534.966 668.708 5.45552 0.896988 -1.87093
481.47 606.295 5.6824 0.674964 -1.87066
374.476 633.043 7.91337 1.33734 -2.20661
713.288 205.07 5.8841 -0.822641 -2.90982
650.876 169.406 5.41351 -0.928101 -2.34778
561.715 454.721 6.29491 0.243581 -2.44824
820.282 526.05 4.17229 0.226642 -2.21032
882.694 347.728 4.13328 -0.340557 -2.47262
775.701 365.56 4.50544 -0.277789 -2.28734
481.47 231.819 5.83231 -0.682097 -1.9073
445.805 222.903 6.01851 -0.701529 -1.87624
329.896 374.476 8.01926 0.0198906 -2.10063
909.443 802.449 3.81976 1.02601 -2.2999
