1121 339 0.65994 0.437613 5.50867
1224.3 239.8 0.73092 0.575086 6.89764
1089 222.2 1.05765 0.653834 7.26421
1061.5 350.9 0.807015 0.412506 5.24112
1029.6 537.9 1.29976 1.28343 8.202
1071.4 379.5 1.25569 1.14022 8.19038
1029.6 453.2 1.29682 1.20813 8.19756
1120.46 271.04 0.897578 0.57396 6.71041
1177.33 192.39 0.920845 0.622398 7.30473
1190.64 271.04 0.734935 0.566628 6.66254
1061.17 350.9 0.839739 0.461855 5.45705
1029.71 537.24 1.29976 1.28343 8.202
1076.9 672.76 1.2672 1.39519 8.21519
1103.52 629.2 1.24674 1.359 8.22221
1096.26 515.46 1.24661 1.26476 8.21557
1072.06 470.69 1.26536 1.22835 8.22599
1089 221.43 1.02378 0.58904 7.08256
1143.33 240.911 0.945953 0.655625 7.15634
1191.25 271.524 0.734935 0.566628 6.66254
1120.7 339.405 0.662915 0.441441 5.51637
1062.14 350.053 0.82646 0.43763 5.36544
1032.86 581.647 1.29987 1.321 8.21277
1078.11 673.486 1.26545 1.39524 8.19915
1030.19 670.824 1.30133 1.39567 8.16923
1103.4 629.563 1.24674 1.359 8.22221
1054.15 625.57 1.28372 1.35839 8.21224
1050.16 513.766 1.28064 1.26156 8.18111
1028.86 452.54 1.29829 1.21173 8.21995
1070.26 338.207 0.830345 0.447132 5.57725
1061.47 349.92 0.82646 0.43763 5.36544
1190.31 323.566 0.523779 0.472387 5.8211
1142 240.112 0.896712 0.578744 6.92923
1120.04 270.859 0.897578 0.57396 6.71041
1177.14 193.261 0.910125 0.608688 7.2671
1118.57 339.671 0.662915 0.441441 5.51637
1222.52 240.112 0.73092 0.575086 6.89764
1190.31 270.859 0.734935 0.566628 6.66254
1209.35 398.235 0.499959 0.714157 5.87695
1029.26 625.171 1.30141 1.35744 8.19549
1051.22 601.745 1.28427 1.33732 8.20707
1074.65 557.822 1.26276 1.3002 8.19102
1029.26 452.407 1.2968 1.21141 8.21038
1120.92 270.566 0.897578 0.57396 6.71041
1190.17 323.713 0.523779 0.472387 5.8211
1062.94 349.481 0.82646 0.43763 5.36544
1222.38 239.966 0.73092 0.575086 6.89764
1190.17 270.566 0.734935 0.566628 6.66254
1119.3 338.207 0.662915 0.441441 5.51637
1209.49 397.796 0.492062 0.705796 5.84394
1075.82 397.796 1.24739 1.15185 8.15707
1029.12 669.972 1.30014 1.39624 8.15739
1030.73 624.878 1.30074 1.35765 8.18795
1032.34 581.394 1.29987 1.321 8.21277
1074.21 558.847 1.26332 1.30036 8.19708
1090.32 450.943 1.25068 1.21253 8.2337
1042 447.722 1.28418 1.20151 8.17571
1090.32 222.25 1.0263 0.595928 7.10398
1194.03 370.256 0.432856 0.540728 5.47475
1066.48 425.175 1.26748 1.18888 8.22327
1043.45 425.175 1.28747 1.19222 8.25011
1054.08 625.361 1.28166 1.35837 8.19602
1070.02 581.072 1.27136 1.32207 8.22876
1032.82 581.072 1.30182 1.32203 8.23206
1091.28 538.555 1.24965 1.28378 8.2047
1029.28 536.783 1.29856 1.28488 8.21
1089.51 494.266 1.24859 1.24716 8.20427
1048.76 511.981 1.28146 1.26186 8.18846
1066.48 448.205 1.26867 1.21006 8.22896
1029.28 451.748 1.29062 1.20065 8.12936
1091.28 221.445 1.02409 0.594026 7.09896
1119.63 338.368 0.662915 0.441441 5.51637
1222.38 239.161 0.729451 0.570372 6.8813
1065.95 424.82 1.26616 1.18742 8.21361
1075.69 395.59 1.25375 1.15758 8.1996
1210.15 397.538 0.432542 0.663987 5.61853
1077.64 625.538 1.25485 1.35781 8.12444
1054.26 623.59 1.28008 1.35729 8.17809
1040.62 493.025 1.28998 1.24806 8.21738
1032.82 580.718 1.29372 1.319 8.14148
1091.28 537.846 1.2491 1.28316 8.2003
1042.56 535.897 1.28954 1.28289 8.20682
1062.05 348.82 0.807097 0.40838 5.27138
1118.56 339.077 0.662915 0.441441 5.51637
1221.85 239.692 0.729451 0.570372 6.8813
1052.5 625.928 1.2773 1.35759 8.15336
1101.8 628.072 1.24061 1.35782 8.17672
1101.8 585.2 1.24795 1.32213 8.23529
1114.67 450.154 1.22938 1.20964 8.22059
1073.94 538.041 1.26458 1.28357 8.21519
1088.94 495.169 1.24384 1.24294 8.17101
1039.64 493.025 1.2657 1.22587 8.01355
1063.22 349.405 0.807097 0.40838 5.27138
1116.81 338.687 0.728152 0.516761 5.83303
1219.7 240.082 0.729451 0.570372 6.8813
1121.1 270.092 0.897198 0.573792 6.71844
1091.73 396.135 1.2328 1.14813 8.14512
1193.12 370.198 0.468818 0.570834 5.60471
1138.89 450.368 1.2105 1.21005 8.22404
1065.79 448.01 1.26642 1.20511 8.19911
1042.21 448.01 1.28708 1.20759 8.2183
1117.67 339.545 0.719352 0.503103 5.77159
1219.06 240.511 0.732434 0.569937 6.87861
1122.38 268.806 0.890989 0.56312 6.69023
327.755 47.159 1.68642 1.08511 8.75169
631.93 278.238 1.62965 1.07957 8.3379
499.885 110.824 1.65261 1.04915 8.60565
565.908 47.159 1.67862 0.891073 8.40749
613.066 183.92 1.69448 0.928438 8.18611
344.26 172.13 1.76907 1.07388 8.58517
424.431 139.119 1.67828 1.08827 8.65179
221.647 542.328 1.74568 1.32924 8.70333
330.113 627.214 1.75311 1.37366 8.57349
108.466 605.993 1.7606 1.36141 8.75941
297.101 462.158 1.69259 1.28922 8.72909
509.317 542.328 1.69781 1.31045 8.41264
794.628 346.618 1.6255 0.774274 6.85373
893.662 304.175 1.40041 0.504312 6.23154
641.362 162.698 1.67004 0.891292 8.1545
780.481 198.068 1.5422 0.856897 7.95214
959.685 63.6646 1.32108 0.664669 7.90207
832.356 667.299 1.54948 1.4707 6.73577
794.628 473.948 1.58523 1.11736 7.26924
740.396 476.306 1.63754 1.15809 7.58786
608.351 457.442 1.66666 1.22133 8.25372
570.623 558.834 1.71192 1.31357 8.20922
726.248 570.623 1.66688 1.2956 7.53703
672.015 431.504 1.64773 1.1658 8.06984
700.311 407.925 1.62237 1.13581 8.0394
622.498 426.789 1.6579 1.19355 8.24669
440.936 297.101 1.65021 1.19408 8.67404
473.948 287.67 1.73609 1.11122 8.42926
422.073 320.681 1.67106 1.20004 8.64945
365.482 308.891 1.76744 1.15885 8.53958
377.272 386.703 1.76239 1.21164 8.51936
99.0338 488.095 1.75806 1.31053 8.77769
672.015 452.726 1.65328 1.18565 8.03878
669.657 481.021 1.65578 1.21683 8.03722
188.636 186.278 1.67289 1.20387 8.85544
132.045 141.477 1.76723 1.14333 8.78036
160.34 240.511 1.67836 1.22548 8.85848
726.248 294.743 1.6821 0.842158 7.48515
547.044 450.368 1.67966 1.23538 8.3916
297.101 438.578 1.6918 1.27878 8.73143
120.255 443.294 1.75764 1.28819 8.77043
99.0338 535.254 1.75394 1.33087 8.77915
834.714 372.556 1.54011 0.785514 6.65967
688.521 528.18 1.64288 1.26397 7.98355
587.129 631.93 1.70355 1.38104 8.17485
598.919 653.152 1.69742 1.40328 8.15856
141.477 419.715 1.75623 1.2757 8.7598
157.983 292.386 1.66609 1.25001 8.86964
483.379 575.339 1.7069 1.33523 8.44356
374.914 598.919 1.74748 1.35372 8.52945
139.119 603.635 1.76617 1.35996 8.7298
143.835 669.657 1.7362 1.38626 8.76231
325.826 68.5948 1.69047 1.0907 8.74238
632.359 276.523 1.63192 1.07537 8.32674
570.195 49.3025 1.68037 0.886582 8.38945
512.318 192.923 1.67787 1.06417 8.5044
613.066 184.349 1.70243 0.915947 8.15648
465.159 40.7282 1.69615 0.975421 8.56641
330.113 628.072 1.75304 1.37364 8.5722
488.738 636.646 1.71907 1.38036 8.38968
439.436 615.21 1.71353 1.36453 8.50097
883.159 248.656 1.42462 0.57645 6.93856
893.877 304.39 1.40041 0.504312 6.23154
851.005 145.764 1.46604 0.598053 7.53507
917.456 192.923 1.36034 0.62378 7.37566
720.246 40.7282 1.54945 0.889974 8.38947
640.933 162.913 1.67046 0.889232 8.15211
825.282 610.923 1.59595 1.35616 6.27646
836 490.882 1.5511 1.05702 6.50628
741.682 478.02 1.63945 1.15563 7.5696
608.779 458.728 1.66644 1.2219 8.25281
593.774 503.743 1.69445 1.26182 8.1974
625.928 345.118 1.62923 1.13973 8.3518
655.938 520.892 1.6735 1.25939 8.0124
696.666 505.887 1.63129 1.24066 7.99222
379.415 387.99 1.76239 1.21164 8.51936
366.554 424.431 1.73258 1.2469 8.58684
673.087 430.861 1.64773 1.1658 8.06984
439.436 297.959 1.65084 1.1942 8.6719
726.677 572.338 1.65833 1.3005 7.59367
66.4513 250.8 1.77171 1.20709 8.80475
135.046 553.046 1.76993 1.33786 8.73362
120.041 443.723 1.7581 1.28785 8.76876
126.472 499.456 1.75979 1.31192 8.75833
726.677 295.815 1.67252 0.862 7.549
763.118 285.097 1.63631 0.782371 7.36069
778.123 323.682 1.63104 0.796912 7.13318
621.641 426.574 1.65748 1.19428 8.25264
100.749 538.041 1.75848 1.32959 8.77283
102.892 591.631 1.78621 1.3546 8.73086
600.205 655.938 1.67629 1.39978 8.22196
514.461 463.015 1.73387 1.23518 8.31393
548.759 450.154 1.67966 1.23538 8.3916
222.933 544.472 1.74648 1.32937 8.70164
214.359 591.631 1.76402 1.35257 8.67829
450.154 514.461 1.66391 1.30358 8.60807
160.769 240.082 1.67778 1.22552 8.8592
544.472 542.328 1.67941 1.30865 8.38717
508.031 574.482 1.67623 1.33573 8.4809
141.477 420.143 1.7549 1.27634 8.7632
372.984 445.867 1.76548 1.24853 8.51306
375.128 460.872 1.70585 1.27475 8.62179
147.908 668.8 1.73744 1.3863 8.75903
516.605 66.4513 1.69954 0.939783 8.46216
499.456 111.467 1.65261 1.04915 8.60565
484.451 576.625 1.71316 1.33482 8.42663
424.431 139.333 1.67276 1.09488 8.66321
370.841 585.2 1.7697 1.34525 8.49576
375.128 600.205 1.7536 1.35502 8.51659
192.923 450.154 1.75634 1.28478 8.72104
218.646 520.892 1.75627 1.31758 8.69243
235.795 482.308 1.74767 1.29787 8.69526
325.436 66.2564 1.68921 1.09146 8.74526
633.333 276.718 1.62824 1.07917 8.33726
627.487 37.0256 1.63154 0.875442 8.38969
514.461 194.872 1.67719 1.0654 8.50604
613.846 185.128 1.70054 0.918865 8.15901
356.615 629.436 1.74037 1.37417 8.56264
894.461 304 1.40087 0.528429 6.32992
834.051 70.1538 1.47457 0.690519 7.9652
851.589 146.154 1.47035 0.581975 7.48533
917.846 192.923 1.36013 0.612572 7.33946
789.231 165.641 1.52956 0.827891 7.98389
958.769 138.359 1.30715 0.636324 7.61982
947.077 399.487 1.17574 0.467478 4.65454
808.718 518.359 1.59048 1.16337 6.89977
705.436 393.641 1.60988 1.12846 8.08221
674.256 430.667 1.64773 1.1658 8.06984
120.82 167.59 1.75975 1.16375 8.79415
672.307 454.051 1.65419 1.18624 8.02825
697.641 504.718 1.63261 1.23842 7.9736
518.359 407.282 1.74331 1.18255 8.29291
625.538 487.179 1.68004 1.24014 8.1443
352.718 257.231 1.74087 1.14879 8.61603
426.769 399.487 1.6496 1.25156 8.68284
434.564 415.077 1.65587 1.25579 8.65827
190.974 189.026 1.67347 1.20283 8.85377
148.103 549.538 1.76625 1.33378 8.73015
140.308 586.564 1.76393 1.35303 8.73597
385.846 311.795 1.73758 1.16974 8.56151
719.077 526.154 1.63572 1.24966 7.80926
580.718 385.846 1.72062 1.13846 8.17051
619.692 424.82 1.65178 1.19745 8.27681
126.667 496.923 1.76107 1.31104 8.75647
99.3846 487.179 1.7531 1.31083 8.78506
66.2564 249.436 1.76974 1.20809 8.80723
91.5897 274.769 1.76338 1.21574 8.79775
547.59 450.154 1.67896 1.23573 8.39447
206.564 426.769 1.74994 1.2722 8.72022
726.872 296.205 1.6666 0.873882 7.58282
763.897 284.513 1.61382 0.832669 7.53725
374.154 600.205 1.75526 1.35568 8.51347
224.102 545.641 1.74639 1.33001 8.69968
109.128 608 1.76428 1.36238 8.75478
159.795 241.641 1.67899 1.22506 8.85707
101.333 537.846 1.754 1.33219 8.77825
374.154 446.256 1.68831 1.27276 8.65897
498.872 111.077 1.65435 1.04791 8.60094
418.974 487.179 1.66558 1.29307 8.64678
296.205 438.461 1.69356 1.27827 8.72652
192.923 450.154 1.76343 1.28295 8.70912
510.564 543.692 1.69623 1.31168 8.41656
541.743 541.743 1.67342 1.30869 8.41305
508.615 572.923 1.67911 1.33523 8.46987
479.384 621.641 1.72949 1.37006 8.38214
658.666 608 1.68989 1.35647 7.91411
323.487 530.051 1.75143 1.31574 8.59461
489.128 635.282 1.71907 1.38036 8.38968
405.333 124.718 1.69004 1.0795 8.65376
839.897 288.41 1.49957 0.801334 7.38724
863.282 344.923 1.47038 0.769678 6.85917
325.967 44.289 1.68632 1.08448 8.7528
499.58 111.608 1.66397 1.03682 8.57604
894.638 302.937 1.40087 0.528429 6.32992
834.405 70.8624 1.48082 0.657149 7.89423
917.669 193.1 1.36034 0.62378 7.37566
767.086 189.557 1.55831 0.853295 7.97115
949.557 302.937 1.2619 0.592356 6.55942
960.186 60.2331 1.32149 0.667399 7.90928
960.186 138.182 1.3062 0.635172 7.61507
791.888 483.636 1.59785 1.12741 7.22119
807.832 519.067 1.59048 1.16337 6.89977
607.645 473.007 1.66129 1.23822 8.27726
605.874 492.494 1.66997 1.25463 8.24502
570.443 558.042 1.70675 1.31376 8.22855
379.114 386.2 1.75696 1.21344 8.52841
673.193 453.52 1.65839 1.18357 8.01066
581.072 386.2 1.71714 1.14187 8.18649
620.046 426.946 1.65673 1.19478 8.25706
207.273 426.946 1.75829 1.27071 8.70849
719.254 526.154 1.63682 1.24887 7.8057
458.834 435.804 1.65711 1.26181 8.61911
120.466 168.298 1.77146 1.15705 8.77945
386.2 311.795 1.73088 1.17361 8.57515
99.2074 487.179 1.7595 1.30999 8.77606
139.953 588.158 1.76515 1.35283 8.73399
205.501 233.846 1.66306 1.2223 8.85465
689.137 527.925 1.64268 1.2648 7.98646
191.329 189.557 1.67316 1.2032 8.85201
92.1212 274.592 1.77335 1.21228 8.78481
515.524 462.377 1.7276 1.23671 8.3285
547.412 451.748 1.67896 1.23573 8.39447
161.212 469.464 1.76626 1.29544 8.72885
761.771 283.45 1.63659 0.79058 7.38835
779.487 322.424 1.62018 0.819668 7.23553
161.212 240.932 1.67975 1.22492 8.85581
372.028 584.615 1.78009 1.34435 8.47223
449.977 513.753 1.66549 1.30397 8.60304
193.1 449.977 1.75962 1.28331 8.71586
586.387 632.447 1.70355 1.38104 8.17485
598.788 655.478 1.67335 1.40028 8.23472
513.753 194.872 1.67704 1.06542 8.50489
510.21 543.869 1.6917 1.31276 8.42936
490.722 582.844 1.71466 1.34001 8.4084
373.799 448.205 1.68706 1.27348 8.66287
175.385 419.86 1.759 1.27199 8.73285
464.149 147.04 1.67662 1.07159 8.59977
357.855 630.676 1.74037 1.37417 8.56264
439.347 614.732 1.70387 1.36438 8.52435
405.688 125.781 1.68803 1.0815 8.65748
595.245 271.049 1.6577 1.07731 8.35814
533.24 680.279 1.68172 1.41 8.38794
660.792 609.417 1.6836 1.35632 7.9481
572.214 141.725 1.69982 0.933671 8.31371
604.102 116.923 1.71503 0.835058 8.15691
586.387 155.897 1.68944 0.946493 8.2996
795.431 345.454 1.62155 0.780209 6.88691
864.522 341.911 1.46777 0.782691 6.918
690.909 216.13 1.66956 0.847662 7.89051
44.289 612.96 1.76417 1.36539 8.79437
88.5781 655.478 1.72943 1.38053 8.80608
953.422 272.176 1.25927 0.535844 6.61525
959.864 138.504 1.30398 0.620308 7.57683
798.813 484.764 1.59153 1.11804 7.12329
808.476 518.584 1.59048 1.16337 6.89977
742.445 478.322 1.63412 1.16281 7.60624
597.499 471.879 1.66155 1.24207 8.31048
608.773 460.606 1.66644 1.2219 8.25281
705.403 394.575 1.64327 1.09165 7.88898
671.583 430.006 1.64891 1.16549 8.06891
698.961 409.07 1.62236 1.13989 8.05048
570.121 558.847 1.70675 1.31376 8.22855
518.584 407.459 1.74331 1.18255 8.29291
434.838 417.122 1.6569 1.25604 8.65347
673.193 454.164 1.64475 1.19357 8.07701
624.878 378.47 1.63192 1.16702 8.34268
119.178 167.493 1.7687 1.1587 8.78344
384.912 206.145 1.76666 1.07799 8.52892
634.541 277.008 1.62675 1.07882 8.34041
607.162 344.649 1.64883 1.1377 8.33914
204.535 233.524 1.65742 1.22526 8.8626
99.8516 487.985 1.75468 1.31045 8.78281
832.634 373.638 1.57474 0.681561 6.14707
450.943 484.764 1.68087 1.2833 8.57125
191.651 128.841 1.67548 1.17926 8.85351
191.651 190.04 1.67159 1.20421 8.85458
373.638 602.331 1.75208 1.35643 8.52262
125.62 584.615 1.75194 1.35139 8.7613
239.966 449.332 1.70905 1.28857 8.74994
214.198 521.805 1.75421 1.3182 8.69817
761.771 283.45 1.63659 0.79058 7.38835
779.487 322.102 1.62366 0.811295 7.19951
518.584 30.5997 1.69642 0.911707 8.46989
528.247 46.7048 1.68859 0.925126 8.46868
586.226 632.93 1.70335 1.38176 8.17555
161.051 239.966 1.6778 1.22586 8.85903
508.921 544.352 1.69136 1.31366 8.42893
542.742 544.352 1.67693 1.30902 8.39979
508.921 573.342 1.69435 1.33303 8.42354
215.808 541.131 1.75742 1.32755 8.6896
375.249 447.722 1.68831 1.27276 8.65897
389.743 518.584 1.67766 1.31187 8.6552
438.059 647.425 1.71333 1.38656 8.49747
343.039 167.493 1.79147 1.05607 8.54517
376.859 687.688 1.72736 1.40774 8.5551
122.399 442.89 1.75955 1.28781 8.76667
175.546 420.343 1.76087 1.2716 8.72901
491.206 634.541 1.71523 1.37966 8.39696
533.079 681.246 1.68072 1.41352 8.38714
294.723 460.606 1.69601 1.28953 8.72336
296.334 455.774 1.69298 1.28905 8.72884
795.592 346.26 1.63369 0.751517 6.75776
578.173 196.482 1.66561 1.02195 8.38758
603.941 117.567 1.71503 0.835058 8.15691
615.215 186.819 1.69934 0.922418 8.16256
273.787 30.5997 1.70167 1.08736 8.77509
325.323 66.0309 1.68921 1.09146 8.74526
479.932 69.2519 1.67179 1.0159 8.5973
626.488 35.4312 1.63293 0.872052 8.38078
921.212 631.32 1.34925 1.40018 6.38907
499.258 111.125 1.66397 1.03682 8.57604
713.456 41.8733 1.55748 0.886606 8.38243
893.833 302.776 1.40069 0.540837 6.37215
900.275 320.492 1.39021 0.472041 5.93874
834.244 70.8624 1.4802 0.661376 7.90397
834.244 668.362 1.5438 1.46928 6.81328
948.59 318.881 1.22981 0.459113 5.87768
597.353 471.44 1.69546 1.22699 8.18816
604.673 494.866 1.66933 1.25691 8.25185
698.376 408.484 1.6239 1.13717 8.04021
409.948 320.638 1.66946 1.20502 8.66891
778.901 363.097 1.63711 0.866436 7.08586
688.127 527.076 1.63901 1.26512 8.01084
518.291 408.484 1.746 1.18152 8.28318
607.602 344.064 1.64859 1.13825 8.34052
458.263 364.561 1.65609 1.22146 8.63073
385.058 206.438 1.76959 1.07652 8.52226
515.363 461.192 1.71458 1.24113 8.36534
607.602 427.517 1.66354 1.19613 8.27641
169.836 327.958 1.67201 1.25923 8.85404
569.535 559.286 1.7112 1.31295 8.21166
99.5588 487.545 1.74605 1.31089 8.79371
688.127 531.468 1.6449 1.26763 7.97257
373.346 603.209 1.75242 1.35645 8.5211
238.648 420.197 1.76451 1.26105 8.67289
518.291 30.7461 1.69515 0.912554 8.47249
216.687 497.794 1.75679 1.30576 8.69525
761.332 284.035 1.63659 0.79058 7.38835
778.901 322.102 1.62508 0.805642 7.18071
509.507 546.109 1.6883 1.31444 8.43717
541.717 544.645 1.67636 1.30947 8.40414
389.451 519.756 1.6779 1.31209 8.65431
614.922 650.06 1.68532 1.39519 8.12361
597.353 657.381 1.67391 1.40116 8.23471
112.736 270.859 1.76659 1.209 8.78108
161.051 240.112 1.67665 1.22665 8.86042
407.02 124.449 1.69304 1.07636 8.64565
216.687 541.717 1.7636 1.32701 8.67976
225.471 547.573 1.75678 1.32975 8.68237
122.984 442.158 1.7563 1.28852 8.7716
175.692 421.661 1.75898 1.2723 8.73163
357.24 631.027 1.74077 1.37443 8.56235
480.225 626.635 1.7134 1.37395 8.42009
464.12 146.41 1.68619 1.06097 8.57693
294.284 461.192 1.69867 1.28872 8.71817
917.991 398.235 1.28232 0.314563 3.87358
554.894 124.449 1.69114 0.95652 8.39293
689.591 215.223 1.67758 0.832371 7.85054
686.663 259.146 1.65677 0.935995 7.96642
285.5 594.425 1.69499 1.35171 8.7202
686.663 620.778 1.66757 1.37099 7.84953
43.923 614.922 1.76655 1.36565 8.79076
79.0614 674.95 1.74913 1.38935 8.78534
578.32 196.189 1.66685 1.02048 8.38191
594.425 272.323 1.66141 1.07432 8.34532
572.463 142.018 1.70382 0.929172 8.30078
604.673 117.128 1.71427 0.836098 8.15885
273.787 29.282 1.70174 1.08688 8.7739
313.317 27.8179 1.68884 1.07934 8.76052
325.03 65.8845 1.68892 1.09168 8.74588
745.227 670.558 1.64656 1.45143 7.45137
663.237 27.8179 1.59748 0.872995 8.39143
713.017 42.4589 1.55522 0.889963 8.38943
732.05 190.333 1.60248 0.849877 7.96258
767.188 190.333 1.55749 0.854756 7.9749
626.635 36.6025 1.63221 0.873982 8.38344
897.493 319.174 1.38957 0.490524 6.00818
833.073 70.2768 1.4802 0.661376 7.90397
850.642 146.41 1.4701 0.632346 7.59764
797.935 486.081 1.59153 1.11804 7.12329
821.36 472.904 1.55988 1.06668 6.91703
808.183 519.756 1.58645 1.16866 6.94433
672.022 453.871 1.64475 1.19357 8.07701
850.509 146.41 1.4701 0.632346 7.59764
672.155 453.871 1.64475 1.19357 8.07701
717.409 383.328 1.62561 1.07934 7.90842
950.334 302.137 1.25868 0.580505 6.51995
950.334 320.771 1.22625 0.448008 5.82986
732.05 190.333 1.59988 0.857074 7.98165
790.614 166.375 1.53042 0.820352 7.95997
706.761 169.037 1.63251 0.824088 7.9775
662.838 26.62 1.59813 0.871133 8.38846
713.416 42.592 1.55577 0.88705 8.38174
834.537 70.543 1.4802 0.661376 7.90397
728.057 298.144 1.66798 0.872389 7.56954
740.036 191.664 1.58712 0.868251 8.0055
894.432 303.468 1.4024 0.544757 6.3927
834.537 300.806 1.51113 0.811969 7.3428
795.938 344.729 1.62476 0.77141 6.84941
882.453 247.566 1.42685 0.571654 6.9215
427.251 397.969 1.6677 1.2434 8.64086
598.95 472.505 1.68307 1.22988 8.22343
610.929 461.857 1.66832 1.22303 8.24461
545.71 464.519 1.6783 1.24834 8.3996
480.491 626.901 1.71894 1.37268 8.41146
356.708 630.894 1.74338 1.37435 8.55675
348.722 605.605 1.79479 1.36016 8.47539
569.668 559.02 1.70569 1.31424 8.23354
509.773 545.71 1.6883 1.31444 8.43717
540.386 544.379 1.68181 1.30822 8.38626
122.452 441.892 1.75797 1.28802 8.76894
295.482 461.857 1.68432 1.29297 8.74432
238.249 428.582 1.75752 1.26653 8.68084
122.452 670.824 1.73954 1.38777 8.7715
43.923 614.922 1.7662 1.36575 8.79118
141.086 586.971 1.76374 1.35265 8.7351
464.519 146.41 1.68484 1.06254 8.58051
572.33 142.417 1.7007 0.933028 8.30792
604.274 117.128 1.71424 0.835462 8.15756
500.456 111.804 1.66759 1.03244 8.56496
553.696 123.783 1.69444 0.9487 8.38162
519.09 30.613 1.6953 0.912374 8.47131
409.948 320.771 1.67013 1.20466 8.66648
385.99 206.305 1.76496 1.08009 8.53091
634.887 276.848 1.62663 1.07844 8.33814
628.232 346.06 1.63104 1.13827 8.33697
312.785 26.62 1.68912 1.07927 8.76012
324.764 65.219 1.69045 1.09069 8.74343
162.382 292.82 1.66066 1.25175 8.87623
170.368 328.757 1.66814 1.26024 8.85995
131.769 122.452 1.76475 1.13646 8.78602
106.48 141.086 1.76188 1.15392 8.80278
798.6 485.815 1.59754 1.11094 7.04447
508.442 363.363 1.75467 1.14264 8.29216
503.118 475.167 1.7555 1.24232 8.28533
670.824 428.582 1.66064 1.15571 8.00972
459.195 437.899 1.66434 1.26013 8.59908
717.53 383.57 1.62561 1.07934 7.90842
654.61 556.6 1.64772 1.30724 8.13849
658.24 608.63 1.6836 1.35632 7.9481
963.16 55.66 1.32061 0.673617 7.93539
953.48 273.46 1.26358 0.571882 6.72676
790.13 165.77 1.53042 0.820352 7.95997
713.9 42.35 1.55713 0.881974 8.37102
850.63 146.41 1.47078 0.631421 7.59509
833.69 70.18 1.4802 0.661376 7.90397
767.14 189.97 1.5542 0.866067 8.00358
722.37 254.1 1.68331 0.783232 7.54
672.76 235.95 1.65715 0.934682 8.04663
687.28 258.94 1.65759 0.934437 7.96023
892.98 302.5 1.4024 0.544757 6.3927
833.69 300.08 1.51092 0.812844 7.34492
839.74 277.09 1.50137 0.76173 7.31631
917.18 192.39 1.36233 0.597299 7.29856
435.6 476.74 1.6577 1.28779 8.64485
390.83 520.3 1.67744 1.31252 8.65585
438.02 648.56 1.71194 1.38582 8.50142
480.37 626.78 1.71894 1.37268 8.41146
356.95 630.41 1.74338 1.37416 8.55642
122.21 441.65 1.75923 1.28766 8.76707
93.17 378.73 1.78192 1.25687 8.76394
204.49 464.64 1.7528 1.2904 8.7151
237.16 419.87 1.76373 1.26118 8.67422
88.33 654.61 1.74078 1.38145 8.79031
22.99 551.76 1.77606 1.3397 8.79659
177.87 602.58 1.76673 1.35883 8.70107
568.7 117.37 1.71799 0.888839 8.26905
500.94 112.53 1.66409 1.03655 8.57398
556.6 98.01 1.73253 0.864847 8.26488
410.19 320.65 1.66724 1.20651 8.6733
635.25 277.09 1.61836 1.08858 8.37304
118.58 165.77 1.7665 1.15905 8.78619
89.54 170.61 1.8228 1.14077 8.74415
274.67 30.25 1.70058 1.08799 8.7755
312.18 26.62 1.68705 1.08162 8.76458
268.62 82.28 1.69431 1.12066 8.78438
324.28 65.34 1.69032 1.09085 8.74446
169.4 329.12 1.66972 1.25963 8.8576
112.53 271.04 1.77028 1.20746 8.77611
508.2 363 1.74465 1.14803 8.32292
508.2 402.93 1.7627 1.17341 8.26467
131.89 122.21 1.76769 1.13429 8.78147
575.96 467.06 1.73503 1.2166 8.12895
672.76 454.96 1.64921 1.19023 8.05179
607.42 344.85 1.64399 1.14306 8.35719
627.99 346.06 1.62798 1.14171 8.34845
658.9 608.3 1.67757 1.35577 7.97782
790.9 166.1 1.53042 0.820352 7.95997
715 42.9 1.55182 0.895062 8.39696
850.3 146.3 1.47078 0.631421 7.59509
833.8 70.4 1.4802 0.661376 7.90397
673.2 236.5 1.6558 0.935952 8.05084
894.3 303.6 1.4024 0.544757 6.3927
950.4 302.5 1.24591 0.513329 6.26932
840.4 278.3 1.50318 0.755644 7.29427
918.5 196.9 1.35725 0.555475 7.17618
885.5 264 1.42491 0.536028 6.70622
407 489.5 1.66191 1.29804 8.67026
545.6 464.2 1.67655 1.24969 8.40471
356.4 630.3 1.74338 1.37416 8.55642
349.8 606.1 1.79567 1.36062 8.47266
511.5 546.7 1.68232 1.31541 8.45358
490.6 581.9 1.72419 1.33885 8.38155
294.8 460.9 1.68574 1.29243 8.7417
141.9 587.4 1.76469 1.35255 8.73401
23.1 552.2 1.7686 1.34005 8.80552
177.1 602.8 1.76453 1.35898 8.70436
519.2 29.7 1.69821 0.907792 8.46469
616 189.2 1.68402 0.942557 8.20697
594 272.8 1.65977 1.07835 8.35452
552.2 207.9 1.6659 1.05746 8.45509
275 29.7 1.70351 1.0843 8.77027
508.2 364.1 1.75206 1.14371 8.30177
511.5 400.4 1.744 1.17859 8.30932
487.3 489.5 1.7427 1.26276 8.35538
605 277.2 1.65564 1.07418 8.3278
635.8 277.2 1.62562 1.07941 8.34299
609.4 309.1 1.64986 1.10493 8.33646
628.1 346.5 1.62836 1.1415 8.34714
463.1 332.2 1.64768 1.20584 8.64557
791 167 1.53042 0.820352 7.95997
715 43 1.55556 0.882356 8.3756
689 214 1.68368 0.820662 7.82033
882 248 1.42556 0.592659 6.98688
480 627 1.71555 1.37278 8.42041
350 606 1.79313 1.36057 8.47797
23 552 1.76927 1.3401 8.80452
501 113 1.65987 1.04152 8.58399
580 198 1.65307 1.03802 8.42482
312 25 1.68208 1.08653 8.77323
578 468 1.75509 1.20653 8.05521
676 370 1.65244 1.09083 8.03097
624 541 1.70623 1.28433 8.03234
607 330 1.64158 1.13287 8.36767
