175 368 10.9566 0.981309 17.1273
104 331 10.8818 0.904753 17.5319
159 186 10.7987 0.572167 17.582
696 170 10.032 -0.914774 12.9872
1027 30 8.88764 -0.444681 16.8296
794 556 9.06731 1.3411 15.2747
244 46 11.0959 0.0325872 16.9338
564 125 11.3123 -1.37761 11.9251
89 581 10.8637 1.46846 17.4111
310.8 372 11.2268 0.965555 15.7443
829.2 373.2 9.04062 0.486197 14.9
700.8 258 9.92756 -0.529899 11.7103
1077.6 123.6 8.77382 -0.113277 17.0341
104.4 331.2 10.8818 0.904752 17.5319
172.8 94.8 10.8095 0.377558 17.5925
859.2 226.8 9.09264 -0.127541 15.498
1069.2 309.6 8.72071 0.365878 17.0704
1111.2 201.6 8.72069 0.124698 17.2072
360 313.2 11.4212 0.650187 14.9445
1026 147.6 8.83736 -0.0957446 16.8526
1105.2 228 8.72168 0.194412 17.213
394.8 429.6 11.5727 1.2994 13.6827
770.4 586.8 9.10128 1.56962 14.8376
1011.6 222 8.81107 0.0875672 16.7346
1026 190.8 8.81202 0.0177133 16.8341
229.2 108 11.1003 0.219268 16.9301
388.8 310.8 11.2731 0.61062 14.9614
346.8 322.8 11.3618 0.729901 15.2197
415.2 470.4 12.0828 1.81005 11.4705
342 385.2 11.3748 1.02655 15.0701
394.8 224.4 11.6972 0.0450085 14.073
476.4 252 12.2901 -0.363669 10.4276
793.2 316.8 9.23439 0.160399 14.354
783.6 320.4 9.28225 0.215047 14.4762
642 324 10.8009 -0.281506 7.03393
194.4 288 11.0201 0.762482 17.0261
156 231.6 10.8009 0.667544 17.5499
198 62.4 10.819 0.279225 17.5193
162 28.8 10.8945 0.219122 17.5508
88.8 148.8 10.9173 0.537033 17.6503
162 136.8 10.8199 0.46768 17.5804
133.2 432 10.9352 1.13767 17.267
154.8 388.8 10.9374 1.02946 17.2272
661.2 232.8 10.4517 -0.918441 10.4086
672 171.6 10.1273 -0.714669 13.6421
1140 37.2 8.7473 -0.24767 17.2701
1023.6 128.4 8.84256 -0.169713 16.7953
1071.6 165.6 8.76204 -0.012127 17.0238
1190.4 523.2 8.5778 0.833289 17.5196
996 522 8.7148 0.939915 16.7847
1215.36 335.52 8.61119 0.459768 17.5619
414.72 470.88 11.8027 1.68822 12.3674
1049.76 126.72 8.81011 -0.133158 16.9423
398.88 328.32 11.4512 0.662683 14.309
792 522.72 9.07315 1.21633 15.0073
777.6 489.6 9.14456 1.1124 14.5576
113.76 267.84 10.9064 0.760024 17.5175
289.44 447.84 11.1589 1.26045 15.941
761.76 374.4 9.32756 0.503834 13.9766
892.8 316.8 9.03141 0.371263 16.4063
437.76 380.16 12.1695 0.981172 11.1422
417.6 377.28 11.9388 0.967649 12.3562
367.2 336.96 11.3531 0.782031 14.944
228.96 108 11.1018 0.215612 16.9291
262.08 125.28 11.0759 0.212177 16.7882
377.28 283.68 11.2705 0.494777 15.162
777.6 568.8 9.08689 1.48626 14.7593
953.28 100.8 8.97387 -0.364245 16.4351
1147.68 133.92 8.71164 -0.00533073 17.3279
852.48 325.44 9.05784 0.325372 15.718
1032.48 174.24 8.80481 -0.0306637 16.8357
779.04 455.04 9.1768 0.9352 14.6788
799.2 463.68 9.11667 0.93856 15.225
853.92 249.12 9.09863 -0.03046 15.4571
385.92 195.84 11.6838 -0.0681827 14.3143
691.2 430.56 9.70491 0.934376 12.0545
688.32 408.96 9.79316 0.757093 11.519
1123.2 109.44 8.75184 -0.0709822 17.2754
1121.76 126.72 8.7482 -0.0362333 17.2658
780.48 321.12 9.307 0.271652 14.9188
763.2 300.96 9.39384 0.0289107 13.7142
790.56 280.8 9.28915 0.00746964 14.5544
702.72 398.88 9.64249 0.675903 12.8976
684 309.6 10.0542 -0.151809 10.7038
715.68 285.12 9.74863 -0.223815 12.2678
198.72 339.84 11.0115 0.896882 16.9557
293.76 322.56 11.1253 0.78508 16.2194
77.76 269.28 10.9226 0.782483 17.5983
59.04 203.04 10.8725 0.662047 17.7515
156.96 230.4 10.7767 0.667092 17.5824
149.76 66.24 10.8702 0.326293 17.6013
54.72 116.64 10.8892 0.509605 17.7922
161.28 136.8 10.8164 0.46688 17.5798
100.8 108 10.891 0.45507 17.6765
561.6 231.84 12.1815 -1.30651 7.15415
563.04 205.92 11.6053 -1.09294 9.97496
423.36 227.52 11.918 -0.118721 12.997
567.36 77.76 11.0602 -1.34733 13.1783
354.24 128.16 11.3287 -0.10546 15.6705
53.28 385.92 10.8634 1.01901 17.659
108 433.44 10.9001 1.13308 17.41
109.44 371.52 10.8422 0.980951 17.541
571.68 538.56 10.2556 1.71833 13.8433
524.16 519.84 10.8081 1.84858 12.6429
393.12 413.28 11.7255 1.22242 13.3102
924.48 322.56 8.93254 0.376179 16.4592
707.04 249.12 9.89585 -0.645516 11.6373
643.68 234.72 10.652 -0.935414 10.161
794.88 188.64 9.35856 -0.49407 14.5432
1139.04 234.72 8.7075 0.23464 17.3727
1140.48 233.28 8.70739 0.232417 17.3728
1245.6 272.16 8.58229 0.33697 17.5694
1202.4 224.64 8.69065 0.266165 17.6068
1105.92 318.24 8.68121 0.401136 17.2086
1069.92 313.92 8.72291 0.383944 17.0787
1128.96 89.28 8.7298 -0.144149 17.2151
1183.68 138.24 8.67715 0.0327729 17.4278
1025.28 146.88 8.83222 -0.110659 16.8285
1071.36 165.6 8.75913 -0.0147366 17.0207
711.36 528.48 9.427 1.5756 12.9216
754.56 534.24 9.20882 1.37696 14.4784
924.48 377.28 8.8891 0.542643 16.3591
1159.2 691.2 8.52742 1.18196 17.406
995.04 522.72 8.71535 0.938191 16.7829
328.32 150.336 11.2306 0.0923548 16.0249
368.064 336.96 11.3568 0.779564 14.9408
734.4 449.28 9.38256 0.970693 13.4479
825.984 573.696 8.97782 1.32929 15.6377
926.208 177.984 8.9735 -0.173028 16.1933
1026.43 145.152 8.83313 -0.107225 16.8283
1050.62 126.144 8.80999 -0.132514 16.9423
1092.1 235.008 8.73636 0.195851 17.1704
1092.1 207.36 8.7361 0.126144 17.1455
1107.65 127.872 8.75813 -0.0519572 17.2064
342.144 385.344 11.3321 1.0231 15.1888
364.608 279.936 11.4223 0.467959 14.9831
357.696 438.912 11.4596 1.31949 14.4974
342.144 421.632 11.2111 1.16926 15.3979
824.256 475.2 9.03199 0.962349 15.4114
844.992 285.12 9.08584 0.104208 15.3385
1111.1 200.448 8.71919 0.123505 17.2001
962.496 205.632 8.88619 -0.0321967 16.4157
763.776 300.672 9.3933 0.000597662 13.6746
789.696 279.936 9.28865 -0.0186215 14.3828
354.24 520.128 11.4086 1.77445 14.447
437.184 440.64 12.2498 1.57735 10.4596
423.36 406.08 11.9447 1.19656 12.0386
440.64 254.016 12.1182 -0.0938779 11.9497
675.648 425.088 9.86495 0.935098 11.1705
663.552 419.904 10.0289 0.912292 10.6206
338.688 226.368 11.3155 0.323491 15.6133
1026.43 190.08 8.80268 0.0111821 16.7993
1057.54 160.704 8.78192 -0.0400578 16.9471
1033.34 172.8 8.80395 -0.0341777 16.8276
784.512 319.68 9.28718 0.236508 14.7252
768.96 456.192 9.22373 0.954787 14.4132
444.096 317.952 12.2698 0.383958 11.0144
703.296 399.168 9.66606 0.674036 12.1667
696.384 362.88 9.78634 0.380703 11.8579
321.408 245.376 11.2212 0.455251 15.9481
276.48 229.824 11.1363 0.491193 16.4357
293.76 323.136 11.1539 0.784954 16.1519
50.112 235.008 10.8076 0.737689 17.8335
155.52 231.552 10.8019 0.667842 17.5505
63.936 355.968 10.8673 0.959972 17.6516
179.712 283.392 11.0015 0.751145 17.117
236.736 107.136 11.0697 0.211308 16.9449
193.536 51.84 10.7782 0.281062 17.6093
124.416 101.952 10.8595 0.426019 17.6561
177.984 63.936 10.8242 0.301017 17.5689
136.512 129.6 10.8338 0.472244 17.6414
565.056 169.344 11.3098 -1.12027 11.5611
563.328 124.416 11.3481 -1.40088 11.8513
366.336 86.4 11.4407 -0.373754 15.4025
354.24 127.872 11.4002 -0.1405 15.5008
131.328 546.048 10.9137 1.42596 17.2087
321.408 387.072 11.2917 1.02888 15.4976
229.824 449.28 11.0355 1.22282 16.6047
95.04 373.248 10.7705 0.976652 17.69
133.056 502.848 10.9312 1.31687 17.2135
164.16 468.288 10.9476 1.24032 17.0803
447.552 575.424 10.6427 1.80521 15.1516
627.264 470.016 10.4742 1.59803 8.60015
418.176 378.432 11.9377 0.96917 12.3678
936.576 273.024 8.90119 0.165797 16.2723
825.984 335.232 9.10144 0.312167 15.0854
820.8 286.848 9.15637 0.0738374 14.9986
706.752 248.832 9.92657 -0.686845 11.279
732.672 276.48 9.62684 -0.284391 12.5099
794.88 190.08 9.35694 -0.504197 14.5092
696.384 171.072 10.0464 -0.940091 12.8857
672.192 171.072 10.1812 -0.845966 13.1427
1168.13 262.656 8.65116 0.291955 17.3823
1214.78 255.744 8.61265 0.287483 17.4915
1202.69 224.64 8.69341 0.267282 17.6163
1159.49 349.056 8.65431 0.483332 17.4301
1116.29 350.784 8.67416 0.478487 17.2595
1105.92 317.952 8.68251 0.405444 17.208
1123.2 77.76 8.75703 -0.164066 17.2471
1116.29 44.928 8.775 -0.25143 17.2176
1221.7 74.304 8.68988 -0.050532 17.5722
1238.98 67.392 8.67938 -0.0530958 17.6026
1175.04 120.96 8.69782 -0.0103838 17.427
1074.82 98.496 8.79189 -0.183155 17.033
965.952 174.528 8.91099 -0.0967789 16.5154
1074.82 139.968 8.79753 -0.0378263 17.1329
850.176 660.096 8.85724 1.59337 15.8946
945.216 670.464 8.7392 1.38665 16.686
777.6 570.24 9.08689 1.48408 14.7683
755.136 533.952 9.20158 1.38389 14.3956
924.48 376.704 8.87954 0.536864 16.273
767.232 416.448 9.26922 0.742806 14.3812
760.32 376.704 9.32428 0.510555 14.1273
710.208 485.568 9.48778 1.28993 12.7816
708.48 447.552 9.55531 1.04076 12.3406
1176.77 656.64 8.5122 1.09645 17.4285
1207.87 411.264 8.6135 0.610077 17.59
1017.79 430.272 8.74726 0.674328 16.9265
1050.62 364.608 8.73914 0.512802 17.0526
1062.72 485.568 8.71589 0.800088 17.2056
1066.18 475.2 8.6941 0.77598 17.1454
718.848 32.832 9.96154 -1.35768 14.3403
767.232 327.629 9.34571 0.187097 13.7205
763.085 300.672 9.39148 0.0125497 13.7254
924.826 178.33 8.97021 -0.17377 16.175
433.382 261.274 11.9306 0.0579093 12.6284
441.677 252.979 12.0165 -0.0576942 12.2503
646.963 445.824 10.2471 1.27256 9.02194
400.205 369.101 11.6172 0.907837 13.6864
829.44 269.568 9.14496 0.0331164 15.1818
806.63 505.958 9.0385 1.11299 15.1111
443.75 317.261 12.2424 0.393638 11.1159
715.392 286.157 9.76585 -0.247281 12.0664
740.275 398.131 9.40473 0.64607 13.7459
192.845 288.23 11.0197 0.759853 17.0268
101.606 228.096 10.9011 0.679311 17.5953
157.594 248.832 10.7555 0.699961 17.597
155.52 230.17 10.8022 0.666325 17.5507
151.373 323.482 10.9602 0.870462 17.2616
246.758 72.576 11.1048 0.0960156 16.8744
53.9136 43.5456 10.7069 0.441113 18.0389
155.52 111.974 10.8342 0.424941 17.5995
126.49 103.68 10.9045 0.416686 17.5929
136.858 130.637 10.8668 0.467548 17.5935
561.946 205.286 11.6125 -1.0854 9.99418
373.248 273.715 11.3587 0.450148 15.0197
364.954 279.936 11.462 0.465256 14.8672
452.045 294.451 12.1704 0.193636 11.2482
613.786 87.0912 10.7447 -1.40434 12.9876
564.019 167.962 11.5307 -1.30393 10.6953
385.69 192.845 11.71 -0.0951546 14.2352
354.586 184.55 11.3738 0.079396 15.4378
352.512 128.563 11.3614 -0.118742 15.5966
219.802 541.21 10.9759 1.50773 16.6832
323.482 580.608 11.1571 1.90594 15.3241
294.451 416.794 11.2124 1.14929 15.8227
132.71 431.309 10.9034 1.12966 17.3229
109.901 371.174 10.8307 0.984301 17.5476
132.71 501.811 10.9292 1.31798 17.2125
578.534 617.933 10.5539 3.10257 10.022
449.971 578.534 10.6221 1.81791 15.1446
391.91 493.517 11.4167 1.69071 13.9377
348.365 493.517 11.3926 1.60439 14.6645
783.821 257.126 9.31841 -0.173647 14.3241
707.098 279.936 9.8524 -0.350562 11.6378
864.691 188.698 9.09942 -0.307326 15.4127
794.189 188.698 9.35929 -0.506792 14.4707
893.722 138.931 9.06697 -0.399893 15.846
671.846 170.035 10.2073 -0.883381 12.9859
1210.98 255.053 8.61251 0.291946 17.4913
1159.14 348.365 8.65932 0.486132 17.45
1016.06 267.494 8.83439 0.261058 16.9564
1090.71 236.39 8.74997 0.207356 17.21
1030.58 335.923 8.73942 0.424563 16.8605
1121.82 76.7232 8.75406 -0.171138 17.233
1150.85 53.9136 8.72223 -0.200807 17.2981
1221.35 72.576 8.69318 -0.0466333 17.5822
1177.8 72.576 8.70455 -0.112831 17.4195
1146.7 132.71 8.711 -0.00489476 17.3278
1103.16 149.299 8.75732 -0.00504717 17.1899
1175.73 120.269 8.69975 -0.00486897 17.4351
951.783 99.5328 8.96396 -0.400289 16.3324
1074.12 99.5328 8.8017 -0.157825 17.0884
1005.7 153.446 8.85395 -0.110066 16.7215
943.488 141.005 8.95799 -0.262523 16.3197
1024.36 145.152 8.83168 -0.1127 16.8287
914.458 524.621 8.82927 1.02163 16.3665
711.245 526.694 9.42253 1.57207 12.9569
831.514 398.131 9.0467 0.608971 15.2409
829.44 373.248 9.08139 0.512948 15.3534
924.826 375.322 8.87853 0.528527 16.3026
893.722 518.4 8.86087 1.02546 16.1053
688.435 402.278 9.80654 0.72962 11.4529
752.717 414.72 9.31765 0.735924 13.236
761.011 373.248 9.32724 0.513412 14.2542
690.509 460.339 9.67105 1.19522 11.876
1186.1 628.301 8.56242 1.02798 17.5264
997.402 559.872 8.72418 1.0243 16.8911
1057.54 595.123 8.67829 1.04858 17.203
1206.84 410.573 8.59226 0.609137 17.519
1169.51 520.474 8.58481 0.832603 17.4543
1173.66 522.547 8.58395 0.833283 17.4547
995.328 522.547 8.71599 0.939124 16.783
452.874 579.779 10.551 1.75685 15.4136
445.409 574.802 10.6855 1.84803 15.052
617.103 79.6263 10.7398 -1.45041 13.0343
684.288 171.694 10.1539 -0.986468 12.6138
674.335 171.694 10.1672 -0.826022 13.2404
559.872 209.019 11.6764 -1.10175 9.76902
709.171 527.524 9.42253 1.57207 12.9569
522.547 520.059 10.823 1.82298 12.6159
622.08 557.384 9.93718 1.78469 13.6225
569.825 534.989 10.2593 1.72878 13.8008
629.545 470.293 10.4742 1.59803 8.60015
1055.05 594.709 8.65671 1.06024 17.1222
89.5795 510.106 10.9151 1.31174 17.3916
106.998 467.804 10.8525 1.21564 17.4438
59.7197 450.386 10.8453 1.1551 17.6297
129.393 547.43 10.9097 1.42475 17.2199
948.05 539.966 8.77848 1.01577 16.5958
303.575 410.573 11.2853 1.14632 15.6289
320.993 385.69 11.2648 1.02175 15.5535
77.1379 582.267 10.8733 1.46721 17.4312
863.447 189.112 9.09926 -0.290433 15.4862
1112.28 348.365 8.6762 0.473673 17.2514
221.461 584.755 11.0884 1.70186 16.3901
848.517 659.405 8.85837 1.59618 15.8533
47.2781 276.204 10.8645 0.810164 17.7509
102.021 228.925 10.906 0.682119 17.5798
156.764 632.033 10.9349 1.6986 16.9719
308.552 527.524 11.3806 1.72262 15.0841
189.112 405.596 11.0084 1.08143 16.9376
189.112 370.76 10.9657 0.982509 17.0356
1204.35 223.949 8.6842 0.257436 17.6051
104.509 328.458 10.8799 0.90036 17.5334
62.208 353.341 10.8692 0.959956 17.663
161.741 515.082 10.9463 1.36961 17.055
1072.47 99.5328 8.79297 -0.183662 17.0178
1022.7 92.0679 8.84827 -0.277225 16.8071
1055.05 69.673 8.81739 -0.294675 16.9448
977.91 84.6029 8.92178 -0.404977 16.4922
953.027 97.0445 8.96348 -0.404384 16.3364
958.003 49.7664 8.98029 -0.579523 16.3216
1134.67 248.832 8.72404 0.28017 17.4041
111.974 373.248 10.8371 0.982982 17.5458
97.0445 104.509 10.8536 0.460627 17.7271
1069.98 423.014 8.68193 0.645195 17.1091
1015.23 430.479 8.73467 0.678111 16.8398
915.702 525.036 8.82108 1.01682 16.2849
1005.28 415.549 8.75125 0.637924 16.7953
953.027 365.783 8.8444 0.505267 16.4946
1030.16 335.923 8.75823 0.434687 16.9456
1060.02 291.133 8.74498 0.323214 17.0574
1037.63 316.017 8.71132 0.357118 16.8133
701.706 480.246 9.55892 1.31303 12.1119
385.69 191.601 11.5643 -0.0399984 14.6392
353.341 129.393 11.3821 -0.127857 15.5488
181.647 306.063 10.9898 0.807871 17.0979
291.133 445.409 11.1575 1.25737 15.9414
1050.07 654.428 8.63307 1.20069 17.1003
1022.7 632.033 8.66668 1.18237 16.9831
223.949 293.622 11.0254 0.74748 16.8638
480.246 276.204 13.1255 -0.397564 7.21673
440.433 256.297 12.2014 -0.110723 11.7195
943.073 141.834 8.9311 -0.307243 16.2284
1229.23 109.486 8.65497 0.0103079 17.5637
1221.77 72.1613 8.69833 -0.0435358 17.5975
126.904 102.021 10.9043 0.414792 17.5931
1124.72 109.486 8.74878 -0.0747049 17.2669
1152.09 52.2547 8.72671 -0.191687 17.3228
156.764 248.832 10.7864 0.714568 17.5488
116.951 248.832 10.8532 0.72072 17.5969
1147.12 131.881 8.71213 -0.00382396 17.3335
1102.33 149.299 8.75349 -0.00294877 17.2038
159.253 181.647 10.7688 0.571374 17.6301
136.858 129.393 10.8671 0.465752 17.5938
363.295 472.781 11.7973 1.63942 13.374
1017.72 266.25 8.82903 0.252031 16.9156
923.167 320.993 8.91904 0.355818 16.3193
878.377 298.598 9.0627 0.286984 16.2259
940.585 296.11 8.90064 0.292537 16.4438
258.785 121.928 10.7939 0.316924 17.2723
1025.19 141.834 8.84075 -0.10997 16.8594
1216.79 169.206 8.64424 0.119892 17.5034
574.802 437.944 11.2984 1.4408 7.69801
888.33 176.671 9.04956 -0.305539 15.6571
893.307 136.858 9.06633 -0.414053 15.8012
828.611 373.248 9.08153 0.524649 15.5274
736.543 497.664 9.31058 1.27034 13.6164
766.403 455.363 9.1721 0.946781 13.7826
734.055 445.409 9.38154 0.962936 13.6015
938.097 268.739 8.90399 0.166545 16.2806
763.914 298.598 9.38567 0.0342673 13.8766
390.666 415.549 11.6405 1.22484 13.6132
340.9 420.526 11.2246 1.16993 15.3793
398.131 383.201 11.6362 1.00904 13.5931
818.657 320.993 9.13434 0.250459 15.0046
714.148 363.295 9.62743 0.428969 13.0514
646.963 348.365 10.3493 0.215566 9.9128
594.709 176.671 11.0655 -1.14877 11.3184
955.515 95.5515 8.9632 -0.42605 16.2832
1155.58 561.365 8.6018 0.909607 17.4682
1110.79 531.505 8.6153 0.889553 17.2426
1182.45 274.711 8.63823 0.322045 17.4183
1170.51 412.066 8.64193 0.611838 17.5095
1116.76 647.959 8.599 1.11448 17.3369
1104.81 615.113 8.62903 1.05201 17.3514
77.6356 582.267 10.8642 1.4582 17.443
191.103 373.248 10.9771 0.993079 17.0388
892.809 516.575 8.8631 1.02398 16.1424
307.556 80.6216 11.284 -0.114383 16.196
301.584 80.6216 11.2627 -0.0987049 16.2586
704.692 480.743 9.51356 1.29531 12.6996
689.762 456.856 9.71931 1.17134 11.7646
1071.97 101.523 8.79528 -0.193695 16.9888
1024.19 92.5655 8.84872 -0.280543 16.7989
1021.21 56.7337 8.86883 -0.42045 16.7118
1152.59 468.8 8.64616 0.73354 17.4643
424.01 229.921 11.9795 -0.124508 12.8145
1155.58 328.458 8.6546 0.431796 17.4031
1113.77 349.36 8.67752 0.470265 17.2501
101.523 226.935 10.9053 0.681906 17.5793
128.397 501.645 10.9131 1.30363 17.2669
976.417 364.29 8.82202 0.511325 16.6766
1054.05 340.402 8.72168 0.430581 16.9997
1030.16 337.416 8.74994 0.427015 16.8865
65.6917 403.108 10.8723 1.05786 17.6117
158.257 182.145 10.8 0.565318 17.5884
158.257 137.355 10.7824 0.478992 17.6387
220.963 295.612 11.055 0.760194 16.8362
1071.97 424.01 8.67795 0.647739 17.0738
1221.27 71.6636 8.69833 -0.0435358 17.5975
934.613 298.598 8.89669 0.26924 16.2634
880.865 298.598 9.06987 0.291716 16.2307
346.374 492.687 11.3721 1.59613 14.748
388.178 453.87 11.582 1.47171 13.6521
1057.04 594.211 8.66836 1.05369 17.1592
385.192 191.103 11.5911 -0.0479455 14.5988
689.762 373.248 9.83046 0.48295 11.6339
994.333 334.43 8.78993 0.415045 16.6893
397.136 328.458 11.3159 0.688333 14.7592
370.262 346.374 11.416 0.817262 14.7973
1215.3 167.215 8.64375 0.114558 17.5132
1188.42 173.187 8.66334 0.112277 17.4304
1009.26 164.229 8.8809 -0.0313629 16.8908
988.361 277.697 8.86296 0.278291 16.7869
737.538 498.659 9.316 1.28012 13.5539
438.94 343.388 12.0521 0.664383 11.65
1125.72 167.215 8.7244 0.0607477 17.2638
1101.83 146.313 8.76404 -0.00782407 17.1979
361.304 265.753 11.4663 0.419498 14.9303
785.314 349.36 9.24836 0.392276 14.856
719.622 328.458 9.63134 0.239497 13.6768
1000.3 558.379 8.72035 1.01976 16.8597
710.664 528.519 9.42253 1.57207 12.9569
794.272 188.117 9.35776 -0.484112 14.5797
686.776 277.697 10.1436 -0.545105 10.2807
630.043 468.8 10.4182 1.59979 8.90179
435.954 612.127 10.5715 1.87352 15.4782
438.94 576.295 10.7184 1.86554 14.9172
597.197 176.173 11.2296 -1.32812 10.4888
1189.62 304.57 8.66699 0.41044 17.566
103.912 225.74 10.9038 0.67913 17.5784
154.077 182.742 10.8032 0.564279 17.5933
157.66 139.744 10.8116 0.475199 17.6002
308.154 408.483 11.1169 1.10093 15.9925
343.985 369.068 11.3326 0.942149 15.1541
584.059 214.991 11.4046 -1.11249 9.77251
974.625 365.485 8.85661 0.542553 16.826
953.126 365.485 8.84008 0.49801 16.4619
1146.62 128.995 8.72639 -0.0065253 17.3679
1125.12 75.2468 8.74651 -0.183201 17.2035
1178.87 272.322 8.63648 0.313878 17.4185
1175.28 114.662 8.69617 -0.0135171 17.4153
1193.2 89.5795 8.71047 -0.0525179 17.4761
132.578 433.565 10.9252 1.13996 17.2862
200.658 336.819 11.0097 0.885856 16.9589
275.905 358.318 11.0094 0.907087 16.5322
397.733 329.653 11.3483 0.681718 14.6293
756.051 537.477 9.21764 1.35544 14.5439
920.878 318.903 8.91988 0.352467 16.3079
1031.96 78.83 8.85394 -0.301067 16.8474
1182.45 139.744 8.67815 0.0375437 17.4208
279.488 232.907 11.4245 0.430776 15.8321
437.148 318.903 12.302 0.401 11.0535
691.554 422.815 9.74253 0.912983 11.7753
1028.37 469.397 8.75401 0.775189 17.0871
361.901 433.565 11.4337 1.28409 14.5622
824.132 569.726 8.98644 1.31704 15.6699
268.739 308.154 11.1185 0.753859 16.4149
218.574 297.404 11.0102 0.750251 16.8935
1125.12 168.41 8.71195 0.0429247 17.2368
867.13 189.909 9.1026 -0.264593 15.5602
720.219 326.07 9.65118 0.197736 13.3167
763.218 297.404 9.39163 0.0179554 13.8883
390.567 218.574 11.7223 0.00117144 14.0971
1157.37 558.976 8.61021 0.910008 17.4925
1110.79 512.395 8.59234 0.862207 17.1893
913.711 551.81 8.8038 1.10416 16.2796
723.803 175.576 9.75364 -0.828601 13.3838
680.805 171.993 10.1493 -0.846364 13.1724
627.057 469.397 10.4231 1.58975 8.96377
150.494 630.64 10.9364 1.69103 16.9849
111.079 530.311 10.8916 1.36895 17.3282
225.74 544.644 10.9417 1.49617 16.692
354.735 132.578 11.3052 -0.0866099 15.7267
558.976 207.825 12.0659 -1.32455 8.32817
132.578 103.912 10.8689 0.418341 17.6427
1001.86 361.185 8.79731 0.510875 16.8339
1031.96 335.386 8.88008 0.484565 17.3109
343.985 494.479 11.3359 1.58639 14.8799
687.971 270.889 10.1996 -0.658715 9.64232
692.271 421.382 9.76112 0.911666 11.6175
705.17 481.58 9.55147 1.30175 12.2579
1070.65 481.58 8.64997 0.810349 17.0881
128.995 412.783 10.913 1.07843 17.3461
352.585 318.187 11.5857 0.679694 14.6357
1160.95 154.793 8.68965 0.0620998 17.3628
700.87 335.386 9.78305 0.169653 12.1564
1010.46 176.293 8.87217 0.00707259 16.9336
1096.45 253.689 8.74742 0.261668 17.2275
1083.55 249.389 8.76112 0.245986 17.2295
1126.55 85.9964 8.75522 -0.165781 17.2543
1070.65 103.196 8.78999 -0.184793 16.9995
1126.55 171.993 8.71752 0.0454619 17.2673
202.091 335.386 11.0192 0.881816 16.9341
193.492 288.088 10.976 0.761025 17.1008
945.96 503.079 8.85244 0.910116 16.866
825.565 279.488 9.16523 0.0821911 15.2939
851.364 214.991 9.1286 -0.173056 15.5112
821.265 223.591 9.21125 -0.228061 14.994
262.289 326.786 11.1034 0.819646 16.4759
219.291 296.687 11.0205 0.75217 16.8884
937.36 283.788 8.95305 0.299825 16.7079
928.761 214.991 8.97906 0.0352967 16.4312
825.565 567.576 8.97669 1.32561 15.5789
937.36 146.194 8.96402 -0.255789 16.2789
399.883 326.786 11.5262 0.674351 14.0019
361.185 266.589 11.5295 0.406665 14.8057
421.382 232.19 11.9351 -0.0990621 12.9977
726.669 309.587 9.58918 0.0618368 13.6751
933.06 374.084 8.87548 0.52887 16.3455
1195.35 468.68 8.59145 0.71223 17.5266
1053.46 593.375 8.68841 1.05346 17.1609
941.66 520.278 8.79788 0.973914 16.4952
1105.05 614.874 8.62654 1.05492 17.3232
1160.95 558.976 8.5705 0.916695 17.3893
1113.65 511.678 8.61875 0.837073 17.2423
954.56 94.596 8.96239 -0.42433 16.3029
1148.05 128.995 8.71377 -0.0240783 17.3073
1191.05 305.287 8.66359 0.411251 17.5651
679.371 171.993 10.213 -1.0022 12.5531
111.795 524.578 10.8966 1.35084 17.3341
305.287 524.578 11.337 1.70414 15.2088
567.576 262.289 12.4032 -1.15716 5.27937
111.795 189.192 10.8475 0.605646 17.6454
128.995 94.596 10.9036 0.402795 17.588
326.786 141.894 11.3198 0.0291704 15.8754
128.995 331.086 10.894 0.8932 17.4336
275.188 283.788 10.8422 0.697529 16.9634
1166.11 175.433 8.69154 0.0776491 17.3756
1160.95 159.953 8.6949 0.0591569 17.3805
123.835 500.499 10.8392 1.28489 17.4102
113.515 526.298 10.8951 1.34624 17.3347
686.251 459.221 9.74384 1.14115 12.1881
670.772 464.38 9.89409 1.29414 10.7694
1021.64 201.231 8.79635 0.0684873 16.8124
330.226 180.592 11.2803 0.173032 15.8538
428.262 257.989 12.0926 -0.00424485 12.2109
479.86 273.468 12.9316 -0.430061 7.9864
650.133 350.865 10.39 0.21715 9.62125
877.163 299.267 9.07207 0.291201 16.212
1031.96 417.942 8.72271 0.635444 16.9568
1129.99 273.468 8.6629 0.287417 17.2289
103.196 227.03 10.9054 0.675279 17.5878
572.736 278.628 12.4729 -1.12842 3.75647
629.493 232.19 10.7991 -0.94424 10.1335
820.405 227.03 9.2248 -0.327028 14.4693
722.369 371.504 9.55597 0.517036 13.7568
939.08 521.138 8.7887 0.979957 16.3559
1109.35 536.617 8.63229 0.882047 17.312
1124.83 175.433 8.714 0.0580972 17.2262
1176.43 113.515 8.70555 -0.00718779 17.4541
990.678 273.468 8.86455 0.256187 16.7727
1109.35 345.705 8.70813 0.48202 17.3541
866.843 190.912 9.09627 -0.300776 15.4373
629.493 469.54 10.3673 1.56895 9.47896
175.433 366.345 10.8638 0.971833 17.2704
350.865 412.783 11.1325 1.10097 15.5284
211.551 593.375 10.9785 1.66566 16.6671
154.793 526.298 10.9416 1.39186 17.0789
577.896 216.711 11.4353 -1.10698 9.70106
562.416 216.711 11.7753 -1.12593 9.21561
614.014 299.267 11.7901 -1.02699 2.88603
128.995 330.226 10.941 0.897726 17.358
1077.36 117.643 8.7228 -0.247093 16.7564
1102.13 185.752 8.73263 0.085524 17.1532
340.546 495.339 11.3469 1.58793 14.8472
427.23 253.861 11.8453 -0.0293638 12.8876
575.832 266.245 11.7787 -0.844168 7.51695
879.227 303.395 9.07675 0.307514 16.2238
953.528 297.203 8.91195 0.271524 16.5618
922.569 309.587 8.92517 0.310942 16.1992
705.858 414.846 9.60934 0.764121 12.5042
1139.28 439.613 8.62995 0.66964 17.345
1157.86 544.873 8.58551 0.888162 17.4265
668.708 464.38 9.82052 1.37064 11.059
928.761 210.519 8.97247 -0.0268122 16.2894
1120.7 179.56 8.74077 0.102845 17.3289
1145.47 117.643 8.7156 -0.0453046 17.2872
1145.47 241.478 8.72392 0.258515 17.4393
823.501 222.903 9.21365 -0.21665 15.0535
897.802 130.027 9.06999 -0.42378 15.8526
402.463 383.888 11.7734 1.01135 13.092
154.793 470.572 10.9489 1.24231 17.1246
130.027 501.531 10.9126 1.30881 17.2737
600.599 173.369 11.0541 -1.20184 11.2446
551.065 253.861 12.4586 -1.16756 5.74312
216.711 266.245 10.994 0.680782 16.9792
720.718 356.644 9.62733 0.408638 13.079
735.579 312.064 9.53402 0.0620983 13.6441
408.655 334.354 11.5993 0.690651 13.704
906.471 438.375 8.88161 0.732214 16.0245
423.515 252.623 11.63 0.099734 13.8312
802.449 364.074 9.11943 0.466463 15.2062
965.911 222.903 8.86322 0.0367413 16.3967
928.761 208.042 8.94495 -0.062184 16.1783
1114.51 178.322 8.72024 0.0904106 17.2105
1010.49 297.203 8.77089 0.303316 16.5828
690.998 163.462 10.0916 -0.801647 13.4855
579.547 423.515 10.5629 1.05457 12.2962
609.267 378.934 10.0223 0.72501 15.1621
163.462 460.665 10.9414 1.24883 17.1426
178.322 364.074 10.8344 0.947589 17.3516
274.913 460.665 10.6984 1.18739 17.0654
148.602 534.966 10.9413 1.40576 17.0784
282.343 542.396 11.0276 1.59768 16.2036
341.784 497.816 11.3263 1.58775 14.8997
594.407 208.042 11.4044 -1.53118 8.23953
601.837 170.892 11.0779 -1.31665 10.9674
624.127 312.064 11.0454 -0.58317 6.74074
936.191 205.07 8.94665 -0.0236075 16.3684
1025.35 499.302 8.69967 0.85515 16.8732
1069.93 285.315 8.7306 0.329788 17.0792
1043.18 303.148 8.70559 0.297187 16.6952
847.03 249.651 9.12142 -0.0123167 15.4486
454.721 329.896 11.74 0.580616 12.529
909.443 436.889 8.78871 0.76905 15.9006
936.191 508.218 8.82828 0.937543 16.6242
1105.6 534.966 8.60966 0.882829 17.2533
713.288 410.141 9.6158 0.783886 12.3109
775.701 543.882 9.125 1.35988 14.4063
775.701 499.302 9.18945 1.14488 15.1079
1069.93 249.651 8.76953 0.236991 17.0647
945.107 285.315 8.8894 0.323851 16.5682
695.456 169.406 10.039 -0.912146 13.2909
650.876 347.728 10.4974 0.165544 8.86726
588.463 454.721 11.0568 1.5486 8.14947
276.399 463.637 10.7296 1.18485 16.9753
347.728 543.882 11.398 1.85209 14.628
570.631 222.903 12.5761 -1.79431 5.00579
481.47 267.483 13.1435 -0.537035 7.27205
579.547 267.483 12.1082 -1.14687 5.96858
196.154 178.322 10.7596 0.510843 17.4954
383.392 205.07 11.9669 -0.122496 13.6152
347.728 312.064 11.397 0.675461 15.2963
401.225 472.554 11.9899 1.74017 12.1518
