1167 190 2.19134 -2.70891 6.58711
1235 176 2.19823 -2.69038 6.54037
1018 28 2.1596 -2.79527 6.63076
1019.7 57.2 2.15883 -2.78121 6.62606
1084.6 62.7 2.17609 -2.75907 6.59951
1052.7 148.5 2.16457 -2.73078 6.59635
1062.6 127.6 2.16751 -2.73507 6.59271
1105.94 192.39 2.17703 -2.7131 6.59229
1018.82 27.83 2.15977 -2.79232 6.62601
1030.92 66.55 2.16216 -2.76994 6.61514
1173.7 677.6 2.18113 -2.58208 6.61112
1136.19 665.5 2.22248 -2.56701 7.31289
1082.95 586.85 2.16223 -2.6071 6.64933
1028.5 552.97 2.1467 -2.6198 6.67802
1080.53 658.24 2.1596 -2.5857 6.66706
1254.77 406.56 2.20335 -2.64653 6.58144
1247.15 294.151 2.19738 -2.66392 6.54343
1039.51 66.55 2.16462 -2.7729 6.62159
1052.82 149.072 2.16449 -2.73123 6.59724
1083.43 135.762 2.17305 -2.7343 6.59817
1062.14 127.776 2.16787 -2.73746 6.59733
1176.6 624.239 2.18478 -2.59549 6.62303
1083.43 586.971 2.16216 -2.607 6.64932
1028.86 553.696 2.14679 -2.61971 6.67717
1068.79 616.253 2.15726 -2.59845 6.64633
1090.09 468.512 2.16659 -2.64233 6.63958
1007.57 444.554 2.14237 -2.65736 6.67472
1245.95 276.715 2.19894 -2.66983 6.55009
1165.42 190.333 2.19099 -2.70909 6.58774
1234.24 177.156 2.19834 -2.69035 6.5406
1235.7 120.056 2.19958 -2.70131 6.53638
1019.01 58.564 2.15885 -2.78102 6.62648
1060.01 128.841 2.16732 -2.73617 6.59516
1172.74 676.414 2.1812 -2.58229 6.61247
1004.37 535.861 2.13904 -2.62723 6.6904
1081.97 587.104 2.16213 -2.60673 6.64666
1029.26 553.43 2.14677 -2.61976 6.67752
1080.51 658.845 2.15981 -2.58546 6.66273
1032.19 619.314 2.14574 -2.59807 6.69961
1005.84 445.086 2.14236 -2.6571 6.67287
1001.74 682.856 2.13191 -2.5742 6.73055
1083.87 62.8099 2.17618 -2.757 6.59588
1030.73 64.4204 2.16218 -2.77344 6.62015
1108.03 497.648 2.17061 -2.63223 6.63061
1103.2 479.932 2.16984 -2.63632 6.62335
1006.57 444.501 2.14186 -2.65836 6.67908
1212.71 396.185 2.19672 -2.6537 6.59853
1069.38 615.215 2.15734 -2.59876 6.64633
1104.81 191.651 2.1771 -2.71482 6.59652
1083.87 144.946 2.17321 -2.7323 6.60016
1228.82 132.062 2.19781 -2.69894 6.53641
1082.26 586.226 2.16185 -2.60719 6.65042
1029.12 552.405 2.14694 -2.6197 6.67363
1177.28 623.267 2.18478 -2.59577 6.62803
1091.28 462.377 2.16717 -2.64326 6.63084
1109 497.809 2.17063 -2.6329 6.63127
1103.68 480.093 2.16967 -2.63716 6.62929
1130.26 109.837 2.18491 -2.73212 6.58252
1084.2 62.0046 2.17643 -2.76555 6.6106
1142.66 191.329 2.18639 -2.71266 6.59542
1015.1 602.331 2.14423 -2.60076 6.5584
1080.65 659.021 2.15989 -2.58533 6.66311
1068.25 612.96 2.15717 -2.59886 6.64654
1234.78 177.156 2.19823 -2.69042 6.54134
1227.69 131.096 2.19784 -2.69908 6.53686
1029.28 552.727 2.14664 -2.62029 6.67936
1215.29 644.848 2.1921 -2.58992 6.61053
1176.32 621.818 2.1849 -2.59581 6.62679
1002.7 81.4918 2.15291 -2.77825 6.6364
1143.9 198.769 2.18685 -2.71111 6.59534
1141.95 190.974 2.18868 -2.72284 6.619
1104.92 192.923 2.1767 -2.71479 6.59657
1141.95 602.154 2.17757 -2.60199 6.64146
1083.49 62.359 2.17604 -2.75975 6.60074
1081.54 658.666 2.16039 -2.58529 6.66096
1056.2 635.282 2.15334 -2.59218 6.68073
1083.49 144.205 2.17356 -2.73189 6.59872
1058.15 128.615 2.16694 -2.73547 6.5938
1167.28 670.359 2.1797 -2.58385 6.61119
1173.13 676.205 2.18169 -2.582 6.61597
1089.33 463.795 2.16711 -2.64338 6.63257
1019.18 58.4615 2.15905 -2.77962 6.62515
1088.94 467.302 2.16685 -2.64234 6.63049
1101.8 480.164 2.16977 -2.63699 6.63416
1178.97 199.354 2.19437 -2.70736 6.58865
1191.84 98.6051 2.19797 -2.72911 6.57558
1163.97 190.779 2.19119 -2.71081 6.59173
1103.95 192.923 2.17635 -2.71358 6.59419
1213.27 398.708 2.19632 -2.65262 6.5948
1080.37 585.2 2.16183 -2.60699 6.64741
1052.5 568.051 2.15421 -2.61446 6.66878
1031.07 559.477 2.14879 -2.61668 6.66012
1236.85 175.774 2.19832 -2.69002 6.54063
1234.71 122.185 2.19903 -2.70075 6.53504
1073.94 120.041 2.1728 -2.7475 6.61111
1056.79 128.615 2.16666 -2.73555 6.59407
1080.37 660.225 2.16043 -2.58513 6.6604
1067.51 613.066 2.15705 -2.59961 6.64897
1001.06 81.4564 2.15265 -2.77905 6.63716
1004.49 200.426 2.14995 -2.73686 6.64415
1103.52 193.352 2.17624 -2.71492 6.59697
1141.25 643.72 2.17487 -2.59089 6.62269
1141.25 603.635 2.17735 -2.60186 6.64094
1004.49 532.896 2.13881 -2.62845 6.69107
1075.22 117.897 2.17268 -2.75153 6.6199
1082.3 660.225 2.16021 -2.58492 6.66782
1068.15 610.709 2.15698 -2.59986 6.64496
1233.21 176.846 2.19848 -2.6902 6.54125
1226.13 132.045 2.19761 -2.69895 6.53647
1039.86 198.068 2.16023 -2.73222 6.63364
1046.93 124.971 2.16464 -2.75405 6.62498
1214.34 643.72 2.19197 -2.59032 6.61579
1176.62 620.14 2.1848 -2.59669 6.63045
1089.37 464.516 2.16692 -2.64189 6.62965
1108.24 495.169 2.17071 -2.63325 6.63252
1214.34 398.493 2.19638 -2.65249 6.59542
1134.17 214.573 2.18446 -2.70751 6.59798
44.801 523.464 1.83075 -2.62429 6.54355
49.5169 436.22 1.82815 -2.65472 6.54324
393.777 568.266 1.48635 -2.65272 7.21107
417.357 448.01 1.32432 -2.83517 7.47035
945.537 334.829 2.12125 -2.71095 6.71157
863.009 514.033 2.06498 -2.652 6.8238
726.248 58.9487 1.88797 -3.17072 7.16762
775.765 544.686 1.96997 -2.65334 7.01154
766.333 584.771 1.95972 -2.62556 7.01949
723.89 466.874 1.87273 -2.74505 7.1978
778.123 440.936 1.97893 -2.72542 6.98778
742.754 509.317 1.91045 -2.6951 7.12874
780.481 509.317 1.97926 -2.67767 6.99426
766.333 120.255 1.97187 -2.99836 7.01034
752.185 162.698 1.97215 -2.9313 6.95452
773.407 367.84 1.97711 -2.78001 6.97813
778.123 431.504 1.97173 -2.73963 7.01819
773.407 202.784 1.95159 -2.96861 7.10395
721.532 264.09 1.91648 -2.89378 7.05527
759.259 257.016 1.98214 -2.8464 6.93299
789.913 162.698 2.00286 -2.92084 6.94336
848.861 179.204 2.07796 -2.80822 6.75373
716.816 308.891 1.87983 -2.88978 7.15361
763.975 325.397 1.97738 -2.80529 6.95893
445.652 356.05 1.09072 -3.10883 7.85755
386.703 200.426 1.42291 -3.10853 7.22176
346.618 242.869 1.47018 -2.99697 7.10242
391.419 240.511 1.41155 -3.06688 7.25281
855.935 436.22 2.06569 -2.69187 6.8112
837.072 521.107 2.036 -2.65741 6.90385
834.714 580.055 2.01175 -2.62765 7.00544
381.988 150.909 1.38534 -3.19912 7.24651
341.902 195.71 1.47012 -3.04659 7.08549
796.986 99.0338 1.99557 -3.00808 7.00527
261.732 174.488 1.47869 -3.01074 6.95962
789.913 605.993 1.97799 -2.61134 7.01488
818.208 646.078 2.01515 -2.58215 6.94175
676.731 124.971 1.83673 -3.09643 7.15955
445.652 389.061 1.15642 -3.01488 7.77621
459.8 386.703 1.15987 -3.02944 7.80928
457.442 436.22 1.02753 -2.97597 8.01599
870.083 157.983 2.08997 -2.81417 6.7472
924.316 134.403 2.12159 -2.79118 6.68946
372.556 87.2441 1.33869 -3.31924 7.27358
403.209 101.392 1.20728 -3.44766 7.50687
280.596 169.772 1.43798 -3.05573 7.02489
337.187 160.34 1.51644 -3.05029 7.01903
879.515 450.368 2.07998 -2.67979 6.79328
881.873 506.959 2.07526 -2.65578 6.82012
363.124 367.84 1.49061 -2.86026 7.12565
372.556 436.22 1.50284 -2.78552 7.13163
412.641 419.715 1.30799 -2.88252 7.47701
827.64 358.408 2.0377 -2.75647 6.89068
315.965 412.641 1.44776 -2.80887 7.10708
292.386 113.182 1.45342 -3.11207 7.0124
268.806 205.141 1.40972 -3.0271 7.04238
320.681 219.289 1.44614 -3.02245 7.08788
966.759 179.204 2.13053 -2.81568 6.79096
874.799 525.822 2.07302 -2.64404 6.81057
664.941 393.777 1.64545 -2.93129 7.62625
679.089 56.5908 1.734 -3.36915 7.43533
686.163 87.2441 1.76652 -3.28161 7.38291
334.829 344.26 1.47163 -2.87961 7.09662
61.3066 624.856 1.82691 -2.58945 6.56063
51.8749 650.794 1.82526 -2.58149 6.55938
950.253 547.044 2.11132 -2.62979 6.76926
980.906 577.697 2.12853 -2.61357 6.71741
707.384 448.01 1.81015 -2.79153 7.33262
370.198 518.749 1.52643 -2.69349 7.11177
381.988 518.749 1.50776 -2.70077 7.15504
877.157 389.061 2.07631 -2.7136 6.80563
903.094 61.3066 2.11213 -2.83584 6.70354
867.725 605.993 2.066 -2.60595 6.83013
42.8718 495.169 1.8246 -2.63438 6.54658
945.323 336.543 2.12113 -2.71116 6.7118
788.841 606.636 1.97793 -2.61109 7.01296
726.677 60.0205 1.89495 -3.15721 7.14856
741.682 92.1743 1.93472 -3.06317 7.06424
863.866 469.446 2.06898 -2.67438 6.81191
718.102 454.441 1.85046 -2.76807 7.25014
767.405 120.041 1.9612 -3.02043 7.04849
760.974 169.344 1.98899 -2.90752 6.92063
724.533 529.466 1.90821 -2.67452 7.0861
730.964 370.841 1.89659 -2.82384 7.13666
773.836 368.697 1.97974 -2.77718 6.97438
728.82 278.667 1.92152 -2.88163 7.05772
771.692 310.82 1.97684 -2.82376 6.98538
763.118 325.826 1.97221 -2.81077 6.97619
445.867 355.836 1.13565 -3.08533 7.79033
771.692 203.641 1.9438 -2.97939 7.12816
722.39 265.805 1.91384 -2.89726 7.06308
758.831 259.374 1.98006 -2.8492 6.94166
340.831 195.067 1.44154 -3.06742 7.12033
857.436 437.292 2.06414 -2.69328 6.81852
460.872 385.846 1.20284 -3.00998 7.74599
413.713 420.143 1.33324 -2.87293 7.44104
673.087 154.338 1.72013 -3.23073 7.45979
385.846 199.354 1.40245 -3.12318 7.24631
347.261 244.369 1.4348 -3.01829 7.14693
881.015 505.887 2.07571 -2.65558 6.81636
908.882 490.882 2.0965 -2.65514 6.7661
810.277 40.7282 2.0266 -3.00138 6.91717
795.272 100.749 2.00622 -2.98214 6.96454
280.81 169.344 1.44749 -3.04805 7.01484
926.03 135.046 2.12098 -2.79417 6.69479
921.743 184.349 2.10623 -2.83002 6.81924
372.984 437.292 1.49965 -2.78638 7.13969
349.405 345.118 1.53791 -2.85662 7.04255
872.441 231.508 2.09215 -2.76731 6.72935
801.702 625.928 1.99721 -2.59664 6.97645
816.707 647.364 2.00991 -2.58446 6.95754
297.959 212.215 1.44299 -3.01716 7.05019
664.513 394.42 1.64298 -2.93307 7.62999
713.815 377.272 1.77677 -2.90713 7.4572
990.338 201.497 2.1452 -2.73815 6.64543
685.948 87.8871 1.76698 -3.28065 7.3841
372.984 87.8871 1.3736 -3.289 7.2318
315.108 413.713 1.46709 -2.80238 7.08327
330.113 441.579 1.47621 -2.77564 7.09986
60.0205 625.928 1.82705 -2.58925 6.56097
51.4461 651.651 1.82317 -2.58116 6.56199
291.528 113.61 1.42466 -3.13511 7.0444
319.395 98.6051 1.50609 -3.1094 6.99452
707.384 448.01 1.81744 -2.787 7.3123
868.154 606.636 2.06586 -2.6056 6.83104
876.728 555.19 2.06591 -2.63213 6.84671
941.036 555.19 2.11148 -2.62608 6.75335
874.584 595.918 2.06984 -2.61108 6.82499
381.559 518.749 1.50776 -2.70077 7.15504
625.928 113.61 1.71964 -3.21631 7.30404
947.466 548.759 2.11241 -2.62905 6.76088
902.451 62.1641 2.11302 -2.8333 6.69947
915.312 57.8769 2.12084 -2.82023 6.67795
677.374 306.533 1.71173 -3.02047 7.49452
40.7282 383.702 1.82711 -2.67331 6.53685
49.3025 437.292 1.82956 -2.65425 6.54237
789.231 606.051 1.97901 -2.60957 7.00782
978.256 641.128 2.12417 -2.58973 6.73694
736.615 72.1025 1.91884 -3.10644 7.09857
863.282 467.692 2.06886 -2.6741 6.81135
808.718 514.461 2.01426 -2.66446 6.9247
863.282 516.41 2.06503 -2.65202 6.8244
744.41 508.615 1.91146 -2.69552 7.12722
767.795 118.872 1.96221 -3.02151 7.04843
775.589 368.308 1.98131 -2.77583 6.97286
779.487 430.667 1.97989 -2.73356 6.98742
724.923 528.102 1.90372 -2.676 7.09819
742.461 582.667 1.88995 -2.63676 7.20008
789.231 586.564 1.97799 -2.62469 7.01361
717.128 329.333 1.84323 -2.90807 7.27077
763.897 325.436 1.97671 -2.80544 6.96248
380 150.051 1.37598 -3.20668 7.25749
339.077 194.872 1.47011 -3.04584 7.08048
836 368.308 2.04568 -2.74144 6.86528
793.128 422.872 1.99668 -2.7327 6.96077
857.436 436.513 2.06421 -2.69317 6.81966
828.205 81.8461 2.04742 -2.94198 6.88119
701.538 192.923 1.89375 -2.9749 7.07526
878.872 450.154 2.0797 -2.67991 6.7952
917.846 479.384 2.10247 -2.65856 6.75422
908.102 489.128 2.09495 -2.65759 6.77564
709.333 261.128 1.89444 -2.91113 7.0852
847.692 179.282 2.08353 -2.79305 6.72405
346.872 245.538 1.45441 -3.00538 7.12207
841.846 680.102 2.03559 -2.56432 6.90898
372.205 87.6923 1.34758 -3.31168 7.26336
668.41 393.641 1.63352 -2.94043 7.65762
650.872 401.436 1.58157 -2.94732 7.72908
693.743 426.769 1.74916 -2.84504 7.4627
680.102 58.4615 1.73112 -3.37896 7.44753
348.82 344.923 1.48577 -2.88036 7.10456
925.641 134.462 2.12098 -2.79417 6.69479
921.743 183.179 2.10954 -2.82066 6.79853
874.974 524.205 2.07216 -2.6458 6.81874
874.974 594.359 2.06563 -2.61242 6.84639
818.461 280.615 2.01745 -2.83495 6.96463
830.154 358.564 2.03506 -2.75937 6.89959
364.41 368.308 1.48999 -2.86082 7.12846
315.692 413.128 1.44599 -2.80948 7.10861
54.5641 648.923 1.8266 -2.58103 6.5585
871.077 231.897 2.08875 -2.77613 6.74948
966.564 179.282 2.13265 -2.80959 6.77725
241.641 274.769 1.77084 -2.76978 6.67277
707.384 448.205 1.8144 -2.78798 7.31754
364.41 473.538 1.47682 -2.75009 7.15912
335.179 487.179 1.4407 -2.73749 7.15792
381.949 518.359 1.50443 -2.70121 7.16285
292.308 113.026 1.43018 -3.13137 7.03858
319.59 99.3846 1.50529 -3.1094 6.99658
676.205 290.359 1.75819 -2.99375 7.36235
42.8718 524.205 1.82813 -2.62447 6.54674
56.5128 570.974 1.81948 -2.60895 6.56181
42.8718 494.974 1.82699 -2.63399 6.54523
878.872 389.743 2.07876 -2.71104 6.79899
945.128 335.179 2.12147 -2.70973 6.70776
902.256 62.359 2.11292 -2.83393 6.70098
417.026 448.205 1.30261 -2.84059 7.49877
38.9743 381.949 1.83105 -2.67285 6.53401
393.641 569.025 1.49496 -2.65163 7.19985
795.077 465.743 1.97552 -2.71788 7.0512
724.923 83.7948 1.91311 -3.09054 7.08672
742.461 91.5897 1.94353 -3.04788 7.04069
777.538 539.795 1.96795 -2.65648 7.02472
765.846 545.641 1.96402 -2.65221 7.00693
775.589 545.641 1.96909 -2.65392 7.01762
719.077 454.051 1.8396 -2.77502 7.28207
946.014 334.825 2.12121 -2.71049 6.71007
862.75 515.524 2.06385 -2.65246 6.82972
784.802 42.5175 1.99093 -3.05912 6.99746
719.254 453.52 1.83978 -2.77399 7.27981
772.401 457.063 1.97538 -2.71354 6.98942
761.771 170.07 1.99033 -2.9049 6.91614
731.655 370.256 1.90456 -2.81664 7.11375
299.394 226.76 1.48861 -2.97478 7.00839
744.056 582.844 1.88506 -2.6359 7.21205
837.948 363.17 2.04736 -2.74575 6.8642
804.289 430.489 2.00993 -2.72193 6.9371
857.436 437.576 2.06577 -2.69083 6.81367
848.578 180.699 2.07962 -2.80104 6.74107
772.401 311.795 1.98076 -2.82002 6.97262
726.34 333.053 1.91225 -2.84108 7.08042
380.886 150.583 1.38529 -3.19873 7.245
343.683 193.1 1.49012 -3.03484 7.06262
846.806 558.042 2.0472 -2.63326 6.87021
818.461 595.245 2.00313 -2.61719 6.99857
836.177 581.072 2.01789 -2.62479 6.98804
276.364 115.151 1.45033 -3.10179 6.99549
279.907 171.841 1.46911 -3.03133 6.99277
822.004 651.935 2.01274 -2.58224 6.95307
705.081 122.238 1.86219 -3.10221 7.17224
412.774 418.088 1.26294 -2.90005 7.53682
919.44 480.093 2.1019 -2.65791 6.75522
667.879 407.459 1.66999 -2.89666 7.57051
680.279 56.69 1.74617 -3.35438 7.41113
315.338 412.774 1.45314 -2.8067 7.0991
924.755 134.639 2.11971 -2.79676 6.70148
869.837 159.441 2.09245 -2.80601 6.73302
354.312 405.688 1.46538 -2.82359 7.14648
265.734 99.2074 1.4631 -3.10225 6.96785
320.653 99.2074 1.48736 -3.1238 7.01581
967.272 178.928 2.13246 -2.81196 6.78139
56.69 570.443 1.81948 -2.60895 6.56181
878.694 389.743 2.07764 -2.71208 6.80432
917.669 421.632 2.10318 -2.6842 6.75113
364.942 474.778 1.47412 -2.7504 7.16303
382.657 519.067 1.50598 -2.70063 7.16028
676.736 290.536 1.77633 -2.97564 7.3174
44.289 494.266 1.8272 -2.63406 6.54555
949.557 545.641 2.11238 -2.62983 6.76282
903.496 62.0046 2.11319 -2.83246 6.69856
903.496 72.634 2.11306 -2.8263 6.69686
242.704 274.592 1.72339 -2.79106 6.71832
777.715 545.641 1.96812 -2.65432 7.02125
748.887 164.272 1.97034 -2.92956 6.95188
863.233 516.974 2.07066 -2.64674 6.79495
716.677 389.743 1.83761 -2.84514 7.28261
835.855 370.417 2.043 -2.74624 6.88043
803.645 430.006 2.0063 -2.72487 6.94845
729.561 278.618 1.92584 -2.87668 7.04501
764.992 326.934 1.97278 -2.81002 6.97713
760.161 259.292 1.97359 -2.85759 6.96413
338.207 159.441 1.5024 -3.06106 7.03688
723.119 529.858 1.90566 -2.67396 7.08931
787.539 586.226 1.97795 -2.62434 7.01285
446.111 389.743 1.18245 -3.00072 7.73291
460.606 383.301 1.1926 -3.01728 7.76257
430.006 413.901 1.14826 -2.96114 7.73609
715.066 111.125 1.87368 -3.11426 7.17283
869.675 608.773 2.06516 -2.60495 6.83341
802.034 624.878 1.99256 -2.59798 6.99108
822.971 653.867 2.01629 -2.57974 6.94545
842.297 682.856 2.0341 -2.56457 6.91286
703.793 198.093 1.8958 -2.96484 7.06745
708.624 262.513 1.8826 -2.92364 7.11557
927.654 135.283 2.11954 -2.79749 6.70295
314.049 412.291 1.44959 -2.80776 7.10182
293.113 112.736 1.4465 -3.11915 7.02261
280.229 172.325 1.45324 -3.04114 7.00899
323.713 161.051 1.50009 -3.05163 7.01896
299.555 227.082 1.47319 -2.98373 7.02476
275.397 265.734 1.45779 -2.93898 7.01316
668.362 394.575 1.63677 -2.93972 7.65845
666.751 407.459 1.64595 -2.91279 7.63056
692.519 415.512 1.75397 -2.85412 7.43782
818.139 280.229 2.01422 -2.83965 6.97463
715.066 30.5997 1.89029 -3.17558 7.12157
351.091 344.649 1.47903 -2.88312 7.11333
365.586 368.807 1.49456 -2.85863 7.1246
339.818 413.901 1.50261 -2.79776 7.07913
375.249 438.059 1.4931 -2.78793 7.14966
304.386 444.501 1.43846 -2.7749 7.10584
302.776 510.532 1.43268 -2.70674 7.11921
54.7573 650.646 1.82061 -2.58116 6.56437
62.8099 655.478 1.83007 -2.57934 6.56137
285.06 30.5997 1.48689 -3.16995 6.95469
265.734 99.8516 1.4637 -3.10086 6.9666
368.807 53.1468 1.31571 -3.38266 7.28256
35.4312 520.195 1.82756 -2.62524 6.54349
57.9784 570.121 1.81659 -2.60918 6.56427
876.117 595.889 2.07102 -2.61007 6.82067
967.917 178.767 2.13246 -2.81114 6.78016
948.59 545.963 2.11221 -2.62991 6.76134
996.906 589.447 2.13346 -2.60955 6.71555
903.496 62.8099 2.11504 -2.82671 6.6887
945.369 334.986 2.12202 -2.70865 6.70438
608.773 362.365 1.58093 -2.96879 7.56075
394.575 570.121 1.49008 -2.65235 7.20783
30.5997 315.66 1.83273 -2.69401 6.52494
723.119 82.136 1.89998 -3.1132 7.12026
753.719 75.694 1.95188 -3.06119 7.04016
829.413 455.774 2.04129 -2.69147 6.86795
795.592 467.048 1.96103 -2.72635 7.1081
744.056 508.921 1.91275 -2.69508 7.12668
755.329 566.9 1.94341 -2.64119 7.05169
744.056 450.943 1.92214 -2.7401 7.09922
771.434 486.374 1.95007 -2.70659 7.06782
787.539 497.648 1.99386 -2.68095 6.95695
779.487 507.311 1.97843 -2.67735 6.99606
763.382 227.082 1.98028 -2.87721 6.95397
769.824 119.178 1.95961 -3.02773 7.05893
777.876 430.006 1.98042 -2.73304 6.98483
737.614 338.207 1.93536 -2.82161 7.03924
742.445 343.039 1.96773 -2.78899 6.94493
969.234 512.435 2.12504 -2.63981 6.71942
978.019 642.74 2.1249 -2.58988 6.73029
979.483 575.391 2.12729 -2.61544 6.72479
995.588 588.568 2.13393 -2.60914 6.70897
724.73 408.484 1.88051 -2.79747 7.1748
715.945 389.451 1.88316 -2.80885 7.14385
652.989 405.556 1.60743 -2.92792 7.67038
879.924 450.943 2.07938 -2.67966 6.79929
917.991 481.689 2.10305 -2.65697 6.74911
862.355 469.976 2.06731 -2.67466 6.81597
878.46 390.915 2.0815 -2.70823 6.79059
916.527 423.125 2.10495 -2.6815 6.74152
814.04 382.13 2.02578 -2.7437 6.89797
840.393 361.633 2.04553 -2.75204 6.88409
802.327 430.445 2.00761 -2.72358 6.94336
857.963 439.23 2.06874 -2.68737 6.80011
800.863 625.171 1.99198 -2.5978 6.99171
849.178 625.171 2.03331 -2.59786 6.94887
809.647 689.591 1.9913 -2.55298 7.02362
847.714 691.055 2.04204 -2.5601 6.89382
947.273 547.573 2.11367 -2.62851 6.75168
868.211 609.066 2.06427 -2.60496 6.83748
967.77 178.62 2.13255 -2.81195 6.78141
970.698 196.189 2.13252 -2.80814 6.79512
784.758 42.4589 1.99413 -3.05119 6.98625
922.383 136.161 2.12097 -2.78819 6.68559
907.742 183.013 2.09166 -2.86341 6.88573
802.327 139.09 2.01415 -2.93865 6.94438
915.063 52.7076 2.12047 -2.82543 6.68083
727.658 279.643 1.91495 -2.88955 7.07721
715.945 310.389 1.88178 -2.88547 7.1444
786.222 253.289 1.99883 -2.85142 6.94548
944.345 336.743 2.12211 -2.70856 6.70368
816.968 279.643 2.01729 -2.83467 6.96198
336.743 489.009 1.45902 -2.73236 7.13774
383.594 519.756 1.50597 -2.70021 7.16238
430.445 414.34 1.15351 -2.95931 7.72816
366.025 368.953 1.49881 -2.8567 7.11937
354.312 427.517 1.47412 -2.79881 7.14139
374.81 439.23 1.50196 -2.78466 7.13909
395.307 570.999 1.50028 -2.64917 7.19596
36.6025 519.756 1.82564 -2.62595 6.54564
46.8512 430.445 1.82714 -2.65681 6.54244
54.1717 651.525 1.82261 -2.58091 6.56299
62.9563 625.171 1.82651 -2.58997 6.5619
57.0999 570.999 1.82362 -2.60865 6.55871
351.384 345.528 1.47041 -2.88743 7.12553
344.064 245.969 1.45346 -3.00226 7.11869
325.03 130.305 1.49203 -3.09109 7.02423
295.748 171.3 1.45476 -3.05195 7.02983
305.997 29.282 1.53783 -3.144 6.93094
265.002 99.5588 1.38975 -3.15535 7.03669
308.925 90.7742 1.49543 -3.11772 6.9913
27.8179 300.141 1.82875 -2.7005 6.52601
305.997 352.848 1.43865 -2.87053 7.09362
269.394 203.51 1.43057 -3.01686 7.0216
828.681 455.335 2.03326 -2.69793 6.89852
742.299 93.7024 1.93161 -3.06894 7.07654
734.978 30.7461 1.9281 -3.12886 7.0655
736.442 494.866 1.89506 -2.71218 7.1612
743.763 509.507 1.9142 -2.69437 7.12234
751.083 142.018 1.94093 -3.01373 7.06939
777.437 430.445 1.97867 -2.73402 6.98796
778.901 445.086 1.98631 -2.71786 6.9619
765.724 468.512 1.94394 -2.72389 7.08547
775.973 467.048 1.95451 -2.72138 7.07498
707.16 446.551 1.81018 -2.79136 7.32843
698.376 477.297 1.79073 -2.76246 7.35818
774.509 368.953 1.98345 -2.7738 6.96804
783.294 360.169 1.99838 -2.77108 6.93748
756.94 398.235 1.94224 -2.77734 7.06516
784.758 399.699 1.9723 -2.76854 7.03815
995.588 588.302 2.13461 -2.6086 6.69704
725.395 408.617 1.89087 -2.78945 7.14407
661.507 393.976 1.62287 -2.94509 7.66459
713.416 376.673 1.79601 -2.89108 7.39907
661.507 432.575 1.59634 -2.89994 7.7381
692.12 415.272 1.74342 -2.861 7.4647
919.721 481.822 2.10256 -2.65786 6.7538
809.248 516.428 2.01123 -2.66625 6.93668
863.819 517.759 2.06895 -2.64802 6.80488
879.791 391.314 2.08258 -2.70707 6.7854
794.607 616.253 1.98609 -2.60451 6.99476
742.698 584.309 1.88557 -2.6354 7.21017
786.621 586.971 1.97882 -2.62375 7.00804
850.509 624.239 2.03288 -2.59783 6.95057
947.672 547.041 2.11274 -2.62974 6.75855
815.903 596.288 2.00218 -2.61704 6.99747
794.607 103.818 1.99976 -2.99512 6.98744
714.747 30.613 1.88205 -3.19329 7.14779
689.458 91.839 1.77896 -3.25844 7.35505
729.388 279.51 1.92353 -2.87984 7.05337
765.325 327.426 1.97213 -2.81053 6.98041
677.479 291.489 1.78331 -2.96925 7.30297
717.409 302.137 1.8904 -2.88602 7.12249
722.733 263.538 1.91143 -2.90203 7.0727
786.621 254.221 1.99551 -2.8562 6.95673
911.735 235.587 2.1106 -2.75684 6.71314
364.694 473.836 1.47901 -2.75012 7.15668
384.659 520.421 1.50597 -2.70021 7.16238
445.885 389.983 1.15413 -3.01321 7.77453
431.244 413.941 1.15761 -2.95754 7.72486
460.526 425.92 1.05409 -2.99187 7.98012
396.638 570.999 1.49985 -2.64967 7.19515
35.937 519.09 1.82426 -2.62608 6.54667
25.289 360.701 1.83056 -2.67856 6.5265
46.585 431.244 1.82541 -2.65727 6.54421
314.116 412.61 1.45164 -2.80677 7.09923
55.902 650.859 1.82282 -2.58073 6.56321
58.564 569.668 1.8234 -2.60884 6.55891
25.289 582.978 1.81989 -2.6046 6.5486
323.433 573.661 1.46086 -2.64139 7.12691
604.274 63.888 1.51391 -3.54453 7.65884
351.384 344.729 1.48588 -2.8801 7.10716
344.729 246.235 1.47603 -2.98807 7.0917
294.151 113.135 1.44149 -3.12412 7.02838
287.496 26.62 1.50334 -3.16132 6.94082
242.242 25.289 1.48059 -3.14863 6.9059
26.62 314.116 1.84087 -2.69102 6.51777
299.475 227.601 1.4794 -2.9804 7.01911
722.733 81.191 1.89476 -3.12246 7.13475
742.698 93.17 1.89314 -3.14552 7.19935
829.213 455.202 2.03796 -2.69331 6.87787
734.712 31.944 1.93042 -3.1235 7.05844
346.06 299.475 1.42758 -2.9566 7.16015
359.37 298.144 1.524 -2.91405 7.06837
718.74 453.871 1.83844 -2.77377 7.28173
722.733 473.836 1.85278 -2.74729 7.25245
736.043 495.132 1.87803 -2.72136 7.21238
726.726 523.083 1.9081 -2.67922 7.09206
276.848 356.708 1.44081 -2.85409 7.04715
718.74 138.424 1.88249 -3.07193 7.15597
750.684 141.086 1.94157 -3.01281 7.06769
408.617 227.601 1.12423 -3.29489 7.66037
263.538 175.692 1.46721 -3.01816 6.97364
762.663 170.368 1.99489 -2.89722 6.90277
791.945 190.333 1.97295 -2.96979 7.08427
682.803 461.857 1.7126 -2.80934 7.51573
706.761 445.885 1.80921 -2.79258 7.32992
282.172 266.2 1.44649 -2.95077 7.03373
845.185 250.228 2.04399 -2.84071 6.92615
846.516 270.193 2.04093 -2.8347 6.94779
775.973 364.694 1.98026 -2.78115 6.98139
763.994 228.932 1.98421 -2.87061 6.94062
738.705 339.405 1.92925 -2.82777 7.05924
320.771 181.016 1.45488 -3.05808 7.06693
765.325 545.71 1.96075 -2.65346 7.01693
778.635 547.041 1.97321 -2.65189 7.00848
756.008 565.675 1.944 -2.64085 7.04978
646.14 646.14 1.84123 -2.58022 7.08153
970.42 511.83 2.12616 -2.63875 6.71306
669.13 394.46 1.64766 -2.93341 7.63472
713.9 376.31 1.76376 -2.91678 7.48824
692.12 415.03 1.75769 -2.85156 7.42607
919.6 481.58 2.10272 -2.65728 6.75252
814.33 382.36 2.02624 -2.74339 6.89736
840.95 360.58 2.04918 -2.74717 6.86698
756.25 566.28 1.93443 -2.64346 7.07614
805.86 632.83 1.99624 -2.59267 6.98751
948.64 545.71 2.1131 -2.6295 6.75582
821.59 549.34 2.02564 -2.64126 6.90683
968 177.87 2.13222 -2.81383 6.78494
922.02 136.73 2.11869 -2.79814 6.70431
716.32 310.97 1.88294 -2.88382 7.14074
759.88 260.15 1.98146 -2.84687 6.93978
945.01 336.38 2.12258 -2.70694 6.699
797.39 286.77 2.00707 -2.82504 6.9446
877.25 205.7 2.0909 -2.79062 6.75175
364.21 471.9 1.46674 -2.75445 7.17175
336.38 488.84 1.46397 -2.73069 7.13213
383.57 520.3 1.50617 -2.69991 7.16221
459.8 425.92 1.07985 -2.98124 7.94015
366.63 369.05 1.49379 -2.85878 7.12695
375.1 439.23 1.50059 -2.78481 7.1422
487.63 378.73 0.715093 -3.27812 8.62151
24.2 389.62 1.83172 -2.66835 6.52816
58.08 569.91 1.82595 -2.60862 6.55716
323.07 573.54 1.46606 -2.64081 7.12161
429.55 165.77 1.08249 -3.47476 7.76666
411.4 233.53 1.13107 -3.2806 7.66098
337.59 193.6 1.48546 -3.03532 7.06179
352.11 245.63 1.46867 -2.99703 7.11187
291.61 112.53 1.50673 -3.0754 6.95998
266.2 22.99 1.49586 -3.15543 6.91982
266.2 100.43 1.45924 -3.10319 6.97079
309.76 91.96 1.47308 -3.13602 7.01528
242 25.41 1.43592 -3.18492 6.94739
22.99 359.37 1.831 -2.67842 6.52589
759.88 488.84 1.9399 -2.70421 7.07651
781.66 496.1 1.98314 -2.68423 6.98214
718.74 453.75 1.84747 -2.76864 7.25529
722.37 529.98 1.91401 -2.6701 7.06063
303.71 277.09 1.4047 -2.96953 7.11246
796.18 467.06 1.98476 -2.7107 7.01949
799.81 471.9 1.98405 -2.70872 7.02826
275.88 356.95 1.45541 -2.84908 7.03224
770.77 117.37 1.96099 -3.02856 7.05994
269.83 203.28 1.40058 -3.03548 7.05239
263.78 176.66 1.48905 -3.00464 6.95242
435.6 317.02 1.15068 -3.14148 7.73012
338.8 412.61 1.46334 -2.81166 7.12608
355.74 427.13 1.4856 -2.79542 7.12892
461.01 383.57 1.17573 -3.0268 7.7905
802.23 139.15 2.01454 -2.9377 6.94206
758.67 39.93 1.95021 -3.10984 7.05936
699.38 476.74 1.78809 -2.76388 7.36469
762.3 354.53 1.97501 -2.7839 6.96238
681.23 56.87 1.75422 -3.34202 7.39159
704 506 1.81054 -2.72393 7.31689
661.1 432.3 1.60834 -2.89142 7.705
867.9 455.4 2.07315 -2.67901 6.80177
863.5 519.2 2.06894 -2.64735 6.80514
742.5 554.4 1.9288 -2.65286 7.06349
806.3 633.6 1.996 -2.59253 6.98767
849.2 625.9 2.03294 -2.59746 6.94881
948.2 545.6 2.1135 -2.62896 6.75095
841.5 570.9 2.04576 -2.62561 6.86514
968 178.2 2.13283 -2.81121 6.77927
705.1 105.6 1.86463 -3.11916 7.16602
765.6 97.9 1.95872 -3.04639 7.05553
762.3 287.1 1.97843 -2.832 6.95294
677.6 292.6 1.80061 -2.95185 7.261
723.8 262.9 1.91344 -2.90071 7.06711
767.8 234.3 1.99066 -2.86102 6.92802
367.4 369.6 1.49801 -2.8568 7.12207
396 572 1.48932 -2.65105 7.21109
366.3 580.8 1.51549 -2.63362 7.12624
572 689.7 1.49683 -2.50692 7.64897
24.2 390.5 1.82971 -2.66894 6.52969
47.3 431.2 1.82535 -2.65717 6.54402
313.5 412.5 1.46504 -2.80302 7.08345
29.7 616 1.81068 -2.59267 6.55967
345.4 193.6 1.46645 -3.05478 7.09588
344.3 247.5 1.4882 -2.98015 7.07769
276.1 113.3 1.42608 -3.12272 7.01913
266.2 23.1 1.48547 -3.16406 6.93059
27.5 313.5 1.82556 -2.69663 6.52841
290.4 342.1 1.39234 -2.89275 7.11814
753.5 78.1 1.94841 -3.06743 7.05173
722.7 530.2 1.90361 -2.67377 7.0905
753.5 27.5 1.94555 -3.12865 7.0658
737 39.6 1.93261 -3.11262 7.05584
760.1 489.5 1.94086 -2.70404 7.0736
781 496.1 1.97564 -2.68834 7.00731
798.6 471.9 1.98587 -2.70752 7.02118
831.6 474.1 2.04226 -2.67997 6.86141
416.9 286 1.14841 -3.18008 7.66907
776.6 430.1 1.98903 -2.72529 6.9496
711.7 479.6 1.83341 -2.74624 7.28127
764.5 229.9 1.98388 -2.87142 6.94263
279.4 167.2 1.44532 -3.05193 7.01411
264 177.1 1.48016 -3.01111 6.96153
279.4 173.8 1.45156 -3.04131 7.01033
772.2 151.8 1.9924 -2.93115 6.94087
762.3 171.6 2.00094 -2.88613 6.88167
322.3 262.9 1.40683 -2.99515 7.13719
284.9 229.9 1.43498 -2.99543 7.04419
295.9 166.1 1.46076 -3.05532 7.02235
295.9 172.7 1.46693 -3.04356 7.01705
799.7 387.2 2.01094 -2.74793 6.92033
683.1 89.1 1.76211 -3.28132 7.37955
443.3 356.4 1.1489 -3.075 7.76441
870 505 2.07086 -2.65576 6.8137
948 545 2.11133 -2.63046 6.76772
714 109 1.86724 -3.12677 7.19008
922 137 2.11997 -2.79174 6.69193
431 414 1.15969 -2.95617 7.72339
47 431 1.82313 -2.65772 6.54567
62 700 1.80519 -2.56215 6.58253
293 112 1.4664 -3.106 7.0027
28 313 1.82635 -2.69656 6.52802
831 474 2.04103 -2.681 6.86643
451 386 1.21227 -2.99803 7.70417
828 85 2.04765 -2.94031 6.87976
269 203 1.39575 -3.03788 7.05596
799 387 2.01728 -2.74094 6.89482
322 263 1.41162 -2.99212 7.13135
425 358 1.14106 -3.06139 7.72035
