826 192 -1.2043 -3.06793 16.3504
420 610 -2.2902 -1.2306 15.1703
207 852 -2.18189 -0.909146 13.431
1087.2 866.4 -0.566102 -1.22792 12.8451
94.8 982.8 -2.14038 -0.82733 12.9374
100.8 968.4 -2.14899 -0.834149 12.9802
150 913.2 -2.17758 -0.855859 13.1935
187.2 876 -2.14991 -0.907276 13.2656
274.8 775.2 -2.11986 -1.0358 13.5725
625.2 374.4 -2.43497 -2.44996 20.0953
72 1008 -2.149 -0.804621 12.8911
165.6 902.88 -2.16973 -0.866273 13.2455
175.68 884.16 -2.17805 -0.881664 13.2962
1087.2 866.88 -0.566683 -1.22859 12.8428
768.96 37.44 -1.58948 -3.89076 17.0298
271.296 820.8 -2.21637 -0.852931 13.8928
651.11 114.048 -2.47658 -4.18973 19.8909
758.44 110.481 -1.84501 -4.55572 20.7006
644.973 140.341 -2.44863 -4.00337 19.805
630.043 137.355 -2.59955 -4.06786 20.1082
749.482 107.495 -2.01735 -4.98984 22.326
970.445 191.103 -0.699193 -2.97209 15.5423
630.64 136.161 -2.90048 -4.59287 22.2127
644.973 113.515 -3.04828 -4.99185 23.2865
749.2 142.41 -2.28053 -5.62442 25.8185
