1149 524 5.77763 -2.19519 3.82871
1148.85 523.25 5.78272 -2.19572 3.8087
1110.9 208.955 5.70384 -2.86295 3.9573
1134.7 326.658 5.70719 -2.60388 3.94666
1099 235.405 5.74052 -2.81609 3.94198
1081.8 313.432 5.81223 -2.6612 3.94365
1225.96 125.637 5.44111 -2.84391 4.43602
1067.26 112.412 5.81881 -3.24598 3.47181
1002.46 567.352 6.29586 -2.11607 3.08155
1003.78 372.945 6.16111 -2.65069 3.21466
1036.84 402.04 6.07638 -2.54767 3.29867
1099.59 234.215 5.74321 -2.81793 3.92958
1084.38 330.03 5.81692 -2.62243 3.92506
1136.09 92.7734 5.63197 -3.19994 3.58849
1119.36 130.795 5.68754 -3.11865 3.61499
1183.24 685.915 5.73668 -1.89119 4.12735
1073.74 606.829 6.05344 -2.00889 3.40158
1044.84 620.517 6.15361 -1.97358 3.3313
1003.78 374.135 6.17645 -2.65623 3.16634
1058.53 489.722 6.01173 -2.30533 3.53746
1007.43 236.116 6.07149 -3.037 3.21048
1082.63 314.821 5.80504 -2.6537 3.96752
1135.1 92.6973 5.64009 -3.20295 3.59232
1122.86 169.654 5.68041 -2.96247 3.85939
1226.05 125.928 5.44421 -2.84867 4.42358
1115.87 543.941 5.88755 -2.16002 3.59627
1131.61 673.367 5.84993 -1.9052 3.95942
1122.86 619.148 5.88597 -1.99431 3.74262
1002.18 566.678 6.31301 -2.11585 3.0349
1049.4 552.686 6.10168 -2.15274 3.33149
1117.61 412.765 5.82878 -2.45421 3.65085
1145.6 486.224 5.73224 -2.27631 4.03671
1002.18 374.287 6.17803 -2.65201 3.17173
1079.14 521.204 6.01231 -2.21793 3.36373
1134.41 92.5224 5.62972 -3.1925 3.62769
1212.85 595.362 5.65597 -2.05155 4.06811
1055.96 104.591 5.84955 -3.30785 3.37617
1222.91 124.704 5.44039 -2.84263 4.44604
1206.81 128.727 5.46898 -2.84609 4.43324
1023.78 176.999 5.97656 -3.16179 3.29425
1236.98 643.634 5.62288 -1.97054 4.17299
1049.93 553.123 6.13348 -2.14819 3.22882
1122.34 168.954 5.67112 -2.95383 3.89516
1078.09 520.941 5.99209 -2.21718 3.42981
1019.76 498.817 6.15739 -2.29853 3.31855
1114.29 543.066 5.89002 -2.15912 3.58724
1080.1 299.692 5.81753 -2.69118 3.90809
1135.71 92.5224 5.6474 -3.20964 3.55125
1200.48 476.49 5.60953 -2.26844 4.25646
1061.69 43.9482 5.80407 -3.4378 3.43429
1073.26 606.022 6.09338 -1.99628 3.25786
1036.25 124.905 5.92682 -3.29924 3.26851
1223.61 124.905 5.4455 -2.85156 4.42348
1050.13 552.821 6.10168 -2.15274 3.33149
1001.56 566.7 6.36769 -2.11419 2.86
1024.69 365.464 6.03274 -2.62834 3.50261
1121.83 168.853 5.6775 -2.95596 3.88688
1103.33 117.966 5.74057 -3.21586 3.42564
1119.52 411.725 5.83031 -2.45688 3.62139
1077.89 520.439 6.01887 -2.21665 3.33908
1017.75 499.621 6.16251 -2.29904 3.30843
1135.71 575.952 5.84021 -2.08613 3.76788
1128.77 670.788 5.86387 -1.89946 3.90331
1135.83 481.464 5.76651 -2.28591 3.91128
1226.27 351.123 5.53029 -2.48609 4.31997
1016.13 500.084 6.17724 -2.29984 3.27966
1066.67 478.804 5.99241 -2.32893 3.52026
1016.13 654.365 6.26185 -1.89074 3.2711
1029.43 284.622 6.03839 -2.86962 3.27681
1048.05 553.284 6.12501 -2.15096 3.26301
1034.75 127.681 5.94497 -3.29954 3.22532
1061.35 87.7806 5.83793 -3.34569 3.36613
1223.61 122.361 5.45157 -2.85899 4.40343
1134.9 575.096 5.8234 -2.08901 3.84261
1131.84 624.041 5.87458 -1.97331 3.7429
1073.72 412.968 5.9594 -2.48601 3.42648
1021.71 367.083 6.06384 -2.63755 3.40516
1015.6 498.621 6.21868 -2.3025 3.17483
1033.95 474.148 6.14308 -2.35918 3.17825
1058.42 639.336 6.07724 -1.9351 3.55061
1073.72 605.686 6.06965 -2.00456 3.35265
1049.24 565.919 6.10983 -2.10964 3.33242
1079.83 523.093 6.036 -2.2174 3.27421
1027.83 284.489 6.00634 -2.85352 3.39024
1122.66 391.555 5.78723 -2.5023 3.72289
1021.71 177.423 5.99093 -3.18827 3.2143
1208.31 131.538 5.47517 -2.8503 4.40709
1217.49 125.42 5.45109 -2.85872 4.39503
1134.9 94.8297 5.64147 -3.20072 3.58783
1115.17 161.822 5.68681 -2.97418 3.88463
1027.22 284.948 6.04694 -2.87 3.25941
1069.43 232.18 5.80153 -2.83481 3.94455
1199.6 478.431 5.63447 -2.26979 4.17034
1206.63 643.771 5.67926 -1.96499 4.11136
1062.4 87.9469 5.83658 -3.33748 3.3726
1011.39 501.649 6.17669 -2.29641 3.30167
1047.8 554.241 6.13608 -2.14637 3.17915
1112.53 550.196 5.90653 -2.15809 3.52644
1197.48 178.005 5.50851 -2.79861 4.35984
1116.57 157.777 5.69167 -2.98243 3.86267
1136.8 97.0934 5.62791 -3.17521 3.66552
1046.79 232.62 5.81306 -2.82699 4.05641
1139.84 479.196 5.782 -2.28717 3.84169
1051.44 553.634 6.09581 -2.14671 3.35958
1060.74 88.3954 5.83876 -3.30585 3.40781
1021.9 502.923 6.22805 -2.31105 3.02331
1032.6 476.172 6.12194 -2.35873 3.28361
1027.52 498.376 6.1838 -2.29136 3.20366
1033.67 467.612 6.13531 -2.36188 3.26121
1101.35 461.459 5.93026 -2.35913 3.45281
1119.81 541.445 5.82505 -2.15941 3.8226
307.639 159.972 7.94933 -3.6729 3.97393
129.208 221.5 7.28826 -3.0645 5.17757
559.904 252.264 10.3422 -4.79583 -1.18623
529.14 356.862 13.346 -4.99331 -5.04131
572.209 313.792 10.863 -4.55814 -1.97832
467.612 116.903 7.80079 -3.90354 3.33823
461.459 166.125 8.24245 -3.94576 2.83439
221.5 553.751 7.87222 -2.4482 4.52747
455.306 473.764 9.67922 -2.95173 1.31355
818.32 283.028 7.40851 -3.54813 1.11235
812.168 319.945 8.08685 -3.656 -0.46768
732.182 301.487 9.83964 -4.5043 -3.07832
824.473 227.653 8.05191 -4.22182 -0.685122
898.307 209.195 6.93753 -3.70185 1.32624
830.626 529.14 7.73848 -2.34893 0.806696
879.848 492.223 6.88106 -2.42256 2.30069
775.251 406.084 8.34081 -3.12284 -0.192743
775.251 461.459 8.09479 -2.76712 0.479962
892.154 449.153 6.7725 -2.56321 2.454
984.446 566.056 6.31168 -2.11724 3.18206
972.14 455.306 6.47134 -2.48026 2.59886
264.57 516.834 7.71898 -2.51886 4.53243
190.736 486.07 7.38688 -2.55029 5.01899
941.376 369.167 6.52738 -2.82909 2.54042
541.445 529.14 12.004 -2.8062 -2.73966
455.306 406.084 9.62074 -3.32576 1.26429
278.213 224.71 7.51954 -3.20937 4.53044
123.056 294.264 7.14615 -2.86253 5.30762
208.66 128.406 7.56734 -3.44807 4.69762
518.974 123.056 7.56676 -3.83437 3.32376
214.01 395.918 7.65426 -2.82486 4.69673
187.259 492.223 7.42293 -2.55153 4.97718
502.923 604.578 13.0744 -2.1568 -3.55602
460.121 486.873 9.56662 -2.84287 1.44093
807.888 321.015 8.05042 -3.60541 -0.267467
904.192 615.279 6.90866 -1.95778 2.16705
775.786 406.619 8.5151 -3.15277 -0.565118
957.695 502.923 6.44869 -2.31962 2.89816
299.614 353.116 7.74593 -2.96716 4.31055
288.913 454.771 7.9896 -2.73951 4.15466
230.061 476.172 7.86249 -2.65473 4.44153
941.644 369.167 6.49053 -2.79585 2.5634
888.141 449.421 6.78741 -2.57604 2.41834
866.74 497.573 6.86655 -2.40231 2.42238
260.534 274.491 7.94997 -3.2453 4.20651
307.058 97.7002 7.97683 -3.88023 3.92177
93.0478 144.224 7.33037 -3.21539 5.20698
404.758 288.448 8.16478 -3.38927 3.29573
525.72 172.138 7.59075 -3.65515 3.32402
227.967 553.634 8.01133 -2.46212 4.375
93.0478 432.672 7.56593 -2.69965 5.08226
111.657 451.282 7.53611 -2.65052 5.07086
190.748 493.153 7.37621 -2.54203 5.02293
628.073 367.539 15.0157 -5.53457 -10.0184
823.473 274.491 7.43267 -3.59109 0.893843
809.516 321.015 8.0382 -3.60972 -0.266846
776.949 246.577 8.68119 -4.43366 -1.48296
735.078 307.058 9.94638 -4.52951 -3.35387
963.045 93.0478 6.31671 -3.77225 2.36406
823.473 558.287 7.89761 -2.18771 0.481147
302.405 353.582 7.92286 -3.01389 4.11177
451.282 474.544 9.84898 -2.98143 1.09022
330.32 158.181 7.97643 -3.7194 3.86316
274.491 441.977 7.79958 -2.73776 4.38066
921.173 409.41 6.60277 -2.6785 2.53885
860.692 400.106 7.07452 -2.83229 1.83816
986.307 358.234 6.30897 -2.7535 2.83735
735.078 414.063 10.0964 -3.56867 -3.39726
869.997 497.806 7.06599 -2.41723 2.00596
883.954 344.277 7.0343 -3.08235 1.49602
121.367 291.28 7.09229 -2.84698 5.36002
129.458 76.8656 7.18925 -3.30788 5.22977
93.0478 145.64 7.33044 -3.2165 5.21122
202.278 173.959 7.44 -3.26853 4.85867
570.424 315.553 11.289 -4.69559 -2.7699
351.963 202.278 8.31012 -3.7307 3.41676
461.194 165.868 7.74814 -3.68999 3.47391
206.323 513.786 7.71262 -2.53787 4.69195
712.018 238.688 8.9647 -4.51703 -1.05301
736.291 307.462 9.84228 -4.48221 -3.19708
784.838 80.9111 7.17491 -4.27898 1.78376
898.114 210.369 6.56902 -3.38703 2.47243
958.797 93.0478 6.30518 -3.76539 2.38998
991.161 513.786 6.28656 -2.26641 3.1561
323.645 562.332 8.69735 -2.46141 3.32419
898.114 396.465 6.925 -2.82486 1.78932
445.011 453.102 9.44939 -2.99976 1.65564
481.421 550.196 11.414 -2.59728 -1.1312
299.371 420.738 7.65909 -2.76601 4.43127
327.69 157.777 7.95079 -3.69014 3.89372
299.371 238.688 7.69208 -3.26077 4.29488
857.658 614.925 7.31171 -1.95362 1.65981
906.205 610.879 7.0035 -1.96911 1.96501
246.779 335.781 7.76437 -3.00724 4.46139
230.597 554.241 7.90452 -2.45381 4.47633
954.751 291.28 6.35919 -3.00169 2.75168
356.009 582.56 8.74441 -2.37689 3.14835
123.126 291.984 7.14351 -2.86437 5.30384
267.359 144.233 7.63527 -3.50163 4.44826
126.644 77.3933 7.2072 -3.313 5.21294
94.9826 144.233 7.31878 -3.20759 5.22321
488.985 105.536 7.69288 -3.91805 3.36689
351.788 200.519 8.27408 -3.71854 3.45589
84.429 569.896 7.44653 -2.40555 5.22027
126.644 643.771 7.69604 -2.26601 4.96118
116.09 453.806 7.54767 -2.65201 5.05663
826.701 228.662 7.83135 -4.15274 -0.249862
925.201 256.805 6.58736 -3.26599 2.21262
678.95 302.537 10.266 -4.59677 -2.94131
837.254 84.429 6.98255 -4.23014 1.67081
875.951 98.5005 6.87261 -4.16231 1.52011
784.486 80.9111 7.14727 -4.26945 1.82916
970.934 137.197 6.19539 -3.48444 2.79358
833.737 457.324 7.28628 -2.62594 1.68422
865.397 499.538 7.05491 -2.41478 2.02879
942.791 379.931 6.6158 -2.78452 2.21746
985.005 379.931 6.25486 -2.64995 3.12145
453.806 474.913 10.1952 -3.02983 0.663312
418.627 291.984 9.17548 -3.77039 2.02357
939.273 249.769 6.49238 -3.25279 2.35205
394.002 446.77 9.02081 -2.96894 2.52763
320.127 239.216 8.02992 -3.4476 3.88124
316.609 277.912 7.78915 -3.20213 4.18638
890.023 365.859 6.89885 -2.93477 1.90516
897.058 397.52 6.96573 -2.81816 1.72792
309.573 598.039 8.47235 -2.33195 3.65131
306.055 643.771 8.42241 -2.17729 3.7555
295.502 379.931 7.79869 -2.90376 4.27754
344.752 531.199 8.76233 -2.57955 3.14429
327.162 559.342 8.58986 -2.46087 3.45029
211.073 390.484 7.65353 -2.8362 4.69885
232.18 429.181 7.65045 -2.73699 4.64022
963.898 569.896 6.51252 -2.11381 2.7139
330.68 77.3933 8.13816 -4.0973 3.62746
907.612 612.11 7.00732 -1.9748 1.96181
858.362 555.824 7.35187 -2.19738 1.44762
830.219 629.7 7.67783 -1.855 1.05402
238.604 275.312 7.62037 -3.11018 4.60933
198.836 174.364 7.52095 -3.30411 4.77727
94.8297 143.774 7.32834 -3.21481 5.20399
575.096 318.138 11.4657 -4.75179 -3.07799
94.8297 431.322 7.58326 -2.70189 5.06143
165.187 437.44 7.75409 -2.73109 4.76654
844.29 269.194 7.41476 -3.6297 0.731438
712.752 238.604 8.97298 -4.51714 -1.02922
764.756 244.722 8.69549 -4.43752 -1.31817
700.516 302.843 10.1008 -4.5553 -2.97917
737.224 305.902 9.87477 -4.48848 -3.29008
838.172 85.6526 6.97311 -4.22376 1.67389
874.88 97.8887 6.85335 -4.15103 1.55831
960.533 91.7707 6.30791 -3.77968 2.36594
969.71 137.656 6.28094 -3.56673 2.4613
278.371 232.486 7.76237 -3.31039 4.32613
315.079 278.371 7.806 -3.20789 4.16737
305.902 330.374 7.72928 -3.03018 4.29582
440.499 590.391 10.0998 -2.32179 1.01475
942.179 379.319 6.54267 -2.76332 2.44584
997.241 419.086 6.20287 -2.52819 3.17811
963.592 220.25 6.33985 -3.27552 2.57284
890.176 364.024 6.93935 -2.94671 1.77233
923.825 403.791 6.60497 -2.68967 2.49273
559.801 572.037 15.552 -2.42525 -8.16217
327.315 556.742 8.58109 -2.47019 3.44803
211.073 388.496 7.65158 -2.83649 4.70253
198.836 437.44 7.66923 -2.71731 4.72171
957.474 318.138 6.44387 -2.98024 2.44971
890.176 443.558 6.78466 -2.58153 2.41724
865.703 495.562 7.03638 -2.4106 2.07344
446.617 324.256 9.85772 -3.89135 0.962635
819.818 553.683 7.96201 -2.20501 0.392433
859.585 553.683 7.35187 -2.19738 1.44762
789.228 584.273 8.48164 -2.04676 -0.329652
501.68 480.267 10.9601 -3.1315 -0.858231
431.322 639.336 10.0006 -2.0438 1.28302
957.474 620.982 6.50307 -1.95915 2.90974
357.906 235.545 8.38732 -3.64491 3.30494
357.906 263.076 8.34092 -3.51609 3.38436
330.374 76.4756 8.09803 -4.07211 3.67899
290.607 116.243 7.74045 -3.66604 4.23604
991.123 516.975 6.25203 -2.26114 3.23509
859.585 611.805 7.38812 -1.93612 1.4615
354.847 584.273 8.74203 -2.37379 3.1528
749.461 617.923 9.3783 -1.81033 -1.56814
746.401 654.631 9.61993 -1.51231 -1.91181
966.651 501.68 6.40991 -2.32172 2.9125
563.924 255.362 9.96667 -4.60363 -0.621667
444.223 266.002 9.35599 -4.03612 1.55112
53.2004 627.765 7.46603 -2.30724 5.27444
125.021 643.725 7.6585 -2.26604 4.99565
928.347 255.362 6.58555 -3.26456 2.18735
766.086 244.722 8.74321 -4.4763 -1.44967
909.727 162.261 6.74213 -3.82118 1.6037
782.046 82.4606 7.14727 -4.26945 1.82916
962.927 90.4407 6.3059 -3.78082 2.36397
840.566 428.263 7.31692 -2.77189 1.48408
502.744 481.464 11.297 -3.15547 -1.32731
965.587 220.782 6.34933 -3.28351 2.55211
941.647 266.002 6.60907 -3.25484 1.96272
444.223 470.823 9.65083 -2.96295 1.42646
476.144 473.483 9.92149 -2.98442 0.788206
372.403 297.922 8.52518 -3.47102 3.11114
276.642 566.584 8.22685 -2.44301 4.02512
742.146 377.723 10.0045 -3.87248 -3.42697
348.463 534.664 8.58464 -2.55624 3.34838
412.303 529.344 9.30354 -2.61939 2.14412
383.043 218.122 8.35706 -3.72728 3.19525
399.003 279.302 8.53069 -3.58279 2.94591
404.323 486.784 9.13862 -2.80747 2.34676
332.502 156.941 7.96206 -3.702 3.86208
430.923 641.065 9.95262 -2.04389 1.34963
297.922 383.043 7.73273 -2.88901 4.34256
962.927 313.882 6.46251 -2.98526 2.38948
279.302 234.082 7.75114 -3.30543 4.3381
859.186 555.944 7.31078 -2.19404 1.50948
891.107 444.223 6.84779 -2.59022 2.25207
867.166 497.424 7.01747 -2.40602 2.12187
925.687 494.764 6.67032 -2.36572 2.47295
343.143 657.025 8.77798 -2.10424 3.22477
324.522 625.105 8.55092 -2.23528 3.52905
891.107 606.484 7.03749 -1.99238 1.99897
907.067 609.144 6.93123 -1.98167 2.14217
518.704 175.561 7.65672 -3.65369 3.28408
191.521 654.365 7.78469 -2.22125 4.7165
827.266 226.102 7.87937 -4.18323 -0.359163
829.926 271.322 7.70325 -3.78444 0.1646
787.366 646.385 8.5927 -1.69101 -0.392077
617.125 367.083 15.3041 -5.59089 -10.2147
457.523 172.901 7.78651 -3.68819 3.4353
58.5204 268.662 7.08004 -2.86455 5.47902
79.8006 268.662 7.07143 -2.86517 5.44364
638.405 178.106 9.36058 -5.05198 -0.827422
460.299 111.027 7.72708 -3.87291 3.46791
53.2004 626.839 7.46603 -2.30724 5.27444
124.905 640.718 7.79303 -2.26801 4.88245
164.227 437.168 7.82279 -2.74183 4.7024
710.11 238.245 8.9456 -4.50617 -0.990141
767.936 245.184 8.63597 -4.40709 -1.22025
698.544 303.011 10.1608 -4.56879 -3.0751
719.362 305.324 10.0086 -4.53201 -3.21256
781.814 83.2702 7.16698 -4.26199 1.82848
643.031 124.905 7.0264 -3.59627 3.50626
400.159 279.88 9.18924 -3.81582 2.12014
726.301 411.725 11.0167 -3.80993 -5.0528
446.421 464.925 9.67584 -2.99857 1.35106
277.567 233.619 7.75114 -3.30543 4.3381
319.202 235.932 8.10647 -3.48575 3.80275
462.612 397.846 9.6478 -3.39894 1.1601
277.567 344.646 7.88963 -3.02918 4.24691
372.403 474.177 8.71881 -2.79195 3.01061
409.412 457.986 9.26935 -2.9768 2.15511
441.795 589.83 10.0765 -2.32541 1.05027
451.047 323.828 9.95279 -3.92083 0.796814
872.024 349.272 7.00092 -3.02033 1.80795
351.585 534.317 8.69785 -2.56313 3.19296
411.725 529.691 9.43781 -2.61491 2.00763
353.898 585.204 8.74259 -2.36986 3.15546
305.324 643.031 8.47408 -2.1815 3.69174
367.777 222.054 8.42558 -3.73435 3.20124
356.211 261.376 8.27693 -3.49286 3.45969
804.945 323.828 8.14173 -3.63791 -0.466621
349.272 638.405 8.759 -2.17223 3.20377
860.458 615.274 7.30195 -1.93248 1.6365
793.38 518.126 8.04956 -2.4182 0.454316
865.085 497.308 7.01747 -2.40602 2.12187
518.126 175.793 7.62536 -3.64553 3.32774
208.175 386.281 7.62345 -2.831 4.73508
911.346 451.047 6.77274 -2.53876 2.21584
925.224 494.995 6.70298 -2.37329 2.39555
242.871 99.4616 7.6435 -3.60153 4.51928
231.306 175.793 7.65711 -3.39612 4.56435
228.993 326.142 7.60339 -2.97684 4.67681
187.358 615.274 7.79514 -2.30714 4.71801
191.984 652.283 7.75851 -2.21856 4.74235
867.398 587.517 7.26039 -2.06082 1.61119
60.1396 266.002 7.1019 -2.87072 5.45805
980.738 629.152 6.375 -1.95139 3.11858
825.763 224.367 7.87765 -4.18952 -0.377131
844.267 270.628 7.39359 -3.60683 0.794683
390.907 194.297 9.53692 -4.44562 1.73967
235.932 555.135 7.92764 -2.44923 4.42384
964.546 569.013 6.51849 -2.11333 2.69123
934.476 136.471 6.4415 -3.66456 2.31231
895.154 219.741 6.90841 -3.63006 1.43965
929.85 254.437 6.57168 -3.25939 2.21755
839.641 85.5832 6.96914 -4.22704 1.66054
74.0179 467.238 7.5939 -2.63187 5.12257
97.1485 143.41 7.33066 -3.21665 5.20102
752.248 384.169 9.84582 -3.76888 -3.29754
726.1 412.328 11.0167 -3.80993 -5.0528
261.476 547.089 7.88054 -2.4653 4.37517
263.488 577.259 8.17006 -2.39895 4.13196
891.031 362.044 6.95347 -2.96358 1.71283
891.031 416.351 6.87989 -2.71169 2.04983
436.464 547.089 10.1552 -2.59178 0.942434
440.487 470.658 9.74027 -2.98063 1.33708
279.579 331.874 7.77348 -3.03049 4.33925
374.112 295.669 8.60919 -3.49961 2.99782
424.396 364.056 9.13931 -3.40349 2.11207
462.612 398.249 9.71285 -3.4123 1.06857
468.646 404.283 9.58525 -3.34101 1.20307
963.44 219.238 6.32693 -3.26319 2.61462
277.567 233.317 7.7956 -3.32042 4.28845
353.999 585.305 8.8146 -2.36586 3.07259
271.533 386.181 7.98549 -2.93355 4.18277
311.76 376.124 7.76976 -2.90792 4.25485
935.281 661.736 6.72602 -1.80995 2.49426
860.861 557.146 7.28041 -2.18258 1.56704
347.965 637.6 8.7464 -2.17551 3.22005
832.702 456.578 7.26176 -2.62035 1.74595
289.635 132.75 7.76576 -3.63806 4.22514
329.863 152.863 7.99881 -3.73671 3.82827
209.181 388.192 7.6671 -2.84283 4.69415
203.147 434.453 7.65294 -2.71986 4.73843
977.52 384.169 6.33108 -2.67693 2.84757
971.485 500.828 6.38399 -2.32358 2.95181
291.647 112.636 7.64769 -3.62316 4.33961
961.429 623.521 6.4991 -1.95794 2.9057
981.542 629.555 6.37757 -1.95377 3.10814
860.861 615.475 7.30195 -1.93248 1.6365
794.486 671.793 8.55709 -1.54305 -0.343116
866.895 657.714 7.28792 -1.76294 1.67284
742.191 623.521 9.64625 -1.75303 -1.95773
758.282 621.509 9.41418 -1.78221 -1.75428
748.225 657.714 9.42311 -1.51916 -1.55132
518.93 174.988 7.61117 -3.64298 3.32042
533.01 179.011 8.62272 -4.27202 1.70664
243.374 100.568 7.64221 -3.59959 4.52
58.3294 267.51 7.08296 -2.86653 5.47547
925.224 496.805 6.69284 -2.36773 2.42027
826.668 225.272 7.81956 -4.16334 -0.2435
832.702 269.522 7.62029 -3.73786 0.363146
895.054 219.238 6.79861 -3.54102 1.78813
233.317 176.999 7.66059 -3.39677 4.55902
251.42 333.885 7.8072 -3.03329 4.41634
933.27 136.772 6.46052 -3.69611 2.22869
458.589 172.977 7.8193 -3.69997 3.39335
116.659 454.567 7.50679 -2.64461 5.08895
516.919 607.43 12.4062 -2.10369 -2.82676
720.066 305.726 9.95938 -4.51078 -3.13414
98.5565 170.965 7.29359 -3.15093 5.23418
72.4089 559.157 7.39504 -2.42403 5.28066
840.747 86.4884 6.96005 -4.19794 1.69595
58.3294 337.908 7.31293 -2.81563 5.32907
565.191 313.772 11.325 -4.70944 -2.69979
742.191 60.3407 7.30514 -4.39229 1.89659
782.418 82.4656 7.18214 -4.26558 1.80389
878.963 84.477 6.82629 -4.22308 1.56312
142.806 394.226 7.7278 -2.82065 4.83361
162.92 438.476 7.73416 -2.72476 4.78603
54.3066 627.543 7.49151 -2.31544 5.25788
905.111 607.43 6.95774 -1.97979 2.07427
903.099 631.566 6.95406 -1.89489 2.13775
772.361 392.215 9.16655 -3.50723 -2.13896
736.157 563.18 10.0344 -2.2179 -2.80374
909.133 360.033 6.73051 -2.89784 2.16306
941.315 396.237 6.56489 -2.70748 2.44921
979.443 383.032 6.3028 -2.67018 2.94398
982.941 629.642 6.41449 -1.94222 2.98473
963.702 568.427 6.53313 -2.11262 2.65206
753.822 384.781 9.8614 -3.77059 -3.34185
720.591 419.761 11.0457 -3.74829 -4.97103
785.304 414.514 8.3419 -3.09644 -0.360736
690.857 363.793 12.2395 -4.7623 -6.8788
864.009 447.746 6.9562 -2.60793 2.18806
834.276 407.518 7.44533 -2.90211 1.19119
773.061 577.172 9.44345 -2.07991 -2.2121
869.256 659.375 7.3116 -1.7566 1.6168
963.702 89.1993 6.28228 -3.76645 2.42414
783.555 82.2033 7.17716 -4.25914 1.81875
650.63 41.9761 8.06407 -4.98673 1.24932
647.132 82.2033 8.41596 -5.0194 0.678141
878.001 101.442 6.83942 -4.13653 1.57054
818.535 82.2033 7.03191 -4.22799 1.77873
841.272 85.7013 6.96914 -4.22704 1.66054
720.591 306.076 10.0086 -4.53201 -3.21256
696.104 304.327 10.1231 -4.55158 -2.9908
738.081 239.614 8.90134 -4.53562 -1.34036
769.563 246.61 8.65541 -4.41451 -1.30122
919.977 341.056 6.67551 -2.95751 2.18406
898.989 271.096 6.88838 -3.36577 1.59524
827.28 243.112 7.86352 -4.06713 -0.311851
832.527 269.347 7.65016 -3.75757 0.266094
479.228 517.706 10.8036 -2.81864 -0.333265
404.02 486.224 9.25321 -2.82399 2.21136
428.507 645.383 9.95274 -2.03569 1.35948
397.024 631.391 9.27944 -2.15874 2.36684
411.016 528.2 9.12866 -2.60922 2.35172
466.985 542.192 10.8579 -2.6535 -0.223966
353.299 535.196 8.69785 -2.56313 3.19296
407.518 535.196 9.27637 -2.60035 2.20705
494.969 641.885 12.0454 -1.8416 -1.89497
487.973 578.921 11.4475 -2.38707 -1.17314
153.913 508.961 7.50841 -2.52543 5.00862
73.4583 466.985 7.58827 -2.62794 5.12582
143.419 395.275 7.77736 -2.83259 4.78932
260.602 519.455 7.94839 -2.55148 4.3111
208.132 388.279 7.67493 -2.83949 4.68138
33.2311 659.375 7.42442 -2.2591 5.34366
71.7093 561.431 7.40108 -2.42469 5.27706
89.1993 573.674 7.50694 -2.40756 5.16297
323.566 624.395 8.52238 -2.24058 3.56141
265.849 661.124 8.23394 -2.16053 4.09054
433.754 115.434 8.8625 -4.58721 2.14124
388.279 187.144 8.74077 -4.05962 2.66703
557.933 110.187 8.34964 -4.52974 1.81415
418.012 344.554 9.05522 -3.4698 2.24223
566.678 314.821 11.325 -4.70944 -2.69979
627.893 307.825 12.4763 -5.41313 -5.8966
528.2 311.323 11.675 -4.80811 -2.58359
496.718 342.805 11.6114 -4.43003 -1.94299
531.698 358.546 14.1199 -5.16782 -6.11687
232.618 176.65 7.6499 -3.38488 4.56944
300.829 92.6973 7.90695 -3.85691 4.03139
237.865 272.845 7.61972 -3.12229 4.61473
909.483 360.295 6.76206 -2.90586 2.07675
454.742 325.315 9.98068 -3.93138 0.727488
456.491 344.554 10.2488 -3.91335 0.37356
360.295 236.116 8.33815 -3.62678 3.35064
356.797 262.351 8.29468 -3.4999 3.43457
356.797 522.953 8.72505 -2.59233 3.10884
433.754 370.789 9.46869 -3.48441 1.62347
323.566 556.184 8.46305 -2.46492 3.59097
801.045 325.315 8.3716 -3.70563 -0.910376
314.821 327.064 7.81148 -3.06832 4.16702
890.244 362.044 6.93789 -2.96262 1.76082
494.969 559.682 11.7272 -2.56104 -1.66736
710.249 237.257 8.94635 -4.5072 -0.969465
974.881 366.531 6.34123 -2.74126 2.79046
771.084 416.72 8.34621 -3.07727 -0.156928
924.692 498.847 6.71361 -2.36728 2.3755
935.338 439.533 6.62655 -2.56767 2.41458
757.396 620.517 9.48539 -1.77729 -1.88746
936.859 661.581 6.76343 -1.80112 2.40114
862.336 617.475 7.30295 -1.931 1.63005
795.418 672.227 8.47406 -1.55309 -0.180756
891.233 602.266 6.88812 -2.01527 2.37544
863.857 556.64 7.34143 -2.17999 1.42135
964.235 89.7316 6.28779 -3.76706 2.41415
965.756 219.006 6.33107 -3.26617 2.59163
643.33 127.753 8.64972 -4.91491 0.364037
742.187 60.835 7.29591 -4.37914 1.93255
783.251 82.1273 7.15738 -4.23998 1.86201
933.817 135.358 6.45609 -3.69074 2.2588
839.523 89.7316 6.95815 -4.19052 1.70998
720.895 305.696 10.0086 -4.53201 -3.21256
676.789 307.217 10.2777 -4.55543 -2.8902
924.692 330.03 6.65465 -2.99098 2.18294
895.795 220.527 6.78272 -3.53269 1.83293
857.773 246.382 7.30753 -3.71347 0.813993
625.08 381.74 15.1004 -5.29163 -10.0794
530.785 360.447 13.8578 -5.06118 -5.71636
427.366 688.956 9.89853 -1.80434 1.48757
348.28 638.768 8.78258 -2.17082 3.17619
444.095 588.579 10.286 -2.33721 0.766305
354.364 533.827 8.74935 -2.56281 3.11745
372.614 596.183 9.02651 -2.31924 2.76615
79.0855 501.889 7.61925 -2.56437 5.09766
237.257 445.616 7.59427 -2.68208 4.69599
203.797 433.449 7.7083 -2.72306 4.6913
323.946 623.559 8.67009 -2.23887 3.39927
185.547 615.954 7.82665 -2.30558 4.68818
264.632 577.932 8.12893 -2.39621 4.16648
238.777 555.119 7.93045 -2.45002 4.41819
211.402 594.662 7.84057 -2.3562 4.60205
433.449 115.587 8.83701 -4.57412 2.17618
374.135 180.984 8.56158 -3.98675 2.97664
424.324 296.571 9.17018 -3.76099 1.99285
418.241 343.718 9.15478 -3.50104 2.10998
415.199 228.131 9.04933 -4.06846 2.14775
567.286 313.3 11.3158 -4.69786 -2.68998
565.766 258.549 10.1556 -4.66967 -0.943016
292.008 112.545 7.73037 -3.67188 4.24584
328.509 150.567 7.97147 -3.72604 3.86399
270.716 30.4175 7.96996 -4.07121 4.06558
252.465 333.072 7.78716 -3.02345 4.43339
278.32 234.215 7.81036 -3.32239 4.27333
360.447 323.946 8.5378 -3.35236 3.18348
833.44 375.656 7.19668 -2.96566 1.74903
337.634 255.507 8.28602 -3.51564 3.53228
737.624 562.724 9.98952 -2.22926 -2.72347
971.839 142.962 6.28469 -3.55942 2.4477
428.887 644.851 9.99482 -2.03256 1.30969
733.062 445.616 10.4405 -3.33078 -3.93072
833.44 454.742 7.28913 -2.62662 1.68282
743.708 378.698 9.8513 -3.81384 -3.13662
454.742 325.467 9.89285 -3.90671 0.847758
349.801 194.672 8.36196 -3.79701 3.35802
905.912 642.735 6.93611 -1.8534 2.18778
642.735 136.217 8.63446 -4.84502 0.412065
741.922 60.835 7.27838 -4.36535 1.97017
879.462 103.155 6.83426 -4.13271 1.58239
804.08 78.0275 7.08484 -4.26734 1.79092
720.763 305.497 10.0355 -4.53818 -3.28963
677.12 306.82 10.3501 -4.57505 -3.01425
695.635 304.175 10.1849 -4.56992 -3.0883
737.955 239.372 8.80207 -4.48145 -1.1186
711.505 238.05 8.92692 -4.49134 -0.91625
924.427 263.177 6.61392 -3.24457 2.16226
815.982 230.115 7.91157 -4.16176 -0.284328
834.497 268.467 7.53116 -3.70297 0.558761
592.48 399.395 15.2233 -5.00499 -9.21995
276.402 482.712 7.86837 -2.63304 4.32064
273.758 387.492 7.74267 -2.86702 4.42097
207.632 387.492 7.66012 -2.83599 4.70559
203.665 432.457 7.60885 -2.71464 4.77588
453.617 304.175 9.48069 -3.8872 1.36647
421.878 257.888 9.21916 -3.99005 1.90945
567.352 313.432 11.4436 -4.74696 -2.8991
567.352 351.785 13.5393 -5.12485 -6.08707
271.112 292.272 7.7684 -3.13827 4.36908
421.878 396.75 9.24879 -3.26507 2.0108
771.018 365.01 9.64848 -3.9174 -3.29234
331.948 248.63 8.29974 -3.52869 3.54053
444.36 587.19 10.1806 -2.3379 0.897612
424.522 612.318 9.9784 -2.20841 1.34845
931.04 400.717 6.56043 -2.68191 2.59343
390.138 201.02 8.61395 -3.94222 2.83574
745.89 612.318 9.66802 -1.83481 -2.06972
387.492 439.07 8.84674 -2.9631 2.75681
433.78 450.973 9.68077 -3.0754 1.45866
735.31 445.682 10.3524 -3.31071 -3.75765
719.44 420.555 10.9978 -3.72918 -4.88043
454.94 325.335 10.0014 -3.93914 0.6974
456.262 345.172 10.2653 -3.91139 0.365793
466.842 350.462 10.3086 -3.89837 0.199545
329.302 555.45 8.51801 -2.47076 3.50083
901.945 583.222 7.00059 -2.06401 1.94167
456.262 445.682 9.62941 -3.10208 1.31591
435.103 544.87 9.97551 -2.58393 1.17093
424.522 569.997 10.0196 -2.4488 1.24027
407.33 534.29 9.40433 -2.60467 2.04808
383.525 318.723 8.54661 -3.39532 3.02862
272.435 544.87 7.90849 -2.47126 4.31225
934.95 662.4 6.77032 -1.79928 2.39921
862.5 617.55 7.25346 -1.93251 1.75825
949.9 542.8 6.63102 -2.20261 2.43679
761.3 141.45 8.17202 -4.80629 -0.300633
741.75 60.95 7.28034 -4.36411 1.97363
650.9 43.7 8.13216 -5.02392 1.11895
933.8 135.7 6.48154 -3.71139 2.1801
803.85 78.2 7.08484 -4.26734 1.79092
676.2 308.2 10.3472 -4.57142 -3.00055
923.45 292.1 6.63908 -3.13733 2.16227
857.9 246.1 7.28629 -3.70216 0.867933
354.2 534.75 8.77056 -2.56205 3.09116
207 387.55 7.66569 -2.83816 4.6997
639.4 180.55 33.7718 -21.9852 -46.6701
568.1 351.9 13.6262 -5.15352 -6.23014
225.4 318.55 7.67298 -3.01309 4.61791
425.5 364.55 9.70126 -3.58 1.40869
819.95 653.2 7.93043 -1.7118 0.672205
433.55 450.8 9.70881 -3.08248 1.42313
361.1 233.45 8.40351 -3.66192 3.26714
465.75 349.6 10.2044 -3.86454 0.351027
450.8 479.55 9.70331 -2.92318 1.30337
376.05 295.55 8.55741 -3.48826 3.05406
938.4 184 6.44224 -3.45338 2.42311
851 580.75 7.51542 -2.07538 1.14628
455.4 285.2 10.1382 -4.27716 0.47768
494.5 129.95 7.55795 -3.75119 3.51485
935 662 6.76561 -1.7998 2.41438
770 249 8.65476 -4.40293 -1.30482
825 225 7.82913 -4.16143 -0.241282
391 202 8.63921 -3.95137 2.80286
330 556 8.50273 -2.46901 3.51782
