305 462 -12.1335 0.0106308 21.5574
282 33 -12.21 -0.821958 21.559
314 159 -11.94 -0.554428 21.4237
19 241 -11.6226 -0.323836 20.7477
615 410 -13.7113 -0.0380743 24.3063
195 895 -12.0575 0.7993 21.274
197 813 -11.9694 0.609128 21.2147
335 653 -12.1095 0.403348 21.6098
352 544 -12.0907 0.176138 21.6331
370 597 -12.1068 0.294713 21.6889
27 630 -11.5277 0.155649 20.6976
51 569 -11.5385 0.0814728 20.7328
1262 520 -10.8231 0.154547 24.1023
1428 456 -10.1281 -0.128657 22.568
1199 236 -11.243 -0.813663 24.5287
1532 477 -9.92301 -0.110956 22.3897
1688 128 -9.74194 -0.627096 21.878
1515 219 -9.9912 -0.563784 22.3062
1557 176 -9.92004 -0.613103 22.1635
1419 823 -10.0946 0.663992 22.7125
1428 952 -10.0375 0.9106 22.6154
1328 716 -10.3788 0.55708 23.1334
1095 657 -11.7905 0.922358 25.2638
1816 884 -9.51914 0.315879 21.5611
1793 1040 -9.52019 0.51916 21.5825
1512 914 -9.87154 0.658175 22.2339
1633 911 -9.69381 0.510096 21.9197
1589 554 -9.81103 -0.00527751 22.0826
1462 800 -10.0146 0.593816 22.7073
1488 732 -9.94833 0.358401 22.3342
1596 737 -9.76997 0.28761 22.0857
289.2 278.4 -12.8457 -0.394034 22.063
313.2 158.4 -11.914 -0.55064 21.4001
48 754.8 -12.297 0.54678 21.1552
1813.2 790.8 -9.53264 0.211619 21.5957
247.2 758.4 -11.9709 0.53273 21.3123
1339.2 158.4 -10.4933 -0.843545 23.2331
1652.4 608.4 -9.71891 0.0346186 21.7867
1586.4 654 -9.79571 0.155953 22.0873
1789.2 932.4 -9.54725 0.369117 21.5134
1605.6 532.8 -9.79121 -0.0392342 22.1025
1428 952.8 -10.0389 0.909813 22.6165
284.4 552 -12.1836 0.196943 21.5467
94.8 565.2 -11.5896 0.0910779 20.8169
216 524.4 -12.2695 0.14311 21.4584
1515.6 218.4 -9.98183 -0.55083 22.2226
1627.2 994.8 -9.68969 0.627172 21.8855
124.8 130.8 -12.075 -0.554875 21.1627
1540.8 658.8 -9.86501 0.188196 22.1755
1530 549.6 -9.90265 0.00521202 22.1969
202.8 607.2 -12.3065 0.313079 21.4561
190.8 657.6 -12.0471 0.346953 21.2593
753.6 610.8 -14.2096 1.12258 26.107
284.4 895.2 -11.9652 0.810262 21.3847
1873.2 66 -9.58521 -0.593201 21.4172
1327.2 716.4 -10.4196 0.597274 23.3291
1872 342 -9.55295 -0.31158 21.4331
426 351.6 -12.6691 -0.232297 22.3405
1716 786 -9.62178 0.251828 21.7185
1236 730.8 -10.9339 0.951873 24.4423
480 468 -12.5966 0.0807642 22.4646
298.8 510 -12.1411 0.106085 21.5519
306 462 -12.1325 0.00842231 21.5581
1364.4 900 -10.2148 0.927604 22.8952
345.6 764.4 -12.1049 0.640548 21.6334
1688.4 128.4 -9.74249 -0.622546 21.8668
1695.6 84 -9.73539 -0.715547 21.9892
282 32.4 -12.2542 -0.833933 21.5934
1730.4 385.2 -9.66644 -0.267868 21.6646
1705.2 345.6 -9.69607 -0.31815 21.746
1101.6 493.2 -11.8044 0.203227 25.2194
510 282 -12.7536 -0.449347 22.7217
220.8 145.2 -12.0565 -0.561135 21.3241
615.6 626.4 -13.0661 0.730917 23.5933
607.2 562.8 -13.1123 0.494239 23.5758
643.2 492 -13.3344 0.262034 24.0383
1131.6 169.2 -12.5118 -1.55891 27.2984
1688.4 598.8 -9.67715 0.0139814 21.7526
1633.2 910.8 -9.69498 0.507635 21.9208
1074 25.2 -12.8096 -2.31499 27.0029
849.6 130.8 -15.8059 -2.31309 29.4963
1416.96 512.64 -10.1495 -0.010952 22.6496
1605.6 532.8 -9.78881 -0.0430059 22.0282
1392.48 324 -10.3471 -0.448357 23.3774
440.64 279.36 -12.5245 -0.411993 22.2438
334.08 653.76 -12.0998 0.400957 21.6015
370.08 597.6 -12.1276 0.29906 21.7095
1185.12 90.72 -11.7065 -1.59807 25.6816
1128.96 30.24 -12.7062 -2.43582 27.62
1507.68 383.04 -9.97068 -0.275881 22.2675
753.12 610.56 -14.1656 1.10587 26.0525
1445.76 545.76 -10.0758 0.0438917 22.5358
1571.04 943.2 -9.76948 0.615805 22.0222
1368 617.76 -10.3206 0.308198 23.2448
123.84 131.04 -12.0736 -0.556217 21.1644
1532.16 505.44 -9.90575 -0.0666012 22.2322
737.28 79.2 -14.5718 -1.93177 26.2697
1450.08 237.6 -10.1321 -0.563534 22.5815
1513.44 214.56 -10.0055 -0.581805 22.414
1382.4 737.28 -10.1827 0.48591 22.6978
1670.4 943.2 -9.64511 0.516802 21.8363
262.08 367.2 -12.6585 -0.169962 21.8421
1643.04 136.8 -9.79419 -0.627029 21.925
324 864 -12.0129 0.80265 21.5071
309.6 802.08 -12.0231 0.671133 21.4842
679.68 83.52 -13.8102 -1.52973 24.7984
1056.96 601.92 -11.9757 0.69821 25.2038
1235.52 730.08 -10.8955 0.914904 24.2967
884.16 712.8 -12.3637 1.10246 24.4027
1694.88 840.96 -9.63857 0.340391 21.7464
293.76 515.52 -12.1525 0.116514 21.5476
367.2 468 -12.2371 0.0374987 21.7909
1429.92 977.76 -10.0226 0.939755 22.5459
479.52 468 -12.525 0.0734249 22.389
1598.4 260.64 -9.84038 -0.459493 22.0173
1558.08 692.64 -9.83327 0.227214 22.1065
1743.84 90.72 -9.68326 -0.643427 21.7318
1827.36 561.6 -9.55469 -0.0679262 21.531
1726.56 743.04 -9.6161 0.189714 21.6938
1415.52 864 -10.0934 0.754983 22.7079
1363.68 900 -10.2327 0.955619 22.9829
1427.04 810.72 -10.0728 0.620122 22.6692
264.96 768.96 -11.971 0.562257 21.3467
293.76 712.8 -11.9886 0.474543 21.4166
434.88 720 -12.1333 0.606127 21.8898
403.2 684 -12.1565 0.508405 21.8232
1185.12 665.28 -11.491 0.975565 25.6504
1087.2 599.04 -11.8202 0.676785 25.2027
1681.92 309.6 -9.72628 -0.368337 21.7928
1247.04 305.28 -10.9915 -0.549444 24.3525
479.52 635.04 -12.4894 0.521608 22.368
1743.84 264.96 -9.66538 -0.419272 21.6854
1188 491.04 -11.4969 0.179204 25.5025
1185.12 470.88 -11.4626 0.0711469 25.3277
1288.8 191.52 -10.7077 -0.830463 23.6497
509.76 282.24 -12.7478 -0.450727 22.7061
220.32 145.44 -12.0366 -0.559435 21.3104
184.32 122.4 -11.978 -0.574802 21.2079
573.12 629.28 -12.8764 0.659336 23.1602
642.24 491.04 -13.332 0.269492 24.0397
665.28 427.68 -13.5477 0.0187497 24.4388
738.72 378.72 -14.4318 -0.211596 26.1873
1131.84 168.48 -12.588 -1.58661 27.498
1611.36 551.52 -9.78073 -0.0118323 22.1041
1812.96 790.56 -9.53351 0.208323 21.5814
1836 57.6 -9.61174 -0.619766 21.4853
1026.72 132.48 -14.5357 -2.40457 30.2856
804.96 678.24 -13.2713 1.22847 25.2382
47.52 754.56 -12.2496 0.533947 21.128
848.16 131.04 -15.6983 -2.26805 29.3108
181.44 972.864 -11.8548 0.839569 21.1075
216 525.312 -12.2692 0.1442 21.4585
1560.38 46.656 -9.92254 -0.791264 22.0455
260.928 366.336 -12.6891 -0.171478 21.8665
274.752 293.76 -12.7217 -0.340326 21.9257
1454.98 60.48 -10.1486 -0.913541 22.59
1731.46 725.76 -9.61554 0.16441 21.7017
679.104 82.944 -13.7307 -1.50768 24.6933
1821.31 298.944 -9.59492 -0.365054 21.5361
753.408 609.984 -14.1267 1.09397 25.9783
1840.32 245.376 -9.58451 -0.421076 21.5175
323.136 865.728 -12.0114 0.801608 21.506
283.392 895.104 -11.9133 0.790801 21.3385
1035.07 190.08 -15.9479 -2.4981 33.7101
1558.66 692.928 -9.83272 0.228888 22.1066
1807.49 914.112 -9.53173 0.339951 21.5114
1866.24 825.984 -9.49111 0.216445 21.4848
1639.87 226.368 -9.78592 -0.493716 21.8788
347.328 779.328 -12.0201 0.646097 21.564
264.384 768.96 -11.9428 0.552809 21.3223
293.76 711.936 -11.9886 0.474543 21.4166
1396.22 122.688 -10.3193 -0.865487 22.9565
1363.39 51.84 -10.464 -1.11223 23.2638
1524.1 732.672 -9.88341 0.334086 22.2477
433.728 489.024 -12.5618 0.125979 22.2735
478.656 468.288 -12.5311 0.0750143 22.3943
428.544 471.744 -12.5944 0.0838052 22.2858
1470.53 1029.89 -9.92327 0.938706 22.3458
1430.78 978.048 -10.021 0.935044 22.5344
1828.22 561.6 -9.55454 -0.0691682 21.5313
1323.65 831.168 -10.3962 0.903772 23.2993
601.344 736.128 -12.8937 1.06846 23.3471
494.208 767.232 -12.4634 0.890634 22.4056
1252.8 749.952 -10.7626 0.911852 24.0259
438.912 72.576 -12.7359 -0.976761 22.4289
309.312 471.744 -12.1271 0.027746 21.5624
281.664 34.56 -12.2079 -0.821084 21.56
1156.03 547.776 -11.5155 0.405085 25.1763
1594.94 323.136 -9.83535 -0.362182 22.0091
480.384 634.176 -12.513 0.526461 22.3933
1688.26 127.872 -9.74208 -0.632012 21.8926
1257.98 661.824 -10.8218 0.642881 24.1971
1249.34 302.4 -11.0938 -0.593395 24.7353
1724.54 383.616 -9.67214 -0.270247 21.6626
1681.34 309.312 -9.72648 -0.375105 21.8446
1228.61 110.592 -11.1422 -1.24004 24.4508
1283.9 77.76 -10.7843 -1.18147 23.7731
1686.53 222.912 -9.73335 -0.482153 21.7882
219.456 145.152 -12.0383 -0.559784 21.3096
1290.82 190.08 -10.7077 -0.830463 23.6497
509.76 283.392 -12.7531 -0.446649 22.7182
509.76 179.712 -12.7634 -0.743815 22.7183
514.944 290.304 -12.6753 -0.419542 22.6566
760.32 490.752 -14.3063 0.439655 26.2649
1261.44 518.4 -10.816 0.156711 24.0759
1192.32 421.632 -11.4224 -0.141811 25.2608
532.224 487.296 -12.7454 0.161489 22.8182
577.152 77.76 -13.162 -1.20982 23.4214
1140.48 323.136 -12.3032 -0.655939 27.032
749.952 262.656 -14.5191 -0.89522 26.3773
749.952 193.536 -14.8784 -1.36668 26.8689
1131.84 169.344 -12.511 -1.55481 27.2998
1686.53 597.888 -9.67937 0.0104873 21.7345
1570.75 943.488 -9.77138 0.621606 22.034
1669.25 941.76 -9.64574 0.518739 21.8486
1332.29 611.712 -10.41 0.303245 23.2419
1000.51 877.824 -11.2157 1.12878 23.0363
1420.42 965.952 -10.0468 0.935558 22.5901
1836.86 57.024 -9.61224 -0.619439 21.485
1605.31 532.224 -9.78859 -0.0409887 22.1029
1055.81 133.056 -14.2458 -2.38004 30.2041
1339.2 157.248 -10.5078 -0.857187 23.2946
1334.02 381.888 -10.4925 -0.288155 23.3869
858.816 825.984 -11.8002 1.15302 23.2589
209.088 601.344 -12.2925 0.30001 21.4624
122.688 540.864 -11.572 0.0639512 20.8445
335.232 653.184 -12.0546 0.388343 21.5631
198.72 812.16 -12.0191 0.62428 21.255
136.512 884.736 -12.0971 0.758052 21.1831
328.32 936.576 -11.9612 0.929757 21.4722
440.64 279.936 -12.6227 -0.422575 22.3395
429.235 352.512 -12.6709 -0.230763 22.3583
1719.01 860.544 -9.61052 0.341754 21.6809
1696.21 841.882 -9.63599 0.327495 21.6943
603.418 736.128 -12.8839 1.06278 23.3245
348.365 779.674 -12.0778 0.662474 21.6113
294.451 713.318 -12.0419 0.486558 21.4634
1596.67 736.128 -9.77106 0.286308 22.0865
1600.82 684.288 -9.77581 0.19178 22.0514
493.517 767.232 -12.4329 0.876201 22.372
617.933 325.555 -13.7311 -0.402957 24.313
1598.75 259.2 -9.84199 -0.462383 22.0373
1540.69 271.642 -9.93161 -0.461648 22.218
1557.27 174.182 -9.9232 -0.61342 22.1631
1364.43 51.84 -10.4615 -1.10782 23.2486
1412.12 862.618 -10.1083 0.757691 22.7336
1507.51 984.96 -9.87543 0.815753 22.3082
1470.18 1028.51 -9.93354 0.983439 22.4327
1428.71 955.93 -10.0353 0.908355 22.6015
1580.08 342.144 -9.85426 -0.339295 22.0389
1764.63 145.152 -9.66496 -0.550191 21.609
1756.34 344.218 -9.64381 -0.317903 21.6549
1681.69 308.966 -9.7255 -0.374088 21.8279
479.002 634.522 -12.4521 0.510752 22.3291
387.763 576.461 -12.2916 0.289288 21.8929
1155 603.418 -11.5654 0.667326 25.3766
311.04 157.594 -11.9089 -0.550804 21.3962
236.39 41.472 -12.1841 -0.785925 21.4473
1208.91 595.123 -11.1825 0.530096 24.8459
1188.17 491.443 -11.5338 0.181304 25.6213
1762.56 250.906 -9.65032 -0.431554 21.628
1687.91 223.949 -9.73291 -0.489524 21.8209
564.019 296.525 -12.9369 -0.438372 23.1375
1283.56 76.7232 -10.7846 -1.18179 23.7722
1262.82 518.4 -10.8291 0.154238 24.117
510.106 186.624 -12.6935 -0.706333 22.6508
1036.8 522.547 -12.1672 0.355462 25.3648
746.496 501.811 -14.4865 0.519127 26.3443
665.626 425.088 -13.5778 0.0145489 24.4747
738.202 379.469 -14.663 -0.211653 26.5067
866.765 292.378 -19.4563 -1.52492 36.1156
1530.32 549.504 -9.90491 0.00814621 22.2179
1828.92 561.946 -9.55344 -0.0701206 21.53
1665.1 590.976 -9.70555 0.0117972 21.8184
1841.36 935.194 -9.50794 0.331399 21.4406
1806.11 914.458 -9.53126 0.340479 21.5116
1109.38 669.773 -11.722 0.975457 25.2679
1513.73 215.654 -9.98708 -0.562816 22.2872
1511.65 381.542 -9.96822 -0.281732 22.2896
1833.06 319.334 -9.58253 -0.340997 21.5202
1184.03 91.2384 -11.6057 -1.53564 25.3835
1055.46 132.71 -14.2157 -2.36954 30.1193
1331.25 493.517 -10.4907 0.0116502 23.5008
663.552 675.994 -13.291 1.05002 24.1618
263.347 769.306 -11.9428 0.552809 21.3223
209.434 605.491 -12.291 0.299235 21.4626
122.342 541.21 -11.5735 0.0664813 20.8434
333.85 653.184 -12.0454 0.387814 21.5541
209.434 810.778 -11.9806 0.609087 21.2449
134.784 885.427 -12.0988 0.760424 21.1806
327.629 935.194 -11.9531 0.924558 21.4647
485.222 798.336 -12.4302 0.948681 22.3361
848.103 132.71 -15.747 -2.27618 29.3851
738.202 80.8704 -14.8569 -2.01795 26.6779
124.416 60.1344 -12.0454 -0.663163 21.1525
441.677 279.936 -12.505 -0.411492 22.2214
288.23 277.862 -12.8379 -0.396029 22.0541
215.654 524.621 -12.2679 0.141441 21.46
105.754 472.781 -11.5931 -0.031467 20.8379
360.806 475.269 -12.0831 0.0323872 21.6434
1595.01 323.482 -9.83473 -0.364626 22.0097
308.552 79.6263 -12.0022 -0.704049 21.464
1684.59 308.552 -9.7255 -0.374088 21.8279
1254.11 748.984 -10.7966 0.933156 24.1508
1236.7 729.078 -10.8996 0.910707 24.316
1239.18 666.87 -10.9135 0.707391 24.3516
495.176 766.403 -12.5268 0.911937 22.4713
435.456 719.125 -12.1697 0.615161 21.9288
1107.3 614.615 -11.7072 0.713392 25.1449
1689.57 221.461 -9.7315 -0.488769 21.8152
1249.14 303.575 -10.9688 -0.568463 24.2895
1189.42 492.687 -11.4875 0.178372 25.4774
1114.77 497.664 -11.6484 0.201458 24.9769
1181.95 470.293 -11.3856 0.0604767 25.0476
604.662 430.479 -13.8325 0.0506259 24.3704
1281.48 423.014 -10.6808 -0.168824 23.664
1191.91 420.526 -11.4366 -0.138048 25.271
816.169 437.944 -16.383 0.26771 30.1289
1037.63 520.059 -12.3566 0.396491 25.8214
1209.32 136.858 -11.2492 -1.17897 24.604
1283.97 77.1379 -10.8286 -1.22741 23.9499
622.08 632.033 -13.2294 0.80114 23.8287
734.055 306.063 -14.443 -0.597575 26.1501
574.802 629.545 -12.9535 0.678101 23.2514
552.407 632.033 -12.7511 0.622208 22.9254
651.94 253.809 -13.3095 -0.676541 24.0118
756.449 256.297 -14.6732 -0.959431 26.6606
1525.34 734.055 -9.8788 0.322463 22.1922
1560.18 641.987 -9.82945 0.128439 21.9797
1530.32 549.919 -9.90817 0.00247778 22.2358
1731.87 724.101 -9.61492 0.170535 21.7289
1833.89 589.732 -9.54743 -0.0380685 21.507
1423.32 967.957 -10.0472 0.943689 22.6123
1806.52 915.702 -9.53092 0.340519 21.514
1697.03 843.541 -9.63724 0.331012 21.7076
1057.54 547.43 -12.0536 0.472308 25.3718
1189.42 1005.28 -10.5476 1.16229 22.6363
995.328 940.585 -11.0534 1.13434 22.6563
1196.88 1010.26 -10.4732 1.08607 22.4309
1413.37 860.959 -10.1006 0.743269 22.6827
1520.36 213.996 -9.97638 -0.568407 22.2582
1560.18 47.2781 -9.93896 -0.833602 22.2098
1838.87 54.743 -9.61167 -0.626656 21.5078
1689.57 124.416 -9.74262 -0.63224 21.8965
1607.45 532.501 -9.78567 -0.0413466 22.1036
602.174 736.543 -12.8922 1.06589 23.3389
293.622 671.846 -12.0467 0.409338 21.4648
370.76 597.197 -12.1364 0.300373 21.7191
184.136 972.933 -11.8733 0.845088 21.1206
388.178 1000.3 -12.0874 1.19313 21.7226
848.517 131.881 -15.7769 -2.27387 29.4294
796.263 136.858 -15.8353 -2.14712 28.7869
617.103 325.97 -13.8482 -0.412965 24.4505
124.416 59.7197 -12.0461 -0.664361 21.1523
440.433 278.692 -12.5389 -0.414484 22.2574
283.669 293.622 -12.8702 -0.347959 22.0682
1740.83 268.739 -9.66554 -0.415978 21.6687
1752.77 212.005 -9.66081 -0.475259 21.6468
1687.08 220.963 -9.73007 -0.488531 21.804
1292.93 188.117 -10.68 -0.828273 23.5579
507.617 283.669 -12.7655 -0.451694 22.7203
1263.07 516.575 -10.7992 0.144131 24.009
734.552 379.22 -14.9643 -0.231072 26.9247
1283.97 74.6496 -10.8281 -1.22706 23.949
1239.18 95.5515 -11.0477 -1.24927 24.2691
1039.12 522.547 -12.2505 0.379987 25.6083
597.197 137.355 -13.2446 -1.0474 23.626
606.155 62.7057 -13.1481 -1.28111 23.5301
809.202 495.673 -15.7541 0.719065 29.0639
743.51 501.645 -14.538 0.528674 26.4239
707.678 200.061 -14.3277 -1.15292 25.7053
641.987 489.701 -13.3088 0.253182 24.011
818.16 250.823 -16.5183 -1.39418 30.2191
731.566 185.131 -14.7783 -1.35638 26.541
1522.85 564.351 -9.92761 0.0453213 22.2953
1833.39 588.239 -9.54548 -0.0358269 21.5426
1570.63 946.557 -9.76875 0.620649 22.0221
1427.3 958.501 -10.027 0.904138 22.5463
1806.52 916.697 -9.52856 0.342639 21.5147
1696.04 845.034 -9.63538 0.333361 21.7071
1110.79 558.379 -11.7123 0.468884 25.1575
994.333 940.585 -11.0069 1.09196 22.545
1454.17 56.7337 -10.1478 -0.91988 22.591
1842.35 244.851 -9.58064 -0.425153 21.5308
1690.07 125.411 -9.73865 -0.623921 21.842
1430.29 385.192 -10.1621 -0.271016 22.7404
1684.1 307.556 -9.7212 -0.373227 21.7928
1101.83 164.229 -13.3747 -1.94102 29.1027
1137.66 462.828 -11.5055 0.034465 24.8496
1304.88 310.542 -10.6392 -0.487159 23.599
1248.14 301.584 -10.9688 -0.568463 24.2895
600.183 734.552 -12.8858 1.06602 23.3304
907.739 621.085 -13.3125 1.10925 26.3357
621.085 1006.28 -11.5439 1.11412 21.8567
698.72 868.922 -11.912 1.13165 22.594
937.599 827.118 -11.6051 1.16121 23.4226
259.781 770.384 -11.9512 0.55527 21.3202
435.954 719.622 -12.1915 0.622724 21.9527
292.626 671.846 -12.0475 0.409046 21.4645
325.472 549.421 -12.0729 0.175677 21.5585
677.818 80.6216 -13.7051 -1.49916 24.6555
862.95 292.626 -19.7592 -1.55557 36.6051
740.524 86.5936 -14.7997 -1.99925 26.6095
624.071 370.262 -14.0727 -0.208624 24.7997
438.94 280.683 -12.5052 -0.411467 22.225
289.641 277.697 -12.7812 -0.391029 22.0065
56.7337 465.814 -11.5381 -0.0415469 20.7457
444.912 376.234 -12.5762 -0.16923 22.3293
562.56 297.404 -12.9429 -0.438573 23.1405
1297.11 447.898 -10.6083 -0.0961685 23.5946
1246.95 143.327 -11.0189 -1.0969 24.2948
1229.03 136.161 -11.1554 -1.16395 24.5361
1239.78 93.1627 -11.0906 -1.25774 24.359
641.39 487.313 -13.3082 0.23214 24.0186
670.055 265.155 -13.4823 -0.66399 24.3503
730.969 186.325 -14.6334 -1.33875 26.2939
573.309 627.057 -12.6922 0.606938 22.9411
573.309 587.642 -12.9922 0.545231 23.2775
816.965 250.823 -16.0122 -1.30476 29.3984
734.552 272.322 -14.4954 -0.854419 26.1978
748.885 193.492 -14.797 -1.34052 26.7413
1522.85 730.969 -9.88342 0.335303 22.2476
1530.02 551.81 -9.90749 0.0154125 22.2384
1522.85 562.56 -9.91706 0.0387975 22.2014
1734.26 727.386 -9.6081 0.167154 21.6725
1429.69 956.709 -10.0343 0.915376 22.5959
1805.92 913.711 -9.53148 0.346283 21.5176
1813.09 784.717 -9.52894 0.207981 21.6079
1110.79 666.472 -11.6173 0.933813 25.0336
1110.79 609.141 -11.7045 0.711364 25.1637
1035.54 598.391 -12.1351 0.732738 25.361
1329.36 616.307 -10.4498 0.340576 23.3847
1286.36 659.305 -10.6268 0.538925 23.745
1297.11 795.466 -10.5445 0.919156 23.627
1522.85 211.408 -9.97888 -0.576069 22.2948
1841.76 243.656 -9.57962 -0.426303 21.5315
1687.68 218.574 -9.7281 -0.484305 21.7827
1691.26 121.828 -9.74123 -0.635102 21.8969
1626.76 530.311 -9.7632 -0.0473177 22.1066
1415.36 505.229 -10.1426 -0.0243617 22.5778
1533.6 326.07 -9.93426 -0.368404 22.2409
1834.59 318.903 -9.58111 -0.344657 21.5464
1103.62 164.826 -13.2684 -1.87366 28.7977
1340.11 265.155 -10.4975 -0.579689 23.346
1293.53 186.325 -10.6865 -0.83196 23.5779
1332.94 494.479 -10.5035 0.0181887 23.5614
1246.95 300.987 -10.9992 -0.57384 24.3789
662.889 673.638 -13.3053 1.04578 24.1695
601.974 730.969 -12.903 1.06524 23.3447
630.64 1006.87 -11.648 1.20987 22.0102
698.72 867.13 -11.962 1.15954 22.6594
257.989 770.384 -11.9287 0.551752 21.3047
293.821 670.055 -12.0074 0.398853 21.4344
451.481 555.393 -12.522 0.308542 22.3135
326.07 544.644 -12.0729 0.175677 21.5585
132.578 881.463 -12.0604 0.741296 21.1489
444.315 902.962 -12.2017 1.08601 21.9975
677.221 78.83 -13.747 -1.5157 24.691
849.214 132.578 -15.9748 -2.31099 29.7518
741.719 85.9964 -14.7679 -1.97979 26.557
601.974 422.815 -13.8155 0.0376966 24.3546
204.241 121.828 -12.0128 -0.585871 21.2635
440.731 279.488 -12.5058 -0.412958 22.2289
100.329 472.98 -11.5973 -0.0274445 20.8289
444.315 372.651 -12.5518 -0.172965 22.2842
336.819 415.649 -12.7476 -0.0508185 22.1176
571.876 589.075 -12.9281 0.532735 23.2055
1526.44 735.269 -9.89185 0.344763 22.2337
1479.14 705.17 -9.98281 0.339609 22.4223
1775.82 748.168 -9.57662 0.169892 21.6105
1836.02 584.775 -9.54345 -0.0398994 21.5055
1569.43 950.26 -9.76849 0.619488 22.0112
1504.94 898.662 -9.88007 0.62772 22.2131
1638.23 920.161 -9.69099 0.515169 21.9177
1694.13 847.064 -9.63689 0.341397 21.7356
1324.34 722.369 -10.4202 0.60816 23.3208
993.258 941.66 -11.0183 1.1017 22.5718
1522.14 189.192 -10.0069 -0.68205 22.7554
1556.53 171.993 -9.92434 -0.604151 22.1626
1694.13 120.395 -9.73754 -0.629065 21.8538
1625.33 528.878 -9.76618 -0.0487428 22.1132
1599.53 322.486 -9.8316 -0.367215 22.0091
1836.02 318.187 -9.5808 -0.345425 21.5163
1685.53 305.287 -9.72261 -0.378344 21.8142
1105.05 163.393 -13.2913 -1.87344 28.8686
1341.54 262.289 -10.5118 -0.585898 23.3926
1246.95 300.987 -10.9692 -0.566325 24.2764
1294.25 184.892 -10.7714 -0.888211 23.9454
1246.95 146.194 -11.0324 -1.10123 24.3385
1135.15 460.081 -11.8188 0.0589647 25.6319
1332.94 494.479 -10.5147 0.0347677 23.5473
662.172 675.071 -13.2655 1.03297 24.1196
601.975 730.969 -12.9638 1.07672 23.422
743.869 541.777 -14.5192 0.766198 26.4615
257.989 769.667 -11.9287 0.551752 21.3047
404.183 675.071 -12.1852 0.505666 21.8489
348.285 769.667 -12.1019 0.648571 21.6334
451.481 554.677 -12.4194 0.288875 22.1896
322.486 546.077 -12.1027 0.183187 21.5754
202.091 804.066 -11.9123 0.579612 21.1763
128.995 881.463 -12.1456 0.768828 21.2046
558.976 296.687 -12.9174 -0.432226 23.1025
636.373 494.479 -13.4415 0.295738 24.1168
739.569 498.779 -14.6072 0.540738 26.4952
288.088 279.488 -12.8938 -0.396134 22.0997
202.091 120.395 -11.9904 -0.586921 21.2378
503.079 279.488 -12.7899 -0.451964 22.7425
98.8958 472.98 -11.5906 -0.0281151 20.8216
283.788 278.628 -12.7029 -0.379988 21.9353
1620.17 526.298 -9.76782 -0.0503192 22.1126
257.989 768.807 -11.9414 0.551343 21.3145
98.0359 474.7 -11.658 -0.0254923 20.8685
196.072 557.256 -12.3245 0.217748 21.4594
350.865 923.601 -12.0262 0.953927 21.58
1109.35 665.612 -11.767 0.979874 25.4072
1062.92 603.694 -11.9698 0.69677 25.3016
1635.65 918.441 -9.68965 0.513256 21.9004
1816.24 784.287 -9.52906 0.189991 21.6006
1687.25 861.684 -9.64514 0.370635 21.7569
1553.09 505.659 -9.88322 -0.0704903 22.2786
1413.78 500.499 -10.1912 -0.0251594 22.7878
1516.98 743.009 -9.87787 0.334486 22.1928
1527.3 557.256 -9.90701 0.0310138 22.1885
1542.77 263.149 -9.93759 -0.478477 22.2473
1553.09 180.592 -9.92857 -0.598558 22.1598
423.102 98.0359 -12.5437 -0.858168 22.202
335.386 412.783 -12.7558 -0.0574875 22.1247
448.901 557.256 -12.44 0.296386 22.2267
598.535 732.689 -12.8265 1.02262 23.2485
567.576 629.493 -12.8923 0.6595 23.1261
1331.22 614.014 -10.4252 0.327564 23.3003
856.524 376.664 -18.1957 -0.338531 33.8383
1320.9 407.623 -10.5336 -0.200898 23.4577
1269.31 325.066 -10.8033 -0.465039 23.9275
634.653 144.474 -13.4197 -1.14253 24.0512
583.055 139.314 -13.0239 -0.971234 23.2937
1305.42 299.267 -10.5746 -0.495288 23.369
1243.51 299.267 -11.0066 -0.577408 24.3943
1155.79 412.783 -11.6677 -0.154521 25.6367
985.518 856.524 -11.5278 1.29201 23.6614
1661.45 608.854 -9.70441 0.0290475 21.7657
1058.79 656.324 -12.0034 0.954802 25.4062
1424.1 953.528 -10.0495 0.942342 22.6581
439.613 891.61 -12.223 1.07832 22.0128
297.203 668.708 -12.0613 0.400107 21.4929
198.136 668.708 -11.923 0.351931 21.18
1554.13 501.531 -9.88306 -0.0688762 22.2785
1541.74 266.245 -9.9495 -0.493251 22.3431
1554.13 179.56 -9.91446 -0.613093 22.1633
495.339 278.628 -12.6653 -0.44235 22.561
513.914 179.56 -12.6825 -0.751905 22.6527
1684.15 303.395 -9.72122 -0.377558 21.8032
445.805 383.888 -12.6462 -0.176702 22.3549
340.546 408.655 -12.7163 -0.0662214 22.0992
996.87 185.752 -16.8284 -2.66113 34.5671
743.009 538.681 -14.7036 0.795549 26.6832
1275.5 730.625 -10.6107 0.717845 23.6311
1331.22 612.982 -10.4287 0.338388 23.2966
557.256 297.203 -12.9722 -0.435021 23.171
1232.16 130.027 -11.1136 -1.15617 24.4063
1300.27 433.422 -10.6268 -0.141886 23.7079
1244.54 489.147 -10.944 0.0700308 24.3918
1318.84 408.655 -10.5097 -0.241057 23.3541
198.136 117.643 -12.0298 -0.595449 21.2731
253.861 767.776 -11.9414 0.551343 21.3145
984.486 854.46 -11.2409 1.075 22.9802
1702.73 860.652 -9.64211 0.35983 21.7086
297.203 668.708 -12.0745 0.411462 21.5008
193.182 668.708 -11.972 0.351221 21.2141
319.494 542.396 -12.0799 0.160765 21.5408
1515.74 743.009 -9.88362 0.340294 22.2066
1523.17 557.256 -9.90746 0.0221049 22.1985
557.256 631.557 -12.8904 0.668117 23.103
1567.75 505.246 -9.85698 -0.0650889 22.4208
453.235 512.676 -12.6294 0.206249 22.3975
334.354 408.655 -12.7168 -0.0767687 22.1061
1619.76 230.333 -9.81604 -0.493896 21.933
1686.63 215.473 -9.73119 -0.49322 21.7859
438.375 557.256 -12.4745 0.300414 22.2504
1322.56 720.718 -10.4475 0.631157 23.4313
1329.99 616.697 -10.4416 0.335957 23.3639
735.579 497.816 -14.748 0.55727 26.6528
1300.27 534.966 -10.4872 0.12063 23.2617
1181.38 378.934 -11.3375 -0.286673 24.8021
1285.41 215.473 -10.7472 -0.781192 23.8498
557.256 297.203 -13.0425 -0.435591 23.2543
690.998 178.322 -14.592 -1.3323 25.9557
289.773 282.343 -12.7715 -0.382292 21.9893
371.504 854.46 -12.1009 0.85519 21.6994
200.612 795.019 -11.9478 0.581211 21.2084
928.761 921.331 -11.2336 1.13247 22.6606
1686.63 854.46 -9.64036 0.360397 21.7158
1508.31 891.61 -9.87864 0.642753 22.2371
1656.91 601.837 -9.70262 0.0222936 21.7815
