478 88 -11.3005 -0.998028 19.6394
837 519 -14.6231 0.781467 26.6523
106 314 -10.8444 -0.274088 18.3851
168 988 -10.4742 0.840726 18.261
334 540 -10.8142 0.159432 18.8278
446 592 -11.2908 0.391641 19.5423
1568 624 -8.45481 0.11035 19.2232
1668 598.8 -8.31961 0.0320482 18.9951
1438.8 975.6 -8.6827 0.978427 19.9106
214.8 536.4 -10.7574 0.128239 18.5341
96 46.8 -10.7306 -0.715432 18.3082
541.2 766.8 -11.1615 0.908091 19.7763
135.6 874.8 -10.4932 0.637006 18.2162
190.8 370.8 -10.8516 -0.180922 18.5435
190.8 334.8 -10.8393 -0.253153 18.5363
321.6 351.6 -10.9036 -0.241305 18.8629
829.2 402 -14.5388 -0.218202 26.3021
844.8 144 -14.6743 -2.382 26.6412
1526.4 116.64 -8.58554 -0.688205 19.3141
1483.2 37.44 -8.69451 -0.891454 19.5736
1571.04 207.36 -8.50084 -0.539987 19.2434
344.16 990.72 -10.6704 1.07736 18.7494
1627.2 731.52 -8.35493 0.234658 19.0538
1671.84 1020.96 -8.26632 0.58231 18.9153
30.24 629.28 -10.4471 0.211304 18.0446
623.52 751.68 -11.474 1.06188 20.4826
1398.24 923.04 -8.77228 0.898241 19.9514
332.64 626.4 -10.7885 0.33632 18.8113
267.84 629.28 -10.7375 0.312598 18.6247
79.2 383.04 -10.7883 -0.152316 18.3027
198.72 432 -10.8451 -0.0683063 18.5537
1821.6 361.44 -8.1787 -0.285475 18.9081
227.52 544.32 -10.7962 0.149975 18.5837
1039.68 580.32 -12.2199 0.979148 25.5983
473.76 433.44 -11.5322 -0.046993 19.8549
544.32 482.4 -11.4454 0.105236 20.0604
378.72 712.8 -10.8027 0.546113 18.9286
174.24 1019.52 -10.4742 0.904587 18.27
221.76 957.6 -10.5276 0.849199 18.3903
180 961.92 -10.4918 0.813102 18.2926
1477.44 695.52 -8.61588 0.307055 19.6051
1572.48 488.16 -8.45898 -0.100155 19.1419
1584 456.48 -8.44777 -0.149323 19.1447
712.8 560.16 -12.2327 0.56061 21.903
659.52 587.52 -11.9292 0.593918 21.1916
547.2 712.8 -11.415 0.83984 20.0655
252 754.56 -10.779 0.568016 18.6175
253.44 730.08 -10.7674 0.521292 18.6116
444.96 204.48 -11.133 -0.638689 19.3856
285.12 296.64 -10.8123 -0.338907 18.714
1195.2 227.52 -10.4431 -1.11596 23.2402
243.36 110.88 -10.9062 -0.702913 18.685
146.88 80.64 -10.7743 -0.684958 18.4161
596.16 250.56 -11.7269 -0.685676 20.5616
835.2 269.28 -14.5303 -1.2948 26.2989
774.72 195.84 -13.2907 -1.43633 23.7695
833.76 491.04 -14.5687 0.528727 26.4792
668.16 203.04 -12.1384 -0.993217 21.4302
1568.16 928.8 -8.41209 0.575941 19.1771
1692 360 -8.31911 -0.294983 19.1414
616.32 1048.32 -10.2131 1.20426 19.063
889.92 142.56 -14.2722 -2.37435 26.6789
253.44 264.96 -10.784 -0.387876 18.6237
53.568 482.112 -10.48 -0.00593931 18.0942
127.872 433.728 -10.8552 -0.0631307 18.4274
226.368 570.24 -10.7956 0.20142 18.5772
343.872 991.872 -10.6704 1.07736 18.7494
285.12 1019.52 -10.6144 1.05686 18.5757
312.768 979.776 -10.6391 1.01956 18.6502
1653.7 518.4 -8.34675 -0.0698905 19.0434
1582.85 456.192 -8.44767 -0.148036 19.1446
316.224 718.848 -10.7392 0.51609 18.7308
1486.08 908.928 -8.5777 0.742396 19.6848
445.824 592.704 -11.4642 0.422989 19.6967
563.328 421.632 -11.5305 -0.0778556 20.2124
119.232 763.776 -10.6928 0.506838 18.3112
96.768 67.392 -10.7408 -0.68751 18.3149
438.912 907.2 -10.8684 1.07311 19.1622
1090.37 43.2 -11.423 -2.29122 24.1359
1750.46 148.608 -8.27961 -0.528058 18.8005
343.872 903.744 -10.728 0.919725 18.7869
271.296 896.832 -10.5976 0.79561 18.5309
174.528 1019.52 -10.4742 0.905546 18.2699
167.616 986.688 -10.4733 0.840755 18.2614
269.568 622.08 -10.6783 0.28759 18.5831
300.672 558.144 -10.7262 0.174137 18.6808
473.472 432 -11.5351 -0.0470816 19.8548
1275.26 72.576 -9.6641 -1.40889 21.6753
547.776 713.664 -11.3748 0.825806 20.0214
711.936 559.872 -12.2837 0.5715 21.9746
660.096 587.52 -11.8943 0.567881 21.1525
490.752 241.92 -11.1845 -0.566031 19.5844
445.824 203.904 -11.1784 -0.646531 19.4249
254.016 729.216 -10.6776 0.494685 18.5492
347.328 285.12 -10.8915 -0.377872 18.9128
281.664 293.76 -10.7876 -0.339381 18.6931
243.648 110.592 -10.9071 -0.705377 18.6847
146.88 79.488 -10.7754 -0.687411 18.415
692.928 482.112 -12.0987 0.180552 21.5865
686.016 304.128 -12.1396 -0.574773 21.5652
646.272 333.504 -11.5218 -0.399709 20.606
673.92 88.128 -12.3983 -1.54834 21.7592
376.704 69.12 -11.3362 -0.98174 19.3404
800.064 207.36 -13.6828 -1.48962 24.5955
876.096 447.552 -16.3268 0.267483 30.0258
573.696 53.568 -11.9733 -1.40407 20.7001
753.408 355.968 -12.9314 -0.43632 23.1265
1176.77 402.624 -10.6188 -0.266993 23.6572
1555.2 692.928 -8.4668 0.224012 19.2597
1650.24 1000.51 -8.29521 0.575438 18.9521
1551.74 908.928 -8.44142 0.574994 19.2624
1527.55 115.776 -8.58523 -0.689772 19.3139
1055.81 44.928 -11.548 -2.24385 23.9384
468.288 946.944 -10.7493 1.13428 19.1361
44.928 254.016 -10.5141 -0.345112 18.1037
269.568 622.08 -10.7163 0.29747 18.6124
300.672 557.798 -10.6975 0.174159 18.6625
402.278 808.704 -10.8651 0.803351 19.0473
1364.43 657.331 -8.94706 0.377227 20.2606
340.07 277.862 -10.8936 -0.40165 18.8965
659.405 586.829 -11.9056 0.587993 21.1564
1038.87 580.608 -12.2646 0.998921 25.6917
250.906 752.717 -10.7801 0.568066 18.617
252.979 729.907 -10.6944 0.499828 18.5614
165.888 673.92 -10.7447 0.37997 18.4264
230.17 926.899 -10.5448 0.806295 18.4156
476.928 512.179 -11.5303 0.196699 19.8681
472.781 431.309 -11.5419 -0.0497782 19.8581
568.167 545.357 -11.4585 0.319568 20.1891
1381.02 460.339 -8.88155 -0.115243 19.9195
1275.26 72.576 -9.64253 -1.38958 21.5945
282.01 292.378 -10.7876 -0.339381 18.6931
308.966 433.382 -10.8376 -0.0697688 18.7843
489.37 240.538 -11.1214 -0.559411 19.5235
383.616 773.453 -10.7968 0.687322 18.9415
447.898 711.245 -10.9911 0.635588 19.2876
1455.67 472.781 -8.68442 -0.105307 19.5888
1351.99 157.594 -9.04528 -0.804039 20.1533
1341.62 180.403 -9.04975 -0.740313 20.0843
242.611 107.827 -10.9066 -0.704898 18.6849
196.992 99.5328 -10.8331 -0.692583 18.5466
213.581 39.3984 -10.8654 -0.821158 18.6003
920.679 203.213 -15.5839 -2.37086 29.5395
1385.17 333.85 -8.93948 -0.391399 20.126
1227.57 510.106 -9.87204 0.166223 22.1765
1223.42 476.928 -9.89526 0.033576 22.1514
651.11 425.088 -11.5712 -0.0769306 20.6925
543.283 186.624 -11.4503 -0.804403 20.0327
831.514 489.37 -14.6796 0.531015 26.6496
833.587 414.72 -14.6363 -0.0824673 26.5754
1140.48 184.55 -11.4316 -1.64168 25.0939
827.367 402.278 -15.2336 -0.255555 27.333
754.791 356.659 -13.0444 -0.442771 23.2838
443.75 145.152 -11.1174 -0.788177 19.3654
381.542 153.446 -11.4129 -0.788173 19.4314
908.237 327.629 -19.9962 -1.58235 37.0737
613.786 203.213 -11.8828 -0.882837 20.8115
1607.04 580.608 -8.396 0.0154076 19.0395
1457.74 640.742 -8.65507 0.205977 19.579
1656.81 597.197 -8.33121 0.0229011 18.9355
1650.59 1001.55 -8.29502 0.578018 18.9522
1439.08 976.666 -8.66863 0.948465 19.8145
1799.89 829.44 -8.17524 0.238172 18.6618
1005.7 1001.55 -9.65961 1.24094 19.8153
1192.32 995.328 -9.27469 1.24098 20.0961
1526.17 116.122 -8.58523 -0.689772 19.3139
1573.86 487.296 -8.45679 -0.106678 19.1252
1731.46 466.56 -8.27003 -0.157404 18.8151
1038.87 147.226 -13.0472 -2.35565 26.9875
953.856 572.314 -13.9429 1.22252 27.5467
217.728 881.28 -10.5383 0.718855 18.3872
466.56 947.635 -10.7373 1.13325 19.1263
843.955 145.152 -14.728 -2.37911 26.733
250.906 263.347 -10.7821 -0.386182 18.6242
45.6192 252.979 -10.49 -0.345148 18.0897
145.152 78.7968 -10.7767 -0.688729 18.4139
257.126 412.646 -10.7082 -0.108784 18.5802
293.622 532.501 -10.7331 0.121208 18.6767
311.04 432.968 -10.8492 -0.0684747 18.796
592.22 681.8 -11.4996 0.792924 20.3392
1425.81 467.804 -8.7764 -0.109328 19.8201
1373.55 248.832 -8.97786 -0.591101 20.1268
1341.2 179.159 -9.05221 -0.743964 20.0972
1381.02 141.834 -8.99662 -0.852128 20.2302
243.855 106.998 -10.9073 -0.705707 18.6847
179.159 104.509 -10.8266 -0.671238 18.5028
196.577 99.5328 -10.856 -0.681927 18.5622
1231.72 510.106 -9.83538 0.159866 22.0573
691.753 480.246 -12.0637 0.172725 21.5362
659.405 530.012 -12.0699 0.380814 21.3462
383.201 149.299 -11.3498 -0.786085 19.3779
1172 505.129 -10.5937 0.251436 23.5948
734.055 350.853 -12.7426 -0.445604 22.676
472.781 62.208 -11.2972 -1.05296 19.6163
574.802 57.2314 -11.8313 -1.34188 20.5579
773.868 196.577 -13.382 -1.45405 23.8878
908.237 328.458 -20.1894 -1.60024 37.3708
1552.71 691.753 -8.46869 0.222612 19.2589
1458.16 639.498 -8.65507 0.205977 19.579
1657.22 597.197 -8.33176 0.0245516 18.9268
1438.25 977.91 -8.66369 0.938125 19.7945
1540.27 898.284 -8.463 0.574782 19.2985
1485.53 908.237 -8.59189 0.772626 19.774
1664.69 980.398 -8.27848 0.541613 18.9316
1679.62 851.006 -8.27971 0.358152 18.9208
1015.23 928.143 -9.73658 1.15548 20.0241
1191.91 992.84 -9.21136 1.13915 19.8694
1400.92 823.634 -8.8644 0.803569 20.3994
1425.81 186.624 -8.86424 -0.716172 20.0664
1495.48 59.7197 -8.73015 -0.949846 19.9257
1711.96 465.316 -8.28708 -0.147057 18.842
1823.94 360.806 -8.17689 -0.283408 18.9236
624.568 748.984 -11.543 1.07463 20.5668
659.405 584.755 -11.9907 0.59886 21.2611
248.832 751.473 -10.7335 0.554629 18.5854
121.928 679.311 -10.6914 0.359562 18.3144
223.949 567.337 -10.7973 0.199336 18.5823
109.486 612.127 -10.6991 0.243257 18.3054
447.898 711.66 -11.0232 0.644244 19.3191
218.972 880.865 -10.5465 0.714538 18.3998
278.692 811.192 -10.5777 0.628592 18.5289
888.33 141.834 -13.4509 -2.05438 25.2898
577.29 320.993 -11.6212 -0.418011 20.3745
340.9 276.204 -10.9632 -0.400452 18.9576
325.97 353.341 -10.9126 -0.232343 18.8774
1275.02 495.673 -9.44636 0.0451389 21.2376
1224.25 477.758 -9.89477 0.0325075 22.172
752.468 358.318 -12.9625 -0.434057 23.1557
827.118 322.486 -12.218 -0.6053 22.75
719.622 313.528 -12.3181 -0.575239 22.0231
656.917 143.327 -12.1572 -1.22384 21.3584
836.076 519.561 -14.6258 0.783381 26.635
907.739 328.458 -20.4018 -1.59272 37.6779
570.323 212.005 -11.5709 -0.767555 20.2758
373.248 104.509 -11.5054 -0.915977 19.473
800.244 271.725 -14.1407 -1.18995 25.2319
444.912 143.327 -11.2452 -0.810902 19.4956
585.253 140.341 -11.7466 -1.06439 20.5137
728.58 214.991 -12.7834 -1.14017 22.6619
1140.65 182.145 -11.1874 -1.56194 24.4685
1478.06 695.734 -8.6015 0.282424 19.5184
1606.46 579.281 -8.40212 0.0218979 19.0861
1460.15 641.987 -8.65535 0.213846 19.613
1687.08 734.552 -8.2827 0.196504 18.902
1654.24 597.197 -8.33314 0.028671 18.9683
1534.8 871.907 -8.47692 0.549417 19.3422
1663.19 982.389 -8.27721 0.54384 18.9368
1836.38 842.048 -8.1444 0.23749 18.633
1039.12 582.267 -12.1923 0.995958 25.5499
1370.57 734.552 -8.93569 0.578198 20.3514
1355.64 612.127 -8.94295 0.243294 20.1035
1170.51 922.669 -9.40554 1.12519 20.2527
1015.23 928.641 -9.7283 1.14537 19.9984
1421.33 188.117 -8.86424 -0.716172 20.0664
1576.6 486.715 -8.45139 -0.108376 19.0986
1827.42 361.304 -8.1759 -0.291943 18.8906
567.337 546.435 -11.512 0.323338 20.2316
755.454 555.393 -13.1039 0.709528 23.4399
528.519 877.879 -11.0636 1.17801 19.6543
268.739 782.328 -10.6066 0.573794 18.5345
74.6496 719.622 -10.4434 0.35163 18.0975
235.893 549.421 -10.7135 0.144121 18.5381
110.481 612.127 -10.7001 0.243183 18.3037
435.954 704.692 -10.9144 0.589169 19.1842
382.206 773.37 -10.8009 0.6872 18.9426
107.495 943.571 -10.4374 0.717561 18.1409
268.739 898.781 -10.5998 0.795234 18.5299
465.814 949.543 -10.8125 1.18474 19.196
331.444 1003.29 -10.6215 1.07306 18.6791
277.697 809.202 -10.5822 0.629593 18.5326
865.936 217.977 -16.4395 -2.27274 29.7883
883.851 143.327 -14.3559 -2.38617 26.7923
689.762 480.743 -12.1987 0.177657 21.7072
576.295 322.486 -11.6723 -0.419458 20.4279
262.767 170.201 -10.7371 -0.565421 18.616
125.411 429.982 -10.8577 -0.0648929 18.4257
262.767 340.402 -10.7359 -0.250034 18.6052
310.542 432.968 -10.7382 -0.0680472 18.7129
902.962 397.733 -18.5263 -0.325335 34.4261
372.651 103.912 -11.5741 -0.933378 19.5263
601.974 257.989 -11.8159 -0.660446 20.6906
584.059 136.161 -11.8017 -1.08403 20.579
444.315 143.327 -11.1917 -0.798326 19.4309
781.134 247.24 -13.4007 -1.1465 24.0321
1551.52 687.971 -8.48793 0.240524 19.365
1461.94 637.806 -8.66448 0.220238 19.6735
1479.85 906.545 -8.59235 0.766268 19.7567
1848.92 1006.87 -8.10495 0.44427 18.7093
1057.04 544.644 -11.973 0.699188 25.326
1358.03 609.141 -8.9843 0.257108 20.2391
1168.12 917.294 -9.46627 1.21143 20.4638
1401.02 820.549 -8.86924 0.786901 20.3804
1422.52 189.909 -8.85649 -0.707425 20.0214
1641.1 100.329 -8.40627 -0.646813 19.026
1429.69 465.814 -8.77202 -0.104871 19.8044
1644.68 476.563 -8.35961 -0.134555 18.9381
1684.1 333.236 -8.33232 -0.333504 19.0949
1379.52 143.327 -9.00739 -0.858534 20.2677
1272.03 78.83 -9.66641 -1.39716 21.6662
1039.12 490.896 -12.3296 0.37985 25.7331
1268.45 394.15 -9.21046 -0.24828 20.2026
623.474 745.302 -11.7067 1.12992 20.7574
659.305 584.059 -11.9572 0.589227 21.212
566.143 544.644 -11.497 0.324105 20.211
752.468 551.81 -12.8632 0.654502 23.076
265.155 777.55 -10.6124 0.581034 18.5357
168.41 648.556 -10.7698 0.328005 18.4477
383.4 709.47 -10.8977 0.573976 19.0154
279.488 806.216 -10.5902 0.626061 18.5407
103.912 849.214 -10.4509 0.576821 18.1441
655.722 143.327 -12.1246 -1.22274 21.3232
791.883 171.993 -13.8774 -1.77222 24.7565
752.468 358.318 -13.0487 -0.43606 23.2642
261.572 93.1627 -10.9417 -0.750105 18.7473
437.148 207.825 -11.2272 -0.639758 19.4466
340.402 275.905 -10.9085 -0.400086 18.9033
125.411 426.399 -10.8573 -0.0629741 18.4254
197.075 343.985 -10.7979 -0.230614 18.5212
358.318 494.479 -10.89 0.074392 18.9401
1135.15 214.991 -11.7245 -1.57168 25.7519
1461.94 636.373 -8.65061 0.2034 19.595
1771.53 679.371 -8.21161 0.077849 18.6727
1681.23 752.468 -8.28655 0.221168 18.8924
1651.13 597.675 -8.3398 0.0301012 19.0217
1595.23 915.861 -8.3737 0.525957 19.0912
1479.14 907.262 -8.60361 0.782556 19.8181
1423.24 782.567 -8.73238 0.554145 19.855
1668.33 984.658 -8.27998 0.558571 18.9785
1741.43 881.463 -8.21027 0.367792 18.8795
1113.65 769.667 -10.001 1.11366 21.4373
1173.85 554.677 -10.5634 0.524102 23.5869
1169.55 915.861 -9.44855 1.13822 20.3482
1397.44 816.965 -8.85622 0.7607 20.2776
1418.94 189.192 -8.86111 -0.706989 20.0199
1431.84 464.38 -8.77193 -0.106337 19.813
1427.54 343.985 -8.84703 -0.37549 20.1095
1143.75 176.293 -11.6262 -1.79723 25.6177
1380.24 141.894 -9.01285 -0.849098 20.2535
1272.75 81.6965 -9.70411 -1.41167 21.7835
1229.75 511.678 -9.8645 0.172245 22.1461
1268.45 395.583 -9.27833 -0.255752 20.413
687.971 924.461 -10.6509 1.27991 19.8572
520.278 881.463 -11.0482 1.17466 19.631
232.19 541.777 -10.6915 0.135769 18.5182
438.581 597.675 -11.4556 0.433008 19.6831
335.386 636.373 -10.7924 0.335378 18.8088
103.196 941.66 -10.4234 0.71223 18.1237
266.589 778.267 -10.6465 0.593044 18.5579
103.196 851.364 -10.4615 0.576777 18.1585
460.081 950.26 -10.8586 1.19737 19.2339
791.167 171.993 -13.8582 -1.75839 24.7393
890.062 326.786 -18.7018 -1.43735 34.2361
85.9964 81.6965 -10.6445 -0.635969 18.2393
434.282 206.391 -11.1885 -0.644326 19.4121
331.086 275.188 -10.7422 -0.38829 18.7567
369.784 103.196 -11.2869 -0.876766 19.276
124.695 425.682 -10.8621 -0.0731962 18.4227
197.792 343.985 -10.7596 -0.235094 18.4933
128.995 309.587 -10.8558 -0.287679 18.426
472.98 503.079 -11.489 0.168145 19.8215
322.486 348.285 -10.879 -0.258637 18.8414
1016.48 763.648 -10.2205 0.997276 20.9691
1057.76 577.896 -11.8911 0.925022 25.1785
1522.14 789.447 -8.51631 0.458075 19.5548
1475.7 825.565 -8.61193 0.560915 19.6077
1764.65 675.931 -8.21364 0.0788064 18.6845
1645.97 598.535 -8.34374 0.0297329 18.9628
1166.11 913.281 -9.39627 1.1167 20.2299
1006.16 784.287 -10.349 1.1609 21.2464
1532.46 108.355 -8.59991 -0.743724 19.4333
196.072 340.546 -10.7073 -0.237924 18.4499
247.67 263.149 -10.8295 -0.396442 18.6532
123.835 304.427 -10.8114 -0.292289 18.3927
257.989 98.0359 -10.9615 -0.749362 18.76
515.978 768.807 -11.1385 0.90115 19.6819
1749.17 345.705 -8.25457 -0.309692 19.0019
1682.09 335.386 -8.32893 -0.330624 19.0633
103.196 939.08 -10.4378 0.71382 18.1394
263.149 779.127 -10.6133 0.577944 18.5338
98.0359 825.565 -10.4628 0.529605 18.1474
1522.14 660.452 -8.5368 0.201173 19.4153
1460.22 634.653 -8.63091 0.184441 19.4696
257.989 727.529 -10.7663 0.513891 18.622
232.19 541.777 -10.6966 0.132922 18.5135
1547.93 386.984 -8.55811 -0.261183 19.8081
799.766 263.149 -13.9599 -1.25684 24.9672
624.334 743.009 -11.6019 1.08135 20.623
675.931 572.736 -11.9652 0.556058 21.3349
531.458 634.653 -11.4088 0.574695 19.9924
479.86 232.19 -11.3348 -0.600976 19.71
1274.47 691.411 -9.4573 0.715546 21.4162
1357.02 608.854 -8.96841 0.248583 20.2231
1264.15 392.143 -9.30224 -0.262036 20.4795
1372.5 144.474 -9.01285 -0.849098 20.2535
686.251 474.7 -12.0235 0.14827 21.4406
572.736 319.906 -11.723 -0.420343 20.4789
753.328 356.025 -13.2605 -0.447058 23.5332
650.133 288.948 -11.5551 -0.552894 20.6341
655.292 139.314 -12.1218 -1.2346 21.3299
866.843 887.482 -10.4173 1.30007 20.4042
1640.81 98.0359 -8.40965 -0.656026 19.0469
1721.3 464.38 -8.28582 -0.159298 18.8408
1634.62 476.764 -8.37099 -0.132387 18.9678
266.245 897.802 -10.5896 0.792217 18.5108
278.628 798.734 -10.6217 0.628563 18.5631
229.094 538.681 -10.7182 0.134205 18.5268
204.327 489.147 -10.8442 0.0382825 18.5627
260.053 340.546 -10.773 -0.236815 18.6331
371.504 767.776 -10.976 0.720553 19.0666
476.764 229.094 -11.162 -0.587917 19.5327
451.997 148.602 -11.2081 -0.791692 19.4597
594.407 674.9 -11.5488 0.786411 20.4368
482.956 396.271 -11.5386 -0.147211 19.9035
315.779 346.737 -10.8835 -0.240166 18.8409
1424.1 334.354 -8.86143 -0.38326 20.1603
860.652 216.711 -16.4757 -2.25574 29.8409
829.693 309.587 -14.8639 -1.0047 26.798
897.802 142.41 -14.2545 -2.41283 26.8022
1386.95 464.38 -8.90594 -0.0973312 20.0767
1256.92 390.08 -9.43401 -0.278587 20.8843
1355.99 650.133 -9.01176 0.380566 20.4634
569.64 321.97 -11.6524 -0.408048 20.3605
656.324 136.218 -12.0505 -1.22488 21.2461
588.215 130.027 -11.6916 -1.08108 20.4765
1368.37 148.602 -9.0064 -0.826472 20.1684
1213.58 167.177 -9.98376 -1.16495 22.0148
749.2 551.065 -12.8955 0.674801 23.1007
468.095 750.439 -11.0819 0.779913 19.4451
371.504 772.729 -10.8116 0.675547 18.9314
1686.63 743.009 -8.28872 0.224181 18.941
1642.05 594.407 -8.3615 0.0237125 19.0092
260.053 341.784 -10.7777 -0.231908 18.6302
193.182 341.784 -10.8369 -0.228711 18.5338
378.934 490.386 -11.052 0.0749572 19.1271
482.956 401.225 -11.6235 -0.156938 19.9769
1515.74 661.278 -8.53704 0.197602 19.3713
795.019 260.053 -14.5399 -1.34736 25.7941
973.341 289.773 -22.6805 -2.98411 44.3728
1337.42 527.536 -9.13755 0.0883785 20.6596
1255.68 393.795 -9.21604 -0.25448 20.2275
1582.61 482.956 -8.45751 -0.113301 19.1883
564.687 319.494 -11.8413 -0.406779 20.6044
609.267 193.182 -11.999 -0.927031 20.9222
1248.25 668.708 -9.44017 0.602897 21.0547
1188.81 557.256 -10.3571 0.456569 23.1975
1211.1 163.462 -10.1898 -1.27328 22.6441
245.193 267.483 -10.6122 -0.373124 18.4913
1656.91 356.644 -8.36714 -0.295505 19.2047
