492 104 30.759 0.51739 42.1574
451 126 30.6683 0.694822 41.9897
602 487 32.0124 2.42469 41.9157
961 405 31.8054 1.58344 46.0312
1223 363 32.6192 0.115244 52.9987
437 112 30.5568 0.610695 41.9729
436 189 30.5947 1.01836 42.001
428 484 32.1101 2.45558 41.0406
380 543 31.949 2.64915 41.0172
840 406 30.885 1.62261 45.8825
397 319 31.6588 1.91523 41.1665
388 396 31.8704 2.204 41.0306
396 372 32.528 2.19604 40.5976
505 424 32.0065 2.24551 41.4028
524 402 31.6139 2.11716 41.8307
538 89 30.8246 0.360221 42.403
538 59 30.7577 0.161141 42.4274
268 326 25.2077 1.09731 43.9178
504 300 31.9224 1.80637 41.4158
562 396 31.8904 2.09809 41.7741
732 428 32.2776 2.1482 42.3655
603 540 32.1809 2.60878 41.7612
301 344 30.479 1.90475 41.4583
572 557 32.1055 2.67163 41.6964
311 104 28.9581 0.162427 42.1064
416 75 30.4406 0.414425 41.9034
189 523 28.6428 2.87505 41.8985
675 112 31.4819 0.473675 42.773
783 152 30.9771 -0.0458682 44.6137
1119 359 31.261 -0.0197647 53.526
869 575 31.3304 2.8994 45.6456
738 619 32.0758 2.94294 42.8134
1005 589 31.4815 3.02543 48.1668
512.4 538.8 32.2131 2.60139 41.3146
1015.2 310.8 29.926 -0.72321 52.9286
57.6 99.6 28.0727 0.385533 40.9756
348 454.8 30.9823 2.39337 41.47
471.6 183.6 30.7067 0.962875 42.1288
458.4 187.2 30.7007 0.999301 42.0543
470.4 158.4 30.7358 0.832413 42.0866
870 438 31.4162 1.91018 45.3553
435.6 189.6 30.5773 1.01457 42.016
310.8 103.2 28.9581 0.162427 42.1064
468 361.2 31.9944 2.05781 41.2303
464.4 360 31.9833 2.05226 41.2213
547.2 594 32.3205 2.75765 41.375
450 480 31.9168 2.44117 41.2721
462 453.6 31.9793 2.36169 41.257
536.4 633.6 32.3826 2.86027 41.2931
432 393.6 31.8387 2.16741 41.2252
418.8 486 31.9897 2.47806 41.1033
444 634.8 32.1662 2.8853 41.1243
932.4 470.4 31.7041 2.09648 45.7962
919.2 468 31.6995 2.09527 45.5674
300 475.2 30.8826 2.48566 41.3331
512.4 488.4 32.2019 2.45318 41.2944
618 514.8 32.1998 2.51449 41.8144
620.4 504 32.0235 2.48188 42.0183
704.4 163.2 30.942 0.338333 43.7365
244.8 351.6 25.4262 1.42901 43.631
268.8 307.2 25.4032 0.92562 43.7814
679.2 609.6 32.3335 2.82201 42.0349
547.2 568.8 32.3112 2.67678 41.3695
466.8 219.6 30.6158 1.12659 42.1912
674.4 213.6 31.2357 0.878527 43.1453
397.2 367.2 31.8758 2.10342 41.0518
398.4 567.6 31.8896 2.72163 41.1335
446.4 508.8 32.1289 2.52412 41.1089
740.4 528 32.2279 2.53568 42.548
901.2 418.8 31.5353 1.75024 45.5575
361.2 266.4 30.8123 1.56496 41.5084
626.4 156 30.8877 0.513515 43.0643
642 626.4 32.4766 2.84443 41.6608
487.2 162 30.7531 0.831005 42.1741
536.4 516 32.235 2.52881 41.373
542.4 382.8 31.7604 2.04491 41.7859
580.8 608.4 32.222 2.8213 41.6348
456 438 31.9833 2.30996 41.2263
481.2 418.8 32.116 2.24321 41.2094
464.4 411.6 32.0163 2.22503 41.2235
516 434.4 32.0294 2.28158 41.4368
494.4 415.2 32.0769 2.22663 41.2929
428.4 428.4 32.0233 2.29458 41.0869
422.4 405.6 31.9391 2.21514 41.1083
936 397.2 31.8524 1.59479 45.4539
913.2 392.4 31.7182 1.58292 45.335
418.8 552 32.0436 2.66315 41.0983
438 537.6 32.1009 2.61565 41.1104
417.6 535.2 32.0847 2.61134 41.05
574.8 60 31.4177 0.481065 42.1016
141.6 298.8 23.8223 0.901549 43.1469
709.2 493.2 32.0357 2.4087 42.5635
192 302.4 24.3793 0.896669 43.4509
429.6 519.6 32.135 2.55955 41.0458
416.4 490.8 31.9866 2.47757 41.1038
154.8 350.4 23.7714 1.41375 43.4005
289.2 325.2 30.2377 1.80331 41.5263
519.6 382.8 31.9824 2.09413 41.4703
507.6 380.4 31.9342 2.08596 41.4632
662.4 548.4 32.1871 2.63024 42.0894
732 399.6 32.1228 2.00183 42.5645
498 313.2 31.8512 1.84745 41.444
652.8 433.2 32.0639 2.19867 42.1161
889.2 390 31.5373 1.55766 45.3849
528 130.8 30.6577 0.530138 42.5052
398.4 316.8 31.9868 1.9576 40.9578
565.2 346.8 32.5038 2.0282 41.1683
379.2 259.2 31.7935 1.75374 40.976
462 285.6 31.8743 1.79087 41.2598
592.8 538.8 32.1543 2.60819 41.7368
126 346.8 24.0297 1.45583 43.0018
702 382.8 31.9815 1.93406 42.5347
682.8 388.8 31.8969 1.96821 42.5087
688.8 367.2 31.9684 1.88231 42.4466
639.6 346.8 31.6902 1.78317 42.4239
602.4 318 31.1171 1.55264 42.7637
732 428.4 32.1843 2.13479 42.4949
730.8 410.4 32.1506 2.06076 42.5127
530.4 357.6 31.9832 1.99362 41.5039
612 388.8 32.0101 2.05017 41.9068
246 260.4 21.6535 -0.275317 45.1898
126 255.6 19.21 -0.395823 44.454
79.2 54 27.8437 0.0025173 41.0995
45.6 44.4 27.5729 -0.088826 40.9753
399.6 81.6 30.3492 0.440627 41.873
402 28.8 30.2442 0.102541 41.9073
315.6 529.2 31.0855 2.6865 41.3002
272.4 499.2 30.6549 2.60084 41.3528
405.6 624 32.2396 2.83183 40.9246
602.4 487.2 32.0666 2.42562 41.8634
818.4 202.8 30.7142 -0.0247493 45.638
861.6 300 28.7118 -0.405898 50.3941
1152 352.8 31.6014 -0.169561 53.746
1040.4 244.8 32.0217 0.0612735 47.1415
1044 212.4 32.304 0.0807638 46.2491
990 348 29.433 -0.251563 53.4346
1087.2 320.4 30.773 -0.671434 53.5694
938.4 578.4 31.8704 2.85128 45.5915
884.4 576 31.5097 2.87209 45.5026
874.8 570 31.3494 2.8463 45.6479
858 645.6 32.1462 3.12883 43.8702
738 619.2 32.0758 2.94294 42.8134
1004.4 560.4 30.9446 2.84773 49.8092
1102.8 603.6 32.4336 3.02903 47.7387
1106.4 360 31.1313 -0.00693312 53.4294
1256.4 494.4 33.5187 2.04314 47.5047
1250.4 448.8 33.4091 1.65518 48.1004
459.36 227.52 31.6051 1.50672 41.4251
479.52 195.84 30.6565 0.994212 42.2253
512.64 472.32 32.1379 2.39443 41.3556
493.92 475.2 32.087 2.40721 41.3138
620.64 505.44 32.0088 2.48701 42.0201
334.08 666.72 31.4755 3.11591 41.2114
624.96 676.8 32.4413 2.99997 41.6384
429.12 354.24 31.96 2.05432 41.1037
478.08 511.2 32.0495 2.53427 41.2887
751.68 516.96 32.0709 2.50453 42.881
725.76 505.44 32.0764 2.45515 42.6407
227.52 355.68 25.8224 1.53417 43.2512
421.92 406.08 31.939 2.22028 41.1097
515.52 180 30.6272 0.81054 42.483
501.12 174.24 30.6762 0.834872 42.3381
547.2 567.36 32.3112 2.67678 41.3695
650.88 527.04 32.0369 2.55265 42.1917
678.24 516.96 32.054 2.51771 42.3372
682.56 505.44 32.0504 2.45809 42.3696
198.72 357.12 24.8108 1.49471 43.4213
180 352.8 24.3896 1.45548 43.3848
360 266.4 30.1409 1.3889 41.9007
470.88 437.76 32.0331 2.30618 41.2477
455.04 437.76 31.9878 2.30709 41.2212
480.96 419.04 32.049 2.24213 41.2676
606.24 50.4 31.5243 0.412282 42.2009
506.88 381.6 31.9387 2.08705 41.4578
493.92 360 32.0226 2.04186 41.3125
203.04 308.16 24.936 1.00653 43.3105
648 155.52 30.6321 0.306043 43.5477
385.92 486.72 31.9493 2.47553 41.0197
505.44 299.52 31.9163 1.80276 41.4122
496.8 312.48 31.8512 1.84745 41.444
489.6 439.2 32.0732 2.30327 41.2913
493.92 416.16 32.0759 2.22825 41.292
622.08 565.92 32.2911 2.67298 41.7438
731.52 398.88 32.1008 1.99472 42.5816
172.8 380.16 24.165 1.73493 43.4648
541.44 383.04 32.5128 2.14925 41.0785
529.92 372.96 32.0019 2.05397 41.4963
414.72 311.04 31.861 1.90931 41.0951
434.88 286.56 31.8251 1.80575 41.1848
450.72 313.92 31.8847 1.8963 41.2143
660.96 528.48 32.2358 2.55457 42.0094
269.28 329.76 25.5572 1.1876 43.7878
540 86.4 30.8188 0.357393 42.4025
671.04 403.2 32.0741 2.06661 42.2216
478.08 358.56 32.0162 2.04492 41.2463
466.56 328.32 31.9179 1.93483 41.2697
731.52 429.12 32.3129 2.15306 42.3189
394.56 277.92 31.7668 1.80438 41.0634
371.52 292.32 30.9872 1.70454 41.4789
578.88 133.92 30.7867 0.473374 42.7701
429.12 519.84 32.1361 2.56344 41.0481
410.4 522.72 31.9903 2.57276 41.0892
440.64 264.96 31.8971 1.74769 41.1473
413.28 250.56 31.883 1.72377 41.0429
527.04 131.04 30.2626 0.337422 42.8436
132.48 334.08 24.1396 1.32455 42.9906
551.52 336.96 31.4101 1.78419 42.1394
524.16 332.64 31.4098 1.79882 41.981
496.8 348.48 32.0125 2.00141 41.3255
603.36 606.24 32.3002 2.8103 41.666
321.12 354.24 30.7599 1.97271 41.4143
623.52 105.12 31.5623 0.64552 42.314
701.28 381.6 31.9967 1.93775 42.5065
514.08 211.68 30.6653 1.01567 42.4655
486.72 198.72 30.7562 1.02826 42.1994
668.16 348.48 31.6462 1.74465 42.6787
601.92 318.24 31.1182 1.55386 42.7647
588.96 401.76 31.9722 2.11093 41.8406
197.28 275.04 24.6516 0.641763 43.3358
302.4 93.6 29.0784 0.168943 41.989
264.96 27.36 30.4318 0.516158 41.0971
270.72 135.36 26.4504 -0.448327 43.0447
557.28 27.36 31.1845 0.225945 42.1798
486.72 126.72 30.7765 0.66925 42.1302
401.76 27.36 30.2449 0.100194 41.9042
482.4 82.08 30.7282 0.436765 42.114
416.16 74.88 30.4352 0.397692 41.8928
420.48 36 30.6455 0.296907 41.7597
416.16 181.44 30.4607 0.967923 41.9766
476.64 110.88 30.7511 0.597942 42.0795
256.32 593.28 30.3556 3.04007 41.4805
315.36 528.48 30.903 2.69822 41.4241
83.52 561.6 29.3804 3.01476 41.108
30.24 632.16 30.475 3.14092 40.6039
178.56 455.04 24.9744 2.51854 43.3372
528.48 591.84 32.2612 2.75474 41.3595
535.68 619.2 32.3557 2.82513 41.3046
581.76 616.32 32.1705 2.85934 41.7025
403.2 580.32 31.8561 2.77343 41.1878
512.64 489.6 32.1731 2.45314 41.3213
587.52 452.16 31.961 2.29426 41.8769
416.16 401.76 31.864 2.20114 41.1488
842.4 233.28 30.5238 -0.0150327 46.4065
819.36 203.04 30.6354 -0.0729597 45.7776
894.24 234.72 30.8918 -0.0404469 46.7167
861.12 299.52 28.5631 -0.478573 50.6196
705.6 264.96 27.4044 -0.511846 48.4926
645.12 308.16 29.2718 0.853413 45.2235
750.24 321.12 25.1005 -0.813912 53.0274
725.76 316.8 24.8186 -0.823103 52.6399
658.08 48.96 31.6994 0.372282 42.3411
740.16 92.16 31.4124 0.0787198 43.439
768.96 165.6 30.9312 0.0732669 44.5235
1130.4 250.56 32.6711 0.10438 47.3906
1225.44 223.2 33.3787 0.120248 46.8759
1160.64 298.08 32.15 -0.416533 51.4645
977.76 240.48 31.5698 0.0490666 46.8895
973.44 208.8 31.8744 0.0901568 45.9638
1085.76 241.92 32.3749 0.0659494 47.1734
976.32 102.24 32.821 0.480526 43.3707
1085.76 126.72 33.3007 0.668545 43.4175
936 571.68 31.815 2.80704 45.6928
874.08 570.24 31.3851 2.85008 45.5786
689.76 567.36 32.1228 2.71908 42.3515
767.52 542.88 32.2068 2.60587 42.7929
740.16 528.48 32.1451 2.53672 42.6584
825.12 436.32 31.9773 2.04999 43.6569
858.24 496.8 31.061 2.3233 45.897
771.84 391.68 30.427 1.55269 45.5938
766.08 462.24 30.6226 2.13724 45.2341
987.84 584.64 31.4951 2.98601 47.6679
995.04 564.48 31.5633 2.80114 47.6142
1098.72 583.2 32.3187 2.8983 48.076
1222.56 361.44 32.4654 -0.0562807 53.9584
1249.92 449.28 33.4213 1.66393 48.0208
993.6 453.6 30.7559 1.65243 49.8427
361.152 514.944 31.9402 2.56334 40.9479
357.696 302.4 30.8208 1.7217 41.518
335.232 290.304 30.6031 1.65784 41.5334
414.72 311.04 31.8939 1.91968 41.0763
425.088 292.032 31.8237 1.82787 41.1508
416.448 438.912 32.0048 2.32504 41.0628
447.552 414.72 31.9236 2.2343 41.2314
599.616 521.856 32.1001 2.55381 41.8226
594.432 489.024 32.1266 2.43617 41.7511
596.16 74.304 31.5034 0.540336 42.1652
667.008 556.416 32.2478 2.64989 42.0351
620.352 504.576 32.1227 2.48678 41.9043
680.832 409.536 32.1385 2.09448 42.193
279.936 292.032 25.1657 0.721489 43.9811
397.44 423.36 31.862 2.27972 41.0941
390.528 437.184 31.944 2.32667 41.0147
385.344 419.904 31.8858 2.27609 41.0159
381.888 527.04 31.9967 2.59378 40.9823
411.264 343.872 31.9376 2.03248 41.0498
468.288 231.552 30.6671 1.19381 42.1799
478.656 195.264 30.6565 0.994212 42.2253
506.304 155.52 30.6566 0.701352 42.3786
495.936 312.768 31.8511 1.84693 41.4424
559.872 506.304 31.9307 2.49823 41.7792
552.96 504.576 32.172 2.49491 41.5103
281.664 364.608 30.4523 2.00315 41.4054
388.8 397.44 31.8609 2.20167 41.0364
527.04 254.016 31.5362 1.48229 41.8271
625.536 679.104 32.5488 2.98206 41.5167
525.312 100.224 30.7698 0.414734 42.3729
319.68 354.24 30.6773 1.96314 41.4647
387.072 312.768 32.1506 1.98939 40.7921
393.984 278.208 31.7684 1.79719 41.0669
383.616 290.304 31.7654 1.84084 41.0237
672.192 404.352 32.1897 2.08641 42.08
641.088 418.176 32.1236 2.15215 41.9745
138.24 376.704 24.3184 1.77296 43.0503
126.144 345.6 24.095 1.45967 42.9724
435.456 276.48 31.8632 1.76802 41.1624
445.824 245.376 31.9572 1.69578 41.1092
412.992 248.832 31.8835 1.72261 41.0407
592.704 540.864 32.1757 2.60685 41.7115
566.784 535.68 32.2306 2.58479 41.52
578.88 134.784 30.811 0.484811 42.7493
622.08 566.784 32.4494 2.67022 41.5679
622.08 542.592 32.2021 2.60911 41.8427
660.096 525.312 32.1702 2.54839 42.0942
663.552 492.48 32.1898 2.424 42.0812
654.912 492.48 32.182 2.43257 42.0305
269.568 330.048 25.5405 1.19739 43.7541
530.496 357.696 31.9833 1.99644 41.5016
732.672 430.272 32.2362 2.14779 42.4193
724.032 404.352 32.1226 2.03303 42.5038
502.848 222.912 30.5863 1.06989 42.4786
623.808 392.256 32.1091 2.05993 41.8775
613.44 400.896 32.0449 2.09944 41.8918
430.272 521.856 32.0974 2.56452 41.0837
416.448 490.752 31.9727 2.48141 41.1144
495.936 349.056 31.9927 1.99203 41.3472
98.496 300.672 22.9865 0.882313 42.9893
590.976 350.784 31.5703 1.83973 42.2382
393.984 262.656 31.7797 1.73945 41.0386
378.432 259.2 31.7935 1.75374 40.976
376.704 248.832 31.7635 1.71629 40.9863
459.648 345.6 31.9795 2.00764 41.1992
461.376 323.136 32.6102 2.05838 40.7016
639.36 603.072 32.463 2.77691 41.6414
601.344 585.792 32.259 2.74423 41.6868
96.768 324.864 22.5949 1.11691 43.1534
639.36 345.6 31.7301 1.79151 42.3694
701.568 381.888 31.9626 1.9314 42.5476
689.472 368.064 31.9052 1.86971 42.5198
216 336.96 25.4675 1.3453 43.2736
124.416 276.48 19.9452 0.0686712 44.2076
309.312 101.952 28.8016 0.091398 42.1903
490.752 103.68 30.7376 0.523161 42.1701
546.048 55.296 31.1896 0.388561 42.1234
604.8 50.112 31.5152 0.407747 42.2084
508.032 120.96 30.6594 0.527912 42.3543
476.928 110.592 30.8237 0.635064 42.0159
421.632 36.288 30.4558 0.21058 41.8967
362.88 176.256 26.1631 -0.499938 44.1744
470.016 158.976 30.6774 0.825699 42.1213
210.816 565.056 29.8915 2.97543 41.4847
231.552 686.016 31.1793 3.22168 41.02
271.296 404.352 30.1982 2.18162 41.5053
298.944 392.256 30.1925 2.10419 41.6394
188.352 451.008 25.3009 2.4658 43.2535
302.4 475.2 30.9452 2.48169 41.2958
77.76 497.664 27.3165 2.8331 41.7172
179.712 456.192 24.9269 2.50976 43.3565
540.864 596.16 32.3345 2.76056 41.34
509.76 566.784 32.1575 2.69224 41.3619
596.16 587.52 32.227 2.75779 41.6967
535.68 634.176 32.4588 2.85038 41.2086
580.608 616.896 32.1698 2.85968 41.7033
381.888 570.24 31.7847 2.74666 41.1581
470.016 603.072 32.2352 2.78145 41.1516
418.176 535.68 32.2671 2.60347 40.9157
335.232 667.008 31.3334 3.14447 41.3104
530.496 404.352 31.6343 2.1164 41.8485
492.48 416.448 32.0759 2.22825 41.292
580.608 480.384 31.982 2.40273 41.8179
371.52 433.728 31.8631 2.31966 40.9964
349.056 388.8 31.8775 2.19447 40.8759
449.28 516.672 32.1492 2.54906 41.1026
461.376 452.736 31.9571 2.35254 41.2775
414.72 452.736 31.9724 2.36569 41.0949
841.536 233.28 30.5069 -0.0280739 46.4424
820.8 203.904 30.6977 -0.0411602 45.6882
893.376 233.28 30.8238 -0.0792852 46.8189
644.544 307.584 29.247 0.849677 45.2459
749.952 321.408 25.1599 -0.799262 52.9092
855.36 150.336 31.5611 0.0440611 44.5678
646.272 84.672 31.614 0.527952 42.3937
784.512 152.064 30.9879 -0.0489238 44.5887
1150.85 352.512 31.5752 -0.195846 53.8267
972.864 209.088 31.862 0.0775796 45.9889
1040.26 245.376 32.0294 0.0523981 47.1069
988.416 347.328 29.136 -0.385443 54.0582
981.504 347.328 29.354 -0.25426 53.2004
1016.06 311.04 30.0957 -0.655541 52.5889
1226.88 91.584 33.7916 0.531148 43.6563
1244.16 143.424 33.74 0.322247 44.7985
1060.99 126.144 33.2157 0.660647 43.3811
857.088 563.328 31.3668 2.79728 45.316
874.368 571.968 31.537 2.83199 45.2798
889.92 540.864 31.3507 2.64297 45.8729
641.088 573.696 32.188 2.71146 41.9628
739.584 527.04 32.1796 2.53863 42.6071
670.464 668.736 31.9604 3.14449 42.4888
679.104 611.712 32.3519 2.82418 41.993
763.776 677.376 32.3147 3.14189 42.6868
808.704 478.656 30.6504 2.21108 45.839
1211.33 623.808 33.17 3.08039 48.0796
959.04 587.52 31.8222 2.90771 46.1044
1143.94 414.72 30.3068 -0.0565997 60.3452
1118.02 361.152 31.1971 -0.0657109 53.7242
1221.7 361.152 32.4654 -0.0562807 53.9584
491.443 306.893 31.8589 1.83095 41.4122
503.885 298.598 31.9149 1.80387 41.4195
584.755 188.698 31.3545 1.0309 42.2998
192.845 391.91 24.5251 1.86969 43.5853
323.482 298.598 30.4861 1.66541 41.5448
452.045 315.187 31.807 1.8791 41.2828
595.123 132.71 30.8302 0.459783 42.8532
657.331 431.309 32.1225 2.19233 42.096
439.603 522.547 32.1465 2.56789 41.0765
516.326 383.616 31.966 2.09658 41.4739
508.032 379.469 31.935 2.0861 41.4607
580.608 240.538 31.2792 1.27223 42.3758
439.603 265.421 32.0573 1.78137 41.0197
416.794 437.53 32.0051 2.32409 41.0625
447.898 414.72 31.9248 2.23435 41.2262
516.326 435.456 31.9445 2.26987 41.5119
491.443 416.794 32.0741 2.23167 41.2908
537.062 279.936 31.9784 1.71197 41.5051
595.123 586.829 32.2629 2.74386 41.647
622.08 559.872 32.236 2.68059 41.8062
607.565 564.019 32.2569 2.67193 41.7036
624.154 103.68 31.5136 0.626642 42.3669
634.522 82.944 31.5372 0.507296 42.3751
700.877 381.542 31.9403 1.91821 42.5534
684.288 387.763 32.0641 1.996 42.3008
897.869 389.837 31.3562 1.4932 45.8348
877.133 391.91 31.342 1.55584 45.5629
385.69 311.04 31.6817 1.89844 41.1164
267.494 329.702 26.0326 1.26012 43.4788
329.702 337.997 31.1345 1.95197 41.2082
522.547 331.776 31.401 1.79852 41.9813
597.197 337.997 31.3453 1.72514 42.4861
580.608 333.85 32.0073 1.86542 41.7236
667.699 350.438 31.6842 1.76434 42.6404
638.669 346.291 31.579 1.76171 42.5312
607.565 344.218 31.6118 1.78618 42.2974
617.933 337.997 31.6128 1.74198 42.3544
638.669 375.322 32.1843 2.00719 41.8561
601.344 369.101 31.5864 1.91621 42.3053
393.984 275.789 31.9393 1.83483 40.9398
460.339 344.218 31.9027 1.99577 41.2589
566.093 551.578 32.0922 2.64123 41.6608
483.149 259.2 32.5564 1.87385 40.788
460.339 244.685 31.6046 1.58257 41.4405
279.936 294.451 24.7764 0.648121 44.2352
178.33 350.438 24.2608 1.42428 43.4404
308.966 101.606 28.7623 0.0549326 42.1757
242.611 170.035 24.2104 -0.734698 43.8218
568.167 288.23 31.2212 1.49188 42.3853
335.923 196.992 24.4447 -0.716486 44.8791
447.898 333.85 31.8974 1.96948 41.2117
356.659 87.0912 28.7542 -0.186427 42.5205
414.72 74.6496 30.4172 0.383571 41.9102
443.75 41.472 30.7029 0.301027 41.8555
358.733 120.269 28.3876 -0.111803 42.7899
315.187 673.92 31.5004 3.13505 41.1318
130.637 655.258 30.95 3.13041 40.7672
147.226 636.595 30.4607 3.16392 40.9978
134.784 644.89 30.8816 3.13196 40.79
313.114 437.53 30.6533 2.31502 41.4945
271.642 402.278 30.181 2.17948 41.5166
298.598 389.837 30.2713 2.10791 41.6019
186.624 522.547 29.0504 2.84749 41.6947
114.048 406.426 23.4514 2.08 43.1941
176.256 389.837 23.9076 1.84575 43.6468
524.621 584.755 32.3163 2.72727 41.2861
524.621 534.989 32.2283 2.57971 41.3504
534.989 617.933 32.3243 2.8342 41.3365
418.867 534.989 32.1524 2.60677 41.0019
406.426 620.006 32.1609 2.84139 40.985
543.283 472.781 32.1985 2.39105 41.4251
512.179 472.781 32.146 2.39659 41.3506
617.933 512.179 31.9947 2.52384 42.0319
429.235 396.058 31.8425 2.17179 41.2199
479.002 518.4 32.0283 2.55095 41.3201
841.882 232.243 30.4451 -0.0787242 46.5474
891.648 232.243 30.5156 -0.271018 47.4228
860.544 296.525 28.5434 -0.513718 50.6092
673.92 213.581 31.0836 0.816254 43.3273
688.435 333.85 31.7387 1.66624 42.7165
883.354 145.152 32.4601 0.689266 43.1858
696.73 103.68 30.6822 -0.194921 43.9518
773.453 66.3552 31.9556 0.265453 42.9529
761.011 163.814 30.7418 -0.00851175 44.7048
1223.42 223.949 33.3824 0.133132 46.8257
1148.77 350.438 31.6492 -0.154577 53.5771
972.519 209.434 31.9005 0.111277 45.9068
1086.57 242.611 32.352 0.0453241 47.2562
1038.87 244.685 32.0294 0.0523981 47.1069
1043.02 213.581 32.2665 0.0610259 46.2729
1088.64 319.334 31.2073 -0.361622 52.1148
1107.3 141.005 33.3933 0.739995 43.4532
1001.55 66.3552 32.9918 0.372387 43.2639
802.483 590.976 32.3315 2.78538 42.9228
908.237 572.314 31.707 2.81532 45.4551
872.986 570.24 31.523 2.83162 45.2918
659.405 524.621 32.1733 2.5515 42.0967
767.232 678.067 32.1386 3.19075 42.9942
848.103 435.456 31.1389 1.88277 45.5904
806.63 479.002 30.4803 2.19996 46.071
897.869 510.106 31.3016 2.39781 46.0667
899.943 454.118 31.6274 2.01129 45.4056
719.539 373.248 32.0842 1.91041 42.5151
678.067 516.326 32.1614 2.5157 42.22
653.184 491.443 32.182 2.43257 42.0305
1111.45 584.755 32.2756 2.87816 48.5188
1155 564.019 32.1127 2.80366 51.6372
1030.58 568.167 30.8704 2.90757 51.0327
1221.35 360.806 32.4735 -0.0534288 53.9073
1034.73 489.37 31.3547 2.03883 49.4239
502.641 298.598 31.9148 1.80532 41.4159
709.171 365.783 31.772 1.79885 42.8604
726.59 432.968 32.2032 2.15311 42.4232
579.779 358.318 32.5363 2.07505 41.1926
587.244 577.29 32.296 2.71432 41.5881
318.505 353.341 30.7003 1.96347 41.4438
562.36 345.877 32.3583 2.00897 41.3036
530.012 353.341 32.191 2.02254 41.3108
410.573 271.227 31.8554 1.79049 41.0752
385.69 263.762 31.7496 1.75676 41.0448
413.061 246.344 31.9454 1.726 40.9914
420.526 405.596 31.9461 2.22396 41.1025
977.91 238.879 31.4281 -0.0571109 47.2306
1147.12 218.972 32.9885 0.154909 46.4427
206.531 233.902 21.6758 -0.500676 44.5575
826.122 89.5795 31.8715 0.0942349 43.6135
1119.74 609.638 32.4312 3.06418 48.2699
211.507 562.36 29.8062 2.97698 41.521
903.26 149.299 32.4791 0.669319 43.3415
1002.79 64.6963 32.9885 0.366516 43.2755
1084.91 241.367 32.3512 0.0416653 47.2472
1209.32 622.08 33.1306 3.08288 48.1352
1094.86 328.458 31.0505 -0.367279 52.9556
1162.05 298.598 32.0862 -0.518677 52.0633
325.97 174.182 25.3601 -0.622866 44.237
841.052 231.414 30.3729 -0.108725 46.6598
890.819 231.414 30.6498 -0.162565 47.0845
1097.35 582.267 32.2571 2.89575 48.1887
241.367 169.206 24.2963 -0.709397 43.7605
316.017 530.012 30.9809 2.6942 41.3667
79.6263 562.36 29.5521 2.99731 41.0309
656.917 47.2781 31.6351 0.330537 42.3874
763.914 542.454 32.1807 2.60975 42.8006
746.496 318.505 25.3126 -0.761271 52.6383
1114.77 360.806 31.1716 -0.0618541 53.7618
405.596 617.103 32.1004 2.83961 41.0374
398.131 124.416 30.3898 0.675689 41.8621
908.237 572.314 31.6493 2.81751 45.5554
873.4 572.314 31.5031 2.84037 45.3207
1224.25 303.575 32.6157 -0.669891 53.3061
858.471 495.176 31.0883 2.3216 45.8489
846.029 432.968 31.1389 1.88277 45.5904
853.494 375.736 31.118 1.40087 45.664
958.003 587.244 31.6756 2.9234 46.4081
316.017 62.208 29.2862 0.0288592 41.9463
470.293 599.685 32.2013 2.78196 41.1706
427.991 637.01 32.2102 2.87187 41.0425
980.398 345.877 28.8716 -0.467423 54.4875
427.991 84.6029 30.5042 0.453814 41.9368
134.369 629.545 30.3968 3.14759 40.9935
898.284 510.106 31.3563 2.40257 45.9896
888.33 470.293 31.4493 2.12462 45.5873
532.501 114.463 30.6874 0.450434 42.5001
597.197 651.94 32.1338 3.00553 41.8386
579.779 604.662 32.3335 2.80149 41.5193
592.22 487.711 32.0178 2.42653 41.857
587.244 447.898 32.4522 2.31096 41.3562
472.781 597.197 32.2352 2.78145 41.1516
462.828 552.407 32.1588 2.63863 41.1692
430.479 520.059 32.0717 2.56287 41.1042
241.367 350.853 25.8003 1.48062 43.4029
435.456 191.601 30.5821 1.02201 42.006
418.038 159.253 30.4469 0.846444 41.9784
413.061 589.732 32.1781 2.76105 40.9902
530.012 589.732 32.3343 2.74046 41.2989
502.641 520.059 32.1767 2.54855 41.2949
338.412 487.711 31.8807 2.49291 40.9031
288.645 442.921 30.785 2.36531 41.3123
420.526 447.898 32.0136 2.3611 41.0686
639.498 562.36 32.1507 2.68155 42.0097
694.241 525.036 32.0146 2.53628 42.5011
403.108 323.482 31.8331 1.95128 41.0848
380.713 445.409 31.8167 2.3544 41.0614
915.702 286.157 29.3091 -0.633044 50.6944
179.159 283.669 24.9065 0.828681 43.0404
492.687 415.549 32.123 2.23877 41.2407
559.872 393.155 31.8816 2.09319 41.7777
507.617 380.713 31.9543 2.0899 41.4443
629.545 415.549 32.3201 2.17856 41.7028
582.267 373.248 31.8955 1.99737 41.8663
398.131 363.295 31.7179 2.07926 41.1675
350.853 388.178 31.8268 2.19026 40.9116
440.433 263.762 31.9277 1.74903 41.128
457.851 228.925 31.59 1.5173 41.4316
487.711 360.806 32.1459 2.06678 41.1804
447.898 333.435 31.9569 1.97888 41.1611
507.617 121.928 30.6769 0.539881 42.3315
542.454 472.781 31.5179 2.37356 42.081
669.358 405.596 32.1125 2.08308 42.1625
602.174 589.732 32.2742 2.76076 41.6645
614.615 539.966 32.2717 2.60462 41.7277
320.993 293.622 30.6825 1.69992 41.4107
955.515 599.685 31.6872 3.04532 46.3786
209.019 94.5562 27.1945 -0.314972 42.1439
824.132 89.5795 31.8715 0.0942349 43.6135
1039.12 241.865 31.8764 -0.0312858 47.4048
1221.27 92.5655 33.8131 0.590824 43.492
788.3 322.486 26.6707 -0.503581 51.7061
821.146 203.047 30.7279 -0.0325899 45.6477
853.992 149.299 31.447 -0.0116897 44.7319
1197.38 253.809 33.1206 0.14568 47.5374
1221.27 223.949 33.327 0.126221 46.9555
161.243 128.397 25.1602 -0.60038 42.5366
674.833 214.991 30.7992 0.716063 43.6679
1149.6 349.36 31.4869 -0.263121 53.9794
1149.6 217.977 32.9885 0.154909 46.4427
1212.31 624.071 33.1306 3.08288 48.1352
244.851 170.201 24.2963 -0.709397 43.7605
247.837 152.285 25.7708 -0.466875 43.134
794.272 615.113 32.2096 2.90933 43.0186
1155.58 564.351 31.9669 2.78699 52.3142
856.978 561.365 31.2378 2.79295 45.5172
794.272 579.281 32.0946 2.7886 43.2145
307.556 98.5375 29.1554 0.202491 41.9469
406.094 618.099 32.2111 2.82835 40.9453
426.996 636.015 32.2614 2.86536 40.9998
1057.04 295.612 30.4671 -0.983088 53.1821
1104.81 412.066 31.0431 0.698349 53.67
1116.76 361.304 31.0533 -0.119731 53.9884
985.375 346.374 29.2041 -0.331709 53.5788
1221.27 358.318 32.4359 -0.114869 54.072
1161.55 298.598 31.8768 -0.645586 52.6949
415.052 128.397 30.4247 0.689634 41.9563
859.964 495.673 31.0606 2.32163 45.8909
874.893 573.309 31.4646 2.84017 45.3647
235.893 447.898 30.2734 2.41204 41.3249
229.921 453.87 30.3253 2.42263 41.2813
313.528 435.954 30.8176 2.32699 41.3786
298.598 388.178 30.2365 2.08837 41.6212
970.445 468.8 31.6263 2.00696 46.7092
606.155 600.183 32.2233 2.79466 41.7335
579.281 603.169 32.3588 2.80116 41.4884
689.762 636.015 32.3716 2.89993 42.0415
677.818 612.127 32.3192 2.83095 42.0337
743.51 498.659 32.0836 2.4121 42.7556
418.038 158.257 30.4747 0.85652 41.9525
537.477 534.491 32.2503 2.59739 41.3806
606.155 122.425 31.2497 0.587014 42.5135
686.776 591.225 32.1186 2.78552 42.3231
641.987 564.351 32.1507 2.68155 42.0097
489.701 447.898 32.0587 2.33375 41.3124
421.024 447.898 32.077 2.36018 41.0247
516.575 435.954 32.0695 2.28016 41.4049
1036.14 489.701 31.5098 2.05434 49.0828
265.753 328.458 25.7024 1.21417 43.6434
289.641 441.926 30.764 2.3578 41.3225
450.884 415.052 31.9753 2.23536 41.1913
489.701 361.304 32.0829 2.05541 41.2286
429.982 397.136 32.047 2.19328 41.0494
537.477 229.921 31.3558 1.29409 42.0361
528.519 241.865 31.2538 1.34557 42.07
438.94 262.767 31.9558 1.75503 41.1011
555.393 498.659 31.7799 2.46954 41.8917
513.589 474.772 32.2066 2.40431 41.2805
415.052 591.225 32.0604 2.76643 41.09
361.304 268.739 30.8733 1.5889 41.4692
659.903 403.108 32.0628 2.09762 42.1427
507.617 155.271 30.5911 0.697657 42.4268
639.001 570.323 32.1939 2.70762 41.9441
585.253 519.561 32.1172 2.54877 41.7426
725.594 406.094 32.0729 2.02882 42.5665
773.37 391.164 30.0594 1.48506 46.0785
462.828 322.486 31.9141 1.90832 41.2636
447.898 334.43 31.9798 1.98899 41.1372
364.29 412.066 31.7686 2.25133 41.021
406.094 397.136 31.9214 2.20113 41.0708
349.36 388.178 31.6434 2.17407 41.0532
492.687 313.528 31.7522 1.83324 41.5123
621.085 337.416 32.2207 1.8732 41.7052
609.141 316.514 29.7047 1.15913 44.3071
567.337 289.641 31.1159 1.47829 42.4821
955.515 600.183 31.3388 3.1092 47.2238
1209.32 576.295 33.1991 2.72619 47.8515
785.314 149.299 30.7602 -0.187842 44.9131
134.369 644.973 30.5867 3.19593 40.9363
206.033 232.907 21.2823 -0.570833 44.7263
698.72 103.912 31.3141 0.214097 43.1874
218.574 404.9 27.9457 2.11637 42.3427
533.894 634.223 32.3775 2.85452 41.2865
1178.87 300.987 32.3689 -0.420595 51.754
404.9 616.307 32.7978 2.70307 40.5
347.569 609.141 31.1693 2.98746 41.4548
684.388 343.985 31.736 1.72085 42.7081
670.055 329.653 31.5738 1.62873 42.7813
641.39 308.154 28.6364 0.739814 45.8864
315.32 530.311 31.0008 2.69646 41.3529
240.073 487.313 30.1491 2.59968 41.4705
272.322 462.23 30.8235 2.43902 41.2214
419.232 161.243 30.3921 0.815787 42.0152
684.388 591.225 32.4133 2.76335 41.972
691.554 523.145 32.0478 2.53868 42.445
924.461 508.812 31.6811 2.36891 45.8047
885.046 472.98 31.4026 2.13164 45.6277
978.209 558.976 31.0204 2.7791 48.814
967.459 558.976 31.8774 2.70684 46.1136
487.313 103.912 30.7404 0.528808 42.1575
551.81 498.062 32.0233 2.48208 41.6404
512.395 476.563 32.1343 2.4095 41.3401
533.894 451.481 32.0775 2.32013 41.4914
297.404 386.984 30.2986 2.08672 41.5796
616.307 508.812 32.1431 2.5087 41.8754
576.892 498.062 31.9587 2.46947 41.8365
601.974 591.225 32.2148 2.76356 41.7394
587.642 587.642 32.1977 2.76219 41.7049
469.397 179.159 30.5635 0.905869 42.2283
286.655 440.731 30.8802 2.35994 41.2439
641.39 444.315 31.8651 2.22067 42.2609
967.459 469.397 31.8047 2.0523 46.2846
121.828 358.318 24.1305 1.61817 42.9481
440.731 265.155 31.8385 1.72623 41.1987
458.647 222.157 31.51 1.46466 41.4906
519.561 573.309 32.2791 2.70359 41.2876
537.477 533.894 32.1836 2.57308 41.4245
458.647 555.393 32.2295 2.64348 41.0955
440.731 523.145 32.1484 2.56138 41.0644
451.481 415.649 32.2198 2.25833 41.0012
426.399 394.15 31.8262 2.16452 41.2238
526.728 397.733 31.6606 2.11268 41.8135
408.483 272.322 31.9647 1.81374 40.9815
361.901 268.739 30.8557 1.58608 41.4686
401.316 214.991 31.5239 1.51621 41.217
372.651 229.324 31.7332 1.6425 40.9938
379.817 523.145 31.9745 2.579 40.9679
433.565 487.313 32.1729 2.46725 41.0045
533.894 279.488 32.0608 1.72442 41.4081
562.56 347.569 32.09 1.98423 41.5401
494.479 347.569 32.0985 2.0087 41.2391
315.32 351.152 30.6326 1.95121 41.4687
279.488 297.404 25.011 0.707532 44.1394
404.9 397.733 31.9168 2.20055 41.0596
351.152 390.567 31.5865 2.17102 41.098
573.309 566.143 32.1104 2.68657 41.7083
619.89 390.567 32.1654 2.07351 41.7916
580.475 372.651 31.7408 1.96877 42.0131
455.064 315.32 31.9748 1.90528 41.1577
619.89 336.819 31.751 1.77045 42.2186
1114.37 361.901 31.0533 -0.119731 53.9884
1010.46 591.225 31.8153 2.98768 47.4696
953.126 598.391 31.7285 3.02521 46.2721
1114.37 609.141 32.4652 3.04735 48.0866
1153.78 566.143 32.1342 2.74752 51.6258
1053.46 100.329 33.202 0.555258 43.3227
974.625 100.329 32.8469 0.512288 43.2855
1017.62 308.154 30.2459 -0.587673 52.1873
974.625 211.408 31.7687 0.0134971 46.222
1085.7 318.903 30.855 -0.626349 53.3133
745.302 93.1627 31.416 0.0707893 43.4465
874.296 204.241 30.9652 -0.105196 46.0843
849.214 146.91 31.4873 0.000391106 44.6565
820.549 89.5795 31.8715 0.0942349 43.6135
888.629 229.324 30.7197 -0.12923 46.9304
157.66 125.411 25.1602 -0.60038 42.5366
68.0805 93.1627 28.1374 0.362272 40.9792
756.768 558.976 32.146 2.69077 42.8098
270.889 395.583 30.201 2.15872 41.5056
408.483 610.574 32.0428 2.82482 41.0843
417.082 159.093 30.454 0.845644 41.9662
490.179 421.382 31.99 2.23797 41.3284
963.159 326.786 29.0205 -0.494403 53.0305
477.28 193.492 30.7201 1.00892 42.1952
507.379 154.793 31.0387 0.847696 42.0489
649.273 326.786 31.5262 1.64187 42.6964
885.763 472.98 31.4617 2.14526 45.513
520.278 571.876 32.2791 2.70359 41.2876
623.474 614.874 32.2823 2.81906 41.7696
593.375 589.075 32.2528 2.75881 41.6772
606.274 120.395 30.9575 0.437136 42.8178
644.973 563.276 32.0679 2.6792 42.1086
425.682 343.985 32.0726 2.04852 40.9898
412.783 309.587 31.6986 1.88948 41.2282
507.379 120.395 30.5148 0.479347 42.4568
606.274 464.38 31.8912 2.37002 42.0533
601.975 434.282 32.0278 2.23482 41.8673
270.889 455.781 30.8022 2.43271 41.2285
232.19 447.181 30.2734 2.41204 41.3249
485.879 438.581 32.1686 2.31066 41.1814
554.677 404.183 31.8337 2.1291 41.8097
593.375 421.382 31.9456 2.22121 41.8898
679.371 412.783 32.1158 2.11597 42.2019
683.671 369.784 32.0584 1.92436 42.3267
262.289 331.086 25.8885 1.24405 43.5041
541.777 472.98 32.1324 2.38359 41.4799
511.678 472.98 32.1803 2.40902 41.2985
726.669 425.682 32.1464 2.12811 42.5084
739.569 498.779 32.2021 2.4312 42.5871
597.675 331.086 31.6388 1.75209 42.1987
365.485 481.58 31.977 2.47925 40.9194
421.382 447.181 32.173 2.35859 40.9479
356.885 567.576 31.2767 2.82711 41.4186
412.783 520.278 31.9961 2.57063 41.0964
528.878 240.79 31.5374 1.41667 41.8139
1122.25 580.475 32.2793 2.89011 49.2978
1092.15 576.176 32.3137 2.8614 47.951
907.262 567.576 31.5896 2.79913 45.5821
976.059 210.691 31.6617 -0.0407083 46.444
976.059 98.8958 32.9142 0.555902 43.1855
1014.76 305.287 29.9733 -0.718245 52.8503
1135.15 245.09 32.5717 -0.0707473 47.8532
748.168 94.596 31.416 0.0707893 43.4465
825.565 206.391 30.2582 -0.260571 46.4114
821.265 90.2962 31.7974 0.0574362 43.7068
537.477 589.075 32.3197 2.73706 41.3298
180.592 451.481 25.0704 2.49231 43.2611
584.775 253.689 31.2383 1.29384 42.4411
249.389 171.993 24.2004 -0.751906 43.8757
326.786 81.6965 29.6597 0.281691 41.825
197.792 279.488 23.834 0.473897 43.6693
219.291 214.991 21.1686 -0.936302 44.9236
717.21 407.623 32.1314 2.08389 42.4929
1145.47 345.705 31.6555 -0.195492 53.3233
423.102 443.741 31.9942 2.33407 41.0971
454.061 412.783 31.994 2.2502 41.219
681.091 340.546 31.7035 1.71046 42.7352
794.606 479.86 30.7766 2.17613 45.3968
366.345 412.783 31.6169 2.22886 41.1459
423.102 345.705 32.0676 2.04481 40.9703
402.463 319.906 31.8092 1.91829 41.1211
614.014 397.303 32.2679 2.10377 41.6513
593.375 593.375 32.2019 2.75867 41.7006
902.962 402.463 31.5541 1.60806 45.6068
619.174 557.256 32.254 2.64169 41.7795
614.014 505.659 32.204 2.4973 41.8088
634.653 340.546 31.3065 1.66215 42.7684
598.535 335.386 31.5203 1.72326 42.321
768.807 433.422 32.5662 2.16912 42.2167
273.468 330.226 28.8416 1.62746 42.1089
232.19 356.025 25.9277 1.53746 43.2373
278.628 294.108 25.2345 0.751185 44.0242
433.422 252.829 31.6409 1.66506 41.3104
541.777 397.303 31.6627 2.07492 41.8864
526.298 397.303 31.6363 2.09388 41.8145
557.256 392.143 31.6165 2.05482 42.0057
531.458 356.025 31.9589 1.96636 41.5028
567.576 319.906 31.403 1.67022 42.24
510.818 304.427 31.951 1.81286 41.4251
510.818 505.659 31.9304 2.48198 41.5279
288.948 490.179 31.4147 2.52795 40.9738
232.19 448.901 30.4641 2.41174 41.2121
314.747 350.865 30.7294 1.94617 41.414
485.02 541.777 32.1348 2.61657 41.2694
541.777 474.7 31.8163 2.38001 41.8163
515.978 438.581 32.1376 2.2919 41.3446
691.411 521.138 31.8894 2.51769 42.6159
639.813 521.138 32.1096 2.52923 42.0483
526.298 278.628 31.6853 1.63868 41.7307
490.179 350.865 31.6951 1.93527 41.5659
448.901 345.705 31.9537 2.00967 41.1757
459.221 314.747 32.1723 1.93781 41.0054
1109.35 361.185 31.0747 -0.131884 53.8485
949.4 593.375 31.6905 2.96661 46.3233
675.931 417.942 32.4626 2.14958 41.8122
835.885 376.664 30.6046 1.29469 46.1915
732.689 521.138 32.1696 2.51581 42.5966
794.606 593.375 32.4051 2.78647 42.7688
1037.12 216.711 32.2248 0.0706677 46.3241
975.199 211.551 31.7687 0.0134971 46.222
1129.99 108.355 33.3402 0.244757 44.2177
1083.55 123.835 33.1708 0.477966 43.8474
980.359 345.705 29.697 -0.194177 52.4116
696.571 165.113 30.7518 0.330136 43.8612
644.973 108.355 31.4517 0.558683 42.5433
846.204 144.474 31.6718 0.115651 44.2614
732.689 319.906 24.8715 -0.84699 52.6723
603.694 474.7 31.9081 2.35475 42.0371
433.422 588.215 32.0728 2.76034 41.1568
521.138 572.736 32.2641 2.69687 41.3026
196.072 381.824 26.3291 1.87843 42.7093
350.865 392.143 31.5026 2.16464 41.1672
464.38 98.0359 30.741 0.575026 41.9805
335.386 175.433 25.1416 -0.70049 44.4291
304.427 98.0359 29.4969 0.330864 41.7576
356.025 273.468 30.583 1.55142 41.65
854.46 575.832 31.2726 2.96013 45.46
402.463 216.711 31.5719 1.52256 41.1811
718.242 402.463 32.0036 1.95496 42.6456
718.242 371.504 31.9789 1.91597 42.601
767.776 482.956 31.6361 2.31401 43.6474
712.05 451.997 32.0704 2.23804 42.5158
451.997 346.737 31.9215 2.0373 41.1817
340.546 551.065 31.3572 2.73549 41.2223
544.873 352.929 32.1549 1.98413 41.4684
532.49 352.929 31.9476 1.96487 41.5103
563.448 297.203 31.1895 1.51345 42.4106
575.832 526.298 31.9658 2.56927 41.8356
637.749 513.914 32.1096 2.52923 42.0483
433.422 482.956 32.1057 2.46012 41.0651
371.504 482.956 31.8397 2.47032 41.045
427.23 433.422 31.8817 2.29943 41.1849
495.339 266.245 32.063 1.72333 41.2181
445.805 284.82 31.8699 1.79248 41.1787
520.106 482.956 32.0524 2.42481 41.4634
1095.94 408.655 31.2909 0.83972 52.5708
1021.64 588.215 31.6387 3.01928 48.0268
1089.75 569.64 32.1153 2.77506 48.2822
656.324 470.572 32.2252 2.35616 41.9566
681.091 582.023 32.1027 2.76661 42.315
643.941 544.873 32.0885 2.63136 42.1631
792.543 594.407 32.0355 2.87382 43.2781
730.625 315.779 25.7909 -0.58314 51.6693
650.133 321.97 31.7272 1.64784 42.5165
842.076 229.094 30.6581 -0.0186835 46.24
482.956 439.613 32.0536 2.30409 41.2797
482.956 421.038 32.0771 2.25517 41.2625
612.982 396.271 32.0019 2.09305 41.9099
495.339 569.64 32.128 2.7278 41.3154
377.696 513.914 31.7863 2.60246 41.1104
303.395 482.956 31.1439 2.51335 41.1758
352.929 563.448 31.3652 2.81577 41.345
458.189 160.985 30.6855 0.875242 42.0281
588.215 148.602 31.0932 0.682065 42.5527
408.655 315.779 31.7218 1.90781 41.1925
191.944 272.436 25.1293 0.692914 42.9861
401.225 401.225 31.9064 2.20421 41.0662
378.934 378.934 32.0313 2.16884 40.847
423.515 252.623 31.9456 1.71699 41.0605
482.956 341.784 32.3477 2.03328 40.9592
505.246 304.634 32.1051 1.86837 41.2521
512.676 371.504 31.9667 2.0589 41.4274
564.687 297.203 31.1895 1.51345 42.4106
527.536 237.763 30.441 1.11148 42.8205
579.547 527.536 32.0903 2.58054 41.7428
661.278 430.945 32.1021 2.21195 42.1185
416.085 334.354 31.9567 2.00842 41.0522
416.085 208.042 31.5947 1.47699 41.1897
572.117 512.676 31.9518 2.51778 41.8295
527.536 520.106 32.2752 2.55997 41.3403
527.536 482.956 32.3468 2.43304 41.2092
973.341 549.826 32.0254 2.66668 45.9647
906.471 549.826 31.7312 2.66327 45.4175
1092.22 564.687 31.2296 2.84485 52.6297
787.589 475.526 31.0388 2.22018 45.0489
750.439 557.256 31.9295 2.67719 43.0548
728.148 520.106 32.0596 2.50482 42.7193
899.04 148.602 32.4294 0.651708 43.3704
1129.37 245.193 32.742 0.0160849 47.2633
690.998 163.462 31.0683 0.457716 43.498
609.267 468.095 32.0012 2.33777 41.9502
386.365 564.687 31.8798 2.71984 41.1007
430.945 490.386 32.0037 2.47914 41.1705
520.106 572.117 32.257 2.69026 41.3077
230.333 453.235 30.7046 2.42193 41.0437
341.784 549.826 30.7203 2.73868 41.6331
349.214 505.246 31.9571 2.53403 40.8672
304.634 482.956 30.8231 2.4893 41.4106
579.547 170.892 31.3744 0.922574 42.2353
260.053 170.892 25.0378 -0.536615 43.5005
319.494 341.784 30.6762 1.91928 41.4345
245.193 490.386 30.4646 2.58046 41.2954
695.456 517.134 32.0801 2.49103 42.3652
793.533 472.554 30.3342 2.15938 45.9723
971.855 320.98 29.2569 -0.449143 52.555
517.134 517.134 32.2944 2.5317 41.2137
677.624 410.141 32.7122 2.18167 41.5162
838.114 205.07 30.8204 -0.0334282 45.7109
561.715 303.148 30.998 1.47342 42.6149
526.05 276.399 30.1405 1.14348 42.9268
954.023 401.225 30.8712 1.17939 47.9854
900.527 401.225 31.656 1.63171 45.2401
971.855 543.882 32.1442 2.60712 45.7441
713.288 445.805 32.1702 2.2083 42.3797
731.121 517.134 32.1417 2.50988 42.6021
980.771 222.903 31.8869 0.0848601 46.2253
481.47 427.973 32.0446 2.25241 41.2623
410.141 427.973 32.081 2.29786 40.9768
472.554 401.225 32.6208 2.19378 40.7482
401.225 401.225 31.8644 2.26519 41.1239
436.889 490.386 31.9636 2.46327 41.1815
579.547 526.05 32.0815 2.58292 41.7624
222.903 454.721 29.5781 2.41171 41.5059
383.392 436.889 31.8671 2.3294 41.0545
374.476 401.225 31.8712 2.22365 40.9662
303.148 481.47 30.9444 2.4918 41.3184
579.547 249.651 30.9799 1.21808 42.6629
258.567 169.406 24.9221 -0.580438 43.6711
356.644 178.322 26.9962 -0.210468 43.5297
