1840 598 1.2598 -0.540845 9.26212
1325 505 1.17383 -0.798237 11.855
69 304 -16.26 -5.37657 31.6864
58 504 -4.50232 -0.911866 13.767
195.6 534 -3.80909 -0.75808 13.726
568.8 568.8 -1.39064 -0.587262 11.5978
1671.6 528 1.30898 -0.662632 9.8375
1758 546 1.39922 -0.628039 9.70983
1861.2 508.8 1.53079 -0.687463 9.60952
391.2 486 -3.38781 -1.06175 14.9697
1180.8 316.8 1.10057 -1.9352 14.4413
1597.2 201.6 1.51863 -1.51341 10.5568
1528.8 783.6 1.02061 -0.157388 9.84067
303.6 465.6 -3.72375 -1.15866 14.616
262.8 439.2 -3.88513 -1.28444 14.4772
1354.8 343.2 1.29503 -1.37064 11.8937
1352.4 283.2 1.34102 -1.62402 12.0909
1452 438 1.41094 -0.980387 11.3151
1653.6 441.6 1.36362 -0.850025 10.0098
1470 264 1.5517 -1.55877 11.4987
1184.4 514.8 1.09886 -0.857696 14.3341
1368 663.6 1.06919 -0.306462 11.034
745.2 591.6 -1.86464 -0.379314 18.2365
1676.4 226.8 1.66137 -1.42334 10.4668
1250.4 291.6 1.26748 -1.86819 13.4827
1512 445.2 1.21672 -0.874078 10.3667
1291.2 472.8 1.21356 -0.957758 12.4885
1675.2 307.2 1.44029 -1.14338 10.0484
1239.6 553.2 1.11265 -0.642885 12.9708
1383.6 228 1.40947 -1.78128 11.9254
330 284.4 -9.4216 -4.78876 27.1798
57.6 504 -4.68479 -0.931009 14.0497
308.4 168 -4.96642 -3.59234 17.2012
546 523.2 -1.43102 -0.732992 11.4951
920.4 88.8 -0.392005 -4.17104 17.1613
927.6 702 -0.286376 0.189578 14.8819
1862.4 375.6 1.50568 -0.926691 9.56417
1855.2 445.2 1.6453 -0.821658 9.79624
1824 466.8 1.49734 -0.7703 9.66224
1436.4 98.4 1.3533 -2.00492 11.2354
1189.2 842.4 0.691626 0.365282 11.8664
1318.8 542.4 1.11171 -0.666379 11.6858
1796.4 864 1.14732 -0.141756 9.19846
1592.4 870 1.05084 -0.0342089 9.65046
1692 768 1.14865 -0.245687 9.48378
1758.24 365.76 1.40449 -0.965323 9.7066
1496.16 766.08 1.01984 -0.166452 9.99723
322.56 516.96 -3.41161 -0.863931 14.222
332.64 447.84 -3.86682 -1.31221 15.2882
1205.28 253.44 1.07349 -2.0801 13.5486
1565.28 779.04 1.0578 -0.175328 9.76473
1333.44 240.48 1.35403 -1.84556 12.3596
275.04 521.28 -3.55531 -0.829052 14.0212
1807.2 345.6 1.45138 -0.991795 9.62717
732.96 588.96 -1.95687 -0.399126 18.2755
1238.4 633.6 0.904668 -0.340508 12.0267
1353.6 342.72 1.30568 -1.37874 11.9421
1352.16 282.24 1.34816 -1.62843 12.1195
1622.88 105.12 1.42 -1.6466 10.2227
1353.6 466.56 1.25448 -0.929723 11.7795
1352.16 414.72 1.25531 -1.11002 11.7861
1313.28 432 1.20093 -1.07809 12.1251
766.08 524.16 -1.71128 -0.938886 18.3715
747.36 512.64 -1.82761 -1.02744 18.1873
1434.24 443.52 1.3788 -0.971832 11.3656
1281.6 504 1.14325 -0.820437 12.3335
1316.16 694.08 0.945766 -0.212152 11.1664
1625.76 427.68 1.3537 -0.887769 10.1019
1113.12 576 0.747101 -0.542019 14.6126
1337.76 655.2 1.0326 -0.316865 11.2149
303.84 465.12 -3.67028 -1.15014 14.5097
1512 444.96 1.27 -0.888262 10.5109
1192.32 462.24 1.25815 -1.17968 15.0546
1149.12 447.84 1.20236 -1.38957 16.3724
1156.32 432 1.20127 -1.43938 15.9789
1379.52 276.48 1.40716 -1.61766 11.9497
1709.28 231.84 1.66349 -1.37379 10.3229
1147.68 577.44 0.91799 -0.517764 14.3325
1144.8 547.2 1.0046 -0.685188 15.181
1251.36 576 1.10106 -0.543492 12.6809
1634.4 339.84 1.35252 -1.0709 10.0485
1254.24 416.16 1.10106 -1.19745 12.6218
1064.16 524.16 0.727798 -0.899601 17.5737
1190.88 361.44 1.349 -1.85241 15.5127
1139.04 378.72 1.28643 -2.03112 17.5126
66.24 303.84 -15.1829 -5.05285 29.9245
256.32 495.36 -3.68975 -0.965794 14.0598
247.68 449.28 -3.92535 -1.23621 14.4227
336.96 136.8 -4.69304 -3.7474 17.0817
920.16 87.84 -0.385636 -4.09753 16.9332
727.2 182.88 -2.10736 -3.90231 18.8171
918.72 177.12 -0.524128 -4.58238 20.9598
342.72 612 -3.24466 -0.365705 14.0293
286.56 617.76 -3.43614 -0.345443 13.8553
400.32 599.04 -3.22108 -0.417617 14.7154
345.6 698.4 -3.35071 0.0923761 14.3428
290.88 709.92 -3.64853 0.16018 14.3773
231.84 624.96 -3.70288 -0.311041 13.885
218.88 698.4 -3.71828 0.0389789 13.7939
953.28 967.68 -0.120648 0.389168 10.4731
649.44 753.12 -1.44407 0.221374 13.0246
1251.36 187.2 0.613953 -1.51763 10.4339
1385.28 213.12 1.42439 -1.84724 11.9505
1054.08 158.4 0.76528 -4.28694 19.2701
1733.76 218.88 1.66668 -1.37839 10.2152
1758.24 185.76 1.57309 -1.38441 9.9733
1882.08 249.12 1.72187 -1.21804 9.81813
1530.72 181.44 1.69414 -1.79533 11.3573
1480.32 213.12 1.63104 -1.7643 11.6143
963.36 967.68 -0.0973811 0.403377 10.5135
1392.48 737.28 0.975626 -0.160099 10.5302
1028.16 613.44 0.462309 -0.182729 17.9837
1190.88 619.2 0.917343 -0.348351 13.1079
1795.68 864 1.15272 -0.141074 9.20993
1658.88 617.76 1.25224 -0.487505 9.77907
1432.8 720 0.966712 -0.235858 10.2103
1643.33 205.632 1.5625 -1.45519 10.4264
1626.05 212.544 1.53191 -1.4579 10.4501
1361.66 461.376 1.34066 -0.963731 11.9913
1200.96 452.736 1.23026 -1.19796 14.545
1216.51 419.904 1.11718 -1.27451 13.5744
1752.19 101.952 1.51887 -1.54018 9.90698
732.672 587.52 -1.99201 -0.407865 18.4659
1596.67 202.176 1.51773 -1.51118 10.5591
1724.54 323.136 1.40789 -1.06431 9.82171
1114.56 575.424 0.789439 -0.523605 14.8309
1114.56 568.512 0.781776 -0.572513 14.7554
1192.32 620.352 0.911068 -0.34798 13.0482
1372.03 324.864 1.37807 -1.44253 11.9867
1384.13 309.312 1.42058 -1.50502 11.9854
1185.41 514.944 1.10923 -0.861874 14.4038
1251.07 288.576 1.14694 -1.76723 12.8907
1069.63 378.432 0.874307 -2.21632 18.8422
1045.44 359.424 0.631707 -2.31322 18.4065
1337.47 654.912 1.04807 -0.320173 11.2991
1359.94 634.176 1.07232 -0.387412 11.1106
1316.74 694.656 0.948719 -0.212015 11.1631
1190.59 463.104 1.25627 -1.18881 15.0527
1149.12 447.552 1.16987 -1.36417 16.1276
1216.51 502.848 1.03867 -0.864437 13.0714
1276.99 241.92 1.18145 -1.8874 12.5375
1401.41 257.472 1.45472 -1.66642 11.8795
1380.67 276.48 1.42252 -1.63199 12.0215
1382.4 228.096 1.40003 -1.77694 11.8949
1512 430.272 1.27743 -0.930977 10.5156
1584.58 240.192 1.54467 -1.45374 10.7085
304.128 464.832 -3.75546 -1.15922 14.6953
1192.32 554.688 1.10633 -0.628931 14.1644
1465.34 371.52 1.3801 -1.16361 11.1198
1539.65 355.968 1.30746 -1.09684 10.429
1112.83 383.616 1.1889 -2.06284 18.24
1099.01 368.064 1.13139 -2.30692 18.9449
1130.11 471.744 1.07913 -1.22806 16.4893
1283.9 651.456 0.888265 -0.32539 11.2491
1373.76 380.16 1.34129 -1.23217 11.8544
1570.75 423.36 1.26888 -0.90662 10.1698
305.856 330.048 -12.3443 -5.04725 32.3892
373.248 511.488 -3.36394 -0.90623 14.6973
392.256 485.568 -3.46414 -1.0796 15.1946
57.024 502.848 -4.68897 -0.927681 14.0521
257.472 495.936 -3.73074 -0.970724 14.1628
247.104 449.28 -3.84935 -1.22257 14.2536
307.584 162.432 -4.96058 -3.59191 17.1857
32.832 266.112 -12.27 -4.53269 24.8663
205.632 233.28 -9.08806 -4.58478 23.2801
917.568 70.848 -0.399396 -4.22642 16.9991
546.048 235.008 -4.81383 -4.37825 22.5693
433.728 872.64 -1.76027 0.357709 11.4367
430.272 819.072 -1.75613 0.185991 11.4217
51.84 1029.89 -4.3369 1.55326 13.541
50.112 924.48 -2.72229 0.428716 11.0987
216 1043.71 -1.79663 0.482574 10.2778
342.144 558.144 -3.28009 -0.63793 14.1179
395.712 611.712 -3.22003 -0.350631 14.6454
345.6 698.112 -3.25726 0.0806765 14.1071
399.168 677.376 -3.20237 0.0134989 14.648
231.552 623.808 -3.74961 -0.304864 13.9691
229.824 568.512 -3.51078 -0.592214 13.4697
231.552 689.472 -3.79625 0.0216804 14.0599
181.44 670.464 -3.94573 -0.0890025 13.8597
838.08 779.328 -0.600208 0.285849 12.7325
1408.32 447.552 1.37482 -0.977179 11.5886
1066.18 347.328 0.905544 -2.60127 19.5013
1297.73 212.544 1.24134 -1.99387 12.465
1346.11 212.544 1.46604 -2.0174 12.5833
1759.1 366.336 1.40677 -0.964095 9.69786
1670.98 527.04 1.30025 -0.666935 9.83526
1840.32 516.672 1.50593 -0.679885 9.62438
1824.77 466.56 1.50225 -0.771318 9.66368
1862.78 129.6 1.58323 -1.40545 9.67303
1788.48 174.528 1.55835 -1.3699 9.84072
1520.64 245.376 1.5306 -1.51818 11.0665
1470.53 264.384 1.53028 -1.54452 11.439
1479.17 214.272 1.49774 -1.67292 11.2849
1290.82 744.768 0.828864 -0.0804891 11.0112
1007.42 597.888 0.35434 -0.275391 19.6954
1130.11 618.624 0.731247 -0.327353 13.8217
1684.8 855.36 1.05007 -0.126984 9.32738
1658.88 616.896 1.25345 -0.488167 9.7858
1762.56 768.96 1.25965 -0.240644 9.47064
1529.28 608.256 1.22224 -0.486436 10.2922
1565.57 779.328 1.05571 -0.174292 9.76477
1275.26 348.365 1.12061 -1.43439 12.3691
1300.15 304.819 1.18245 -1.57415 12.2248
1283.56 651.11 0.984141 -0.300038 11.7432
1252.45 661.479 0.955876 -0.250713 12.0896
1625.7 427.162 1.34294 -0.891315 10.073
1607.04 479.002 1.23281 -0.768487 9.93321
1237.94 344.218 1.12702 -1.56561 13.0624
1219.28 333.85 1.1009 -1.65661 13.3997
1210.98 306.893 1.12176 -1.84955 13.686
1430.78 389.837 1.33715 -1.11943 11.2525
1200.61 452.045 1.21714 -1.19341 14.4587
1337.47 653.184 1.02691 -0.327545 11.2157
1356.13 528.768 1.14259 -0.703905 11.3477
1372.72 402.278 1.29133 -1.14216 11.7392
1372.72 379.469 1.30642 -1.22179 11.7501
1296 385.69 1.155 -1.25229 12.1986
1590.45 532.915 1.20289 -0.657313 9.9608
1573.86 479.002 1.25509 -0.777684 10.1471
1099.01 369.101 1.1452 -2.32978 19.1301
1710.72 230.17 1.63775 -1.36302 10.2608
1578.01 418.867 1.31547 -0.929933 10.2563
1254.53 416.794 1.1292 -1.20826 12.76
1426.64 526.694 1.20632 -0.708246 10.9326
1492.99 352.512 1.44582 -1.20695 11.0623
1103.16 431.309 1.04159 -1.63252 17.7093
350.438 333.85 -13.0178 -5.54687 35.7607
375.322 510.106 -3.46321 -0.916139 14.9539
279.936 503.885 -3.4405 -0.904418 13.783
393.984 485.222 -3.46456 -1.07693 15.1902
55.9872 503.885 -4.64503 -0.920237 13.9621
257.126 495.59 -3.70384 -0.967229 14.0833
161.741 526.694 -4.10793 -0.813412 13.9434
184.55 439.603 -4.0751 -1.24784 14.1118
300.672 134.784 -4.97393 -3.7881 17.1144
306.893 165.888 -5.01824 -3.63335 17.3464
97.4592 163.814 -6.54866 -3.61777 17.2338
205.286 234.317 -9.11565 -4.5999 23.3141
746.496 539.136 -1.85426 -0.798022 18.2756
916.531 236.39 -0.629609 -4.66689 23.9715
918.605 176.256 -0.4885 -4.31285 19.9646
547.43 236.39 -4.87762 -4.42164 22.7503
433.382 819.072 -1.75613 0.185991 11.4217
47.6928 924.826 -2.71193 0.422482 11.0768
288.23 663.552 -3.44863 -0.111748 13.9082
284.083 570.24 -3.46065 -0.579794 13.907
396.058 611.712 -3.32234 -0.350121 14.9335
364.954 781.747 -2.47966 0.263647 12.5774
286.157 682.214 -3.43586 -0.0337134 13.8569
232.243 624.154 -3.6363 -0.322487 13.736
170.035 607.565 -3.92821 -0.403741 13.7165
230.17 568.167 -3.6491 -0.595331 13.7639
149.299 570.24 -4.04487 -0.585913 13.7431
182.477 719.539 -3.90865 0.138964 13.8033
499.738 816.999 -1.55906 0.188198 11.4638
675.994 889.575 -0.976394 0.390178 11.3535
613.786 814.925 -1.36815 0.311443 12.1502
775.526 578.534 -1.63578 -0.487337 18.4544
955.93 593.05 -0.131515 -0.325988 19.2692
508.032 626.227 -1.50951 -0.404605 11.3907
690.509 715.392 -1.47495 0.162284 13.9795
1351.99 410.573 1.26019 -1.11126 11.8087
1320.88 317.261 1.20368 -1.47819 11.9716
1210.98 526.694 1.21099 -0.809251 14.1651
1186.1 514.253 1.11357 -0.861733 14.4144
1277.34 103.68 0.657241 -1.70334 10.4012
1223.42 43.5456 1.50926 -3.72737 15.1954
1354.06 282.01 1.35051 -1.62887 12.108
1090.71 242.611 0.525111 -2.10426 13.4917
1758.41 364.954 1.40795 -0.96822 9.70556
1793.66 362.88 1.40407 -0.954976 9.59137
1851.73 337.997 1.44363 -0.983285 9.49199
1824.77 466.56 1.50164 -0.771321 9.66369
1511.65 429.235 1.29317 -0.93361 10.5768
1783.3 151.373 1.56421 -1.42317 9.8695
1733.53 273.715 1.66665 -1.24758 10.2118
1694.13 186.624 1.546 -1.44505 10.1756
1812.33 269.568 1.58016 -1.17617 9.81081
1578.01 159.667 1.4974 -1.62119 10.6128
1625.7 211.507 1.54546 -1.46323 10.4789
1279.41 976.666 0.710988 0.465245 10.6514
962.151 966.298 -0.0989146 0.421104 10.5992
1223.42 620.006 0.966121 -0.368102 12.7063
1366.5 665.626 1.09529 -0.298637 11.1668
1318.81 543.283 1.133 -0.664579 11.8091
1289.78 744.422 0.821252 -0.0883199 11.0075
1370.65 717.466 0.933058 -0.208774 10.5865
1130.11 617.933 0.731247 -0.327353 13.8217
1103.16 748.57 0.453852 0.12144 12.3417
1775 858.471 1.1164 -0.14794 9.20413
1853.8 943.488 1.09756 -0.0742573 8.99633
1687.91 626.227 1.34598 -0.471283 9.86457
1756.34 545.357 1.403 -0.626731 9.71757
1876.61 659.405 1.37972 -0.435088 9.35738
1799.89 642.816 1.32747 -0.458828 9.46739
1677.54 746.496 1.11601 -0.285846 9.45888
1528.24 607.565 1.25129 -0.482115 10.3814
1426.64 653.184 1.05129 -0.364521 10.5186
1565.57 779.674 1.05822 -0.174406 9.76475
1321.3 495.176 1.21331 -0.842913 12.1062
1239.18 343.388 1.14358 -1.57852 13.1654
1104.81 410.573 1.09268 -1.83529 18.006
1537.78 462.828 1.24095 -0.823529 10.2802
1634.83 340.9 1.38444 -1.08194 10.1252
1624.87 311.04 1.40311 -1.163 10.2069
1204.35 572.314 0.965887 -0.552982 13.0457
1209.32 408.085 1.10453 -1.34452 13.6431
149.299 624.568 -4.03354 -0.312303 13.7418
204.042 233.902 -8.645 -4.37595 22.3496
1057.54 676.823 0.517951 0.119739 15.7523
134.369 273.715 -10.9422 -4.46611 24.9572
82.1146 211.507 -9.30479 -4.32788 21.3231
432.968 870.912 -1.77174 0.359628 11.4819
432.968 818.657 -1.76509 0.193298 11.4543
848.517 106.998 -0.966103 -4.21126 17.6688
918.19 69.673 -0.410884 -4.27961 17.204
194.089 928.143 -2.26298 0.429602 10.9963
333.435 283.669 -9.51937 -4.84846 27.4573
328.458 226.437 -6.58132 -4.10215 20.9553
955.515 592.22 -0.123954 -0.325307 19.409
348.365 990.352 -1.64375 0.458784 10.5812
781.333 977.91 -0.556444 0.453679 10.6571
1473.09 151.788 1.68133 -2.02695 11.8423
1368.58 803.727 7.28412 3.72481 31.6223
1336.23 846.029 0.814423 0.0991209 10.4805
363.295 781.333 -2.48438 0.261909 12.5802
340.9 669.358 -3.34771 -0.0598116 14.2755
691.753 714.148 -1.51912 0.184473 14.2572
1191.91 843.541 0.682631 0.356153 11.7903
1288.95 744.008 0.832403 -0.0811315 11.0344
1234.21 699.218 0.794128 -0.145079 11.5442
846.029 748.984 -0.612044 0.236099 13.3447
395.643 651.94 -3.30884 -0.108188 14.8793
109.486 328.458 -17.5341 -5.48274 34.7884
62.208 303.575 -15.1184 -5.03118 29.7016
1092.37 241.367 0.513179 -2.0897 13.3837
612.127 816.169 -1.34825 0.297285 12.0118
552.407 813.681 -1.50722 0.259413 11.8391
1428.3 649.452 1.04845 -0.369506 10.5016
1433.27 562.36 1.17667 -0.596615 10.8201
1624.87 102.021 1.45646 -1.67435 10.2986
1764.22 768.891 1.24118 -0.237509 9.43461
1677.13 746.496 1.11758 -0.284827 9.46861
1766.71 622.08 1.28462 -0.487101 9.48901
1764.22 510.106 1.44661 -0.689996 9.75674
1637.31 791.286 1.08355 -0.192568 9.53463
1567.64 801.239 1.03331 -0.144843 9.68502
246.344 447.898 -3.8768 -1.24854 14.325
184.136 437.944 -4.07567 -1.26835 14.101
1567.64 781.333 1.05821 -0.173654 9.76476
343.388 559.872 -3.33005 -0.642436 14.2794
746.496 539.966 -1.84284 -0.798358 18.2041
1535.29 241.367 1.49693 -1.47677 10.8645
1433.27 278.692 1.48009 -1.52866 11.6272
1515.39 184.136 1.66201 -1.79604 11.4066
1478.06 213.996 1.4741 -1.65434 11.2067
1358.62 634.522 1.09228 -0.383243 11.2134
1306.37 552.407 1.14002 -0.631166 11.9678
1356.13 766.403 0.856341 -0.10639 10.4518
1371.06 716.636 0.934791 -0.208781 10.5797
1318.81 694.241 0.955161 -0.211391 11.1812
1296.41 266.25 1.18898 -1.73947 12.3445
1206.84 171.694 0.510601 -1.58157 10.5059
1540.27 355.83 1.31262 -1.09537 10.4478
1759.24 184.136 1.57214 -1.38457 9.97119
1694.55 186.624 1.55578 -1.45012 10.1982
1067.49 348.365 0.909387 -2.65238 19.8434
1410.88 278.692 1.46586 -1.58283 11.8371
1385.99 213.996 1.48079 -1.9 12.1807
1585.06 236.39 1.53422 -1.45292 10.6782
1473.09 741.519 1.01253 -0.204845 10.1091
1430.78 721.613 1.01471 -0.216724 10.3902
1706.99 94.5562 1.55048 -1.62511 10.1123
1321.3 318.505 1.22467 -1.49953 12.1293
1420.83 313.528 1.53846 -1.4817 11.9407
1266.56 562.36 1.19894 -0.59792 12.9064
1264.07 510.106 1.07055 -0.799598 12.3122
1216.79 420.526 1.11722 -1.27548 13.5113
1169.51 527.524 1.11368 -0.805654 14.9904
1157.07 427.991 1.15808 -1.43132 15.7047
1624.87 445.409 1.34928 -0.84995 10.0933
149.299 711.66 -4.07168 0.111287 13.8091
331.444 940.585 -1.80958 0.411556 10.8235
916.697 176.173 -0.533261 -4.57703 20.9767
955.515 964.473 -0.106005 0.404595 10.5408
498.659 818.16 -1.56014 0.194968 11.4737
432.968 818.16 -1.75866 0.195157 11.442
203.047 232.907 -8.645 -4.37595 22.3496
179.159 668.861 -3.93246 -0.0973576 13.8184
677.818 886.837 -0.966725 0.380605 11.3157
779.342 979.403 -0.552732 0.44378 10.5999
797.258 913.711 -0.561606 0.389063 11.0032
922.669 704.692 -0.282158 0.147595 14.2318
1433.27 98.5375 1.35287 -2.01493 11.2802
149.299 624.071 -4.03893 -0.314359 13.7551
543.449 235.893 -4.72026 -4.2725 21.9809
868.922 662.889 -0.669403 0.0192039 15.5949
1286.96 743.51 0.821718 -0.0866283 10.985
1209.32 862.95 0.736204 0.403866 11.7179
776.356 689.762 -1.13114 0.12358 14.9831
549.421 561.365 -1.48837 -0.608803 11.7051
1824.44 770.384 1.31176 -0.255462 9.38022
1107.8 229.921 0.583501 -2.13532 13.3722
1561.67 543.449 1.20117 -0.635925 10.0996
606.155 803.23 -1.37375 0.248014 12.0905
161.243 525.533 -4.11259 -0.812044 13.9475
56.7337 507.617 -4.64966 -0.882081 13.9702
56.7337 421.024 -19.1731 -3.71762 35.5527
1818.46 486.715 1.48574 -0.727139 9.64666
1764.72 444.912 1.52669 -0.834943 9.88456
1812.49 268.739 1.57247 -1.16668 9.78393
262.767 337.416 -10.6486 -4.14236 27.6484
194.089 307.556 -12.4223 -4.79703 28.9042
1525.84 606.155 1.24119 -0.489638 10.3744
1675.14 746.496 1.15356 -0.278437 9.5561
1705 701.706 1.23623 -0.344446 9.60015
1657.22 704.692 1.21206 -0.326595 9.69297
1687.08 627.057 1.34706 -0.472062 9.87655
1737.84 797.258 1.17629 -0.210065 9.39294
1651.25 797.258 1.08228 -0.184599 9.50677
1821.45 633.029 1.32974 -0.477996 9.42074
1564.66 779.342 1.05822 -0.17531 9.76473
346.374 609.141 -3.34484 -0.372866 14.3417
1522.85 247.837 1.51686 -1.50182 11.0134
1415.36 286.655 1.50574 -1.56099 11.9316
1203.35 253.809 1.13747 -2.1651 13.9846
1857.28 74.6496 1.65189 -1.55339 9.77092
1358.62 636.015 1.00869 -0.390236 10.8679
1334.74 650.945 1.05939 -0.32591 11.3634
1403.41 567.337 1.15569 -0.576955 10.9979
1307.86 552.407 1.17301 -0.626146 12.1358
185.131 438.94 -4.06645 -1.25758 14.0878
1367.58 731.566 0.932991 -0.166448 10.5913
1812.49 346.374 1.45749 -0.989005 9.62692
1537.78 358.318 1.2923 -1.09048 10.3882
1531.81 298.598 1.51385 -1.35054 10.9869
1352.65 280.683 1.35927 -1.63527 12.1424
1731.87 271.725 1.66336 -1.25606 10.2097
1531.81 241.865 1.49938 -1.48069 10.8787
1490.01 510.603 1.16631 -0.722389 10.3656
1472.09 534.491 1.19062 -0.673474 10.5473
1510.91 432.968 1.28637 -0.931562 10.551
1451.19 438.94 1.40144 -0.976641 11.285
1319.81 319.5 1.19394 -1.47782 11.9448
1101.83 364.29 1.12427 -2.26467 18.6525
1501.95 767.398 1.0185 -0.16956 9.97381
1430.29 722.608 1.01329 -0.212707 10.395
1705 95.5515 1.56655 -1.63958 10.147
1170.51 528.519 1.09592 -0.798835 14.8358
1080.93 501.645 0.859531 -1.09907 17.8012
1233.21 624.071 0.925311 -0.358658 12.267
1266.06 564.351 1.17668 -0.593025 12.7813
1516.88 379.22 1.27156 -1.04983 10.4702
1292.93 346.374 1.13978 -1.39153 12.1198
1068.98 116.453 0.848058 -4.41701 18.6228
400.122 677.818 -3.30475 0.0349978 14.9353
1257.7 920.878 0.75331 0.430192 11.0758
96.7459 161.243 -6.6082 -3.65013 17.3298
351.152 236.49 -6.42423 -3.98919 21.1728
340.402 670.055 -3.28675 -0.0513986 14.1317
143.327 462.23 -4.3961 -1.14554 14.3206
1565.85 544.644 1.19381 -0.635732 10.0606
730.969 584.059 -1.94596 -0.441731 18.0399
229.324 619.89 -3.62438 -0.337314 13.6805
225.74 569.726 -3.8339 -0.587881 14.089
1831.01 254.406 1.57833 -1.18172 9.72946
1759.34 182.742 1.55345 -1.37708 9.92961
555.393 809.799 -1.52433 0.267295 11.9475
1762.93 444.315 1.50837 -0.829041 9.86849
1257.7 89.5795 0.596436 -1.71846 10.3106
1092.87 240.073 0.532568 -2.11503 13.497
1107.2 229.324 0.596854 -2.16139 13.4876
1569.43 799.049 1.03205 -0.145426 9.6834
1626.76 96.7459 1.45627 -1.68211 10.2832
1659.01 616.307 1.24234 -0.481183 9.75877
1737.84 791.883 1.20025 -0.206099 9.44832
1684.1 809.799 1.09673 -0.177027 9.41478
1777.26 856.38 1.11619 -0.157241 9.19844
1798.76 838.464 1.0944 -0.196296 9.09256
1522.85 601.974 1.24078 -0.503201 10.4002
1508.52 587.642 1.24058 -0.529638 10.4756
1659.01 702.304 1.19104 -0.327228 9.65114
1845.34 594.808 1.26561 -0.545214 9.24328
1153.78 576.892 0.918478 -0.521191 14.2842
1114.37 566.143 0.778113 -0.560877 14.8497
1512.1 182.742 1.65974 -1.79505 11.4111
1533.6 756.051 1.0618 -0.207377 9.94171
336.819 623.474 -3.35927 -0.293068 14.2676
283.071 566.143 -3.46461 -0.590945 13.8833
1759.34 369.068 1.39063 -0.959254 9.66334
1848.92 336.819 1.4684 -0.988874 9.55031
1820.26 157.66 1.56762 -1.3751 9.75992
1268.45 257.989 1.18556 -1.84911 12.7367
1297.11 214.991 1.25984 -2.01606 12.5855
1354.44 763.218 0.854388 -0.111075 10.4446
763.218 530.311 -1.6 -0.862121 17.5224
1358.03 279.488 1.35588 -1.63138 12.1058
1375.94 204.241 1.41106 -1.89312 12.0329
1490.6 508.812 1.19637 -0.722732 10.4384
1512.1 429.982 1.28604 -0.929953 10.5537
1666.18 75.2468 1.53995 -1.72272 10.249
1358.03 408.483 1.29139 -1.1517 11.8094
1379.52 311.737 1.40684 -1.49528 11.9736
1318.61 318.903 1.20728 -1.48354 12.0501
723.803 533.894 -1.9596 -0.812092 17.7899
1519.27 376.234 1.27267 -1.04746 10.472
1415.36 315.32 1.55233 -1.48806 11.9878
1426.11 723.803 1.02591 -0.203708 10.4554
1157.37 426.399 1.1625 -1.46212 15.752
1211.12 526.728 1.24065 -0.802927 14.2983
1071.37 376.234 0.920516 -2.29078 19.3038
1315.03 437.148 1.21793 -1.0963 12.1816
1254.11 655.722 0.947869 -0.278697 12.0146
1232.61 623.474 0.907638 -0.350259 12.1939
1232.61 566.143 1.14234 -0.572288 13.2516
1218.28 419.232 1.11473 -1.27365 13.4146
924.461 705.887 -0.294196 0.178182 14.8564
680.805 881.463 -0.931659 0.340973 11.1149
777.55 978.209 -0.552732 0.44378 10.5999
179.159 666.472 -3.92664 -0.111593 13.7892
168.41 687.971 -3.9459 -0.0216453 13.7268
150.494 569.726 -4.03086 -0.579472 13.7095
498.062 816.965 -1.54287 0.179947 11.409
773.967 279.488 -1.93449 -3.45529 20.6375
917.294 78.83 -0.411594 -4.25242 17.2203
606.274 799.766 -1.22449 0.154741 11.4277
558.976 808.366 -1.50214 0.25492 11.8536
1831.72 253.689 1.6622 -1.20295 9.87727
1685.53 623.474 1.34559 -0.471918 9.87657
1659.73 619.174 1.24214 -0.483987 9.75147
1406.04 567.576 1.15828 -0.580315 10.9687
1642.53 838.465 1.07986 -0.105293 9.53482
1685.53 812.666 1.05471 -0.194158 9.31995
1638.23 791.167 1.08109 -0.209366 9.54283
1152.35 576.176 0.936072 -0.528558 14.3292
1827.42 649.273 1.33632 -0.458166 9.42206
1805.92 541.777 1.46488 -0.634624 9.68387
374.084 601.975 -3.20783 -0.411985 14.2903
343.985 606.274 -3.33423 -0.381038 14.3259
1608.13 748.168 1.13089 -0.253598 9.71143
1762.93 369.784 1.39063 -0.959254 9.66334
1758.63 180.592 1.55085 -1.37759 9.92249
1414.64 283.788 1.48606 -1.56221 11.8448
1582.33 232.19 1.56095 -1.46616 10.7503
257.989 494.479 -3.70646 -0.964859 14.1137
1479.14 739.569 0.976708 -0.217533 9.97602
1586.63 417.082 1.3115 -0.924309 10.2275
1066.35 352.585 0.875277 -2.59048 19.57
1010.46 343.985 0.305504 -2.37094 17.9045
1354.44 279.488 1.36153 -1.63815 12.1066
1294.25 214.991 1.25765 -2.02126 12.6153
1732.83 270.889 1.67218 -1.25183 10.2253
1629.63 210.691 1.53522 -1.44978 10.4354
1702.73 98.8958 1.55869 -1.61887 10.1352
1169.55 528.878 1.10904 -0.786846 14.8181
1156.65 425.682 1.17281 -1.49458 15.8655
1105.05 365.485 1.15198 -2.28444 18.5407
1294.25 382.684 1.16487 -1.26701 12.2584
1320.04 322.486 1.19886 -1.47966 12.0633
1513.54 429.982 1.28859 -0.929122 10.5688
1268.45 567.576 1.1836 -0.575931 12.8489
1659.73 700.87 1.20993 -0.324486 9.69303
1823.12 950.26 1.07558 -0.0675911 9.02897
1001.86 589.075 0.277996 -0.360547 19.4905
1294.25 980.359 0.77158 0.48597 10.7671
1221.15 907.262 0.31337 -0.0498419 9.39179
1191.05 842.764 0.688174 0.359952 11.8268
1109.35 232.19 0.522043 -1.97538 12.6526
958.859 963.159 -0.108032 0.444896 10.7523
773.967 980.359 -0.559434 0.449925 10.6183
920.161 81.6965 -0.417622 -4.36998 17.7207
782.567 171.993 -1.58314 -3.99309 18.8039
197.792 232.19 -8.645 -4.37595 22.3496
85.9964 210.691 -9.32995 -4.35101 21.4172
124.695 150.494 -6.22998 -3.641 17.0202
335.386 283.788 -9.5223 -4.88255 27.5953
1713.05 866.843 1.07016 -0.121814 9.28829
1682.09 810.086 1.04917 -0.198679 9.30623
1805.92 144.474 1.57738 -1.41961 9.80469
314.747 330.226 -12.4461 -5.15933 32.9396
1537.61 758.488 1.02415 -0.213593 9.81712
1357.02 407.623 1.28979 -1.14929 11.847
1393.14 361.185 1.40095 -1.30954 11.8163
1713.05 340.546 1.40988 -1.02671 9.82966
1635.65 340.546 1.36736 -1.07343 10.053
345.705 603.694 -3.30007 -0.399723 14.2159
1310.58 546.937 1.14275 -0.644477 11.9638
1516.98 376.664 1.27539 -1.05431 10.4927
1594.37 345.705 1.32198 -1.07637 10.1889
1429.26 371.504 1.21279 -1.12627 10.8453
1222.87 438.581 1.09147 -1.15315 13.2505
1269.31 252.829 1.15943 -1.83555 12.5807
1310.58 263.149 1.22284 -1.71986 12.1907
1718.21 185.752 1.52863 -1.39767 10.0255
1702.73 103.196 1.63682 -1.66048 10.3266
1527.3 242.51 1.55503 -1.54158 11.1254
1062.92 356.025 0.817916 -2.40685 18.6597
1413.78 283.788 1.48386 -1.55726 11.8329
1155.79 423.102 1.24961 -1.55364 16.5431
1104.19 361.185 1.14611 -2.24123 18.284
1429.26 655.292 1.05861 -0.374759 10.5139
1697.57 500.499 1.35501 -0.724897 9.81951
1713.05 469.54 1.39504 -0.755144 9.83037
1568.57 531.458 1.19721 -0.665212 10.0508
1511.82 433.422 1.3125 -0.931932 10.6489
1171.27 531.458 1.10876 -0.795429 14.902
1104.19 428.262 1.07568 -1.68569 18.048
1522.14 598.535 1.20782 -0.511891 10.3092
1759.49 727.529 1.37082 -0.294271 9.67919
1253.83 655.292 0.931897 -0.276116 11.8721
1289.95 975.199 0.761554 0.472964 10.6824
1367.34 768.807 0.855758 -0.109893 10.3383
1506.66 185.752 1.67963 -1.82216 11.5055
1754.33 288.948 1.46294 -1.12519 9.77162
1754.33 521.138 1.39226 -0.67535 9.7073
603.694 799.766 -1.35801 0.238409 11.994
830.725 804.926 -0.601657 0.318481 12.3399
227.03 614.014 -3.61468 -0.349228 13.6386
196.072 232.19 -8.617 -4.35547 22.2183
335.386 283.788 -9.44086 -4.89621 27.6633
1374.57 730.625 0.976504 -0.154612 10.7777
1374.57 681.091 1.03826 -0.272014 10.9862
1300.27 687.283 0.938296 -0.2248 11.264
1572.7 266.245 1.61133 -1.42259 10.9514
1640.81 340.546 1.37131 -1.07718 10.0619
340.546 600.599 -3.26309 -0.41636 14.0812
959.719 532.49 -0.0414935 -0.895811 23.3737
1126.9 612.982 0.727869 -0.345693 13.7858
1157.86 575.832 0.983757 -0.539294 14.5804
1176.43 532.49 1.08377 -0.774964 14.5815
1374.57 210.519 1.39387 -1.87833 11.9699
1287.88 216.711 1.24632 -2.01379 12.662
1077.36 513.914 0.715026 -0.940066 16.6113
1473.63 532.49 1.17725 -0.67244 10.498
1448.87 439.613 1.43528 -0.987858 11.4107
1585.09 414.846 1.32699 -0.926062 10.272
1473.63 210.519 1.59446 -1.75559 11.5538
1232.16 414.846 1.14788 -1.2642 13.369
1219.77 359.121 1.12395 -1.58069 13.6596
1355.99 402.463 1.2907 -1.14707 11.8623
1294.07 383.888 1.63373 -1.57223 14.2793
1312.65 321.97 1.19704 -1.47596 12.1474
1225.96 631.557 0.905161 -0.348383 12.2896
1263.11 569.64 1.17336 -0.583674 12.7559
1405.52 563.448 1.23795 -0.591225 11.2398
1752.26 724.433 1.35013 -0.298309 9.65679
1795.6 538.681 1.36076 -0.627412 9.50656
1659.39 619.174 1.25377 -0.490921 9.78324
1523.17 773.967 1.02106 -0.158727 9.84064
1510.78 185.752 1.77635 -1.89647 11.8231
1752.26 520.106 1.39698 -0.64753 9.73773
1758.45 365.313 1.43599 -0.971235 9.75217
1114.51 235.286 0.614304 -2.2017 13.704
1244.54 179.56 0.645653 -1.59959 10.6829
928.761 792.543 -0.197314 0.309733 12.5027
278.628 699.666 -3.44441 0.0962584 13.8624
278.628 538.681 -3.46858 -0.713761 13.8371
148.602 575.832 -4.02246 -0.559616 13.6801
340.546 687.283 -3.36846 0.0649681 14.3522
315.779 941.144 -1.8313 0.413602 10.8559
773.967 284.82 -1.94912 -3.47775 20.949
582.023 433.422 -3.68033 -1.79639 19.4808
1188.81 842.076 0.696322 0.366619 11.8786
260.053 490.386 -3.5105 -0.967311 13.7504
282.343 445.805 -4.01512 -1.30201 15.0751
1627.19 208.042 1.53189 -1.45395 10.4093
1627.19 453.235 1.30394 -0.829176 9.96505
1307.7 326.924 1.17586 -1.46361 12.0986
1352.28 274.913 1.44409 -1.7254 12.4661
1411.72 282.343 1.48558 -1.59528 11.8839
1434.01 237.763 1.38401 -1.59662 11.2693
1233.39 416.085 1.19131 -1.27268 13.588
1218.53 356.644 1.11677 -1.52975 13.0864
1538.03 468.095 1.22209 -0.796233 10.2748
1582.61 416.085 1.3115 -0.924309 10.2275
1523.17 430.945 1.31912 -0.915075 10.5743
1055.07 364.074 0.789131 -2.36661 18.6288
1003.06 341.784 0.153398 -2.05531 15.7691
1263.11 564.687 1.07221 -0.58404 12.3039
1515.74 594.407 1.21433 -0.514532 10.3425
1404.29 564.687 1.16911 -0.590448 11.0126
1760.93 557.256 1.30438 -0.596195 9.52198
1731.21 802.449 1.16056 -0.194676 9.37582
1062.5 683.568 0.530338 0.126303 15.606
1753.5 178.322 1.57769 -1.38734 9.98531
1478.59 527.536 1.18438 -0.676551 10.4931
1114.51 230.333 0.642165 -2.22252 13.8886
1374.57 208.042 1.39414 -1.86763 12.0146
1218.53 438.375 1.187 -1.19771 13.7164
586.977 542.396 -1.47979 -0.686671 12.249
913.901 705.858 -0.29194 0.152317 14.2098
780.159 549.826 -1.44628 -0.677937 17.2932
601.837 795.019 -1.38104 0.239612 12.0575
222.903 609.267 -3.64519 -0.375402 13.6805
319.494 326.924 -11.1181 -4.72522 29.963
185.752 230.333 -8.54347 -4.30275 21.8117
1328.5 320.98 1.46152 -1.56429 12.7555
1301.75 329.896 1.23749 -1.52332 12.4277
1355.25 401.225 1.298 -1.16585 11.9381
1292.84 436.889 1.06438 -1.02118 11.8006
1542.49 820.282 1.02553 -0.0849819 9.79946
1515.74 766.785 0.964207 -0.202018 9.79441
1150.18 517.134 0.932692 -0.843437 14.452
1078.85 445.805 0.87304 -1.50384 17.7296
1212.59 624.127 0.893826 -0.355728 12.4823
1159.09 570.631 1.02415 -0.5553 14.588
1382 722.204 0.991812 -0.182433 10.7375
1435.49 650.876 1.07179 -0.380406 10.5256
1497.91 650.876 1.319 -0.376057 10.8459
1560.32 543.882 1.25342 -0.641281 10.2803
1658.4 624.127 1.23842 -0.483358 9.70296
1729.72 802.449 1.17618 -0.195678 9.44982
1569.23 748.953 0.944912 -0.271904 9.45907
1061.02 677.624 0.535733 0.126466 15.3765
1310.67 543.882 1.15463 -0.656367 12.0436
1524.65 294.231 2.40327 -1.80071 13.1357
1417.66 276.399 1.45471 -1.59063 11.7911
1364.16 213.987 1.38932 -1.86938 12.121
1578.15 222.903 1.55707 -1.52477 10.8385
1729.72 526.05 1.38868 -0.647602 9.73906
1587.07 517.134 1.25712 -0.699344 10.1085
1578.15 419.057 1.70223 -0.998437 11.0337
1069.93 329.896 0.886693 -2.52376 18.3703
1283.92 222.903 1.25654 -2.03125 12.8284
1105.6 365.56 1.03204 -2.05409 17.0395
588.463 543.882 -1.3592 -0.665823 11.6551
909.443 704.372 -0.38092 0.153262 14.4226
597.379 793.533 -1.40236 0.222968 12.0747
338.812 677.624 -3.368 0.0366017 14.3588
490.386 820.282 -1.68124 0.235577 11.7515
436.889 820.282 -1.75829 0.206471 11.4958
775.701 410.141 -1.59324 -1.84318 17.9269
169.406 222.903 -8.96536 -4.48329 22.5364
517.134 258.567 -1.28802 -1.40559 10.7476
