1050 95 -78.1331 2.09045 -2.11234
1236 290 -72.9851 3.46324 -0.850696
1034 252 -76.6377 3.54984 -1.88758
1233 698 -71.5628 5.25507 -0.595846
1157 387 -73.2385 4.09866 -1.06786
1208 396 -72.6952 4.03745 -0.883185
1068 365 -74.66 4.23271 -1.49464
1001.65 246.1 -77.214 3.57142 -2.16882
1049.95 55.2 -78.1055 1.73887 -2.20537
1008.55 350.75 -75.8153 4.34976 -1.88667
1099.4 302.45 -74.7302 3.76994 -1.39886
1140.8 162.15 -74.7784 2.76985 -1.3933
1232.8 696.9 -71.5857 5.25885 -0.59136
1156.9 386.4 -73.2471 4.10056 -1.06759
1048.8 409.4 -74.3995 4.53954 -1.54597
1010.85 489.9 -74.7346 5.23066 -1.63791
1143.96 338.56 -73.6846 3.87424 -1.18116
1112.22 337.237 -74.2035 3.94202 -1.29459
1013.03 212.923 -77.0314 3.25153 -2.12513
1034.19 251.275 -76.3979 3.54114 -1.88745
1009.07 350.462 -75.9801 4.3562 -1.88834
1051.39 345.172 -75.0968 4.16778 -1.62127
1100.32 301.53 -74.4774 3.76183 -1.40604
1117.51 163.99 -75.3516 2.77579 -1.49926
1061.97 95.22 -77.9168 2.08192 -2.01702
1050.06 55.545 -78.0614 1.74445 -2.20366
1005.1 158.7 -78.2781 2.75102 -2.36079
1058 183.827 -77.057 2.93053 -1.85831
1195.54 539.58 -71.8719 4.65501 -0.876057
1207.44 394.105 -72.7927 4.04425 -0.87356
1120.88 263.111 -74.713 3.4631 -1.3408
1113.28 337.634 -74.2747 3.93934 -1.29759
1169.55 285.924 -73.6693 3.53423 -1.11681
1034.19 250.944 -76.2227 3.52227 -1.8775
1009.86 349.801 -75.8082 4.33891 -1.88232
1101.11 301.133 -74.8985 3.7565 -1.39642
1122.41 59.3141 -76.4226 1.89482 -1.62939
1058.53 184.026 -77.0051 2.93499 -1.85441
1195.41 539.911 -71.8372 4.65355 -0.882608
1250.16 626.6 -71.3331 4.85585 -0.663162
1026.59 527.744 -73.9701 5.30832 -1.49544
1128.49 381.74 -73.4906 4.15332 -1.19711
1207.57 393.907 -72.8018 4.04477 -0.87531
1219.74 453.221 -72.3727 4.27828 -0.80772
1046.36 413.678 -74.6291 4.60713 -1.55669
1011.38 488.201 -74.6053 5.19819 -1.64252
1063.09 512.535 -73.5987 5.05201 -1.34822
1101.87 227.371 -75.1003 3.2505 -1.50592
1031.91 293.833 -75.9182 3.87709 -1.83291
1194.57 68.2112 -75.284 2.02692 -1.18005
1180.58 157.411 -74.478 2.71771 -1.1854
1058.15 183.646 -76.5056 2.93966 -1.85055
1033.66 113.685 -78.4748 2.26907 -2.2186
1194.57 540.443 -71.9591 4.67363 -0.874776
1185.83 661.124 -71.9036 5.24254 -0.771767
1026.67 561.431 -74.0968 5.56847 -1.43606
1166.59 432.005 -73.012 4.30676 -0.991087
1156.09 388.279 -73.5059 4.12319 -1.04898
1128.11 383.032 -73.5284 4.16161 -1.19512
1215.56 370.789 -72.7389 3.89188 -0.869459
1163.09 470.483 -72.8861 4.51534 -0.962795
1194.57 510.71 -71.9661 4.53192 -0.90195
1219.06 452.993 -72.3253 4.27274 -0.811014
1045.91 414.514 -74.451 4.5864 -1.56077
1010.93 489.722 -74.544 5.18645 -1.63759
1077.39 484.475 -73.6082 4.85927 -1.29623
1104.23 635.589 -72.4119 5.40807 -1.06187
1078.09 573.237 -73.1839 5.29179 -1.20588
1192.73 68.3861 -75.4393 2.01016 -1.17697
1168.6 583.294 -71.773 4.86024 -0.948334
1184.69 659.725 -71.8856 5.24536 -0.765362
1218.88 587.316 -72.0232 4.87143 -0.695451
1218.88 452.555 -72.3403 4.26238 -0.802786
1045.91 458.589 -74.1484 4.84113 -1.49152
1003.67 496.805 -74.6527 5.26368 -1.67123
1198.77 227.283 -73.5492 3.15112 -1.05835
1228.94 168.954 -74.1754 2.74879 -0.925841
1202.79 124.704 -74.7072 2.45809 -1.07793
1013.72 267.51 -76.7043 3.71092 -2.02299
1011.71 211.192 -77.265 3.24174 -2.13545
1007.69 347.965 -75.7978 4.34219 -1.88387
1033.84 102.579 -77.9943 2.19458 -2.22157
1164.58 285.613 -73.8036 3.5276 -1.11619
1100.21 301.704 -74.3506 3.74177 -1.4012
1166.59 432.442 -72.8038 4.29201 -1.00938
1156.53 388.192 -73.263 4.10925 -1.0491
1126.36 382.158 -73.5523 4.15704 -1.21004
1218.98 587.517 -71.8506 4.85152 -0.722332
1168.1 582.891 -71.7687 4.85955 -0.962403
1003.87 481.117 -74.8331 5.19561 -1.6966
1193.54 511.186 -71.9357 4.53019 -0.902487
1218.98 451.047 -72.4371 4.28615 -0.799201
1177.35 451.047 -72.8121 4.37865 -0.935596
1184.29 659.222 -72.0332 5.28341 -0.745779
1061.69 513.499 -73.5432 5.04924 -1.34997
1202.79 124.905 -74.6438 2.46461 -1.08635
1029.31 293.759 -76.0231 3.87877 -1.83378
1101.02 300.698 -74.3506 3.74177 -1.4012
1216.67 340.02 -72.637 3.73809 -0.928225
1024.69 185.045 -77.9372 2.96349 -2.12338
1068.63 145.723 -76.8812 2.59213 -1.84894
1027 143.41 -78.4063 2.56211 -2.20077
1117.21 256.75 -74.9012 3.42367 -1.355
1140.34 97.1485 -75.6183 2.23682 -1.46994
1077.89 87.8963 -76.2715 2.20596 -1.89104
1126.46 381.655 -73.5347 4.15546 -1.20198
1045.5 210.489 -76.7198 3.17187 -1.90714
1103.33 633.779 -72.8537 5.51985 -1.02094
1064.01 516.044 -73.6628 5.0821 -1.33649
1204.99 391.023 -72.8047 4.02968 -0.889538
1183.71 579.884 -72.0625 4.88931 -0.859739
1191.69 539.984 -71.8292 4.65854 -0.894306
1197.01 226.102 -73.8474 3.14054 -1.03755
1029.43 292.602 -75.6856 3.86398 -1.84215
1101.25 300.582 -74.6334 3.74061 -1.40456
1202.33 127.681 -74.3887 2.49646 -1.11483
1008.15 345.803 -76.0619 4.36189 -1.89491
1005.49 308.562 -76.4495 4.04919 -1.98603
1194.35 510.724 -71.9386 4.53077 -0.912041
1218.29 452.203 -72.254 4.25984 -0.820189
1175.73 452.203 -72.8456 4.39012 -0.936799
1069.33 143.641 -76.1659 2.6348 -1.84162
1122.53 58.5204 -76.082 1.93822 -1.63455
1125.19 380.383 -73.58 4.15494 -1.21186
1186.37 335.162 -73.4462 3.78057 -0.973438
1167.75 284.622 -73.6421 3.52944 -1.11851
1077.31 87.7806 -76.9118 2.10642 -1.902
1077.31 571.904 -72.8159 5.22087 -1.22776
1103.91 633.085 -72.8219 5.51166 -1.02206
1194.35 66.5005 -75.4704 1.9867 -1.18801
1000.3 113.184 -79.0733 2.32699 -2.587
1214.43 339.551 -72.7137 3.74676 -0.914626
1202.2 321.197 -72.9479 3.67335 -0.963794
1165.49 284.489 -73.5224 3.53446 -1.1364
1101.25 177.423 -75.8131 2.86107 -1.57318
1101.25 299.784 -74.5417 3.74326 -1.39961
1052.3 419.086 -74.4311 4.61239 -1.51329
1049.24 373.201 -74.6516 4.32932 -1.59379
1033.95 385.437 -75.6618 4.52073 -1.62951
1064.54 91.7707 -77.3566 2.12275 -1.98977
1027.83 110.125 -78.0648 2.25947 -2.24007
1202.2 128.479 -74.3586 2.56175 -1.08569
1110.43 204.954 -74.9463 3.07479 -1.47121
1153.25 437.44 -73.0703 4.37757 -1.02746
1174.66 452.735 -72.6511 4.38224 -0.957689
1061.48 516.975 -73.1504 5.00268 -1.34736
1217.49 590.391 -71.7164 4.81205 -0.74898
1067.6 143.774 -76.1602 2.63879 -1.84611
1196.08 64.2395 -74.8047 2.06388 -1.21557
1167.93 436.217 -72.8876 4.33147 -1.00366
1037.77 386.966 -74.8955 4.46311 -1.65502
1203.11 323.645 -73.0116 3.68393 -0.966661
1055.36 218.108 -76.4227 3.23202 -1.80373
1016.67 228.662 -77.1629 3.37099 -2.10097
1044.81 207.555 -75.6379 3.18638 -1.88595
1104.61 299.019 -74.6107 3.74405 -1.39999
1111.65 267.359 -74.3572 3.51871 -1.40206
1132.76 218.108 -74.6082 3.13827 -1.36794
1101.1 235.698 -74.8956 3.32263 -1.49281
1079.99 485.467 -73.5262 4.83041 -1.30305
1062.4 517.128 -73.6239 5.07666 -1.3432
1189.04 541.753 -72.0037 4.71235 -0.894797
1196.08 66.8396 -74.7535 2.05274 -1.21065
1009.63 344.752 -76.0476 4.30432 -1.91779
1164.42 284.948 -74.0566 3.53434 -1.12313
1128.71 238.688 -75.0479 3.27734 -1.29553
1076.12 84.9567 -78.5359 1.95137 -1.96909
1157.03 392.419 -73.1582 4.11725 -1.04031
1120.62 380.282 -73.3934 4.13217 -1.22955
1059.94 517.831 -73.4877 5.05088 -1.34428
1104.44 594.697 -73.1939 5.36637 -1.02784
1148.94 153.731 -75.3322 2.66352 -1.30181
1157.03 133.503 -74.946 2.55533 -1.36615
1165.12 283.189 -73.2516 3.52272 -1.15694
1121.23 265.186 -74.9161 3.49445 -1.3381
1074.7 265.186 -74.8464 3.54237 -1.61546
1116.57 144.224 -75.5997 2.64058 -1.58436
1107.27 88.3954 -75.8102 2.17777 -1.6832
1070.05 88.3954 -76.2192 2.17604 -1.94206
1046.79 400.106 -74.4656 4.44465 -1.63612
1032.83 386.148 -74.4951 4.43529 -1.64958
1177.05 455.934 -72.7589 4.38581 -0.942402
1163.1 390.801 -73.1632 4.10947 -1.0704
1060.74 521.068 -73.3819 5.04261 -1.32575
1158.45 134.919 -75.2017 2.51536 -1.32488
1118.2 379.868 -74.1527 4.19529 -1.21977
1112.85 203.309 -75.1106 3.05779 -1.46619
1112.85 144.457 -75.4193 2.66096 -1.5422
1064.7 149.807 -75.8342 2.70573 -1.85083
1096.8 107.005 -76.5767 2.25036 -1.69176
1161 278.213 -73.6029 3.50898 -1.16451
1134.25 187.259 -74.593 2.92284 -1.41363
1000.5 438.72 -75.7254 5.04688 -1.80957
1037.95 390.568 -75.6722 4.55579 -1.6668
1166.35 444.071 -72.7901 4.33759 -0.988576
1166.35 395.918 -73.2799 4.15458 -1.02715
1155.65 133.756 -74.8826 2.53485 -1.34185
1075.4 262.162 -75.4296 3.53532 -1.59696
1064.7 524.324 -74.3975 5.25785 -1.31195
1156.72 135.361 -74.5793 2.58758 -1.33799
1113.65 141.514 -75.3734 2.66162 -1.5496
1132.11 184.584 -74.627 2.94315 -1.43974
1125.96 264.57 -74.9409 3.47247 -1.30853
1113.65 301.487 -74.1328 3.70292 -1.34185
1039.82 393.778 -75.4041 4.5648 -1.64091
1039.82 559.904 -73.9178 5.49682 -1.38271
1064.43 522.987 -73.512 5.1428 -1.32022
1033.67 178.431 -76.2709 2.88817 -1.99137
1039.82 147.667 -76.9034 2.69992 -1.9914
1076.74 264.57 -75.1005 3.54016 -1.57953
252.264 313.792 -71.9892 4.8773 -6.28415
252.264 141.514 -72.4353 3.90302 -6.75621
326.098 190.736 -72.3859 4.09854 -6.20327
627.584 289.181 -116.899 9.65019 -17.7132
455.306 239.959 -79.6708 5.00111 -8.63272
510.681 135.361 -85.5679 3.66004 -10.7448
498.376 129.208 -84.6868 3.68197 -10.4694
276.875 535.292 -72.4654 6.37137 -6.16819
159.972 590.667 -70.474 5.99295 -5.55513
338.403 381.473 -73.985 5.66308 -6.76051
172.278 479.917 -70.9059 5.58442 -5.88082
498.376 363.014 -87.6113 7.99354 -10.8714
412.237 436.848 -77.5773 6.9113 -7.72532
879.848 239.959 -81.7746 3.87248 -3.77093
867.543 326.098 -81.9554 5.12704 -3.6726
695.265 301.487 -91.3376 6.55959 -8.18515
732.182 356.862 -94.7214 7.85295 -7.85934
849.084 159.972 -84.0366 2.909 -4.72013
953.682 129.208 -83.5267 2.11915 -3.28634
639.89 578.362 -106.455 18.4022 -12.1541
676.806 449.153 -78.5557 6.67702 -5.06704
916.765 430.695 -77.3118 5.44377 -2.4796
498.376 166.125 -84.489 4.15043 -10.4285
283.028 246.111 -72.4596 4.51505 -6.47817
252.264 283.028 -72.3659 4.74352 -6.6117
332.25 596.82 -74.5795 7.59263 -6.74707
252.264 172.278 -73.5427 4.20122 -7.55383
203.042 166.125 -71.9732 4.08504 -6.80456
227.653 227.653 -71.8556 4.37458 -6.45018
178.431 313.792 -71.4714 4.83246 -6.37022
818.32 381.473 -84.4264 6.29715 -4.42665
639.89 116.903 -104.912 2.13042 -14.5412
278.213 208.66 -72.3692 4.27173 -6.43988
107.005 171.208 -72.8648 4.35549 -8.20245
545.725 326.365 -92.2308 7.87237 -11.8647
486.873 262.162 -80.8241 5.37528 -8.75764
486.873 315.665 -85.1544 6.74437 -10.3184
535.025 128.406 -85.0789 3.43807 -10.2545
181.908 615.279 -70.4765 6.08864 -5.42634
299.614 411.969 -72.1781 5.44732 -6.01823
133.756 411.969 -70.4383 5.15141 -5.82567
497.573 363.817 -83.6398 7.27363 -9.30468
834.639 235.411 -83.9442 4.08998 -4.60539
877.441 240.761 -79.6497 3.86252 -3.49495
866.74 326.365 -81.1813 4.9616 -3.59327
695.532 304.964 -78.1216 4.91052 -5.05401
732.984 358.467 -88.7843 7.04567 -6.69517
775.786 112.355 -97.4052 1.64977 -8.87268
802.537 197.959 -87.7034 3.62943 -5.8188
642.03 117.705 -93.6273 2.63924 -10.9158
979.096 358.467 -76.1781 4.50388 -2.08298
941.644 187.259 -78.9104 3.10299 -2.96943
765.086 572.477 -76.9433 7.1082 -3.51246
872.091 369.167 -80.4762 5.34403 -3.36832
551.076 203.309 -112.762 6.33092 -20.3124
465.472 214.01 -80.8623 4.81816 -9.1536
513.624 235.411 -84.6016 5.26878 -9.94695
310.314 508.274 -73.3493 6.4776 -6.45265
256.812 342.416 -72.0537 5.06123 -6.27068
197.959 165.858 -71.5045 4.01497 -6.38639
385.218 411.969 -76.6242 6.5281 -7.6286
304.964 240.761 -72.1962 4.42793 -6.16812
321.015 283.563 -72.3577 4.68161 -6.09305
337.066 486.873 -73.3883 6.29722 -6.28544
171.208 481.522 -70.7712 5.53815 -5.77716
946.994 374.517 -77.7292 4.86492 -2.42008
963.045 411.969 -75.8704 4.93349 -2.08284
330.32 297.753 -72.379 4.72332 -6.00668
255.881 144.224 -72.3492 3.89257 -6.70101
381.496 358.234 -75.4751 5.75191 -7.17858
837.43 232.62 -84.3879 4.04459 -4.64784
883.954 218.662 -82.1256 3.65419 -3.81479
697.859 302.405 -91.3376 6.55959 -8.18515
730.425 358.234 -94.846 7.93679 -7.91832
851.387 158.181 -83.9258 2.94518 -4.71453
925.826 316.363 -78.5665 4.45433 -2.74756
953.74 134.919 -79.8111 2.47783 -3.04467
823.473 535.025 -78.3257 6.96572 -3.20516
655.987 521.068 -78.4757 7.41407 -5.04115
767.644 572.244 -76.2095 6.85926 -3.45541
832.778 418.715 -82.2109 6.42853 -3.82802
851.387 469.891 -85.7259 7.67411 -3.76292
428.02 158.181 -76.5934 3.94468 -7.69172
469.891 167.486 -82.1383 4.20252 -9.82054
97.7002 251.229 -70.2307 4.39184 -5.99014
246.577 181.443 -72.0568 4.05827 -6.53988
260.534 158.181 -72.4316 3.98347 -6.68378
279.143 209.358 -72.2712 4.25833 -6.39169
148.876 195.4 -72.3948 4.3604 -7.53674
204.705 204.705 -71.9161 4.30119 -6.61597
325.667 190.748 -72.9084 4.09283 -6.47116
227.967 302.405 -71.6356 4.77241 -6.23197
269.839 293.101 -72.3373 4.77959 -6.41084
334.972 488.501 -73.4573 6.30739 -6.35012
865.345 325.667 -83.954 5.21132 -3.93758
851.387 339.625 -80.9503 5.18754 -3.61601
525.72 200.053 -86.0608 4.75792 -10.4734
446.629 339.625 -79.4126 6.26105 -8.37479
381.496 548.982 -75.9267 7.62178 -7.06509
288.448 227.967 -72.2994 4.36423 -6.31623
227.967 227.967 -71.9264 4.40461 -6.48322
181.443 390.801 -71.4618 5.25042 -6.27138
181.443 418.715 -70.6079 5.1544 -5.69927
176.791 530.372 -70.7266 5.78437 -5.70825
623.016 291.28 -114.983 9.46642 -17.1194
457.148 80.9111 -81.3996 3.07727 -9.82412
113.276 558.287 -70.3201 5.85414 -5.73561
590.651 534.014 -78.3499 7.68772 -5.73665
360.055 570.424 -73.2488 6.77932 -5.89944
849.567 153.731 -83.771 2.88863 -4.66391
898.114 534.014 -77.2478 6.45499 -2.3594
748.428 513.786 -78.175 6.98162 -4.05503
675.608 631.107 -75.6975 7.38015 -4.04471
849.567 469.285 -81.7812 6.89117 -3.4241
655.38 424.783 -84.6668 7.75203 -6.81638
732.246 360.055 -91.3211 7.39515 -7.2587
501.649 238.688 -82.6623 5.16272 -9.34709
351.963 279.143 -74.5665 4.95127 -7.11793
360.055 368.146 -74.8875 5.75097 -7.02925
226.551 303.417 -71.4211 4.72817 -6.08407
198.232 178.005 -72.0139 4.15042 -6.7724
80.9111 250.825 -69.9356 4.33745 -5.79208
517.831 157.777 -83.9119 3.99475 -9.86214
449.057 287.235 -79.1659 5.53384 -8.38105
489.512 315.553 -82.5788 6.34209 -9.26075
469.285 165.868 -82.2017 4.1994 -9.87201
485.467 202.278 -83.929 4.79561 -10.2883
279.143 210.369 -72.2061 4.23946 -6.34164
469.285 214.415 -80.9953 4.7798 -9.17008
489.512 262.961 -82.1617 5.5435 -9.28711
283.189 380.282 -72.6814 5.42911 -6.45136
287.235 416.692 -73.3961 5.82495 -6.73653
380.282 356.009 -75.3882 5.71603 -7.16387
291.28 149.686 -72.0144 3.87935 -6.2305
323.645 169.913 -71.7453 3.92953 -5.82418
214.415 222.506 -71.2316 4.28486 -6.09712
178.005 525.922 -71.0516 5.90306 -5.92225
288.466 84.429 -72.2898 3.50563 -6.47408
112.572 70.3575 -70.5277 3.59568 -6.26405
626.182 291.984 -107.833 8.70319 -15.0952
496.02 73.8754 -82.9411 2.82007 -10.0492
351.788 70.3575 -73.909 3.304 -7.05177
274.394 538.235 -72.3178 6.31216 -6.09025
112.572 559.342 -70.6088 5.96045 -5.94784
527.681 594.521 -75.2977 7.37037 -5.30734
981.487 253.287 -77.9484 3.66383 -2.36493
995.559 337.716 -75.8057 4.25344 -2.00322
960.38 123.126 -77.7382 2.51607 -2.85257
956.862 137.197 -79.8068 2.53568 -3.03094
763.379 569.896 -77.216 7.17987 -3.56956
875.951 369.377 -78.4782 5.14722 -3.07683
851.326 471.395 -80.1402 6.61987 -3.20229
914.648 453.806 -78.1922 5.82173 -2.50526
200.519 179.412 -71.3206 4.09392 -6.30096
362.341 369.377 -74.7863 5.70432 -7.01239
137.197 73.8754 -70.6838 3.58726 -6.24511
552.306 133.679 -94.1724 3.59335 -13.4746
527.681 200.519 -86.2132 4.78359 -10.4716
492.503 316.609 -83.1628 6.41312 -9.47075
446.77 337.716 -80.0162 6.30334 -8.70647
323.645 168.858 -72.7179 3.93813 -6.40289
291.984 228.662 -72.2565 4.36386 -6.29156
323.645 302.537 -72.1386 4.729 -5.89052
123.126 249.769 -70.5888 4.40945 -6.09703
467.877 165.34 -80.5274 4.12374 -9.11776
291.984 418.627 -73.2347 5.78103 -6.64348
309.573 510.092 -72.6238 6.21418 -6.0501
960.38 394.002 -77.2297 4.96953 -2.21744
242.733 439.734 -71.9814 5.63933 -6.22782
401.038 214.59 -76.4346 4.55021 -7.75795
218.108 225.144 -71.7487 4.36237 -6.45484
865.397 320.127 -81.8212 4.98955 -3.67498
925.201 316.609 -79.3023 4.5245 -2.81672
225.144 302.537 -71.5043 4.74226 -6.13787
890.023 218.108 -80.4123 3.59061 -3.59677
837.254 235.698 -82.2954 3.97578 -4.3572
499.538 327.162 -84.595 6.826 -9.86045
408.074 144.233 -76.0953 3.863 -7.63843
260.323 158.304 -72.3435 3.97975 -6.6289
260.323 172.376 -73.3694 4.16906 -7.25929
189.965 334.198 -70.9544 4.83658 -5.96143
617.923 91.7707 -95.6313 2.22399 -12.4987
336.492 596.509 -74.3019 7.50405 -6.59931
174.364 477.207 -71.24 5.7435 -6.15449
572.037 590.391 -76.2257 7.57497 -5.19726
501.68 382.378 -83.1088 7.38723 -9.08584
547.565 452.735 -81.613 7.86857 -7.52809
379.319 449.676 -75.74 6.64352 -7.16853
795.346 339.551 -89.9777 6.47906 -5.73544
709.693 94.8297 -96.2647 1.83395 -10.3045
978.887 250.84 -77.9047 3.66774 -2.3622
954.415 140.715 -79.5788 2.58804 -2.96517
669.926 532.27 -78.5537 7.51153 -4.90027
853.467 471.089 -80.778 6.73009 -3.27752
676.044 446.617 -82.7688 7.58272 -6.06665
495.562 159.069 -82.6161 4.04875 -9.68446
532.27 201.895 -86.3113 4.78063 -10.4628
253.899 64.2395 -72.1745 3.43162 -6.63273
449.676 287.548 -79.6107 5.59813 -8.59808
489.444 318.138 -81.1525 6.13627 -8.66393
443.558 244.722 -79.0224 4.95298 -8.49987
360.965 367.083 -75.1324 5.7862 -7.16451
458.853 171.305 -80.1307 4.22883 -9.03378
324.256 186.6 -72.9082 4.07676 -6.48164
134.597 70.3575 -72.5922 3.63255 -7.88307
936.061 409.909 -77.6129 5.2237 -2.37928
997.241 434.381 -75.4121 4.977 -1.81585
923.825 315.079 -79.0527 4.50662 -2.78606
290.607 232.486 -72.3945 4.39035 -6.3478
324.256 272.253 -72.68 4.63685 -6.25318
287.548 85.6526 -71.905 3.48809 -6.23941
321.197 94.8297 -72.791 3.50798 -6.54817
345.67 211.073 -74.4103 4.4057 -7.20117
290.607 416.027 -72.8746 5.68768 -6.44466
256.958 385.437 -72.4636 5.42052 -6.46258
241.663 437.44 -72.2739 5.7885 -6.42564
388.496 180.482 -75.4658 4.17153 -7.44075
223.309 299.784 -71.7048 4.76841 -6.28374
238.604 324.256 -71.3641 4.81956 -5.96449
140.715 406.85 -70.5961 5.14976 -5.91692
856.526 364.024 -82.0985 5.59549 -3.67988
844.29 409.909 -81.6526 6.12993 -3.6098
547.565 357.906 -93.2776 8.7758 -12.033
492.503 61.1805 -81.6824 2.66104 -9.65004
526.152 100.948 -93.1209 2.90926 -13.7816
412.968 61.1805 -78.3117 3.05379 -8.927
244.722 639.336 -71.5518 6.67841 -5.70764
189.659 336.492 -71.0454 4.85434 -5.99738
201.895 180.482 -71.3379 4.08012 -6.32875
256.958 195.777 -72.2638 4.21366 -6.58086
529.344 593.184 -75.2517 7.35221 -5.28224
574.564 593.184 -76.0148 7.4868 -5.11198
497.424 361.763 -84.0527 7.25622 -9.55502
593.184 492.104 -79.9191 7.6911 -6.27308
795.346 340.483 -89.9777 6.47906 -5.73544
840.566 582.544 -76.3293 6.75172 -2.75529
904.407 539.984 -85.217 8.49176 -2.57034
672.985 558.604 -77.4338 7.38792 -4.60676
853.866 473.483 -80.778 6.73009 -3.27752
771.406 367.083 -86.9736 6.70007 -5.57525
986.867 643.725 -74.6861 6.37027 -1.51294
532.004 202.161 -86.177 4.77753 -10.3905
255.362 66.5005 -72.0356 3.42905 -6.57406
377.723 369.743 -75.1545 5.78047 -7.08267
367.083 332.502 -75.7127 5.57609 -7.52151
289.942 234.082 -72.107 4.35273 -6.18831
324.522 271.322 -72.9026 4.67901 -6.38856
449.543 287.282 -79.4019 5.58123 -8.5022
247.382 207.482 -72.1977 4.293 -6.59712
247.382 242.062 -72.6018 4.54739 -6.77188
122.361 252.702 -70.3417 4.37639 -5.91354
422.943 50.5404 -77.7211 2.89425 -8.54669
321.862 95.7607 -72.5761 3.50801 -6.43915
994.847 122.361 -78.9664 2.33769 -2.56804
941.647 183.541 -78.4157 3.13723 -2.90626
864.506 319.202 -81.9935 4.95513 -3.71298
925.687 319.202 -79.1181 4.52175 -2.78656
856.526 364.423 -82.2905 5.61377 -3.68351
803.326 199.501 -89.3529 3.72787 -6.13925
151.621 140.981 -71.1906 3.94608 -6.54591
289.942 414.963 -72.7784 5.65347 -6.40631
303.242 420.283 -72.5753 5.60285 -6.1773
332.502 186.201 -73.6259 4.15605 -6.87232
242.062 438.903 -72.1522 5.70622 -6.31623
263.342 156.941 -72.3435 3.97975 -6.6289
952.287 332.502 -76.7481 4.41461 -2.36944
957.607 119.701 -79.8616 2.3872 -3.05108
646.385 93.1007 -95.3636 2.11453 -11.6415
308.562 478.804 -72.9704 6.132 -6.29643
391.023 180.881 -74.9711 4.13345 -7.17944
345.803 212.802 -75.1529 4.49284 -7.6156
399.003 215.462 -76.4517 4.55172 -7.79201
194.181 335.162 -71.1832 4.88121 -6.06791
236.742 327.182 -71.9483 4.9462 -6.31962
917.707 263.342 -80.2741 4.02179 -3.09522
869.826 417.623 -80.3427 5.96622 -3.1964
114.381 66.5005 -70.5602 3.57756 -6.28307
941.647 228.762 -79.1462 3.54818 -2.87942
981.547 250.042 -78.1438 3.66989 -2.35728
492.104 61.1805 -83.9182 2.59857 -10.6115
595.844 55.8604 -93.4463 1.56547 -12.4543
603.824 77.1406 -95.5984 1.94575 -12.8658
80.9571 441.795 -69.7804 5.09936 -5.54138
594.457 490.369 -79.5887 7.60193 -6.17407
661.535 425.603 -85.42 7.88964 -6.95994
969.172 673.101 -74.8813 6.74187 -1.54232
532.004 201.236 -86.8772 4.82656 -10.6012
543.569 138.784 -91.1048 3.68869 -12.4207
552.821 189.671 -89.9242 4.69457 -11.504
365.464 330.768 -75.6406 5.54554 -7.4729
448.734 289.133 -78.8415 5.50948 -8.26501
446.421 333.081 -78.9315 6.05203 -8.2346
425.603 411.725 -77.6002 6.70668 -7.656
488.056 319.202 -82.1701 6.35288 -9.10684
411.725 425.603 -76.7828 6.64149 -7.3849
247.497 208.175 -72.2516 4.29425 -6.62383
247.497 240.558 -72.3993 4.51312 -6.65582
474.177 212.802 -81.6485 4.82208 -9.42408
291.446 87.8963 -71.9815 3.50301 -6.27389
321.515 97.1485 -72.5779 3.52801 -6.4306
920.598 349.272 -78.6348 4.8087 -2.72254
457.986 173.48 -79.6309 4.19643 -8.78688
323.828 272.941 -72.6796 4.65518 -6.26229
804.945 245.184 -90.9479 4.61754 -6.18437
425.603 46.2612 -77.8607 2.87346 -8.57648
416.351 108.714 -77.4539 3.53002 -8.3435
291.446 400.159 -72.8286 5.58505 -6.42749
303.011 420.977 -72.9867 5.72566 -6.40683
305.324 508.873 -72.7022 6.23804 -6.11747
955.294 141.097 -79.5788 2.58804 -2.96517
224.367 300.698 -73.1998 5.10686 -7.34059
194.297 335.394 -70.8799 4.81241 -5.86297
407.099 145.723 -76.308 3.87158 -7.7613
263.689 157.288 -72.3623 3.98027 -6.63775
335.394 180.419 -73.4658 4.11505 -6.77166
980.738 367.777 -76.3755 4.60576 -2.06576
397.846 215.115 -76.0709 4.52172 -7.60713
855.832 363.151 -82.2829 5.59757 -3.68527
948.355 259.063 -78.7803 3.85928 -2.66179
980.738 249.811 -77.5822 3.64854 -2.33265
259.063 386.281 -72.4326 5.42924 -6.44429
87.8963 201.236 -69.9505 4.12813 -5.81991
78.6441 254.437 -69.8046 4.31862 -5.70263
952.981 291.446 -77.7584 4.11184 -2.50109
878.963 215.115 -82.6688 3.60033 -3.93775
825.763 157.288 -90.3243 2.78934 -6.03673
853.519 152.662 -84.4208 2.81018 -4.71331
969.172 46.2612 -80.3884 1.5201 -3.1361
874.337 370.09 -80.5412 5.43365 -3.26758
936.789 409.412 -77.1732 5.16676 -2.3609
168.853 309.95 -70.905 4.71731 -6.06283
818.823 300.698 -85.337 5.16002 -4.85028
795.693 340.02 -89.6447 6.43344 -5.68972
710.11 97.1485 -95.9304 1.84699 -10.1792
256.75 196.61 -72.6461 4.24646 -6.80944
173.48 476.49 -71.204 5.73225 -6.12088
171.166 504.247 -70.8561 5.72342 -5.84471
397.846 527.378 -76.6363 7.64878 -7.25129
340.02 599.083 -73.9908 7.4293 -6.44159
606.022 76.331 -92.1911 2.0362 -11.7161
615.274 92.5224 -94.2802 2.24384 -12.0766
501.934 57.8265 -89.5012 2.25318 -12.9655
504.247 402.473 -85.0311 8.14443 -9.69401
730.927 60.1396 -95.7281 0.907567 -9.78855
717.049 85.5832 -95.7024 1.54168 -10.0299
779.501 115.653 -114.015 1.15782 -12.1909
740.179 527.378 -78.6866 7.24381 -4.16316
673.101 557.448 -77.3408 7.36355 -4.57625
78.6441 400.159 -69.7948 4.93722 -5.58862
723.988 636.092 -75.497 7.24863 -3.55246
728.614 360.837 -96.165 8.12042 -8.29073
298.385 647.657 -72.8793 7.31839 -6.0652
899.781 562.074 -78.483 7.04779 -2.34769
904.407 538.943 -78.3551 6.75091 -2.3861
915.972 457.986 -77.6177 5.74502 -2.47123
853.519 474.177 -80.3799 6.68347 -3.20149
543.066 136.772 -91.1048 3.68869 -12.4207
557.146 164.931 -93.5274 4.26416 -12.9288
398.249 295.669 -76.4029 5.2939 -7.61033
366.067 329.863 -74.7011 5.34084 -6.96578
448.533 289.635 -79.2365 5.57458 -8.45014
191.079 42.2385 -71.4646 3.37878 -6.58514
356.01 50.2839 -75.3808 3.08397 -7.90498
128.727 203.147 -70.3302 4.14972 -5.92688
454.567 402.271 -79.3479 6.95729 -8.11918
502.839 315.783 -83.9787 6.4918 -9.60638
422.385 215.215 -78.4263 4.70528 -8.51792
474.68 213.204 -81.9474 4.8446 -9.5154
420.374 118.67 -77.444 3.61638 -8.2624
460.601 162.92 -78.6006 4.01828 -8.26515
289.635 235.329 -72.471 4.40898 -6.4124
392.215 183.033 -76.0669 4.23086 -7.71824
426.408 46.2612 -76.5505 2.91518 -7.89719
452.555 66.3748 -79.1372 2.97371 -8.85437
458.589 80.4543 -80.5004 3.06642 -9.38458
343.942 213.204 -74.4101 4.42054 -7.20145
398.249 215.215 -77.145 4.61774 -8.13209
201.136 199.124 -71.377 4.18987 -6.31283
955.395 140.795 -79.4894 2.60795 -2.94409
842.759 406.294 -82.3391 6.23098 -3.72529
802.531 201.136 -88.4502 3.71914 -5.9446
838.736 235.329 -84.5131 4.0755 -4.63597
806.554 245.386 -91.3191 4.64269 -6.19554
937.292 408.305 -77.3269 5.17745 -2.35973
358.022 466.635 -74.0402 6.30627 -6.48456
925.224 319.806 -78.7818 4.50892 -2.7395
241.363 440.487 -71.8672 5.61663 -6.15029
953.383 386.181 -77.2631 4.91471 -2.30015
981.542 368.078 -76.5693 4.62306 -2.06968
967.463 418.362 -76.6629 5.09664 -2.08627
997.633 432.442 -75.6848 4.99237 -1.80799
953.383 335.897 -78.0586 4.54482 -2.41023
975.508 237.34 -77.9485 3.54562 -2.41898
949.361 259.465 -78.7345 3.87205 -2.65775
263.488 156.886 -72.7609 3.9976 -6.88381
333.885 179.011 -73.2399 4.08057 -6.66616
796.497 339.919 -90.6273 6.55135 -5.86427
852.815 154.874 -83.8363 2.81489 -4.61674
878.963 215.215 -80.7412 3.58001 -3.71168
937.292 227.283 -79.0746 3.53844 -2.86015
887.008 243.374 -80.2747 3.9241 -3.46545
931.258 239.351 -80.0442 3.70524 -2.96727
738.168 132.75 -121.786 1.76434 -15.3796
941.315 183.033 -78.4004 3.10356 -2.9253
38.2158 543.066 -69.3181 5.3631 -5.29446
490.771 60.3407 -83.6683 2.60151 -10.4904
522.953 92.5224 -88.2626 2.87816 -11.8559
516.919 530.998 -77.8502 7.77621 -6.45758
492.782 589.328 -74.7909 7.24446 -5.43953
530.998 593.35 -75.3677 7.38897 -5.30551
633.577 530.998 -78.0036 7.42954 -5.15096
615.475 92.5224 -94.891 2.2498 -12.2931
440.487 478.703 -78.6012 7.67335 -7.78996
454.567 458.589 -79.8336 7.77948 -8.17237
414.34 508.873 -75.0859 6.86129 -6.42315
661.736 58.3294 -95.5415 1.21303 -11.5207
710.009 96.5451 -96.1373 1.83728 -10.2069
70.3975 187.056 -69.8725 4.07453 -5.83931
945.338 623.521 -76.2924 6.83406 -1.77623
987.576 645.646 -74.726 6.4116 -1.49156
969.474 675.816 -75.2799 6.86013 -1.54415
748.225 535.021 -78.895 7.34263 -4.08949
301.704 647.657 -72.9251 7.3578 -6.08272
905.111 541.055 -77.3195 6.49991 -2.33105
939.304 583.294 -75.804 6.39358 -1.9107
732.134 60.3407 -97.2158 0.827303 -10.1489
716.043 84.477 -94.2766 1.60577 -9.62657
728.111 362.044 -95.7362 8.12993 -8.23627
601.396 156.886 -94.8046 3.93325 -12.2858
54.3066 313.772 -69.7445 4.57822 -5.70718
854.827 474.68 -80.4321 6.70105 -3.19724
613.464 430.43 -134.682 20.0349 -22.1782
623.521 293.658 -118.139 9.91125 -18.0547
671.793 446.521 -82.9692 7.60635 -6.12284
661.736 364.056 -92.5103 8.1371 -9.01373
665.759 434.453 -84.057 7.67539 -6.52795
414.34 565.191 -75.1987 7.44578 -6.38887
627.543 667.771 -74.0586 7.18047 -3.98525
915.167 456.578 -78.566 5.92734 -2.48243
396.237 106.602 -76.745 3.53974 -8.18314
504.851 227.283 -83.647 5.08692 -9.73317
494.794 160.909 -83.6659 4.09262 -10.124
504.851 187.056 -84.4035 4.53551 -10.2207
446.521 333.885 -79.1612 6.07572 -8.31206
968.949 675.116 -74.7035 6.67688 -1.55366
729.336 473.981 -81.596 7.41413 -4.94635
671.618 445.997 -83.0756 7.62935 -6.15649
727.587 362.044 -95.1116 8.04038 -8.04875
916.479 459.989 -76.8082 5.60911 -2.40666
858.762 473.981 -80.2283 6.63725 -3.13487
816.786 515.957 -79.7695 7.14935 -3.48764
872.754 376.036 -80.9795 5.50008 -3.29765
937.467 409.267 -77.518 5.21011 -2.37584
802.794 426.758 -85.9787 7.35438 -4.69516
844.77 405.769 -82.8139 6.30521 -3.76608
748.575 535.196 -78.8283 7.33149 -4.08503
940.965 584.168 -75.5273 6.29397 -1.92635
806.292 578.921 -76.8537 6.99749 -3.1385
956.706 141.669 -79.3321 2.63363 -2.92371
977.694 236.116 -77.9392 3.54589 -2.41848
783.555 115.434 -109.245 1.25401 -10.9439
732.834 61.2152 -96.5562 0.876642 -9.94707
718.842 85.7013 -95.8793 1.5341 -10.0185
661.124 57.7172 -97.1164 0.964252 -12.0824
648.881 94.4463 -95.5357 2.10737 -11.6497
942.714 181.897 -78.4004 3.10356 -2.9253
853.515 153.913 -83.7855 2.82536 -4.60545
820.284 302.578 -85.1318 5.17603 -4.79321
864.009 318.319 -82.42 4.99454 -3.78558
879.75 215.128 -82.0581 3.58867 -3.85081
919.977 262.351 -79.8204 3.98669 -3.01504
440.75 479.228 -78.926 7.77302 -7.92133
456.491 459.989 -80.0287 7.831 -8.23248
356.797 466.985 -74.1585 6.34105 -6.54604
411.016 376.036 -77.3094 6.25908 -7.75967
505.463 377.785 -84.9488 7.73122 -9.75968
578.921 591.164 -75.45 7.27151 -4.89351
454.742 111.936 -78.2513 3.46508 -8.30855
452.993 66.4622 -79.6334 2.97279 -9.09575
636.638 113.685 -96.2522 2.62341 -12.0791
543.941 138.171 -91.1048 3.68869 -12.4207
447.746 334.06 -78.8416 6.01962 -8.16443
398.773 295.582 -75.7826 5.20151 -7.29741
423.259 216.877 -78.7842 4.7349 -8.69602
372.538 246.61 -74.832 4.71218 -7.13371
501.965 314.821 -83.9787 6.4918 -9.60638
493.22 325.315 -83.8217 6.66589 -9.68021
264.1 157.411 -72.481 3.97838 -6.70048
295.582 57.7172 -72.2652 3.31555 -6.45047
166.156 309.574 -70.9008 4.7162 -6.06068
76.9563 251.857 -69.7855 4.31613 -5.68789
311.323 344.554 -73.5455 5.32784 -6.78876
255.355 195.889 -72.5379 4.23929 -6.74515
251.857 272.845 -72.4131 4.70202 -6.59856
503.714 227.371 -84.1778 5.12369 -9.97546
377.785 129.426 -74.9291 3.73798 -7.33364
557.933 166.156 -93.5612 4.27951 -12.9018
201.136 199.387 -71.3935 4.19343 -6.32351
152.164 230.869 -70.7586 4.31941 -6.08778
501.965 267.598 -84.5589 5.8131 -10.0185
494.969 160.909 -83.3805 4.07862 -10.0025
493.22 174.901 -82.3315 4.23054 -9.55678
470.483 384.781 -82.1244 7.38088 -9.14298
421.51 118.932 -77.2474 3.61999 -8.15799
355.048 248.359 -74.5015 4.69318 -7.10371
726.978 361.968 -95.1116 8.04038 -8.04875
661.581 363.489 -94.2172 8.39034 -9.44792
859.294 472.992 -80.3735 6.65938 -3.16497
803.022 425.845 -86.0555 7.37473 -4.70211
844.086 404.553 -82.5546 6.25652 -3.74527
679.831 626.6 -110.533 21.1643 -10.7898
748.271 535.348 -78.4581 7.23415 -3.98894
906.441 541.432 -78.4036 6.76726 -2.36367
912.525 547.515 -78.1264 6.75546 -2.28544
941.422 584.016 -76.3463 6.52542 -1.92205
844.086 577.932 -76.9107 6.90299 -2.78338
956.63 142.962 -79.4403 2.6169 -2.93684
953.589 336.113 -77.6363 4.51484 -2.38213
950.547 261.59 -78.6691 3.86145 -2.65008
783.251 115.587 -110.155 1.2179 -11.1096
734.583 60.835 -94.1854 0.995748 -9.32527
660.06 57.7933 -92.0182 1.40658 -10.4235
669.185 83.6481 -95.5101 1.75411 -11.1954
942.943 180.984 -78.1589 3.08815 -2.89436
810.626 180.984 -88.7752 3.33097 -5.99156
853.211 153.608 -84.2085 2.81412 -4.67685
793.897 337.634 -90.6273 6.55135 -5.86427
793.897 252.465 -90.5546 4.80191 -6.31161
795.418 337.634 -90.9023 6.55273 -5.93431
879.066 214.443 -82.0581 3.58867 -3.85081
441.054 479.076 -78.0773 7.53433 -7.53718
603.787 486.68 -80.5114 7.76981 -6.31447
635.726 112.545 -96.2522 2.62341 -12.0791
527.744 89.7316 -88.0832 2.84154 -11.6943
454.742 328.509 -79.4694 6.05654 -8.36358
372.614 302.654 -75.1086 5.20481 -7.18447
264.632 156.65 -72.4827 3.96752 -6.70301
139.921 302.654 -70.3818 4.5914 -5.82927
60.835 314.821 -69.6826 4.55988 -5.64167
311.779 343.718 -73.3836 5.28782 -6.6807
179.463 307.217 -70.9818 4.71071 -6.06612
222.048 299.612 -71.4556 4.72096 -6.1296
284.404 222.048 -72.3655 4.33216 -6.40308
253.986 272.237 -72.3754 4.69355 -6.57893
459.304 193.151 -79.7905 4.46277 -8.79317
372.614 142.962 -75.2592 3.88451 -7.53227
406.074 144.483 -76.197 3.85826 -7.71685
447.137 288.966 -79.0388 5.55598 -8.36952
503.41 185.547 -83.7492 4.48385 -9.92131
422.803 147.525 -76.7577 3.88691 -7.83508
351.322 331.551 -74.7032 5.39452 -7.10619
202.276 199.235 -71.4634 4.19825 -6.36854
501.889 266.153 -84.3984 5.79565 -9.9619
444.095 261.59 -78.7323 5.21099 -8.30621
442.575 409.115 -76.9191 6.44093 -7.13494
413.678 425.845 -76.3649 6.54438 -7.19557
264.632 98.8569 -72.5501 3.61005 -6.82375
806.064 243.34 -90.9756 4.6021 -6.14462
804.543 258.549 -88.6127 4.77924 -5.75243
501.889 314.821 -83.7199 6.47175 -9.52682
453.221 66.9185 -79.1924 2.95647 -8.89665
544.473 136.879 -90.4053 3.64506 -12.1646
555.119 133.837 -94.2257 3.58589 -13.3843
492.763 104.94 -83.0388 3.29183 -10.071
504.93 361.968 -83.9253 7.2358 -9.41066
982.617 368.978 -76.2499 4.60493 -2.05375
727.375 362.365 -95.1116 8.04038 -8.04875
858.302 473.455 -80.3735 6.65938 -3.16497
936.33 408.652 -77.0212 5.13121 -2.35054
905.912 542.225 -77.8074 6.62674 -2.33669
941.62 584.545 -76.5313 6.57688 -1.9209
804.08 576.61 -77.2241 7.11184 -3.18356
845.078 576.61 -77.1287 6.96505 -2.79762
956.167 142.83 -79.4403 2.6169 -2.93684
954.845 337.237 -77.3417 4.48955 -2.3653
784.242 115.058 -110.155 1.2179 -11.1096
720.763 85.9625 -95.4071 1.545 -9.86703
659.927 58.19 -92.2761 1.39889 -10.5175
942.943 181.182 -77.9597 3.10924 -2.87361
794.823 338.56 -90.9023 6.55273 -5.93431
862.27 317.4 -82.6391 5.01263 -3.80543
888.72 247.307 -79.7488 3.90252 -3.4011
441.715 480.068 -77.6574 7.40756 -7.34988
448.327 515.775 -76.719 7.43751 -6.79462
494.615 503.872 -78.1773 7.65593 -6.87162
120.347 509.163 -70.3938 5.61539 -5.77235
290.95 412.62 -72.9816 5.71319 -6.49055
447.005 331.948 -79.1411 6.06874 -8.29158
550.16 349.14 -92.9028 8.52884 -11.9389
280.37 298.885 -72.5188 4.83987 -6.43777
198.375 337.237 -71.1956 4.90483 -6.06546
309.465 236.727 -72.6153 4.41713 -6.35799
501.228 314.755 -83.2444 6.39584 -9.34923
460.23 193.085 -80.4644 4.47562 -9.11721
494.615 199.697 -83.1851 4.6796 -9.8047
523.71 194.408 -85.69 4.64319 -10.4236
501.228 265.823 -84.2953 5.78191 -9.93586
428.49 279.047 -79.0201 5.47732 -8.60839
445.682 264.5 -79.3291 5.29695 -8.56603
495.938 160.022 -82.679 4.03695 -9.67961
493.293 174.57 -83.0442 4.28761 -9.84684
409.975 412.62 -76.7011 6.50059 -7.41281
412.62 427.168 -76.5374 6.58956 -7.27525
543.547 108.445 -91.6759 3.04278 -12.7847
544.87 112.412 -97.0214 3.07552 -14.8755
543.547 136.217 -90.4053 3.64506 -12.1646
383.525 245.985 -76.1575 4.83136 -7.7381
469.487 391.46 -80.3039 6.98564 -8.37588
806.725 243.34 -91.0173 4.61206 -6.14818
804.08 259.21 -89.0525 4.79127 -5.81741
498.582 137.54 -85.2755 3.74475 -10.8749
453.617 67.4475 -79.434 2.95099 -9.00365
421.878 120.347 -77.4879 3.63519 -8.28006
506.517 376.913 -86.0821 7.92108 -10.1612
501.228 387.492 -84.838 7.87539 -9.75314
280.37 203.665 -72.5852 4.25515 -6.58367
284.337 222.18 -72.2754 4.32105 -6.34473
638.768 83.3175 -95.7061 1.8757 -12.0445
625.542 84.64 -96.1191 1.97678 -12.4945
895.333 320.045 -80.1632 4.72366 -3.17083
982.1 370.3 -76.5634 4.64178 -2.06319
726.8 362.25 -95.3709 8.12744 -8.13163
859.05 473.8 -80.7652 6.74065 -3.19371
816.5 515.2 -79.2525 7.02419 -3.41419
955.65 142.6 -79.2722 2.63181 -2.92784
785.45 115 -98.0247 1.75406 -8.57485
647.45 37.95 -94.6434 0.857249 -11.6943
943 181.7 -78.15 3.08887 -2.8889
824.55 175.95 -87.5619 3.21074 -5.56476
814.2 86.25 -106.417 0.253067 -9.64956
918.85 350.75 -78.4436 4.82003 -2.72264
862.5 317.4 -81.4816 4.91351 -3.67694
879.75 213.9 -81.8313 3.57961 -3.8088
801.55 203.55 -92.3415 3.82445 -6.70972
305.9 469.2 -72.8556 6.03554 -6.25516
220.8 300.15 -71.3999 4.71067 -6.09635
501.4 315.1 -83.2444 6.39584 -9.34923
408.25 297.85 -77.224 5.43429 -7.93436
503.7 228.85 -83.3103 5.063 -9.63269
355.35 259.9 -74.675 4.80662 -7.17428
334.65 379.5 -73.8371 5.61069 -6.6967
373.75 248.4 -75.489 4.78917 -7.47652
806.15 243.8 -90.9454 4.61481 -6.13369
803.85 258.75 -89.54 4.83181 -5.90691
542.8 135.7 -90.5231 3.65318 -12.1953
854.45 152.95 -83.9219 2.81934 -4.62912
474.95 238.05 -81.1052 5.08046 -9.08139
895.85 320.85 -80.1024 4.72065 -3.15374
301.3 223.1 -72.4713 4.33221 -6.3599
776.25 205.85 -91.3717 3.98412 -7.01336
727 363 -94.0096 7.93114 -7.83419
742 19 -93.6158 0.120632 -9.21941
721 87 -94.9627 1.605 -9.72099
943 181 -77.9734 3.10731 -2.87621
837 66 -106.223 -0.516531 -8.99039
794 338 -89.4295 6.38258 -5.68642
918 351 -78.3357 4.80544 -2.71871
172 390 -70.8129 5.0992 -5.89599
281 299 -72.6519 4.86358 -6.5125
221 300 -71.3459 4.7002 -6.06229
798 284 -88.5691 5.23005 -5.7515
551 348 -93.1716 8.54597 -12.0158
301 223 -72.5522 4.34344 -6.40538
825 176 -87.0522 3.20844 -5.47146
982 198 -78.4851 3.16386 -2.49725
880 214 -82.0711 3.58451 -3.84354
