248 500 -0.0434657 0.592824 27.1459
146 299 0.211306 0.0301405 26.5065
114 586 0.162291 0.703366 26.4767
169 455 0.0992838 0.415895 26.6906
199 469 0.136903 0.451472 26.752
278 346 0.00989393 0.108867 27.1996
206 338 0.166672 0.109728 26.7411
322 138 0.145362 -0.561947 27.2397
130 195 0.271807 -0.19265 26.404
684 22 1.06931 -1.22871 28.2866
345 116 0.176237 -0.651978 27.3129
138 426 0.130078 0.328918 26.5653
258 439 0.0402836 0.396964 27.083
256 261 0.124137 -0.130083 26.9741
288 239 0.165529 -0.202979 27.0534
247 167 0.166327 -0.376823 26.8809
212 149 0.220716 -0.37024 26.6967
188 140 0.236082 -0.378218 26.6064
103 427 0.136075 0.330641 26.4684
752 54 1.32539 -1.10181 28.3881
206 215 0.231049 -0.199809 26.668
259.2 230.4 0.159506 -0.209431 26.9427
105.6 355.2 0.279448 0.167621 26.3389
166.8 315.6 0.187577 0.0609889 26.5895
198 450 0.100932 0.413609 26.7884
352.8 266.4 0.149637 -0.162058 27.3974
163.2 92.4 0.270707 -0.45704 26.4898
321.6 138 0.145576 -0.563937 27.2393
280.8 320.4 0.0250419 0.0296825 27.2073
130.8 460.8 0.16827 0.411141 26.5139
105.6 463.2 0.19535 0.411944 26.4224
166.8 117.6 0.273242 -0.398024 26.504
192 265.2 0.23153 -0.0668163 26.6275
1248 504 2.16825 0.316516 25.5251
106.8 201.6 0.276341 -0.16529 26.3384
163.2 255.6 0.234812 -0.0787106 26.539
212.4 148.8 0.212847 -0.378845 26.7072
291.6 386.4 -0.0269815 0.240903 27.3136
102 96 0.273266 -0.391753 26.3276
141.6 162 0.272661 -0.279618 26.4333
232.8 250.8 0.180631 -0.135511 26.8205
103.2 427.2 0.136604 0.330641 26.4685
174 440.4 0.116376 0.37317 26.6909
316.8 248.4 0.0752779 -0.211462 27.3013
243.6 157.2 0.203468 -0.390129 26.8273
286.8 133.2 0.135446 -0.535967 27.0825
279.6 266.4 0.0741042 -0.137727 27.1366
345.6 116.4 0.153522 -0.662044 27.3472
138 211.2 0.269059 -0.161915 26.4284
316.8 148.8 0.0374325 -0.553455 27.3541
242.4 54 0.256483 -0.641915 26.7564
228 43.2 0.272011 -0.649855 26.6984
273.6 78 0.25329 -0.62501 26.8811
254.4 82.8 0.267275 -0.571632 26.792
208.8 217.2 0.202816 -0.201516 26.7116
252 226.8 0.199573 -0.205203 26.8673
242.4 630 0.0071026 0.963263 27.0663
236.4 447.6 0.0662392 0.413294 26.9755
144 360 0.252874 0.175905 26.4676
668.4 315.6 -2.81715 -1.13179 41.8279
810 33.6 1.56908 -1.13318 28.3266
1124.4 174 2.39835 -0.225037 27.0337
319.68 408.96 0.0511187 0.303466 27.3503
336.96 240.48 0.189464 -0.22802 27.2464
144 332.64 0.20488 0.111154 26.5122
316.8 148.32 0.0977883 -0.533058 27.2728
303.84 141.12 0.126287 -0.528821 27.165
948.96 396 2.03916 0.270824 27.4494
276.48 345.6 0.055677 0.112171 27.1413
293.76 365.76 0.0610893 0.174744 27.2141
308.16 299.52 -0.00421449 -0.0517212 27.3772
306.72 292.32 0.0388268 -0.0718833 27.3089
100.8 97.92 0.275739 -0.392199 26.3263
112.32 73.44 0.300618 -0.442673 26.3247
162.72 217.44 0.254989 -0.16213 26.5105
148.32 191.52 0.280347 -0.211314 26.4445
233.28 247.68 0.179307 -0.137014 26.8147
326.88 66.24 0.215527 -0.758999 27.1605
296.64 70.56 0.193709 -0.701238 27.0503
316.8 63.36 0.100693 -0.811509 27.2781
313.92 272.16 0.0585102 -0.134724 27.3047
106.56 362.88 0.269873 0.183982 26.3521
198.72 420.48 0.091036 0.332952 26.8081
139.68 426.24 0.138521 0.330999 26.5644
231.84 158.4 0.184677 -0.38133 26.8011
279.36 266.4 0.157197 -0.118769 27.0269
269.28 237.6 0.139659 -0.208174 27.0071
286.56 131.04 0.134602 -0.535449 27.0823
254.88 115.2 0.162548 -0.541081 26.9217
188.64 139.68 0.228552 -0.382345 26.6147
207.36 110.88 0.235943 -0.459079 26.6663
257.76 437.76 0.040706 0.397831 27.0871
241.92 53.28 0.258282 -0.644152 26.7582
249.12 40.32 0.260147 -0.6854 26.7761
204.48 214.56 0.238108 -0.197621 26.6568
279.36 100.8 0.219272 -0.578851 26.9569
277.92 79.2 0.198632 -0.649968 26.9661
273.6 77.76 0.22959 -0.63893 26.914
290.88 180 0.166366 -0.381343 27.0615
267.84 151.2 0.167341 -0.442145 26.9617
430.56 557.28 0.582371 0.747557 27.1822
204.48 335.52 0.172244 0.109113 26.7317
145.44 299.52 0.213488 0.0296898 26.5061
162.72 92.16 0.271644 -0.458442 26.4894
249.12 501.12 -0.0428275 0.593077 27.1459
231.84 446.4 0.0404727 0.407837 26.9731
144 360 0.25434 0.175994 26.4648
168.48 522.72 0.10374 0.581299 26.694
797.76 252 0.352262 -1.58651 37.2166
682.56 264.96 -1.62372 -1.65452 38.4513
660.96 241.92 -1.45507 -1.75572 36.7134
668.16 315.36 -2.74833 -1.11629 41.5704
1131.84 146.88 2.42374 -0.290175 27.0604
649.44 465.12 -0.848786 1.10842 34.1021
274.752 345.6 0.0414814 0.109437 27.1542
278.208 319.68 0.0127928 0.02878 27.2033
300.672 101.952 0.204571 -0.616122 27.0585
330.048 72.576 0.104422 -0.806282 27.3417
139.968 425.088 0.147473 0.332634 26.5574
217.728 257.472 0.158411 -0.106102 26.7871
786.24 288.576 -0.42355 -1.57608 41.513
133.056 79.488 0.287499 -0.454996 26.3878
112.32 74.304 0.301913 -0.441084 26.3254
155.52 100.224 0.260769 -0.431239 26.4803
136.512 302.4 0.189119 0.0472534 26.5019
122.688 311.04 0.223089 0.0635643 26.4368
174.528 440.64 0.118688 0.37456 26.6918
286.848 131.328 0.13572 -0.536868 27.0824
903.744 293.76 1.90313 -0.0479952 27.8554
164.16 217.728 0.265472 -0.164955 26.5004
160.704 202.176 0.288068 -0.190173 26.4702
198.72 221.184 0.237834 -0.1751 26.6375
100.224 96.768 0.277569 -0.392534 26.3218
257.472 437.184 0.0449632 0.395556 27.0896
912.384 226.368 1.93381 -0.263107 27.8365
290.304 179.712 0.200873 -0.37115 27.0145
264.384 171.072 0.175492 -0.372656 26.9375
138.24 210.816 0.270503 -0.164129 26.4286
145.152 298.944 0.212283 0.0285002 26.5051
221.184 93.312 0.167965 -0.552493 26.7844
302.4 38.016 0.12369 -0.856199 27.1783
148.608 191.808 0.280369 -0.210697 26.4445
349.056 158.976 0.0235709 -0.581579 27.5497
269.568 540.864 0.0122496 0.721824 27.1748
188.352 518.4 0.0848789 0.586756 26.7816
196.992 451.008 0.100962 0.413607 26.7884
164.16 521.856 0.12367 0.582162 26.6581
352.512 680.832 0.283116 1.15283 27.2279
834.624 198.72 1.12299 -1.63083 34.0783
696.384 224.64 -0.573105 -1.65033 35.1258
649.728 214.272 -0.837079 -1.62594 34.0561
670.464 328.32 -2.8546 -0.884086 42.1343
696.384 190.08 -0.0962389 -1.66014 33.219
1199.23 584.064 2.13533 0.366899 25.5007
1195.78 457.92 2.13417 0.284457 25.5042
109.901 296.525 0.264247 0.032731 26.357
134.784 194.918 0.276896 -0.195191 26.4015
120.269 182.477 0.28968 -0.211688 26.3577
255.053 39.3984 0.262531 -0.698164 26.7894
926.899 298.598 1.97257 -0.0370994 27.9001
918.605 298.598 1.95683 -0.0217906 27.7214
138.931 425.088 0.147514 0.333406 26.5574
120.269 433.382 0.204895 0.34669 26.4489
161.741 203.213 0.286573 -0.189443 26.47
213.581 418.867 0.108496 0.328503 26.8367
348.365 157.594 0.0407251 -0.572407 27.5233
375.322 624.154 0.543732 0.879027 26.9429
273.715 122.342 0.112253 -0.55493 27.0555
348.365 111.974 0.132128 -0.671985 27.3796
205.286 215.654 0.24421 -0.196012 26.6488
194.918 205.286 0.224036 -0.219249 26.6402
217.728 149.299 0.20883 -0.383728 26.7321
184.55 134.784 0.233109 -0.385977 26.5976
920.679 215.654 1.96614 -0.288191 27.7898
367.027 128.563 0.11453 -0.655587 27.5134
294.451 416.794 0.0152901 0.338484 27.2834
321.408 205.286 0.0531936 -0.362032 27.3629
275.789 226.022 0.099406 -0.241189 27.0744
203.213 335.923 0.170127 0.106268 26.7301
263.347 329.702 -0.0269093 0.0603219 27.1848
308.966 292.378 0.106571 -0.0608375 27.2198
132.71 242.611 0.293872 -0.0825607 26.3863
141.005 358.733 0.252546 0.177224 26.4644
174.182 302.746 0.0839834 0.0173461 26.721
111.974 103.68 0.292836 -0.372216 26.3271
549.504 157.594 -1.06441 -1.71309 31.797
501.811 155.52 -1.4606 -1.74151 31.7253
134.784 588.902 0.151831 0.725513 26.5515
319.334 408.499 0.0066793 0.3065 27.4126
290.304 362.88 0.072428 0.173997 27.1986
248.832 501.811 -0.0480425 0.592419 27.1534
186.624 518.4 0.0829872 0.586858 26.7811
196.992 449.971 0.096309 0.411513 26.7867
174.182 439.603 0.124573 0.377933 26.6947
105.754 464.486 0.196118 0.417764 26.4155
126.49 487.296 0.211315 0.476122 26.4657
165.888 456.192 0.101426 0.415518 26.6904
630.375 588.902 0.259601 1.49705 30.0503
615.859 653.184 0.720095 1.35029 28.434
630.375 607.565 0.461843 1.39781 29.3882
385.69 464.486 -0.583488 0.629207 28.7333
798.336 250.906 0.346973 -1.60808 37.2927
833.587 199.066 1.12979 -1.62306 34.0338
926.899 261.274 1.97428 -0.149341 27.8523
902.016 294.451 1.89839 -0.0498492 27.8906
661.479 240.538 -1.35492 -1.7181 36.3465
696.73 223.949 -0.314328 -1.48396 34.1088
649.037 213.581 -0.788019 -1.59747 33.8901
669.773 327.629 -2.82512 -0.888587 42.0148
665.626 317.261 -3.03741 -1.13514 42.4361
694.656 190.771 -0.00425689 -1.58032 32.8349
649.037 186.624 -0.855943 -1.90238 34.0324
945.562 85.0176 2.04586 -0.735124 27.8977
1034.73 163.814 2.21559 -0.255315 27.0066
1194.39 582.682 2.13297 0.369064 25.5163
1059.61 659.405 2.05868 0.444164 25.5854
1237.94 499.738 2.16756 0.317328 25.5357
510.106 41.472 0.480089 -1.08479 27.9091
102.021 184.136 0.311585 -0.192362 26.2957
149.299 191.601 0.281132 -0.212153 26.4446
301.087 154.276 0.153264 -0.474624 27.1293
273.715 171.694 0.168111 -0.388279 26.9776
261.274 231.414 0.158377 -0.207665 26.9544
246.344 223.949 0.193544 -0.208843 26.8504
233.902 216.484 0.2057 -0.213975 26.7949
238.879 156.764 0.202202 -0.387109 26.8108
243.855 136.858 0.191566 -0.442549 26.8574
241.367 435.456 0.0681991 0.381831 26.9762
649.452 186.624 -0.666945 -1.76951 33.4427
1060.02 659.405 2.05963 0.443681 25.5856
773.868 166.717 0.741573 -1.70152 32.8677
935.608 87.0912 2.02134 -0.74921 27.98
1206.84 666.87 2.14495 0.425916 25.5287
288.645 532.501 -0.010745 0.717337 27.2921
106.998 462.828 0.198592 0.413933 26.4268
706.683 111.974 0.377176 -1.89233 31.6123
248.832 502.641 -0.0527469 0.591688 27.1661
194.089 447.898 0.0992247 0.413563 26.7874
798.751 251.32 0.332123 -1.6353 37.4586
201.554 335.923 0.166749 0.104577 26.7274
191.601 306.063 0.15803 0.0271908 26.7087
681.8 266.25 -1.68228 -1.67054 38.6596
186.624 517.571 0.0832212 0.591052 26.7809
124.416 487.711 0.210502 0.475225 26.4655
174.182 440.433 0.123886 0.37595 26.6942
273.715 343.388 0.0075803 0.0979534 27.1961
276.204 318.505 0.0244974 0.0314104 27.1825
139.346 209.019 0.268881 -0.168087 26.4275
218.972 92.0679 0.174921 -0.548895 26.7736
276.204 226.437 0.0975436 -0.242277 27.078
293.622 418.038 0.108747 0.333745 27.1552
288.645 363.295 0.0445801 0.173805 27.2378
134.369 587.244 0.161838 0.719677 26.5378
169.206 547.43 0.104199 0.653092 26.6963
923.167 281.18 1.9802 -0.0776942 27.7532
900.772 293.622 1.89427 -0.0506452 27.9177
111.974 102.021 0.293554 -0.372901 26.3272
313.528 146.811 0.0520685 -0.546865 27.3232
549.421 158.257 -1.11423 -1.73156 31.9232
501.645 155.271 -2.07569 -2.05052 32.9489
1068.98 256.795 2.28321 -0.0435894 26.9883
1077.94 223.949 2.29303 -0.105239 26.9669
695.734 191.103 0.00455595 -1.55676 32.749
1027.18 86.5936 2.20635 -0.467094 27.0856
707.678 110.481 0.389823 -1.88351 31.5663
671.846 110.481 -0.11232 -2.16414 32.3385
259.781 459.842 0.0754304 0.457568 27.0455
200.061 471.786 0.142114 0.456707 26.7497
349.36 56.7337 0.196045 -0.855792 27.3046
1116.76 200.061 2.38901 -0.175312 27.113
701.706 615.113 0.872686 1.41639 29.3352
200.061 334.43 0.166668 0.103379 26.7275
206.033 307.556 0.164479 0.0309515 26.7371
650.945 459.842 -0.894423 1.08174 34.2372
683.79 265.753 -1.62256 -1.64484 38.4699
695.734 241.865 -0.850658 -1.66755 36.2393
662.889 238.879 -1.29219 -1.69294 36.1076
122.425 486.715 0.222359 0.468707 26.4444
176.173 441.926 0.124744 0.374793 26.6948
313.528 295.612 0.0259777 -0.0642972 27.3587
185.131 209.019 0.229683 -0.220622 26.5993
603.169 424.01 -2.93511 0.961844 38.3535
152.285 113.467 0.258895 -0.39807 26.4771
671.846 325.472 -2.3648 -0.816579 40.3328
194.089 424.01 0.0912919 0.333466 26.8022
388.178 462.828 0.352855 0.488282 27.2792
325.472 212.005 0.0919259 -0.338641 27.3077
185.131 519.561 0.0827053 0.587922 26.7802
226.935 265.753 0.229287 -0.0767425 26.7484
220.963 149.299 0.219353 -0.381316 26.728
928.641 295.612 1.99486 -0.0274693 27.6576
298.598 98.5375 0.34179 -0.558769 26.8653
319.5 62.7057 0.103673 -0.813891 27.2821
301.584 77.6356 0.191713 -0.701502 27.0913
143.327 298.598 0.211023 0.0318395 26.5057
137.355 128.397 0.304767 -0.33932 26.3884
322.486 203.047 0.0690477 -0.362735 27.3355
286.655 188.117 0.125322 -0.384613 27.0988
316.514 161.243 0.0694324 -0.498459 27.3073
301.584 155.271 0.0826086 -0.497259 27.2139
391.164 373.248 -0.122065 0.183616 28.0131
800.244 62.7057 1.50743 -1.06292 28.4838
579.281 176.173 -0.941236 -1.63953 32.2091
121.828 487.313 0.227714 0.467934 26.4374
175.576 440.731 0.123654 0.376185 26.6942
164.826 451.481 0.0949416 0.401222 26.683
347.569 154.077 0.0620343 -0.577754 27.4889
379.817 283.071 0.209932 -0.110069 27.4573
670.055 326.07 -3.02875 -0.987911 42.7954
659.305 315.32 -2.82662 -1.09629 41.5708
182.742 519.561 0.0829803 0.591533 26.7799
232.907 551.81 0.0707967 0.711464 26.9647
272.322 537.477 0.0136523 0.715586 27.1769
132.578 587.642 0.16529 0.715137 26.532
308.154 268.739 0.0344014 -0.154364 27.3387
322.486 211.408 0.0795444 -0.330503 27.3513
146.91 247.24 0.289346 -0.0835584 26.4316
616.307 293.821 -2.86625 -1.32032 38.7101
136.161 128.995 0.304055 -0.336307 26.3862
218.574 361.901 0.183197 0.165648 26.7678
268.739 254.406 0.130088 -0.151207 27.0103
222.157 211.408 0.700801 -0.0970836 26.1975
211.408 121.828 0.219476 -0.440653 26.6939
154.077 351.152 0.225099 0.154167 26.5211
171.993 311.737 0.0903505 0.0430715 26.7098
143.327 300.987 0.210121 0.0339168 26.5067
297.404 96.7459 0.134414 -0.654957 27.1412
182.742 200.658 0.238932 -0.219767 26.5822
132.578 193.492 0.261115 -0.204125 26.4231
222.157 150.494 0.223302 -0.385691 26.7291
322.486 200.658 0.0696448 -0.372563 27.3378
308.154 204.241 0.138262 -0.330264 27.172
390.567 372.651 -0.0683896 0.18589 27.9252
1014.04 164.826 2.17874 -0.287268 27.141
1067.79 257.989 2.27856 -0.0472305 27.0966
748.885 164.826 0.584672 -1.66681 32.4645
648.556 189.909 -0.618975 -1.73417 33.368
705.887 111.079 0.418219 -1.8381 31.4579
580.475 175.576 -1.04741 -1.70556 32.5227
133.294 584.775 0.154876 0.717539 26.5505
189.192 421.382 0.131129 0.341622 26.723
331.086 283.788 0.147433 -0.07945 27.274
309.587 266.589 0.207804 -0.131059 27.0888
804.066 249.389 0.504869 -1.54511 36.4206
180.592 520.278 0.107898 0.590325 26.7355
270.889 322.486 -0.00834851 0.0363621 27.197
339.686 391.283 -0.186448 0.262523 27.7892
937.36 90.2962 2.01091 -0.754694 28.005
296.687 116.095 0.16947 -0.571077 27.0925
296.687 90.2962 0.13662 -0.688294 27.1411
601.975 425.682 -2.87715 0.944963 38.1707
675.071 322.486 -2.52736 -0.923033 41.1998
141.894 326.786 0.201981 0.0980511 26.5063
197.792 249.389 0.133954 -0.132178 26.747
210.691 120.395 0.221309 -0.446061 26.6967
348.285 154.793 -0.142385 -0.661907 27.7882
1165.25 133.294 2.42391 -0.261203 26.8364
649.273 189.192 -0.521097 -1.66718 32.9698
834.165 202.091 1.18141 -1.53521 33.5634
206.391 206.391 0.241402 -0.209791 26.656
505.659 299.267 0.957149 -0.0144923 26.914
804.926 247.67 0.528185 -1.55046 36.3223
980.359 242.51 2.11847 -0.195586 27.6795
237.35 515.978 -0.0727411 0.636113 27.159
639.813 319.906 -3.54671 -1.18997 42.229
283.788 154.793 0.140357 -0.457978 27.0644
345.705 196.072 0.0168965 -0.461986 27.5366
381.824 526.298 0.426029 0.676817 27.1691
361.185 345.705 0.104294 0.0953422 27.4657
221.871 263.149 0.185658 -0.0962361 26.7706
1129.99 149.634 2.41445 -0.284447 27.0369
686.251 268.309 -1.68225 -1.66541 38.9257
350.865 433.422 0.0981088 0.389021 27.4338
180.592 526.298 0.108036 0.590302 26.7354
263.149 603.694 0.10938 0.872499 27.0333
485.02 185.752 -1.3398 -1.35697 31.2331
552.097 165.113 -1.07201 -1.69604 31.8139
273.468 98.0359 0.239151 -0.574641 26.8956
241.478 421.038 0.0776749 0.381575 26.9786
922.569 260.053 1.98808 -0.143751 27.6711
272.436 253.861 0.104624 -0.128084 27.0566
606.79 421.038 -1.8204 0.555583 35.6047
724.433 297.203 -0.23692 -0.730074 35.1831
1120.7 198.136 2.39541 -0.16089 26.9706
1133.09 148.602 2.42426 -0.307984 27.1411
656.324 191.944 -0.855977 -1.8849 34.222
408.655 588.215 0.51195 0.833535 27.122
179.56 520.106 0.0980741 0.594918 26.7496
260.053 179.56 0.173734 -0.351293 26.8856
179.56 309.587 0.123744 0.0442137 26.6967
315.779 303.395 0.124413 -0.0129683 27.2093
266.245 321.97 0.329209 0.0761823 26.7488
303.395 260.053 0.080258 -0.176796 27.2406
185.752 304.634 0.162684 0.0588577 26.7064
854.46 245.193 1.34833 -1.19156 33.4279
282.343 341.784 0.0271088 0.0847026 27.2179
312.064 304.634 1.33418 0.152659 25.6747
690.998 200.612 0.212552 -1.32185 31.7544
1129.37 148.602 2.41797 -0.290229 27.0486
995.632 267.483 2.15162 -0.0624715 27.0698
921.331 274.913 1.94104 -0.166018 28.0706
282.343 416.085 0.0471543 0.339555 27.1944
245.193 512.676 -0.0554165 0.609823 27.1466
282.343 549.826 0.0178554 0.712028 27.1745
274.913 497.816 -0.0117653 0.591117 27.2109
222.903 230.333 0.216709 -0.154704 26.7638
312.064 193.182 0.120017 -0.395335 27.1789
304.634 260.053 0.109307 -0.173665 27.1429
677.624 222.903 0.24905 -1.02138 31.4077
338.812 419.057 0.474113 0.326991 26.8546
276.399 419.057 0.406934 0.318482 26.6841
267.483 499.302 -0.0234156 0.604181 27.1469
222.903 231.819 0.217775 -0.169705 26.7295
294.231 258.567 0.107899 -0.165959 27.1596
