1006 521 1.57275 -0.153679 -1.44377
1075 446 1.47117 -0.197803 -1.34849
1011 556 1.55833 -0.131242 -1.39854
1062 696 1.50966 -0.0483777 -1.28224
1061.45 566.95 1.49551 -0.12405 -1.31892
1100.55 433.55 1.45425 -0.200982 -1.35331
1233.95 573.85 1.3649 -0.116538 -1.18657
1015.45 297.85 1.54224 -0.330287 -1.55604
1030.4 271.4 1.52031 -0.34443 -1.54081
1044.2 190.9 1.48176 -0.40115 -1.52378
1051.1 419.75 1.51514 -0.220528 -1.45203
1029.25 414 1.54494 -0.229102 -1.49359
1206.35 253 1.33658 -0.282642 -1.2532
1061.45 310.5 1.48001 -0.29638 -1.4537
1252.35 82.8 1.27712 -0.345261 -1.17049
1215.55 90.85 1.31302 -0.379547 -1.31938
1251.2 21.85 1.27555 -0.390908 -1.24455
1035 87.4 1.44073 -0.460625 -1.43399
1055.7 573.85 1.50611 -0.118613 -1.33222
1112.05 405.95 1.43588 -0.216322 -1.33625
1141.95 480.7 1.41349 -0.169315 -1.26417
1239.7 456.55 1.34899 -0.171701 -1.21153
1112.22 331.948 1.42546 -0.262105 -1.35653
1212.73 197.053 1.32442 -0.310315 -1.25303
1006.42 269.79 1.54188 -0.354477 -1.5509
1061.97 310.788 1.48141 -0.296741 -1.45572
1252.41 83.3175 1.27757 -0.345738 -1.17336
1183.64 29.095 1.35184 -0.489826 -1.57905
1161.16 122.993 1.35119 -0.379859 -1.35185
1011.71 85.9625 1.45265 -0.464846 -1.42026
1058 25.1275 1.40517 -0.490835 -1.41522
1165.12 577.932 1.40696 -0.116849 -1.21716
1231.25 554.128 1.36523 -0.12476 -1.19619
1026.26 677.12 1.55796 -0.0511419 -1.35436
1027.58 683.732 1.56432 -0.0442806 -1.36696
1167.77 361.043 1.38206 -0.232664 -1.28288
1138.67 370.3 1.40055 -0.231684 -1.2907
1233.89 409.975 1.34275 -0.195096 -1.20353
1141.32 480.068 1.42001 -0.168292 -1.28605
1050.06 421.878 1.52005 -0.218254 -1.45825
1076.52 365.01 1.46255 -0.251233 -1.38383
1003.78 495.938 1.57488 -0.17237 -1.46277
1044.78 491.97 1.51776 -0.170244 -1.39551
1139.14 214.443 1.38786 -0.333035 -1.37169
1154.34 293.529 1.38003 -0.272456 -1.29854
1031.15 272.237 1.51479 -0.341864 -1.52349
1015.94 296.571 1.54479 -0.330729 -1.55702
1098.07 298.091 1.43272 -0.289669 -1.37967
1055.49 313.3 1.49314 -0.296893 -1.4788
1183.24 28.8966 1.34954 -0.48681 -1.56721
1146.74 168.817 1.37228 -0.358485 -1.36606
1026.59 167.296 1.46489 -0.406408 -1.43719
1171.07 587.058 1.39653 -0.115403 -1.18819
1230.39 553.599 1.3596 -0.127777 -1.1736
1117.84 618.996 1.44723 -0.0967349 -1.24281
1222.78 623.559 1.38006 -0.0922813 -1.19386
1002.26 679.831 1.59067 -0.0456015 -1.38646
1026.59 676.789 1.55401 -0.0527889 -1.34493
1149.78 442.575 1.4026 -0.189906 -1.26157
1128.49 434.97 1.42074 -0.196186 -1.29491
1168.03 360.447 1.38065 -0.232839 -1.27847
1137.61 369.573 1.40055 -0.231684 -1.2907
1233.43 410.636 1.34382 -0.195227 -1.20788
1198.45 453.221 1.3656 -0.179075 -1.20765
1041.8 403.032 1.52145 -0.234594 -1.46244
1070.7 401.511 1.49302 -0.229082 -1.43447
1040.28 380.219 1.51929 -0.251644 -1.4695
1003.78 495.805 1.58164 -0.172922 -1.48119
1090.47 486.68 1.46728 -0.168878 -1.33717
1044.84 492.763 1.52194 -0.169311 -1.4074
1000.43 466.985 1.57198 -0.195459 -1.47165
1156.09 248.359 1.37519 -0.302385 -1.32566
1212.06 197.638 1.32226 -0.309572 -1.24307
1154.34 293.833 1.3822 -0.274095 -1.30876
1021.42 265.849 1.52075 -0.351167 -1.53055
1030.16 272.845 1.51479 -0.341864 -1.52349
1026.67 351.55 1.53572 -0.279749 -1.51114
1035.41 293.833 1.50702 -0.320546 -1.49477
1140.35 101.442 1.35669 -0.397826 -1.34061
1110.62 83.9523 1.4551 -0.52043 -1.7647
1229.55 33.2311 1.28695 -0.391461 -1.24609
1161.34 122.43 1.35296 -0.381853 -1.36007
1170.09 587.666 1.40039 -0.114364 -1.19987
1229.55 554.435 1.3596 -0.127777 -1.1736
1222.56 624.395 1.38006 -0.0922813 -1.19386
1049.4 550.937 1.51063 -0.133092 -1.34801
1070.39 617.399 1.49456 -0.0949035 -1.29912
1100.12 433.754 1.44542 -0.201377 -1.32477
1138.6 370.789 1.40376 -0.232896 -1.30183
1233.05 411.016 1.33473 -0.195975 -1.17215
1198.07 452.993 1.3656 -0.179075 -1.20765
1040.66 381.283 1.51582 -0.25097 -1.46122
1089.63 487.973 1.46693 -0.168671 -1.33557
1073.89 445.997 1.47932 -0.197481 -1.3709
1039.87 380.146 1.519 -0.25132 -1.47364
1112.28 333.885 1.42515 -0.261541 -1.35565
1222.91 571.225 1.3705 -0.119247 -1.19118
1228.94 553.123 1.36061 -0.127922 -1.17683
1116.3 617.487 1.43982 -0.0995059 -1.22344
1001.66 679.839 1.60537 -0.040326 -1.41945
1007.69 619.498 1.58086 -0.0850395 -1.40939
1144.46 168.954 1.371 -0.358064 -1.35974
1160.55 122.693 1.35296 -0.381853 -1.36007
1025.79 677.827 1.55572 -0.0516751 -1.34836
1108.26 86.4884 1.45227 -0.512283 -1.73961
1239 281.59 1.31307 -0.255465 -1.17501
1232.96 410.317 1.33576 -0.195922 -1.17615
1239 458.589 1.34669 -0.171954 -1.19995
1196.76 450.544 1.3656 -0.179075 -1.20765
1194.75 166.943 1.34153 -0.34325 -1.33622
1100.21 470.658 1.45653 -0.179439 -1.33355
1168.6 587.316 1.3957 -0.116587 -1.18635
1112.28 561.169 1.43834 -0.128569 -1.24625
1204.8 253.431 1.34307 -0.28604 -1.28507
1154.52 247.397 1.37148 -0.301629 -1.31121
1130.38 213.204 1.38771 -0.333965 -1.35675
1090.16 488.76 1.46775 -0.168936 -1.33948
1072.05 446.521 1.49102 -0.197553 -1.40001
1166.59 358.022 1.38918 -0.235527 -1.308
1096.19 299.692 1.43789 -0.290586 -1.39698
1084.12 404.283 1.45947 -0.223134 -1.36403
1068.03 400.26 1.48126 -0.229145 -1.40302
1007.69 345.953 1.56266 -0.291187 -1.55525
1008.49 647.657 1.56109 -0.0755533 -1.34642
1084.83 656.909 1.4861 -0.0703718 -1.27998
1168.1 585.204 1.39658 -0.117371 -1.1888
1228.24 552.821 1.36267 -0.128709 -1.18179
1107.96 85.5832 1.46152 -0.521519 -1.77184
1149.59 53.2004 1.38185 -0.483191 -1.56444
1144.96 673.101 1.42 -0.0754257 -1.17575
1144.96 168.853 1.37943 -0.361786 -1.38611
1161.16 122.592 1.35296 -0.381853 -1.36007
1205.1 252.124 1.34152 -0.285329 -1.27851
1232.86 409.412 1.33473 -0.195975 -1.17215
1216.67 478.804 1.36231 -0.163422 -1.20134
1195.85 448.734 1.36374 -0.179684 -1.20154
1096.39 441.795 1.46047 -0.196889 -1.35541
1121.83 596.77 1.45805 -0.101699 -1.29764
1112.58 562.074 1.44519 -0.126805 -1.26309
1066.32 594.457 1.49349 -0.10714 -1.30626
1089.45 534.317 1.47178 -0.141259 -1.31999
1047.82 550.508 1.51577 -0.132172 -1.36088
1205.1 131.844 1.32523 -0.357184 -1.31744
1128.77 261.376 1.40626 -0.304183 -1.37589
1133.4 198.923 1.38878 -0.345401 -1.38039
1105.64 437.168 1.46417 -0.197359 -1.38933
1057.07 314.576 1.48628 -0.295266 -1.46232
1165.78 356.211 1.38397 -0.233983 -1.29106
1110.27 333.081 1.42515 -0.261541 -1.35565
1154.22 293.759 1.38207 -0.273905 -1.30716
1010.81 596.77 1.58092 -0.0992256 -1.42463
1029.31 272.941 1.52509 -0.344522 -1.5518
1068.63 397.846 1.50114 -0.23146 -1.46125
1050.13 379.342 1.51077 -0.248948 -1.46266
1001.56 492.682 1.58138 -0.174574 -1.47972
1221.3 622.213 1.38006 -0.0922813 -1.19386
1189.03 505.404 1.38336 -0.153319 -1.21784
1197.01 449.543 1.3656 -0.179075 -1.20765
1151.79 494.764 1.39855 -0.160494 -1.2195
1143.81 441.563 1.41478 -0.189748 -1.29692
1207.65 380.383 1.3514 -0.21416 -1.22165
1197.01 393.683 1.35885 -0.20895 -1.21644
1048.05 553.284 1.53033 -0.127919 -1.39485
1159.77 122.361 1.35501 -0.383473 -1.36648
1194.35 348.463 1.35457 -0.23201 -1.24038
1050.71 470.823 1.51797 -0.18434 -1.42079
1226.27 196.841 1.30425 -0.299231 -1.16498
1194.35 164.921 1.33537 -0.340402 -1.30607
1204.99 133.001 1.32669 -0.358937 -1.32527
1042.73 194.181 1.47519 -0.395754 -1.49519
1042.73 138.321 1.65455 -0.60072 -2.21585
1010.81 598.504 1.57513 -0.099552 -1.4112
1154.45 295.262 1.38069 -0.272803 -1.30108
1058.69 316.542 1.48883 -0.295334 -1.46924
1026.77 657.025 1.55304 -0.0643579 -1.35931
1223.61 622.445 1.38307 -0.0920871 -1.20359
1143.81 638.405 1.43083 -0.0871626 -1.22091
1159.37 217.191 1.37245 -0.324702 -1.34561
1208.31 379.319 1.34409 -0.213795 -1.18936
1174.66 388.496 1.36929 -0.214406 -1.22852
1214.43 480.267 1.36486 -0.163697 -1.20872
1110.43 562.86 1.44804 -0.125831 -1.26539
1153.25 244.722 1.37852 -0.304022 -1.33511
1085.95 422.145 1.47509 -0.210304 -1.39804
1134.9 370.142 1.40322 -0.232675 -1.29426
1076.78 333.433 1.46611 -0.27197 -1.41996
1018.65 336.492 1.53595 -0.292515 -1.51048
1018.65 293.666 1.54621 -0.333351 -1.57257
1000.3 523.093 1.59386 -0.149807 -1.48408
1079.83 403.791 1.48278 -0.225825 -1.41173
1067.6 394.614 1.48544 -0.23156 -1.41674
1082.89 348.729 1.46454 -0.263804 -1.42439
1153.25 293.666 1.37134 -0.270039 -1.26404
1006.42 345.67 1.55163 -0.288695 -1.51746
1027.83 654.631 1.56013 -0.0625543 -1.37442
1030.89 88.7116 1.44698 -0.464331 -1.44879
1131.84 198.836 1.38465 -0.342684 -1.359
1162.43 119.302 1.35781 -0.387623 -1.38203
1129.24 263.841 1.38885 -0.300334 -1.31771
1065.92 263.841 1.43391 -0.315415 -1.3421
1023.7 267.359 1.54084 -0.355474 -1.5891
1111.65 566.378 1.46816 -0.12011 -1.31783
1210.15 379.931 1.355 -0.215307 -1.23291
1153.86 246.251 1.37827 -0.305508 -1.33381
1132.76 200.519 1.39746 -0.348522 -1.40574
1087.02 422.145 1.46635 -0.210761 -1.37725
1083.51 348.27 1.45243 -0.26051 -1.39346
1097.58 302.537 1.43938 -0.289719 -1.4006
1020.18 291.984 1.54421 -0.333576 -1.56792
1196.08 446.77 1.36979 -0.183064 -1.22063
1167.93 583.967 1.40457 -0.115235 -1.21325
1192.56 161.822 1.3324 -0.339275 -1.28977
1088.25 339.827 1.45585 -0.264407 -1.40095
1193.44 445.011 1.36979 -0.183064 -1.22063
1100.39 279.143 1.4246 -0.297738 -1.37165
1108.48 214.415 1.39349 -0.330724 -1.32058
1193.44 343.872 1.35877 -0.235633 -1.25188
1169.17 319.599 1.37002 -0.256443 -1.2716
1092.3 420.738 1.46584 -0.210449 -1.37499
1063.98 262.961 1.44264 -0.319423 -1.3671
1193.44 396.465 1.37311 -0.209285 -1.27033
1011.39 602.788 1.58217 -0.0975425 -1.42528
1169.17 598.742 1.40343 -0.109292 -1.1989
1043.75 137.549 1.60708 -0.573948 -2.08535
1152.98 242.733 1.39558 -0.312976 -1.3941
1014.22 428.02 1.5845 -0.223579 -1.55995
1135.18 362.886 1.40374 -0.239858 -1.30419
1093.31 423.368 1.45474 -0.209652 -1.3463
1046.79 553.634 1.50845 -0.132151 -1.33982
1167.75 595.506 1.40343 -0.109292 -1.1989
1102.62 93.0478 1.44373 -0.495986 -1.68328
1065.4 260.534 1.4381 -0.317434 -1.35404
1096.8 283.563 1.43512 -0.300637 -1.40694
1000.5 326.365 1.56122 -0.310009 -1.54711
1048.65 465.472 1.51666 -0.188135 -1.41551
1139.6 449.421 1.41141 -0.187951 -1.28214
1086.1 470.822 1.46157 -0.182406 -1.33023
1166.35 599.228 1.39562 -0.111294 -1.16997
1075.4 615.279 1.48017 -0.0976117 -1.26861
1118.2 561.776 1.45072 -0.1281 -1.28554
1086.1 342.416 1.46128 -0.266823 -1.41285
1015.21 356.862 1.5366 -0.27613 -1.48722
1039.82 227.653 1.49897 -0.370213 -1.5182
1095.2 283.028 1.4202 -0.295788 -1.34914
1089.04 467.612 1.47635 -0.182026 -1.3718
1089.04 418.389 1.45784 -0.208838 -1.35164
1052.13 553.751 1.53628 -0.123283 -1.41224
1132.11 172.278 1.37987 -0.353257 -1.33801
1156.72 301.487 1.35915 -0.262154 -1.22667
1089.04 338.403 1.45394 -0.265452 -1.39642
363.014 559.904 1.62503 -0.242925 -0.860825
166.125 239.959 1.65607 -0.397624 -0.81999
295.334 116.903 1.82998 -0.574046 -1.06582
116.903 147.667 1.6168 -0.423594 -0.778591
504.528 258.417 2.59611 -0.778378 -2.1566
541.445 159.972 2.11432 -0.718956 -1.71004
449.153 159.972 2.18767 -0.744341 -1.61787
252.264 375.32 1.67155 -0.339714 -0.859847
332.25 449.153 1.60348 -0.28574 -0.839988
123.056 393.778 1.65745 -0.333079 -0.786372
393.778 449.153 1.60393 -0.2839 -0.874049
898.307 252.264 1.7797 -0.471007 -1.91826
799.862 332.25 2.16769 -0.495898 -2.35848
886.001 116.903 1.65829 -0.563802 -1.69209
842.932 215.348 1.85122 -0.549264 -1.95197
947.529 283.028 1.60125 -0.364153 -1.56879
947.529 338.403 1.67198 -0.332647 -1.70156
775.251 369.167 2.36177 -0.485601 -2.58139
861.39 393.778 1.89559 -0.329226 -1.94929
953.682 467.612 1.69956 -0.206769 -1.67335
787.557 233.806 1.93603 -0.57046 -1.977
824.473 258.417 1.88997 -0.502255 -1.94464
172.278 381.473 1.71946 -0.354149 -0.857302
996.751 449.153 1.55319 -0.20625 -1.42533
941.376 498.376 1.7115 -0.180864 -1.64758
436.848 313.792 1.946 -0.450469 -1.27355
418.389 344.556 2.0697 -0.473154 -1.36507
190.736 147.667 1.66745 -0.453139 -0.85857
178.431 227.653 1.6973 -0.421708 -0.860298
744.487 486.07 3.06014 -0.295977 -3.44481
467.612 553.751 1.6616 -0.235093 -0.948548
294.264 117.705 1.83853 -0.578003 -1.07434
502.923 262.162 2.72354 -0.821751 -2.31446
524.324 160.507 2.42382 -0.876153 -2.07407
444.071 165.858 2.18092 -0.740027 -1.60998
224.71 540.375 1.74063 -0.276403 -0.873987
224.71 577.827 1.75313 -0.256955 -0.880099
347.766 615.279 1.65096 -0.223996 -0.862035
149.807 513.624 1.65424 -0.281703 -0.782877
214.01 540.375 1.76464 -0.279862 -0.891365
251.462 374.517 1.70784 -0.351194 -0.892015
337.066 449.421 1.61352 -0.289577 -0.850818
123.056 395.918 1.67394 -0.33827 -0.796575
214.01 486.873 1.68284 -0.293715 -0.832345
390.568 535.025 1.5997 -0.246785 -0.853929
395.918 449.421 1.59069 -0.28381 -0.861704
882.791 288.913 1.8462 -0.451756 -2.00381
888.141 117.705 1.65755 -0.561606 -1.68576
839.989 219.36 1.87761 -0.559468 -2.00564
898.842 187.259 1.66242 -0.490355 -1.67968
952.344 342.416 1.64538 -0.320606 -1.65215
914.893 123.056 1.62644 -0.54408 -1.67484
834.639 540.375 2.0282 -0.149544 -2.00155
909.542 513.624 1.76863 -0.170176 -1.69737
749.035 518.974 3.37825 -0.218762 -3.85705
861.39 390.568 1.85451 -0.320949 -1.86464
888.141 454.771 1.83716 -0.23855 -1.83949
995.146 411.969 1.59397 -0.24233 -1.55391
353.116 374.517 1.88613 -0.398713 -1.11763
781.136 272.863 2.16607 -0.589724 -2.34418
754.385 422.67 2.80248 -0.45491 -3.18168
203.309 165.858 1.6836 -0.455496 -0.87556
203.309 192.609 1.68401 -0.436841 -0.875028
936.294 529.675 1.6866 -0.153396 -1.56483
941.644 551.076 1.68545 -0.128873 -1.55969
952.344 465.472 1.69956 -0.206769 -1.67335
369.167 337.066 1.94401 -0.443934 -1.19192
358.467 299.614 2.01675 -0.500809 -1.25593
968.395 401.269 1.62287 -0.26056 -1.57439
941.644 246.111 1.72022 -0.453133 -1.87812
946.994 288.913 1.7003 -0.396094 -1.81496
834.639 299.614 2.04349 -0.511133 -2.24999
716.933 326.365 2.68659 -0.670206 -2.95988
765.086 304.964 2.44988 -0.648319 -2.79111
727.634 342.416 2.60683 -0.610206 -2.85014
125.615 237.272 1.65745 -0.402698 -0.802574
167.486 321.015 1.7083 -0.379789 -0.850691
293.101 116.31 1.82998 -0.574046 -1.06582
93.0478 148.876 1.63285 -0.429545 -0.782441
502.458 260.534 2.53959 -0.751805 -2.08659
227.967 535.025 1.75416 -0.278804 -0.885237
339.625 544.33 1.61097 -0.250021 -0.835855
232.62 623.42 1.75526 -0.234983 -0.880426
120.962 539.677 1.72217 -0.282582 -0.809872
130.267 497.806 1.66727 -0.293633 -0.786831
214.01 488.501 1.67034 -0.291503 -0.825918
409.41 535.025 1.58887 -0.244971 -0.852659
395.453 451.282 1.60243 -0.285509 -0.875809
911.869 125.615 1.6361 -0.549642 -1.70007
786.254 186.096 1.94181 -0.643982 -2.01333
772.297 181.443 1.97473 -0.661228 -2.05021
944.435 288.448 1.7003 -0.396094 -1.81496
911.869 516.415 1.76787 -0.170616 -1.69454
749.035 516.415 2.32382 -0.199356 -2.26837
888.607 455.934 1.84944 -0.239114 -1.86482
949.088 460.587 1.69476 -0.215001 -1.66526
986.307 460.587 1.62484 -0.205823 -1.57519
939.783 497.806 1.68952 -0.180902 -1.60459
911.869 251.229 1.79044 -0.47658 -1.95077
800.211 223.315 1.96753 -0.584011 -2.03983
842.083 218.662 1.87146 -0.557052 -1.99067
781.602 274.491 2.23922 -0.623826 -2.48704
828.125 260.534 1.89207 -0.508126 -1.95614
376.844 288.448 1.93264 -0.476167 -1.20437
176.791 172.138 1.70636 -0.455941 -0.876665
935.13 530.372 1.70071 -0.157181 -1.59169
972.35 511.763 1.63551 -0.164426 -1.53852
493.153 376.844 2.37651 -0.49632 -1.78853
344.277 367.539 1.95788 -0.420642 -1.16994
283.796 176.791 1.81145 -0.513235 -1.02506
111.657 144.224 1.62539 -0.42804 -0.785501
958.392 372.191 1.64715 -0.290496 -1.64202
897.911 414.063 1.81867 -0.279233 -1.85113
353.582 176.791 1.97955 -0.606455 -1.25467
176.791 144.224 1.71554 -0.479535 -0.882744
204.705 116.31 1.73831 -0.510747 -0.925525
88.3954 386.148 1.66291 -0.340586 -0.775996
111.657 423.368 1.63009 -0.313984 -0.758836
372.191 334.972 1.98726 -0.458017 -1.23476
418.715 348.929 2.09516 -0.474823 -1.39775
323.645 291.28 1.8596 -0.451566 -1.07974
117.321 287.235 1.66752 -0.382919 -0.801441
295.326 121.367 1.84267 -0.575594 -1.08035
93.0478 149.686 1.63285 -0.429545 -0.782441
424.783 258.916 2.06695 -0.557045 -1.41491
461.194 161.822 2.17765 -0.738254 -1.63182
347.918 610.879 1.62139 -0.222071 -0.842295
250.825 372.191 1.68676 -0.346188 -0.873242
129.458 497.604 1.67826 -0.29517 -0.793429
582.56 639.198 2.41471 -0.108483 -1.88288
392.419 538.059 1.60004 -0.246544 -0.854836
788.884 186.096 1.94743 -0.647933 -2.02744
716.064 186.096 2.08592 -0.697007 -2.06995
926.433 125.412 1.62124 -0.544294 -1.70272
833.385 538.059 2.07209 -0.151467 -2.07796
910.25 635.152 1.87143 -0.0393612 -1.81539
736.291 521.877 3.03692 -0.215755 -3.33281
805.066 424.783 2.26682 -0.346366 -2.45838
918.341 493.558 1.73072 -0.18928 -1.6532
744.383 485.467 2.939 -0.298774 -3.27387
983.07 457.148 1.60552 -0.206547 -1.52715
938.569 493.558 1.69458 -0.182078 -1.62078
962.843 501.649 1.6427 -0.172982 -1.55074
938.569 529.968 1.70885 -0.150569 -1.62085
970.934 513.786 1.64197 -0.163867 -1.55559
942.615 287.235 1.67247 -0.387254 -1.74911
784.838 234.642 1.97086 -0.575327 -2.01856
841.476 218.46 1.86679 -0.553806 -1.98093
999.253 283.189 1.55704 -0.349526 -1.57641
432.875 307.462 1.89632 -0.447132 -1.21996
902.159 258.916 1.78526 -0.466274 -1.92811
347.918 214.415 1.94919 -0.552049 -1.21097
942.615 364.1 1.67982 -0.304329 -1.69275
970.934 400.51 1.63405 -0.259971 -1.60632
267.007 238.688 1.7328 -0.430348 -0.937651
206.323 113.276 1.71818 -0.500863 -0.906958
999.253 525.922 1.59574 -0.148488 -1.48964
728.2 347.918 2.66665 -0.619607 -2.92605
178.005 169.913 1.67574 -0.441706 -0.852883
141.594 440.966 1.69953 -0.322147 -0.8178
172.376 323.645 1.68384 -0.370061 -0.834396
295.502 123.126 1.83809 -0.572905 -1.07573
94.9826 151.269 1.63471 -0.429847 -0.784074
453.806 267.359 2.30371 -0.647698 -1.70235
531.199 158.304 2.11383 -0.718191 -1.68552
460.842 161.822 2.17908 -0.74108 -1.63366
211.073 541.753 1.74331 -0.278347 -0.867827
235.698 622.664 1.74427 -0.234599 -0.871681
284.948 612.11 1.64994 -0.229537 -0.83258
182.93 636.735 1.71562 -0.231865 -0.824709
253.287 372.895 1.68408 -0.345442 -0.87078
140.715 443.252 1.67489 -0.315536 -0.800026
418.627 601.557 1.61142 -0.21781 -0.870077
693.021 263.841 2.52351 -0.750425 -2.65823
780.968 274.394 2.35848 -0.665992 -2.71305
788.004 182.93 1.95213 -0.645106 -2.0365
851.326 506.574 2.0201 -0.190528 -2.05455
999.077 471.395 1.58785 -0.19264 -1.50146
963.898 503.056 1.66375 -0.17143 -1.59194
977.969 481.949 1.62674 -0.188106 -1.54823
942.791 365.859 1.70069 -0.309073 -1.73958
967.416 425.663 1.65136 -0.239526 -1.62077
939.273 562.86 1.70438 -0.124361 -1.58826
974.452 587.485 1.63181 -0.107887 -1.48271
946.309 288.466 1.69588 -0.394884 -1.80333
422.145 351.788 2.07802 -0.466011 -1.37867
798.558 221.626 1.92864 -0.573235 -1.97728
826.701 256.805 1.93632 -0.52581 -2.05204
802.076 334.198 2.11123 -0.482251 -2.24984
358.823 260.323 1.90685 -0.496158 -1.16523
868.915 218.108 1.82854 -0.538529 -1.97515
330.68 330.68 1.89166 -0.431665 -1.10797
879.469 390.484 1.87537 -0.326023 -1.94477
911.13 376.413 1.78555 -0.317111 -1.84755
232.18 260.323 1.64596 -0.387075 -0.845411
161.822 239.216 1.6607 -0.405515 -0.82552
925.201 471.395 1.70446 -0.207297 -1.62333
918.166 496.02 1.76749 -0.187732 -1.72864
886.505 288.466 1.95157 -0.495162 -2.24968
721.164 306.055 2.85704 -0.77651 -3.27419
872.433 548.789 1.8437 -0.14041 -1.74245
907.612 513.61 1.78403 -0.171818 -1.72812
87.9469 383.448 1.65616 -0.337888 -0.770889
123.126 390.484 1.69768 -0.344357 -0.815267
208.014 116.243 1.71679 -0.500561 -0.906421
296.725 125.42 1.85863 -0.582186 -1.09622
520.034 260.017 2.5933 -0.777631 -2.20338
318.138 544.506 1.6087 -0.250417 -0.822465
204.954 657.69 1.72646 -0.220968 -0.839658
70.3575 547.565 1.67628 -0.276648 -0.761302
70.3575 630.159 1.66547 -0.24396 -0.746872
250.84 370.142 1.68676 -0.346188 -0.873242
412.968 532.27 1.5964 -0.245145 -0.863095
351.788 611.805 1.61731 -0.221143 -0.838608
911.589 125.42 1.64451 -0.554904 -1.72029
648.513 85.6526 2.06686 -0.832878 -1.94048
835.113 520.034 2.05228 -0.177837 -2.06253
939.12 636.277 1.7001 -0.063325 -1.53281
985.005 455.794 1.60268 -0.207489 -1.52627
972.769 510.857 1.64547 -0.164189 -1.56405
942.179 287.548 1.69736 -0.393854 -1.80688
954.415 330.374 1.67211 -0.336514 -1.72789
969.71 397.673 1.63537 -0.259482 -1.61346
902.412 348.729 1.84618 -0.364447 -1.98735
348.729 214.132 1.92484 -0.540372 -1.18768
400.732 266.135 1.91908 -0.493913 -1.21972
911.589 376.26 1.76543 -0.31484 -1.80366
767.815 296.725 2.41107 -0.639447 -2.71858
312.02 198.836 1.85944 -0.52396 -1.09061
422.145 351.788 2.06741 -0.46197 -1.37211
152.951 299.784 1.69453 -0.387028 -0.836225
171.305 324.256 1.67587 -0.367134 -0.827893
88.7116 382.378 1.65109 -0.336563 -0.768571
419.086 599.568 1.60454 -0.217508 -0.86361
382.378 318.138 1.94695 -0.46218 -1.21351
370.142 333.433 1.88342 -0.42644 -1.13561
232.486 260.017 1.66306 -0.392866 -0.85903
871.821 547.565 1.92663 -0.13793 -1.90084
911.589 520.034 1.77544 -0.159527 -1.71659
893.235 458.853 1.86181 -0.233924 -1.89455
828.995 256.958 1.85343 -0.49487 -1.88158
125.42 232.486 1.66903 -0.409373 -0.81244
737.224 523.093 3.02163 -0.20391 -3.30764
156.01 137.656 1.65926 -0.452062 -0.831112
180.482 174.364 1.66901 -0.438681 -0.847478
128.479 489.444 1.66351 -0.292643 -0.783033
165.187 403.791 1.69404 -0.337861 -0.829572
94.8297 152.951 1.63285 -0.429545 -0.782441
104.007 195.777 1.67087 -0.427577 -0.805259
776.992 180.482 1.97707 -0.660004 -2.05558
569.244 260.682 2.45935 -0.72474 -2.16225
532.004 159.601 2.09142 -0.707342 -1.66259
457.523 162.261 2.18835 -0.74233 -1.63578
316.542 545.304 1.62035 -0.252013 -0.835149
156.941 521.364 1.67366 -0.280542 -0.798925
183.541 635.745 1.72625 -0.233782 -0.833484
335.162 444.223 1.60104 -0.289802 -0.838696
93.1007 454.863 1.65698 -0.308631 -0.769463
391.023 534.664 1.60115 -0.247541 -0.855587
694.265 263.342 2.50046 -0.742869 -2.62377
888.447 119.701 1.64096 -0.555105 -1.66006
779.386 180.881 1.98812 -0.666312 -2.07842
736.825 526.684 3.02163 -0.20391 -3.30764
704.905 633.085 2.3607 -0.0622198 -2.11219
938.987 638.405 1.71511 -0.0592068 -1.56523
949.627 476.144 1.69685 -0.198895 -1.65753
984.207 457.523 1.615 -0.20671 -1.5559
973.567 510.724 1.64049 -0.165206 -1.55324
944.307 289.942 1.72233 -0.400683 -1.86773
893.767 460.183 1.86699 -0.233226 -1.90799
925.687 470.823 1.74035 -0.209071 -1.70692
923.027 508.064 1.74256 -0.175508 -1.67545
970.907 399.003 1.63627 -0.261042 -1.61696
973.567 412.303 1.62514 -0.24841 -1.59344
984.207 430.923 1.621 -0.228345 -1.58555
821.946 470.823 2.18917 -0.252049 -2.31307
837.906 518.704 2.07372 -0.178261 -2.10651
207.482 183.541 1.66458 -0.432389 -0.856968
936.327 563.924 1.71569 -0.122581 -1.60729
359.103 364.423 1.87878 -0.40049 -1.11405
869.826 220.782 1.80461 -0.528454 -1.92387
872.486 396.343 1.9321 -0.324082 -2.04647
904.407 414.963 1.80247 -0.277796 -1.83629
829.926 391.023 2.11545 -0.371964 -2.29282
175.561 93.1007 1.66217 -0.477628 -0.84853
912.387 125.021 1.58629 -0.514765 -1.56981
787.366 484.124 2.42327 -0.256649 -2.59872
532.004 534.664 2.29779 -0.271542 -1.70727
194.181 210.142 1.68298 -0.427525 -0.862495
125.021 388.363 1.67116 -0.33867 -0.795121
843.226 218.122 1.85463 -0.548625 -1.9594
827.266 255.362 1.8792 -0.505018 -1.9326
297.922 127.681 1.88542 -0.593329 -1.12398
303.242 199.501 1.85104 -0.520875 -1.07882
805.986 657.025 2.00681 -0.0350841 -1.79998
324.522 292.602 1.84718 -0.446117 -1.07095
816.626 598.504 2.06514 -0.0876044 -1.96164
367.083 441.563 1.60086 -0.288893 -0.85725
401.663 444.223 1.59725 -0.284376 -0.87172
220.782 300.582 1.66021 -0.37364 -0.846667
69.1605 555.944 1.66302 -0.27207 -0.751915
53.2004 172.901 1.64347 -0.423419 -0.769713
103.741 199.501 1.67726 -0.430225 -0.811083
130.341 492.104 1.67259 -0.295201 -0.78929
321.862 367.083 1.8766 -0.398607 -1.07775
736.825 263.342 2.4008 -0.709825 -2.62573
226.102 630.425 1.7337 -0.230875 -0.857536
236.742 625.105 1.74469 -0.233799 -0.872372
204.822 111.721 1.71952 -0.501846 -0.908704
997.507 50.5404 1.45823 -0.499102 -1.44051
353.783 614.465 1.61071 -0.220249 -0.833553
396.343 603.824 1.60737 -0.220049 -0.854145
323.828 615.274 1.61223 -0.222358 -0.820909
791.067 187.358 1.98246 -0.654602 -2.10465
647.657 145.723 2.24827 -0.850848 -2.19142
895.154 460.299 1.86699 -0.233226 -1.90799
932.163 441.795 1.73403 -0.236583 -1.73139
969.172 397.846 1.63807 -0.261304 -1.62168
987.677 395.533 1.60762 -0.255821 -1.58654
985.364 430.229 1.62047 -0.228654 -1.58359
999.242 467.238 1.58042 -0.193414 -1.4901
460.299 316.889 2.24442 -0.559586 -1.62698
874.337 395.533 1.93317 -0.323898 -2.04794
890.528 284.506 1.99196 -0.509742 -2.34593
939.103 344.646 1.70191 -0.331981 -1.75589
196.61 117.966 1.70206 -0.488659 -0.887666
351.585 215.115 1.91789 -0.539153 -1.1805
358.524 363.151 1.84912 -0.392579 -1.08575
878.963 532.004 1.89541 -0.15418 -1.86796
342.333 296.072 1.88381 -0.45512 -1.11878
370.09 333.081 1.97618 -0.455392 -1.22492
770.249 515.812 2.65496 -0.20584 -2.87682
564.387 360.837 3.89232 -0.927702 -3.87371
124.905 388.594 1.67127 -0.338931 -0.795599
141.097 444.108 1.68924 -0.317078 -0.810243
420.977 670.788 1.61328 -0.189923 -0.864226
360.837 492.682 1.60343 -0.26732 -0.84758
321.515 319.202 1.89901 -0.443771 -1.10873
62.4526 201.236 1.63725 -0.408553 -0.767159
152.662 298.385 1.69276 -0.385317 -0.835108
219.741 488.056 1.68671 -0.295165 -0.841567
989.99 80.9571 1.47689 -0.487419 -1.46347
571.326 596.77 2.44265 -0.173389 -1.91732
395.533 601.396 1.60714 -0.21985 -0.853936
222.054 300.698 1.6647 -0.375415 -0.850562
680.04 307.637 2.94455 -0.799778 -3.22551
418.664 275.254 1.91953 -0.484798 -1.24303
453.36 268.315 2.31092 -0.649635 -1.71143
298.385 127.218 1.82915 -0.56425 -1.06947
335.394 152.662 1.92307 -0.598699 -1.18572
309.95 196.61 1.86608 -0.524407 -1.09616
159.601 552.821 1.71064 -0.271481 -0.819286
85.5832 148.036 1.61661 -0.421937 -0.768014
941.416 645.344 1.70851 -0.0539232 -1.55073
714.736 185.045 2.06236 -0.687274 -2.02927
911.346 43.9482 1.52404 -0.539501 -1.44888
939.103 636.092 1.71044 -0.0612413 -1.55635
906.72 668.474 1.80357 -0.0204762 -1.65272
585.204 312.263 2.97044 -0.800876 -2.84404
346.959 166.54 1.95867 -0.603406 -1.23019
353.898 612.961 1.61207 -0.219688 -0.836781
615.274 196.61 2.4476 -0.859135 -2.34978
520.439 261.376 2.57935 -0.772606 -2.18199
555.135 259.063 2.56944 -0.772124 -2.26823
316.889 543.569 1.62382 -0.252761 -0.836624
933.27 442.499 1.72111 -0.234762 -1.70412
923.213 506.862 1.74451 -0.174479 -1.68101
814.6 510.885 2.15029 -0.194383 -2.18775
836.725 504.851 2.05863 -0.195514 -2.09016
971.485 398.249 1.63542 -0.261403 -1.61926
764.316 418.362 2.78579 -0.444429 -3.20657
794.486 438.476 2.4577 -0.344444 -2.73675
844.77 428.419 2.04065 -0.300312 -2.15307
370.09 331.874 1.97215 -0.455223 -1.21998
351.987 215.215 1.89631 -0.529664 -1.15783
339.919 243.374 1.86855 -0.489551 -1.11596
398.249 267.51 1.91517 -0.489056 -1.21222
939.304 343.942 1.70457 -0.332224 -1.76139
428.419 353.999 2.11931 -0.474642 -1.43119
128.727 50.2839 1.64542 -0.487257 -0.820222
870.918 545.078 1.88819 -0.143132 -1.82503
402.271 442.499 1.59181 -0.284381 -0.867258
362.044 492.782 1.60343 -0.26732 -0.84758
957.406 581.282 1.67114 -0.107758 -1.54659
60.3407 76.4316 1.62555 -0.456843 -0.773215
422.385 671.793 1.61029 -0.189648 -0.863414
800.52 223.261 1.95721 -0.586587 -2.04085
828.679 259.465 1.87484 -0.501525 -1.92333
830.69 253.431 1.9003 -0.520162 -1.99053
941.315 647.657 1.71 -0.0520386 -1.55716
533.01 551.112 2.42623 -0.25489 -1.84647
108.613 140.795 1.63334 -0.43273 -0.791317
245.386 454.567 1.68034 -0.305669 -0.855829
301.704 313.772 1.86296 -0.4367 -1.06002
321.817 319.806 1.88959 -0.440331 -1.0992
947.349 60.3407 1.48879 -0.501261 -1.41378
961.429 98.5565 1.5375 -0.511447 -1.56581
840.747 526.976 2.03203 -0.166019 -2.03526
345.953 545.078 1.60883 -0.248914 -0.838097
390.203 535.021 1.60174 -0.247621 -0.856273
219.238 58.3294 1.72039 -0.537502 -0.928793
235.329 38.2158 1.74642 -0.571532 -0.962785
420.374 277.567 1.9099 -0.481209 -1.23253
609.441 92.5224 2.06 -0.806752 -1.8243
158.897 553.123 1.7059 -0.270851 -0.815156
136.772 575.248 1.71547 -0.264124 -0.811063
573.237 597.373 2.44265 -0.173389 -1.91732
394.226 673.805 1.62175 -0.191893 -0.859483
335.897 150.852 1.97098 -0.621394 -1.23391
341.931 166.943 1.79458 -0.515699 -1.06453
748.225 185.045 2.02794 -0.677414 -2.06491
780.407 183.033 1.99217 -0.666877 -2.0982
543.066 317.794 3.25152 -0.882223 -3.03378
738.168 261.476 2.41142 -0.714037 -2.65157
555.135 259.465 2.55922 -0.767845 -2.26402
237.34 625.532 1.73489 -0.232854 -0.865163
207.17 661.736 1.70878 -0.218885 -0.829067
96.5451 154.874 1.64249 -0.432189 -0.791221
323.828 368.078 1.8587 -0.392742 -1.06248
325.84 615.475 1.61695 -0.222816 -0.826152
279.579 545.078 1.65562 -0.25844 -0.842815
911.145 44.2499 1.52107 -0.537078 -1.44166
585.305 313.772 3.09435 -0.840894 -2.99056
510.885 160.909 2.11414 -0.71427 -1.65174
535.021 158.897 2.09142 -0.707342 -1.66259
691.907 263.488 2.51551 -0.748187 -2.65012
454.567 164.931 2.16457 -0.728955 -1.60435
92.5224 456.578 1.65306 -0.307499 -0.764987
677.827 613.464 2.47144 -0.0917028 -2.20022
571.225 263.488 2.52272 -0.745611 -2.25469
738.168 526.976 3.06498 -0.200753 -3.37596
965.451 442.499 1.63999 -0.223462 -1.58713
953.383 518.93 1.67768 -0.159638 -1.5933
971.485 508.873 1.6273 -0.167359 -1.52376
858.849 454.567 1.96579 -0.254244 -2.0216
311.76 197.113 1.86719 -0.527877 -1.10122
989.588 454.567 1.58692 -0.207323 -1.49597
943.326 289.635 1.69736 -0.393854 -1.80688
965.451 305.726 1.6511 -0.358444 -1.72529
895.054 460.601 1.82736 -0.23021 -1.82856
995.185 362.044 1.59774 -0.285699 -1.60522
951.459 531.698 1.67815 -0.14948 -1.5781
968.949 584.168 1.64706 -0.107387 -1.51303
932.22 482.726 1.66715 -0.197117 -1.55222
815.037 512.459 2.16682 -0.193814 -2.21471
872.754 395.275 1.90012 -0.321775 -1.98399
829.029 381.283 2.13915 -0.393607 -2.34475
834.276 390.028 2.08077 -0.367528 -2.2376
759.069 568.427 2.78609 -0.0972493 -2.98322
921.726 624.395 1.75424 -0.0687928 -1.61858
909.483 671.618 1.7699 -0.02644 -1.59825
822.033 612.152 2.15495 -0.0486601 -2.12368
881.499 533.447 1.86254 -0.154407 -1.80878
940.965 566.678 1.70034 -0.119848 -1.58595
961.953 99.6934 1.51041 -0.489511 -1.48472
956.706 323.566 1.66469 -0.345883 -1.7214
750.324 185.395 2.00951 -0.664787 -2.03687
781.806 181.897 1.97209 -0.6582 -2.05679
647.132 145.168 2.00844 -0.706916 -1.79213
715.344 188.893 2.07505 -0.69233 -2.05066
648.881 87.4503 2.00738 -0.791828 -1.83933
926.973 122.43 1.63404 -0.557139 -1.74263
680.363 307.825 2.87798 -0.778798 -3.11745
673.367 335.809 3.40214 -0.855407 -3.84628
739.83 262.351 2.40031 -0.709997 -2.63661
918.228 243.112 1.79768 -0.498373 -2.0416
801.045 223.873 1.94318 -0.582748 -2.02052
830.778 251.857 1.88831 -0.516382 -1.96742
374.287 449.495 1.6052 -0.285331 -0.864566
411.016 400.522 2.04397 -0.407934 -1.31554
346.303 683.861 1.61942 -0.193092 -0.829216
423.259 603.407 1.61347 -0.217358 -0.87617
33.2311 456.491 1.62644 -0.30499 -0.729016
173.152 393.526 1.68461 -0.338834 -0.825252
244.861 456.491 1.65521 -0.300171 -0.835012
325.315 369.04 1.86823 -0.395195 -1.07196
218.626 393.526 1.66703 -0.332035 -0.838615
250.108 369.04 1.67354 -0.343649 -0.861992
124.179 538.694 1.69632 -0.279015 -0.794305
159.16 554.435 1.71064 -0.271481 -0.819286
325.315 615.65 1.61695 -0.222816 -0.826152
187.144 631.391 1.72284 -0.234447 -0.831118
225.622 631.391 1.74201 -0.231415 -0.864333
208.132 661.124 1.70086 -0.218498 -0.823231
454.742 164.407 2.17023 -0.731882 -1.61286
337.558 152.164 1.93797 -0.605542 -1.20097
510.71 160.909 2.11551 -0.714443 -1.65144
535.196 159.16 2.08494 -0.70563 -1.66094
606.905 45.4742 1.97907 -0.817877 -1.72745
342.805 297.331 1.87479 -0.45182 -1.11066
419.761 265.849 1.9064 -0.491337 -1.23264
384.781 201.136 2.04835 -0.614783 -1.3531
398.773 267.598 1.92985 -0.496777 -1.22952
585.917 341.056 3.40124 -0.857288 -3.38381
493.22 309.574 2.84057 -0.768422 -2.37598
542.192 318.319 3.15108 -0.849051 -2.89795
615.65 194.14 2.44335 -0.855183 -2.3407
517.706 262.351 2.60483 -0.780387 -2.20872
556.184 258.853 2.55922 -0.767845 -2.26402
176.65 173.152 1.67288 -0.44136 -0.848259
83.9523 148.666 1.61883 -0.4227 -0.76988
176.65 96.1953 1.6968 -0.495532 -0.877463
36.7291 285.088 1.61761 -0.365176 -0.737635
302.578 313.072 1.85858 -0.435159 -1.05598
197.638 209.881 1.6801 -0.426098 -0.861283
837.774 494.969 2.05005 -0.213224 -2.08639
837.774 507.212 2.06148 -0.196306 -2.09587
900.738 487.973 1.79519 -0.198773 -1.75367
830.778 430.256 2.12579 -0.3127 -2.2699
493.22 377.785 2.43804 -0.52074 -1.8697
501.965 391.777 2.5423 -0.526606 -1.9983
960.204 491.471 1.63098 -0.1834 -1.5191
972.447 508.961 1.62673 -0.16732 -1.52143
975.945 412.765 1.61836 -0.246306 -1.57753
970.698 398.773 1.63137 -0.261305 -1.61066
949.71 473.981 1.68032 -0.198861 -1.62418
977.694 479.228 1.62506 -0.190168 -1.54636
898.989 267.598 1.84252 -0.480322 -2.06153
370.789 332.311 1.97215 -0.455223 -1.21998
999.215 465.388 1.58521 -0.196287 -1.50432
971.839 507.972 1.63689 -0.166864 -1.54414
994.652 614.433 1.58657 -0.0913043 -1.40084
970.318 582.495 1.63649 -0.109037 -1.49036
749.791 491.243 3.02401 -0.288592 -3.42551
933.817 442.575 1.71998 -0.234749 -1.70198
678.31 614.433 2.42587 -0.0931545 -2.13844
740.666 529.264 2.97391 -0.194362 -3.23709
909.483 628.121 1.75624 -0.0681578 -1.59669
911.004 670.706 1.79257 -0.0200195 -1.63911
839.523 617.475 2.08858 -0.0439707 -2.05239
936.859 580.974 1.68918 -0.111253 -1.54381
803.022 529.264 2.21742 -0.172294 -2.25119
854.732 576.412 1.95195 -0.107374 -1.88117
999.215 47.1471 1.45262 -0.497022 -1.42574
999.215 77.5646 1.45993 -0.477449 -1.42899
970.318 247.903 1.63968 -0.418628 -1.76208
751.312 180.984 2.05334 -0.697667 -2.12446
783.251 182.505 1.98087 -0.660506 -2.0778
646.372 159.692 2.19848 -0.796074 -2.08425
716.332 188.589 2.03886 -0.670738 -1.98503
911.004 45.6263 1.52548 -0.538555 -1.45038
775.646 305.696 2.37132 -0.606818 -2.67366
787.813 232.694 1.9522 -0.569081 -1.98541
941.422 343.718 1.68657 -0.329691 -1.72252
799.98 222.048 1.93783 -0.578172 -2.00032
869.94 215.964 1.79444 -0.527028 -1.90457
389.344 454.742 1.60519 -0.282514 -0.871614
410.636 399.99 2.04528 -0.408398 -1.31699
386.302 436.491 1.60629 -0.290278 -0.873328
424.324 670.706 1.62085 -0.189429 -0.874612
387.823 629.642 1.61826 -0.209673 -0.857961
345.239 684.394 1.62 -0.194366 -0.830281
395.427 602.266 1.61491 -0.220681 -0.861768
631.163 640.288 3.54283 0.0313798 -3.38823
576.412 597.704 2.44546 -0.172559 -1.9289
535.348 552.078 2.52046 -0.258451 -1.94975
246.382 454.742 1.65521 -0.300171 -0.835012
326.988 369.573 1.87568 -0.396838 -1.07912
325.467 614.433 1.61896 -0.223439 -0.827993
226.61 629.642 1.76489 -0.232381 -0.879311
208.36 661.581 1.71478 -0.218881 -0.833631
279.841 544.473 1.6557 -0.258247 -0.842729
456.262 164.255 2.17023 -0.731882 -1.61286
535.348 158.171 2.08494 -0.70563 -1.66094
609.871 91.2525 2.04517 -0.796754 -1.80226
398.469 267.674 1.92618 -0.49682 -1.22699
587.058 340.676 3.33957 -0.839667 -3.30693
571.849 264.632 2.52272 -0.745611 -2.25469
518.618 261.59 2.60483 -0.780387 -2.20872
556.64 258.549 2.55922 -0.767845 -2.26402
152.087 138.4 1.66314 -0.453893 -0.832181
83.6481 149.046 1.63 -0.427715 -0.776836
97.336 155.129 1.63718 -0.428679 -0.787263
176.421 95.8151 1.68652 -0.490282 -0.868479
188.589 191.63 1.6788 -0.435219 -0.857879
235.736 38.0219 1.76114 -0.580995 -0.975891
36.501 284.404 1.62169 -0.366465 -0.740567
302.654 311.779 1.90529 -0.451256 -1.09817
322.426 319.384 1.86827 -0.434445 -1.07972
326.988 197.714 1.87523 -0.531115 -1.12047
839.523 526.223 2.03767 -0.165419 -2.04261
340.676 243.34 1.86157 -0.488941 -1.10873
895.795 460.825 1.82888 -0.229359 -1.83245
874.503 476.034 1.93072 -0.21971 -1.97183
880.587 416.72 1.87704 -0.288374 -1.93382
990.09 393.907 1.60155 -0.257322 -1.57536
512.535 368.052 2.85494 -0.649287 -2.39985
979.443 310.258 1.61045 -0.341291 -1.64941
851.69 463.867 1.9592 -0.244156 -1.97983
860.815 448.658 1.95059 -0.260312 -2.00192
752.833 424.324 2.99282 -0.462138 -3.49008
984.006 428.887 1.58876 -0.228438 -1.50712
915.567 526.223 1.75266 -0.158804 -1.66838
936.859 524.702 1.72233 -0.15535 -1.64909
129.274 50.1889 1.69135 -0.516125 -0.85274
949.026 472.992 1.68384 -0.199206 -1.63115
830.398 380.219 2.12031 -0.390346 -2.30864
781.73 472.992 2.48622 -0.286189 -2.69691
457.783 365.01 2.17763 -0.474873 -1.52969
898.837 267.674 1.84252 -0.480322 -2.06153
428.887 354.364 2.09117 -0.466393 -1.40106
911.004 375.656 1.77775 -0.317131 -1.83268
944.463 361.968 1.68425 -0.310551 -1.70748
911.004 395.427 1.77443 -0.293518 -1.80658
941.422 395.427 1.70253 -0.278212 -1.7148
990.552 453.617 1.60252 -0.207892 -1.53562
749.857 490.647 2.94184 -0.282537 -3.29138
677.12 614.963 2.42587 -0.0931545 -2.13844
669.185 595.125 2.62773 -0.117109 -2.39549
821.273 610.995 2.18562 -0.0463307 -2.17706
964.102 99.1875 1.49909 -0.481424 -1.45568
985.263 261.855 1.59246 -0.383039 -1.65667
751.18 181.182 2.00425 -0.670581 -2.03179
646.703 144.152 2.01507 -0.710747 -1.80333
714.15 185.15 2.05562 -0.685801 -2.01468
913.847 183.827 1.64577 -0.488791 -1.68355
786.888 232.76 1.9522 -0.569081 -1.98541
692.99 265.823 2.48157 -0.735715 -2.59142
831.852 251.275 1.88825 -0.516514 -1.96679
347.818 505.195 1.62018 -0.265762 -0.855695
532.967 551.482 2.52046 -0.258451 -1.94975
559.417 599.092 2.44261 -0.177989 -1.88942
285.66 519.742 1.64357 -0.267229 -0.840098
245.985 454.94 1.6689 -0.303077 -0.846495
326.658 368.978 1.88246 -0.398531 -1.08601
286.982 613.64 1.64245 -0.228524 -0.82717
280.37 546.193 1.65565 -0.258162 -0.842685
309.465 566.03 1.61605 -0.243817 -0.824466
215.568 538.258 1.74833 -0.279368 -0.874819
445.682 171.925 2.1731 -0.721359 -1.59428
502.55 157.378 2.10946 -0.71476 -1.62696
535.612 158.7 2.09018 -0.708333 -1.66922
609.672 89.93 2.06025 -0.808436 -1.82636
396.75 268.467 1.92481 -0.496044 -1.22416
581.9 312.11 2.97796 -0.805619 -2.84335
517.097 261.855 2.60015 -0.778988 -2.20089
556.773 259.21 2.53111 -0.756755 -2.22705
152.087 215.568 1.69709 -0.43108 -0.845626
502.55 391.46 2.59725 -0.536882 -2.06454
764.405 425.845 2.81615 -0.429585 -3.24681
753.825 453.617 2.94402 -0.37407 -3.36341
876.818 351.785 1.85735 -0.36912 -1.93867
949.555 473.455 1.69305 -0.199894 -1.64942
895.333 461.552 1.82888 -0.229359 -1.83245
769.695 456.262 2.72345 -0.34391 -3.07134
424.522 333.27 2.05917 -0.476351 -1.37042
119.025 27.7725 1.66749 -0.511445 -0.832909
941.62 396.75 1.70666 -0.277563 -1.72577
888.72 363.688 1.82803 -0.345734 -1.89763
972.037 507.84 1.6485 -0.166236 -1.57032
932.362 482.712 1.70173 -0.195891 -1.62769
370.3 329.302 1.97383 -0.456283 -1.22142
404.685 334.592 2.03401 -0.469158 -1.32189
353.107 216.89 1.90801 -0.532847 -1.17345
900.622 191.762 1.66787 -0.490078 -1.70018
874.172 222.18 1.89732 -0.570183 -2.15086
983.25 634.8 1.61479 -0.0731492 -1.4345
976.35 89.7 1.49005 -0.486262 -1.46209
757.85 184 2.01157 -0.675003 -2.06667
648.6 141.45 2.21706 -0.837568 -2.14485
926.9 121.9 1.62532 -0.551617 -1.71757
717.6 307.05 2.93976 -0.79354 -3.40152
741.75 263.35 2.40044 -0.708036 -2.64137
692.3 263.35 2.48157 -0.735715 -2.59142
831.45 251.85 1.88825 -0.516514 -1.96679
303.6 455.4 1.62105 -0.290384 -0.839311
246.1 455.4 1.66763 -0.302728 -0.845409
231.15 523.25 1.7441 -0.282631 -0.882714
209.3 661.25 1.71114 -0.218811 -0.830928
468.05 159.85 2.15393 -0.732144 -1.61746
581.9 311.65 2.97796 -0.805619 -2.84335
557.75 259.9 2.52656 -0.755045 -2.22115
33.35 284.05 1.60789 -0.361914 -0.731107
365.7 258.75 1.96996 -0.519967 -1.23596
897 461.15 1.79619 -0.22761 -1.76982
903.9 244.95 1.87138 -0.526832 -2.17072
914.25 527.85 1.77582 -0.156457 -1.71461
887.8 363.4 1.84095 -0.348495 -1.92397
839.5 233.45 1.81952 -0.511717 -1.85894
719.9 326.6 2.66207 -0.657409 -2.922
401.35 221.95 1.89448 -0.52293 -1.21031
403.65 441.6 1.59919 -0.285732 -0.875586
396.75 267.95 1.92481 -0.496044 -1.22416
302.45 201.25 1.85043 -0.516369 -1.07526
325.45 197.8 1.84018 -0.515375 -1.08742
986 262 1.58786 -0.381503 -1.64408
783 185 1.967 -0.652723 -2.05385
646 161 2.25862 -0.82768 -2.18018
714 185 2.0754 -0.696799 -2.05101
927 122 1.62532 -0.551617 -1.71757
643 266 2.60159 -0.781763 -2.59459
692 264 2.48157 -0.735715 -2.59142
533 553 2.47117 -0.255251 -1.89222
209 662 1.71779 -0.218515 -0.835837
502 158 2.13978 -0.730789 -1.66822
541 319 3.23922 -0.874134 -3.00486
397 294 1.93407 -0.475833 -1.22534
329 200 1.88758 -0.536703 -1.13372
840 234 1.81952 -0.511717 -1.85894
948 319 1.6656 -0.350392 -1.70682
