448 635 9.27065 1.87403 20.4741
694 497 8.38638 1.28505 18.9279
349 376 10.7431 1.04347 18.2456
69 230 10.0368 0.714137 21.9936
134 99 10.1903 0.304842 21.6653
936 196 7.96989 0.112088 21.5527
690 542 8.34713 1.59272 18.4715
67.2 399.6 10.0551 1.11969 21.835
104.4 482.4 10.0901 1.36561 21.5582
217.2 51.6 10.2892 -0.0255525 21.1971
968.4 316.8 7.8955 0.471216 21.8107
237.6 536.4 10.2671 1.71799 20.2992
247.2 243.6 10.3791 0.527927 20.5508
111.6 284.4 10.1379 0.814308 21.648
322.8 505.2 10.4911 1.78177 18.8783
261.6 120 10.3831 0.045148 20.6616
974.4 668.4 7.62966 1.35774 21.5288
141.6 110.4 10.2291 0.306712 21.5644
682.8 226.8 8.837 -0.596136 17.2069
151.2 290.4 10.162 0.803944 21.437
751.2 487.2 8.1471 1.12553 19.7381
228 298.8 10.2357 0.768965 20.8781
122.4 402 10.0969 1.13119 21.551
657.6 256.8 9.05667 -0.514046 16.1671
746.4 330 8.30583 0.353782 19.4489
318 120 10.5715 -0.206581 19.792
975.6 158.4 7.88357 -0.0014864 21.5757
392.4 278.4 10.5967 0.35835 18.2967
642 298.8 9.17402 -0.212285 15.2904
111.6 211.2 10.1109 0.629605 21.7661
68.4 276 10.0334 0.820332 21.9677
56.4 90 10.0392 0.417906 22.1363
156 64.8 10.1354 0.202083 21.701
27.6 142.8 10.0475 0.559425 22.1623
99.6 187.2 10.1029 0.580905 21.8444
54 504 10.0304 1.38362 21.8268
529.2 553.2 9.34916 1.93521 18.1592
483.6 499.2 10.0147 1.84917 16.6993
426 520.8 10.0627 1.87132 18.1424
894 352.8 8.08327 0.611208 21.9561
717.6 117.6 8.69552 -0.876476 18.9753
1028.4 307.2 7.73651 0.41314 21.7511
1210.8 175.2 7.69061 0.238679 22.3993
1189.2 138 7.70709 0.15011 22.3343
644.4 511.2 8.65063 1.41177 19.0611
968.4 596.4 7.75713 1.1488 21.7514
67.68 398.88 10.0508 1.11771 21.8387
254.88 158.4 10.2696 0.241091 20.8434
685.44 113.76 8.87249 -0.849847 18.9844
828 262.08 8.10115 0.157423 20.5973
148.32 384.48 10.1323 1.08561 21.3916
144 377.28 10.1424 1.0691 21.3957
671.04 239.04 8.94859 -0.626667 16.4052
1231.2 302.4 7.63184 0.468346 22.4301
737.28 279.36 8.39323 0.0293788 19.0052
1245.6 318.24 7.6354 0.493204 22.481
256.32 250.56 10.2831 0.554195 20.646
329.76 260.64 10.5347 0.427821 19.4244
329.76 236.16 10.5677 0.285286 19.3954
780.48 462.24 8.07932 0.965679 20.0686
190.08 181.44 10.191 0.443398 21.3274
227.52 299.52 10.2089 0.77401 20.9351
629.28 290.88 9.45862 -0.455506 13.6265
691.2 262.08 8.69528 -0.265877 17.5872
702.72 234.72 8.66463 -0.429939 17.752
950.4 27.36 7.94674 -0.512489 21.2369
748.8 357.12 8.25922 0.481067 19.2548
747.36 329.76 8.3048 0.350531 19.4314
329.76 427.68 10.6878 1.37371 18.5197
293.76 413.28 10.4176 1.23213 19.7044
658.08 339.84 8.86216 0.275692 16.792
316.8 318.24 10.5429 0.728914 19.3747
708.48 288 8.55304 0.091055 18.9157
335.52 450.72 10.5573 1.48539 18.696
336.96 260.64 10.5142 0.412225 19.3373
436.32 288 11.9767 -0.125747 12.8272
640.8 299.52 9.17519 -0.213619 15.2613
348.48 375.84 10.6787 1.03517 18.4373
198.72 218.88 10.2316 0.54156 21.168
180 352.8 10.1144 0.981738 21.3053
207.36 305.28 10.2153 0.808409 21.0353
239.04 99.36 10.3321 0.0486413 20.9336
289.44 44.64 10.4756 -0.355478 20.4034
152.64 129.6 10.1697 0.359152 21.5928
614.88 198.72 9.43835 -0.808011 16.7475
374.4 218.88 10.8122 -0.0188476 18.2412
434.88 53.28 10.218 -0.777257 19.4452
385.92 181.44 10.8405 -0.30766 18.1196
92.16 558.72 10.0101 1.54119 21.6706
73.44 632.16 9.99843 1.73825 21.6744
1147.68 244.8 7.61824 0.282444 22.0565
967.68 239.04 7.86077 0.219113 21.5603
1031.04 347.04 7.72478 0.503171 21.7768
1160.64 174.24 7.72569 0.211459 22.295
1224 126.72 7.6902 0.147167 22.4072
1216.8 573.12 7.62579 0.928452 22.4983
1200.96 663.84 7.51689 1.1081 22.3183
1031.04 645.12 7.67574 1.19097 21.9754
1219.68 442.08 7.61241 0.705081 22.4312
179.712 298.944 9.88772 0.820083 21.7568
248.832 502.848 10.2169 1.56984 20.3864
307.584 482.112 10.4474 1.59641 19.2879
404.352 432 11.2424 1.56951 15.2026
736.128 279.936 8.39446 0.0305206 18.9514
844.992 430.272 8.15695 0.810219 21.9513
914.112 248.832 8.03812 0.31681 21.722
148.608 385.344 10.1326 1.08654 21.3921
298.944 210.816 10.4802 0.275714 19.9754
330.048 259.2 10.5467 0.416596 19.3902
330.048 236.736 10.6045 0.277349 19.305
677.376 440.64 8.54425 0.988074 19.1715
665.28 402.624 8.64118 0.797563 19.2962
675.648 269.568 8.84117 -0.315757 16.8045
691.2 262.656 8.69293 -0.263503 17.621
819.072 198.72 8.15294 -0.172879 20.2541
1244.16 290.304 7.61606 0.44675 22.4335
715.392 198.72 8.6391 -0.673704 17.8174
720.576 241.92 8.53035 -0.291351 18.3965
1095.55 138.24 7.79902 0.0972421 22.1277
1069.63 122.688 7.81291 0.0313483 22.0054
300.672 335.232 10.5153 0.832587 19.624
302.4 157.248 10.5644 -0.000756908 19.881
347.328 302.4 10.3526 0.630311 19.5195
342.144 297.216 10.463 0.598024 19.3031
364.608 461.376 10.7085 1.62481 17.7534
335.232 451.008 10.5872 1.48894 18.6038
596.16 423.36 9.58123 1.16182 12.8921
288.576 214.272 10.3873 0.332588 20.285
763.776 267.84 8.30446 0.0794962 19.8379
763.776 414.72 8.15564 0.76807 19.5974
435.456 288.576 11.9728 -0.115907 12.8316
774.144 212.544 8.29604 -0.259144 19.527
756.864 198.72 8.37924 -0.446603 18.9867
646.272 295.488 9.0957 -0.121967 16.0969
336.96 233.28 10.2878 0.338835 20.0001
347.328 376.704 10.6938 1.03991 18.3984
385.344 390.528 11.1108 1.1487 16.3797
387.072 373.248 10.9898 0.988569 16.8314
366.336 412.992 10.8531 1.30665 17.4703
69.12 274.752 10.0342 0.817626 21.9677
51.84 345.6 10.0387 0.998238 21.9577
117.504 286.848 10.1188 0.81993 21.6558
240.192 98.496 10.3589 0.0395749 20.8817
193.536 143.424 10.238 0.310735 21.2834
311.04 145.152 10.49 -0.0434295 19.9933
79.488 103.68 10.0761 0.410945 22.0201
60.48 63.936 10.0914 0.342764 22.0725
72.576 176.256 10.0647 0.58897 22.0024
160.704 155.52 10.1473 0.421025 21.5734
136.512 193.536 10.1472 0.552077 21.6308
179.712 133.056 10.2019 0.316156 21.4195
131.328 115.776 10.1354 0.360403 21.7478
584.064 254.016 10.4455 -1.11059 11.3829
615.168 200.448 9.48192 -0.855663 16.5295
523.584 177.984 10.5936 -1.13811 15.294
402.624 46.656 10.3898 -0.780928 19.417
451.008 70.848 10.0987 -0.703645 19.454
81.216 623.808 10.0334 1.73493 21.5928
202.176 461.376 10.2442 1.3788 20.7736
67.392 399.168 10.0531 1.11676 21.8389
122.688 432 10.1262 1.23506 21.4662
122.688 400.896 10.0843 1.12995 21.5827
483.84 497.664 10.0976 1.89195 16.3156
931.392 307.584 7.95069 0.434516 21.6202
770.688 278.208 8.27241 0.110739 19.6973
715.392 117.504 8.69038 -0.854087 19.0378
717.12 117.504 8.69191 -0.86546 18.9832
1078.27 196.992 7.77382 0.201152 22.0211
1026.43 309.312 7.73702 0.413892 21.7509
1161.22 174.528 7.71754 0.210124 22.2757
1223.42 127.872 7.69031 0.146643 22.4073
641.088 577.152 8.58137 1.71684 19.3649
832.896 502.848 8.13388 0.992386 21.7892
699.84 473.472 8.37547 1.16348 18.4067
746.496 525.312 8.13484 1.31456 19.606
730.944 461.376 8.23944 1.03594 19.2262
1166.4 411.264 7.61915 0.653449 22.2486
1135.3 387.072 7.67275 0.614481 22.2258
1209.6 438.912 7.62679 0.706787 22.4188
1194.05 390.528 7.62984 0.618666 22.3413
1157.76 511.488 7.60859 0.847475 22.2521
1035.07 432 7.62249 0.71304 21.6175
1090.37 454.464 7.61101 0.755904 21.9424
931.047 306.893 7.95228 0.436236 21.6164
1103.16 111.974 7.75741 0.0143536 22.0609
234.317 325.555 10.2785 0.858041 20.7038
286.157 306.893 10.3333 0.734327 20.2105
313.114 379.469 10.5466 1.05767 19.2353
416.794 261.274 11.2475 -0.0588977 15.9802
746.496 329.702 8.30513 0.344301 19.3736
837.734 180.403 8.11326 -0.206746 20.4487
958.003 101.606 7.93334 -0.210067 21.4348
333.85 192.845 11.2758 -0.180835 17.903
315.187 182.477 10.6809 0.0385567 19.4177
321.408 176.256 10.6432 -0.00455067 19.4936
644.89 294.451 9.15994 -0.275217 15.1446
1231.72 302.746 7.63517 0.467451 22.4245
1208.91 313.114 7.64002 0.482583 22.3702
292.378 412.646 10.4529 1.24037 19.6098
675.994 269.568 8.8273 -0.29149 16.9679
736.128 279.936 8.39985 0.0350738 18.9552
787.968 255.053 8.21036 0.0311723 19.9086
792.115 211.507 8.22842 -0.225712 19.7097
943.488 120.269 7.93701 -0.185632 21.3087
369.101 427.162 10.8499 1.42108 17.2345
387.763 373.248 11.0702 1.00034 16.5352
298.598 209.434 10.48 0.277128 19.9662
196.992 219.802 10.2046 0.550871 21.2258
298.598 257.126 10.3616 0.501865 20.1355
288.23 213.581 10.4858 0.287503 20.0518
226.022 298.598 10.2442 0.773583 20.8619
205.286 304.819 10.2164 0.80688 21.0326
87.0912 273.715 10.0608 0.80873 21.878
68.4288 273.715 10.0362 0.814447 21.9657
118.195 286.157 10.1213 0.819255 21.6468
296.525 55.9872 10.4492 -0.324415 20.3813
232.243 172.109 10.3245 0.309685 20.8752
223.949 147.226 10.2333 0.266185 21.1128
311.04 145.152 10.49 -0.0434295 19.9933
55.9872 87.0912 10.0412 0.417569 22.1374
60.1344 64.2816 10.078 0.346476 22.0935
134.784 192.845 10.1398 0.555378 21.6447
174.182 126.49 10.2088 0.309945 21.4441
130.637 116.122 10.1337 0.361551 21.7477
615.859 201.139 9.47827 -0.849109 16.5448
553.651 136.858 10.1077 -1.28184 16.4425
522.547 130.637 10.3091 -1.20794 16.7911
393.984 60.1344 10.4255 -0.723511 19.4133
433.382 51.84 10.2873 -0.83913 19.2448
385.69 180.403 10.973 -0.372713 17.7778
458.266 176.256 10.9919 -0.877111 15.9756
240.538 526.694 10.2659 1.69166 20.3052
91.2384 553.651 10.0142 1.54226 21.6555
80.8704 622.08 10.0349 1.73609 21.593
136.858 626.227 10.0433 1.82276 21.3072
252.979 420.941 10.2808 1.24256 20.3831
207.36 377.395 10.2065 1.06158 20.9324
263.347 396.058 10.312 1.13954 20.2499
321.408 503.885 10.5273 1.78489 18.7964
319.334 474.854 10.3546 1.5456 19.4133
55.9872 379.469 10.0397 1.07864 21.9162
122.342 402.278 10.0846 1.13081 21.5832
49.7664 499.738 10.0366 1.38111 21.8392
101.606 483.149 10.0802 1.37119 21.5791
143.078 472.781 10.134 1.36695 21.3104
377.395 601.344 9.62263 1.87091 20.3182
402.278 557.798 9.76233 1.83644 19.5974
364.954 615.859 9.64597 1.91188 20.3345
918.605 267.494 7.98935 0.336113 21.636
893.722 261.274 8.06117 0.326612 21.5908
904.09 196.992 8.04212 0.113974 21.5133
891.648 308.966 8.02657 0.438643 21.5142
771.379 321.408 8.19812 0.332873 19.7251
850.176 128.563 8.09959 -0.406633 20.5131
667.699 111.974 8.97383 -0.858566 18.917
713.318 116.122 8.71731 -0.914277 18.8076
1026.43 308.966 7.73752 0.411391 21.751
1227.57 87.0912 7.68225 0.0691811 22.3816
1159.14 174.182 7.7239 0.212325 22.294
1213.06 128.563 7.69827 0.156361 22.3895
1022.28 147.226 7.86749 0.0649622 21.8796
649.037 564.019 8.57028 1.67288 19.1031
744.422 524.621 8.13422 1.31483 19.5544
939.341 379.469 7.98064 0.652881 21.9608
705.024 406.426 8.41566 0.794024 18.612
675.994 441.677 8.53881 0.990215 19.3064
700.877 371.174 8.47521 0.562153 18.7209
644.89 501.811 8.64528 1.37002 19.057
698.803 474.854 8.37808 1.17163 18.4336
729.907 460.339 8.23945 1.03873 19.0199
1217.2 572.314 7.62868 0.929487 22.518
1219.28 561.946 7.61459 0.904074 22.4895
1202.69 669.773 7.51678 1.10863 22.3183
1157.07 516.326 7.6096 0.850951 22.2545
1105.23 510.106 7.65901 0.86838 22.1607
1090.71 454.118 7.61228 0.755058 21.9425
1028.51 454.118 7.63845 0.776146 21.6439
1034.73 431.309 7.62301 0.711258 21.6181
900.772 308.552 8.00639 0.45011 21.5648
900.772 283.669 8.02871 0.388181 21.5977
1052.56 144.323 7.80873 0.050019 21.9239
1209.32 355.83 7.6514 0.563063 22.422
368.271 360.806 10.8127 0.915144 17.8015
360.806 338.412 10.8472 0.765779 17.8871
316.017 221.461 10.5301 0.262681 19.668
676.823 338.412 8.68269 0.346165 18.0925
338.412 365.783 10.7167 0.975693 18.5039
313.528 378.225 10.5336 1.05773 19.2677
472.781 512.594 9.76457 1.77377 18.149
430.479 52.2547 10.2412 -0.788083 19.4154
938.097 378.225 7.98086 0.649845 21.9352
975.422 669.358 7.63761 1.35304 21.5565
739.031 602.174 8.10149 1.65378 19.6299
982.887 363.295 7.81125 0.567473 21.7354
1084.91 525.036 7.67718 0.896035 22.1171
1134.67 418.038 7.66015 0.67973 22.2265
1132.19 385.69 7.66949 0.613912 22.2117
92.0679 552.407 10.0088 1.53531 21.6669
69.673 534.989 10.0277 1.48119 21.7466
432.968 661.893 9.21649 1.88763 20.8267
1005.28 492.687 7.74144 0.882832 21.8186
1109.79 238.879 7.70383 0.28942 22.0606
666.87 111.974 8.95903 -0.856943 18.9527
1099.84 301.087 7.67893 0.416128 21.9989
1191.91 388.178 7.63349 0.612887 22.3444
522.547 129.393 10.3451 -1.25448 16.6221
1157.07 515.082 7.60993 0.849355 22.2546
1129.7 450.386 7.64873 0.737951 22.1824
967.957 313.528 7.87695 0.450565 21.7136
358.318 199.066 10.8463 -0.0801138 18.4274
348.365 159.253 10.5854 -0.139074 19.381
89.5795 129.393 10.1108 0.44162 21.9157
1025.19 308.552 7.74234 0.41765 21.7469
1074.95 276.204 7.71373 0.362494 21.9557
1035.14 266.25 7.7446 0.312371 21.7748
1157.07 174.182 7.72479 0.201184 22.2772
1149.6 136.858 7.74391 0.137204 22.2732
236.39 79.6263 10.3901 -0.0387581 20.8666
54.743 87.0912 10.0417 0.414913 22.1376
87.0912 273.715 10.0608 0.808731 21.878
64.6963 228.925 10.0315 0.713719 22.0143
47.2781 500.152 10.0346 1.38555 21.8419
316.017 119.439 10.5321 -0.19522 19.9147
818.657 196.577 8.15784 -0.175844 20.2488
851.006 126.904 8.09939 -0.420155 20.5035
129.393 116.951 10.1347 0.362997 21.7482
948.05 263.762 7.93577 0.333783 21.6957
1020.21 146.811 7.87092 0.0673115 21.9007
134.369 194.089 10.146 0.557818 21.6338
1030.16 57.2314 7.86801 -0.187315 21.8491
958.003 102.021 7.93292 -0.21306 21.4172
256.297 395.643 10.2686 1.12802 20.4405
206.531 378.225 10.2079 1.06198 20.9298
141.834 472.781 10.1181 1.36057 21.3435
261.274 510.106 10.3357 1.64849 19.9566
975.422 154.276 7.90245 0.0122705 21.6504
174.182 437.944 10.1086 1.2542 21.2486
179.159 378.225 10.1947 1.07231 21.1294
263.762 251.32 10.3602 0.526054 20.4521
786.309 253.809 8.21036 0.0311723 19.9086
771.379 211.507 8.30214 -0.272524 19.416
828.611 226.437 8.11082 -0.0223549 20.3937
221.461 353.341 10.1829 0.981084 20.9142
206.531 303.575 10.1872 0.80776 21.1006
335.923 447.898 10.5688 1.47617 18.653
320.993 176.671 10.7544 -0.0662261 19.2202
704.195 328.458 8.51259 0.271653 18.362
365.783 413.061 10.7257 1.28643 17.8471
286.157 253.809 10.3552 0.497276 20.2556
1040.12 477.758 7.68222 0.829927 21.8548
1201.86 669.358 7.51823 1.10757 22.3166
952.529 313.528 7.89323 0.434515 21.5921
450.884 68.6776 10.1374 -0.730927 19.3373
534.491 615.113 9.02053 1.86253 20.0129
937.599 379.22 7.98239 0.65 21.9569
964.473 633.029 7.75744 1.21903 21.7812
1030.16 650.945 7.69105 1.19645 22.0154
567.337 438.94 10.2525 1.53862 10.3401
740.524 600.183 8.09904 1.67442 19.4748
83.6076 543.449 10.0215 1.5085 21.697
1137.66 418.038 7.66467 0.685384 22.2373
480.743 182.145 10.3866 -0.58859 17.4703
453.87 176.173 10.8225 -0.738149 16.7282
486.715 152.285 10.3262 -0.783124 17.6549
674.833 113.467 8.92964 -0.840857 19.0494
119.439 650.945 10.0258 1.85971 21.3908
110.481 612.127 10.0529 1.74765 21.4337
1125.72 498.659 7.64325 0.835757 22.187
1143.63 444.912 7.65081 0.726306 22.2532
1158.56 561.365 7.65798 0.926092 22.3701
101.523 483.729 10.0883 1.36811 21.5798
1128.7 301.584 7.68349 0.436203 22.1665
1101.83 301.584 7.68021 0.413845 21.9946
1194.39 388.178 7.63243 0.612712 22.3489
522.547 179.159 10.5273 -1.09862 15.5749
725.594 582.267 8.15622 1.65873 19.2382
62.7057 229.921 10.0335 0.714187 22.0146
349.36 158.257 10.7281 -0.204541 18.9838
71.6636 176.173 10.0522 0.590211 22.0186
59.7197 161.243 10.0731 0.560531 22.0257
56.7337 86.5936 10.0402 0.416825 22.1375
546.435 241.865 11.1983 -1.34964 10.5528
1077.94 352.346 7.72151 0.540092 22.0256
1218.28 561.365 7.61887 0.900905 22.4901
818.16 197.075 8.15531 -0.160395 20.3263
958.501 101.523 7.93538 -0.208652 21.4174
970.445 235.893 7.86501 0.211968 21.5709
1077.94 277.697 7.72459 0.370244 22.0018
1036.14 265.753 7.74324 0.310504 21.7653
979.403 325.472 7.7854 0.428241 21.5072
62.7057 403.108 10.0187 1.13879 21.8945
134.369 194.089 10.1315 0.556383 21.6612
220.963 125.411 10.1917 0.218027 21.2546
1048.08 203.047 7.80081 0.199186 21.9487
131.383 534.491 10.0726 1.53364 21.4016
268.739 534.491 10.3019 1.77602 19.923
925.655 355.332 8.02313 0.603276 21.9297
707.678 453.87 8.34019 1.04311 18.8146
677.818 268.739 8.78693 -0.207851 17.5717
680.805 226.935 8.87632 -0.663346 16.849
889.823 206.033 8.08689 0.185396 21.638
1221.27 349.36 7.65217 0.556978 22.4618
170.201 507.617 10.1595 1.49944 21.058
173.187 438.94 10.0647 1.24626 21.3286
319.5 474.772 10.3691 1.55563 19.3655
143.327 379.22 10.1299 1.06801 21.4314
140.341 292.626 10.128 0.825512 21.5346
229.921 173.187 10.2586 0.337299 21.0367
979.403 152.285 7.8841 -0.00214964 21.5757
973.431 164.229 7.92912 0.0833634 21.7358
764.412 385.192 8.17861 0.63294 19.5049
731.566 388.178 8.31631 0.644258 18.9399
298.598 334.43 11.357 0.788719 17.7882
594.211 421.024 9.58729 1.15515 12.9081
773.37 212.005 8.29738 -0.270447 19.4475
788.3 253.809 8.21188 0.029353 19.9301
370.262 214.991 10.7807 -0.00581133 18.4213
310.542 146.313 10.5196 -0.0532339 19.9187
1153.78 347.569 7.73828 0.562806 22.4274
745.302 526.728 8.15015 1.29368 19.727
541.06 261.572 11.1953 -1.06833 10.5245
512.395 232.907 11.5286 -1.27132 11.1258
1031.96 268.739 7.74888 0.307274 21.7439
1046.29 200.658 7.80558 0.191341 21.9279
143.327 293.821 10.1353 0.827125 21.5095
827.715 189.909 8.14088 -0.184648 20.3951
816.965 197.075 8.16069 -0.14222 20.4532
1078.54 103.912 7.79725 -0.0180791 22.024
1100.04 93.1627 7.80064 0.00386159 22.1519
1153.78 544.644 7.65233 0.899443 22.3534
71.6636 272.322 10.0442 0.802648 21.9374
82.4132 225.74 10.0562 0.697038 21.9167
211.408 404.9 10.2637 1.17688 20.7457
207.825 379.817 10.2535 1.07362 20.8298
945.96 265.155 7.94075 0.327374 21.6796
967.459 236.49 7.86967 0.229087 21.6151
136.161 193.492 10.1302 0.55688 21.664
161.243 154.077 10.1457 0.416718 21.577
121.828 397.733 10.0882 1.13028 21.5701
967.459 193.492 7.90562 0.105635 21.5999
978.209 154.077 7.91446 0.0319049 21.7266
895.795 293.821 8.02809 0.377013 21.507
257.989 512.395 10.2565 1.63958 20.2076
318.903 476.563 10.4923 1.59251 19.0092
601.974 369.068 9.46513 0.521678 14.5937
709.47 455.064 8.34862 1.04879 18.4006
834.881 401.316 8.1065 0.701567 21.2456
143.327 379.817 10.1288 1.07067 21.4322
770.384 340.402 8.14718 0.306412 18.6939
723.803 318.903 8.4188 0.242073 18.7851
236.49 447.898 10.2857 1.35902 20.4506
702.304 329.653 8.51997 0.28446 18.4515
709.47 286.655 8.54661 -0.00124237 18.4308
770.384 211.408 8.30373 -0.246616 19.5609
713.053 222.157 8.63396 -0.648245 17.117
275.905 412.066 10.2768 1.19529 20.2175
315.32 379.817 10.4847 1.04767 19.4127
920.878 268.739 7.98984 0.338515 21.6355
885.046 211.408 8.0799 0.158462 21.506
290.238 207.825 10.644 0.239549 19.715
601.974 336.819 9.6316 0.11171 13.8151
333.236 229.324 10.4931 0.259828 19.5365
935.21 379.817 7.98896 0.651029 21.9572
673.638 591.225 8.41465 1.74984 19.2186
1153.78 175.576 7.72023 0.215674 22.2549
1103.62 240.073 7.70667 0.289355 22.0456
659.305 204.241 9.08079 -0.854072 16.7021
852.797 121.828 8.09959 -0.406633 20.5131
422.815 566.143 9.82497 1.94726 19.0986
100.329 483.73 10.0843 1.37213 21.5795
93.1627 551.81 10.019 1.53186 21.654
523.145 128.995 10.3533 -1.20391 16.7813
437.148 268.739 11.632 -0.270052 14.151
100.329 186.325 10.1244 0.567898 21.8133
85.9964 270.889 10.0782 0.804991 21.8486
111.795 214.991 10.1098 0.639902 21.7492
85.9964 236.49 10.0614 0.696404 21.9171
223.591 124.695 10.2161 0.209759 21.1946
958.859 103.196 7.93167 -0.207375 21.3966
550.377 240.79 10.916 -1.23175 11.7415
842.764 494.479 8.11817 0.956674 21.7942
924.461 352.585 8.02503 0.597603 21.9018
894.362 305.287 8.02453 0.445257 21.5458
171.993 434.282 10.1261 1.25761 21.2123
202.091 146.194 10.1244 0.343455 21.4535
159.093 154.793 10.1365 0.421187 21.5939
249.389 232.19 11.2121 0.319527 18.9164
640.673 494.479 8.66328 1.34711 19.0576
210.691 404.183 10.2625 1.17712 20.7598
855.664 399.883 8.1385 0.729985 21.8872
709.47 283.788 8.55624 -0.0247465 18.2296
361.185 335.386 10.8407 0.740943 17.9289
890.062 270.889 8.05228 0.339798 21.5883
782.567 275.188 8.24212 0.143299 19.8465
1195.35 386.984 7.63211 0.616275 22.3429
1135.15 386.984 7.66704 0.615893 22.2326
1092.15 632.073 7.63693 1.11306 22.1119
675.071 589.075 8.40646 1.73194 19.2417
696.57 528.878 8.4132 1.30342 20.3825
1156.65 176.293 7.74066 0.226633 22.3313
1027.66 309.587 7.75064 0.431684 21.7724
1014.76 279.488 7.76745 0.328926 21.6984
1079.25 348.285 7.75483 0.553998 22.1572
756.768 189.192 8.36887 -0.614292 18.4692
730.969 120.395 8.60665 -0.924246 18.7761
554.677 438.581 10.0123 1.47079 12.3745
490.179 576.176 9.42026 1.91729 19.0225
451.481 176.293 10.8682 -0.744969 16.6619
378.384 193.492 10.9315 -0.225423 18.0161
636.373 279.488 9.48242 -0.616064 13.2463
273.468 123.835 10.3814 0.0267085 20.5694
959.719 263.149 7.8604 0.293333 21.5351
970.039 237.35 7.85847 0.210617 21.5657
949.4 221.871 7.94392 0.180726 21.6097
1011.32 278.628 7.78709 0.345442 21.751
1078.39 103.196 7.79601 -0.0462904 21.9717
201.231 144.474 10.2729 0.298369 21.1735
319.906 268.309 10.5082 0.484443 19.5246
330.226 227.03 10.5547 0.250876 19.4437
309.587 247.67 10.8098 0.335009 19.0782
340.546 294.108 10.4336 0.592322 19.3569
980.359 149.634 7.89446 -0.0419479 21.5882
954.56 103.196 7.95001 -0.176949 21.4835
170.273 438.581 10.1476 1.25505 21.1685
665.612 340.546 8.72408 0.347054 18.2184
660.452 304.427 8.88857 0.0257254 17.109
835.885 335.386 8.15013 0.50399 21.2462
356.025 206.391 10.8226 -0.0511557 18.5319
314.747 170.273 10.4807 0.0916412 19.9377
712.05 283.788 8.52053 0.0308022 18.8169
268.309 350.865 10.2991 0.946002 20.3059
644.973 469.54 8.64062 1.227 18.7744
660.452 438.581 8.66628 0.985882 18.5612
237.35 454.061 10.3126 1.37848 20.3818
541.777 263.149 10.1112 -0.357659 15.5091
985.518 366.345 7.83681 0.55362 21.814
1124.83 495.339 7.65171 0.812436 22.2251
959.719 598.535 7.74911 1.18217 21.7213
1104.19 521.138 7.66804 0.885916 22.1626
825.565 577.896 8.10991 1.14332 21.8587
1150.63 180.592 7.72912 0.21774 22.2673
1176.43 108.355 7.73919 0.0963806 22.3519
1021.64 314.747 7.74845 0.427225 21.7565
758.488 185.752 8.3828 -0.61832 18.5117
727.529 118.675 8.57564 -0.881281 18.8593
851.364 118.675 8.10939 -0.443208 20.51
139.314 381.824 10.1329 1.07228 21.4377
485.02 149.634 10.5299 -0.984974 16.98
577.896 165.113 9.95028 -1.24314 15.8265
526.298 180.592 10.2491 -0.828236 16.7707
562.416 139.314 10.1229 -1.32564 16.1328
438.581 268.309 11.6674 -0.253624 14.0158
634.653 278.628 9.37622 -0.524221 14.2185
154.793 335.386 10.113 0.93611 21.4501
113.515 237.35 10.1005 0.691 21.7443
260.053 241.478 10.5607 0.456919 20.0443
340.546 291.012 10.4693 0.540258 19.3915
513.914 123.835 10.5144 -1.29669 16.4232
990.678 340.546 7.84611 0.523063 21.8408
1027.83 315.779 7.74671 0.439814 21.7257
359.121 445.805 10.9162 1.67768 17.0458
433.422 334.354 10.5497 0.6461 17.3262
612.982 334.354 9.33622 0.199142 15.5845
315.779 167.177 11.1012 -0.175429 18.7027
544.873 247.67 10.5807 -0.979919 12.5207
928.761 377.696 8.01071 0.64965 21.9042
1139.28 433.422 7.66948 0.681409 22.2668
1139.28 390.08 7.65136 0.613374 22.1881
959.719 594.407 7.78862 1.1468 21.7309
1108.32 513.914 7.68761 0.838378 22.2369
650.133 557.256 8.59173 1.63233 19.0958
842.076 495.339 8.13619 0.953138 21.9131
1151.66 179.56 7.73096 0.214152 22.2513
1114.51 291.012 7.63779 0.369369 22.0053
656.324 204.327 9.12906 -0.942629 16.3549
724.433 117.643 8.6698 -0.968081 18.5631
879.227 210.519 8.05438 0.053185 21.0638
854.46 117.643 8.11697 -0.384956 20.7436
897.802 297.203 8.03358 0.451942 21.5882
903.994 260.053 8.04527 0.322731 21.612
402.463 433.422 10.8091 1.48205 16.5464
538.681 427.23 8.99821 1.00706 21.1283
136.218 476.764 10.1227 1.36918 21.344
130.027 569.64 10.0886 1.64869 21.3514
371.504 185.752 10.8576 -0.187816 18.2072
606.79 198.136 9.53302 -0.820837 16.6802
464.38 297.203 9.98094 0.420451 18.7386
377.696 260.053 10.8617 0.201682 17.8761
117.643 210.519 10.1122 0.627119 21.7502
282.343 326.924 10.5876 0.744638 19.5391
371.504 185.752 11.2503 -0.44623 17.2872
661.278 289.773 8.81602 -0.0515676 17.8243
698.428 245.193 8.55044 0.132891 20.4752
668.708 245.193 8.86042 -0.440545 17.176
653.848 475.526 8.63822 1.22286 18.8598
661.278 341.784 8.71358 0.378776 18.5319
988.202 364.074 7.79706 0.565282 21.683
1077.36 527.536 7.68557 0.923123 22.1751
839.6 438.375 8.15136 0.805714 21.8939
646.418 549.826 8.59769 1.66503 18.7879
824.74 490.386 8.16304 0.949425 21.8486
988.202 156.032 7.89236 -0.0352357 21.5976
943.621 178.322 7.95832 0.0700363 21.5483
1129.37 185.752 7.72354 0.204438 22.2265
958.481 260.053 7.87792 0.283656 21.5399
586.977 430.945 8.80472 0.992949 21.0521
534.966 423.515 10.6594 1.46948 10.5818
505.246 222.903 10.6947 -0.546496 15.0458
430.945 170.892 11.0335 -0.747938 16.7499
564.687 141.172 10.034 -1.32148 16.3674
624.127 297.203 9.09272 0.0568082 17.6558
237.763 156.032 10.3909 0.216551 20.7309
141.172 156.032 10.1087 0.453999 21.7394
319.494 267.483 10.4939 0.482967 19.6119
980.771 205.07 7.89103 0.109887 21.6533
1007.52 285.315 7.7868 0.383743 21.7656
365.56 294.231 11.1735 0.431851 16.9596
338.812 294.231 10.4208 0.578819 19.4302
668.708 285.315 8.92695 -0.229109 16.6569
677.624 258.567 8.88021 -0.517919 16.8602
900.527 303.148 8.03755 0.420589 21.607
989.688 365.56 7.78594 0.560972 21.6545
1007.52 490.386 7.76875 0.894416 21.9728
1069.93 526.05 7.68356 0.923267 22.1526
677.624 445.805 8.55605 0.993693 19.0411
847.03 410.141 8.15177 0.746487 21.7813
829.198 490.386 8.11773 0.949904 21.8481
945.107 178.322 7.96707 0.0763665 21.5296
971.855 338.812 7.95092 0.54508 22.0259
1025.35 320.98 7.75243 0.448366 21.7425
1096.68 258.567 7.73057 0.336625 22.0892
1025.35 258.567 7.76839 0.270692 21.7168
677.624 240.735 8.85972 -0.551365 17.1272
793.533 205.07 8.26141 -0.0452876 20.4952
748.953 338.812 8.21475 0.282881 18.3019
624.127 374.476 9.27713 0.539985 14.6827
499.302 240.735 9.52818 0.196249 20.1352
499.302 169.406 10.3132 -0.742825 17.3347
427.973 169.406 11.1098 -0.774711 16.5516
561.715 249.651 10.5938 -0.936855 12.8471
534.966 196.154 10.3583 -0.894247 15.7851
526.05 258.567 10.8206 -0.559485 12.5072
329.896 222.903 10.543 0.235821 19.5613
499.302 490.386 10.816 2.30688 11.8849
