29 500 -1.99474 1.20752 21.8046
49 597 -1.82152 1.49317 21.4155
162 424 -1.80916 1.04161 21.1057
951 433 -3.85396 0.735795 21.6588
137 454 -1.83375 1.12642 21.217
899 266 -3.75974 0.305452 21.3293
802 673 -3.73784 1.41794 20.9305
928 251 -3.75737 0.346451 21.6532
21 438 -1.96369 1.08755 21.8281
180 428 -1.79215 1.05258 20.975
667 274 -2.97757 -0.267057 18.2298
389 341 -1.18594 0.398513 17.7304
569 224 -1.97567 -0.950035 16.369
219 597 -1.666 1.67156 20.2359
26 663 -2.00311 1.56332 21.6955
1036 163 -3.83925 0.264064 22.0234
1107 543 -3.95228 0.910502 22.2187
879.6 289.2 -3.71916 0.374168 21.3345
980.4 468 -3.87403 0.808813 21.8193
706.8 248.4 -3.2107 -0.276067 18.9349
680.4 480 -3.27677 0.95092 18.9008
844.8 177.6 -3.62222 -0.00878451 21.0603
866.4 164.4 -3.65262 0.0134964 21.231
721.2 381.6 -3.38189 0.510636 19.8102
942 487.2 -3.85856 0.846724 21.6421
918 468 -3.80672 0.814641 21.6103
213.6 462 -1.73064 1.16248 20.6146
696 584.4 -3.42519 1.34749 19.9172
865.2 192 -3.6574 0.097521 21.2442
877.2 259.2 -3.70878 0.285121 21.2956
960 212.4 -3.79318 0.279509 21.7372
1053.6 90 -3.85022 0.120015 22.0253
759.6 226.8 -3.42818 -0.0429594 20.3096
156 213.6 -1.95895 0.537204 21.57
163.2 194.4 -1.95514 0.481257 21.5559
1052.4 696 -3.96053 1.16791 22.0662
732 504 -3.51611 1.00542 19.9228
1046.4 132 -3.83837 0.226063 22.0676
350.4 451.2 -1.25582 1.14638 18.1645
692.4 392.4 -3.2801 0.60562 20.0136
967.2 306 -3.83 0.475171 21.7316
787.2 555.6 -3.64124 1.09927 20.9363
350.4 232.8 -1.06239 -0.15095 18.4275
676.8 271.2 -3.05482 -0.224435 18.5545
254.4 344.4 -1.64865 0.730172 20.3735
164.4 237.6 -1.97408 0.58246 21.5398
136.8 232.8 -1.90653 0.584834 21.5511
386.4 348 -1.2814 0.478111 18.0273
712.8 344.4 -3.32614 0.375901 19.9403
728.4 309.6 -3.37246 0.229693 20.0047
745.2 288 -3.42046 0.167597 20.1835
901.2 434.4 -3.77477 0.744715 21.5561
874.8 434.4 -3.74101 0.751208 21.4546
625.2 526.8 -2.94473 1.34503 17.351
344.4 290.4 -1.01835 0.173172 18.2317
192 220.8 -2.02375 0.528208 21.5301
68.4 303.6 -1.90138 0.791692 21.7082
138 141.6 -1.92474 0.383258 21.6589
496.8 177.6 -0.95438 -1.60479 15.1837
230.4 560.4 -1.7354 1.5174 20.3608
237.6 634.8 -1.65171 1.85826 19.9829
601.2 696 -3.12686 1.82963 19.9587
934.8 255.6 -3.75995 0.369605 21.7158
944.4 211.2 -3.77786 0.255138 21.6761
865.2 295.2 -3.69772 0.377299 21.2837
714 169.2 -3.17256 -0.689309 19.0091
771.6 148.8 -3.42044 -0.399927 20.1613
836.4 561.6 -3.77892 1.08648 20.9694
811.2 686.4 -3.75635 1.43779 20.975
716.4 694.8 -3.58039 1.79696 19.6901
872.4 465.6 -3.75837 0.82212 21.3937
1114.8 687.6 -3.98564 1.11591 22.2151
1076.4 666 -3.9697 1.10872 22.1144
1058.4 652.8 -3.96027 1.09998 22.0696
1002 496.8 -3.88863 0.854848 21.9246
161.28 423.36 -1.80617 1.04844 21.0887
146.88 423.36 -1.81441 1.04789 21.1717
617.76 528.48 -2.86375 1.40365 16.8905
679.68 479.52 -3.28156 0.944988 18.9257
684 457.92 -3.28737 0.84973 19.2048
685.44 437.76 -3.27647 0.75797 19.5402
112.32 184.32 -1.87084 0.491484 21.6323
128.16 125.28 -1.80543 0.313089 21.5296
367.2 496.8 -0.850443 1.53146 16.5405
345.6 498.24 -1.14874 1.46137 17.796
875.52 433.44 -3.74391 0.746911 21.4458
982.08 247.68 -3.82955 0.36649 21.796
967.68 241.92 -3.79597 0.363643 21.8238
155.52 38.88 -1.82544 0.0902508 21.5492
358.56 345.6 -1.01936 0.468985 17.8021
591.84 518.4 -2.50548 1.46159 15.3978
332.64 198.72 -0.9082 -0.334713 18.4058
344.16 429.12 -1.15661 1.01424 18.1235
361.44 419.04 -1.13258 0.944003 17.7723
864 192.96 -3.65853 0.0985026 21.2312
357.12 252 -1.20154 -0.0112073 18.63
591.84 465.12 -2.35969 0.988981 14.7832
712.8 342.72 -3.32688 0.377532 19.9851
361.44 302.4 -0.970655 0.174422 17.7755
344.16 290.88 -1.03329 0.172628 18.2766
632.16 413.28 -2.87489 0.577849 17.5832
629.28 486.72 -2.97562 1.06246 17.8993
607.68 505.44 -2.71224 1.28648 16.3129
668.16 319.68 -3.02428 0.00526119 18.1797
640.8 332.64 -2.82213 0.0054704 17.4265
653.76 362.88 -2.96863 0.25986 17.9341
188.64 277.92 -2.01882 0.660966 21.4757
63.36 214.56 -2.02368 0.637086 21.9505
69.12 303.84 -1.82658 0.781105 21.599
169.92 342.72 -2.02336 0.830688 21.4915
198.72 44.64 -1.74392 -0.0308434 21.2541
288 133.92 -1.46284 -0.163498 20.1379
97.92 175.68 -1.88244 0.488889 21.6972
162.72 142.56 -1.91727 0.350119 21.5527
552.96 293.76 -1.72633 -0.555698 15.2331
573.12 296.64 -1.8422 -0.627441 14.6927
413.28 260.64 -0.370272 -0.622785 15.3264
459.36 216 -1.01171 -0.882572 16.3004
433.44 213.12 -0.718904 -0.934562 16.0512
371.52 93.6 -1.22117 -0.835026 18.9151
442.08 102.24 -1.59279 -0.898446 18.8264
351.36 185.76 -1.05307 -0.417878 18.5163
230.4 560.16 -1.72062 1.5222 20.327
198.72 570.24 -1.79197 1.5172 20.6637
263.52 612 -1.56108 1.8584 19.5718
236.16 659.52 -1.7685 1.90038 20.1991
48.96 596.16 -1.82163 1.49373 21.4154
84.96 443.52 -1.85582 1.10448 21.4716
80.64 365.76 -1.91807 0.920611 21.6326
123.84 371.52 -1.96454 0.919678 21.5635
856.8 240.48 -3.66591 0.222208 21.2115
682.56 266.4 -3.0698 -0.282674 18.4038
695.52 227.52 -3.1173 -0.452901 18.6615
864 125.28 -3.63978 -0.13254 21.1362
924.48 125.28 -3.73533 0.00113916 21.5191
681.12 90.72 -2.94006 -1.04215 19.1305
1182.24 286.56 -3.84794 0.608091 22.5554
1127.52 77.76 -3.89471 0.1871 22.2282
1160.64 56.16 -3.89858 0.201775 22.3311
992.16 164.16 -3.80633 0.225109 21.8852
1036.8 161.28 -3.84344 0.257953 22.0098
822.24 578.88 -3.75851 1.14591 20.8896
862.56 662.4 -3.80889 1.28544 21.3605
810.72 686.88 -3.75607 1.4364 20.9785
856.8 646.56 -3.80499 1.26145 21.2678
694.08 583.2 -3.41883 1.36026 19.7435
665.28 622.08 -3.32233 1.67488 18.8521
766.08 686.88 -3.68107 1.53981 20.6313
747.36 632.16 -3.59278 1.39146 20.5358
817.92 432 -3.6714 0.730173 20.9785
928.8 442.08 -3.80663 0.763271 21.6633
888.48 377.28 -3.74748 0.612005 21.504
941.76 486.72 -3.85714 0.850033 21.6416
874.08 466.56 -3.75771 0.819157 21.3928
1110.24 658.08 -3.97108 1.07598 22.2246
1082.88 541.44 -3.93673 0.91449 22.1687
1044 688.32 -3.95939 1.16155 22.0362
1105.92 446.4 -3.94202 0.767306 22.1973
951.84 433.44 -3.85555 0.734302 21.655
954.72 372.96 -3.8379 0.60821 21.6752
976.32 491.04 -3.87286 0.849872 21.8315
1101.6 442.08 -3.93882 0.76116 22.1942
879.84 588.96 -3.93144 1.14481 20.8583
493.92 84.96 -1.55628 -1.44686 17.8834
748.224 412.992 -3.49512 0.665601 20.3948
730.944 675.648 -3.59166 1.60448 20.1956
864 126.144 -3.64931 -0.132464 21.1372
667.008 274.752 -2.9752 -0.29304 18.1009
672.192 250.56 -2.98681 -0.41245 18.247
718.848 222.912 -3.25275 -0.410683 18.9949
756.864 319.68 -3.47941 0.286298 20.217
343.872 430.272 -1.21836 1.02029 18.2831
724.032 311.04 -3.3455 0.194925 19.7609
770.688 317.952 -3.51972 0.309059 20.3678
762.048 290.304 -3.47297 0.185453 20.2608
969.408 283.392 -3.81177 0.44354 21.7966
983.232 222.912 -3.82223 0.322198 21.8173
950.4 226.368 -3.77555 0.31376 21.738
369.792 233.28 -1.20793 -0.156188 18.5156
333.504 198.72 -0.958117 -0.315004 18.5207
649.728 307.584 -2.87735 -0.17863 17.5627
1083.46 55.296 -3.87815 0.0860612 22.0765
713.664 342.144 -3.33002 0.38317 20.0513
179.712 266.112 -2.01552 0.642726 21.519
407.808 298.944 -0.340906 -0.272798 15.16
319.68 247.104 -1.05202 0.0208237 18.7436
756.864 250.56 -3.43189 0.0337938 20.2504
323.136 321.408 -1.01479 0.408744 18.4157
725.76 255.744 -3.31245 -0.0439748 19.76
646.272 400.896 -2.97725 0.522504 18.0584
609.984 362.88 -2.50782 0.112912 16.2242
641.088 355.968 -2.86262 0.18351 17.5759
667.008 319.68 -3.02428 0.00526119 18.1797
355.968 311.04 -1.02555 0.262903 17.993
343.872 290.304 -0.989613 0.156408 18.1755
157.248 212.544 -1.92426 0.530071 21.5205
169.344 342.144 -2.01834 0.825812 21.4881
150.336 300.672 -2.00969 0.740102 21.5871
198.72 44.928 -1.65284 -0.0870004 21.1331
200.448 157.248 -1.97501 0.354065 21.4753
323.136 177.984 -0.998771 -0.362259 18.787
286.848 134.784 -1.45935 -0.160763 20.1336
96.768 174.528 -1.88399 0.491193 21.7029
95.04 145.152 -1.87834 0.426993 21.7149
117.504 155.52 -1.81713 0.406307 21.5561
138.24 143.424 -1.90374 0.371823 21.6171
609.984 222.912 -2.3003 -1.04126 16.3176
568.512 226.368 -1.96288 -0.961017 16.2834
618.624 300.672 -2.39254 -0.570926 15.3751
355.968 266.112 -0.957929 -0.030526 17.9782
457.92 269.568 -0.150139 -1.00618 13.2113
440.64 98.496 -1.62277 -0.867798 18.9318
418.176 58.752 -1.1842 -1.3528 18.2973
298.944 580.608 -1.52405 1.77383 19.184
262.656 611.712 -1.6307 1.81885 19.7465
58.752 537.408 -2.00398 1.29304 21.6872
177.984 540.864 -1.76978 1.40957 20.8019
160.704 423.36 -1.8401 1.04854 21.1594
625.536 527.04 -2.92972 1.3609 17.1688
438.912 646.272 -2.27313 1.92745 19.2158
827.712 252.288 -3.62079 0.19349 20.9459
865.728 293.76 -3.6989 0.370733 21.2621
927.936 285.12 -3.76852 0.418699 21.6507
682.56 267.84 -3.06047 -0.30526 18.2748
696.384 226.368 -3.126 -0.421538 18.798
675.648 235.008 -3.00431 -0.469184 18.4099
770.688 228.096 -3.46498 -0.0796903 20.1787
905.472 98.496 -3.70432 -0.115572 21.3886
864 193.536 -3.65732 0.100644 21.2439
772.416 146.88 -3.42121 -0.397001 20.1955
1183.68 286.848 -3.84511 0.609966 22.5572
967.68 241.92 -3.80423 0.351893 21.7766
1043.71 290.304 -3.88598 0.488782 22.0194
1130.11 76.032 -3.89893 0.179722 22.2139
1135.3 120.96 -3.90989 0.265673 22.2476
959.04 53.568 -3.7816 -0.159056 21.5839
1036.8 160.704 -3.84521 0.256077 22.0066
838.08 596.16 -3.79985 1.18261 20.924
822.528 578.88 -3.75084 1.14058 20.9565
864 663.552 -3.81242 1.28744 21.3375
794.88 641.088 -3.70635 1.33375 20.9014
717.12 604.8 -3.50807 1.38747 20.0484
713.664 648 -3.5278 1.55635 20.0101
746.496 632.448 -3.59015 1.37808 20.6488
876.096 433.728 -3.74522 0.745977 21.4259
755.136 409.536 -3.513 0.66144 20.5207
725.76 374.976 -3.40045 0.491133 19.9293
673.92 506.304 -3.27317 1.09012 19.0253
1109.38 658.368 -3.96988 1.07546 22.2248
1083.46 542.592 -3.93816 0.913322 22.1682
1071.36 654.912 -3.97418 1.09461 22.0841
1073.09 618.624 -3.97403 1.04474 22.0721
1166.4 364.608 -3.83806 0.700657 22.5531
953.856 373.248 -3.83036 0.613714 21.7224
1010.88 461.376 -3.9296 0.781765 21.8204
979.776 468.288 -3.87475 0.801782 21.8227
1088.64 492.48 -3.9337 0.838215 22.1741
1097.28 457.92 -3.927 0.786588 22.2095
495.936 177.984 -0.969675 -1.59329 15.2234
492.48 82.944 -1.38554 -1.66224 17.2915
1011.92 82.944 -3.82135 0.0519064 21.8783
362.88 383.616 -1.20762 0.733742 18.0945
342.144 391.91 -1.11004 0.792951 18.1708
632.448 518.4 -3.00336 1.27448 17.5927
673.92 541.21 -3.30589 1.2584 19.0794
713.318 323.482 -3.31508 0.301086 19.9491
707.098 373.248 -3.3264 0.506859 19.9901
423.014 468.634 0.0570541 1.4419 12.2182
694.656 288.23 -3.16741 -0.0772733 18.7506
734.055 325.555 -3.39999 0.292751 20.0141
773.453 549.504 -3.62302 1.08779 20.8219
754.791 524.621 -3.58679 1.05013 20.2237
649.037 483.149 -3.10334 1.01505 18.2614
360.806 302.746 -1.15991 0.232764 18.2963
356.659 344.218 -1.06397 0.478995 17.9502
346.291 329.702 -0.983605 0.388563 17.9832
640.742 354.586 -2.83907 0.141759 17.3664
595.123 398.131 -2.44141 0.414513 16.1128
74.6496 242.611 -1.89308 0.655633 21.7359
62.208 213.581 -2.02294 0.635098 21.9523
157.594 211.507 -1.92383 0.52683 21.5237
136.858 230.17 -1.96395 0.595291 21.6336
97.4592 358.733 -1.89408 0.900078 21.55
68.4288 302.746 -1.89247 0.790898 21.6904
199.066 45.6192 -1.72885 -0.04073 21.2231
201.139 188.698 -2.00072 0.437611 21.4946
184.55 130.637 -1.95552 0.31286 21.5414
138.931 64.2816 -1.8491 0.189934 21.6114
97.4592 176.256 -1.88907 0.49155 21.7058
161.741 194.918 -2.00421 0.49767 21.6501
161.741 141.005 -1.92728 0.349133 21.5677
607.565 221.875 -2.29148 -1.02457 16.4059
367.027 267.494 -1.02866 -0.0256012 18.0013
375.322 196.992 -1.05643 -0.477418 18.1073
470.707 269.568 -0.422387 -0.955007 13.5912
433.382 211.507 -0.677698 -0.977063 15.8905
404.352 93.312 -1.30751 -0.987823 18.6421
416.794 55.9872 -1.03882 -1.51615 17.9233
201.139 570.24 -1.80991 1.51882 20.6916
290.304 545.357 -1.3532 1.64965 18.9524
234.317 659.405 -1.81059 1.87993 20.3116
182.477 584.755 -1.78914 1.55024 20.7428
124.416 617.933 -1.9179 1.54275 21.2445
228.096 364.954 -1.80884 0.840677 20.8348
138.931 369.101 -1.91967 0.913179 21.4331
85.0176 443.75 -1.85535 1.10718 21.4714
514.253 559.872 -2.08048 1.808 16.5749
617.933 528.768 -2.8923 1.37912 17.2752
375.322 526.694 -0.85329 1.78739 16.2244
462.413 557.798 -2.08674 1.63472 18.2389
356.659 640.742 -1.90739 1.96912 19.2645
387.763 369.101 -1.06918 0.541746 17.3519
827.367 250.906 -3.61855 0.185395 20.9307
928.973 248.832 -3.75827 0.345538 21.6528
941.415 213.581 -3.774 0.263794 21.6696
883.354 337.997 -3.75284 0.470943 21.2661
926.899 284.083 -3.76639 0.427279 21.6661
675.994 234.317 -2.98511 -0.521334 18.1835
665.626 319.334 -3.02504 0.0146319 18.2378
723.687 308.966 -3.34352 0.180508 19.6949
870.912 194.918 -3.66456 0.122879 21.3437
715.392 111.974 -3.11525 -1.0939 18.7344
713.318 170.035 -3.16622 -0.691465 18.9465
771.379 145.152 -3.42121 -0.397001 20.1955
951.783 323.482 -3.81205 0.517015 21.7245
966.298 284.083 -3.80947 0.445702 21.8141
1045.09 288.23 -3.8711 0.501653 22.0702
1136.33 118.195 -3.90967 0.265909 22.2494
962.151 107.827 -3.84789 -0.12681 21.3659
993.255 58.0608 -3.79482 -0.0207824 21.8416
1036.8 159.667 -3.84641 0.251062 21.9949
837.734 595.123 -3.79428 1.17934 21.0076
835.661 559.872 -3.77822 1.0833 20.965
862.618 661.479 -3.80784 1.28332 21.3762
763.085 586.829 -3.62012 1.22972 20.664
717.466 603.418 -3.51046 1.38208 20.0416
738.202 524.621 -3.53851 1.07232 20.0377
665.626 620.006 -3.32611 1.65374 18.9893
787.968 667.699 -3.70871 1.41557 20.874
731.981 673.92 -3.59285 1.5812 20.3163
864.691 420.941 -3.73329 0.709121 21.3347
926.899 441.677 -3.80064 0.762059 21.6873
941.415 379.469 -3.82662 0.620052 21.6366
887.501 377.395 -3.76653 0.59651 21.3349
922.752 470.707 -3.81436 0.822403 21.6361
872.986 464.486 -3.7991 0.800434 21.1227
748.57 412.646 -3.50545 0.63046 19.9592
725.76 369.101 -3.40355 0.469421 19.9965
1113.52 595.123 -3.96285 0.98817 22.229
1065.83 605.491 -3.97463 1.02191 22.0409
1163.29 364.954 -3.84076 0.698546 22.5518
1105.23 445.824 -3.94321 0.761413 22.1944
1009.84 460.339 -3.91983 0.785275 21.8606
978.739 466.56 -3.88362 0.796108 21.7634
607.15 502.641 -2.66717 1.27399 15.9785
699.218 385.69 -3.30924 0.56941 20.1054
669.358 358.318 -3.07096 0.246191 18.2057
634.522 330.947 -2.75786 -0.0187106 17.2367
637.01 82.1146 -2.69642 -1.05126 19.101
711.66 171.694 -3.16939 -0.676749 19.0259
1189.42 661.893 -4.01305 1.04772 22.3384
440.433 99.5328 -1.57765 -0.917312 18.8024
418.038 54.743 -1.23458 -1.3187 18.4749
980.398 427.991 -3.91395 0.712141 21.6506
574.802 607.15 -2.83472 1.7547 18.589
405.596 92.0679 -1.41256 -0.876191 18.928
903.26 99.5328 -3.71037 -0.130195 21.3517
62.208 109.486 -1.83988 0.384541 21.7856
388.178 637.01 -1.95995 1.99106 18.9348
1114.77 241.367 -3.90575 0.460943 22.2371
189.112 666.87 -1.8145 1.83372 20.6231
923.167 442.921 -3.79753 0.762652 21.675
607.15 221.461 -2.22818 -1.10338 16.085
567.337 226.437 -1.93933 -0.968769 16.1643
863.447 420.526 -3.73171 0.708706 21.3536
1067.49 651.94 -3.96248 1.09299 22.0807
1065 604.662 -3.97264 1.02438 22.0408
659.405 87.0912 -2.8314 -1.02867 19.1246
1087.4 490.199 -3.93434 0.839141 22.1677
1134.67 116.951 -3.90982 0.264667 22.2473
1129.7 72.1613 -3.88885 0.195022 22.2641
803.727 534.989 -3.70042 1.04876 20.793
771.379 144.323 -3.42014 -0.409497 20.1878
798.751 47.2781 -3.49265 -1.14566 19.5628
975.422 490.199 -3.87163 0.851452 21.8302
109.486 253.809 -1.95311 0.66165 21.6894
74.6496 243.855 -1.86758 0.652952 21.6954
59.7197 211.507 -2.00576 0.629043 21.9343
860.959 659.405 -3.84146 1.30758 21.1416
933.12 383.201 -3.82389 0.618196 21.5955
233.902 659.405 -1.81059 1.87993 20.3116
990.352 164.229 -3.8002 0.222456 21.8636
970.445 199.066 -3.80074 0.265387 21.7866
291.133 544.942 -1.31118 1.6761 18.8229
783.821 669.358 -3.70866 1.43159 20.7581
928.143 283.669 -3.76187 0.433514 21.7017
97.0445 358.318 -1.94651 0.903752 21.6436
191.601 169.206 -1.96956 0.390684 21.4958
228.925 151.788 -1.89633 0.263175 21.2394
992.84 59.7197 -3.79485 -0.025874 21.8279
955.515 54.743 -3.77889 -0.168038 21.5438
328.458 462.828 -1.1322 1.24434 18.154
791.286 189.112 -3.5174 -0.175375 20.417
97.0445 174.182 -1.88307 0.486653 21.7033
52.2547 161.741 -1.83049 0.498635 21.7597
246.344 395.643 -1.41948 0.926438 19.8998
199.066 47.2781 -1.70441 -0.0535725 21.1817
669.358 502.641 -3.24357 1.07929 18.7535
213.996 462.828 -1.78469 1.15838 20.7198
161.741 194.089 -1.99106 0.492651 21.6293
144.323 191.601 -1.90709 0.483071 21.5501
161.741 141.834 -1.92693 0.348866 21.5672
706.683 248.832 -3.21143 -0.285129 18.8826
666.87 273.715 -2.99965 -0.230076 18.4031
676.823 231.414 -2.98706 -0.514748 18.2383
694.241 579.779 -3.4267 1.33357 20.0186
990.352 243.855 -3.82299 0.379767 21.8756
965.468 241.367 -3.80407 0.349306 21.7657
768.891 316.017 -3.51949 0.319486 20.4438
719.125 283.669 -3.29962 0.0843483 19.7509
383.201 482.734 -0.799914 1.44731 16.1377
360.806 325.97 -1.01551 0.336311 17.7994
385.69 368.271 -1.27264 0.570072 17.9805
704.195 423.014 -3.36448 0.707574 20.0675
674.335 430.479 -3.21622 0.70974 19.06
632.033 316.017 -2.6356 -0.280805 16.3948
686.776 348.365 -3.21301 0.325377 19.363
666.87 318.505 -3.04653 0.0639053 18.5202
594.709 395.643 -2.42712 0.39538 16.0586
490.199 82.1146 -1.60547 -1.38724 18.0386
1167.52 361.304 -3.83873 0.698222 22.553
833.09 555.393 -3.77973 1.08628 20.8682
952.529 322.486 -3.81052 0.510475 21.7196
967.459 283.669 -3.8181 0.434219 21.7578
1107.8 543.449 -3.94954 0.910825 22.2109
874.893 465.814 -3.75715 0.812002 21.3933
1197.38 250.823 -3.84399 0.573588 22.5928
161.243 594.211 -1.83677 1.54375 20.9481
122.425 612.127 -2.91989 1.09624 22.9335
904.753 98.5375 -3.70807 -0.132462 21.3492
862.95 125.411 -3.63957 -0.126648 21.1551
1068.98 650.945 -3.96625 1.09137 22.0755
1066 606.155 -3.97298 1.02092 22.0409
836.076 594.211 -3.79894 1.1874 20.8349
1051.07 197.075 -3.90644 0.284881 21.9272
1122.73 203.047 -3.89819 0.417823 22.2735
191.103 531.505 -1.77493 1.39392 20.7429
636.015 579.281 -3.08521 1.65856 17.6299
624.071 531.505 -2.90262 1.38942 17.0598
815.174 432.968 -3.63398 0.754666 21.239
979.403 489.701 -3.86881 0.849304 21.8371
946.557 444.912 -3.83867 0.761806 21.6594
758.44 179.159 -3.41196 -0.282694 20.0668
713.65 173.187 -3.15933 -0.67414 18.9607
865.936 421.024 -3.73204 0.705235 21.302
232.907 659.903 -1.81059 1.87993 20.3116
928.641 280.683 -3.76603 0.414344 21.6523
125.411 465.814 -1.79813 1.17328 21.2143
256.795 567.337 -1.6628 1.61392 19.975
220.963 522.547 -1.72572 1.38096 20.4705
746.496 627.057 -3.5863 1.38441 20.4943
671.846 462.828 -3.23709 0.873254 18.9935
994.333 59.7197 -3.79448 -0.0181533 21.8283
1080.93 59.7197 -3.86962 0.102815 22.1057
253.809 62.7057 -1.65589 -0.168793 20.8398
791.286 188.117 -3.53038 -0.176391 20.4186
925.655 182.145 -3.73919 0.171935 21.5985
898.781 143.327 -3.69601 0.020021 21.4302
83.6076 128.397 -1.9059 0.414276 21.8024
161.243 95.5515 -1.90613 0.248039 21.5939
137.355 59.7197 -1.8236 0.162675 21.6044
214.991 462.828 -1.7896 1.15745 20.7316
283.669 379.22 -1.74193 0.840233 20.3377
146.313 191.103 -1.98264 0.504039 21.6803
185.131 253.809 -2.0202 0.611454 21.5187
164.229 238.879 -1.97409 0.587758 21.5403
289.641 546.435 -1.42827 1.63743 19.1326
952.529 223.949 -3.78145 0.302406 21.7159
752.468 409.08 -3.50453 0.649577 20.3272
382.206 483.729 -0.907244 1.41234 16.6042
346.374 495.673 -1.22861 1.43628 18.0209
343.388 462.828 -1.14438 1.24803 17.9977
671.846 310.542 -3.05497 -0.0101891 18.4402
755.454 319.5 -3.46635 0.294407 20.1908
391.164 403.108 -0.83343 0.784534 16.4754
319.5 250.823 -1.12146 0.0533807 18.8989
680.805 432.968 -3.23987 0.722724 19.2864
674.833 429.982 -3.2036 0.703036 18.8584
770.384 274.711 -3.48854 0.162967 20.4861
698.72 98.5375 -3.02869 -1.05924 19.0114
373.248 197.075 -1.12538 -0.403307 18.3786
373.248 92.5655 -1.23232 -0.847531 18.9334
435.954 212.005 -0.755904 -0.940513 16.1117
963.876 103.912 -3.85271 -0.129104 21.3666
1186.03 272.322 -3.84447 0.58466 22.5582
164.826 544.644 -1.79705 1.40269 20.9053
161.243 326.07 -2.00816 0.792461 21.5191
623.474 222.157 -2.34953 -1.14731 15.9333
566.143 229.324 -1.85839 -1.04285 15.7695
885.046 379.817 -3.76056 0.608653 21.3763
71.6636 261.572 -1.7466 0.67711 21.5156
100.329 214.991 -1.94772 0.592026 21.75
759.635 179.159 -3.39886 -0.347722 19.9725
802.633 268.739 -3.56397 0.197042 20.7096
928.044 279.488 -3.77594 0.406503 21.6545
885.046 250.823 -3.72594 0.247823 21.265
974.625 487.313 -3.86881 0.849304 21.8371
945.96 508.812 -3.84795 0.894404 21.7523
68.0805 304.57 -1.82881 0.785033 21.5993
885.046 333.236 -3.75185 0.481817 21.2876
182.742 143.327 -2.01116 0.356119 21.6258
225.74 555.393 -1.73677 1.50147 20.3973
326.07 179.159 -0.870139 -0.430231 18.5004
383.4 358.318 -1.0783 0.515711 17.4545
197.075 121.828 -1.88228 0.234083 21.3938
670.055 501.645 -3.25364 1.06787 19.0186
680.805 472.98 -3.28179 0.923168 19.4255
852.797 189.909 -3.63674 0.0721029 21.1754
1024.79 78.83 -3.83618 0.0714054 21.9274
695.137 580.475 -3.41348 1.3501 19.7694
745.302 627.057 -3.5863 1.38441 20.4943
924.461 179.159 -3.73695 0.175574 21.6212
917.294 143.327 -3.72877 0.0246656 21.4247
985.375 168.41 -3.78611 0.249618 21.9485
967.459 136.161 -3.84422 -0.00246628 21.4776
390.567 236.49 -0.870076 -0.415012 17.33
182.742 229.324 -2.06186 0.565086 21.638
748.885 372.651 -3.4678 0.50267 20.2165
723.803 369.068 -3.40217 0.46898 20.0123
713.053 351.152 -3.32608 0.404821 20.0091
752.468 318.903 -3.46015 0.283777 20.1511
988.958 243.656 -3.8349 0.359239 21.8071
587.642 490.896 -2.42866 1.2344 15.2849
634.223 315.32 -2.68426 -0.230791 16.7635
1074.95 548.227 -3.93851 0.924154 22.1258
920.878 440.731 -3.79458 0.763283 21.6728
791.883 494.479 -3.63095 0.925031 20.9108
867.13 623.474 -3.84788 1.22764 21.1178
953.126 322.486 -3.81686 0.502404 21.7061
641.39 82.4132 -2.72107 -1.04655 19.1153
902.962 96.7459 -3.70483 -0.150452 21.3072
476.563 584.059 -1.51983 2.25182 15.126
161.243 594.808 -1.89676 1.52379 21.0668
121.828 612.724 -2.92008 1.09527 22.9334
437.148 100.329 -1.57368 -0.919907 18.8025
619.89 82.4132 -2.63685 -0.985027 19.2709
551.81 275.905 -1.22033 -1.17167 12.8307
125.411 121.828 -1.81465 0.309014 21.5673
163.393 90.2962 -1.92241 0.242348 21.6283
928.761 116.095 -3.72848 0.0165479 21.6004
154.793 425.682 -1.8217 1.0493 21.1442
202.091 477.28 -1.8433 1.19761 20.9108
171.993 481.58 -1.86964 1.20402 21.0948
666.472 554.677 -3.26423 1.35394 18.7292
847.064 154.793 -3.61699 -0.110369 20.9339
262.289 528.878 -1.69766 1.428 20.108
670.772 460.081 -3.23694 0.877362 19.1448
920.161 141.894 -3.7273 0.0472365 21.5067
558.976 352.585 -2.68943 0.490895 19.8162
722.369 554.677 -3.49311 1.20363 20.1531
722.369 515.978 -3.47753 1.07866 20.0717
976.059 184.892 -3.81233 0.239261 21.8154
928.761 176.293 -3.73802 0.168677 21.6226
227.89 275.188 -1.96168 0.610843 21.2211
223.591 236.49 -1.93834 0.498974 21.2278
752.468 408.483 -3.49127 0.653383 20.328
933.06 275.188 -3.77541 0.403517 21.655
954.56 219.291 -3.78151 0.295989 21.706
283.788 378.384 -0.899236 0.76969 18.5792
184.892 141.894 -1.97837 0.350404 21.577
619.174 292.388 -2.42473 -0.603256 15.6297
726.669 300.987 -3.32025 0.0655219 19.1682
722.369 283.788 -3.31724 0.120378 19.9672
709.47 249.389 -3.24663 -0.216697 19.2356
941.66 378.384 -3.80649 0.629935 21.7032
1169.55 460.081 -3.84505 0.803615 22.5716
915.861 468.68 -3.79268 0.818545 21.6083
885.763 378.384 -3.76375 0.601548 21.3391
799.766 632.073 -3.71009 1.32588 20.8869
1040.56 154.793 -3.82959 0.276429 22.1065
782.567 116.095 -3.48939 -0.840511 19.4988
644.973 85.9964 -2.69663 -1.05893 19.0789
855.664 137.594 -3.63461 -0.144068 20.9974
885.763 335.386 -3.74195 0.501885 21.4003
829.865 245.09 -3.61688 0.189598 20.9971
434.282 210.691 -0.62675 -1.02201 15.6603
434.282 98.8958 -1.51056 -0.954568 18.6954
460.081 266.589 -0.820271 -0.70211 15.1872
391.283 507.379 -0.940086 1.64862 16.2496
841.044 325.066 -3.66372 0.441215 21.1431
877.163 464.38 -3.76312 0.812495 21.4111
949.4 479.86 -3.87465 0.847921 21.6453
985.518 459.221 -3.90808 0.77192 21.7237
206.391 376.664 -1.72691 0.868396 20.8226
165.113 557.256 -1.78673 1.42554 20.8925
381.824 356.025 -1.28665 0.558277 18.1154
170.273 263.149 -2.02388 0.642555 21.5768
670.772 500.499 -3.22253 1.05138 19.0196
675.931 433.422 -3.24429 0.727087 19.3653
670.772 464.38 -3.23349 0.889056 19.0045
758.488 485.02 -3.55908 0.900079 20.4213
356.025 325.066 -1.10147 0.33805 18.1343
712.05 350.865 -3.36016 0.430946 20.2817
552.097 299.267 -1.7702 -0.444503 15.453
608.854 490.179 -2.73333 1.11566 16.7513
593.375 474.7 -2.56141 1.01862 16.1681
722.369 283.788 -3.32393 0.101567 19.8804
954.56 510.818 -3.86095 0.883783 21.7711
1088.71 541.777 -3.94214 0.915396 22.1623
794.606 490.179 -3.63216 0.917916 20.9279
882.323 381.824 -3.76757 0.595012 21.3294
696.571 608.854 -3.4464 1.51136 19.3218
717.21 521.138 -3.47541 1.06849 20.1016
799.766 536.617 -3.68214 1.03518 20.8504
1042.28 154.793 -3.84021 0.265069 22.0825
985.518 175.433 -3.79939 0.232793 21.8133
918.441 139.314 -3.72843 0.034746 21.4761
1140.31 108.355 -3.90919 0.264751 22.2506
1057.76 149.634 -3.84774 0.24662 22.0508
706.89 180.592 -3.14643 -0.643746 18.9813
691.411 98.0359 -2.93048 -1.1749 18.6737
877.163 190.912 -3.67068 0.0818865 21.2765
902.962 98.0359 -3.70363 -0.165135 21.2528
882.323 335.386 -3.75525 0.479776 21.3653
624.334 536.617 -2.91494 1.40042 17.1185
98.0359 361.185 -1.93208 0.902462 21.6232
103.196 515.978 -1.9874 1.25946 21.5116
227.03 567.576 -1.81034 1.52968 20.5504
433.422 98.0359 -1.46723 -0.974913 18.6505
459.221 268.309 -0.0785254 -1.09556 12.7663
567.576 232.19 -1.89213 -0.983059 15.9225
144.474 149.634 -1.90188 0.375672 21.61
149.634 304.427 -2.00726 0.762868 21.5986
139.314 242.51 -1.889 0.609831 21.4822
377.696 359.121 -1.04394 0.530715 17.4753
600.599 340.546 -2.57773 0.110707 17.655
674.9 352.929 -3.17671 0.370146 19.445
910.186 464.38 -3.78904 0.81772 21.6134
309.587 377.696 -1.50729 0.816691 19.5499
557.256 297.203 -1.89168 -0.388774 16.0315
594.407 396.271 -2.45362 0.404539 16.2775
978.295 427.23 -3.87975 0.723011 21.7957
284.82 377.696 -1.54056 0.828661 19.8517
390.08 297.203 -1.4823 0.242037 18.8248
749.2 408.655 -3.48986 0.660237 20.4368
718.242 390.08 -3.38408 0.57542 20.373
934.953 377.696 -3.81894 0.614183 21.5964
1120.7 526.298 -3.96058 0.882621 22.2493
1089.75 538.681 -3.92971 0.910221 22.2446
786.351 402.463 -3.60432 0.619758 20.6246
829.693 557.256 -3.7686 1.08245 20.8683
792.543 489.147 -3.6302 0.924318 20.9228
984.486 173.369 -3.80561 0.224898 21.7919
1046.4 148.602 -3.84569 0.248536 22.0276
705.858 179.56 -3.11219 -0.706254 18.6507
674.9 216.711 -2.93094 -0.643013 17.9751
885.419 334.354 -3.74174 0.503175 21.3951
860.652 260.053 -3.69268 0.244321 21.0777
408.655 470.572 -1.68206 1.23962 18.4635
625.366 439.613 -2.93087 0.79004 18.4245
482.956 526.298 -1.73274 1.66777 16.3574
340.546 427.23 -1.27373 1.0313 18.48
303.395 544.873 -1.34797 1.64811 18.7954
371.504 198.136 -1.03491 -0.471262 18.1153
396.271 253.861 -0.516433 -0.528437 16.1575
619.174 284.82 -2.50894 -0.509074 16.2936
551.065 272.436 -1.63436 -0.819326 14.9521
229.094 198.136 -1.9211 0.388656 21.2314
160.985 204.327 -1.90845 0.511552 21.4913
179.56 352.929 -2.02507 0.839087 21.4907
148.602 303.395 -1.94099 0.743987 21.4911
352.929 321.97 -1.06419 0.338616 18.0439
795.019 267.483 -3.57212 0.214086 20.7164
341.784 430.945 -1.19709 0.985357 18.2501
676.138 430.945 -3.22778 0.715853 19.2335
936.191 378.934 -3.83253 0.603732 21.5011
876.75 430.945 -3.74549 0.730691 21.5186
884.18 378.934 -3.75316 0.619134 21.4147
683.568 564.687 -3.37662 1.30547 19.5823
653.848 490.386 -3.06285 1.03737 17.6439
951.051 319.494 -3.82349 0.498369 21.7071
980.771 289.773 -3.84096 0.452414 21.8654
899.04 282.343 -3.76624 0.329283 21.3286
802.449 193.182 -3.53813 0.009372 20.9146
720.718 349.214 -3.38397 0.423824 20.2565
728.148 297.203 -3.31932 0.00245734 18.9917
884.18 334.354 -3.74695 0.48732 21.3659
438.375 364.074 -1.34175 0.448825 17.3603
594.407 468.095 -2.47852 1.03582 15.5569
616.697 572.117 -3.04976 1.61421 18.0716
624.127 534.966 -2.92691 1.41755 17.1564
148.602 423.515 -1.82378 1.04305 21.1705
341.784 416.085 -0.713463 0.950011 16.974
222.903 572.117 -1.70185 1.59568 20.3107
304.634 542.396 -1.35008 1.65959 18.7589
252.623 534.966 -1.68607 1.44598 20.1567
468.095 215.473 -0.756043 -1.15901 15.2207
616.697 222.903 -2.34837 -1.08119 16.4388
572.117 215.473 -1.93355 -1.15765 15.9608
557.256 297.203 -1.46429 -0.75699 13.4759
185.752 141.172 -1.93444 0.316534 21.5128
148.602 148.602 -1.91696 0.379253 21.6297
371.504 200.612 -1.02759 -0.472636 18.0855
148.602 304.634 -1.99307 0.758235 21.6043
163.462 260.053 -2.02043 0.652084 21.5943
364.074 252.623 -0.945463 -0.159268 17.7841
713.288 329.896 -3.2973 0.275598 19.772
802.449 196.154 -3.5242 0.00337981 20.8285
829.198 240.735 -3.61551 0.182477 21.0008
508.218 303.148 -0.903078 -0.786152 13.6795
873.778 258.567 -3.69288 0.260366 21.1285
998.604 463.637 -3.88866 0.792057 21.7961
1096.68 534.966 -3.94148 0.911665 22.1884
1078.85 508.218 -3.92249 0.840486 22.2149
722.204 392.309 -3.40416 0.572127 20.3225
695.456 365.56 -3.28848 0.477751 20.1195
882.694 427.973 -3.65613 0.77604 22.0374
784.617 401.225 -3.58 0.633884 20.7537
793.533 534.966 -3.66185 1.03784 20.6851
793.533 490.386 -3.6386 0.902994 20.799
989.688 249.651 -3.82924 0.365915 21.792
936.191 231.819 -3.75824 0.316098 21.6932
891.61 329.896 -3.74139 0.476364 21.3225
1069.93 276.399 -3.90045 0.468315 22.1345
686.54 249.651 -3.12261 -0.497218 18.2602
677.624 356.644 -3.19273 0.443631 20.0968
775.701 356.644 -3.55457 0.493718 20.906
481.47 526.05 -1.54228 1.70118 15.535
401.225 472.554 -1.68206 1.23962 18.4635
624.127 534.966 -2.8509 1.45148 16.5099
222.903 463.637 -2.11615 1.09514 21.3544
169.406 543.882 -1.85052 1.39904 21.0303
374.476 481.47 -1.6097 1.31773 18.5767
294.231 508.218 -1.6857 1.41206 19.6258
615.211 222.903 -2.37211 -1.07488 16.2957
570.631 240.735 -1.92722 -0.839097 16.2462
392.309 303.148 -1.09749 0.112819 17.7114
561.715 338.812 -1.77142 -0.185693 15.036
624.127 276.399 -2.43797 -0.779643 15.7445
231.819 249.651 -1.96151 0.524671 21.2204
169.406 222.903 -1.90524 0.473978 21.4732
365.56 249.651 -0.920814 -0.206553 17.641
374.476 196.154 -1.2995 -0.30897 18.8754
312.064 303.148 -1.21287 0.420361 19.0778
