810 438 2.12135 -1.5053 22.2698
964 572 1.91586 -0.876501 21.2124
862 344 2.12374 -1.808 21.8298
650.4 501.6 2.088 -1.42123 23.3196
680.4 512.4 2.09123 -1.37083 23.1718
700.8 238.8 2.16235 -2.12132 22.9161
781.2 135.6 2.13516 -2.45802 22.4525
795.6 268.8 2.19078 -2.06355 22.245
704.4 463.2 2.05074 -1.49898 23.1068
876 456 1.98537 -1.42761 22.013
320.4 230.4 1.93442 -2.03187 24.5639
184.8 234 1.93134 -2.01165 24.8258
838.8 352.8 2.14342 -1.77646 22.0014
698.4 309.6 2.04744 -1.92037 23.1372
577.2 432 2.01969 -1.63583 23.7342
636 591.6 1.99162 -1.22879 23.5524
784.8 214.56 2.07984 -2.21621 22.5523
607.68 417.6 2.04083 -1.65788 23.5779
177.12 197.28 1.93646 -2.06525 24.8319
535.68 430.56 2.03008 -1.64959 23.8649
809.28 437.76 2.01794 -1.52958 22.4984
846.72 493.92 2.10925 -1.27981 21.9848
872.64 362.88 1.97718 -1.76177 22.0778
783.36 584.64 2.15114 -1.02497 22.4048
711.36 269.28 2.01746 -2.03123 23.123
681.12 512.64 2.08075 -1.37223 23.1852
946.08 293.76 2.03978 -2.00798 21.1251
846.72 570.24 2.03924 -1.03252 22.1345
802.08 504 2.08753 -1.29652 22.385
419.04 100.8 2.06164 -2.30271 24.1681
781.92 135.36 2.0828 -2.45032 22.5532
874.08 455.04 2.03923 -1.4161 21.8964
843.84 455.04 1.99734 -1.45271 22.2606
892.8 439.2 2.07364 -1.45508 21.6367
963.36 332.64 2.02109 -1.8601 20.9501
977.76 462.24 2.01843 -1.2768 20.7218
444.96 429.12 1.92115 -1.68688 24.3037
237.6 423.36 1.93112 -1.72867 24.7514
838.08 352.8 2.13571 -1.77567 22.0172
766.08 374.4 2.17088 -1.71909 22.4985
626.4 509.76 2.14587 -1.39965 23.3491
635.04 433.44 2.00018 -1.61838 23.5246
324 924.48 1.71821 -0.989471 24.8525
37.44 947.52 1.8202 -1.09956 25.2193
108 704.16 1.868 -1.37011 25.0576
946.08 616.32 1.87017 -0.769298 21.5819
585.792 283.392 1.99438 -1.96782 23.7395
832.896 255.744 1.98394 -2.10423 22.403
793.152 267.84 2.16923 -2.06 22.3116
817.344 228.096 1.96241 -2.18317 22.5687
940.032 525.312 2.11306 -1.02234 20.9849
946.944 293.76 2.05344 -2.00869 21.0911
927.936 286.848 2.07555 -2.03607 21.2761
575.424 784.512 1.85353 -0.91348 24.0137
680.832 513.216 2.14319 -1.35451 23.0787
717.12 501.12 2.15618 -1.35753 22.8561
801.792 502.848 2.09952 -1.29353 22.371
921.024 466.56 1.86397 -1.37786 21.8515
952.128 438.912 2.02931 -1.40149 21.0313
221.184 207.36 1.94138 -2.05791 24.7541
872.64 454.464 2.09713 -1.40589 21.7769
843.264 454.464 2.03048 -1.44713 22.1958
964.224 331.776 2.06999 -1.8509 20.8039
79.488 397.44 1.90685 -1.78461 25.0299
32.832 492.48 1.90799 -1.66834 25.1073
293.76 32.832 2.00039 -2.35302 24.527
321.408 229.824 1.9299 -2.03431 24.5678
838.08 352.512 2.12007 -1.77887 22.0537
850.176 387.072 2.10318 -1.6685 21.9811
808.704 437.184 2.1153 -1.51183 22.3113
739.584 435.456 2.10234 -1.55393 22.7998
846.72 494.208 2.14783 -1.26513 21.9048
663.552 357.696 2.07835 -1.79226 23.2718
648 501.12 2.1799 -1.39996 23.1726
639.36 432 2.17408 -1.58612 23.2318
832.896 190.08 1.98297 -2.3133 22.4013
751.68 216 2.14591 -2.19619 22.6279
900.288 176.256 2.08822 -2.44073 21.5576
539.136 255.744 2.01048 -2.02543 23.872
91.584 993.6 1.73711 -1.05162 25.2158
347.328 654.912 1.88873 -1.32888 24.5979
217.728 654.912 1.91004 -1.38263 24.8353
844.992 570.24 2.00524 -1.05441 22.227
813.888 720.576 1.65921 -0.84122 23.224
981.504 637.632 1.87788 -0.568413 21.062
872.986 454.118 2.03147 -1.42619 21.937
705.024 178.33 2.09703 -2.27133 23.0164
242.611 794.189 1.8634 -1.17031 24.8495
862.618 344.218 2.15493 -1.80482 21.7345
279.936 425.088 1.91344 -1.72627 24.6987
447.898 429.235 1.98518 -1.67522 24.213
234.317 400.205 1.92771 -1.76699 24.7707
238.464 423.014 1.92505 -1.73285 24.7579
470.707 80.8704 2.07381 -2.36315 23.9929
290.304 196.992 1.95895 -2.08714 24.6009
389.837 244.685 1.95833 -2.02103 24.3791
176.256 126.49 1.97427 -2.17292 24.7905
777.6 346.291 2.17092 -1.82064 22.4018
870.912 360.806 2.04274 -1.75535 21.9309
750.643 503.885 2.10216 -1.33965 22.7344
951.783 439.603 2.01231 -1.40688 21.0866
665.626 358.733 2.13181 -1.78622 23.1783
651.11 298.598 1.98069 -1.93738 23.4884
578.534 431.309 2.00767 -1.6383 23.7501
682.214 512.179 2.02986 -1.38514 23.2692
628.301 510.106 2.17623 -1.39144 23.2967
814.925 226.022 2.03974 -2.20322 22.4193
551.578 134.784 2.00225 -2.28119 23.828
537.062 255.053 2.03947 -2.02519 23.8322
638.669 180.403 2.051 -2.22817 23.4027
190.771 870.912 1.8232 -1.11178 24.9813
348.365 655.258 1.90239 -1.32561 24.581
124.416 740.275 1.87154 -1.31195 25.0318
843.955 570.24 2.03673 -1.04075 22.1603
943.488 615.859 1.75765 -0.840043 21.9115
574.387 783.821 1.86664 -0.905535 23.9923
868.424 345.877 2.06578 -1.80917 21.8887
238.879 423.014 1.93653 -1.73029 24.7463
236.39 400.62 1.95883 -1.76089 24.727
169.206 400.62 1.89767 -1.77573 24.9085
121.928 741.519 1.87439 -1.31352 25.0335
97.0445 425.503 1.91669 -1.74528 24.9998
263.762 776.356 1.86132 -1.1916 24.8105
296.11 793.774 1.79056 -1.17045 24.8149
388.178 771.379 1.84533 -1.11458 24.5783
323.482 228.925 1.92556 -2.03414 24.5736
348.365 654.428 1.88788 -1.32757 24.598
179.159 196.577 1.92177 -2.06697 24.8453
574.802 783.821 1.81739 -0.930578 24.0647
574.802 472.781 2.03411 -1.53994 23.726
602.174 311.04 1.9631 -1.91882 23.7327
537.477 311.04 2.00356 -1.90851 23.8865
223.949 79.6263 2.05455 -2.26265 24.6293
923.167 261.274 2.19657 -2.13768 20.9966
943.073 206.531 2.02326 -2.36394 21.2264
898.284 176.671 2.07911 -2.4398 21.5917
681.8 512.594 1.97494 -1.41352 23.344
646.963 500.152 2.1998 -1.39493 23.1523
696.73 358.318 2.03874 -1.79086 23.1824
696.73 308.552 1.99683 -1.92125 23.244
664.382 136.858 2.10097 -2.36463 23.1985
985.375 637.01 1.86165 -0.576379 21.0684
447.898 131.881 1.98533 -2.24562 24.1889
470.293 79.6263 2.08532 -2.36529 23.9789
734.055 236.39 2.06371 -2.12839 22.8838
776.356 345.877 1.96238 -1.81432 22.8396
597.197 179.159 2.04982 -2.22316 23.5896
950.538 437.944 1.99451 -1.41437 21.1364
870.912 452.874 2.02306 -1.43008 21.957
841.052 452.874 2.04475 -1.44674 22.1752
962.98 497.664 2.02798 -1.12951 20.8557
292.626 991.347 1.55223 -1.01722 25.0736
125.411 740.524 1.8763 -1.31363 25.0334
113.467 701.706 1.89212 -1.36715 25.0229
385.192 773.37 1.90016 -1.09143 24.5133
916.697 946.557 1.39824 -0.175232 23.0964
639.001 591.225 1.93457 -1.24964 23.6377
373.248 522.547 1.87578 -1.54214 24.5379
477.758 630.043 1.83969 -1.31574 24.3352
394.15 624.071 1.89254 -1.35358 24.4821
818.16 719.622 1.59121 -0.881846 23.3576
226.935 241.865 1.91018 -2.00323 24.781
755.454 122.425 2.02379 -2.45237 22.8548
746.496 56.7337 1.93831 -2.59096 23.0523
232.907 856.978 1.79715 -1.1142 24.9295
191.103 868.922 1.80373 -1.11507 25.0017
206.033 797.258 1.91373 -1.16842 24.8651
573.309 474.772 2.04505 -1.53567 23.7087
630.043 716.636 1.91677 -0.969847 23.7014
767.398 376.234 2.09225 -1.72613 22.6251
815.174 319.5 2.10774 -1.90255 22.2664
776.356 346.374 1.9655 -1.82289 22.8394
695.734 358.318 2.05261 -1.78971 23.1753
537.477 310.542 2.01365 -1.91086 23.8794
176.173 125.411 1.97395 -2.17317 24.7903
749.482 250.823 1.90911 -2.06999 23.1042
815.174 226.935 2.08725 -2.2019 22.3196
585.253 283.669 1.99021 -1.972 23.7397
749.482 504.631 2.1322 -1.32233 22.666
842.048 453.87 1.9594 -1.47273 22.3765
848.02 385.192 2.09297 -1.66842 22.0192
1463.13 259.781 -0.230029 -2.68799 10.3578
1027.18 152.285 1.87658 -2.65403 20.6042
101.523 644.973 2.00579 -1.41885 24.9504
376.234 523.145 1.87217 -1.54461 24.5433
526.728 612.724 1.94561 -1.27966 24.0517
630.64 791.883 1.72701 -0.896239 23.9882
630.64 641.39 1.98408 -1.10812 23.5768
326.07 229.324 1.92423 -2.0358 24.5722
351.152 652.139 1.89085 -1.3289 24.5925
290.238 641.39 1.82027 -1.39893 24.7855
419.232 175.576 1.91536 -2.1476 24.3534
469.397 78.83 2.122 -2.37378 23.9271
763.218 96.7459 2.15033 -2.55772 22.5575
476.563 627.057 1.83431 -1.31677 24.3484
250.823 186.325 1.98678 -2.09037 24.6418
938.794 616.307 1.86117 -0.791449 21.6485
874.296 619.89 2.01367 -0.815517 21.9379
232.907 852.797 1.7981 -1.11677 24.9256
275.905 795.466 1.8312 -1.16241 24.8103
558.976 85.9964 2.0895 -2.4059 23.6649
888.629 437.148 2.00133 -1.48499 21.8447
447.898 254.406 2.01676 -2.01087 24.1421
845.631 383.4 2.05668 -1.69219 22.1447
773.967 343.985 1.96877 -1.81664 22.8393
752.468 505.229 2.17641 -1.31568 22.5829
734.552 433.565 1.98784 -1.5727 23.0469
748.885 250.823 1.9083 -2.07151 23.1089
813.382 225.74 2.03683 -2.1955 22.4376
748.885 211.408 2.14119 -2.20371 22.6523
533.894 308.154 1.93852 -1.90689 23.9923
920.878 365.485 1.90126 -1.74912 21.7509
584.059 283.071 1.98542 -1.97241 23.7418
1461.94 261.572 -0.132286 -2.69869 10.1975
125.411 738.135 1.86929 -1.31305 25.0294
96.7459 988.958 1.73917 -1.04912 25.2022
85.9964 204.241 1.90632 -2.04146 25.0104
150.494 462.23 1.88078 -1.68781 24.9602
447.898 426.399 1.90082 -1.6923 24.3218
343.985 821.265 1.72013 -1.12992 24.7942
472.98 627.773 1.93642 -1.28477 24.2043
580.475 782.567 1.88031 -0.894963 23.9599
515.978 425.682 2.01193 -1.66099 23.9648
735.269 571.876 2.11171 -1.14685 22.8012
752.468 120.395 2.05484 -2.47092 22.8347
352.585 653.572 1.89913 -1.32669 24.5802
313.887 593.375 1.87609 -1.44899 24.6842
133.294 150.494 1.98259 -2.11937 24.8531
236.49 795.466 1.84604 -1.17079 24.8885
468.68 81.6965 2.16993 -2.38222 23.8685
773.967 343.985 1.99586 -1.83508 22.7906
872.863 619.174 1.91041 -0.88863 22.2286
404.183 322.486 1.92597 -1.88114 24.3823
735.269 322.486 1.94134 -1.88977 23.0808
679.371 348.285 2.4809 -1.77724 22.4495
730.969 434.282 1.89902 -1.60417 23.242
752.468 503.079 2.20342 -1.30229 22.5341
799.766 434.282 1.91566 -1.56155 22.7573
257.989 120.395 2.08805 -2.22644 24.5344
924.461 262.289 2.19231 -2.10751 20.9946
894.362 361.185 2.25497 -1.72582 21.1554
593.375 309.587 1.99166 -1.91623 23.7049
847.064 257.989 2.02123 -2.10363 22.1625
748.168 210.691 2.20259 -2.21214 22.5444
649.273 296.687 2.1691 -1.92056 23.1788
683.671 193.492 1.97965 -2.18526 23.3362
283.788 743.869 1.83992 -1.23237 24.7993
159.093 730.969 1.87225 -1.30847 24.9817
219.291 653.572 1.8579 -1.39705 24.8897
81.6965 202.091 1.90763 -2.04361 25.0076
326.786 227.89 1.91043 -2.0367 24.5824
245.09 421.382 1.9313 -1.72844 24.7429
103.196 421.382 1.91612 -1.74788 24.9858
447.181 425.682 1.96043 -1.68452 24.2365
348.285 382.684 1.94714 -1.77966 24.5061
356.025 650.133 1.8965 -1.32666 24.5807
572.736 696.571 1.964 -1.04215 23.8512
773.967 340.546 1.99677 -1.82797 22.7855
841.044 598.535 1.84786 -1.03112 22.5887
758.488 505.659 2.17078 -1.31044 22.5544
799.766 433.422 2.12961 -1.52118 22.3235
242.51 851.364 1.79114 -1.12007 24.9158
278.628 794.606 1.71986 -1.20841 24.9245
134.154 149.634 1.93258 -2.11972 24.9073
448.901 423.102 1.92108 -1.68815 24.2933
598.535 149.634 2.05275 -2.27352 23.5599
546.937 128.995 2.21247 -2.31761 23.5209
717.21 175.433 2.08211 -2.29461 22.9493
665.612 139.314 2.06274 -2.33878 23.2444
928.761 469.54 1.88845 -1.34605 21.7355
546.937 252.829 2.1135 -2.04133 23.6919
283.788 743.009 1.86688 -1.22484 24.7807
103.196 639.813 1.9692 -1.42841 24.9799
856.524 154.793 2.06152 -2.46667 21.9743
216.711 237.35 1.90446 -2.00567 24.7944
144.474 459.221 1.888 -1.68991 24.9601
237.35 376.664 1.94733 -1.80318 24.7424
376.664 521.138 1.94799 -1.52928 24.4456
350.865 381.824 1.95895 -1.77925 24.488
222.903 792.543 1.85883 -1.18139 24.889
835.885 377.696 2.23718 -1.6749 21.7613
544.873 123.835 1.97385 -2.28307 23.9078
835.885 600.599 1.78057 -1.08044 22.8214
755.392 507.723 2.06976 -1.34772 22.7737
575.832 699.666 1.87408 -1.08495 23.9941
588.215 427.23 1.98872 -1.64384 23.7527
123.835 736.817 1.83348 -1.32253 25.0616
470.572 625.366 1.93696 -1.29204 24.2339
458.189 903.994 1.5894 -0.979406 24.7039
631.557 507.723 2.00815 -1.44298 23.5676
216.711 235.286 1.91201 -2.00305 24.7852
247.67 179.56 1.95385 -2.08768 24.7052
136.218 154.793 1.98366 -2.11937 24.8538
458.189 136.218 1.97742 -2.24722 24.1481
526.298 427.23 1.94683 -1.67166 24.0397
765.299 326.924 2.0167 -1.85316 22.7758
757.869 200.612 2.16997 -2.25247 22.5116
460.665 423.515 1.92758 -1.68947 24.2735
527.536 334.354 2.01977 -1.84836 23.903
750.439 572.117 1.87483 -1.22742 23.2272
572.117 698.428 2.01525 -1.02259 23.7705
586.977 594.407 1.89162 -1.30573 23.9208
230.333 705.858 1.89745 -1.31692 24.8214
156.032 728.148 1.87003 -1.31213 24.9941
356.644 646.418 1.89601 -1.33254 24.5764
222.903 795.019 1.89307 -1.17087 24.8562
683.568 349.214 2.36976 -1.78072 22.648
824.74 482.956 2.07984 -1.34657 22.2407
208.042 230.333 1.88413 -2.01243 24.8211
423.515 170.892 2.07171 -2.17063 24.1444
141.172 460.665 1.94849 -1.69262 24.9163
534.966 356.644 2.04513 -1.85347 23.8514
757.869 508.218 2.17833 -1.30923 22.5771
579.547 704.372 1.84159 -1.09568 24.0369
641.96 579.547 1.91823 -1.29534 23.6617
668.708 740.037 1.78666 -0.908536 23.7798
347.728 650.876 1.93959 -1.33004 24.517
463.637 624.127 1.97091 -1.28393 24.1879
276.399 793.533 1.84574 -1.1754 24.7941
222.903 793.533 1.97368 -1.14685 24.7687
347.728 820.282 1.67696 -1.15461 24.8319
677.624 205.07 2.28316 -2.19805 22.8504
570.631 472.554 1.8835 -1.58161 24.0022
276.399 196.154 1.94889 -2.08851 24.6494
240.735 169.406 2.04224 -2.12809 24.6081
436.889 249.651 2.03588 -2.01514 24.1373
258.567 454.721 1.91739 -1.6992 24.7415
